step,tag,value,run
61344,0-Episodic-Stats/episodic_length,132.0,Pong1PCB2L336P__seed_8_1763344785
64384,0-Episodic-Stats/episodic_length,132.0,Pong1PCB2L336P__seed_8_1763344785
67424,0-Episodic-Stats/episodic_length,132.0,Pong1PCB2L336P__seed_8_1763344785
70464,0-Episodic-Stats/episodic_length,118.42857360839844,Pong1PCB2L336P__seed_8_1763344785
73504,0-Episodic-Stats/episodic_length,100.33333587646484,Pong1PCB2L336P__seed_8_1763344785
76544,0-Episodic-Stats/episodic_length,108.25,Pong1PCB2L336P__seed_8_1763344785
79584,0-Episodic-Stats/episodic_length,155.75,Pong1PCB2L336P__seed_8_1763344785
82624,0-Episodic-Stats/episodic_length,132.0,Pong1PCB2L336P__seed_8_1763344785
85664,0-Episodic-Stats/episodic_length,132.0,Pong1PCB2L336P__seed_8_1763344785
134848,0-Episodic-Stats/episodic_length,132.0,Pong1PCB2L336P__seed_8_1763344785
140928,0-Episodic-Stats/episodic_length,132.0,Pong1PCB2L336P__seed_8_1763344785
143968,0-Episodic-Stats/episodic_length,100.33333587646484,Pong1PCB2L336P__seed_8_1763344785
147008,0-Episodic-Stats/episodic_length,37.0,Pong1PCB2L336P__seed_8_1763344785
150048,0-Episodic-Stats/episodic_length,132.0,Pong1PCB2L336P__seed_8_1763344785
153088,0-Episodic-Stats/episodic_length,84.5,Pong1PCB2L336P__seed_8_1763344785
156128,0-Episodic-Stats/episodic_length,132.0,Pong1PCB2L336P__seed_8_1763344785
159168,0-Episodic-Stats/episodic_length,132.0,Pong1PCB2L336P__seed_8_1763344785
162208,0-Episodic-Stats/episodic_length,132.0,Pong1PCB2L336P__seed_8_1763344785
165248,0-Episodic-Stats/episodic_length,84.5,Pong1PCB2L336P__seed_8_1763344785
168288,0-Episodic-Stats/episodic_length,132.0,Pong1PCB2L336P__seed_8_1763344785
171328,0-Episodic-Stats/episodic_length,37.0,Pong1PCB2L336P__seed_8_1763344785
174368,0-Episodic-Stats/episodic_length,132.0,Pong1PCB2L336P__seed_8_1763344785
177408,0-Episodic-Stats/episodic_length,132.0,Pong1PCB2L336P__seed_8_1763344785
211392,0-Episodic-Stats/episodic_length,132.0,Pong1PCB2L336P__seed_8_1763344785
214432,0-Episodic-Stats/episodic_length,132.0,Pong1PCB2L336P__seed_8_1763344785
217472,0-Episodic-Stats/episodic_length,37.0,Pong1PCB2L336P__seed_8_1763344785
220512,0-Episodic-Stats/episodic_length,163.6666717529297,Pong1PCB2L336P__seed_8_1763344785
223552,0-Episodic-Stats/episodic_length,84.5,Pong1PCB2L336P__seed_8_1763344785
226592,0-Episodic-Stats/episodic_length,132.0,Pong1PCB2L336P__seed_8_1763344785
229632,0-Episodic-Stats/episodic_length,37.0,Pong1PCB2L336P__seed_8_1763344785
235712,0-Episodic-Stats/episodic_length,132.0,Pong1PCB2L336P__seed_8_1763344785
238752,0-Episodic-Stats/episodic_length,100.33333587646484,Pong1PCB2L336P__seed_8_1763344785
241792,0-Episodic-Stats/episodic_length,84.5,Pong1PCB2L336P__seed_8_1763344785
244832,0-Episodic-Stats/episodic_length,108.25,Pong1PCB2L336P__seed_8_1763344785
247872,0-Episodic-Stats/episodic_length,132.0,Pong1PCB2L336P__seed_8_1763344785
250912,0-Episodic-Stats/episodic_length,227.0,Pong1PCB2L336P__seed_8_1763344785
253952,0-Episodic-Stats/episodic_length,195.3333282470703,Pong1PCB2L336P__seed_8_1763344785
256992,0-Episodic-Stats/episodic_length,37.0,Pong1PCB2L336P__seed_8_1763344785
272192,0-Episodic-Stats/episodic_length,37.0,Pong1PCB2L336P__seed_8_1763344785
287936,0-Episodic-Stats/episodic_length,37.0,Pong1PCB2L336P__seed_8_1763344785
290976,0-Episodic-Stats/episodic_length,132.0,Pong1PCB2L336P__seed_8_1763344785
300096,0-Episodic-Stats/episodic_length,132.0,Pong1PCB2L336P__seed_8_1763344785
303136,0-Episodic-Stats/episodic_length,132.0,Pong1PCB2L336P__seed_8_1763344785
306176,0-Episodic-Stats/episodic_length,132.0,Pong1PCB2L336P__seed_8_1763344785
309216,0-Episodic-Stats/episodic_length,132.0,Pong1PCB2L336P__seed_8_1763344785
312256,0-Episodic-Stats/episodic_length,132.0,Pong1PCB2L336P__seed_8_1763344785
315296,0-Episodic-Stats/episodic_length,84.5,Pong1PCB2L336P__seed_8_1763344785
318336,0-Episodic-Stats/episodic_length,108.25,Pong1PCB2L336P__seed_8_1763344785
321376,0-Episodic-Stats/episodic_length,108.25,Pong1PCB2L336P__seed_8_1763344785
327456,0-Episodic-Stats/episodic_length,227.0,Pong1PCB2L336P__seed_8_1763344785
330496,0-Episodic-Stats/episodic_length,132.0,Pong1PCB2L336P__seed_8_1763344785
333536,0-Episodic-Stats/episodic_length,100.33333587646484,Pong1PCB2L336P__seed_8_1763344785
336576,0-Episodic-Stats/episodic_length,84.5,Pong1PCB2L336P__seed_8_1763344785
354816,0-Episodic-Stats/episodic_length,132.0,Pong1PCB2L336P__seed_8_1763344785
364480,0-Episodic-Stats/episodic_length,132.0,Pong1PCB2L336P__seed_8_1763344785
367520,0-Episodic-Stats/episodic_length,37.0,Pong1PCB2L336P__seed_8_1763344785
370016,0-Episodic-Stats/episodic_length,132.0,Pong1PCB2L336P__seed_8_1763344785
373600,0-Episodic-Stats/episodic_length,37.0,Pong1PCB2L336P__seed_8_1763344785
382720,0-Episodic-Stats/episodic_length,132.0,Pong1PCB2L336P__seed_8_1763344785
385760,0-Episodic-Stats/episodic_length,100.33333587646484,Pong1PCB2L336P__seed_8_1763344785
388800,0-Episodic-Stats/episodic_length,132.0,Pong1PCB2L336P__seed_8_1763344785
391840,0-Episodic-Stats/episodic_length,94.0,Pong1PCB2L336P__seed_8_1763344785
394880,0-Episodic-Stats/episodic_length,132.0,Pong1PCB2L336P__seed_8_1763344785
397920,0-Episodic-Stats/episodic_length,37.0,Pong1PCB2L336P__seed_8_1763344785
404000,0-Episodic-Stats/episodic_length,179.5,Pong1PCB2L336P__seed_8_1763344785
407040,0-Episodic-Stats/episodic_length,132.0,Pong1PCB2L336P__seed_8_1763344785
410080,0-Episodic-Stats/episodic_length,132.0,Pong1PCB2L336P__seed_8_1763344785
413120,0-Episodic-Stats/episodic_length,132.0,Pong1PCB2L336P__seed_8_1763344785
416160,0-Episodic-Stats/episodic_length,132.0,Pong1PCB2L336P__seed_8_1763344785
419200,0-Episodic-Stats/episodic_length,37.0,Pong1PCB2L336P__seed_8_1763344785
425280,0-Episodic-Stats/episodic_length,132.0,Pong1PCB2L336P__seed_8_1763344785
437984,0-Episodic-Stats/episodic_length,132.0,Pong1PCB2L336P__seed_8_1763344785
441024,0-Episodic-Stats/episodic_length,84.5,Pong1PCB2L336P__seed_8_1763344785
446560,0-Episodic-Stats/episodic_length,37.0,Pong1PCB2L336P__seed_8_1763344785
447104,0-Episodic-Stats/episodic_length,132.0,Pong1PCB2L336P__seed_8_1763344785
459264,0-Episodic-Stats/episodic_length,132.0,Pong1PCB2L336P__seed_8_1763344785
465344,0-Episodic-Stats/episodic_length,132.0,Pong1PCB2L336P__seed_8_1763344785
468384,0-Episodic-Stats/episodic_length,104.85713958740234,Pong1PCB2L336P__seed_8_1763344785
471424,0-Episodic-Stats/episodic_length,132.0,Pong1PCB2L336P__seed_8_1763344785
477504,0-Episodic-Stats/episodic_length,37.0,Pong1PCB2L336P__seed_8_1763344785
489664,0-Episodic-Stats/episodic_length,132.0,Pong1PCB2L336P__seed_8_1763344785
492704,0-Episodic-Stats/episodic_length,108.25,Pong1PCB2L336P__seed_8_1763344785
495744,0-Episodic-Stats/episodic_length,37.0,Pong1PCB2L336P__seed_8_1763344785
501824,0-Episodic-Stats/episodic_length,37.0,Pong1PCB2L336P__seed_8_1763344785
508448,0-Episodic-Stats/episodic_length,132.0,Pong1PCB2L336P__seed_8_1763344785
511488,0-Episodic-Stats/episodic_length,132.0,Pong1PCB2L336P__seed_8_1763344785
513984,0-Episodic-Stats/episodic_length,37.0,Pong1PCB2L336P__seed_8_1763344785
520608,0-Episodic-Stats/episodic_length,132.0,Pong1PCB2L336P__seed_8_1763344785
523648,0-Episodic-Stats/episodic_length,37.0,Pong1PCB2L336P__seed_8_1763344785
526688,0-Episodic-Stats/episodic_length,132.0,Pong1PCB2L336P__seed_8_1763344785
532768,0-Episodic-Stats/episodic_length,37.0,Pong1PCB2L336P__seed_8_1763344785
535808,0-Episodic-Stats/episodic_length,37.0,Pong1PCB2L336P__seed_8_1763344785
538848,0-Episodic-Stats/episodic_length,37.0,Pong1PCB2L336P__seed_8_1763344785
541888,0-Episodic-Stats/episodic_length,100.33333587646484,Pong1PCB2L336P__seed_8_1763344785
544928,0-Episodic-Stats/episodic_length,84.5,Pong1PCB2L336P__seed_8_1763344785
547968,0-Episodic-Stats/episodic_length,132.0,Pong1PCB2L336P__seed_8_1763344785
551008,0-Episodic-Stats/episodic_length,132.0,Pong1PCB2L336P__seed_8_1763344785
554048,0-Episodic-Stats/episodic_length,132.0,Pong1PCB2L336P__seed_8_1763344785
560128,0-Episodic-Stats/episodic_length,100.33333587646484,Pong1PCB2L336P__seed_8_1763344785
566208,0-Episodic-Stats/episodic_length,132.0,Pong1PCB2L336P__seed_8_1763344785
569248,0-Episodic-Stats/episodic_length,37.0,Pong1PCB2L336P__seed_8_1763344785
572288,0-Episodic-Stats/episodic_length,132.0,Pong1PCB2L336P__seed_8_1763344785
575328,0-Episodic-Stats/episodic_length,100.33333587646484,Pong1PCB2L336P__seed_8_1763344785
578912,0-Episodic-Stats/episodic_length,132.0,Pong1PCB2L336P__seed_8_1763344785
584992,0-Episodic-Stats/episodic_length,132.0,Pong1PCB2L336P__seed_8_1763344785
593568,0-Episodic-Stats/episodic_length,37.0,Pong1PCB2L336P__seed_8_1763344785
603232,0-Episodic-Stats/episodic_length,132.0,Pong1PCB2L336P__seed_8_1763344785
609312,0-Episodic-Stats/episodic_length,84.5,Pong1PCB2L336P__seed_8_1763344785
612352,0-Episodic-Stats/episodic_length,132.0,Pong1PCB2L336P__seed_8_1763344785
615392,0-Episodic-Stats/episodic_length,132.0,Pong1PCB2L336P__seed_8_1763344785
618432,0-Episodic-Stats/episodic_length,155.75,Pong1PCB2L336P__seed_8_1763344785
624512,0-Episodic-Stats/episodic_length,132.0,Pong1PCB2L336P__seed_8_1763344785
627552,0-Episodic-Stats/episodic_length,132.0,Pong1PCB2L336P__seed_8_1763344785
630592,0-Episodic-Stats/episodic_length,108.25,Pong1PCB2L336P__seed_8_1763344785
633632,0-Episodic-Stats/episodic_length,132.0,Pong1PCB2L336P__seed_8_1763344785
636672,0-Episodic-Stats/episodic_length,132.0,Pong1PCB2L336P__seed_8_1763344785
639712,0-Episodic-Stats/episodic_length,132.0,Pong1PCB2L336P__seed_8_1763344785
642752,0-Episodic-Stats/episodic_length,132.0,Pong1PCB2L336P__seed_8_1763344785
648832,0-Episodic-Stats/episodic_length,84.5,Pong1PCB2L336P__seed_8_1763344785
651872,0-Episodic-Stats/episodic_length,132.0,Pong1PCB2L336P__seed_8_1763344785
654912,0-Episodic-Stats/episodic_length,132.0,Pong1PCB2L336P__seed_8_1763344785
660992,0-Episodic-Stats/episodic_length,37.0,Pong1PCB2L336P__seed_8_1763344785
661536,0-Episodic-Stats/episodic_length,84.5,Pong1PCB2L336P__seed_8_1763344785
676736,0-Episodic-Stats/episodic_length,84.5,Pong1PCB2L336P__seed_8_1763344785
679776,0-Episodic-Stats/episodic_length,132.0,Pong1PCB2L336P__seed_8_1763344785
682816,0-Episodic-Stats/episodic_length,84.5,Pong1PCB2L336P__seed_8_1763344785
688896,0-Episodic-Stats/episodic_length,132.0,Pong1PCB2L336P__seed_8_1763344785
691936,0-Episodic-Stats/episodic_length,132.0,Pong1PCB2L336P__seed_8_1763344785
694976,0-Episodic-Stats/episodic_length,132.0,Pong1PCB2L336P__seed_8_1763344785
698016,0-Episodic-Stats/episodic_length,100.33333587646484,Pong1PCB2L336P__seed_8_1763344785
701056,0-Episodic-Stats/episodic_length,132.0,Pong1PCB2L336P__seed_8_1763344785
707136,0-Episodic-Stats/episodic_length,84.5,Pong1PCB2L336P__seed_8_1763344785
710176,0-Episodic-Stats/episodic_length,132.0,Pong1PCB2L336P__seed_8_1763344785
719296,0-Episodic-Stats/episodic_length,132.0,Pong1PCB2L336P__seed_8_1763344785
722336,0-Episodic-Stats/episodic_length,227.0,Pong1PCB2L336P__seed_8_1763344785
722880,0-Episodic-Stats/episodic_length,132.0,Pong1PCB2L336P__seed_8_1763344785
725376,0-Episodic-Stats/episodic_length,132.0,Pong1PCB2L336P__seed_8_1763344785
728416,0-Episodic-Stats/episodic_length,37.0,Pong1PCB2L336P__seed_8_1763344785
731456,0-Episodic-Stats/episodic_length,132.0,Pong1PCB2L336P__seed_8_1763344785
732000,0-Episodic-Stats/episodic_length,132.0,Pong1PCB2L336P__seed_8_1763344785
734496,0-Episodic-Stats/episodic_length,132.0,Pong1PCB2L336P__seed_8_1763344785
737536,0-Episodic-Stats/episodic_length,84.5,Pong1PCB2L336P__seed_8_1763344785
744160,0-Episodic-Stats/episodic_length,227.0,Pong1PCB2L336P__seed_8_1763344785
747200,0-Episodic-Stats/episodic_length,132.0,Pong1PCB2L336P__seed_8_1763344785
750240,0-Episodic-Stats/episodic_length,132.0,Pong1PCB2L336P__seed_8_1763344785
753280,0-Episodic-Stats/episodic_length,132.0,Pong1PCB2L336P__seed_8_1763344785
759360,0-Episodic-Stats/episodic_length,100.33333587646484,Pong1PCB2L336P__seed_8_1763344785
762400,0-Episodic-Stats/episodic_length,37.0,Pong1PCB2L336P__seed_8_1763344785
765440,0-Episodic-Stats/episodic_length,100.33333587646484,Pong1PCB2L336P__seed_8_1763344785
768480,0-Episodic-Stats/episodic_length,132.0,Pong1PCB2L336P__seed_8_1763344785
771520,0-Episodic-Stats/episodic_length,132.0,Pong1PCB2L336P__seed_8_1763344785
774560,0-Episodic-Stats/episodic_length,132.0,Pong1PCB2L336P__seed_8_1763344785
777600,0-Episodic-Stats/episodic_length,132.0,Pong1PCB2L336P__seed_8_1763344785
780640,0-Episodic-Stats/episodic_length,132.0,Pong1PCB2L336P__seed_8_1763344785
786720,0-Episodic-Stats/episodic_length,132.0,Pong1PCB2L336P__seed_8_1763344785
792800,0-Episodic-Stats/episodic_length,132.0,Pong1PCB2L336P__seed_8_1763344785
795840,0-Episodic-Stats/episodic_length,132.0,Pong1PCB2L336P__seed_8_1763344785
796384,0-Episodic-Stats/episodic_length,132.0,Pong1PCB2L336P__seed_8_1763344785
798880,0-Episodic-Stats/episodic_length,132.0,Pong1PCB2L336P__seed_8_1763344785
801920,0-Episodic-Stats/episodic_length,132.0,Pong1PCB2L336P__seed_8_1763344785
804960,0-Episodic-Stats/episodic_length,132.0,Pong1PCB2L336P__seed_8_1763344785
808000,0-Episodic-Stats/episodic_length,132.0,Pong1PCB2L336P__seed_8_1763344785
808544,0-Episodic-Stats/episodic_length,132.0,Pong1PCB2L336P__seed_8_1763344785
811040,0-Episodic-Stats/episodic_length,132.0,Pong1PCB2L336P__seed_8_1763344785
811584,0-Episodic-Stats/episodic_length,132.0,Pong1PCB2L336P__seed_8_1763344785
814080,0-Episodic-Stats/episodic_length,132.0,Pong1PCB2L336P__seed_8_1763344785
817664,0-Episodic-Stats/episodic_length,37.0,Pong1PCB2L336P__seed_8_1763344785
820704,0-Episodic-Stats/episodic_length,37.0,Pong1PCB2L336P__seed_8_1763344785
823744,0-Episodic-Stats/episodic_length,132.0,Pong1PCB2L336P__seed_8_1763344785
826784,0-Episodic-Stats/episodic_length,84.5,Pong1PCB2L336P__seed_8_1763344785
829824,0-Episodic-Stats/episodic_length,37.0,Pong1PCB2L336P__seed_8_1763344785
835904,0-Episodic-Stats/episodic_length,132.0,Pong1PCB2L336P__seed_8_1763344785
838944,0-Episodic-Stats/episodic_length,132.0,Pong1PCB2L336P__seed_8_1763344785
841984,0-Episodic-Stats/episodic_length,132.0,Pong1PCB2L336P__seed_8_1763344785
845024,0-Episodic-Stats/episodic_length,37.0,Pong1PCB2L336P__seed_8_1763344785
848064,0-Episodic-Stats/episodic_length,163.6666717529297,Pong1PCB2L336P__seed_8_1763344785
854144,0-Episodic-Stats/episodic_length,163.6666717529297,Pong1PCB2L336P__seed_8_1763344785
857184,0-Episodic-Stats/episodic_length,84.5,Pong1PCB2L336P__seed_8_1763344785
869344,0-Episodic-Stats/episodic_length,132.0,Pong1PCB2L336P__seed_8_1763344785
872384,0-Episodic-Stats/episodic_length,37.0,Pong1PCB2L336P__seed_8_1763344785
872928,0-Episodic-Stats/episodic_length,132.0,Pong1PCB2L336P__seed_8_1763344785
875424,0-Episodic-Stats/episodic_length,84.5,Pong1PCB2L336P__seed_8_1763344785
878464,0-Episodic-Stats/episodic_length,132.0,Pong1PCB2L336P__seed_8_1763344785
881504,0-Episodic-Stats/episodic_length,132.0,Pong1PCB2L336P__seed_8_1763344785
885088,0-Episodic-Stats/episodic_length,37.0,Pong1PCB2L336P__seed_8_1763344785
887584,0-Episodic-Stats/episodic_length,227.0,Pong1PCB2L336P__seed_8_1763344785
890624,0-Episodic-Stats/episodic_length,132.0,Pong1PCB2L336P__seed_8_1763344785
891168,0-Episodic-Stats/episodic_length,132.0,Pong1PCB2L336P__seed_8_1763344785
894208,0-Episodic-Stats/episodic_length,132.0,Pong1PCB2L336P__seed_8_1763344785
897248,0-Episodic-Stats/episodic_length,132.0,Pong1PCB2L336P__seed_8_1763344785
900288,0-Episodic-Stats/episodic_length,132.0,Pong1PCB2L336P__seed_8_1763344785
903328,0-Episodic-Stats/episodic_length,132.0,Pong1PCB2L336P__seed_8_1763344785
906368,0-Episodic-Stats/episodic_length,132.0,Pong1PCB2L336P__seed_8_1763344785
912448,0-Episodic-Stats/episodic_length,132.0,Pong1PCB2L336P__seed_8_1763344785
914944,0-Episodic-Stats/episodic_length,132.0,Pong1PCB2L336P__seed_8_1763344785
915488,0-Episodic-Stats/episodic_length,37.0,Pong1PCB2L336P__seed_8_1763344785
918528,0-Episodic-Stats/episodic_length,37.0,Pong1PCB2L336P__seed_8_1763344785
921568,0-Episodic-Stats/episodic_length,37.0,Pong1PCB2L336P__seed_8_1763344785
924608,0-Episodic-Stats/episodic_length,132.0,Pong1PCB2L336P__seed_8_1763344785
933728,0-Episodic-Stats/episodic_length,179.5,Pong1PCB2L336P__seed_8_1763344785
936768,0-Episodic-Stats/episodic_length,132.0,Pong1PCB2L336P__seed_8_1763344785
939808,0-Episodic-Stats/episodic_length,132.0,Pong1PCB2L336P__seed_8_1763344785
943392,0-Episodic-Stats/episodic_length,132.0,Pong1PCB2L336P__seed_8_1763344785
945888,0-Episodic-Stats/episodic_length,37.0,Pong1PCB2L336P__seed_8_1763344785
948928,0-Episodic-Stats/episodic_length,132.0,Pong1PCB2L336P__seed_8_1763344785
958048,0-Episodic-Stats/episodic_length,132.0,Pong1PCB2L336P__seed_8_1763344785
961088,0-Episodic-Stats/episodic_length,132.0,Pong1PCB2L336P__seed_8_1763344785
964128,0-Episodic-Stats/episodic_length,132.0,Pong1PCB2L336P__seed_8_1763344785
967712,0-Episodic-Stats/episodic_length,132.0,Pong1PCB2L336P__seed_8_1763344785
970208,0-Episodic-Stats/episodic_length,84.5,Pong1PCB2L336P__seed_8_1763344785
973248,0-Episodic-Stats/episodic_length,132.0,Pong1PCB2L336P__seed_8_1763344785
976832,0-Episodic-Stats/episodic_length,132.0,Pong1PCB2L336P__seed_8_1763344785
979872,0-Episodic-Stats/episodic_length,132.0,Pong1PCB2L336P__seed_8_1763344785
985408,0-Episodic-Stats/episodic_length,132.0,Pong1PCB2L336P__seed_8_1763344785
985952,0-Episodic-Stats/episodic_length,132.0,Pong1PCB2L336P__seed_8_1763344785
992032,0-Episodic-Stats/episodic_length,132.0,Pong1PCB2L336P__seed_8_1763344785
998112,0-Episodic-Stats/episodic_length,37.0,Pong1PCB2L336P__seed_8_1763344785
1001152,0-Episodic-Stats/episodic_length,179.5,Pong1PCB2L336P__seed_8_1763344785
1009728,0-Episodic-Stats/episodic_length,132.0,Pong1PCB2L336P__seed_8_1763344785
1010272,0-Episodic-Stats/episodic_length,195.3333282470703,Pong1PCB2L336P__seed_8_1763344785
1013312,0-Episodic-Stats/episodic_length,132.0,Pong1PCB2L336P__seed_8_1763344785
1016352,0-Episodic-Stats/episodic_length,84.5,Pong1PCB2L336P__seed_8_1763344785
1025472,0-Episodic-Stats/episodic_length,108.25,Pong1PCB2L336P__seed_8_1763344785
1031552,0-Episodic-Stats/episodic_length,227.0,Pong1PCB2L336P__seed_8_1763344785
1037632,0-Episodic-Stats/episodic_length,132.0,Pong1PCB2L336P__seed_8_1763344785
1040672,0-Episodic-Stats/episodic_length,37.0,Pong1PCB2L336P__seed_8_1763344785
1043712,0-Episodic-Stats/episodic_length,227.0,Pong1PCB2L336P__seed_8_1763344785
1046752,0-Episodic-Stats/episodic_length,37.0,Pong1PCB2L336P__seed_8_1763344785
1047296,0-Episodic-Stats/episodic_length,227.0,Pong1PCB2L336P__seed_8_1763344785
1050336,0-Episodic-Stats/episodic_length,37.0,Pong1PCB2L336P__seed_8_1763344785
1055872,0-Episodic-Stats/episodic_length,84.5,Pong1PCB2L336P__seed_8_1763344785
1056416,0-Episodic-Stats/episodic_length,132.0,Pong1PCB2L336P__seed_8_1763344785
1064992,0-Episodic-Stats/episodic_length,179.5,Pong1PCB2L336P__seed_8_1763344785
1074656,0-Episodic-Stats/episodic_length,132.0,Pong1PCB2L336P__seed_8_1763344785
1077152,0-Episodic-Stats/episodic_length,227.0,Pong1PCB2L336P__seed_8_1763344785
1080736,0-Episodic-Stats/episodic_length,132.0,Pong1PCB2L336P__seed_8_1763344785
1086816,0-Episodic-Stats/episodic_length,227.0,Pong1PCB2L336P__seed_8_1763344785
1092896,0-Episodic-Stats/episodic_length,132.0,Pong1PCB2L336P__seed_8_1763344785
1098976,0-Episodic-Stats/episodic_length,227.0,Pong1PCB2L336P__seed_8_1763344785
1102016,0-Episodic-Stats/episodic_length,132.0,Pong1PCB2L336P__seed_8_1763344785
1108096,0-Episodic-Stats/episodic_length,132.0,Pong1PCB2L336P__seed_8_1763344785
1110592,0-Episodic-Stats/episodic_length,37.0,Pong1PCB2L336P__seed_8_1763344785
1114176,0-Episodic-Stats/episodic_length,37.0,Pong1PCB2L336P__seed_8_1763344785
1126336,0-Episodic-Stats/episodic_length,179.5,Pong1PCB2L336P__seed_8_1763344785
1132416,0-Episodic-Stats/episodic_length,132.0,Pong1PCB2L336P__seed_8_1763344785
1132960,0-Episodic-Stats/episodic_length,132.0,Pong1PCB2L336P__seed_8_1763344785
1135456,0-Episodic-Stats/episodic_length,132.0,Pong1PCB2L336P__seed_8_1763344785
1141536,0-Episodic-Stats/episodic_length,132.0,Pong1PCB2L336P__seed_8_1763344785
1142080,0-Episodic-Stats/episodic_length,132.0,Pong1PCB2L336P__seed_8_1763344785
1150656,0-Episodic-Stats/episodic_length,132.0,Pong1PCB2L336P__seed_8_1763344785
1156736,0-Episodic-Stats/episodic_length,132.0,Pong1PCB2L336P__seed_8_1763344785
1160320,0-Episodic-Stats/episodic_length,132.0,Pong1PCB2L336P__seed_8_1763344785
1162816,0-Episodic-Stats/episodic_length,132.0,Pong1PCB2L336P__seed_8_1763344785
1163360,0-Episodic-Stats/episodic_length,132.0,Pong1PCB2L336P__seed_8_1763344785
1171936,0-Episodic-Stats/episodic_length,227.0,Pong1PCB2L336P__seed_8_1763344785
1174976,0-Episodic-Stats/episodic_length,132.0,Pong1PCB2L336P__seed_8_1763344785
1175520,0-Episodic-Stats/episodic_length,417.0,Pong1PCB2L336P__seed_8_1763344785
1178560,0-Episodic-Stats/episodic_length,132.0,Pong1PCB2L336P__seed_8_1763344785
1181600,0-Episodic-Stats/episodic_length,37.0,Pong1PCB2L336P__seed_8_1763344785
1184640,0-Episodic-Stats/episodic_length,132.0,Pong1PCB2L336P__seed_8_1763344785
1190720,0-Episodic-Stats/episodic_length,227.0,Pong1PCB2L336P__seed_8_1763344785
1193408,0-Episodic-Stats/episodic_length,227.0,Pong1PCB2L336P__seed_8_1763344785
1193760,0-Episodic-Stats/episodic_length,132.0,Pong1PCB2L336P__seed_8_1763344785
1196256,0-Episodic-Stats/episodic_length,37.0,Pong1PCB2L336P__seed_8_1763344785
1199840,0-Episodic-Stats/episodic_length,227.0,Pong1PCB2L336P__seed_8_1763344785
1208960,0-Episodic-Stats/episodic_length,132.0,Pong1PCB2L336P__seed_8_1763344785
1221120,0-Episodic-Stats/episodic_length,37.0,Pong1PCB2L336P__seed_8_1763344785
1227200,0-Episodic-Stats/episodic_length,132.0,Pong1PCB2L336P__seed_8_1763344785
1230784,0-Episodic-Stats/episodic_length,132.0,Pong1PCB2L336P__seed_8_1763344785
1236320,0-Episodic-Stats/episodic_length,195.3333282470703,Pong1PCB2L336P__seed_8_1763344785
1245440,0-Episodic-Stats/episodic_length,132.0,Pong1PCB2L336P__seed_8_1763344785
1248480,0-Episodic-Stats/episodic_length,132.0,Pong1PCB2L336P__seed_8_1763344785
1251520,0-Episodic-Stats/episodic_length,227.0,Pong1PCB2L336P__seed_8_1763344785
1252064,0-Episodic-Stats/episodic_length,37.0,Pong1PCB2L336P__seed_8_1763344785
1254560,0-Episodic-Stats/episodic_length,227.0,Pong1PCB2L336P__seed_8_1763344785
1255104,0-Episodic-Stats/episodic_length,37.0,Pong1PCB2L336P__seed_8_1763344785
1257600,0-Episodic-Stats/episodic_length,84.5,Pong1PCB2L336P__seed_8_1763344785
1261184,0-Episodic-Stats/episodic_length,132.0,Pong1PCB2L336P__seed_8_1763344785
1266720,0-Episodic-Stats/episodic_length,227.0,Pong1PCB2L336P__seed_8_1763344785
1270304,0-Episodic-Stats/episodic_length,132.0,Pong1PCB2L336P__seed_8_1763344785
1275840,0-Episodic-Stats/episodic_length,227.0,Pong1PCB2L336P__seed_8_1763344785
1276384,0-Episodic-Stats/episodic_length,37.0,Pong1PCB2L336P__seed_8_1763344785
1279424,0-Episodic-Stats/episodic_length,37.0,Pong1PCB2L336P__seed_8_1763344785
1282464,0-Episodic-Stats/episodic_length,132.0,Pong1PCB2L336P__seed_8_1763344785
1284960,0-Episodic-Stats/episodic_length,227.0,Pong1PCB2L336P__seed_8_1763344785
1285504,0-Episodic-Stats/episodic_length,227.0,Pong1PCB2L336P__seed_8_1763344785
1291584,0-Episodic-Stats/episodic_length,132.0,Pong1PCB2L336P__seed_8_1763344785
1297312,0-Episodic-Stats/episodic_length,227.0,Pong1PCB2L336P__seed_8_1763344785
1297664,0-Episodic-Stats/episodic_length,179.5,Pong1PCB2L336P__seed_8_1763344785
1309280,0-Episodic-Stats/episodic_length,37.0,Pong1PCB2L336P__seed_8_1763344785
1309824,0-Episodic-Stats/episodic_length,37.0,Pong1PCB2L336P__seed_8_1763344785
1312864,0-Episodic-Stats/episodic_length,227.0,Pong1PCB2L336P__seed_8_1763344785
1315904,0-Episodic-Stats/episodic_length,132.0,Pong1PCB2L336P__seed_8_1763344785
1328608,0-Episodic-Stats/episodic_length,132.0,Pong1PCB2L336P__seed_8_1763344785
1331104,0-Episodic-Stats/episodic_length,132.0,Pong1PCB2L336P__seed_8_1763344785
1346304,0-Episodic-Stats/episodic_length,37.0,Pong1PCB2L336P__seed_8_1763344785
1352384,0-Episodic-Stats/episodic_length,227.0,Pong1PCB2L336P__seed_8_1763344785
1355424,0-Episodic-Stats/episodic_length,132.0,Pong1PCB2L336P__seed_8_1763344785
1358464,0-Episodic-Stats/episodic_length,132.0,Pong1PCB2L336P__seed_8_1763344785
1359008,0-Episodic-Stats/episodic_length,227.0,Pong1PCB2L336P__seed_8_1763344785
1361504,0-Episodic-Stats/episodic_length,179.5,Pong1PCB2L336P__seed_8_1763344785
1364544,0-Episodic-Stats/episodic_length,37.0,Pong1PCB2L336P__seed_8_1763344785
1370624,0-Episodic-Stats/episodic_length,179.5,Pong1PCB2L336P__seed_8_1763344785
1371168,0-Episodic-Stats/episodic_length,227.0,Pong1PCB2L336P__seed_8_1763344785
1374208,0-Episodic-Stats/episodic_length,227.0,Pong1PCB2L336P__seed_8_1763344785
1386368,0-Episodic-Stats/episodic_length,227.0,Pong1PCB2L336P__seed_8_1763344785
1391904,0-Episodic-Stats/episodic_length,227.0,Pong1PCB2L336P__seed_8_1763344785
1392448,0-Episodic-Stats/episodic_length,132.0,Pong1PCB2L336P__seed_8_1763344785
1394944,0-Episodic-Stats/episodic_length,227.0,Pong1PCB2L336P__seed_8_1763344785
1395488,0-Episodic-Stats/episodic_length,227.0,Pong1PCB2L336P__seed_8_1763344785
1398528,0-Episodic-Stats/episodic_length,163.6666717529297,Pong1PCB2L336P__seed_8_1763344785
1404608,0-Episodic-Stats/episodic_length,132.0,Pong1PCB2L336P__seed_8_1763344785
1407648,0-Episodic-Stats/episodic_length,227.0,Pong1PCB2L336P__seed_8_1763344785
1413376,0-Episodic-Stats/episodic_length,132.0,Pong1PCB2L336P__seed_8_1763344785
1422304,0-Episodic-Stats/episodic_length,227.0,Pong1PCB2L336P__seed_8_1763344785
1422848,0-Episodic-Stats/episodic_length,227.0,Pong1PCB2L336P__seed_8_1763344785
1431968,0-Episodic-Stats/episodic_length,37.0,Pong1PCB2L336P__seed_8_1763344785
1434656,0-Episodic-Stats/episodic_length,227.0,Pong1PCB2L336P__seed_8_1763344785
1441632,0-Episodic-Stats/episodic_length,227.0,Pong1PCB2L336P__seed_8_1763344785
1450208,0-Episodic-Stats/episodic_length,37.0,Pong1PCB2L336P__seed_8_1763344785
1453248,0-Episodic-Stats/episodic_length,322.0,Pong1PCB2L336P__seed_8_1763344785
1462368,0-Episodic-Stats/episodic_length,132.0,Pong1PCB2L336P__seed_8_1763344785
1468448,0-Episodic-Stats/episodic_length,132.0,Pong1PCB2L336P__seed_8_1763344785
1471488,0-Episodic-Stats/episodic_length,227.0,Pong1PCB2L336P__seed_8_1763344785
1474528,0-Episodic-Stats/episodic_length,179.5,Pong1PCB2L336P__seed_8_1763344785
1478112,0-Episodic-Stats/episodic_length,227.0,Pong1PCB2L336P__seed_8_1763344785
1480608,0-Episodic-Stats/episodic_length,227.0,Pong1PCB2L336P__seed_8_1763344785
1486688,0-Episodic-Stats/episodic_length,132.0,Pong1PCB2L336P__seed_8_1763344785
1492416,0-Episodic-Stats/episodic_length,132.0,Pong1PCB2L336P__seed_8_1763344785
1492960,0-Episodic-Stats/episodic_length,132.0,Pong1PCB2L336P__seed_8_1763344785
1495808,0-Episodic-Stats/episodic_length,132.0,Pong1PCB2L336P__seed_8_1763344785
1498848,0-Episodic-Stats/episodic_length,227.0,Pong1PCB2L336P__seed_8_1763344785
1502432,0-Episodic-Stats/episodic_length,37.0,Pong1PCB2L336P__seed_8_1763344785
1504928,0-Episodic-Stats/episodic_length,227.0,Pong1PCB2L336P__seed_8_1763344785
1508512,0-Episodic-Stats/episodic_length,227.0,Pong1PCB2L336P__seed_8_1763344785
1511552,0-Episodic-Stats/episodic_length,227.0,Pong1PCB2L336P__seed_8_1763344785
1514592,0-Episodic-Stats/episodic_length,163.6666717529297,Pong1PCB2L336P__seed_8_1763344785
1520672,0-Episodic-Stats/episodic_length,132.0,Pong1PCB2L336P__seed_8_1763344785
1529440,0-Episodic-Stats/episodic_length,227.0,Pong1PCB2L336P__seed_8_1763344785
1535872,0-Episodic-Stats/episodic_length,132.0,Pong1PCB2L336P__seed_8_1763344785
1541408,0-Episodic-Stats/episodic_length,132.0,Pong1PCB2L336P__seed_8_1763344785
1541952,0-Episodic-Stats/episodic_length,227.0,Pong1PCB2L336P__seed_8_1763344785
1553760,0-Episodic-Stats/episodic_length,227.0,Pong1PCB2L336P__seed_8_1763344785
1554112,0-Episodic-Stats/episodic_length,227.0,Pong1PCB2L336P__seed_8_1763344785
1557696,0-Episodic-Stats/episodic_length,37.0,Pong1PCB2L336P__seed_8_1763344785
1572352,0-Episodic-Stats/episodic_length,132.0,Pong1PCB2L336P__seed_8_1763344785
1575392,0-Episodic-Stats/episodic_length,227.0,Pong1PCB2L336P__seed_8_1763344785
1587552,0-Episodic-Stats/episodic_length,132.0,Pong1PCB2L336P__seed_8_1763344785
1590592,0-Episodic-Stats/episodic_length,132.0,Pong1PCB2L336P__seed_8_1763344785
1591136,0-Episodic-Stats/episodic_length,132.0,Pong1PCB2L336P__seed_8_1763344785
1593632,0-Episodic-Stats/episodic_length,132.0,Pong1PCB2L336P__seed_8_1763344785
1593824,0-Episodic-Stats/episodic_length,37.0,Pong1PCB2L336P__seed_8_1763344785
1602752,0-Episodic-Stats/episodic_length,227.0,Pong1PCB2L336P__seed_8_1763344785
1605792,0-Episodic-Stats/episodic_length,227.0,Pong1PCB2L336P__seed_8_1763344785
1611520,0-Episodic-Stats/episodic_length,227.0,Pong1PCB2L336P__seed_8_1763344785
1611872,0-Episodic-Stats/episodic_length,227.0,Pong1PCB2L336P__seed_8_1763344785
1614912,0-Episodic-Stats/episodic_length,37.0,Pong1PCB2L336P__seed_8_1763344785
1624032,0-Episodic-Stats/episodic_length,132.0,Pong1PCB2L336P__seed_8_1763344785
1624576,0-Episodic-Stats/episodic_length,179.5,Pong1PCB2L336P__seed_8_1763344785
1627616,0-Episodic-Stats/episodic_length,227.0,Pong1PCB2L336P__seed_8_1763344785
1630112,0-Episodic-Stats/episodic_length,227.0,Pong1PCB2L336P__seed_8_1763344785
1630656,0-Episodic-Stats/episodic_length,179.5,Pong1PCB2L336P__seed_8_1763344785
1633696,0-Episodic-Stats/episodic_length,227.0,Pong1PCB2L336P__seed_8_1763344785
1636736,0-Episodic-Stats/episodic_length,132.0,Pong1PCB2L336P__seed_8_1763344785
1639776,0-Episodic-Stats/episodic_length,227.0,Pong1PCB2L336P__seed_8_1763344785
1645856,0-Episodic-Stats/episodic_length,132.0,Pong1PCB2L336P__seed_8_1763344785
1651392,0-Episodic-Stats/episodic_length,132.0,Pong1PCB2L336P__seed_8_1763344785
1654976,0-Episodic-Stats/episodic_length,227.0,Pong1PCB2L336P__seed_8_1763344785
1658016,0-Episodic-Stats/episodic_length,227.0,Pong1PCB2L336P__seed_8_1763344785
1660704,0-Episodic-Stats/episodic_length,227.0,Pong1PCB2L336P__seed_8_1763344785
1664096,0-Episodic-Stats/episodic_length,227.0,Pong1PCB2L336P__seed_8_1763344785
1676256,0-Episodic-Stats/episodic_length,227.0,Pong1PCB2L336P__seed_8_1763344785
1682880,0-Episodic-Stats/episodic_length,227.0,Pong1PCB2L336P__seed_8_1763344785
1685024,0-Episodic-Stats/episodic_length,132.0,Pong1PCB2L336P__seed_8_1763344785
1700576,0-Episodic-Stats/episodic_length,417.0,Pong1PCB2L336P__seed_8_1763344785
1706656,0-Episodic-Stats/episodic_length,227.0,Pong1PCB2L336P__seed_8_1763344785
1709696,0-Episodic-Stats/episodic_length,132.0,Pong1PCB2L336P__seed_8_1763344785
1710240,0-Episodic-Stats/episodic_length,227.0,Pong1PCB2L336P__seed_8_1763344785
1712736,0-Episodic-Stats/episodic_length,132.0,Pong1PCB2L336P__seed_8_1763344785
1715776,0-Episodic-Stats/episodic_length,227.0,Pong1PCB2L336P__seed_8_1763344785
1722048,0-Episodic-Stats/episodic_length,227.0,Pong1PCB2L336P__seed_8_1763344785
1724896,0-Episodic-Stats/episodic_length,179.5,Pong1PCB2L336P__seed_8_1763344785
1727936,0-Episodic-Stats/episodic_length,322.0,Pong1PCB2L336P__seed_8_1763344785
1730624,0-Episodic-Stats/episodic_length,132.0,Pong1PCB2L336P__seed_8_1763344785
1734016,0-Episodic-Stats/episodic_length,322.0,Pong1PCB2L336P__seed_8_1763344785
1740640,0-Episodic-Stats/episodic_length,227.0,Pong1PCB2L336P__seed_8_1763344785
1743136,0-Episodic-Stats/episodic_length,179.5,Pong1PCB2L336P__seed_8_1763344785
1746720,0-Episodic-Stats/episodic_length,132.0,Pong1PCB2L336P__seed_8_1763344785
1749760,0-Episodic-Stats/episodic_length,227.0,Pong1PCB2L336P__seed_8_1763344785
1755296,0-Episodic-Stats/episodic_length,132.0,Pong1PCB2L336P__seed_8_1763344785
1755840,0-Episodic-Stats/episodic_length,179.5,Pong1PCB2L336P__seed_8_1763344785
1764960,0-Episodic-Stats/episodic_length,227.0,Pong1PCB2L336P__seed_8_1763344785
1771040,0-Episodic-Stats/episodic_length,37.0,Pong1PCB2L336P__seed_8_1763344785
1774080,0-Episodic-Stats/episodic_length,227.0,Pong1PCB2L336P__seed_8_1763344785
1779808,0-Episodic-Stats/episodic_length,132.0,Pong1PCB2L336P__seed_8_1763344785
1785696,0-Episodic-Stats/episodic_length,132.0,Pong1PCB2L336P__seed_8_1763344785
1786240,0-Episodic-Stats/episodic_length,132.0,Pong1PCB2L336P__seed_8_1763344785
1789824,0-Episodic-Stats/episodic_length,132.0,Pong1PCB2L336P__seed_8_1763344785
1795360,0-Episodic-Stats/episodic_length,227.0,Pong1PCB2L336P__seed_8_1763344785
1798400,0-Episodic-Stats/episodic_length,227.0,Pong1PCB2L336P__seed_8_1763344785
1816288,0-Episodic-Stats/episodic_length,132.0,Pong1PCB2L336P__seed_8_1763344785
1822720,0-Episodic-Stats/episodic_length,227.0,Pong1PCB2L336P__seed_8_1763344785
1823264,0-Episodic-Stats/episodic_length,227.0,Pong1PCB2L336P__seed_8_1763344785
1825760,0-Episodic-Stats/episodic_length,132.0,Pong1PCB2L336P__seed_8_1763344785
1832032,0-Episodic-Stats/episodic_length,132.0,Pong1PCB2L336P__seed_8_1763344785
1834880,0-Episodic-Stats/episodic_length,227.0,Pong1PCB2L336P__seed_8_1763344785
1856160,0-Episodic-Stats/episodic_length,227.0,Pong1PCB2L336P__seed_8_1763344785
1859200,0-Episodic-Stats/episodic_length,227.0,Pong1PCB2L336P__seed_8_1763344785
1862784,0-Episodic-Stats/episodic_length,227.0,Pong1PCB2L336P__seed_8_1763344785
1865280,0-Episodic-Stats/episodic_length,179.5,Pong1PCB2L336P__seed_8_1763344785
1867968,0-Episodic-Stats/episodic_length,227.0,Pong1PCB2L336P__seed_8_1763344785
1868864,0-Episodic-Stats/episodic_length,227.0,Pong1PCB2L336P__seed_8_1763344785
1871360,0-Episodic-Stats/episodic_length,195.3333282470703,Pong1PCB2L336P__seed_8_1763344785
1884064,0-Episodic-Stats/episodic_length,227.0,Pong1PCB2L336P__seed_8_1763344785
1890144,0-Episodic-Stats/episodic_length,227.0,Pong1PCB2L336P__seed_8_1763344785
1892640,0-Episodic-Stats/episodic_length,227.0,Pong1PCB2L336P__seed_8_1763344785
1893184,0-Episodic-Stats/episodic_length,227.0,Pong1PCB2L336P__seed_8_1763344785
1896224,0-Episodic-Stats/episodic_length,227.0,Pong1PCB2L336P__seed_8_1763344785
1899264,0-Episodic-Stats/episodic_length,227.0,Pong1PCB2L336P__seed_8_1763344785
1902304,0-Episodic-Stats/episodic_length,227.0,Pong1PCB2L336P__seed_8_1763344785
1902848,0-Episodic-Stats/episodic_length,227.0,Pong1PCB2L336P__seed_8_1763344785
1905344,0-Episodic-Stats/episodic_length,227.0,Pong1PCB2L336P__seed_8_1763344785
1911072,0-Episodic-Stats/episodic_length,132.0,Pong1PCB2L336P__seed_8_1763344785
1920544,0-Episodic-Stats/episodic_length,227.0,Pong1PCB2L336P__seed_8_1763344785
1929664,0-Episodic-Stats/episodic_length,227.0,Pong1PCB2L336P__seed_8_1763344785
1932704,0-Episodic-Stats/episodic_length,227.0,Pong1PCB2L336P__seed_8_1763344785
1938432,0-Episodic-Stats/episodic_length,132.0,Pong1PCB2L336P__seed_8_1763344785
1947904,0-Episodic-Stats/episodic_length,417.0,Pong1PCB2L336P__seed_8_1763344785
1950400,0-Episodic-Stats/episodic_length,37.0,Pong1PCB2L336P__seed_8_1763344785
1951136,0-Episodic-Stats/episodic_length,132.0,Pong1PCB2L336P__seed_8_1763344785
1957024,0-Episodic-Stats/episodic_length,132.0,Pong1PCB2L336P__seed_8_1763344785
1960064,0-Episodic-Stats/episodic_length,132.0,Pong1PCB2L336P__seed_8_1763344785
1969376,0-Episodic-Stats/episodic_length,132.0,Pong1PCB2L336P__seed_8_1763344785
1981344,0-Episodic-Stats/episodic_length,227.0,Pong1PCB2L336P__seed_8_1763344785
1984928,0-Episodic-Stats/episodic_length,227.0,Pong1PCB2L336P__seed_8_1763344785
2003168,0-Episodic-Stats/episodic_length,132.0,Pong1PCB2L336P__seed_8_1763344785
2021408,0-Episodic-Stats/episodic_length,132.0,Pong1PCB2L336P__seed_8_1763344785
2026240,0-Episodic-Stats/episodic_length,132.0,Pong1PCB2L336P__seed_8_1763344785
2026944,0-Episodic-Stats/episodic_length,322.0,Pong1PCB2L336P__seed_8_1763344785
2035360,0-Episodic-Stats/episodic_length,417.0,Pong1PCB2L336P__seed_8_1763344785
2035712,0-Episodic-Stats/episodic_length,227.0,Pong1PCB2L336P__seed_8_1763344785
2038048,0-Episodic-Stats/episodic_length,417.0,Pong1PCB2L336P__seed_8_1763344785
2050912,0-Episodic-Stats/episodic_length,132.0,Pong1PCB2L336P__seed_8_1763344785
2054848,0-Episodic-Stats/episodic_length,227.0,Pong1PCB2L336P__seed_8_1763344785
2060224,0-Episodic-Stats/episodic_length,227.0,Pong1PCB2L336P__seed_8_1763344785
2060384,0-Episodic-Stats/episodic_length,227.0,Pong1PCB2L336P__seed_8_1763344785
2060576,0-Episodic-Stats/episodic_length,417.0,Pong1PCB2L336P__seed_8_1763344785
2060768,0-Episodic-Stats/episodic_length,322.0,Pong1PCB2L336P__seed_8_1763344785
2075776,0-Episodic-Stats/episodic_length,607.0,Pong1PCB2L336P__seed_8_1763344785
2096352,0-Episodic-Stats/episodic_length,227.0,Pong1PCB2L336P__seed_8_1763344785
2112256,0-Episodic-Stats/episodic_length,892.0,Pong1PCB2L336P__seed_8_1763344785
2114944,0-Episodic-Stats/episodic_length,417.0,Pong1PCB2L336P__seed_8_1763344785
2121024,0-Episodic-Stats/episodic_length,227.0,Pong1PCB2L336P__seed_8_1763344785
2136224,0-Episodic-Stats/episodic_length,417.0,Pong1PCB2L336P__seed_8_1763344785
2136576,0-Episodic-Stats/episodic_length,322.0,Pong1PCB2L336P__seed_8_1763344785
2136928,0-Episodic-Stats/episodic_length,607.0,Pong1PCB2L336P__seed_8_1763344785
2163584,0-Episodic-Stats/episodic_length,227.0,Pong1PCB2L336P__seed_8_1763344785
2166272,0-Episodic-Stats/episodic_length,512.0,Pong1PCB2L336P__seed_8_1763344785
2191840,0-Episodic-Stats/episodic_length,417.0,Pong1PCB2L336P__seed_8_1763344785
2217408,0-Episodic-Stats/episodic_length,607.0,Pong1PCB2L336P__seed_8_1763344785
2232096,0-Episodic-Stats/episodic_length,702.0,Pong1PCB2L336P__seed_8_1763344785
2244096,0-Episodic-Stats/episodic_length,417.0,Pong1PCB2L336P__seed_8_1763344785
2274304,0-Episodic-Stats/episodic_length,702.0,Pong1PCB2L336P__seed_8_1763344785
2289344,0-Episodic-Stats/episodic_length,417.0,Pong1PCB2L336P__seed_8_1763344785
2304352,0-Episodic-Stats/episodic_length,417.0,Pong1PCB2L336P__seed_8_1763344785
2397536,0-Episodic-Stats/episodic_length,607.0,Pong1PCB2L336P__seed_8_1763344785
2404864,0-Episodic-Stats/episodic_length,417.0,Pong1PCB2L336P__seed_8_1763344785
2462784,0-Episodic-Stats/episodic_length,369.0,Pong1PCB2L336P__seed_8_1763344785
2472000,0-Episodic-Stats/episodic_length,274.0,Pong1PCB2L336P__seed_8_1763344785
2502528,0-Episodic-Stats/episodic_length,417.0,Pong1PCB2L336P__seed_8_1763344785
2509024,0-Episodic-Stats/episodic_length,274.0,Pong1PCB2L336P__seed_8_1763344785
2512224,0-Episodic-Stats/episodic_length,369.0,Pong1PCB2L336P__seed_8_1763344785
2517312,0-Episodic-Stats/episodic_length,464.0,Pong1PCB2L336P__seed_8_1763344785
2530272,0-Episodic-Stats/episodic_length,274.0,Pong1PCB2L336P__seed_8_1763344785
2533280,0-Episodic-Stats/episodic_length,417.0,Pong1PCB2L336P__seed_8_1763344785
2549376,0-Episodic-Stats/episodic_length,274.0,Pong1PCB2L336P__seed_8_1763344785
2559200,0-Episodic-Stats/episodic_length,844.0,Pong1PCB2L336P__seed_8_1763344785
2569952,0-Episodic-Stats/episodic_length,417.0,Pong1PCB2L336P__seed_8_1763344785
2573920,0-Episodic-Stats/episodic_length,274.0,Pong1PCB2L336P__seed_8_1763344785
2581408,0-Episodic-Stats/episodic_length,274.0,Pong1PCB2L336P__seed_8_1763344785
2590432,0-Episodic-Stats/episodic_length,274.0,Pong1PCB2L336P__seed_8_1763344785
2593824,0-Episodic-Stats/episodic_length,274.0,Pong1PCB2L336P__seed_8_1763344785
2597664,0-Episodic-Stats/episodic_length,417.0,Pong1PCB2L336P__seed_8_1763344785
2601792,0-Episodic-Stats/episodic_length,559.0,Pong1PCB2L336P__seed_8_1763344785
2604128,0-Episodic-Stats/episodic_length,417.0,Pong1PCB2L336P__seed_8_1763344785
2606816,0-Episodic-Stats/episodic_length,559.0,Pong1PCB2L336P__seed_8_1763344785
2615744,0-Episodic-Stats/episodic_length,274.0,Pong1PCB2L336P__seed_8_1763344785
2644544,0-Episodic-Stats/episodic_length,892.0,Pong1PCB2L336P__seed_8_1763344785
2658688,0-Episodic-Stats/episodic_length,417.0,Pong1PCB2L336P__seed_8_1763344785
2661312,0-Episodic-Stats/episodic_length,464.0,Pong1PCB2L336P__seed_8_1763344785
2669728,0-Episodic-Stats/episodic_length,559.0,Pong1PCB2L336P__seed_8_1763344785
2702304,0-Episodic-Stats/episodic_length,607.0,Pong1PCB2L336P__seed_8_1763344785
2708096,0-Episodic-Stats/episodic_length,274.0,Pong1PCB2L336P__seed_8_1763344785
2729600,0-Episodic-Stats/episodic_length,274.0,Pong1PCB2L336P__seed_8_1763344785
2754432,0-Episodic-Stats/episodic_length,464.0,Pong1PCB2L336P__seed_8_1763344785
2793344,0-Episodic-Stats/episodic_length,559.0,Pong1PCB2L336P__seed_8_1763344785
2809152,0-Episodic-Stats/episodic_length,274.0,Pong1PCB2L336P__seed_8_1763344785
2882336,0-Episodic-Stats/episodic_length,274.0,Pong1PCB2L336P__seed_8_1763344785
2888736,0-Episodic-Stats/episodic_length,274.0,Pong1PCB2L336P__seed_8_1763344785
2907072,0-Episodic-Stats/episodic_length,274.0,Pong1PCB2L336P__seed_8_1763344785
2909056,0-Episodic-Stats/episodic_length,464.0,Pong1PCB2L336P__seed_8_1763344785
2918560,0-Episodic-Stats/episodic_length,559.0,Pong1PCB2L336P__seed_8_1763344785
2923424,0-Episodic-Stats/episodic_length,274.0,Pong1PCB2L336P__seed_8_1763344785
2942336,0-Episodic-Stats/episodic_length,464.0,Pong1PCB2L336P__seed_8_1763344785
2948352,0-Episodic-Stats/episodic_length,274.0,Pong1PCB2L336P__seed_8_1763344785
2949696,0-Episodic-Stats/episodic_length,274.0,Pong1PCB2L336P__seed_8_1763344785
2951776,0-Episodic-Stats/episodic_length,274.0,Pong1PCB2L336P__seed_8_1763344785
2961376,0-Episodic-Stats/episodic_length,369.0,Pong1PCB2L336P__seed_8_1763344785
2968096,0-Episodic-Stats/episodic_length,274.0,Pong1PCB2L336P__seed_8_1763344785
2987648,0-Episodic-Stats/episodic_length,369.0,Pong1PCB2L336P__seed_8_1763344785
2990752,0-Episodic-Stats/episodic_length,274.0,Pong1PCB2L336P__seed_8_1763344785
2991904,0-Episodic-Stats/episodic_length,274.0,Pong1PCB2L336P__seed_8_1763344785
2994656,0-Episodic-Stats/episodic_length,274.0,Pong1PCB2L336P__seed_8_1763344785
3018368,0-Episodic-Stats/episodic_length,369.0,Pong1PCB2L336P__seed_8_1763344785
3034624,0-Episodic-Stats/episodic_length,464.0,Pong1PCB2L336P__seed_8_1763344785
3038720,0-Episodic-Stats/episodic_length,274.0,Pong1PCB2L336P__seed_8_1763344785
3039104,0-Episodic-Stats/episodic_length,654.0,Pong1PCB2L336P__seed_8_1763344785
3048000,0-Episodic-Stats/episodic_length,274.0,Pong1PCB2L336P__seed_8_1763344785
3054656,0-Episodic-Stats/episodic_length,274.0,Pong1PCB2L336P__seed_8_1763344785
3060448,0-Episodic-Stats/episodic_length,1414.0,Pong1PCB2L336P__seed_8_1763344785
3079776,0-Episodic-Stats/episodic_length,274.0,Pong1PCB2L336P__seed_8_1763344785
3085984,0-Episodic-Stats/episodic_length,274.0,Pong1PCB2L336P__seed_8_1763344785
3087424,0-Episodic-Stats/episodic_length,274.0,Pong1PCB2L336P__seed_8_1763344785
3116864,0-Episodic-Stats/episodic_length,274.0,Pong1PCB2L336P__seed_8_1763344785
3123360,0-Episodic-Stats/episodic_length,464.0,Pong1PCB2L336P__seed_8_1763344785
3136672,0-Episodic-Stats/episodic_length,749.0,Pong1PCB2L336P__seed_8_1763344785
3156000,0-Episodic-Stats/episodic_length,274.0,Pong1PCB2L336P__seed_8_1763344785
3193440,0-Episodic-Stats/episodic_length,274.0,Pong1PCB2L336P__seed_8_1763344785
3251360,0-Episodic-Stats/episodic_length,464.0,Pong1PCB2L336P__seed_8_1763344785
3256640,0-Episodic-Stats/episodic_length,274.0,Pong1PCB2L336P__seed_8_1763344785
3327552,0-Episodic-Stats/episodic_length,274.0,Pong1PCB2L336P__seed_8_1763344785
3343712,0-Episodic-Stats/episodic_length,559.0,Pong1PCB2L336P__seed_8_1763344785
3346880,0-Episodic-Stats/episodic_length,274.0,Pong1PCB2L336P__seed_8_1763344785
3353600,0-Episodic-Stats/episodic_length,464.0,Pong1PCB2L336P__seed_8_1763344785
3361152,0-Episodic-Stats/episodic_length,274.0,Pong1PCB2L336P__seed_8_1763344785
3365440,0-Episodic-Stats/episodic_length,369.0,Pong1PCB2L336P__seed_8_1763344785
3370976,0-Episodic-Stats/episodic_length,464.0,Pong1PCB2L336P__seed_8_1763344785
3372992,0-Episodic-Stats/episodic_length,559.0,Pong1PCB2L336P__seed_8_1763344785
3378592,0-Episodic-Stats/episodic_length,274.0,Pong1PCB2L336P__seed_8_1763344785
3380160,0-Episodic-Stats/episodic_length,274.0,Pong1PCB2L336P__seed_8_1763344785
3395424,0-Episodic-Stats/episodic_length,274.0,Pong1PCB2L336P__seed_8_1763344785
3396416,0-Episodic-Stats/episodic_length,274.0,Pong1PCB2L336P__seed_8_1763344785
3396864,0-Episodic-Stats/episodic_length,749.0,Pong1PCB2L336P__seed_8_1763344785
3401024,0-Episodic-Stats/episodic_length,369.0,Pong1PCB2L336P__seed_8_1763344785
3424576,0-Episodic-Stats/episodic_length,274.0,Pong1PCB2L336P__seed_8_1763344785
3461888,0-Episodic-Stats/episodic_length,274.0,Pong1PCB2L336P__seed_8_1763344785
3477472,0-Episodic-Stats/episodic_length,274.0,Pong1PCB2L336P__seed_8_1763344785
3477824,0-Episodic-Stats/episodic_length,274.0,Pong1PCB2L336P__seed_8_1763344785
3482112,0-Episodic-Stats/episodic_length,464.0,Pong1PCB2L336P__seed_8_1763344785
3495104,0-Episodic-Stats/episodic_length,274.0,Pong1PCB2L336P__seed_8_1763344785
3500128,0-Episodic-Stats/episodic_length,369.0,Pong1PCB2L336P__seed_8_1763344785
3515232,0-Episodic-Stats/episodic_length,274.0,Pong1PCB2L336P__seed_8_1763344785
3517248,0-Episodic-Stats/episodic_length,274.0,Pong1PCB2L336P__seed_8_1763344785
3523968,0-Episodic-Stats/episodic_length,464.0,Pong1PCB2L336P__seed_8_1763344785
3529344,0-Episodic-Stats/episodic_length,274.0,Pong1PCB2L336P__seed_8_1763344785
3531488,0-Episodic-Stats/episodic_length,464.0,Pong1PCB2L336P__seed_8_1763344785
3601696,0-Episodic-Stats/episodic_length,274.0,Pong1PCB2L336P__seed_8_1763344785
3637984,0-Episodic-Stats/episodic_length,274.0,Pong1PCB2L336P__seed_8_1763344785
3653952,0-Episodic-Stats/episodic_length,1129.0,Pong1PCB2L336P__seed_8_1763344785
3680416,0-Episodic-Stats/episodic_length,559.0,Pong1PCB2L336P__seed_8_1763344785
3733824,0-Episodic-Stats/episodic_length,274.0,Pong1PCB2L336P__seed_8_1763344785
3760160,0-Episodic-Stats/episodic_length,369.0,Pong1PCB2L336P__seed_8_1763344785
3762848,0-Episodic-Stats/episodic_length,274.0,Pong1PCB2L336P__seed_8_1763344785
3770240,0-Episodic-Stats/episodic_length,464.0,Pong1PCB2L336P__seed_8_1763344785
3770720,0-Episodic-Stats/episodic_length,464.0,Pong1PCB2L336P__seed_8_1763344785
3773024,0-Episodic-Stats/episodic_length,369.0,Pong1PCB2L336P__seed_8_1763344785
3778784,0-Episodic-Stats/episodic_length,274.0,Pong1PCB2L336P__seed_8_1763344785
3787232,0-Episodic-Stats/episodic_length,274.0,Pong1PCB2L336P__seed_8_1763344785
3807072,0-Episodic-Stats/episodic_length,369.0,Pong1PCB2L336P__seed_8_1763344785
3823136,0-Episodic-Stats/episodic_length,1034.0,Pong1PCB2L336P__seed_8_1763344785
3835520,0-Episodic-Stats/episodic_length,274.0,Pong1PCB2L336P__seed_8_1763344785
3843776,0-Episodic-Stats/episodic_length,464.0,Pong1PCB2L336P__seed_8_1763344785
3852256,0-Episodic-Stats/episodic_length,274.0,Pong1PCB2L336P__seed_8_1763344785
3862496,0-Episodic-Stats/episodic_length,369.0,Pong1PCB2L336P__seed_8_1763344785
3899392,0-Episodic-Stats/episodic_length,369.0,Pong1PCB2L336P__seed_8_1763344785
3936928,0-Episodic-Stats/episodic_length,654.0,Pong1PCB2L336P__seed_8_1763344785
3946560,0-Episodic-Stats/episodic_length,274.0,Pong1PCB2L336P__seed_8_1763344785
3959296,0-Episodic-Stats/episodic_length,559.0,Pong1PCB2L336P__seed_8_1763344785
3962816,0-Episodic-Stats/episodic_length,274.0,Pong1PCB2L336P__seed_8_1763344785
3969312,0-Episodic-Stats/episodic_length,559.0,Pong1PCB2L336P__seed_8_1763344785
3972128,0-Episodic-Stats/episodic_length,464.0,Pong1PCB2L336P__seed_8_1763344785
3982752,0-Episodic-Stats/episodic_length,559.0,Pong1PCB2L336P__seed_8_1763344785
3994688,0-Episodic-Stats/episodic_length,369.0,Pong1PCB2L336P__seed_8_1763344785
4002016,0-Episodic-Stats/episodic_length,559.0,Pong1PCB2L336P__seed_8_1763344785
4003680,0-Episodic-Stats/episodic_length,559.0,Pong1PCB2L336P__seed_8_1763344785
4007008,0-Episodic-Stats/episodic_length,274.0,Pong1PCB2L336P__seed_8_1763344785
4016480,0-Episodic-Stats/episodic_length,274.0,Pong1PCB2L336P__seed_8_1763344785
4093728,0-Episodic-Stats/episodic_length,369.0,Pong1PCB2L336P__seed_8_1763344785
4117184,0-Episodic-Stats/episodic_length,274.0,Pong1PCB2L336P__seed_8_1763344785
4126688,0-Episodic-Stats/episodic_length,464.0,Pong1PCB2L336P__seed_8_1763344785
4169536,0-Episodic-Stats/episodic_length,274.0,Pong1PCB2L336P__seed_8_1763344785
4217600,0-Episodic-Stats/episodic_length,559.0,Pong1PCB2L336P__seed_8_1763344785
4219136,0-Episodic-Stats/episodic_length,369.0,Pong1PCB2L336P__seed_8_1763344785
4229408,0-Episodic-Stats/episodic_length,274.0,Pong1PCB2L336P__seed_8_1763344785
4264384,0-Episodic-Stats/episodic_length,274.0,Pong1PCB2L336P__seed_8_1763344785
4270720,0-Episodic-Stats/episodic_length,749.0,Pong1PCB2L336P__seed_8_1763344785
4295488,0-Episodic-Stats/episodic_length,417.0,Pong1PCB2L336P__seed_8_1763344785
4295840,0-Episodic-Stats/episodic_length,417.0,Pong1PCB2L336P__seed_8_1763344785
4320896,0-Episodic-Stats/episodic_length,274.0,Pong1PCB2L336P__seed_8_1763344785
4324192,0-Episodic-Stats/episodic_length,464.0,Pong1PCB2L336P__seed_8_1763344785
4335040,0-Episodic-Stats/episodic_length,607.0,Pong1PCB2L336P__seed_8_1763344785
4343456,0-Episodic-Stats/episodic_length,464.0,Pong1PCB2L336P__seed_8_1763344785
4344000,0-Episodic-Stats/episodic_length,559.0,Pong1PCB2L336P__seed_8_1763344785
4372256,0-Episodic-Stats/episodic_length,559.0,Pong1PCB2L336P__seed_8_1763344785
4373952,0-Episodic-Stats/episodic_length,369.0,Pong1PCB2L336P__seed_8_1763344785
4384768,0-Episodic-Stats/episodic_length,1414.0,Pong1PCB2L336P__seed_8_1763344785
4393952,0-Episodic-Stats/episodic_length,464.0,Pong1PCB2L336P__seed_8_1763344785
4409600,0-Episodic-Stats/episodic_length,749.0,Pong1PCB2L336P__seed_8_1763344785
4421952,0-Episodic-Stats/episodic_length,559.0,Pong1PCB2L336P__seed_8_1763344785
4431328,0-Episodic-Stats/episodic_length,559.0,Pong1PCB2L336P__seed_8_1763344785
4435264,0-Episodic-Stats/episodic_length,274.0,Pong1PCB2L336P__seed_8_1763344785
4435552,0-Episodic-Stats/episodic_length,464.0,Pong1PCB2L336P__seed_8_1763344785
4479296,0-Episodic-Stats/episodic_length,654.0,Pong1PCB2L336P__seed_8_1763344785
4491776,0-Episodic-Stats/episodic_length,464.0,Pong1PCB2L336P__seed_8_1763344785
4497088,0-Episodic-Stats/episodic_length,559.0,Pong1PCB2L336P__seed_8_1763344785
4536320,0-Episodic-Stats/episodic_length,322.0,Pong1PCB2L336P__seed_8_1763344785
4548448,0-Episodic-Stats/episodic_length,749.0,Pong1PCB2L336P__seed_8_1763344785
4549600,0-Episodic-Stats/episodic_length,274.0,Pong1PCB2L336P__seed_8_1763344785
4561472,0-Episodic-Stats/episodic_length,417.0,Pong1PCB2L336P__seed_8_1763344785
4575968,0-Episodic-Stats/episodic_length,274.0,Pong1PCB2L336P__seed_8_1763344785
4631136,0-Episodic-Stats/episodic_length,464.0,Pong1PCB2L336P__seed_8_1763344785
4631168,0-Episodic-Stats/episodic_length,464.0,Pong1PCB2L336P__seed_8_1763344785
4648960,0-Episodic-Stats/episodic_length,559.0,Pong1PCB2L336P__seed_8_1763344785
4675680,0-Episodic-Stats/episodic_length,749.0,Pong1PCB2L336P__seed_8_1763344785
4701408,0-Episodic-Stats/episodic_length,274.0,Pong1PCB2L336P__seed_8_1763344785
4706272,0-Episodic-Stats/episodic_length,274.0,Pong1PCB2L336P__seed_8_1763344785
4754720,0-Episodic-Stats/episodic_length,464.0,Pong1PCB2L336P__seed_8_1763344785
4773856,0-Episodic-Stats/episodic_length,464.0,Pong1PCB2L336P__seed_8_1763344785
4780928,0-Episodic-Stats/episodic_length,274.0,Pong1PCB2L336P__seed_8_1763344785
4791552,0-Episodic-Stats/episodic_length,274.0,Pong1PCB2L336P__seed_8_1763344785
4813280,0-Episodic-Stats/episodic_length,464.0,Pong1PCB2L336P__seed_8_1763344785
4818304,0-Episodic-Stats/episodic_length,369.0,Pong1PCB2L336P__seed_8_1763344785
4845792,0-Episodic-Stats/episodic_length,939.0,Pong1PCB2L336P__seed_8_1763344785
4859040,0-Episodic-Stats/episodic_length,464.0,Pong1PCB2L336P__seed_8_1763344785
4864480,0-Episodic-Stats/episodic_length,417.0,Pong1PCB2L336P__seed_8_1763344785
4872480,0-Episodic-Stats/episodic_length,559.0,Pong1PCB2L336P__seed_8_1763344785
4877088,0-Episodic-Stats/episodic_length,274.0,Pong1PCB2L336P__seed_8_1763344785
4879104,0-Episodic-Stats/episodic_length,1177.0,Pong1PCB2L336P__seed_8_1763344785
4886272,0-Episodic-Stats/episodic_length,274.0,Pong1PCB2L336P__seed_8_1763344785
4908224,0-Episodic-Stats/episodic_length,369.0,Pong1PCB2L336P__seed_8_1763344785
4909408,0-Episodic-Stats/episodic_length,702.0,Pong1PCB2L336P__seed_8_1763344785
4948416,0-Episodic-Stats/episodic_length,274.0,Pong1PCB2L336P__seed_8_1763344785
4948768,0-Episodic-Stats/episodic_length,274.0,Pong1PCB2L336P__seed_8_1763344785
4952000,0-Episodic-Stats/episodic_length,274.0,Pong1PCB2L336P__seed_8_1763344785
4963616,0-Episodic-Stats/episodic_length,749.0,Pong1PCB2L336P__seed_8_1763344785
4978240,0-Episodic-Stats/episodic_length,417.0,Pong1PCB2L336P__seed_8_1763344785
4985728,0-Episodic-Stats/episodic_length,559.0,Pong1PCB2L336P__seed_8_1763344785
4987680,0-Episodic-Stats/episodic_length,322.0,Pong1PCB2L336P__seed_8_1763344785
5004608,0-Episodic-Stats/episodic_length,274.0,Pong1PCB2L336P__seed_8_1763344785
5063136,0-Episodic-Stats/episodic_length,464.0,Pong1PCB2L336P__seed_8_1763344785
5070080,0-Episodic-Stats/episodic_length,369.0,Pong1PCB2L336P__seed_8_1763344785
5097056,0-Episodic-Stats/episodic_length,274.0,Pong1PCB2L336P__seed_8_1763344785
5114592,0-Episodic-Stats/episodic_length,369.0,Pong1PCB2L336P__seed_8_1763344785
5134656,0-Episodic-Stats/episodic_length,369.0,Pong1PCB2L336P__seed_8_1763344785
5135072,0-Episodic-Stats/episodic_length,797.0,Pong1PCB2L336P__seed_8_1763344785
5169408,0-Episodic-Stats/episodic_length,274.0,Pong1PCB2L336P__seed_8_1763344785
5212160,0-Episodic-Stats/episodic_length,274.0,Pong1PCB2L336P__seed_8_1763344785
5229056,0-Episodic-Stats/episodic_length,274.0,Pong1PCB2L336P__seed_8_1763344785
5233760,0-Episodic-Stats/episodic_length,274.0,Pong1PCB2L336P__seed_8_1763344785
5263200,0-Episodic-Stats/episodic_length,274.0,Pong1PCB2L336P__seed_8_1763344785
5273184,0-Episodic-Stats/episodic_length,274.0,Pong1PCB2L336P__seed_8_1763344785
5285408,0-Episodic-Stats/episodic_length,274.0,Pong1PCB2L336P__seed_8_1763344785
5319456,0-Episodic-Stats/episodic_length,274.0,Pong1PCB2L336P__seed_8_1763344785
5330240,0-Episodic-Stats/episodic_length,559.0,Pong1PCB2L336P__seed_8_1763344785
5332128,0-Episodic-Stats/episodic_length,369.0,Pong1PCB2L336P__seed_8_1763344785
5341728,0-Episodic-Stats/episodic_length,417.0,Pong1PCB2L336P__seed_8_1763344785
5351968,0-Episodic-Stats/episodic_length,274.0,Pong1PCB2L336P__seed_8_1763344785
5361760,0-Episodic-Stats/episodic_length,274.0,Pong1PCB2L336P__seed_8_1763344785
5362432,0-Episodic-Stats/episodic_length,274.0,Pong1PCB2L336P__seed_8_1763344785
5376352,0-Episodic-Stats/episodic_length,559.0,Pong1PCB2L336P__seed_8_1763344785
5380256,0-Episodic-Stats/episodic_length,274.0,Pong1PCB2L336P__seed_8_1763344785
5384448,0-Episodic-Stats/episodic_length,939.0,Pong1PCB2L336P__seed_8_1763344785
5394496,0-Episodic-Stats/episodic_length,464.0,Pong1PCB2L336P__seed_8_1763344785
5397024,0-Episodic-Stats/episodic_length,274.0,Pong1PCB2L336P__seed_8_1763344785
5419904,0-Episodic-Stats/episodic_length,274.0,Pong1PCB2L336P__seed_8_1763344785
5422112,0-Episodic-Stats/episodic_length,559.0,Pong1PCB2L336P__seed_8_1763344785
5443328,0-Episodic-Stats/episodic_length,274.0,Pong1PCB2L336P__seed_8_1763344785
5461664,0-Episodic-Stats/episodic_length,512.0,Pong1PCB2L336P__seed_8_1763344785
5478400,0-Episodic-Stats/episodic_length,559.0,Pong1PCB2L336P__seed_8_1763344785
5483392,0-Episodic-Stats/episodic_length,274.0,Pong1PCB2L336P__seed_8_1763344785
5499232,0-Episodic-Stats/episodic_length,369.0,Pong1PCB2L336P__seed_8_1763344785
5502528,0-Episodic-Stats/episodic_length,417.0,Pong1PCB2L336P__seed_8_1763344785
5516288,0-Episodic-Stats/episodic_length,464.0,Pong1PCB2L336P__seed_8_1763344785
5537056,0-Episodic-Stats/episodic_length,559.0,Pong1PCB2L336P__seed_8_1763344785
5564032,0-Episodic-Stats/episodic_length,274.0,Pong1PCB2L336P__seed_8_1763344785
5599232,0-Episodic-Stats/episodic_length,274.0,Pong1PCB2L336P__seed_8_1763344785
5626656,0-Episodic-Stats/episodic_length,274.0,Pong1PCB2L336P__seed_8_1763344785
5631040,0-Episodic-Stats/episodic_length,274.0,Pong1PCB2L336P__seed_8_1763344785
5639904,0-Episodic-Stats/episodic_length,749.0,Pong1PCB2L336P__seed_8_1763344785
5661472,0-Episodic-Stats/episodic_length,464.0,Pong1PCB2L336P__seed_8_1763344785
5678880,0-Episodic-Stats/episodic_length,274.0,Pong1PCB2L336P__seed_8_1763344785
5739360,0-Episodic-Stats/episodic_length,369.0,Pong1PCB2L336P__seed_8_1763344785
5753472,0-Episodic-Stats/episodic_length,274.0,Pong1PCB2L336P__seed_8_1763344785
5760448,0-Episodic-Stats/episodic_length,274.0,Pong1PCB2L336P__seed_8_1763344785
5766816,0-Episodic-Stats/episodic_length,464.0,Pong1PCB2L336P__seed_8_1763344785
5792736,0-Episodic-Stats/episodic_length,417.0,Pong1PCB2L336P__seed_8_1763344785
5815552,0-Episodic-Stats/episodic_length,369.0,Pong1PCB2L336P__seed_8_1763344785
5823872,0-Episodic-Stats/episodic_length,939.0,Pong1PCB2L336P__seed_8_1763344785
5839936,0-Episodic-Stats/episodic_length,417.0,Pong1PCB2L336P__seed_8_1763344785
5844640,0-Episodic-Stats/episodic_length,417.0,Pong1PCB2L336P__seed_8_1763344785
5847424,0-Episodic-Stats/episodic_length,322.0,Pong1PCB2L336P__seed_8_1763344785
5848448,0-Episodic-Stats/episodic_length,464.0,Pong1PCB2L336P__seed_8_1763344785
5861056,0-Episodic-Stats/episodic_length,369.0,Pong1PCB2L336P__seed_8_1763344785
5870080,0-Episodic-Stats/episodic_length,274.0,Pong1PCB2L336P__seed_8_1763344785
5875232,0-Episodic-Stats/episodic_length,274.0,Pong1PCB2L336P__seed_8_1763344785
5936096,0-Episodic-Stats/episodic_length,274.0,Pong1PCB2L336P__seed_8_1763344785
5946208,0-Episodic-Stats/episodic_length,464.0,Pong1PCB2L336P__seed_8_1763344785
5953344,0-Episodic-Stats/episodic_length,274.0,Pong1PCB2L336P__seed_8_1763344785
5973536,0-Episodic-Stats/episodic_length,274.0,Pong1PCB2L336P__seed_8_1763344785
5979936,0-Episodic-Stats/episodic_length,702.0,Pong1PCB2L336P__seed_8_1763344785
5981280,0-Episodic-Stats/episodic_length,654.0,Pong1PCB2L336P__seed_8_1763344785
5982048,0-Episodic-Stats/episodic_length,274.0,Pong1PCB2L336P__seed_8_1763344785
5985856,0-Episodic-Stats/episodic_length,274.0,Pong1PCB2L336P__seed_8_1763344785
5990016,0-Episodic-Stats/episodic_length,274.0,Pong1PCB2L336P__seed_8_1763344785
5993408,0-Episodic-Stats/episodic_length,464.0,Pong1PCB2L336P__seed_8_1763344785
5999648,0-Episodic-Stats/episodic_length,559.0,Pong1PCB2L336P__seed_8_1763344785
6034176,0-Episodic-Stats/episodic_length,844.0,Pong1PCB2L336P__seed_8_1763344785
6035776,0-Episodic-Stats/episodic_length,274.0,Pong1PCB2L336P__seed_8_1763344785
6059520,0-Episodic-Stats/episodic_length,559.0,Pong1PCB2L336P__seed_8_1763344785
6110592,0-Episodic-Stats/episodic_length,369.0,Pong1PCB2L336P__seed_8_1763344785
6142240,0-Episodic-Stats/episodic_length,369.0,Pong1PCB2L336P__seed_8_1763344785
6153312,0-Episodic-Stats/episodic_length,417.0,Pong1PCB2L336P__seed_8_1763344785
6209536,0-Episodic-Stats/episodic_length,274.0,Pong1PCB2L336P__seed_8_1763344785
6219552,0-Episodic-Stats/episodic_length,274.0,Pong1PCB2L336P__seed_8_1763344785
6236960,0-Episodic-Stats/episodic_length,369.0,Pong1PCB2L336P__seed_8_1763344785
6267264,0-Episodic-Stats/episodic_length,274.0,Pong1PCB2L336P__seed_8_1763344785
6271648,0-Episodic-Stats/episodic_length,607.0,Pong1PCB2L336P__seed_8_1763344785
6304896,0-Episodic-Stats/episodic_length,274.0,Pong1PCB2L336P__seed_8_1763344785
6322080,0-Episodic-Stats/episodic_length,274.0,Pong1PCB2L336P__seed_8_1763344785
6324032,0-Episodic-Stats/episodic_length,274.0,Pong1PCB2L336P__seed_8_1763344785
6324384,0-Episodic-Stats/episodic_length,274.0,Pong1PCB2L336P__seed_8_1763344785
6331104,0-Episodic-Stats/episodic_length,559.0,Pong1PCB2L336P__seed_8_1763344785
6343552,0-Episodic-Stats/episodic_length,274.0,Pong1PCB2L336P__seed_8_1763344785
6348096,0-Episodic-Stats/episodic_length,274.0,Pong1PCB2L336P__seed_8_1763344785
6373280,0-Episodic-Stats/episodic_length,417.0,Pong1PCB2L336P__seed_8_1763344785
6376224,0-Episodic-Stats/episodic_length,464.0,Pong1PCB2L336P__seed_8_1763344785
6399360,0-Episodic-Stats/episodic_length,274.0,Pong1PCB2L336P__seed_8_1763344785
6407200,0-Episodic-Stats/episodic_length,559.0,Pong1PCB2L336P__seed_8_1763344785
6410688,0-Episodic-Stats/episodic_length,369.0,Pong1PCB2L336P__seed_8_1763344785
6416992,0-Episodic-Stats/episodic_length,274.0,Pong1PCB2L336P__seed_8_1763344785
6422976,0-Episodic-Stats/episodic_length,654.0,Pong1PCB2L336P__seed_8_1763344785
6427680,0-Episodic-Stats/episodic_length,749.0,Pong1PCB2L336P__seed_8_1763344785
6442112,0-Episodic-Stats/episodic_length,274.0,Pong1PCB2L336P__seed_8_1763344785
6448352,0-Episodic-Stats/episodic_length,274.0,Pong1PCB2L336P__seed_8_1763344785
6467680,0-Episodic-Stats/episodic_length,749.0,Pong1PCB2L336P__seed_8_1763344785
6472256,0-Episodic-Stats/episodic_length,464.0,Pong1PCB2L336P__seed_8_1763344785
6495456,0-Episodic-Stats/episodic_length,274.0,Pong1PCB2L336P__seed_8_1763344785
6497536,0-Episodic-Stats/episodic_length,274.0,Pong1PCB2L336P__seed_8_1763344785
6522144,0-Episodic-Stats/episodic_length,274.0,Pong1PCB2L336P__seed_8_1763344785
6527840,0-Episodic-Stats/episodic_length,417.0,Pong1PCB2L336P__seed_8_1763344785
6630016,0-Episodic-Stats/episodic_length,274.0,Pong1PCB2L336P__seed_8_1763344785
6660736,0-Episodic-Stats/episodic_length,559.0,Pong1PCB2L336P__seed_8_1763344785
6662048,0-Episodic-Stats/episodic_length,274.0,Pong1PCB2L336P__seed_8_1763344785
6676096,0-Episodic-Stats/episodic_length,274.0,Pong1PCB2L336P__seed_8_1763344785
6707968,0-Episodic-Stats/episodic_length,37.0,Pong1PCB2L336P__seed_8_1763344785
6709472,0-Episodic-Stats/episodic_length,274.0,Pong1PCB2L336P__seed_8_1763344785
6744928,0-Episodic-Stats/episodic_length,227.0,Pong1PCB2L336P__seed_8_1763344785
6779232,0-Episodic-Stats/episodic_length,464.0,Pong1PCB2L336P__seed_8_1763344785
6790976,0-Episodic-Stats/episodic_length,654.0,Pong1PCB2L336P__seed_8_1763344785
6812288,0-Episodic-Stats/episodic_length,274.0,Pong1PCB2L336P__seed_8_1763344785
6837920,0-Episodic-Stats/episodic_length,274.0,Pong1PCB2L336P__seed_8_1763344785
6844288,0-Episodic-Stats/episodic_length,274.0,Pong1PCB2L336P__seed_8_1763344785
6856672,0-Episodic-Stats/episodic_length,274.0,Pong1PCB2L336P__seed_8_1763344785
6860000,0-Episodic-Stats/episodic_length,322.0,Pong1PCB2L336P__seed_8_1763344785
6863104,0-Episodic-Stats/episodic_length,274.0,Pong1PCB2L336P__seed_8_1763344785
6882016,0-Episodic-Stats/episodic_length,607.0,Pong1PCB2L336P__seed_8_1763344785
6887072,0-Episodic-Stats/episodic_length,797.0,Pong1PCB2L336P__seed_8_1763344785
6888192,0-Episodic-Stats/episodic_length,274.0,Pong1PCB2L336P__seed_8_1763344785
6890368,0-Episodic-Stats/episodic_length,417.0,Pong1PCB2L336P__seed_8_1763344785
6895776,0-Episodic-Stats/episodic_length,749.0,Pong1PCB2L336P__seed_8_1763344785
6900704,0-Episodic-Stats/episodic_length,464.0,Pong1PCB2L336P__seed_8_1763344785
6913472,0-Episodic-Stats/episodic_length,464.0,Pong1PCB2L336P__seed_8_1763344785
6913696,0-Episodic-Stats/episodic_length,464.0,Pong1PCB2L336P__seed_8_1763344785
6918880,0-Episodic-Stats/episodic_length,274.0,Pong1PCB2L336P__seed_8_1763344785
6924768,0-Episodic-Stats/episodic_length,227.0,Pong1PCB2L336P__seed_8_1763344785
6946432,0-Episodic-Stats/episodic_length,274.0,Pong1PCB2L336P__seed_8_1763344785
6990912,0-Episodic-Stats/episodic_length,417.0,Pong1PCB2L336P__seed_8_1763344785
6995200,0-Episodic-Stats/episodic_length,987.0,Pong1PCB2L336P__seed_8_1763344785
7005344,0-Episodic-Stats/episodic_length,797.0,Pong1PCB2L336P__seed_8_1763344785
7020992,0-Episodic-Stats/episodic_length,464.0,Pong1PCB2L336P__seed_8_1763344785
7024000,0-Episodic-Stats/episodic_length,417.0,Pong1PCB2L336P__seed_8_1763344785
7074624,0-Episodic-Stats/episodic_length,417.0,Pong1PCB2L336P__seed_8_1763344785
7112960,0-Episodic-Stats/episodic_length,607.0,Pong1PCB2L336P__seed_8_1763344785
7119840,0-Episodic-Stats/episodic_length,274.0,Pong1PCB2L336P__seed_8_1763344785
7159712,0-Episodic-Stats/episodic_length,749.0,Pong1PCB2L336P__seed_8_1763344785
7181824,0-Episodic-Stats/episodic_length,417.0,Pong1PCB2L336P__seed_8_1763344785
7215936,0-Episodic-Stats/episodic_length,274.0,Pong1PCB2L336P__seed_8_1763344785
7231136,0-Episodic-Stats/episodic_length,417.0,Pong1PCB2L336P__seed_8_1763344785
7236032,0-Episodic-Stats/episodic_length,417.0,Pong1PCB2L336P__seed_8_1763344785
7237312,0-Episodic-Stats/episodic_length,274.0,Pong1PCB2L336P__seed_8_1763344785
7269984,0-Episodic-Stats/episodic_length,512.0,Pong1PCB2L336P__seed_8_1763344785
7283456,0-Episodic-Stats/episodic_length,417.0,Pong1PCB2L336P__seed_8_1763344785
7308256,0-Episodic-Stats/episodic_length,464.0,Pong1PCB2L336P__seed_8_1763344785
7335968,0-Episodic-Stats/episodic_length,1272.0,Pong1PCB2L336P__seed_8_1763344785
7340704,0-Episodic-Stats/episodic_length,369.0,Pong1PCB2L336P__seed_8_1763344785
7353728,0-Episodic-Stats/episodic_length,227.0,Pong1PCB2L336P__seed_8_1763344785
7358560,0-Episodic-Stats/episodic_length,702.0,Pong1PCB2L336P__seed_8_1763344785
7360224,0-Episodic-Stats/episodic_length,227.0,Pong1PCB2L336P__seed_8_1763344785
7364960,0-Episodic-Stats/episodic_length,227.0,Pong1PCB2L336P__seed_8_1763344785
7397664,0-Episodic-Stats/episodic_length,417.0,Pong1PCB2L336P__seed_8_1763344785
7399776,0-Episodic-Stats/episodic_length,464.0,Pong1PCB2L336P__seed_8_1763344785
7401696,0-Episodic-Stats/episodic_length,274.0,Pong1PCB2L336P__seed_8_1763344785
7404704,0-Episodic-Stats/episodic_length,464.0,Pong1PCB2L336P__seed_8_1763344785
7418592,0-Episodic-Stats/episodic_length,559.0,Pong1PCB2L336P__seed_8_1763344785
7425248,0-Episodic-Stats/episodic_length,749.0,Pong1PCB2L336P__seed_8_1763344785
7427840,0-Episodic-Stats/episodic_length,559.0,Pong1PCB2L336P__seed_8_1763344785
7430624,0-Episodic-Stats/episodic_length,464.0,Pong1PCB2L336P__seed_8_1763344785
7434336,0-Episodic-Stats/episodic_length,417.0,Pong1PCB2L336P__seed_8_1763344785
7440704,0-Episodic-Stats/episodic_length,274.0,Pong1PCB2L336P__seed_8_1763344785
7456672,0-Episodic-Stats/episodic_length,274.0,Pong1PCB2L336P__seed_8_1763344785
7499680,0-Episodic-Stats/episodic_length,274.0,Pong1PCB2L336P__seed_8_1763344785
7516800,0-Episodic-Stats/episodic_length,227.0,Pong1PCB2L336P__seed_8_1763344785
7520512,0-Episodic-Stats/episodic_length,322.0,Pong1PCB2L336P__seed_8_1763344785
7522080,0-Episodic-Stats/episodic_length,227.0,Pong1PCB2L336P__seed_8_1763344785
7566496,0-Episodic-Stats/episodic_length,559.0,Pong1PCB2L336P__seed_8_1763344785
7620096,0-Episodic-Stats/episodic_length,417.0,Pong1PCB2L336P__seed_8_1763344785
7632832,0-Episodic-Stats/episodic_length,464.0,Pong1PCB2L336P__seed_8_1763344785
7640608,0-Episodic-Stats/episodic_length,1177.0,Pong1PCB2L336P__seed_8_1763344785
7677984,0-Episodic-Stats/episodic_length,417.0,Pong1PCB2L336P__seed_8_1763344785
7696320,0-Episodic-Stats/episodic_length,274.0,Pong1PCB2L336P__seed_8_1763344785
7721664,0-Episodic-Stats/episodic_length,464.0,Pong1PCB2L336P__seed_8_1763344785
7745568,0-Episodic-Stats/episodic_length,274.0,Pong1PCB2L336P__seed_8_1763344785
7766816,0-Episodic-Stats/episodic_length,607.0,Pong1PCB2L336P__seed_8_1763344785
7776992,0-Episodic-Stats/episodic_length,1034.0,Pong1PCB2L336P__seed_8_1763344785
7806176,0-Episodic-Stats/episodic_length,464.0,Pong1PCB2L336P__seed_8_1763344785
7819424,0-Episodic-Stats/episodic_length,274.0,Pong1PCB2L336P__seed_8_1763344785
7826560,0-Episodic-Stats/episodic_length,274.0,Pong1PCB2L336P__seed_8_1763344785
7832672,0-Episodic-Stats/episodic_length,369.0,Pong1PCB2L336P__seed_8_1763344785
7833408,0-Episodic-Stats/episodic_length,227.0,Pong1PCB2L336P__seed_8_1763344785
7843488,0-Episodic-Stats/episodic_length,417.0,Pong1PCB2L336P__seed_8_1763344785
7843552,0-Episodic-Stats/episodic_length,274.0,Pong1PCB2L336P__seed_8_1763344785
7859136,0-Episodic-Stats/episodic_length,464.0,Pong1PCB2L336P__seed_8_1763344785
7864608,0-Episodic-Stats/episodic_length,417.0,Pong1PCB2L336P__seed_8_1763344785
7868256,0-Episodic-Stats/episodic_length,464.0,Pong1PCB2L336P__seed_8_1763344785
7878080,0-Episodic-Stats/episodic_length,417.0,Pong1PCB2L336P__seed_8_1763344785
7878752,0-Episodic-Stats/episodic_length,227.0,Pong1PCB2L336P__seed_8_1763344785
7883456,0-Episodic-Stats/episodic_length,274.0,Pong1PCB2L336P__seed_8_1763344785
7893472,0-Episodic-Stats/episodic_length,227.0,Pong1PCB2L336P__seed_8_1763344785
7894560,0-Episodic-Stats/episodic_length,417.0,Pong1PCB2L336P__seed_8_1763344785
7947584,0-Episodic-Stats/episodic_length,274.0,Pong1PCB2L336P__seed_8_1763344785
7951744,0-Episodic-Stats/episodic_length,464.0,Pong1PCB2L336P__seed_8_1763344785
7953280,0-Episodic-Stats/episodic_length,464.0,Pong1PCB2L336P__seed_8_1763344785
8003264,0-Episodic-Stats/episodic_length,274.0,Pong1PCB2L336P__seed_8_1763344785
8020928,0-Episodic-Stats/episodic_length,417.0,Pong1PCB2L336P__seed_8_1763344785
8025728,0-Episodic-Stats/episodic_length,464.0,Pong1PCB2L336P__seed_8_1763344785
8034720,0-Episodic-Stats/episodic_length,274.0,Pong1PCB2L336P__seed_8_1763344785
8044032,0-Episodic-Stats/episodic_length,417.0,Pong1PCB2L336P__seed_8_1763344785
8063904,0-Episodic-Stats/episodic_length,274.0,Pong1PCB2L336P__seed_8_1763344785
8073152,0-Episodic-Stats/episodic_length,1414.0,Pong1PCB2L336P__seed_8_1763344785
8132256,0-Episodic-Stats/episodic_length,274.0,Pong1PCB2L336P__seed_8_1763344785
8134048,0-Episodic-Stats/episodic_length,274.0,Pong1PCB2L336P__seed_8_1763344785
8138304,0-Episodic-Stats/episodic_length,274.0,Pong1PCB2L336P__seed_8_1763344785
8162112,0-Episodic-Stats/episodic_length,274.0,Pong1PCB2L336P__seed_8_1763344785
8164160,0-Episodic-Stats/episodic_length,274.0,Pong1PCB2L336P__seed_8_1763344785
8211392,0-Episodic-Stats/episodic_length,417.0,Pong1PCB2L336P__seed_8_1763344785
8238784,0-Episodic-Stats/episodic_length,322.0,Pong1PCB2L336P__seed_8_1763344785
8242432,0-Episodic-Stats/episodic_length,274.0,Pong1PCB2L336P__seed_8_1763344785
8263424,0-Episodic-Stats/episodic_length,274.0,Pong1PCB2L336P__seed_8_1763344785
8277472,0-Episodic-Stats/episodic_length,274.0,Pong1PCB2L336P__seed_8_1763344785
8281984,0-Episodic-Stats/episodic_length,654.0,Pong1PCB2L336P__seed_8_1763344785
8285024,0-Episodic-Stats/episodic_length,274.0,Pong1PCB2L336P__seed_8_1763344785
8290336,0-Episodic-Stats/episodic_length,417.0,Pong1PCB2L336P__seed_8_1763344785
8303328,0-Episodic-Stats/episodic_length,274.0,Pong1PCB2L336P__seed_8_1763344785
8317056,0-Episodic-Stats/episodic_length,369.0,Pong1PCB2L336P__seed_8_1763344785
8340608,0-Episodic-Stats/episodic_length,274.0,Pong1PCB2L336P__seed_8_1763344785
8366912,0-Episodic-Stats/episodic_length,274.0,Pong1PCB2L336P__seed_8_1763344785
8368448,0-Episodic-Stats/episodic_length,274.0,Pong1PCB2L336P__seed_8_1763344785
8374464,0-Episodic-Stats/episodic_length,417.0,Pong1PCB2L336P__seed_8_1763344785
8384672,0-Episodic-Stats/episodic_length,464.0,Pong1PCB2L336P__seed_8_1763344785
8411968,0-Episodic-Stats/episodic_length,1842.0,Pong1PCB2L336P__seed_8_1763344785
8422176,0-Episodic-Stats/episodic_length,417.0,Pong1PCB2L336P__seed_8_1763344785
8430240,0-Episodic-Stats/episodic_length,512.0,Pong1PCB2L336P__seed_8_1763344785
8473024,0-Episodic-Stats/episodic_length,274.0,Pong1PCB2L336P__seed_8_1763344785
8473856,0-Episodic-Stats/episodic_length,274.0,Pong1PCB2L336P__seed_8_1763344785
8474016,0-Episodic-Stats/episodic_length,274.0,Pong1PCB2L336P__seed_8_1763344785
8477248,0-Episodic-Stats/episodic_length,1082.0,Pong1PCB2L336P__seed_8_1763344785
8494752,0-Episodic-Stats/episodic_length,274.0,Pong1PCB2L336P__seed_8_1763344785
8499424,0-Episodic-Stats/episodic_length,274.0,Pong1PCB2L336P__seed_8_1763344785
8500128,0-Episodic-Stats/episodic_length,464.0,Pong1PCB2L336P__seed_8_1763344785
8534624,0-Episodic-Stats/episodic_length,227.0,Pong1PCB2L336P__seed_8_1763344785
8544160,0-Episodic-Stats/episodic_length,417.0,Pong1PCB2L336P__seed_8_1763344785
8557536,0-Episodic-Stats/episodic_length,417.0,Pong1PCB2L336P__seed_8_1763344785
8591104,0-Episodic-Stats/episodic_length,512.0,Pong1PCB2L336P__seed_8_1763344785
8606848,0-Episodic-Stats/episodic_length,1034.0,Pong1PCB2L336P__seed_8_1763344785
8625408,0-Episodic-Stats/episodic_length,274.0,Pong1PCB2L336P__seed_8_1763344785
8636640,0-Episodic-Stats/episodic_length,654.0,Pong1PCB2L336P__seed_8_1763344785
8651072,0-Episodic-Stats/episodic_length,464.0,Pong1PCB2L336P__seed_8_1763344785
8667616,0-Episodic-Stats/episodic_length,274.0,Pong1PCB2L336P__seed_8_1763344785
8671008,0-Episodic-Stats/episodic_length,274.0,Pong1PCB2L336P__seed_8_1763344785
8678112,0-Episodic-Stats/episodic_length,464.0,Pong1PCB2L336P__seed_8_1763344785
8682048,0-Episodic-Stats/episodic_length,274.0,Pong1PCB2L336P__seed_8_1763344785
8704320,0-Episodic-Stats/episodic_length,274.0,Pong1PCB2L336P__seed_8_1763344785
8751872,0-Episodic-Stats/episodic_length,274.0,Pong1PCB2L336P__seed_8_1763344785
8758432,0-Episodic-Stats/episodic_length,322.0,Pong1PCB2L336P__seed_8_1763344785
8759328,0-Episodic-Stats/episodic_length,274.0,Pong1PCB2L336P__seed_8_1763344785
8759584,0-Episodic-Stats/episodic_length,274.0,Pong1PCB2L336P__seed_8_1763344785
8817024,0-Episodic-Stats/episodic_length,512.0,Pong1PCB2L336P__seed_8_1763344785
8833760,0-Episodic-Stats/episodic_length,274.0,Pong1PCB2L336P__seed_8_1763344785
8843072,0-Episodic-Stats/episodic_length,749.0,Pong1PCB2L336P__seed_8_1763344785
8867296,0-Episodic-Stats/episodic_length,274.0,Pong1PCB2L336P__seed_8_1763344785
8892256,0-Episodic-Stats/episodic_length,369.0,Pong1PCB2L336P__seed_8_1763344785
8892352,0-Episodic-Stats/episodic_length,654.0,Pong1PCB2L336P__seed_8_1763344785
8906464,0-Episodic-Stats/episodic_length,417.0,Pong1PCB2L336P__seed_8_1763344785
8924512,0-Episodic-Stats/episodic_length,274.0,Pong1PCB2L336P__seed_8_1763344785
8942880,0-Episodic-Stats/episodic_length,369.0,Pong1PCB2L336P__seed_8_1763344785
8962176,0-Episodic-Stats/episodic_length,227.0,Pong1PCB2L336P__seed_8_1763344785
8968416,0-Episodic-Stats/episodic_length,464.0,Pong1PCB2L336P__seed_8_1763344785
8969376,0-Episodic-Stats/episodic_length,274.0,Pong1PCB2L336P__seed_8_1763344785
8972928,0-Episodic-Stats/episodic_length,797.0,Pong1PCB2L336P__seed_8_1763344785
8977056,0-Episodic-Stats/episodic_length,274.0,Pong1PCB2L336P__seed_8_1763344785
8979616,0-Episodic-Stats/episodic_length,274.0,Pong1PCB2L336P__seed_8_1763344785
8988256,0-Episodic-Stats/episodic_length,274.0,Pong1PCB2L336P__seed_8_1763344785
9032576,0-Episodic-Stats/episodic_length,274.0,Pong1PCB2L336P__seed_8_1763344785
9047008,0-Episodic-Stats/episodic_length,464.0,Pong1PCB2L336P__seed_8_1763344785
9061664,0-Episodic-Stats/episodic_length,274.0,Pong1PCB2L336P__seed_8_1763344785
9074240,0-Episodic-Stats/episodic_length,274.0,Pong1PCB2L336P__seed_8_1763344785
9087040,0-Episodic-Stats/episodic_length,464.0,Pong1PCB2L336P__seed_8_1763344785
9123712,0-Episodic-Stats/episodic_length,749.0,Pong1PCB2L336P__seed_8_1763344785
9139776,0-Episodic-Stats/episodic_length,559.0,Pong1PCB2L336P__seed_8_1763344785
9143104,0-Episodic-Stats/episodic_length,369.0,Pong1PCB2L336P__seed_8_1763344785
9178592,0-Episodic-Stats/episodic_length,464.0,Pong1PCB2L336P__seed_8_1763344785
9179520,0-Episodic-Stats/episodic_length,274.0,Pong1PCB2L336P__seed_8_1763344785
9192512,0-Episodic-Stats/episodic_length,274.0,Pong1PCB2L336P__seed_8_1763344785
9192928,0-Episodic-Stats/episodic_length,654.0,Pong1PCB2L336P__seed_8_1763344785
9210592,0-Episodic-Stats/episodic_length,274.0,Pong1PCB2L336P__seed_8_1763344785
9216384,0-Episodic-Stats/episodic_length,274.0,Pong1PCB2L336P__seed_8_1763344785
9234240,0-Episodic-Stats/episodic_length,274.0,Pong1PCB2L336P__seed_8_1763344785
9238816,0-Episodic-Stats/episodic_length,369.0,Pong1PCB2L336P__seed_8_1763344785
9243264,0-Episodic-Stats/episodic_length,274.0,Pong1PCB2L336P__seed_8_1763344785
9276704,0-Episodic-Stats/episodic_length,274.0,Pong1PCB2L336P__seed_8_1763344785
9286400,0-Episodic-Stats/episodic_length,464.0,Pong1PCB2L336P__seed_8_1763344785
9294624,0-Episodic-Stats/episodic_length,274.0,Pong1PCB2L336P__seed_8_1763344785
9350720,0-Episodic-Stats/episodic_length,274.0,Pong1PCB2L336P__seed_8_1763344785
9374368,0-Episodic-Stats/episodic_length,274.0,Pong1PCB2L336P__seed_8_1763344785
9379840,0-Episodic-Stats/episodic_length,274.0,Pong1PCB2L336P__seed_8_1763344785
9382912,0-Episodic-Stats/episodic_length,274.0,Pong1PCB2L336P__seed_8_1763344785
9386144,0-Episodic-Stats/episodic_length,369.0,Pong1PCB2L336P__seed_8_1763344785
9393248,0-Episodic-Stats/episodic_length,274.0,Pong1PCB2L336P__seed_8_1763344785
9393312,0-Episodic-Stats/episodic_length,749.0,Pong1PCB2L336P__seed_8_1763344785
9411776,0-Episodic-Stats/episodic_length,369.0,Pong1PCB2L336P__seed_8_1763344785
9420768,0-Episodic-Stats/episodic_length,464.0,Pong1PCB2L336P__seed_8_1763344785
9422240,0-Episodic-Stats/episodic_length,274.0,Pong1PCB2L336P__seed_8_1763344785
9430272,0-Episodic-Stats/episodic_length,274.0,Pong1PCB2L336P__seed_8_1763344785
9452096,0-Episodic-Stats/episodic_length,274.0,Pong1PCB2L336P__seed_8_1763344785
9491584,0-Episodic-Stats/episodic_length,274.0,Pong1PCB2L336P__seed_8_1763344785
9501696,0-Episodic-Stats/episodic_length,274.0,Pong1PCB2L336P__seed_8_1763344785
9528384,0-Episodic-Stats/episodic_length,227.0,Pong1PCB2L336P__seed_8_1763344785
9554176,0-Episodic-Stats/episodic_length,274.0,Pong1PCB2L336P__seed_8_1763344785
9559072,0-Episodic-Stats/episodic_length,227.0,Pong1PCB2L336P__seed_8_1763344785
9584992,0-Episodic-Stats/episodic_length,274.0,Pong1PCB2L336P__seed_8_1763344785
9617920,0-Episodic-Stats/episodic_length,417.0,Pong1PCB2L336P__seed_8_1763344785
9622816,0-Episodic-Stats/episodic_length,749.0,Pong1PCB2L336P__seed_8_1763344785
9625760,0-Episodic-Stats/episodic_length,417.0,Pong1PCB2L336P__seed_8_1763344785
9661920,0-Episodic-Stats/episodic_length,274.0,Pong1PCB2L336P__seed_8_1763344785
9672672,0-Episodic-Stats/episodic_length,274.0,Pong1PCB2L336P__seed_8_1763344785
9675776,0-Episodic-Stats/episodic_length,274.0,Pong1PCB2L336P__seed_8_1763344785
9695104,0-Episodic-Stats/episodic_length,274.0,Pong1PCB2L336P__seed_8_1763344785
9698752,0-Episodic-Stats/episodic_length,274.0,Pong1PCB2L336P__seed_8_1763344785
9704704,0-Episodic-Stats/episodic_length,369.0,Pong1PCB2L336P__seed_8_1763344785
9724096,0-Episodic-Stats/episodic_length,274.0,Pong1PCB2L336P__seed_8_1763344785
9741248,0-Episodic-Stats/episodic_length,559.0,Pong1PCB2L336P__seed_8_1763344785
9763616,0-Episodic-Stats/episodic_length,369.0,Pong1PCB2L336P__seed_8_1763344785
9766816,0-Episodic-Stats/episodic_length,417.0,Pong1PCB2L336P__seed_8_1763344785
9770432,0-Episodic-Stats/episodic_length,559.0,Pong1PCB2L336P__seed_8_1763344785
9796576,0-Episodic-Stats/episodic_length,322.0,Pong1PCB2L336P__seed_8_1763344785
9804928,0-Episodic-Stats/episodic_length,1509.0,Pong1PCB2L336P__seed_8_1763344785
9808288,0-Episodic-Stats/episodic_length,417.0,Pong1PCB2L336P__seed_8_1763344785
9823872,0-Episodic-Stats/episodic_length,274.0,Pong1PCB2L336P__seed_8_1763344785
9825568,0-Episodic-Stats/episodic_length,749.0,Pong1PCB2L336P__seed_8_1763344785
9827232,0-Episodic-Stats/episodic_length,417.0,Pong1PCB2L336P__seed_8_1763344785
9844192,0-Episodic-Stats/episodic_length,464.0,Pong1PCB2L336P__seed_8_1763344785
9847072,0-Episodic-Stats/episodic_length,464.0,Pong1PCB2L336P__seed_8_1763344785
9899680,0-Episodic-Stats/episodic_length,274.0,Pong1PCB2L336P__seed_8_1763344785
9903840,0-Episodic-Stats/episodic_length,464.0,Pong1PCB2L336P__seed_8_1763344785
9905568,0-Episodic-Stats/episodic_length,464.0,Pong1PCB2L336P__seed_8_1763344785
9906240,0-Episodic-Stats/episodic_length,464.0,Pong1PCB2L336P__seed_8_1763344785
9906304,0-Episodic-Stats/episodic_length,274.0,Pong1PCB2L336P__seed_8_1763344785
9918912,0-Episodic-Stats/episodic_length,227.0,Pong1PCB2L336P__seed_8_1763344785
9965728,0-Episodic-Stats/episodic_length,274.0,Pong1PCB2L336P__seed_8_1763344785
9971552,0-Episodic-Stats/episodic_length,274.0,Pong1PCB2L336P__seed_8_1763344785
61344,0-Episodic-Stats/episodic_return,-21.0,Pong1PCB2L336P__seed_8_1763344785
64384,0-Episodic-Stats/episodic_return,-21.0,Pong1PCB2L336P__seed_8_1763344785
67424,0-Episodic-Stats/episodic_return,-21.0,Pong1PCB2L336P__seed_8_1763344785
70464,0-Episodic-Stats/episodic_return,-21.0,Pong1PCB2L336P__seed_8_1763344785
73504,0-Episodic-Stats/episodic_return,-21.0,Pong1PCB2L336P__seed_8_1763344785
76544,0-Episodic-Stats/episodic_return,-21.0,Pong1PCB2L336P__seed_8_1763344785
79584,0-Episodic-Stats/episodic_return,-21.0,Pong1PCB2L336P__seed_8_1763344785
82624,0-Episodic-Stats/episodic_return,-21.0,Pong1PCB2L336P__seed_8_1763344785
85664,0-Episodic-Stats/episodic_return,-21.0,Pong1PCB2L336P__seed_8_1763344785
134848,0-Episodic-Stats/episodic_return,-21.0,Pong1PCB2L336P__seed_8_1763344785
140928,0-Episodic-Stats/episodic_return,-21.0,Pong1PCB2L336P__seed_8_1763344785
143968,0-Episodic-Stats/episodic_return,-21.0,Pong1PCB2L336P__seed_8_1763344785
147008,0-Episodic-Stats/episodic_return,-21.0,Pong1PCB2L336P__seed_8_1763344785
150048,0-Episodic-Stats/episodic_return,-21.0,Pong1PCB2L336P__seed_8_1763344785
153088,0-Episodic-Stats/episodic_return,-21.0,Pong1PCB2L336P__seed_8_1763344785
156128,0-Episodic-Stats/episodic_return,-21.0,Pong1PCB2L336P__seed_8_1763344785
159168,0-Episodic-Stats/episodic_return,-21.0,Pong1PCB2L336P__seed_8_1763344785
162208,0-Episodic-Stats/episodic_return,-21.0,Pong1PCB2L336P__seed_8_1763344785
165248,0-Episodic-Stats/episodic_return,-21.0,Pong1PCB2L336P__seed_8_1763344785
168288,0-Episodic-Stats/episodic_return,-21.0,Pong1PCB2L336P__seed_8_1763344785
171328,0-Episodic-Stats/episodic_return,-21.0,Pong1PCB2L336P__seed_8_1763344785
174368,0-Episodic-Stats/episodic_return,-21.0,Pong1PCB2L336P__seed_8_1763344785
177408,0-Episodic-Stats/episodic_return,-21.0,Pong1PCB2L336P__seed_8_1763344785
211392,0-Episodic-Stats/episodic_return,-21.0,Pong1PCB2L336P__seed_8_1763344785
214432,0-Episodic-Stats/episodic_return,-21.0,Pong1PCB2L336P__seed_8_1763344785
217472,0-Episodic-Stats/episodic_return,-21.0,Pong1PCB2L336P__seed_8_1763344785
220512,0-Episodic-Stats/episodic_return,-21.0,Pong1PCB2L336P__seed_8_1763344785
223552,0-Episodic-Stats/episodic_return,-21.0,Pong1PCB2L336P__seed_8_1763344785
226592,0-Episodic-Stats/episodic_return,-21.0,Pong1PCB2L336P__seed_8_1763344785
229632,0-Episodic-Stats/episodic_return,-21.0,Pong1PCB2L336P__seed_8_1763344785
235712,0-Episodic-Stats/episodic_return,-21.0,Pong1PCB2L336P__seed_8_1763344785
238752,0-Episodic-Stats/episodic_return,-21.0,Pong1PCB2L336P__seed_8_1763344785
241792,0-Episodic-Stats/episodic_return,-21.0,Pong1PCB2L336P__seed_8_1763344785
244832,0-Episodic-Stats/episodic_return,-21.0,Pong1PCB2L336P__seed_8_1763344785
247872,0-Episodic-Stats/episodic_return,-21.0,Pong1PCB2L336P__seed_8_1763344785
250912,0-Episodic-Stats/episodic_return,-21.0,Pong1PCB2L336P__seed_8_1763344785
253952,0-Episodic-Stats/episodic_return,-21.0,Pong1PCB2L336P__seed_8_1763344785
256992,0-Episodic-Stats/episodic_return,-21.0,Pong1PCB2L336P__seed_8_1763344785
272192,0-Episodic-Stats/episodic_return,-21.0,Pong1PCB2L336P__seed_8_1763344785
287936,0-Episodic-Stats/episodic_return,-21.0,Pong1PCB2L336P__seed_8_1763344785
290976,0-Episodic-Stats/episodic_return,-21.0,Pong1PCB2L336P__seed_8_1763344785
300096,0-Episodic-Stats/episodic_return,-21.0,Pong1PCB2L336P__seed_8_1763344785
303136,0-Episodic-Stats/episodic_return,-21.0,Pong1PCB2L336P__seed_8_1763344785
306176,0-Episodic-Stats/episodic_return,-21.0,Pong1PCB2L336P__seed_8_1763344785
309216,0-Episodic-Stats/episodic_return,-21.0,Pong1PCB2L336P__seed_8_1763344785
312256,0-Episodic-Stats/episodic_return,-21.0,Pong1PCB2L336P__seed_8_1763344785
315296,0-Episodic-Stats/episodic_return,-21.0,Pong1PCB2L336P__seed_8_1763344785
318336,0-Episodic-Stats/episodic_return,-21.0,Pong1PCB2L336P__seed_8_1763344785
321376,0-Episodic-Stats/episodic_return,-21.0,Pong1PCB2L336P__seed_8_1763344785
327456,0-Episodic-Stats/episodic_return,-21.0,Pong1PCB2L336P__seed_8_1763344785
330496,0-Episodic-Stats/episodic_return,-21.0,Pong1PCB2L336P__seed_8_1763344785
333536,0-Episodic-Stats/episodic_return,-21.0,Pong1PCB2L336P__seed_8_1763344785
336576,0-Episodic-Stats/episodic_return,-21.0,Pong1PCB2L336P__seed_8_1763344785
354816,0-Episodic-Stats/episodic_return,-21.0,Pong1PCB2L336P__seed_8_1763344785
364480,0-Episodic-Stats/episodic_return,-21.0,Pong1PCB2L336P__seed_8_1763344785
367520,0-Episodic-Stats/episodic_return,-21.0,Pong1PCB2L336P__seed_8_1763344785
370016,0-Episodic-Stats/episodic_return,-21.0,Pong1PCB2L336P__seed_8_1763344785
373600,0-Episodic-Stats/episodic_return,-21.0,Pong1PCB2L336P__seed_8_1763344785
382720,0-Episodic-Stats/episodic_return,-21.0,Pong1PCB2L336P__seed_8_1763344785
385760,0-Episodic-Stats/episodic_return,-21.0,Pong1PCB2L336P__seed_8_1763344785
388800,0-Episodic-Stats/episodic_return,-21.0,Pong1PCB2L336P__seed_8_1763344785
391840,0-Episodic-Stats/episodic_return,-21.0,Pong1PCB2L336P__seed_8_1763344785
394880,0-Episodic-Stats/episodic_return,-21.0,Pong1PCB2L336P__seed_8_1763344785
397920,0-Episodic-Stats/episodic_return,-21.0,Pong1PCB2L336P__seed_8_1763344785
404000,0-Episodic-Stats/episodic_return,-21.0,Pong1PCB2L336P__seed_8_1763344785
407040,0-Episodic-Stats/episodic_return,-21.0,Pong1PCB2L336P__seed_8_1763344785
410080,0-Episodic-Stats/episodic_return,-21.0,Pong1PCB2L336P__seed_8_1763344785
413120,0-Episodic-Stats/episodic_return,-21.0,Pong1PCB2L336P__seed_8_1763344785
416160,0-Episodic-Stats/episodic_return,-21.0,Pong1PCB2L336P__seed_8_1763344785
419200,0-Episodic-Stats/episodic_return,-21.0,Pong1PCB2L336P__seed_8_1763344785
425280,0-Episodic-Stats/episodic_return,-21.0,Pong1PCB2L336P__seed_8_1763344785
437984,0-Episodic-Stats/episodic_return,-21.0,Pong1PCB2L336P__seed_8_1763344785
441024,0-Episodic-Stats/episodic_return,-21.0,Pong1PCB2L336P__seed_8_1763344785
446560,0-Episodic-Stats/episodic_return,-21.0,Pong1PCB2L336P__seed_8_1763344785
447104,0-Episodic-Stats/episodic_return,-21.0,Pong1PCB2L336P__seed_8_1763344785
459264,0-Episodic-Stats/episodic_return,-21.0,Pong1PCB2L336P__seed_8_1763344785
465344,0-Episodic-Stats/episodic_return,-21.0,Pong1PCB2L336P__seed_8_1763344785
468384,0-Episodic-Stats/episodic_return,-21.0,Pong1PCB2L336P__seed_8_1763344785
471424,0-Episodic-Stats/episodic_return,-21.0,Pong1PCB2L336P__seed_8_1763344785
477504,0-Episodic-Stats/episodic_return,-21.0,Pong1PCB2L336P__seed_8_1763344785
489664,0-Episodic-Stats/episodic_return,-21.0,Pong1PCB2L336P__seed_8_1763344785
492704,0-Episodic-Stats/episodic_return,-21.0,Pong1PCB2L336P__seed_8_1763344785
495744,0-Episodic-Stats/episodic_return,-21.0,Pong1PCB2L336P__seed_8_1763344785
501824,0-Episodic-Stats/episodic_return,-21.0,Pong1PCB2L336P__seed_8_1763344785
508448,0-Episodic-Stats/episodic_return,-21.0,Pong1PCB2L336P__seed_8_1763344785
511488,0-Episodic-Stats/episodic_return,-21.0,Pong1PCB2L336P__seed_8_1763344785
513984,0-Episodic-Stats/episodic_return,-21.0,Pong1PCB2L336P__seed_8_1763344785
520608,0-Episodic-Stats/episodic_return,-21.0,Pong1PCB2L336P__seed_8_1763344785
523648,0-Episodic-Stats/episodic_return,-21.0,Pong1PCB2L336P__seed_8_1763344785
526688,0-Episodic-Stats/episodic_return,-21.0,Pong1PCB2L336P__seed_8_1763344785
532768,0-Episodic-Stats/episodic_return,-21.0,Pong1PCB2L336P__seed_8_1763344785
535808,0-Episodic-Stats/episodic_return,-21.0,Pong1PCB2L336P__seed_8_1763344785
538848,0-Episodic-Stats/episodic_return,-21.0,Pong1PCB2L336P__seed_8_1763344785
541888,0-Episodic-Stats/episodic_return,-21.0,Pong1PCB2L336P__seed_8_1763344785
544928,0-Episodic-Stats/episodic_return,-21.0,Pong1PCB2L336P__seed_8_1763344785
547968,0-Episodic-Stats/episodic_return,-21.0,Pong1PCB2L336P__seed_8_1763344785
551008,0-Episodic-Stats/episodic_return,-21.0,Pong1PCB2L336P__seed_8_1763344785
554048,0-Episodic-Stats/episodic_return,-21.0,Pong1PCB2L336P__seed_8_1763344785
560128,0-Episodic-Stats/episodic_return,-21.0,Pong1PCB2L336P__seed_8_1763344785
566208,0-Episodic-Stats/episodic_return,-21.0,Pong1PCB2L336P__seed_8_1763344785
569248,0-Episodic-Stats/episodic_return,-21.0,Pong1PCB2L336P__seed_8_1763344785
572288,0-Episodic-Stats/episodic_return,-21.0,Pong1PCB2L336P__seed_8_1763344785
575328,0-Episodic-Stats/episodic_return,-21.0,Pong1PCB2L336P__seed_8_1763344785
578912,0-Episodic-Stats/episodic_return,-21.0,Pong1PCB2L336P__seed_8_1763344785
584992,0-Episodic-Stats/episodic_return,-21.0,Pong1PCB2L336P__seed_8_1763344785
593568,0-Episodic-Stats/episodic_return,-21.0,Pong1PCB2L336P__seed_8_1763344785
603232,0-Episodic-Stats/episodic_return,-21.0,Pong1PCB2L336P__seed_8_1763344785
609312,0-Episodic-Stats/episodic_return,-21.0,Pong1PCB2L336P__seed_8_1763344785
612352,0-Episodic-Stats/episodic_return,-21.0,Pong1PCB2L336P__seed_8_1763344785
615392,0-Episodic-Stats/episodic_return,-21.0,Pong1PCB2L336P__seed_8_1763344785
618432,0-Episodic-Stats/episodic_return,-21.0,Pong1PCB2L336P__seed_8_1763344785
624512,0-Episodic-Stats/episodic_return,-21.0,Pong1PCB2L336P__seed_8_1763344785
627552,0-Episodic-Stats/episodic_return,-21.0,Pong1PCB2L336P__seed_8_1763344785
630592,0-Episodic-Stats/episodic_return,-21.0,Pong1PCB2L336P__seed_8_1763344785
633632,0-Episodic-Stats/episodic_return,-21.0,Pong1PCB2L336P__seed_8_1763344785
636672,0-Episodic-Stats/episodic_return,-21.0,Pong1PCB2L336P__seed_8_1763344785
639712,0-Episodic-Stats/episodic_return,-21.0,Pong1PCB2L336P__seed_8_1763344785
642752,0-Episodic-Stats/episodic_return,-21.0,Pong1PCB2L336P__seed_8_1763344785
648832,0-Episodic-Stats/episodic_return,-21.0,Pong1PCB2L336P__seed_8_1763344785
651872,0-Episodic-Stats/episodic_return,-21.0,Pong1PCB2L336P__seed_8_1763344785
654912,0-Episodic-Stats/episodic_return,-21.0,Pong1PCB2L336P__seed_8_1763344785
660992,0-Episodic-Stats/episodic_return,-21.0,Pong1PCB2L336P__seed_8_1763344785
661536,0-Episodic-Stats/episodic_return,-21.0,Pong1PCB2L336P__seed_8_1763344785
676736,0-Episodic-Stats/episodic_return,-21.0,Pong1PCB2L336P__seed_8_1763344785
679776,0-Episodic-Stats/episodic_return,-21.0,Pong1PCB2L336P__seed_8_1763344785
682816,0-Episodic-Stats/episodic_return,-21.0,Pong1PCB2L336P__seed_8_1763344785
688896,0-Episodic-Stats/episodic_return,-21.0,Pong1PCB2L336P__seed_8_1763344785
691936,0-Episodic-Stats/episodic_return,-21.0,Pong1PCB2L336P__seed_8_1763344785
694976,0-Episodic-Stats/episodic_return,-21.0,Pong1PCB2L336P__seed_8_1763344785
698016,0-Episodic-Stats/episodic_return,-21.0,Pong1PCB2L336P__seed_8_1763344785
701056,0-Episodic-Stats/episodic_return,-21.0,Pong1PCB2L336P__seed_8_1763344785
707136,0-Episodic-Stats/episodic_return,-21.0,Pong1PCB2L336P__seed_8_1763344785
710176,0-Episodic-Stats/episodic_return,-21.0,Pong1PCB2L336P__seed_8_1763344785
719296,0-Episodic-Stats/episodic_return,-21.0,Pong1PCB2L336P__seed_8_1763344785
722336,0-Episodic-Stats/episodic_return,-21.0,Pong1PCB2L336P__seed_8_1763344785
722880,0-Episodic-Stats/episodic_return,-21.0,Pong1PCB2L336P__seed_8_1763344785
725376,0-Episodic-Stats/episodic_return,-21.0,Pong1PCB2L336P__seed_8_1763344785
728416,0-Episodic-Stats/episodic_return,-21.0,Pong1PCB2L336P__seed_8_1763344785
731456,0-Episodic-Stats/episodic_return,-21.0,Pong1PCB2L336P__seed_8_1763344785
732000,0-Episodic-Stats/episodic_return,-21.0,Pong1PCB2L336P__seed_8_1763344785
734496,0-Episodic-Stats/episodic_return,-21.0,Pong1PCB2L336P__seed_8_1763344785
737536,0-Episodic-Stats/episodic_return,-21.0,Pong1PCB2L336P__seed_8_1763344785
744160,0-Episodic-Stats/episodic_return,-21.0,Pong1PCB2L336P__seed_8_1763344785
747200,0-Episodic-Stats/episodic_return,-21.0,Pong1PCB2L336P__seed_8_1763344785
750240,0-Episodic-Stats/episodic_return,-21.0,Pong1PCB2L336P__seed_8_1763344785
753280,0-Episodic-Stats/episodic_return,-21.0,Pong1PCB2L336P__seed_8_1763344785
759360,0-Episodic-Stats/episodic_return,-21.0,Pong1PCB2L336P__seed_8_1763344785
762400,0-Episodic-Stats/episodic_return,-21.0,Pong1PCB2L336P__seed_8_1763344785
765440,0-Episodic-Stats/episodic_return,-21.0,Pong1PCB2L336P__seed_8_1763344785
768480,0-Episodic-Stats/episodic_return,-21.0,Pong1PCB2L336P__seed_8_1763344785
771520,0-Episodic-Stats/episodic_return,-21.0,Pong1PCB2L336P__seed_8_1763344785
774560,0-Episodic-Stats/episodic_return,-21.0,Pong1PCB2L336P__seed_8_1763344785
777600,0-Episodic-Stats/episodic_return,-21.0,Pong1PCB2L336P__seed_8_1763344785
780640,0-Episodic-Stats/episodic_return,-21.0,Pong1PCB2L336P__seed_8_1763344785
786720,0-Episodic-Stats/episodic_return,-21.0,Pong1PCB2L336P__seed_8_1763344785
792800,0-Episodic-Stats/episodic_return,-21.0,Pong1PCB2L336P__seed_8_1763344785
795840,0-Episodic-Stats/episodic_return,-21.0,Pong1PCB2L336P__seed_8_1763344785
796384,0-Episodic-Stats/episodic_return,-21.0,Pong1PCB2L336P__seed_8_1763344785
798880,0-Episodic-Stats/episodic_return,-21.0,Pong1PCB2L336P__seed_8_1763344785
801920,0-Episodic-Stats/episodic_return,-21.0,Pong1PCB2L336P__seed_8_1763344785
804960,0-Episodic-Stats/episodic_return,-21.0,Pong1PCB2L336P__seed_8_1763344785
808000,0-Episodic-Stats/episodic_return,-21.0,Pong1PCB2L336P__seed_8_1763344785
808544,0-Episodic-Stats/episodic_return,-21.0,Pong1PCB2L336P__seed_8_1763344785
811040,0-Episodic-Stats/episodic_return,-21.0,Pong1PCB2L336P__seed_8_1763344785
811584,0-Episodic-Stats/episodic_return,-21.0,Pong1PCB2L336P__seed_8_1763344785
814080,0-Episodic-Stats/episodic_return,-21.0,Pong1PCB2L336P__seed_8_1763344785
817664,0-Episodic-Stats/episodic_return,-21.0,Pong1PCB2L336P__seed_8_1763344785
820704,0-Episodic-Stats/episodic_return,-21.0,Pong1PCB2L336P__seed_8_1763344785
823744,0-Episodic-Stats/episodic_return,-21.0,Pong1PCB2L336P__seed_8_1763344785
826784,0-Episodic-Stats/episodic_return,-21.0,Pong1PCB2L336P__seed_8_1763344785
829824,0-Episodic-Stats/episodic_return,-21.0,Pong1PCB2L336P__seed_8_1763344785
835904,0-Episodic-Stats/episodic_return,-21.0,Pong1PCB2L336P__seed_8_1763344785
838944,0-Episodic-Stats/episodic_return,-21.0,Pong1PCB2L336P__seed_8_1763344785
841984,0-Episodic-Stats/episodic_return,-21.0,Pong1PCB2L336P__seed_8_1763344785
845024,0-Episodic-Stats/episodic_return,-21.0,Pong1PCB2L336P__seed_8_1763344785
848064,0-Episodic-Stats/episodic_return,-21.0,Pong1PCB2L336P__seed_8_1763344785
854144,0-Episodic-Stats/episodic_return,-21.0,Pong1PCB2L336P__seed_8_1763344785
857184,0-Episodic-Stats/episodic_return,-21.0,Pong1PCB2L336P__seed_8_1763344785
869344,0-Episodic-Stats/episodic_return,-21.0,Pong1PCB2L336P__seed_8_1763344785
872384,0-Episodic-Stats/episodic_return,-21.0,Pong1PCB2L336P__seed_8_1763344785
872928,0-Episodic-Stats/episodic_return,-21.0,Pong1PCB2L336P__seed_8_1763344785
875424,0-Episodic-Stats/episodic_return,-21.0,Pong1PCB2L336P__seed_8_1763344785
878464,0-Episodic-Stats/episodic_return,-21.0,Pong1PCB2L336P__seed_8_1763344785
881504,0-Episodic-Stats/episodic_return,-21.0,Pong1PCB2L336P__seed_8_1763344785
885088,0-Episodic-Stats/episodic_return,-21.0,Pong1PCB2L336P__seed_8_1763344785
887584,0-Episodic-Stats/episodic_return,-21.0,Pong1PCB2L336P__seed_8_1763344785
890624,0-Episodic-Stats/episodic_return,-21.0,Pong1PCB2L336P__seed_8_1763344785
891168,0-Episodic-Stats/episodic_return,-21.0,Pong1PCB2L336P__seed_8_1763344785
894208,0-Episodic-Stats/episodic_return,-21.0,Pong1PCB2L336P__seed_8_1763344785
897248,0-Episodic-Stats/episodic_return,-21.0,Pong1PCB2L336P__seed_8_1763344785
900288,0-Episodic-Stats/episodic_return,-21.0,Pong1PCB2L336P__seed_8_1763344785
903328,0-Episodic-Stats/episodic_return,-21.0,Pong1PCB2L336P__seed_8_1763344785
906368,0-Episodic-Stats/episodic_return,-21.0,Pong1PCB2L336P__seed_8_1763344785
912448,0-Episodic-Stats/episodic_return,-21.0,Pong1PCB2L336P__seed_8_1763344785
914944,0-Episodic-Stats/episodic_return,-21.0,Pong1PCB2L336P__seed_8_1763344785
915488,0-Episodic-Stats/episodic_return,-21.0,Pong1PCB2L336P__seed_8_1763344785
918528,0-Episodic-Stats/episodic_return,-21.0,Pong1PCB2L336P__seed_8_1763344785
921568,0-Episodic-Stats/episodic_return,-21.0,Pong1PCB2L336P__seed_8_1763344785
924608,0-Episodic-Stats/episodic_return,-21.0,Pong1PCB2L336P__seed_8_1763344785
933728,0-Episodic-Stats/episodic_return,-21.0,Pong1PCB2L336P__seed_8_1763344785
936768,0-Episodic-Stats/episodic_return,-21.0,Pong1PCB2L336P__seed_8_1763344785
939808,0-Episodic-Stats/episodic_return,-21.0,Pong1PCB2L336P__seed_8_1763344785
943392,0-Episodic-Stats/episodic_return,-21.0,Pong1PCB2L336P__seed_8_1763344785
945888,0-Episodic-Stats/episodic_return,-21.0,Pong1PCB2L336P__seed_8_1763344785
948928,0-Episodic-Stats/episodic_return,-21.0,Pong1PCB2L336P__seed_8_1763344785
958048,0-Episodic-Stats/episodic_return,-21.0,Pong1PCB2L336P__seed_8_1763344785
961088,0-Episodic-Stats/episodic_return,-21.0,Pong1PCB2L336P__seed_8_1763344785
964128,0-Episodic-Stats/episodic_return,-21.0,Pong1PCB2L336P__seed_8_1763344785
967712,0-Episodic-Stats/episodic_return,-21.0,Pong1PCB2L336P__seed_8_1763344785
970208,0-Episodic-Stats/episodic_return,-21.0,Pong1PCB2L336P__seed_8_1763344785
973248,0-Episodic-Stats/episodic_return,-21.0,Pong1PCB2L336P__seed_8_1763344785
976832,0-Episodic-Stats/episodic_return,-21.0,Pong1PCB2L336P__seed_8_1763344785
979872,0-Episodic-Stats/episodic_return,-21.0,Pong1PCB2L336P__seed_8_1763344785
985408,0-Episodic-Stats/episodic_return,-21.0,Pong1PCB2L336P__seed_8_1763344785
985952,0-Episodic-Stats/episodic_return,-21.0,Pong1PCB2L336P__seed_8_1763344785
992032,0-Episodic-Stats/episodic_return,-21.0,Pong1PCB2L336P__seed_8_1763344785
998112,0-Episodic-Stats/episodic_return,-21.0,Pong1PCB2L336P__seed_8_1763344785
1001152,0-Episodic-Stats/episodic_return,-21.0,Pong1PCB2L336P__seed_8_1763344785
1009728,0-Episodic-Stats/episodic_return,-21.0,Pong1PCB2L336P__seed_8_1763344785
1010272,0-Episodic-Stats/episodic_return,-21.0,Pong1PCB2L336P__seed_8_1763344785
1013312,0-Episodic-Stats/episodic_return,-21.0,Pong1PCB2L336P__seed_8_1763344785
1016352,0-Episodic-Stats/episodic_return,-21.0,Pong1PCB2L336P__seed_8_1763344785
1025472,0-Episodic-Stats/episodic_return,-21.0,Pong1PCB2L336P__seed_8_1763344785
1031552,0-Episodic-Stats/episodic_return,-21.0,Pong1PCB2L336P__seed_8_1763344785
1037632,0-Episodic-Stats/episodic_return,-21.0,Pong1PCB2L336P__seed_8_1763344785
1040672,0-Episodic-Stats/episodic_return,-21.0,Pong1PCB2L336P__seed_8_1763344785
1043712,0-Episodic-Stats/episodic_return,-21.0,Pong1PCB2L336P__seed_8_1763344785
1046752,0-Episodic-Stats/episodic_return,-21.0,Pong1PCB2L336P__seed_8_1763344785
1047296,0-Episodic-Stats/episodic_return,-21.0,Pong1PCB2L336P__seed_8_1763344785
1050336,0-Episodic-Stats/episodic_return,-21.0,Pong1PCB2L336P__seed_8_1763344785
1055872,0-Episodic-Stats/episodic_return,-21.0,Pong1PCB2L336P__seed_8_1763344785
1056416,0-Episodic-Stats/episodic_return,-21.0,Pong1PCB2L336P__seed_8_1763344785
1064992,0-Episodic-Stats/episodic_return,-21.0,Pong1PCB2L336P__seed_8_1763344785
1074656,0-Episodic-Stats/episodic_return,-21.0,Pong1PCB2L336P__seed_8_1763344785
1077152,0-Episodic-Stats/episodic_return,-21.0,Pong1PCB2L336P__seed_8_1763344785
1080736,0-Episodic-Stats/episodic_return,-21.0,Pong1PCB2L336P__seed_8_1763344785
1086816,0-Episodic-Stats/episodic_return,-21.0,Pong1PCB2L336P__seed_8_1763344785
1092896,0-Episodic-Stats/episodic_return,-21.0,Pong1PCB2L336P__seed_8_1763344785
1098976,0-Episodic-Stats/episodic_return,-21.0,Pong1PCB2L336P__seed_8_1763344785
1102016,0-Episodic-Stats/episodic_return,-21.0,Pong1PCB2L336P__seed_8_1763344785
1108096,0-Episodic-Stats/episodic_return,-21.0,Pong1PCB2L336P__seed_8_1763344785
1110592,0-Episodic-Stats/episodic_return,-21.0,Pong1PCB2L336P__seed_8_1763344785
1114176,0-Episodic-Stats/episodic_return,-21.0,Pong1PCB2L336P__seed_8_1763344785
1126336,0-Episodic-Stats/episodic_return,-21.0,Pong1PCB2L336P__seed_8_1763344785
1132416,0-Episodic-Stats/episodic_return,-21.0,Pong1PCB2L336P__seed_8_1763344785
1132960,0-Episodic-Stats/episodic_return,-21.0,Pong1PCB2L336P__seed_8_1763344785
1135456,0-Episodic-Stats/episodic_return,-21.0,Pong1PCB2L336P__seed_8_1763344785
1141536,0-Episodic-Stats/episodic_return,-21.0,Pong1PCB2L336P__seed_8_1763344785
1142080,0-Episodic-Stats/episodic_return,-21.0,Pong1PCB2L336P__seed_8_1763344785
1150656,0-Episodic-Stats/episodic_return,-21.0,Pong1PCB2L336P__seed_8_1763344785
1156736,0-Episodic-Stats/episodic_return,-21.0,Pong1PCB2L336P__seed_8_1763344785
1160320,0-Episodic-Stats/episodic_return,-21.0,Pong1PCB2L336P__seed_8_1763344785
1162816,0-Episodic-Stats/episodic_return,-21.0,Pong1PCB2L336P__seed_8_1763344785
1163360,0-Episodic-Stats/episodic_return,-21.0,Pong1PCB2L336P__seed_8_1763344785
1171936,0-Episodic-Stats/episodic_return,-21.0,Pong1PCB2L336P__seed_8_1763344785
1174976,0-Episodic-Stats/episodic_return,-21.0,Pong1PCB2L336P__seed_8_1763344785
1175520,0-Episodic-Stats/episodic_return,-21.0,Pong1PCB2L336P__seed_8_1763344785
1178560,0-Episodic-Stats/episodic_return,-21.0,Pong1PCB2L336P__seed_8_1763344785
1181600,0-Episodic-Stats/episodic_return,-21.0,Pong1PCB2L336P__seed_8_1763344785
1184640,0-Episodic-Stats/episodic_return,-21.0,Pong1PCB2L336P__seed_8_1763344785
1190720,0-Episodic-Stats/episodic_return,-21.0,Pong1PCB2L336P__seed_8_1763344785
1193408,0-Episodic-Stats/episodic_return,-20.0,Pong1PCB2L336P__seed_8_1763344785
1193760,0-Episodic-Stats/episodic_return,-21.0,Pong1PCB2L336P__seed_8_1763344785
1196256,0-Episodic-Stats/episodic_return,-21.0,Pong1PCB2L336P__seed_8_1763344785
1199840,0-Episodic-Stats/episodic_return,-21.0,Pong1PCB2L336P__seed_8_1763344785
1208960,0-Episodic-Stats/episodic_return,-21.0,Pong1PCB2L336P__seed_8_1763344785
1221120,0-Episodic-Stats/episodic_return,-21.0,Pong1PCB2L336P__seed_8_1763344785
1227200,0-Episodic-Stats/episodic_return,-21.0,Pong1PCB2L336P__seed_8_1763344785
1230784,0-Episodic-Stats/episodic_return,-21.0,Pong1PCB2L336P__seed_8_1763344785
1236320,0-Episodic-Stats/episodic_return,-21.0,Pong1PCB2L336P__seed_8_1763344785
1245440,0-Episodic-Stats/episodic_return,-21.0,Pong1PCB2L336P__seed_8_1763344785
1248480,0-Episodic-Stats/episodic_return,-21.0,Pong1PCB2L336P__seed_8_1763344785
1251520,0-Episodic-Stats/episodic_return,-21.0,Pong1PCB2L336P__seed_8_1763344785
1252064,0-Episodic-Stats/episodic_return,-21.0,Pong1PCB2L336P__seed_8_1763344785
1254560,0-Episodic-Stats/episodic_return,-21.0,Pong1PCB2L336P__seed_8_1763344785
1255104,0-Episodic-Stats/episodic_return,-21.0,Pong1PCB2L336P__seed_8_1763344785
1257600,0-Episodic-Stats/episodic_return,-21.0,Pong1PCB2L336P__seed_8_1763344785
1261184,0-Episodic-Stats/episodic_return,-21.0,Pong1PCB2L336P__seed_8_1763344785
1266720,0-Episodic-Stats/episodic_return,-21.0,Pong1PCB2L336P__seed_8_1763344785
1270304,0-Episodic-Stats/episodic_return,-21.0,Pong1PCB2L336P__seed_8_1763344785
1275840,0-Episodic-Stats/episodic_return,-21.0,Pong1PCB2L336P__seed_8_1763344785
1276384,0-Episodic-Stats/episodic_return,-21.0,Pong1PCB2L336P__seed_8_1763344785
1279424,0-Episodic-Stats/episodic_return,-21.0,Pong1PCB2L336P__seed_8_1763344785
1282464,0-Episodic-Stats/episodic_return,-21.0,Pong1PCB2L336P__seed_8_1763344785
1284960,0-Episodic-Stats/episodic_return,-21.0,Pong1PCB2L336P__seed_8_1763344785
1285504,0-Episodic-Stats/episodic_return,-21.0,Pong1PCB2L336P__seed_8_1763344785
1291584,0-Episodic-Stats/episodic_return,-21.0,Pong1PCB2L336P__seed_8_1763344785
1297312,0-Episodic-Stats/episodic_return,-21.0,Pong1PCB2L336P__seed_8_1763344785
1297664,0-Episodic-Stats/episodic_return,-21.0,Pong1PCB2L336P__seed_8_1763344785
1309280,0-Episodic-Stats/episodic_return,-21.0,Pong1PCB2L336P__seed_8_1763344785
1309824,0-Episodic-Stats/episodic_return,-21.0,Pong1PCB2L336P__seed_8_1763344785
1312864,0-Episodic-Stats/episodic_return,-21.0,Pong1PCB2L336P__seed_8_1763344785
1315904,0-Episodic-Stats/episodic_return,-21.0,Pong1PCB2L336P__seed_8_1763344785
1328608,0-Episodic-Stats/episodic_return,-21.0,Pong1PCB2L336P__seed_8_1763344785
1331104,0-Episodic-Stats/episodic_return,-21.0,Pong1PCB2L336P__seed_8_1763344785
1346304,0-Episodic-Stats/episodic_return,-21.0,Pong1PCB2L336P__seed_8_1763344785
1352384,0-Episodic-Stats/episodic_return,-21.0,Pong1PCB2L336P__seed_8_1763344785
1355424,0-Episodic-Stats/episodic_return,-21.0,Pong1PCB2L336P__seed_8_1763344785
1358464,0-Episodic-Stats/episodic_return,-21.0,Pong1PCB2L336P__seed_8_1763344785
1359008,0-Episodic-Stats/episodic_return,-21.0,Pong1PCB2L336P__seed_8_1763344785
1361504,0-Episodic-Stats/episodic_return,-21.0,Pong1PCB2L336P__seed_8_1763344785
1364544,0-Episodic-Stats/episodic_return,-21.0,Pong1PCB2L336P__seed_8_1763344785
1370624,0-Episodic-Stats/episodic_return,-21.0,Pong1PCB2L336P__seed_8_1763344785
1371168,0-Episodic-Stats/episodic_return,-21.0,Pong1PCB2L336P__seed_8_1763344785
1374208,0-Episodic-Stats/episodic_return,-21.0,Pong1PCB2L336P__seed_8_1763344785
1386368,0-Episodic-Stats/episodic_return,-21.0,Pong1PCB2L336P__seed_8_1763344785
1391904,0-Episodic-Stats/episodic_return,-21.0,Pong1PCB2L336P__seed_8_1763344785
1392448,0-Episodic-Stats/episodic_return,-21.0,Pong1PCB2L336P__seed_8_1763344785
1394944,0-Episodic-Stats/episodic_return,-21.0,Pong1PCB2L336P__seed_8_1763344785
1395488,0-Episodic-Stats/episodic_return,-21.0,Pong1PCB2L336P__seed_8_1763344785
1398528,0-Episodic-Stats/episodic_return,-21.0,Pong1PCB2L336P__seed_8_1763344785
1404608,0-Episodic-Stats/episodic_return,-21.0,Pong1PCB2L336P__seed_8_1763344785
1407648,0-Episodic-Stats/episodic_return,-21.0,Pong1PCB2L336P__seed_8_1763344785
1413376,0-Episodic-Stats/episodic_return,-20.0,Pong1PCB2L336P__seed_8_1763344785
1422304,0-Episodic-Stats/episodic_return,-21.0,Pong1PCB2L336P__seed_8_1763344785
1422848,0-Episodic-Stats/episodic_return,-21.0,Pong1PCB2L336P__seed_8_1763344785
1431968,0-Episodic-Stats/episodic_return,-21.0,Pong1PCB2L336P__seed_8_1763344785
1434656,0-Episodic-Stats/episodic_return,-21.0,Pong1PCB2L336P__seed_8_1763344785
1441632,0-Episodic-Stats/episodic_return,-21.0,Pong1PCB2L336P__seed_8_1763344785
1450208,0-Episodic-Stats/episodic_return,-21.0,Pong1PCB2L336P__seed_8_1763344785
1453248,0-Episodic-Stats/episodic_return,-21.0,Pong1PCB2L336P__seed_8_1763344785
1462368,0-Episodic-Stats/episodic_return,-21.0,Pong1PCB2L336P__seed_8_1763344785
1468448,0-Episodic-Stats/episodic_return,-21.0,Pong1PCB2L336P__seed_8_1763344785
1471488,0-Episodic-Stats/episodic_return,-21.0,Pong1PCB2L336P__seed_8_1763344785
1474528,0-Episodic-Stats/episodic_return,-21.0,Pong1PCB2L336P__seed_8_1763344785
1478112,0-Episodic-Stats/episodic_return,-21.0,Pong1PCB2L336P__seed_8_1763344785
1480608,0-Episodic-Stats/episodic_return,-21.0,Pong1PCB2L336P__seed_8_1763344785
1486688,0-Episodic-Stats/episodic_return,-21.0,Pong1PCB2L336P__seed_8_1763344785
1492416,0-Episodic-Stats/episodic_return,-20.0,Pong1PCB2L336P__seed_8_1763344785
1492960,0-Episodic-Stats/episodic_return,-20.0,Pong1PCB2L336P__seed_8_1763344785
1495808,0-Episodic-Stats/episodic_return,-21.0,Pong1PCB2L336P__seed_8_1763344785
1498848,0-Episodic-Stats/episodic_return,-21.0,Pong1PCB2L336P__seed_8_1763344785
1502432,0-Episodic-Stats/episodic_return,-21.0,Pong1PCB2L336P__seed_8_1763344785
1504928,0-Episodic-Stats/episodic_return,-21.0,Pong1PCB2L336P__seed_8_1763344785
1508512,0-Episodic-Stats/episodic_return,-21.0,Pong1PCB2L336P__seed_8_1763344785
1511552,0-Episodic-Stats/episodic_return,-21.0,Pong1PCB2L336P__seed_8_1763344785
1514592,0-Episodic-Stats/episodic_return,-21.0,Pong1PCB2L336P__seed_8_1763344785
1520672,0-Episodic-Stats/episodic_return,-21.0,Pong1PCB2L336P__seed_8_1763344785
1529440,0-Episodic-Stats/episodic_return,-21.0,Pong1PCB2L336P__seed_8_1763344785
1535872,0-Episodic-Stats/episodic_return,-21.0,Pong1PCB2L336P__seed_8_1763344785
1541408,0-Episodic-Stats/episodic_return,-21.0,Pong1PCB2L336P__seed_8_1763344785
1541952,0-Episodic-Stats/episodic_return,-21.0,Pong1PCB2L336P__seed_8_1763344785
1553760,0-Episodic-Stats/episodic_return,-21.0,Pong1PCB2L336P__seed_8_1763344785
1554112,0-Episodic-Stats/episodic_return,-21.0,Pong1PCB2L336P__seed_8_1763344785
1557696,0-Episodic-Stats/episodic_return,-21.0,Pong1PCB2L336P__seed_8_1763344785
1572352,0-Episodic-Stats/episodic_return,-21.0,Pong1PCB2L336P__seed_8_1763344785
1575392,0-Episodic-Stats/episodic_return,-21.0,Pong1PCB2L336P__seed_8_1763344785
1587552,0-Episodic-Stats/episodic_return,-21.0,Pong1PCB2L336P__seed_8_1763344785
1590592,0-Episodic-Stats/episodic_return,-21.0,Pong1PCB2L336P__seed_8_1763344785
1591136,0-Episodic-Stats/episodic_return,-21.0,Pong1PCB2L336P__seed_8_1763344785
1593632,0-Episodic-Stats/episodic_return,-21.0,Pong1PCB2L336P__seed_8_1763344785
1593824,0-Episodic-Stats/episodic_return,-21.0,Pong1PCB2L336P__seed_8_1763344785
1602752,0-Episodic-Stats/episodic_return,-21.0,Pong1PCB2L336P__seed_8_1763344785
1605792,0-Episodic-Stats/episodic_return,-21.0,Pong1PCB2L336P__seed_8_1763344785
1611520,0-Episodic-Stats/episodic_return,-21.0,Pong1PCB2L336P__seed_8_1763344785
1611872,0-Episodic-Stats/episodic_return,-21.0,Pong1PCB2L336P__seed_8_1763344785
1614912,0-Episodic-Stats/episodic_return,-21.0,Pong1PCB2L336P__seed_8_1763344785
1624032,0-Episodic-Stats/episodic_return,-21.0,Pong1PCB2L336P__seed_8_1763344785
1624576,0-Episodic-Stats/episodic_return,-21.0,Pong1PCB2L336P__seed_8_1763344785
1627616,0-Episodic-Stats/episodic_return,-21.0,Pong1PCB2L336P__seed_8_1763344785
1630112,0-Episodic-Stats/episodic_return,-21.0,Pong1PCB2L336P__seed_8_1763344785
1630656,0-Episodic-Stats/episodic_return,-21.0,Pong1PCB2L336P__seed_8_1763344785
1633696,0-Episodic-Stats/episodic_return,-21.0,Pong1PCB2L336P__seed_8_1763344785
1636736,0-Episodic-Stats/episodic_return,-21.0,Pong1PCB2L336P__seed_8_1763344785
1639776,0-Episodic-Stats/episodic_return,-21.0,Pong1PCB2L336P__seed_8_1763344785
1645856,0-Episodic-Stats/episodic_return,-21.0,Pong1PCB2L336P__seed_8_1763344785
1651392,0-Episodic-Stats/episodic_return,-21.0,Pong1PCB2L336P__seed_8_1763344785
1654976,0-Episodic-Stats/episodic_return,-21.0,Pong1PCB2L336P__seed_8_1763344785
1658016,0-Episodic-Stats/episodic_return,-21.0,Pong1PCB2L336P__seed_8_1763344785
1660704,0-Episodic-Stats/episodic_return,-21.0,Pong1PCB2L336P__seed_8_1763344785
1664096,0-Episodic-Stats/episodic_return,-21.0,Pong1PCB2L336P__seed_8_1763344785
1676256,0-Episodic-Stats/episodic_return,-21.0,Pong1PCB2L336P__seed_8_1763344785
1682880,0-Episodic-Stats/episodic_return,-21.0,Pong1PCB2L336P__seed_8_1763344785
1685024,0-Episodic-Stats/episodic_return,-21.0,Pong1PCB2L336P__seed_8_1763344785
1700576,0-Episodic-Stats/episodic_return,-21.0,Pong1PCB2L336P__seed_8_1763344785
1706656,0-Episodic-Stats/episodic_return,-21.0,Pong1PCB2L336P__seed_8_1763344785
1709696,0-Episodic-Stats/episodic_return,-21.0,Pong1PCB2L336P__seed_8_1763344785
1710240,0-Episodic-Stats/episodic_return,-21.0,Pong1PCB2L336P__seed_8_1763344785
1712736,0-Episodic-Stats/episodic_return,-21.0,Pong1PCB2L336P__seed_8_1763344785
1715776,0-Episodic-Stats/episodic_return,-21.0,Pong1PCB2L336P__seed_8_1763344785
1722048,0-Episodic-Stats/episodic_return,-21.0,Pong1PCB2L336P__seed_8_1763344785
1724896,0-Episodic-Stats/episodic_return,-21.0,Pong1PCB2L336P__seed_8_1763344785
1727936,0-Episodic-Stats/episodic_return,-21.0,Pong1PCB2L336P__seed_8_1763344785
1730624,0-Episodic-Stats/episodic_return,-21.0,Pong1PCB2L336P__seed_8_1763344785
1734016,0-Episodic-Stats/episodic_return,-21.0,Pong1PCB2L336P__seed_8_1763344785
1740640,0-Episodic-Stats/episodic_return,-21.0,Pong1PCB2L336P__seed_8_1763344785
1743136,0-Episodic-Stats/episodic_return,-21.0,Pong1PCB2L336P__seed_8_1763344785
1746720,0-Episodic-Stats/episodic_return,-21.0,Pong1PCB2L336P__seed_8_1763344785
1749760,0-Episodic-Stats/episodic_return,-21.0,Pong1PCB2L336P__seed_8_1763344785
1755296,0-Episodic-Stats/episodic_return,-21.0,Pong1PCB2L336P__seed_8_1763344785
1755840,0-Episodic-Stats/episodic_return,-21.0,Pong1PCB2L336P__seed_8_1763344785
1764960,0-Episodic-Stats/episodic_return,-21.0,Pong1PCB2L336P__seed_8_1763344785
1771040,0-Episodic-Stats/episodic_return,-21.0,Pong1PCB2L336P__seed_8_1763344785
1774080,0-Episodic-Stats/episodic_return,-21.0,Pong1PCB2L336P__seed_8_1763344785
1779808,0-Episodic-Stats/episodic_return,-21.0,Pong1PCB2L336P__seed_8_1763344785
1785696,0-Episodic-Stats/episodic_return,-21.0,Pong1PCB2L336P__seed_8_1763344785
1786240,0-Episodic-Stats/episodic_return,-21.0,Pong1PCB2L336P__seed_8_1763344785
1789824,0-Episodic-Stats/episodic_return,-21.0,Pong1PCB2L336P__seed_8_1763344785
1795360,0-Episodic-Stats/episodic_return,-21.0,Pong1PCB2L336P__seed_8_1763344785
1798400,0-Episodic-Stats/episodic_return,-21.0,Pong1PCB2L336P__seed_8_1763344785
1816288,0-Episodic-Stats/episodic_return,-21.0,Pong1PCB2L336P__seed_8_1763344785
1822720,0-Episodic-Stats/episodic_return,-21.0,Pong1PCB2L336P__seed_8_1763344785
1823264,0-Episodic-Stats/episodic_return,-21.0,Pong1PCB2L336P__seed_8_1763344785
1825760,0-Episodic-Stats/episodic_return,-21.0,Pong1PCB2L336P__seed_8_1763344785
1832032,0-Episodic-Stats/episodic_return,-21.0,Pong1PCB2L336P__seed_8_1763344785
1834880,0-Episodic-Stats/episodic_return,-21.0,Pong1PCB2L336P__seed_8_1763344785
1856160,0-Episodic-Stats/episodic_return,-21.0,Pong1PCB2L336P__seed_8_1763344785
1859200,0-Episodic-Stats/episodic_return,-21.0,Pong1PCB2L336P__seed_8_1763344785
1862784,0-Episodic-Stats/episodic_return,-21.0,Pong1PCB2L336P__seed_8_1763344785
1865280,0-Episodic-Stats/episodic_return,-21.0,Pong1PCB2L336P__seed_8_1763344785
1867968,0-Episodic-Stats/episodic_return,-21.0,Pong1PCB2L336P__seed_8_1763344785
1868864,0-Episodic-Stats/episodic_return,-21.0,Pong1PCB2L336P__seed_8_1763344785
1871360,0-Episodic-Stats/episodic_return,-21.0,Pong1PCB2L336P__seed_8_1763344785
1884064,0-Episodic-Stats/episodic_return,-21.0,Pong1PCB2L336P__seed_8_1763344785
1890144,0-Episodic-Stats/episodic_return,-21.0,Pong1PCB2L336P__seed_8_1763344785
1892640,0-Episodic-Stats/episodic_return,-21.0,Pong1PCB2L336P__seed_8_1763344785
1893184,0-Episodic-Stats/episodic_return,-21.0,Pong1PCB2L336P__seed_8_1763344785
1896224,0-Episodic-Stats/episodic_return,-21.0,Pong1PCB2L336P__seed_8_1763344785
1899264,0-Episodic-Stats/episodic_return,-21.0,Pong1PCB2L336P__seed_8_1763344785
1902304,0-Episodic-Stats/episodic_return,-21.0,Pong1PCB2L336P__seed_8_1763344785
1902848,0-Episodic-Stats/episodic_return,-21.0,Pong1PCB2L336P__seed_8_1763344785
1905344,0-Episodic-Stats/episodic_return,-21.0,Pong1PCB2L336P__seed_8_1763344785
1911072,0-Episodic-Stats/episodic_return,-21.0,Pong1PCB2L336P__seed_8_1763344785
1920544,0-Episodic-Stats/episodic_return,-21.0,Pong1PCB2L336P__seed_8_1763344785
1929664,0-Episodic-Stats/episodic_return,-21.0,Pong1PCB2L336P__seed_8_1763344785
1932704,0-Episodic-Stats/episodic_return,-21.0,Pong1PCB2L336P__seed_8_1763344785
1938432,0-Episodic-Stats/episodic_return,-21.0,Pong1PCB2L336P__seed_8_1763344785
1947904,0-Episodic-Stats/episodic_return,-21.0,Pong1PCB2L336P__seed_8_1763344785
1950400,0-Episodic-Stats/episodic_return,-21.0,Pong1PCB2L336P__seed_8_1763344785
1951136,0-Episodic-Stats/episodic_return,-20.0,Pong1PCB2L336P__seed_8_1763344785
1957024,0-Episodic-Stats/episodic_return,-21.0,Pong1PCB2L336P__seed_8_1763344785
1960064,0-Episodic-Stats/episodic_return,-21.0,Pong1PCB2L336P__seed_8_1763344785
1969376,0-Episodic-Stats/episodic_return,-21.0,Pong1PCB2L336P__seed_8_1763344785
1981344,0-Episodic-Stats/episodic_return,-21.0,Pong1PCB2L336P__seed_8_1763344785
1984928,0-Episodic-Stats/episodic_return,-21.0,Pong1PCB2L336P__seed_8_1763344785
2003168,0-Episodic-Stats/episodic_return,-21.0,Pong1PCB2L336P__seed_8_1763344785
2021408,0-Episodic-Stats/episodic_return,-21.0,Pong1PCB2L336P__seed_8_1763344785
2026240,0-Episodic-Stats/episodic_return,-19.0,Pong1PCB2L336P__seed_8_1763344785
2026944,0-Episodic-Stats/episodic_return,-21.0,Pong1PCB2L336P__seed_8_1763344785
2035360,0-Episodic-Stats/episodic_return,-20.0,Pong1PCB2L336P__seed_8_1763344785
2035712,0-Episodic-Stats/episodic_return,-20.0,Pong1PCB2L336P__seed_8_1763344785
2038048,0-Episodic-Stats/episodic_return,-18.0,Pong1PCB2L336P__seed_8_1763344785
2050912,0-Episodic-Stats/episodic_return,-20.0,Pong1PCB2L336P__seed_8_1763344785
2054848,0-Episodic-Stats/episodic_return,-21.0,Pong1PCB2L336P__seed_8_1763344785
2060224,0-Episodic-Stats/episodic_return,-19.0,Pong1PCB2L336P__seed_8_1763344785
2060384,0-Episodic-Stats/episodic_return,-21.0,Pong1PCB2L336P__seed_8_1763344785
2060576,0-Episodic-Stats/episodic_return,-20.0,Pong1PCB2L336P__seed_8_1763344785
2060768,0-Episodic-Stats/episodic_return,-19.0,Pong1PCB2L336P__seed_8_1763344785
2075776,0-Episodic-Stats/episodic_return,-20.0,Pong1PCB2L336P__seed_8_1763344785
2096352,0-Episodic-Stats/episodic_return,-18.0,Pong1PCB2L336P__seed_8_1763344785
2112256,0-Episodic-Stats/episodic_return,-20.0,Pong1PCB2L336P__seed_8_1763344785
2114944,0-Episodic-Stats/episodic_return,-19.0,Pong1PCB2L336P__seed_8_1763344785
2121024,0-Episodic-Stats/episodic_return,-20.0,Pong1PCB2L336P__seed_8_1763344785
2136224,0-Episodic-Stats/episodic_return,-19.0,Pong1PCB2L336P__seed_8_1763344785
2136576,0-Episodic-Stats/episodic_return,-21.0,Pong1PCB2L336P__seed_8_1763344785
2136928,0-Episodic-Stats/episodic_return,-21.0,Pong1PCB2L336P__seed_8_1763344785
2163584,0-Episodic-Stats/episodic_return,-19.0,Pong1PCB2L336P__seed_8_1763344785
2166272,0-Episodic-Stats/episodic_return,-18.0,Pong1PCB2L336P__seed_8_1763344785
2191840,0-Episodic-Stats/episodic_return,-20.0,Pong1PCB2L336P__seed_8_1763344785
2217408,0-Episodic-Stats/episodic_return,-18.0,Pong1PCB2L336P__seed_8_1763344785
2232096,0-Episodic-Stats/episodic_return,-15.0,Pong1PCB2L336P__seed_8_1763344785
2244096,0-Episodic-Stats/episodic_return,-14.0,Pong1PCB2L336P__seed_8_1763344785
2274304,0-Episodic-Stats/episodic_return,-14.0,Pong1PCB2L336P__seed_8_1763344785
2289344,0-Episodic-Stats/episodic_return,-13.0,Pong1PCB2L336P__seed_8_1763344785
2304352,0-Episodic-Stats/episodic_return,-13.0,Pong1PCB2L336P__seed_8_1763344785
2397536,0-Episodic-Stats/episodic_return,-10.0,Pong1PCB2L336P__seed_8_1763344785
2404864,0-Episodic-Stats/episodic_return,-12.0,Pong1PCB2L336P__seed_8_1763344785
2462784,0-Episodic-Stats/episodic_return,4.0,Pong1PCB2L336P__seed_8_1763344785
2472000,0-Episodic-Stats/episodic_return,8.0,Pong1PCB2L336P__seed_8_1763344785
2502528,0-Episodic-Stats/episodic_return,-6.0,Pong1PCB2L336P__seed_8_1763344785
2509024,0-Episodic-Stats/episodic_return,3.0,Pong1PCB2L336P__seed_8_1763344785
2512224,0-Episodic-Stats/episodic_return,8.0,Pong1PCB2L336P__seed_8_1763344785
2517312,0-Episodic-Stats/episodic_return,9.0,Pong1PCB2L336P__seed_8_1763344785
2530272,0-Episodic-Stats/episodic_return,5.0,Pong1PCB2L336P__seed_8_1763344785
2533280,0-Episodic-Stats/episodic_return,-8.0,Pong1PCB2L336P__seed_8_1763344785
2549376,0-Episodic-Stats/episodic_return,2.0,Pong1PCB2L336P__seed_8_1763344785
2559200,0-Episodic-Stats/episodic_return,7.0,Pong1PCB2L336P__seed_8_1763344785
2569952,0-Episodic-Stats/episodic_return,-6.0,Pong1PCB2L336P__seed_8_1763344785
2573920,0-Episodic-Stats/episodic_return,13.0,Pong1PCB2L336P__seed_8_1763344785
2581408,0-Episodic-Stats/episodic_return,15.0,Pong1PCB2L336P__seed_8_1763344785
2590432,0-Episodic-Stats/episodic_return,6.0,Pong1PCB2L336P__seed_8_1763344785
2593824,0-Episodic-Stats/episodic_return,6.0,Pong1PCB2L336P__seed_8_1763344785
2597664,0-Episodic-Stats/episodic_return,-8.0,Pong1PCB2L336P__seed_8_1763344785
2601792,0-Episodic-Stats/episodic_return,2.0,Pong1PCB2L336P__seed_8_1763344785
2604128,0-Episodic-Stats/episodic_return,-4.0,Pong1PCB2L336P__seed_8_1763344785
2606816,0-Episodic-Stats/episodic_return,5.0,Pong1PCB2L336P__seed_8_1763344785
2615744,0-Episodic-Stats/episodic_return,10.0,Pong1PCB2L336P__seed_8_1763344785
2644544,0-Episodic-Stats/episodic_return,-4.0,Pong1PCB2L336P__seed_8_1763344785
2658688,0-Episodic-Stats/episodic_return,-2.0,Pong1PCB2L336P__seed_8_1763344785
2661312,0-Episodic-Stats/episodic_return,9.0,Pong1PCB2L336P__seed_8_1763344785
2669728,0-Episodic-Stats/episodic_return,12.0,Pong1PCB2L336P__seed_8_1763344785
2702304,0-Episodic-Stats/episodic_return,-2.0,Pong1PCB2L336P__seed_8_1763344785
2708096,0-Episodic-Stats/episodic_return,6.0,Pong1PCB2L336P__seed_8_1763344785
2729600,0-Episodic-Stats/episodic_return,4.0,Pong1PCB2L336P__seed_8_1763344785
2754432,0-Episodic-Stats/episodic_return,1.0,Pong1PCB2L336P__seed_8_1763344785
2793344,0-Episodic-Stats/episodic_return,10.0,Pong1PCB2L336P__seed_8_1763344785
2809152,0-Episodic-Stats/episodic_return,15.0,Pong1PCB2L336P__seed_8_1763344785
2882336,0-Episodic-Stats/episodic_return,14.0,Pong1PCB2L336P__seed_8_1763344785
2888736,0-Episodic-Stats/episodic_return,15.0,Pong1PCB2L336P__seed_8_1763344785
2907072,0-Episodic-Stats/episodic_return,12.0,Pong1PCB2L336P__seed_8_1763344785
2909056,0-Episodic-Stats/episodic_return,5.0,Pong1PCB2L336P__seed_8_1763344785
2918560,0-Episodic-Stats/episodic_return,15.0,Pong1PCB2L336P__seed_8_1763344785
2923424,0-Episodic-Stats/episodic_return,3.0,Pong1PCB2L336P__seed_8_1763344785
2942336,0-Episodic-Stats/episodic_return,5.0,Pong1PCB2L336P__seed_8_1763344785
2948352,0-Episodic-Stats/episodic_return,4.0,Pong1PCB2L336P__seed_8_1763344785
2949696,0-Episodic-Stats/episodic_return,15.0,Pong1PCB2L336P__seed_8_1763344785
2951776,0-Episodic-Stats/episodic_return,14.0,Pong1PCB2L336P__seed_8_1763344785
2961376,0-Episodic-Stats/episodic_return,15.0,Pong1PCB2L336P__seed_8_1763344785
2968096,0-Episodic-Stats/episodic_return,15.0,Pong1PCB2L336P__seed_8_1763344785
2987648,0-Episodic-Stats/episodic_return,11.0,Pong1PCB2L336P__seed_8_1763344785
2990752,0-Episodic-Stats/episodic_return,13.0,Pong1PCB2L336P__seed_8_1763344785
2991904,0-Episodic-Stats/episodic_return,10.0,Pong1PCB2L336P__seed_8_1763344785
2994656,0-Episodic-Stats/episodic_return,7.0,Pong1PCB2L336P__seed_8_1763344785
3018368,0-Episodic-Stats/episodic_return,13.0,Pong1PCB2L336P__seed_8_1763344785
3034624,0-Episodic-Stats/episodic_return,10.0,Pong1PCB2L336P__seed_8_1763344785
3038720,0-Episodic-Stats/episodic_return,12.0,Pong1PCB2L336P__seed_8_1763344785
3039104,0-Episodic-Stats/episodic_return,10.0,Pong1PCB2L336P__seed_8_1763344785
3048000,0-Episodic-Stats/episodic_return,7.0,Pong1PCB2L336P__seed_8_1763344785
3054656,0-Episodic-Stats/episodic_return,15.0,Pong1PCB2L336P__seed_8_1763344785
3060448,0-Episodic-Stats/episodic_return,14.0,Pong1PCB2L336P__seed_8_1763344785
3079776,0-Episodic-Stats/episodic_return,11.0,Pong1PCB2L336P__seed_8_1763344785
3085984,0-Episodic-Stats/episodic_return,8.0,Pong1PCB2L336P__seed_8_1763344785
3087424,0-Episodic-Stats/episodic_return,13.0,Pong1PCB2L336P__seed_8_1763344785
3116864,0-Episodic-Stats/episodic_return,11.0,Pong1PCB2L336P__seed_8_1763344785
3123360,0-Episodic-Stats/episodic_return,10.0,Pong1PCB2L336P__seed_8_1763344785
3136672,0-Episodic-Stats/episodic_return,15.0,Pong1PCB2L336P__seed_8_1763344785
3156000,0-Episodic-Stats/episodic_return,14.0,Pong1PCB2L336P__seed_8_1763344785
3193440,0-Episodic-Stats/episodic_return,6.0,Pong1PCB2L336P__seed_8_1763344785
3251360,0-Episodic-Stats/episodic_return,11.0,Pong1PCB2L336P__seed_8_1763344785
3256640,0-Episodic-Stats/episodic_return,17.0,Pong1PCB2L336P__seed_8_1763344785
3327552,0-Episodic-Stats/episodic_return,14.0,Pong1PCB2L336P__seed_8_1763344785
3343712,0-Episodic-Stats/episodic_return,8.0,Pong1PCB2L336P__seed_8_1763344785
3346880,0-Episodic-Stats/episodic_return,14.0,Pong1PCB2L336P__seed_8_1763344785
3353600,0-Episodic-Stats/episodic_return,7.0,Pong1PCB2L336P__seed_8_1763344785
3361152,0-Episodic-Stats/episodic_return,14.0,Pong1PCB2L336P__seed_8_1763344785
3365440,0-Episodic-Stats/episodic_return,12.0,Pong1PCB2L336P__seed_8_1763344785
3370976,0-Episodic-Stats/episodic_return,8.0,Pong1PCB2L336P__seed_8_1763344785
3372992,0-Episodic-Stats/episodic_return,15.0,Pong1PCB2L336P__seed_8_1763344785
3378592,0-Episodic-Stats/episodic_return,14.0,Pong1PCB2L336P__seed_8_1763344785
3380160,0-Episodic-Stats/episodic_return,7.0,Pong1PCB2L336P__seed_8_1763344785
3395424,0-Episodic-Stats/episodic_return,13.0,Pong1PCB2L336P__seed_8_1763344785
3396416,0-Episodic-Stats/episodic_return,4.0,Pong1PCB2L336P__seed_8_1763344785
3396864,0-Episodic-Stats/episodic_return,11.0,Pong1PCB2L336P__seed_8_1763344785
3401024,0-Episodic-Stats/episodic_return,15.0,Pong1PCB2L336P__seed_8_1763344785
3424576,0-Episodic-Stats/episodic_return,13.0,Pong1PCB2L336P__seed_8_1763344785
3461888,0-Episodic-Stats/episodic_return,12.0,Pong1PCB2L336P__seed_8_1763344785
3477472,0-Episodic-Stats/episodic_return,7.0,Pong1PCB2L336P__seed_8_1763344785
3477824,0-Episodic-Stats/episodic_return,9.0,Pong1PCB2L336P__seed_8_1763344785
3482112,0-Episodic-Stats/episodic_return,8.0,Pong1PCB2L336P__seed_8_1763344785
3495104,0-Episodic-Stats/episodic_return,15.0,Pong1PCB2L336P__seed_8_1763344785
3500128,0-Episodic-Stats/episodic_return,8.0,Pong1PCB2L336P__seed_8_1763344785
3515232,0-Episodic-Stats/episodic_return,15.0,Pong1PCB2L336P__seed_8_1763344785
3517248,0-Episodic-Stats/episodic_return,6.0,Pong1PCB2L336P__seed_8_1763344785
3523968,0-Episodic-Stats/episodic_return,7.0,Pong1PCB2L336P__seed_8_1763344785
3529344,0-Episodic-Stats/episodic_return,13.0,Pong1PCB2L336P__seed_8_1763344785
3531488,0-Episodic-Stats/episodic_return,12.0,Pong1PCB2L336P__seed_8_1763344785
3601696,0-Episodic-Stats/episodic_return,14.0,Pong1PCB2L336P__seed_8_1763344785
3637984,0-Episodic-Stats/episodic_return,3.0,Pong1PCB2L336P__seed_8_1763344785
3653952,0-Episodic-Stats/episodic_return,5.0,Pong1PCB2L336P__seed_8_1763344785
3680416,0-Episodic-Stats/episodic_return,3.0,Pong1PCB2L336P__seed_8_1763344785
3733824,0-Episodic-Stats/episodic_return,12.0,Pong1PCB2L336P__seed_8_1763344785
3760160,0-Episodic-Stats/episodic_return,8.0,Pong1PCB2L336P__seed_8_1763344785
3762848,0-Episodic-Stats/episodic_return,15.0,Pong1PCB2L336P__seed_8_1763344785
3770240,0-Episodic-Stats/episodic_return,14.0,Pong1PCB2L336P__seed_8_1763344785
3770720,0-Episodic-Stats/episodic_return,11.0,Pong1PCB2L336P__seed_8_1763344785
3773024,0-Episodic-Stats/episodic_return,12.0,Pong1PCB2L336P__seed_8_1763344785
3778784,0-Episodic-Stats/episodic_return,12.0,Pong1PCB2L336P__seed_8_1763344785
3787232,0-Episodic-Stats/episodic_return,14.0,Pong1PCB2L336P__seed_8_1763344785
3807072,0-Episodic-Stats/episodic_return,5.0,Pong1PCB2L336P__seed_8_1763344785
3823136,0-Episodic-Stats/episodic_return,10.0,Pong1PCB2L336P__seed_8_1763344785
3835520,0-Episodic-Stats/episodic_return,15.0,Pong1PCB2L336P__seed_8_1763344785
3843776,0-Episodic-Stats/episodic_return,7.0,Pong1PCB2L336P__seed_8_1763344785
3852256,0-Episodic-Stats/episodic_return,5.0,Pong1PCB2L336P__seed_8_1763344785
3862496,0-Episodic-Stats/episodic_return,7.0,Pong1PCB2L336P__seed_8_1763344785
3899392,0-Episodic-Stats/episodic_return,5.0,Pong1PCB2L336P__seed_8_1763344785
3936928,0-Episodic-Stats/episodic_return,13.0,Pong1PCB2L336P__seed_8_1763344785
3946560,0-Episodic-Stats/episodic_return,2.0,Pong1PCB2L336P__seed_8_1763344785
3959296,0-Episodic-Stats/episodic_return,12.0,Pong1PCB2L336P__seed_8_1763344785
3962816,0-Episodic-Stats/episodic_return,2.0,Pong1PCB2L336P__seed_8_1763344785
3969312,0-Episodic-Stats/episodic_return,7.0,Pong1PCB2L336P__seed_8_1763344785
3972128,0-Episodic-Stats/episodic_return,8.0,Pong1PCB2L336P__seed_8_1763344785
3982752,0-Episodic-Stats/episodic_return,6.0,Pong1PCB2L336P__seed_8_1763344785
3994688,0-Episodic-Stats/episodic_return,12.0,Pong1PCB2L336P__seed_8_1763344785
4002016,0-Episodic-Stats/episodic_return,7.0,Pong1PCB2L336P__seed_8_1763344785
4003680,0-Episodic-Stats/episodic_return,1.0,Pong1PCB2L336P__seed_8_1763344785
4007008,0-Episodic-Stats/episodic_return,4.0,Pong1PCB2L336P__seed_8_1763344785
4016480,0-Episodic-Stats/episodic_return,4.0,Pong1PCB2L336P__seed_8_1763344785
4093728,0-Episodic-Stats/episodic_return,10.0,Pong1PCB2L336P__seed_8_1763344785
4117184,0-Episodic-Stats/episodic_return,8.0,Pong1PCB2L336P__seed_8_1763344785
4126688,0-Episodic-Stats/episodic_return,5.0,Pong1PCB2L336P__seed_8_1763344785
4169536,0-Episodic-Stats/episodic_return,1.0,Pong1PCB2L336P__seed_8_1763344785
4217600,0-Episodic-Stats/episodic_return,6.0,Pong1PCB2L336P__seed_8_1763344785
4219136,0-Episodic-Stats/episodic_return,12.0,Pong1PCB2L336P__seed_8_1763344785
4229408,0-Episodic-Stats/episodic_return,7.0,Pong1PCB2L336P__seed_8_1763344785
4264384,0-Episodic-Stats/episodic_return,12.0,Pong1PCB2L336P__seed_8_1763344785
4270720,0-Episodic-Stats/episodic_return,8.0,Pong1PCB2L336P__seed_8_1763344785
4295488,0-Episodic-Stats/episodic_return,-3.0,Pong1PCB2L336P__seed_8_1763344785
4295840,0-Episodic-Stats/episodic_return,-2.0,Pong1PCB2L336P__seed_8_1763344785
4320896,0-Episodic-Stats/episodic_return,7.0,Pong1PCB2L336P__seed_8_1763344785
4324192,0-Episodic-Stats/episodic_return,9.0,Pong1PCB2L336P__seed_8_1763344785
4335040,0-Episodic-Stats/episodic_return,-2.0,Pong1PCB2L336P__seed_8_1763344785
4343456,0-Episodic-Stats/episodic_return,12.0,Pong1PCB2L336P__seed_8_1763344785
4344000,0-Episodic-Stats/episodic_return,3.0,Pong1PCB2L336P__seed_8_1763344785
4372256,0-Episodic-Stats/episodic_return,13.0,Pong1PCB2L336P__seed_8_1763344785
4373952,0-Episodic-Stats/episodic_return,4.0,Pong1PCB2L336P__seed_8_1763344785
4384768,0-Episodic-Stats/episodic_return,3.0,Pong1PCB2L336P__seed_8_1763344785
4393952,0-Episodic-Stats/episodic_return,13.0,Pong1PCB2L336P__seed_8_1763344785
4409600,0-Episodic-Stats/episodic_return,2.0,Pong1PCB2L336P__seed_8_1763344785
4421952,0-Episodic-Stats/episodic_return,4.0,Pong1PCB2L336P__seed_8_1763344785
4431328,0-Episodic-Stats/episodic_return,11.0,Pong1PCB2L336P__seed_8_1763344785
4435264,0-Episodic-Stats/episodic_return,10.0,Pong1PCB2L336P__seed_8_1763344785
4435552,0-Episodic-Stats/episodic_return,7.0,Pong1PCB2L336P__seed_8_1763344785
4479296,0-Episodic-Stats/episodic_return,9.0,Pong1PCB2L336P__seed_8_1763344785
4491776,0-Episodic-Stats/episodic_return,11.0,Pong1PCB2L336P__seed_8_1763344785
4497088,0-Episodic-Stats/episodic_return,13.0,Pong1PCB2L336P__seed_8_1763344785
4536320,0-Episodic-Stats/episodic_return,-4.0,Pong1PCB2L336P__seed_8_1763344785
4548448,0-Episodic-Stats/episodic_return,5.0,Pong1PCB2L336P__seed_8_1763344785
4549600,0-Episodic-Stats/episodic_return,9.0,Pong1PCB2L336P__seed_8_1763344785
4561472,0-Episodic-Stats/episodic_return,-1.0,Pong1PCB2L336P__seed_8_1763344785
4575968,0-Episodic-Stats/episodic_return,5.0,Pong1PCB2L336P__seed_8_1763344785
4631136,0-Episodic-Stats/episodic_return,1.0,Pong1PCB2L336P__seed_8_1763344785
4631168,0-Episodic-Stats/episodic_return,10.0,Pong1PCB2L336P__seed_8_1763344785
4648960,0-Episodic-Stats/episodic_return,5.0,Pong1PCB2L336P__seed_8_1763344785
4675680,0-Episodic-Stats/episodic_return,14.0,Pong1PCB2L336P__seed_8_1763344785
4701408,0-Episodic-Stats/episodic_return,16.0,Pong1PCB2L336P__seed_8_1763344785
4706272,0-Episodic-Stats/episodic_return,18.0,Pong1PCB2L336P__seed_8_1763344785
4754720,0-Episodic-Stats/episodic_return,5.0,Pong1PCB2L336P__seed_8_1763344785
4773856,0-Episodic-Stats/episodic_return,9.0,Pong1PCB2L336P__seed_8_1763344785
4780928,0-Episodic-Stats/episodic_return,9.0,Pong1PCB2L336P__seed_8_1763344785
4791552,0-Episodic-Stats/episodic_return,5.0,Pong1PCB2L336P__seed_8_1763344785
4813280,0-Episodic-Stats/episodic_return,12.0,Pong1PCB2L336P__seed_8_1763344785
4818304,0-Episodic-Stats/episodic_return,14.0,Pong1PCB2L336P__seed_8_1763344785
4845792,0-Episodic-Stats/episodic_return,7.0,Pong1PCB2L336P__seed_8_1763344785
4859040,0-Episodic-Stats/episodic_return,7.0,Pong1PCB2L336P__seed_8_1763344785
4864480,0-Episodic-Stats/episodic_return,-4.0,Pong1PCB2L336P__seed_8_1763344785
4872480,0-Episodic-Stats/episodic_return,7.0,Pong1PCB2L336P__seed_8_1763344785
4877088,0-Episodic-Stats/episodic_return,10.0,Pong1PCB2L336P__seed_8_1763344785
4879104,0-Episodic-Stats/episodic_return,-3.0,Pong1PCB2L336P__seed_8_1763344785
4886272,0-Episodic-Stats/episodic_return,5.0,Pong1PCB2L336P__seed_8_1763344785
4908224,0-Episodic-Stats/episodic_return,4.0,Pong1PCB2L336P__seed_8_1763344785
4909408,0-Episodic-Stats/episodic_return,-3.0,Pong1PCB2L336P__seed_8_1763344785
4948416,0-Episodic-Stats/episodic_return,2.0,Pong1PCB2L336P__seed_8_1763344785
4948768,0-Episodic-Stats/episodic_return,13.0,Pong1PCB2L336P__seed_8_1763344785
4952000,0-Episodic-Stats/episodic_return,11.0,Pong1PCB2L336P__seed_8_1763344785
4963616,0-Episodic-Stats/episodic_return,5.0,Pong1PCB2L336P__seed_8_1763344785
4978240,0-Episodic-Stats/episodic_return,-11.0,Pong1PCB2L336P__seed_8_1763344785
4985728,0-Episodic-Stats/episodic_return,11.0,Pong1PCB2L336P__seed_8_1763344785
4987680,0-Episodic-Stats/episodic_return,-3.0,Pong1PCB2L336P__seed_8_1763344785
5004608,0-Episodic-Stats/episodic_return,4.0,Pong1PCB2L336P__seed_8_1763344785
5063136,0-Episodic-Stats/episodic_return,9.0,Pong1PCB2L336P__seed_8_1763344785
5070080,0-Episodic-Stats/episodic_return,3.0,Pong1PCB2L336P__seed_8_1763344785
5097056,0-Episodic-Stats/episodic_return,6.0,Pong1PCB2L336P__seed_8_1763344785
5114592,0-Episodic-Stats/episodic_return,7.0,Pong1PCB2L336P__seed_8_1763344785
5134656,0-Episodic-Stats/episodic_return,8.0,Pong1PCB2L336P__seed_8_1763344785
5135072,0-Episodic-Stats/episodic_return,-1.0,Pong1PCB2L336P__seed_8_1763344785
5169408,0-Episodic-Stats/episodic_return,6.0,Pong1PCB2L336P__seed_8_1763344785
5212160,0-Episodic-Stats/episodic_return,10.0,Pong1PCB2L336P__seed_8_1763344785
5229056,0-Episodic-Stats/episodic_return,2.0,Pong1PCB2L336P__seed_8_1763344785
5233760,0-Episodic-Stats/episodic_return,11.0,Pong1PCB2L336P__seed_8_1763344785
5263200,0-Episodic-Stats/episodic_return,5.0,Pong1PCB2L336P__seed_8_1763344785
5273184,0-Episodic-Stats/episodic_return,8.0,Pong1PCB2L336P__seed_8_1763344785
5285408,0-Episodic-Stats/episodic_return,13.0,Pong1PCB2L336P__seed_8_1763344785
5319456,0-Episodic-Stats/episodic_return,10.0,Pong1PCB2L336P__seed_8_1763344785
5330240,0-Episodic-Stats/episodic_return,7.0,Pong1PCB2L336P__seed_8_1763344785
5332128,0-Episodic-Stats/episodic_return,13.0,Pong1PCB2L336P__seed_8_1763344785
5341728,0-Episodic-Stats/episodic_return,-3.0,Pong1PCB2L336P__seed_8_1763344785
5351968,0-Episodic-Stats/episodic_return,4.0,Pong1PCB2L336P__seed_8_1763344785
5361760,0-Episodic-Stats/episodic_return,3.0,Pong1PCB2L336P__seed_8_1763344785
5362432,0-Episodic-Stats/episodic_return,12.0,Pong1PCB2L336P__seed_8_1763344785
5376352,0-Episodic-Stats/episodic_return,10.0,Pong1PCB2L336P__seed_8_1763344785
5380256,0-Episodic-Stats/episodic_return,9.0,Pong1PCB2L336P__seed_8_1763344785
5384448,0-Episodic-Stats/episodic_return,4.0,Pong1PCB2L336P__seed_8_1763344785
5394496,0-Episodic-Stats/episodic_return,4.0,Pong1PCB2L336P__seed_8_1763344785
5397024,0-Episodic-Stats/episodic_return,2.0,Pong1PCB2L336P__seed_8_1763344785
5419904,0-Episodic-Stats/episodic_return,12.0,Pong1PCB2L336P__seed_8_1763344785
5422112,0-Episodic-Stats/episodic_return,5.0,Pong1PCB2L336P__seed_8_1763344785
5443328,0-Episodic-Stats/episodic_return,7.0,Pong1PCB2L336P__seed_8_1763344785
5461664,0-Episodic-Stats/episodic_return,-7.0,Pong1PCB2L336P__seed_8_1763344785
5478400,0-Episodic-Stats/episodic_return,10.0,Pong1PCB2L336P__seed_8_1763344785
5483392,0-Episodic-Stats/episodic_return,9.0,Pong1PCB2L336P__seed_8_1763344785
5499232,0-Episodic-Stats/episodic_return,4.0,Pong1PCB2L336P__seed_8_1763344785
5502528,0-Episodic-Stats/episodic_return,-3.0,Pong1PCB2L336P__seed_8_1763344785
5516288,0-Episodic-Stats/episodic_return,15.0,Pong1PCB2L336P__seed_8_1763344785
5537056,0-Episodic-Stats/episodic_return,8.0,Pong1PCB2L336P__seed_8_1763344785
5564032,0-Episodic-Stats/episodic_return,9.0,Pong1PCB2L336P__seed_8_1763344785
5599232,0-Episodic-Stats/episodic_return,13.0,Pong1PCB2L336P__seed_8_1763344785
5626656,0-Episodic-Stats/episodic_return,6.0,Pong1PCB2L336P__seed_8_1763344785
5631040,0-Episodic-Stats/episodic_return,13.0,Pong1PCB2L336P__seed_8_1763344785
5639904,0-Episodic-Stats/episodic_return,5.0,Pong1PCB2L336P__seed_8_1763344785
5661472,0-Episodic-Stats/episodic_return,9.0,Pong1PCB2L336P__seed_8_1763344785
5678880,0-Episodic-Stats/episodic_return,15.0,Pong1PCB2L336P__seed_8_1763344785
5739360,0-Episodic-Stats/episodic_return,8.0,Pong1PCB2L336P__seed_8_1763344785
5753472,0-Episodic-Stats/episodic_return,10.0,Pong1PCB2L336P__seed_8_1763344785
5760448,0-Episodic-Stats/episodic_return,14.0,Pong1PCB2L336P__seed_8_1763344785
5766816,0-Episodic-Stats/episodic_return,1.0,Pong1PCB2L336P__seed_8_1763344785
5792736,0-Episodic-Stats/episodic_return,-2.0,Pong1PCB2L336P__seed_8_1763344785
5815552,0-Episodic-Stats/episodic_return,7.0,Pong1PCB2L336P__seed_8_1763344785
5823872,0-Episodic-Stats/episodic_return,9.0,Pong1PCB2L336P__seed_8_1763344785
5839936,0-Episodic-Stats/episodic_return,-4.0,Pong1PCB2L336P__seed_8_1763344785
5844640,0-Episodic-Stats/episodic_return,-2.0,Pong1PCB2L336P__seed_8_1763344785
5847424,0-Episodic-Stats/episodic_return,-2.0,Pong1PCB2L336P__seed_8_1763344785
5848448,0-Episodic-Stats/episodic_return,8.0,Pong1PCB2L336P__seed_8_1763344785
5861056,0-Episodic-Stats/episodic_return,7.0,Pong1PCB2L336P__seed_8_1763344785
5870080,0-Episodic-Stats/episodic_return,6.0,Pong1PCB2L336P__seed_8_1763344785
5875232,0-Episodic-Stats/episodic_return,12.0,Pong1PCB2L336P__seed_8_1763344785
5936096,0-Episodic-Stats/episodic_return,5.0,Pong1PCB2L336P__seed_8_1763344785
5946208,0-Episodic-Stats/episodic_return,9.0,Pong1PCB2L336P__seed_8_1763344785
5953344,0-Episodic-Stats/episodic_return,2.0,Pong1PCB2L336P__seed_8_1763344785
5973536,0-Episodic-Stats/episodic_return,7.0,Pong1PCB2L336P__seed_8_1763344785
5979936,0-Episodic-Stats/episodic_return,-2.0,Pong1PCB2L336P__seed_8_1763344785
5981280,0-Episodic-Stats/episodic_return,4.0,Pong1PCB2L336P__seed_8_1763344785
5982048,0-Episodic-Stats/episodic_return,11.0,Pong1PCB2L336P__seed_8_1763344785
5985856,0-Episodic-Stats/episodic_return,8.0,Pong1PCB2L336P__seed_8_1763344785
5990016,0-Episodic-Stats/episodic_return,3.0,Pong1PCB2L336P__seed_8_1763344785
5993408,0-Episodic-Stats/episodic_return,9.0,Pong1PCB2L336P__seed_8_1763344785
5999648,0-Episodic-Stats/episodic_return,2.0,Pong1PCB2L336P__seed_8_1763344785
6034176,0-Episodic-Stats/episodic_return,1.0,Pong1PCB2L336P__seed_8_1763344785
6035776,0-Episodic-Stats/episodic_return,6.0,Pong1PCB2L336P__seed_8_1763344785
6059520,0-Episodic-Stats/episodic_return,6.0,Pong1PCB2L336P__seed_8_1763344785
6110592,0-Episodic-Stats/episodic_return,4.0,Pong1PCB2L336P__seed_8_1763344785
6142240,0-Episodic-Stats/episodic_return,9.0,Pong1PCB2L336P__seed_8_1763344785
6153312,0-Episodic-Stats/episodic_return,-9.0,Pong1PCB2L336P__seed_8_1763344785
6209536,0-Episodic-Stats/episodic_return,8.0,Pong1PCB2L336P__seed_8_1763344785
6219552,0-Episodic-Stats/episodic_return,7.0,Pong1PCB2L336P__seed_8_1763344785
6236960,0-Episodic-Stats/episodic_return,3.0,Pong1PCB2L336P__seed_8_1763344785
6267264,0-Episodic-Stats/episodic_return,10.0,Pong1PCB2L336P__seed_8_1763344785
6271648,0-Episodic-Stats/episodic_return,-3.0,Pong1PCB2L336P__seed_8_1763344785
6304896,0-Episodic-Stats/episodic_return,2.0,Pong1PCB2L336P__seed_8_1763344785
6322080,0-Episodic-Stats/episodic_return,5.0,Pong1PCB2L336P__seed_8_1763344785
6324032,0-Episodic-Stats/episodic_return,8.0,Pong1PCB2L336P__seed_8_1763344785
6324384,0-Episodic-Stats/episodic_return,5.0,Pong1PCB2L336P__seed_8_1763344785
6331104,0-Episodic-Stats/episodic_return,7.0,Pong1PCB2L336P__seed_8_1763344785
6343552,0-Episodic-Stats/episodic_return,4.0,Pong1PCB2L336P__seed_8_1763344785
6348096,0-Episodic-Stats/episodic_return,9.0,Pong1PCB2L336P__seed_8_1763344785
6373280,0-Episodic-Stats/episodic_return,-2.0,Pong1PCB2L336P__seed_8_1763344785
6376224,0-Episodic-Stats/episodic_return,6.0,Pong1PCB2L336P__seed_8_1763344785
6399360,0-Episodic-Stats/episodic_return,12.0,Pong1PCB2L336P__seed_8_1763344785
6407200,0-Episodic-Stats/episodic_return,10.0,Pong1PCB2L336P__seed_8_1763344785
6410688,0-Episodic-Stats/episodic_return,5.0,Pong1PCB2L336P__seed_8_1763344785
6416992,0-Episodic-Stats/episodic_return,4.0,Pong1PCB2L336P__seed_8_1763344785
6422976,0-Episodic-Stats/episodic_return,14.0,Pong1PCB2L336P__seed_8_1763344785
6427680,0-Episodic-Stats/episodic_return,10.0,Pong1PCB2L336P__seed_8_1763344785
6442112,0-Episodic-Stats/episodic_return,10.0,Pong1PCB2L336P__seed_8_1763344785
6448352,0-Episodic-Stats/episodic_return,9.0,Pong1PCB2L336P__seed_8_1763344785
6467680,0-Episodic-Stats/episodic_return,4.0,Pong1PCB2L336P__seed_8_1763344785
6472256,0-Episodic-Stats/episodic_return,8.0,Pong1PCB2L336P__seed_8_1763344785
6495456,0-Episodic-Stats/episodic_return,3.0,Pong1PCB2L336P__seed_8_1763344785
6497536,0-Episodic-Stats/episodic_return,1.0,Pong1PCB2L336P__seed_8_1763344785
6522144,0-Episodic-Stats/episodic_return,6.0,Pong1PCB2L336P__seed_8_1763344785
6527840,0-Episodic-Stats/episodic_return,-1.0,Pong1PCB2L336P__seed_8_1763344785
6630016,0-Episodic-Stats/episodic_return,1.0,Pong1PCB2L336P__seed_8_1763344785
6660736,0-Episodic-Stats/episodic_return,2.0,Pong1PCB2L336P__seed_8_1763344785
6662048,0-Episodic-Stats/episodic_return,10.0,Pong1PCB2L336P__seed_8_1763344785
6676096,0-Episodic-Stats/episodic_return,2.0,Pong1PCB2L336P__seed_8_1763344785
6707968,0-Episodic-Stats/episodic_return,-3.0,Pong1PCB2L336P__seed_8_1763344785
6709472,0-Episodic-Stats/episodic_return,7.0,Pong1PCB2L336P__seed_8_1763344785
6744928,0-Episodic-Stats/episodic_return,-3.0,Pong1PCB2L336P__seed_8_1763344785
6779232,0-Episodic-Stats/episodic_return,6.0,Pong1PCB2L336P__seed_8_1763344785
6790976,0-Episodic-Stats/episodic_return,2.0,Pong1PCB2L336P__seed_8_1763344785
6812288,0-Episodic-Stats/episodic_return,4.0,Pong1PCB2L336P__seed_8_1763344785
6837920,0-Episodic-Stats/episodic_return,13.0,Pong1PCB2L336P__seed_8_1763344785
6844288,0-Episodic-Stats/episodic_return,9.0,Pong1PCB2L336P__seed_8_1763344785
6856672,0-Episodic-Stats/episodic_return,8.0,Pong1PCB2L336P__seed_8_1763344785
6860000,0-Episodic-Stats/episodic_return,-2.0,Pong1PCB2L336P__seed_8_1763344785
6863104,0-Episodic-Stats/episodic_return,2.0,Pong1PCB2L336P__seed_8_1763344785
6882016,0-Episodic-Stats/episodic_return,-9.0,Pong1PCB2L336P__seed_8_1763344785
6887072,0-Episodic-Stats/episodic_return,-3.0,Pong1PCB2L336P__seed_8_1763344785
6888192,0-Episodic-Stats/episodic_return,3.0,Pong1PCB2L336P__seed_8_1763344785
6890368,0-Episodic-Stats/episodic_return,-3.0,Pong1PCB2L336P__seed_8_1763344785
6895776,0-Episodic-Stats/episodic_return,15.0,Pong1PCB2L336P__seed_8_1763344785
6900704,0-Episodic-Stats/episodic_return,10.0,Pong1PCB2L336P__seed_8_1763344785
6913472,0-Episodic-Stats/episodic_return,5.0,Pong1PCB2L336P__seed_8_1763344785
6913696,0-Episodic-Stats/episodic_return,4.0,Pong1PCB2L336P__seed_8_1763344785
6918880,0-Episodic-Stats/episodic_return,2.0,Pong1PCB2L336P__seed_8_1763344785
6924768,0-Episodic-Stats/episodic_return,-6.0,Pong1PCB2L336P__seed_8_1763344785
6946432,0-Episodic-Stats/episodic_return,4.0,Pong1PCB2L336P__seed_8_1763344785
6990912,0-Episodic-Stats/episodic_return,-1.0,Pong1PCB2L336P__seed_8_1763344785
6995200,0-Episodic-Stats/episodic_return,-1.0,Pong1PCB2L336P__seed_8_1763344785
7005344,0-Episodic-Stats/episodic_return,-1.0,Pong1PCB2L336P__seed_8_1763344785
7020992,0-Episodic-Stats/episodic_return,4.0,Pong1PCB2L336P__seed_8_1763344785
7024000,0-Episodic-Stats/episodic_return,-1.0,Pong1PCB2L336P__seed_8_1763344785
7074624,0-Episodic-Stats/episodic_return,-1.0,Pong1PCB2L336P__seed_8_1763344785
7112960,0-Episodic-Stats/episodic_return,-1.0,Pong1PCB2L336P__seed_8_1763344785
7119840,0-Episodic-Stats/episodic_return,7.0,Pong1PCB2L336P__seed_8_1763344785
7159712,0-Episodic-Stats/episodic_return,14.0,Pong1PCB2L336P__seed_8_1763344785
7181824,0-Episodic-Stats/episodic_return,-2.0,Pong1PCB2L336P__seed_8_1763344785
7215936,0-Episodic-Stats/episodic_return,3.0,Pong1PCB2L336P__seed_8_1763344785
7231136,0-Episodic-Stats/episodic_return,-3.0,Pong1PCB2L336P__seed_8_1763344785
7236032,0-Episodic-Stats/episodic_return,-9.0,Pong1PCB2L336P__seed_8_1763344785
7237312,0-Episodic-Stats/episodic_return,2.0,Pong1PCB2L336P__seed_8_1763344785
7269984,0-Episodic-Stats/episodic_return,-7.0,Pong1PCB2L336P__seed_8_1763344785
7283456,0-Episodic-Stats/episodic_return,-7.0,Pong1PCB2L336P__seed_8_1763344785
7308256,0-Episodic-Stats/episodic_return,2.0,Pong1PCB2L336P__seed_8_1763344785
7335968,0-Episodic-Stats/episodic_return,-5.0,Pong1PCB2L336P__seed_8_1763344785
7340704,0-Episodic-Stats/episodic_return,10.0,Pong1PCB2L336P__seed_8_1763344785
7353728,0-Episodic-Stats/episodic_return,-2.0,Pong1PCB2L336P__seed_8_1763344785
7358560,0-Episodic-Stats/episodic_return,-2.0,Pong1PCB2L336P__seed_8_1763344785
7360224,0-Episodic-Stats/episodic_return,-7.0,Pong1PCB2L336P__seed_8_1763344785
7364960,0-Episodic-Stats/episodic_return,-6.0,Pong1PCB2L336P__seed_8_1763344785
7397664,0-Episodic-Stats/episodic_return,-1.0,Pong1PCB2L336P__seed_8_1763344785
7399776,0-Episodic-Stats/episodic_return,2.0,Pong1PCB2L336P__seed_8_1763344785
7401696,0-Episodic-Stats/episodic_return,1.0,Pong1PCB2L336P__seed_8_1763344785
7404704,0-Episodic-Stats/episodic_return,6.0,Pong1PCB2L336P__seed_8_1763344785
7418592,0-Episodic-Stats/episodic_return,1.0,Pong1PCB2L336P__seed_8_1763344785
7425248,0-Episodic-Stats/episodic_return,11.0,Pong1PCB2L336P__seed_8_1763344785
7427840,0-Episodic-Stats/episodic_return,1.0,Pong1PCB2L336P__seed_8_1763344785
7430624,0-Episodic-Stats/episodic_return,5.0,Pong1PCB2L336P__seed_8_1763344785
7434336,0-Episodic-Stats/episodic_return,-7.0,Pong1PCB2L336P__seed_8_1763344785
7440704,0-Episodic-Stats/episodic_return,12.0,Pong1PCB2L336P__seed_8_1763344785
7456672,0-Episodic-Stats/episodic_return,2.0,Pong1PCB2L336P__seed_8_1763344785
7499680,0-Episodic-Stats/episodic_return,1.0,Pong1PCB2L336P__seed_8_1763344785
7516800,0-Episodic-Stats/episodic_return,-3.0,Pong1PCB2L336P__seed_8_1763344785
7520512,0-Episodic-Stats/episodic_return,-8.0,Pong1PCB2L336P__seed_8_1763344785
7522080,0-Episodic-Stats/episodic_return,-2.0,Pong1PCB2L336P__seed_8_1763344785
7566496,0-Episodic-Stats/episodic_return,4.0,Pong1PCB2L336P__seed_8_1763344785
7620096,0-Episodic-Stats/episodic_return,-7.0,Pong1PCB2L336P__seed_8_1763344785
7632832,0-Episodic-Stats/episodic_return,8.0,Pong1PCB2L336P__seed_8_1763344785
7640608,0-Episodic-Stats/episodic_return,-15.0,Pong1PCB2L336P__seed_8_1763344785
7677984,0-Episodic-Stats/episodic_return,-4.0,Pong1PCB2L336P__seed_8_1763344785
7696320,0-Episodic-Stats/episodic_return,9.0,Pong1PCB2L336P__seed_8_1763344785
7721664,0-Episodic-Stats/episodic_return,1.0,Pong1PCB2L336P__seed_8_1763344785
7745568,0-Episodic-Stats/episodic_return,4.0,Pong1PCB2L336P__seed_8_1763344785
7766816,0-Episodic-Stats/episodic_return,-4.0,Pong1PCB2L336P__seed_8_1763344785
7776992,0-Episodic-Stats/episodic_return,4.0,Pong1PCB2L336P__seed_8_1763344785
7806176,0-Episodic-Stats/episodic_return,9.0,Pong1PCB2L336P__seed_8_1763344785
7819424,0-Episodic-Stats/episodic_return,4.0,Pong1PCB2L336P__seed_8_1763344785
7826560,0-Episodic-Stats/episodic_return,7.0,Pong1PCB2L336P__seed_8_1763344785
7832672,0-Episodic-Stats/episodic_return,7.0,Pong1PCB2L336P__seed_8_1763344785
7833408,0-Episodic-Stats/episodic_return,-11.0,Pong1PCB2L336P__seed_8_1763344785
7843488,0-Episodic-Stats/episodic_return,-5.0,Pong1PCB2L336P__seed_8_1763344785
7843552,0-Episodic-Stats/episodic_return,6.0,Pong1PCB2L336P__seed_8_1763344785
7859136,0-Episodic-Stats/episodic_return,5.0,Pong1PCB2L336P__seed_8_1763344785
7864608,0-Episodic-Stats/episodic_return,-6.0,Pong1PCB2L336P__seed_8_1763344785
7868256,0-Episodic-Stats/episodic_return,2.0,Pong1PCB2L336P__seed_8_1763344785
7878080,0-Episodic-Stats/episodic_return,-5.0,Pong1PCB2L336P__seed_8_1763344785
7878752,0-Episodic-Stats/episodic_return,-7.0,Pong1PCB2L336P__seed_8_1763344785
7883456,0-Episodic-Stats/episodic_return,9.0,Pong1PCB2L336P__seed_8_1763344785
7893472,0-Episodic-Stats/episodic_return,-4.0,Pong1PCB2L336P__seed_8_1763344785
7894560,0-Episodic-Stats/episodic_return,-4.0,Pong1PCB2L336P__seed_8_1763344785
7947584,0-Episodic-Stats/episodic_return,2.0,Pong1PCB2L336P__seed_8_1763344785
7951744,0-Episodic-Stats/episodic_return,3.0,Pong1PCB2L336P__seed_8_1763344785
7953280,0-Episodic-Stats/episodic_return,1.0,Pong1PCB2L336P__seed_8_1763344785
8003264,0-Episodic-Stats/episodic_return,10.0,Pong1PCB2L336P__seed_8_1763344785
8020928,0-Episodic-Stats/episodic_return,-3.0,Pong1PCB2L336P__seed_8_1763344785
8025728,0-Episodic-Stats/episodic_return,6.0,Pong1PCB2L336P__seed_8_1763344785
8034720,0-Episodic-Stats/episodic_return,7.0,Pong1PCB2L336P__seed_8_1763344785
8044032,0-Episodic-Stats/episodic_return,-4.0,Pong1PCB2L336P__seed_8_1763344785
8063904,0-Episodic-Stats/episodic_return,9.0,Pong1PCB2L336P__seed_8_1763344785
8073152,0-Episodic-Stats/episodic_return,1.0,Pong1PCB2L336P__seed_8_1763344785
8132256,0-Episodic-Stats/episodic_return,15.0,Pong1PCB2L336P__seed_8_1763344785
8134048,0-Episodic-Stats/episodic_return,7.0,Pong1PCB2L336P__seed_8_1763344785
8138304,0-Episodic-Stats/episodic_return,10.0,Pong1PCB2L336P__seed_8_1763344785
8162112,0-Episodic-Stats/episodic_return,7.0,Pong1PCB2L336P__seed_8_1763344785
8164160,0-Episodic-Stats/episodic_return,2.0,Pong1PCB2L336P__seed_8_1763344785
8211392,0-Episodic-Stats/episodic_return,-3.0,Pong1PCB2L336P__seed_8_1763344785
8238784,0-Episodic-Stats/episodic_return,-6.0,Pong1PCB2L336P__seed_8_1763344785
8242432,0-Episodic-Stats/episodic_return,5.0,Pong1PCB2L336P__seed_8_1763344785
8263424,0-Episodic-Stats/episodic_return,6.0,Pong1PCB2L336P__seed_8_1763344785
8277472,0-Episodic-Stats/episodic_return,16.0,Pong1PCB2L336P__seed_8_1763344785
8281984,0-Episodic-Stats/episodic_return,5.0,Pong1PCB2L336P__seed_8_1763344785
8285024,0-Episodic-Stats/episodic_return,9.0,Pong1PCB2L336P__seed_8_1763344785
8290336,0-Episodic-Stats/episodic_return,-4.0,Pong1PCB2L336P__seed_8_1763344785
8303328,0-Episodic-Stats/episodic_return,11.0,Pong1PCB2L336P__seed_8_1763344785
8317056,0-Episodic-Stats/episodic_return,8.0,Pong1PCB2L336P__seed_8_1763344785
8340608,0-Episodic-Stats/episodic_return,3.0,Pong1PCB2L336P__seed_8_1763344785
8366912,0-Episodic-Stats/episodic_return,3.0,Pong1PCB2L336P__seed_8_1763344785
8368448,0-Episodic-Stats/episodic_return,12.0,Pong1PCB2L336P__seed_8_1763344785
8374464,0-Episodic-Stats/episodic_return,-2.0,Pong1PCB2L336P__seed_8_1763344785
8384672,0-Episodic-Stats/episodic_return,3.0,Pong1PCB2L336P__seed_8_1763344785
8411968,0-Episodic-Stats/episodic_return,-2.0,Pong1PCB2L336P__seed_8_1763344785
8422176,0-Episodic-Stats/episodic_return,-2.0,Pong1PCB2L336P__seed_8_1763344785
8430240,0-Episodic-Stats/episodic_return,-1.0,Pong1PCB2L336P__seed_8_1763344785
8473024,0-Episodic-Stats/episodic_return,2.0,Pong1PCB2L336P__seed_8_1763344785
8473856,0-Episodic-Stats/episodic_return,6.0,Pong1PCB2L336P__seed_8_1763344785
8474016,0-Episodic-Stats/episodic_return,10.0,Pong1PCB2L336P__seed_8_1763344785
8477248,0-Episodic-Stats/episodic_return,-5.0,Pong1PCB2L336P__seed_8_1763344785
8494752,0-Episodic-Stats/episodic_return,9.0,Pong1PCB2L336P__seed_8_1763344785
8499424,0-Episodic-Stats/episodic_return,5.0,Pong1PCB2L336P__seed_8_1763344785
8500128,0-Episodic-Stats/episodic_return,7.0,Pong1PCB2L336P__seed_8_1763344785
8534624,0-Episodic-Stats/episodic_return,-2.0,Pong1PCB2L336P__seed_8_1763344785
8544160,0-Episodic-Stats/episodic_return,-2.0,Pong1PCB2L336P__seed_8_1763344785
8557536,0-Episodic-Stats/episodic_return,-2.0,Pong1PCB2L336P__seed_8_1763344785
8591104,0-Episodic-Stats/episodic_return,-6.0,Pong1PCB2L336P__seed_8_1763344785
8606848,0-Episodic-Stats/episodic_return,12.0,Pong1PCB2L336P__seed_8_1763344785
8625408,0-Episodic-Stats/episodic_return,12.0,Pong1PCB2L336P__seed_8_1763344785
8636640,0-Episodic-Stats/episodic_return,1.0,Pong1PCB2L336P__seed_8_1763344785
8651072,0-Episodic-Stats/episodic_return,8.0,Pong1PCB2L336P__seed_8_1763344785
8667616,0-Episodic-Stats/episodic_return,10.0,Pong1PCB2L336P__seed_8_1763344785
8671008,0-Episodic-Stats/episodic_return,13.0,Pong1PCB2L336P__seed_8_1763344785
8678112,0-Episodic-Stats/episodic_return,2.0,Pong1PCB2L336P__seed_8_1763344785
8682048,0-Episodic-Stats/episodic_return,10.0,Pong1PCB2L336P__seed_8_1763344785
8704320,0-Episodic-Stats/episodic_return,1.0,Pong1PCB2L336P__seed_8_1763344785
8751872,0-Episodic-Stats/episodic_return,3.0,Pong1PCB2L336P__seed_8_1763344785
8758432,0-Episodic-Stats/episodic_return,-4.0,Pong1PCB2L336P__seed_8_1763344785
8759328,0-Episodic-Stats/episodic_return,7.0,Pong1PCB2L336P__seed_8_1763344785
8759584,0-Episodic-Stats/episodic_return,13.0,Pong1PCB2L336P__seed_8_1763344785
8817024,0-Episodic-Stats/episodic_return,-2.0,Pong1PCB2L336P__seed_8_1763344785
8833760,0-Episodic-Stats/episodic_return,2.0,Pong1PCB2L336P__seed_8_1763344785
8843072,0-Episodic-Stats/episodic_return,8.0,Pong1PCB2L336P__seed_8_1763344785
8867296,0-Episodic-Stats/episodic_return,14.0,Pong1PCB2L336P__seed_8_1763344785
8892256,0-Episodic-Stats/episodic_return,8.0,Pong1PCB2L336P__seed_8_1763344785
8892352,0-Episodic-Stats/episodic_return,7.0,Pong1PCB2L336P__seed_8_1763344785
8906464,0-Episodic-Stats/episodic_return,-2.0,Pong1PCB2L336P__seed_8_1763344785
8924512,0-Episodic-Stats/episodic_return,3.0,Pong1PCB2L336P__seed_8_1763344785
8942880,0-Episodic-Stats/episodic_return,6.0,Pong1PCB2L336P__seed_8_1763344785
8962176,0-Episodic-Stats/episodic_return,-2.0,Pong1PCB2L336P__seed_8_1763344785
8968416,0-Episodic-Stats/episodic_return,8.0,Pong1PCB2L336P__seed_8_1763344785
8969376,0-Episodic-Stats/episodic_return,1.0,Pong1PCB2L336P__seed_8_1763344785
8972928,0-Episodic-Stats/episodic_return,-6.0,Pong1PCB2L336P__seed_8_1763344785
8977056,0-Episodic-Stats/episodic_return,6.0,Pong1PCB2L336P__seed_8_1763344785
8979616,0-Episodic-Stats/episodic_return,12.0,Pong1PCB2L336P__seed_8_1763344785
8988256,0-Episodic-Stats/episodic_return,5.0,Pong1PCB2L336P__seed_8_1763344785
9032576,0-Episodic-Stats/episodic_return,5.0,Pong1PCB2L336P__seed_8_1763344785
9047008,0-Episodic-Stats/episodic_return,13.0,Pong1PCB2L336P__seed_8_1763344785
9061664,0-Episodic-Stats/episodic_return,1.0,Pong1PCB2L336P__seed_8_1763344785
9074240,0-Episodic-Stats/episodic_return,2.0,Pong1PCB2L336P__seed_8_1763344785
9087040,0-Episodic-Stats/episodic_return,10.0,Pong1PCB2L336P__seed_8_1763344785
9123712,0-Episodic-Stats/episodic_return,7.0,Pong1PCB2L336P__seed_8_1763344785
9139776,0-Episodic-Stats/episodic_return,9.0,Pong1PCB2L336P__seed_8_1763344785
9143104,0-Episodic-Stats/episodic_return,3.0,Pong1PCB2L336P__seed_8_1763344785
9178592,0-Episodic-Stats/episodic_return,8.0,Pong1PCB2L336P__seed_8_1763344785
9179520,0-Episodic-Stats/episodic_return,3.0,Pong1PCB2L336P__seed_8_1763344785
9192512,0-Episodic-Stats/episodic_return,6.0,Pong1PCB2L336P__seed_8_1763344785
9192928,0-Episodic-Stats/episodic_return,5.0,Pong1PCB2L336P__seed_8_1763344785
9210592,0-Episodic-Stats/episodic_return,13.0,Pong1PCB2L336P__seed_8_1763344785
9216384,0-Episodic-Stats/episodic_return,5.0,Pong1PCB2L336P__seed_8_1763344785
9234240,0-Episodic-Stats/episodic_return,9.0,Pong1PCB2L336P__seed_8_1763344785
9238816,0-Episodic-Stats/episodic_return,7.0,Pong1PCB2L336P__seed_8_1763344785
9243264,0-Episodic-Stats/episodic_return,4.0,Pong1PCB2L336P__seed_8_1763344785
9276704,0-Episodic-Stats/episodic_return,11.0,Pong1PCB2L336P__seed_8_1763344785
9286400,0-Episodic-Stats/episodic_return,5.0,Pong1PCB2L336P__seed_8_1763344785
9294624,0-Episodic-Stats/episodic_return,13.0,Pong1PCB2L336P__seed_8_1763344785
9350720,0-Episodic-Stats/episodic_return,7.0,Pong1PCB2L336P__seed_8_1763344785
9374368,0-Episodic-Stats/episodic_return,10.0,Pong1PCB2L336P__seed_8_1763344785
9379840,0-Episodic-Stats/episodic_return,10.0,Pong1PCB2L336P__seed_8_1763344785
9382912,0-Episodic-Stats/episodic_return,3.0,Pong1PCB2L336P__seed_8_1763344785
9386144,0-Episodic-Stats/episodic_return,11.0,Pong1PCB2L336P__seed_8_1763344785
9393248,0-Episodic-Stats/episodic_return,4.0,Pong1PCB2L336P__seed_8_1763344785
9393312,0-Episodic-Stats/episodic_return,9.0,Pong1PCB2L336P__seed_8_1763344785
9411776,0-Episodic-Stats/episodic_return,9.0,Pong1PCB2L336P__seed_8_1763344785
9420768,0-Episodic-Stats/episodic_return,5.0,Pong1PCB2L336P__seed_8_1763344785
9422240,0-Episodic-Stats/episodic_return,3.0,Pong1PCB2L336P__seed_8_1763344785
9430272,0-Episodic-Stats/episodic_return,12.0,Pong1PCB2L336P__seed_8_1763344785
9452096,0-Episodic-Stats/episodic_return,14.0,Pong1PCB2L336P__seed_8_1763344785
9491584,0-Episodic-Stats/episodic_return,12.0,Pong1PCB2L336P__seed_8_1763344785
9501696,0-Episodic-Stats/episodic_return,3.0,Pong1PCB2L336P__seed_8_1763344785
9528384,0-Episodic-Stats/episodic_return,-3.0,Pong1PCB2L336P__seed_8_1763344785
9554176,0-Episodic-Stats/episodic_return,9.0,Pong1PCB2L336P__seed_8_1763344785
9559072,0-Episodic-Stats/episodic_return,-2.0,Pong1PCB2L336P__seed_8_1763344785
9584992,0-Episodic-Stats/episodic_return,13.0,Pong1PCB2L336P__seed_8_1763344785
9617920,0-Episodic-Stats/episodic_return,-2.0,Pong1PCB2L336P__seed_8_1763344785
9622816,0-Episodic-Stats/episodic_return,5.0,Pong1PCB2L336P__seed_8_1763344785
9625760,0-Episodic-Stats/episodic_return,-1.0,Pong1PCB2L336P__seed_8_1763344785
9661920,0-Episodic-Stats/episodic_return,6.0,Pong1PCB2L336P__seed_8_1763344785
9672672,0-Episodic-Stats/episodic_return,3.0,Pong1PCB2L336P__seed_8_1763344785
9675776,0-Episodic-Stats/episodic_return,9.0,Pong1PCB2L336P__seed_8_1763344785
9695104,0-Episodic-Stats/episodic_return,8.0,Pong1PCB2L336P__seed_8_1763344785
9698752,0-Episodic-Stats/episodic_return,3.0,Pong1PCB2L336P__seed_8_1763344785
9704704,0-Episodic-Stats/episodic_return,8.0,Pong1PCB2L336P__seed_8_1763344785
9724096,0-Episodic-Stats/episodic_return,8.0,Pong1PCB2L336P__seed_8_1763344785
9741248,0-Episodic-Stats/episodic_return,13.0,Pong1PCB2L336P__seed_8_1763344785
9763616,0-Episodic-Stats/episodic_return,9.0,Pong1PCB2L336P__seed_8_1763344785
9766816,0-Episodic-Stats/episodic_return,-5.0,Pong1PCB2L336P__seed_8_1763344785
9770432,0-Episodic-Stats/episodic_return,2.0,Pong1PCB2L336P__seed_8_1763344785
9796576,0-Episodic-Stats/episodic_return,-8.0,Pong1PCB2L336P__seed_8_1763344785
9804928,0-Episodic-Stats/episodic_return,6.0,Pong1PCB2L336P__seed_8_1763344785
9808288,0-Episodic-Stats/episodic_return,-1.0,Pong1PCB2L336P__seed_8_1763344785
9823872,0-Episodic-Stats/episodic_return,8.0,Pong1PCB2L336P__seed_8_1763344785
9825568,0-Episodic-Stats/episodic_return,1.0,Pong1PCB2L336P__seed_8_1763344785
9827232,0-Episodic-Stats/episodic_return,-3.0,Pong1PCB2L336P__seed_8_1763344785
9844192,0-Episodic-Stats/episodic_return,5.0,Pong1PCB2L336P__seed_8_1763344785
9847072,0-Episodic-Stats/episodic_return,4.0,Pong1PCB2L336P__seed_8_1763344785
9899680,0-Episodic-Stats/episodic_return,6.0,Pong1PCB2L336P__seed_8_1763344785
9903840,0-Episodic-Stats/episodic_return,1.0,Pong1PCB2L336P__seed_8_1763344785
9905568,0-Episodic-Stats/episodic_return,10.0,Pong1PCB2L336P__seed_8_1763344785
9906240,0-Episodic-Stats/episodic_return,14.0,Pong1PCB2L336P__seed_8_1763344785
9906304,0-Episodic-Stats/episodic_return,6.0,Pong1PCB2L336P__seed_8_1763344785
9918912,0-Episodic-Stats/episodic_return,-1.0,Pong1PCB2L336P__seed_8_1763344785
9965728,0-Episodic-Stats/episodic_return,2.0,Pong1PCB2L336P__seed_8_1763344785
9971552,0-Episodic-Stats/episodic_return,13.0,Pong1PCB2L336P__seed_8_1763344785
4096,1-Training-Losses/approx_kl,8.27121693873778e-05,Pong1PCB2L336P__seed_8_1763344785
8192,1-Training-Losses/approx_kl,7.713551167398691e-05,Pong1PCB2L336P__seed_8_1763344785
12288,1-Training-Losses/approx_kl,7.53105414332822e-05,Pong1PCB2L336P__seed_8_1763344785
16384,1-Training-Losses/approx_kl,6.740505341440439e-05,Pong1PCB2L336P__seed_8_1763344785
20480,1-Training-Losses/approx_kl,4.156638169661164e-05,Pong1PCB2L336P__seed_8_1763344785
24576,1-Training-Losses/approx_kl,1.7456914065405726e-05,Pong1PCB2L336P__seed_8_1763344785
28672,1-Training-Losses/approx_kl,9.084746125154197e-06,Pong1PCB2L336P__seed_8_1763344785
32768,1-Training-Losses/approx_kl,1.5703801182098687e-05,Pong1PCB2L336P__seed_8_1763344785
36864,1-Training-Losses/approx_kl,1.1101437848992646e-05,Pong1PCB2L336P__seed_8_1763344785
40960,1-Training-Losses/approx_kl,1.4559700503014028e-05,Pong1PCB2L336P__seed_8_1763344785
45056,1-Training-Losses/approx_kl,3.147800453007221e-05,Pong1PCB2L336P__seed_8_1763344785
49152,1-Training-Losses/approx_kl,5.161088483873755e-05,Pong1PCB2L336P__seed_8_1763344785
53248,1-Training-Losses/approx_kl,5.6858465541154146e-05,Pong1PCB2L336P__seed_8_1763344785
57344,1-Training-Losses/approx_kl,4.1595310904085636e-05,Pong1PCB2L336P__seed_8_1763344785
61440,1-Training-Losses/approx_kl,2.9370421543717384e-05,Pong1PCB2L336P__seed_8_1763344785
65536,1-Training-Losses/approx_kl,2.646469511091709e-05,Pong1PCB2L336P__seed_8_1763344785
69632,1-Training-Losses/approx_kl,2.6816356694325805e-05,Pong1PCB2L336P__seed_8_1763344785
73728,1-Training-Losses/approx_kl,3.711949102580547e-05,Pong1PCB2L336P__seed_8_1763344785
77824,1-Training-Losses/approx_kl,1.2335905921645463e-05,Pong1PCB2L336P__seed_8_1763344785
81920,1-Training-Losses/approx_kl,5.24596543982625e-06,Pong1PCB2L336P__seed_8_1763344785
86016,1-Training-Losses/approx_kl,4.395711584948003e-06,Pong1PCB2L336P__seed_8_1763344785
90112,1-Training-Losses/approx_kl,5.96788595430553e-07,Pong1PCB2L336P__seed_8_1763344785
94208,1-Training-Losses/approx_kl,5.03336195833981e-07,Pong1PCB2L336P__seed_8_1763344785
98304,1-Training-Losses/approx_kl,7.323513273149729e-06,Pong1PCB2L336P__seed_8_1763344785
102400,1-Training-Losses/approx_kl,9.288109140470624e-06,Pong1PCB2L336P__seed_8_1763344785
106496,1-Training-Losses/approx_kl,1.3373748515732586e-05,Pong1PCB2L336P__seed_8_1763344785
110592,1-Training-Losses/approx_kl,1.4776436728425324e-05,Pong1PCB2L336P__seed_8_1763344785
114688,1-Training-Losses/approx_kl,1.3756405678577721e-05,Pong1PCB2L336P__seed_8_1763344785
118784,1-Training-Losses/approx_kl,1.3351687812246382e-05,Pong1PCB2L336P__seed_8_1763344785
122880,1-Training-Losses/approx_kl,9.144845535047352e-06,Pong1PCB2L336P__seed_8_1763344785
126976,1-Training-Losses/approx_kl,7.86854070611298e-06,Pong1PCB2L336P__seed_8_1763344785
131072,1-Training-Losses/approx_kl,3.361019480507821e-05,Pong1PCB2L336P__seed_8_1763344785
135168,1-Training-Losses/approx_kl,4.348059883341193e-05,Pong1PCB2L336P__seed_8_1763344785
139264,1-Training-Losses/approx_kl,3.4174692700617015e-05,Pong1PCB2L336P__seed_8_1763344785
143360,1-Training-Losses/approx_kl,2.760264032986015e-05,Pong1PCB2L336P__seed_8_1763344785
147456,1-Training-Losses/approx_kl,2.870183379855007e-05,Pong1PCB2L336P__seed_8_1763344785
151552,1-Training-Losses/approx_kl,6.415139068849385e-06,Pong1PCB2L336P__seed_8_1763344785
155648,1-Training-Losses/approx_kl,5.822948878630996e-07,Pong1PCB2L336P__seed_8_1763344785
159744,1-Training-Losses/approx_kl,8.184288162738085e-07,Pong1PCB2L336P__seed_8_1763344785
163840,1-Training-Losses/approx_kl,9.206865797750652e-06,Pong1PCB2L336P__seed_8_1763344785
167936,1-Training-Losses/approx_kl,3.5574339563027024e-05,Pong1PCB2L336P__seed_8_1763344785
172032,1-Training-Losses/approx_kl,1.8487844499759376e-05,Pong1PCB2L336P__seed_8_1763344785
176128,1-Training-Losses/approx_kl,1.0785006452351809e-05,Pong1PCB2L336P__seed_8_1763344785
180224,1-Training-Losses/approx_kl,1.588652958162129e-05,Pong1PCB2L336P__seed_8_1763344785
184320,1-Training-Losses/approx_kl,1.6414414858445525e-05,Pong1PCB2L336P__seed_8_1763344785
188416,1-Training-Losses/approx_kl,5.621201125904918e-06,Pong1PCB2L336P__seed_8_1763344785
192512,1-Training-Losses/approx_kl,7.521623047068715e-06,Pong1PCB2L336P__seed_8_1763344785
196608,1-Training-Losses/approx_kl,1.2773365597240627e-05,Pong1PCB2L336P__seed_8_1763344785
200704,1-Training-Losses/approx_kl,8.167538908310235e-06,Pong1PCB2L336P__seed_8_1763344785
204800,1-Training-Losses/approx_kl,5.5174605222418904e-06,Pong1PCB2L336P__seed_8_1763344785
208896,1-Training-Losses/approx_kl,8.2461629062891e-06,Pong1PCB2L336P__seed_8_1763344785
212992,1-Training-Losses/approx_kl,3.115521394647658e-06,Pong1PCB2L336P__seed_8_1763344785
217088,1-Training-Losses/approx_kl,2.230284735560417e-06,Pong1PCB2L336P__seed_8_1763344785
221184,1-Training-Losses/approx_kl,5.100417183712125e-06,Pong1PCB2L336P__seed_8_1763344785
225280,1-Training-Losses/approx_kl,1.036887988448143e-05,Pong1PCB2L336P__seed_8_1763344785
229376,1-Training-Losses/approx_kl,3.821458085440099e-05,Pong1PCB2L336P__seed_8_1763344785
233472,1-Training-Losses/approx_kl,4.8760033678263426e-05,Pong1PCB2L336P__seed_8_1763344785
237568,1-Training-Losses/approx_kl,4.335213452577591e-05,Pong1PCB2L336P__seed_8_1763344785
241664,1-Training-Losses/approx_kl,3.666258999146521e-05,Pong1PCB2L336P__seed_8_1763344785
245760,1-Training-Losses/approx_kl,7.502094376832247e-06,Pong1PCB2L336P__seed_8_1763344785
249856,1-Training-Losses/approx_kl,1.2492382666096091e-06,Pong1PCB2L336P__seed_8_1763344785
253952,1-Training-Losses/approx_kl,1.931024598889053e-06,Pong1PCB2L336P__seed_8_1763344785
258048,1-Training-Losses/approx_kl,2.4488981580361724e-06,Pong1PCB2L336P__seed_8_1763344785
262144,1-Training-Losses/approx_kl,1.4104909496381879e-05,Pong1PCB2L336P__seed_8_1763344785
266240,1-Training-Losses/approx_kl,8.751841960474849e-06,Pong1PCB2L336P__seed_8_1763344785
270336,1-Training-Losses/approx_kl,2.8802314773201942e-06,Pong1PCB2L336P__seed_8_1763344785
274432,1-Training-Losses/approx_kl,5.41686313226819e-06,Pong1PCB2L336P__seed_8_1763344785
278528,1-Training-Losses/approx_kl,1.2666554539464414e-05,Pong1PCB2L336P__seed_8_1763344785
282624,1-Training-Losses/approx_kl,6.5740314312279224e-06,Pong1PCB2L336P__seed_8_1763344785
286720,1-Training-Losses/approx_kl,5.663372576236725e-06,Pong1PCB2L336P__seed_8_1763344785
290816,1-Training-Losses/approx_kl,1.538441574666649e-05,Pong1PCB2L336P__seed_8_1763344785
294912,1-Training-Losses/approx_kl,1.3209399185143411e-05,Pong1PCB2L336P__seed_8_1763344785
299008,1-Training-Losses/approx_kl,1.4413308235816658e-05,Pong1PCB2L336P__seed_8_1763344785
303104,1-Training-Losses/approx_kl,2.3397122276946902e-05,Pong1PCB2L336P__seed_8_1763344785
307200,1-Training-Losses/approx_kl,1.950690057128668e-05,Pong1PCB2L336P__seed_8_1763344785
311296,1-Training-Losses/approx_kl,5.110501660965383e-06,Pong1PCB2L336P__seed_8_1763344785
315392,1-Training-Losses/approx_kl,4.3011532397940755e-06,Pong1PCB2L336P__seed_8_1763344785
319488,1-Training-Losses/approx_kl,2.411603054497391e-05,Pong1PCB2L336P__seed_8_1763344785
323584,1-Training-Losses/approx_kl,2.1663145162165165e-05,Pong1PCB2L336P__seed_8_1763344785
327680,1-Training-Losses/approx_kl,2.137181581929326e-06,Pong1PCB2L336P__seed_8_1763344785
331776,1-Training-Losses/approx_kl,4.01865690946579e-06,Pong1PCB2L336P__seed_8_1763344785
335872,1-Training-Losses/approx_kl,9.339782991446555e-06,Pong1PCB2L336P__seed_8_1763344785
339968,1-Training-Losses/approx_kl,2.4114211555570364e-05,Pong1PCB2L336P__seed_8_1763344785
344064,1-Training-Losses/approx_kl,2.8643698897212744e-05,Pong1PCB2L336P__seed_8_1763344785
348160,1-Training-Losses/approx_kl,7.010545232333243e-06,Pong1PCB2L336P__seed_8_1763344785
352256,1-Training-Losses/approx_kl,5.745343514718115e-06,Pong1PCB2L336P__seed_8_1763344785
356352,1-Training-Losses/approx_kl,4.615518264472485e-06,Pong1PCB2L336P__seed_8_1763344785
360448,1-Training-Losses/approx_kl,3.8729922380298376e-07,Pong1PCB2L336P__seed_8_1763344785
364544,1-Training-Losses/approx_kl,2.4181645130738616e-06,Pong1PCB2L336P__seed_8_1763344785
368640,1-Training-Losses/approx_kl,9.231283911503851e-06,Pong1PCB2L336P__seed_8_1763344785
372736,1-Training-Losses/approx_kl,3.890559310093522e-05,Pong1PCB2L336P__seed_8_1763344785
376832,1-Training-Losses/approx_kl,2.8933383873663843e-05,Pong1PCB2L336P__seed_8_1763344785
380928,1-Training-Losses/approx_kl,2.343500091228634e-05,Pong1PCB2L336P__seed_8_1763344785
385024,1-Training-Losses/approx_kl,3.943823685403913e-05,Pong1PCB2L336P__seed_8_1763344785
389120,1-Training-Losses/approx_kl,1.9760540453717113e-05,Pong1PCB2L336P__seed_8_1763344785
393216,1-Training-Losses/approx_kl,2.3498141672462225e-06,Pong1PCB2L336P__seed_8_1763344785
397312,1-Training-Losses/approx_kl,9.15555574465543e-06,Pong1PCB2L336P__seed_8_1763344785
401408,1-Training-Losses/approx_kl,4.787198849953711e-05,Pong1PCB2L336P__seed_8_1763344785
405504,1-Training-Losses/approx_kl,2.839334774762392e-05,Pong1PCB2L336P__seed_8_1763344785
409600,1-Training-Losses/approx_kl,3.3543474273756146e-06,Pong1PCB2L336P__seed_8_1763344785
413696,1-Training-Losses/approx_kl,1.155707286670804e-05,Pong1PCB2L336P__seed_8_1763344785
417792,1-Training-Losses/approx_kl,3.2739480957388878e-06,Pong1PCB2L336P__seed_8_1763344785
421888,1-Training-Losses/approx_kl,1.6845035133883357e-05,Pong1PCB2L336P__seed_8_1763344785
425984,1-Training-Losses/approx_kl,2.6450579753145576e-05,Pong1PCB2L336P__seed_8_1763344785
430080,1-Training-Losses/approx_kl,2.7064437745139003e-05,Pong1PCB2L336P__seed_8_1763344785
434176,1-Training-Losses/approx_kl,9.201161446981132e-06,Pong1PCB2L336P__seed_8_1763344785
438272,1-Training-Losses/approx_kl,5.16042928211391e-06,Pong1PCB2L336P__seed_8_1763344785
442368,1-Training-Losses/approx_kl,6.444068276323378e-06,Pong1PCB2L336P__seed_8_1763344785
446464,1-Training-Losses/approx_kl,2.3417960619553924e-06,Pong1PCB2L336P__seed_8_1763344785
450560,1-Training-Losses/approx_kl,5.460824468173087e-06,Pong1PCB2L336P__seed_8_1763344785
454656,1-Training-Losses/approx_kl,2.207787474617362e-06,Pong1PCB2L336P__seed_8_1763344785
458752,1-Training-Losses/approx_kl,2.779590431600809e-06,Pong1PCB2L336P__seed_8_1763344785
462848,1-Training-Losses/approx_kl,8.369243005290627e-07,Pong1PCB2L336P__seed_8_1763344785
466944,1-Training-Losses/approx_kl,2.359913196414709e-06,Pong1PCB2L336P__seed_8_1763344785
471040,1-Training-Losses/approx_kl,1.7051352187991142e-06,Pong1PCB2L336P__seed_8_1763344785
475136,1-Training-Losses/approx_kl,1.5278274076990783e-05,Pong1PCB2L336P__seed_8_1763344785
479232,1-Training-Losses/approx_kl,4.9126610974781215e-05,Pong1PCB2L336P__seed_8_1763344785
483328,1-Training-Losses/approx_kl,4.748384526465088e-05,Pong1PCB2L336P__seed_8_1763344785
487424,1-Training-Losses/approx_kl,1.5692683518864214e-05,Pong1PCB2L336P__seed_8_1763344785
491520,1-Training-Losses/approx_kl,2.5415109121240675e-05,Pong1PCB2L336P__seed_8_1763344785
495616,1-Training-Losses/approx_kl,4.065904067829251e-05,Pong1PCB2L336P__seed_8_1763344785
499712,1-Training-Losses/approx_kl,1.1810596333816648e-05,Pong1PCB2L336P__seed_8_1763344785
503808,1-Training-Losses/approx_kl,8.274699212051928e-06,Pong1PCB2L336P__seed_8_1763344785
507904,1-Training-Losses/approx_kl,1.2310832971706986e-05,Pong1PCB2L336P__seed_8_1763344785
512000,1-Training-Losses/approx_kl,2.5282904971390963e-05,Pong1PCB2L336P__seed_8_1763344785
516096,1-Training-Losses/approx_kl,5.1164592150598764e-05,Pong1PCB2L336P__seed_8_1763344785
520192,1-Training-Losses/approx_kl,4.2576444684527814e-05,Pong1PCB2L336P__seed_8_1763344785
524288,1-Training-Losses/approx_kl,5.302099452819675e-05,Pong1PCB2L336P__seed_8_1763344785
528384,1-Training-Losses/approx_kl,6.123237835709006e-05,Pong1PCB2L336P__seed_8_1763344785
532480,1-Training-Losses/approx_kl,4.2956555262207985e-05,Pong1PCB2L336P__seed_8_1763344785
536576,1-Training-Losses/approx_kl,1.9959552446380258e-05,Pong1PCB2L336P__seed_8_1763344785
540672,1-Training-Losses/approx_kl,3.6980927689000964e-05,Pong1PCB2L336P__seed_8_1763344785
544768,1-Training-Losses/approx_kl,4.928260750602931e-05,Pong1PCB2L336P__seed_8_1763344785
548864,1-Training-Losses/approx_kl,4.095719486940652e-05,Pong1PCB2L336P__seed_8_1763344785
552960,1-Training-Losses/approx_kl,2.4090681108646095e-05,Pong1PCB2L336P__seed_8_1763344785
557056,1-Training-Losses/approx_kl,9.426774340681732e-06,Pong1PCB2L336P__seed_8_1763344785
561152,1-Training-Losses/approx_kl,1.1133757652714849e-05,Pong1PCB2L336P__seed_8_1763344785
565248,1-Training-Losses/approx_kl,7.076014298945665e-07,Pong1PCB2L336P__seed_8_1763344785
569344,1-Training-Losses/approx_kl,8.023154805414379e-06,Pong1PCB2L336P__seed_8_1763344785
573440,1-Training-Losses/approx_kl,4.214409273117781e-06,Pong1PCB2L336P__seed_8_1763344785
577536,1-Training-Losses/approx_kl,6.68587745167315e-07,Pong1PCB2L336P__seed_8_1763344785
581632,1-Training-Losses/approx_kl,2.640590537339449e-07,Pong1PCB2L336P__seed_8_1763344785
585728,1-Training-Losses/approx_kl,1.0058560292236507e-05,Pong1PCB2L336P__seed_8_1763344785
589824,1-Training-Losses/approx_kl,3.6245182855054736e-05,Pong1PCB2L336P__seed_8_1763344785
593920,1-Training-Losses/approx_kl,4.465578240342438e-05,Pong1PCB2L336P__seed_8_1763344785
598016,1-Training-Losses/approx_kl,6.369242328219116e-06,Pong1PCB2L336P__seed_8_1763344785
602112,1-Training-Losses/approx_kl,2.097149263136089e-06,Pong1PCB2L336P__seed_8_1763344785
606208,1-Training-Losses/approx_kl,8.875402272678912e-06,Pong1PCB2L336P__seed_8_1763344785
610304,1-Training-Losses/approx_kl,1.7339029000140727e-05,Pong1PCB2L336P__seed_8_1763344785
614400,1-Training-Losses/approx_kl,9.087467333301902e-06,Pong1PCB2L336P__seed_8_1763344785
618496,1-Training-Losses/approx_kl,4.897767212241888e-06,Pong1PCB2L336P__seed_8_1763344785
622592,1-Training-Losses/approx_kl,8.096933015622199e-06,Pong1PCB2L336P__seed_8_1763344785
626688,1-Training-Losses/approx_kl,4.954636096954346e-07,Pong1PCB2L336P__seed_8_1763344785
630784,1-Training-Losses/approx_kl,1.4116420061327517e-05,Pong1PCB2L336P__seed_8_1763344785
634880,1-Training-Losses/approx_kl,1.1065290891565382e-05,Pong1PCB2L336P__seed_8_1763344785
638976,1-Training-Losses/approx_kl,5.737529136240482e-06,Pong1PCB2L336P__seed_8_1763344785
643072,1-Training-Losses/approx_kl,8.664501365274191e-07,Pong1PCB2L336P__seed_8_1763344785
647168,1-Training-Losses/approx_kl,1.1219875887036324e-05,Pong1PCB2L336P__seed_8_1763344785
651264,1-Training-Losses/approx_kl,2.219781163148582e-05,Pong1PCB2L336P__seed_8_1763344785
655360,1-Training-Losses/approx_kl,2.4733555619604886e-05,Pong1PCB2L336P__seed_8_1763344785
659456,1-Training-Losses/approx_kl,1.1939046089537442e-05,Pong1PCB2L336P__seed_8_1763344785
663552,1-Training-Losses/approx_kl,5.620604497380555e-06,Pong1PCB2L336P__seed_8_1763344785
667648,1-Training-Losses/approx_kl,1.1185198673047125e-05,Pong1PCB2L336P__seed_8_1763344785
671744,1-Training-Losses/approx_kl,8.588380296714604e-06,Pong1PCB2L336P__seed_8_1763344785
675840,1-Training-Losses/approx_kl,5.341760697774589e-06,Pong1PCB2L336P__seed_8_1763344785
679936,1-Training-Losses/approx_kl,2.6595807867124677e-06,Pong1PCB2L336P__seed_8_1763344785
684032,1-Training-Losses/approx_kl,8.546936442144215e-06,Pong1PCB2L336P__seed_8_1763344785
688128,1-Training-Losses/approx_kl,5.4167903726920485e-06,Pong1PCB2L336P__seed_8_1763344785
692224,1-Training-Losses/approx_kl,5.5303971748799086e-06,Pong1PCB2L336P__seed_8_1763344785
696320,1-Training-Losses/approx_kl,8.379865903407335e-07,Pong1PCB2L336P__seed_8_1763344785
700416,1-Training-Losses/approx_kl,2.2457388695329428e-06,Pong1PCB2L336P__seed_8_1763344785
704512,1-Training-Losses/approx_kl,8.439412340521812e-06,Pong1PCB2L336P__seed_8_1763344785
708608,1-Training-Losses/approx_kl,4.183733835816383e-06,Pong1PCB2L336P__seed_8_1763344785
712704,1-Training-Losses/approx_kl,6.78442302159965e-06,Pong1PCB2L336P__seed_8_1763344785
716800,1-Training-Losses/approx_kl,3.999899490736425e-06,Pong1PCB2L336P__seed_8_1763344785
720896,1-Training-Losses/approx_kl,4.7480061766691506e-05,Pong1PCB2L336P__seed_8_1763344785
724992,1-Training-Losses/approx_kl,6.972873234190047e-05,Pong1PCB2L336P__seed_8_1763344785
729088,1-Training-Losses/approx_kl,2.669682726264e-05,Pong1PCB2L336P__seed_8_1763344785
733184,1-Training-Losses/approx_kl,7.647555321455002e-06,Pong1PCB2L336P__seed_8_1763344785
737280,1-Training-Losses/approx_kl,6.909845978952944e-06,Pong1PCB2L336P__seed_8_1763344785
741376,1-Training-Losses/approx_kl,4.340027226135135e-05,Pong1PCB2L336P__seed_8_1763344785
745472,1-Training-Losses/approx_kl,4.5705586671829224e-05,Pong1PCB2L336P__seed_8_1763344785
749568,1-Training-Losses/approx_kl,9.814335498958826e-06,Pong1PCB2L336P__seed_8_1763344785
753664,1-Training-Losses/approx_kl,1.1138967238366604e-05,Pong1PCB2L336P__seed_8_1763344785
757760,1-Training-Losses/approx_kl,2.4586814106442034e-05,Pong1PCB2L336P__seed_8_1763344785
761856,1-Training-Losses/approx_kl,2.2467953385785222e-05,Pong1PCB2L336P__seed_8_1763344785
765952,1-Training-Losses/approx_kl,1.2764678103849292e-05,Pong1PCB2L336P__seed_8_1763344785
770048,1-Training-Losses/approx_kl,9.923169272951782e-06,Pong1PCB2L336P__seed_8_1763344785
774144,1-Training-Losses/approx_kl,3.643537638708949e-06,Pong1PCB2L336P__seed_8_1763344785
778240,1-Training-Losses/approx_kl,4.917310434393585e-06,Pong1PCB2L336P__seed_8_1763344785
782336,1-Training-Losses/approx_kl,1.0488802217878401e-05,Pong1PCB2L336P__seed_8_1763344785
786432,1-Training-Losses/approx_kl,1.5252750017680228e-05,Pong1PCB2L336P__seed_8_1763344785
790528,1-Training-Losses/approx_kl,2.375560870859772e-05,Pong1PCB2L336P__seed_8_1763344785
794624,1-Training-Losses/approx_kl,9.307131404057145e-05,Pong1PCB2L336P__seed_8_1763344785
798720,1-Training-Losses/approx_kl,4.823404015041888e-05,Pong1PCB2L336P__seed_8_1763344785
802816,1-Training-Losses/approx_kl,2.4545894120819867e-05,Pong1PCB2L336P__seed_8_1763344785
806912,1-Training-Losses/approx_kl,1.7159225535579026e-05,Pong1PCB2L336P__seed_8_1763344785
811008,1-Training-Losses/approx_kl,8.99053702596575e-06,Pong1PCB2L336P__seed_8_1763344785
815104,1-Training-Losses/approx_kl,1.5645549865439534e-05,Pong1PCB2L336P__seed_8_1763344785
819200,1-Training-Losses/approx_kl,2.7033966034650803e-05,Pong1PCB2L336P__seed_8_1763344785
823296,1-Training-Losses/approx_kl,6.487418431788683e-05,Pong1PCB2L336P__seed_8_1763344785
827392,1-Training-Losses/approx_kl,6.728529115207493e-05,Pong1PCB2L336P__seed_8_1763344785
831488,1-Training-Losses/approx_kl,2.605609188321978e-05,Pong1PCB2L336P__seed_8_1763344785
835584,1-Training-Losses/approx_kl,2.7297486667521298e-05,Pong1PCB2L336P__seed_8_1763344785
839680,1-Training-Losses/approx_kl,8.201561286114156e-06,Pong1PCB2L336P__seed_8_1763344785
843776,1-Training-Losses/approx_kl,6.883197056595236e-05,Pong1PCB2L336P__seed_8_1763344785
847872,1-Training-Losses/approx_kl,9.609150583855808e-05,Pong1PCB2L336P__seed_8_1763344785
851968,1-Training-Losses/approx_kl,4.312794771976769e-05,Pong1PCB2L336P__seed_8_1763344785
856064,1-Training-Losses/approx_kl,0.00011053799244109541,Pong1PCB2L336P__seed_8_1763344785
860160,1-Training-Losses/approx_kl,7.302843732759356e-05,Pong1PCB2L336P__seed_8_1763344785
864256,1-Training-Losses/approx_kl,7.774643017910421e-05,Pong1PCB2L336P__seed_8_1763344785
868352,1-Training-Losses/approx_kl,0.00014710333198308945,Pong1PCB2L336P__seed_8_1763344785
872448,1-Training-Losses/approx_kl,0.00010255993402097374,Pong1PCB2L336P__seed_8_1763344785
876544,1-Training-Losses/approx_kl,7.674473454244435e-05,Pong1PCB2L336P__seed_8_1763344785
880640,1-Training-Losses/approx_kl,0.0001240271667484194,Pong1PCB2L336P__seed_8_1763344785
884736,1-Training-Losses/approx_kl,3.3148578950203955e-05,Pong1PCB2L336P__seed_8_1763344785
888832,1-Training-Losses/approx_kl,3.14251083182171e-05,Pong1PCB2L336P__seed_8_1763344785
892928,1-Training-Losses/approx_kl,3.773620119318366e-05,Pong1PCB2L336P__seed_8_1763344785
897024,1-Training-Losses/approx_kl,5.066831363365054e-05,Pong1PCB2L336P__seed_8_1763344785
901120,1-Training-Losses/approx_kl,0.0001932924787979573,Pong1PCB2L336P__seed_8_1763344785
905216,1-Training-Losses/approx_kl,6.704067345708609e-05,Pong1PCB2L336P__seed_8_1763344785
909312,1-Training-Losses/approx_kl,2.2460517357103527e-05,Pong1PCB2L336P__seed_8_1763344785
913408,1-Training-Losses/approx_kl,2.405729901511222e-05,Pong1PCB2L336P__seed_8_1763344785
917504,1-Training-Losses/approx_kl,7.997998909559101e-05,Pong1PCB2L336P__seed_8_1763344785
921600,1-Training-Losses/approx_kl,0.0002613473334349692,Pong1PCB2L336P__seed_8_1763344785
925696,1-Training-Losses/approx_kl,3.3714110031723976e-05,Pong1PCB2L336P__seed_8_1763344785
929792,1-Training-Losses/approx_kl,8.430451271124184e-05,Pong1PCB2L336P__seed_8_1763344785
933888,1-Training-Losses/approx_kl,0.00020515709184110165,Pong1PCB2L336P__seed_8_1763344785
937984,1-Training-Losses/approx_kl,0.00031429564114660025,Pong1PCB2L336P__seed_8_1763344785
942080,1-Training-Losses/approx_kl,0.00030530989170074463,Pong1PCB2L336P__seed_8_1763344785
946176,1-Training-Losses/approx_kl,2.383079845458269e-05,Pong1PCB2L336P__seed_8_1763344785
950272,1-Training-Losses/approx_kl,0.000252694939263165,Pong1PCB2L336P__seed_8_1763344785
954368,1-Training-Losses/approx_kl,6.345208385027945e-05,Pong1PCB2L336P__seed_8_1763344785
958464,1-Training-Losses/approx_kl,1.8817998352460563e-05,Pong1PCB2L336P__seed_8_1763344785
962560,1-Training-Losses/approx_kl,9.956750727724284e-05,Pong1PCB2L336P__seed_8_1763344785
966656,1-Training-Losses/approx_kl,4.044055822305381e-05,Pong1PCB2L336P__seed_8_1763344785
970752,1-Training-Losses/approx_kl,9.795287041924894e-06,Pong1PCB2L336P__seed_8_1763344785
974848,1-Training-Losses/approx_kl,8.008413715288043e-06,Pong1PCB2L336P__seed_8_1763344785
978944,1-Training-Losses/approx_kl,4.1124687413685024e-05,Pong1PCB2L336P__seed_8_1763344785
983040,1-Training-Losses/approx_kl,0.00015019680722616613,Pong1PCB2L336P__seed_8_1763344785
987136,1-Training-Losses/approx_kl,0.00030879469704814255,Pong1PCB2L336P__seed_8_1763344785
991232,1-Training-Losses/approx_kl,0.0003006599727086723,Pong1PCB2L336P__seed_8_1763344785
995328,1-Training-Losses/approx_kl,0.00024518417194485664,Pong1PCB2L336P__seed_8_1763344785
999424,1-Training-Losses/approx_kl,5.697875167243183e-06,Pong1PCB2L336P__seed_8_1763344785
1003520,1-Training-Losses/approx_kl,0.00021204543008934706,Pong1PCB2L336P__seed_8_1763344785
1007616,1-Training-Losses/approx_kl,0.00023644586326554418,Pong1PCB2L336P__seed_8_1763344785
1011712,1-Training-Losses/approx_kl,1.962814712896943e-05,Pong1PCB2L336P__seed_8_1763344785
1015808,1-Training-Losses/approx_kl,0.0001438138569938019,Pong1PCB2L336P__seed_8_1763344785
1019904,1-Training-Losses/approx_kl,0.00020114924700465053,Pong1PCB2L336P__seed_8_1763344785
1024000,1-Training-Losses/approx_kl,2.1699830540455878e-05,Pong1PCB2L336P__seed_8_1763344785
1028096,1-Training-Losses/approx_kl,3.2203373848460615e-05,Pong1PCB2L336P__seed_8_1763344785
1032192,1-Training-Losses/approx_kl,8.766597602516413e-05,Pong1PCB2L336P__seed_8_1763344785
1036288,1-Training-Losses/approx_kl,7.242924766615033e-05,Pong1PCB2L336P__seed_8_1763344785
1040384,1-Training-Losses/approx_kl,1.846249506343156e-05,Pong1PCB2L336P__seed_8_1763344785
1044480,1-Training-Losses/approx_kl,3.691286838147789e-05,Pong1PCB2L336P__seed_8_1763344785
1048576,1-Training-Losses/approx_kl,2.0241132006049156e-05,Pong1PCB2L336P__seed_8_1763344785
1052672,1-Training-Losses/approx_kl,1.4390781871043146e-05,Pong1PCB2L336P__seed_8_1763344785
1056768,1-Training-Losses/approx_kl,1.323658216279e-05,Pong1PCB2L336P__seed_8_1763344785
1060864,1-Training-Losses/approx_kl,6.316549843177199e-06,Pong1PCB2L336P__seed_8_1763344785
1064960,1-Training-Losses/approx_kl,2.1821120753884315e-05,Pong1PCB2L336P__seed_8_1763344785
1069056,1-Training-Losses/approx_kl,0.00011809141142293811,Pong1PCB2L336P__seed_8_1763344785
1073152,1-Training-Losses/approx_kl,6.837889668531716e-05,Pong1PCB2L336P__seed_8_1763344785
1077248,1-Training-Losses/approx_kl,6.566202500835061e-06,Pong1PCB2L336P__seed_8_1763344785
1081344,1-Training-Losses/approx_kl,4.119193181395531e-05,Pong1PCB2L336P__seed_8_1763344785
1085440,1-Training-Losses/approx_kl,0.0003561593475751579,Pong1PCB2L336P__seed_8_1763344785
1089536,1-Training-Losses/approx_kl,0.0006573307327926159,Pong1PCB2L336P__seed_8_1763344785
1093632,1-Training-Losses/approx_kl,0.0004885295638814569,Pong1PCB2L336P__seed_8_1763344785
1097728,1-Training-Losses/approx_kl,0.00017958685930352658,Pong1PCB2L336P__seed_8_1763344785
1101824,1-Training-Losses/approx_kl,7.164839189499617e-06,Pong1PCB2L336P__seed_8_1763344785
1105920,1-Training-Losses/approx_kl,0.0004494978638831526,Pong1PCB2L336P__seed_8_1763344785
1110016,1-Training-Losses/approx_kl,0.00117247283924371,Pong1PCB2L336P__seed_8_1763344785
1114112,1-Training-Losses/approx_kl,0.0008380843792110682,Pong1PCB2L336P__seed_8_1763344785
1118208,1-Training-Losses/approx_kl,0.00022429610544349998,Pong1PCB2L336P__seed_8_1763344785
1122304,1-Training-Losses/approx_kl,3.385584568604827e-05,Pong1PCB2L336P__seed_8_1763344785
1126400,1-Training-Losses/approx_kl,0.00024016672978177667,Pong1PCB2L336P__seed_8_1763344785
1130496,1-Training-Losses/approx_kl,0.0004946967237628996,Pong1PCB2L336P__seed_8_1763344785
1134592,1-Training-Losses/approx_kl,0.00045850046444684267,Pong1PCB2L336P__seed_8_1763344785
1138688,1-Training-Losses/approx_kl,9.229606075678021e-05,Pong1PCB2L336P__seed_8_1763344785
1142784,1-Training-Losses/approx_kl,7.688970072194934e-06,Pong1PCB2L336P__seed_8_1763344785
1146880,1-Training-Losses/approx_kl,4.0751605411060154e-05,Pong1PCB2L336P__seed_8_1763344785
1150976,1-Training-Losses/approx_kl,1.385799259878695e-05,Pong1PCB2L336P__seed_8_1763344785
1155072,1-Training-Losses/approx_kl,2.7856367523781955e-05,Pong1PCB2L336P__seed_8_1763344785
1159168,1-Training-Losses/approx_kl,5.166363553144038e-05,Pong1PCB2L336P__seed_8_1763344785
1163264,1-Training-Losses/approx_kl,4.04629681725055e-05,Pong1PCB2L336P__seed_8_1763344785
1167360,1-Training-Losses/approx_kl,0.00015846028691157699,Pong1PCB2L336P__seed_8_1763344785
1171456,1-Training-Losses/approx_kl,2.1492844098247588e-05,Pong1PCB2L336P__seed_8_1763344785
1175552,1-Training-Losses/approx_kl,0.00010699710401240736,Pong1PCB2L336P__seed_8_1763344785
1179648,1-Training-Losses/approx_kl,0.00014306840603239834,Pong1PCB2L336P__seed_8_1763344785
1183744,1-Training-Losses/approx_kl,0.00036626780638471246,Pong1PCB2L336P__seed_8_1763344785
1187840,1-Training-Losses/approx_kl,0.00021769663726445287,Pong1PCB2L336P__seed_8_1763344785
1191936,1-Training-Losses/approx_kl,2.0650462829507887e-05,Pong1PCB2L336P__seed_8_1763344785
1196032,1-Training-Losses/approx_kl,3.760337131097913e-05,Pong1PCB2L336P__seed_8_1763344785
1200128,1-Training-Losses/approx_kl,1.3458266039378941e-05,Pong1PCB2L336P__seed_8_1763344785
1204224,1-Training-Losses/approx_kl,1.6041260096244514e-05,Pong1PCB2L336P__seed_8_1763344785
1208320,1-Training-Losses/approx_kl,1.0865711374208331e-05,Pong1PCB2L336P__seed_8_1763344785
1212416,1-Training-Losses/approx_kl,6.466667400673032e-06,Pong1PCB2L336P__seed_8_1763344785
1216512,1-Training-Losses/approx_kl,1.3294295058585703e-05,Pong1PCB2L336P__seed_8_1763344785
1220608,1-Training-Losses/approx_kl,1.84698001248762e-05,Pong1PCB2L336P__seed_8_1763344785
1224704,1-Training-Losses/approx_kl,5.367066478356719e-05,Pong1PCB2L336P__seed_8_1763344785
1228800,1-Training-Losses/approx_kl,6.238809146452695e-05,Pong1PCB2L336P__seed_8_1763344785
1232896,1-Training-Losses/approx_kl,3.7022982724010944e-05,Pong1PCB2L336P__seed_8_1763344785
1236992,1-Training-Losses/approx_kl,1.922916271723807e-05,Pong1PCB2L336P__seed_8_1763344785
1241088,1-Training-Losses/approx_kl,2.1069805370643735e-05,Pong1PCB2L336P__seed_8_1763344785
1245184,1-Training-Losses/approx_kl,1.2384101864881814e-05,Pong1PCB2L336P__seed_8_1763344785
1249280,1-Training-Losses/approx_kl,0.00017402390949428082,Pong1PCB2L336P__seed_8_1763344785
1253376,1-Training-Losses/approx_kl,0.00017647427739575505,Pong1PCB2L336P__seed_8_1763344785
1257472,1-Training-Losses/approx_kl,1.1552692740224302e-05,Pong1PCB2L336P__seed_8_1763344785
1261568,1-Training-Losses/approx_kl,4.260233254171908e-06,Pong1PCB2L336P__seed_8_1763344785
1265664,1-Training-Losses/approx_kl,3.2088151783682406e-05,Pong1PCB2L336P__seed_8_1763344785
1269760,1-Training-Losses/approx_kl,0.00023219145077746361,Pong1PCB2L336P__seed_8_1763344785
1273856,1-Training-Losses/approx_kl,0.00019102684746030718,Pong1PCB2L336P__seed_8_1763344785
1277952,1-Training-Losses/approx_kl,2.726371167227626e-05,Pong1PCB2L336P__seed_8_1763344785
1282048,1-Training-Losses/approx_kl,0.00013316354306880385,Pong1PCB2L336P__seed_8_1763344785
1286144,1-Training-Losses/approx_kl,3.746194124687463e-05,Pong1PCB2L336P__seed_8_1763344785
1290240,1-Training-Losses/approx_kl,7.906636164989322e-05,Pong1PCB2L336P__seed_8_1763344785
1294336,1-Training-Losses/approx_kl,5.307688843458891e-05,Pong1PCB2L336P__seed_8_1763344785
1298432,1-Training-Losses/approx_kl,4.8899935791268945e-05,Pong1PCB2L336P__seed_8_1763344785
1302528,1-Training-Losses/approx_kl,0.00014224395272322,Pong1PCB2L336P__seed_8_1763344785
1306624,1-Training-Losses/approx_kl,1.9654122297652066e-05,Pong1PCB2L336P__seed_8_1763344785
1310720,1-Training-Losses/approx_kl,0.00010844065400306135,Pong1PCB2L336P__seed_8_1763344785
1314816,1-Training-Losses/approx_kl,8.829425496514887e-05,Pong1PCB2L336P__seed_8_1763344785
1318912,1-Training-Losses/approx_kl,0.00013415866123978049,Pong1PCB2L336P__seed_8_1763344785
1323008,1-Training-Losses/approx_kl,0.0002215804997831583,Pong1PCB2L336P__seed_8_1763344785
1327104,1-Training-Losses/approx_kl,5.893988418392837e-05,Pong1PCB2L336P__seed_8_1763344785
1331200,1-Training-Losses/approx_kl,3.3938209526240826e-05,Pong1PCB2L336P__seed_8_1763344785
1335296,1-Training-Losses/approx_kl,0.00020988249161746353,Pong1PCB2L336P__seed_8_1763344785
1339392,1-Training-Losses/approx_kl,0.00018292106688022614,Pong1PCB2L336P__seed_8_1763344785
1343488,1-Training-Losses/approx_kl,4.721590084955096e-05,Pong1PCB2L336P__seed_8_1763344785
1347584,1-Training-Losses/approx_kl,3.5898847272619605e-06,Pong1PCB2L336P__seed_8_1763344785
1351680,1-Training-Losses/approx_kl,8.329647243954241e-06,Pong1PCB2L336P__seed_8_1763344785
1355776,1-Training-Losses/approx_kl,4.465342499315739e-06,Pong1PCB2L336P__seed_8_1763344785
1359872,1-Training-Losses/approx_kl,1.2578166206367314e-05,Pong1PCB2L336P__seed_8_1763344785
1363968,1-Training-Losses/approx_kl,8.061825064942241e-05,Pong1PCB2L336P__seed_8_1763344785
1368064,1-Training-Losses/approx_kl,7.526525587309152e-05,Pong1PCB2L336P__seed_8_1763344785
1372160,1-Training-Losses/approx_kl,0.0001309820218011737,Pong1PCB2L336P__seed_8_1763344785
1376256,1-Training-Losses/approx_kl,0.000414718349929899,Pong1PCB2L336P__seed_8_1763344785
1380352,1-Training-Losses/approx_kl,1.5178782632574439e-05,Pong1PCB2L336P__seed_8_1763344785
1384448,1-Training-Losses/approx_kl,4.802223702427e-05,Pong1PCB2L336P__seed_8_1763344785
1388544,1-Training-Losses/approx_kl,4.931134753860533e-06,Pong1PCB2L336P__seed_8_1763344785
1392640,1-Training-Losses/approx_kl,0.00020807897089980543,Pong1PCB2L336P__seed_8_1763344785
1396736,1-Training-Losses/approx_kl,0.0005021796096116304,Pong1PCB2L336P__seed_8_1763344785
1400832,1-Training-Losses/approx_kl,0.00022791596711613238,Pong1PCB2L336P__seed_8_1763344785
1404928,1-Training-Losses/approx_kl,2.34277977142483e-05,Pong1PCB2L336P__seed_8_1763344785
1409024,1-Training-Losses/approx_kl,0.00010987483256030828,Pong1PCB2L336P__seed_8_1763344785
1413120,1-Training-Losses/approx_kl,5.015490751247853e-05,Pong1PCB2L336P__seed_8_1763344785
1417216,1-Training-Losses/approx_kl,1.7271799151785672e-05,Pong1PCB2L336P__seed_8_1763344785
1421312,1-Training-Losses/approx_kl,6.494090484920889e-05,Pong1PCB2L336P__seed_8_1763344785
1425408,1-Training-Losses/approx_kl,5.5666721891611814e-05,Pong1PCB2L336P__seed_8_1763344785
1429504,1-Training-Losses/approx_kl,4.649303446058184e-05,Pong1PCB2L336P__seed_8_1763344785
1433600,1-Training-Losses/approx_kl,9.331968612968922e-05,Pong1PCB2L336P__seed_8_1763344785
1437696,1-Training-Losses/approx_kl,1.8556485883891582e-05,Pong1PCB2L336P__seed_8_1763344785
1441792,1-Training-Losses/approx_kl,0.00023922516265884042,Pong1PCB2L336P__seed_8_1763344785
1445888,1-Training-Losses/approx_kl,7.921374344732612e-05,Pong1PCB2L336P__seed_8_1763344785
1449984,1-Training-Losses/approx_kl,1.4015065971761942e-05,Pong1PCB2L336P__seed_8_1763344785
1454080,1-Training-Losses/approx_kl,7.002367055974901e-05,Pong1PCB2L336P__seed_8_1763344785
1458176,1-Training-Losses/approx_kl,0.00016443250933662057,Pong1PCB2L336P__seed_8_1763344785
1462272,1-Training-Losses/approx_kl,0.00021962469327263534,Pong1PCB2L336P__seed_8_1763344785
1466368,1-Training-Losses/approx_kl,0.0001346588833257556,Pong1PCB2L336P__seed_8_1763344785
1470464,1-Training-Losses/approx_kl,7.394221029244363e-05,Pong1PCB2L336P__seed_8_1763344785
1474560,1-Training-Losses/approx_kl,0.0006289323791861534,Pong1PCB2L336P__seed_8_1763344785
1478656,1-Training-Losses/approx_kl,0.0008963421569205821,Pong1PCB2L336P__seed_8_1763344785
1482752,1-Training-Losses/approx_kl,3.840842691715807e-05,Pong1PCB2L336P__seed_8_1763344785
1486848,1-Training-Losses/approx_kl,0.00088074232917279,Pong1PCB2L336P__seed_8_1763344785
1490944,1-Training-Losses/approx_kl,0.0009881739970296621,Pong1PCB2L336P__seed_8_1763344785
1495040,1-Training-Losses/approx_kl,0.00030242936918511987,Pong1PCB2L336P__seed_8_1763344785
1499136,1-Training-Losses/approx_kl,3.6067882319912314e-05,Pong1PCB2L336P__seed_8_1763344785
1503232,1-Training-Losses/approx_kl,0.0005935939261689782,Pong1PCB2L336P__seed_8_1763344785
1507328,1-Training-Losses/approx_kl,0.0018214104929938912,Pong1PCB2L336P__seed_8_1763344785
1511424,1-Training-Losses/approx_kl,0.001095726853236556,Pong1PCB2L336P__seed_8_1763344785
1515520,1-Training-Losses/approx_kl,0.00034828498610295355,Pong1PCB2L336P__seed_8_1763344785
1519616,1-Training-Losses/approx_kl,2.2338746930472553e-05,Pong1PCB2L336P__seed_8_1763344785
1523712,1-Training-Losses/approx_kl,0.00010317513078916818,Pong1PCB2L336P__seed_8_1763344785
1527808,1-Training-Losses/approx_kl,0.00014496396761387587,Pong1PCB2L336P__seed_8_1763344785
1531904,1-Training-Losses/approx_kl,2.3770146071910858e-05,Pong1PCB2L336P__seed_8_1763344785
1536000,1-Training-Losses/approx_kl,3.852460940834135e-05,Pong1PCB2L336P__seed_8_1763344785
1540096,1-Training-Losses/approx_kl,4.5159540604799986e-05,Pong1PCB2L336P__seed_8_1763344785
1544192,1-Training-Losses/approx_kl,2.9885268304497004e-05,Pong1PCB2L336P__seed_8_1763344785
1548288,1-Training-Losses/approx_kl,1.874791632872075e-05,Pong1PCB2L336P__seed_8_1763344785
1552384,1-Training-Losses/approx_kl,0.00011995126260444522,Pong1PCB2L336P__seed_8_1763344785
1556480,1-Training-Losses/approx_kl,7.943772652652115e-05,Pong1PCB2L336P__seed_8_1763344785
1560576,1-Training-Losses/approx_kl,3.0263385269790888e-05,Pong1PCB2L336P__seed_8_1763344785
1564672,1-Training-Losses/approx_kl,1.9887782400473952e-05,Pong1PCB2L336P__seed_8_1763344785
1568768,1-Training-Losses/approx_kl,0.0001544215192552656,Pong1PCB2L336P__seed_8_1763344785
1572864,1-Training-Losses/approx_kl,4.905073728878051e-05,Pong1PCB2L336P__seed_8_1763344785
1576960,1-Training-Losses/approx_kl,0.00017049546295311302,Pong1PCB2L336P__seed_8_1763344785
1581056,1-Training-Losses/approx_kl,0.0004594997735694051,Pong1PCB2L336P__seed_8_1763344785
1585152,1-Training-Losses/approx_kl,0.0004338138969615102,Pong1PCB2L336P__seed_8_1763344785
1589248,1-Training-Losses/approx_kl,1.0337738785892725e-05,Pong1PCB2L336P__seed_8_1763344785
1593344,1-Training-Losses/approx_kl,0.0007849056273698807,Pong1PCB2L336P__seed_8_1763344785
1597440,1-Training-Losses/approx_kl,0.00019075674936175346,Pong1PCB2L336P__seed_8_1763344785
1601536,1-Training-Losses/approx_kl,1.4847479178570211e-05,Pong1PCB2L336P__seed_8_1763344785
1605632,1-Training-Losses/approx_kl,0.00020248917280696332,Pong1PCB2L336P__seed_8_1763344785
1609728,1-Training-Losses/approx_kl,0.0004962695529684424,Pong1PCB2L336P__seed_8_1763344785
1613824,1-Training-Losses/approx_kl,0.000633939984254539,Pong1PCB2L336P__seed_8_1763344785
1617920,1-Training-Losses/approx_kl,0.0004549897857941687,Pong1PCB2L336P__seed_8_1763344785
1622016,1-Training-Losses/approx_kl,5.838394281454384e-05,Pong1PCB2L336P__seed_8_1763344785
1626112,1-Training-Losses/approx_kl,0.000616273086052388,Pong1PCB2L336P__seed_8_1763344785
1630208,1-Training-Losses/approx_kl,0.0021980085875838995,Pong1PCB2L336P__seed_8_1763344785
1634304,1-Training-Losses/approx_kl,0.0005530582857318223,Pong1PCB2L336P__seed_8_1763344785
1638400,1-Training-Losses/approx_kl,1.7231941455975175e-05,Pong1PCB2L336P__seed_8_1763344785
1642496,1-Training-Losses/approx_kl,0.0005765480455011129,Pong1PCB2L336P__seed_8_1763344785
1646592,1-Training-Losses/approx_kl,0.0002608473296277225,Pong1PCB2L336P__seed_8_1763344785
1650688,1-Training-Losses/approx_kl,5.399127257987857e-05,Pong1PCB2L336P__seed_8_1763344785
1654784,1-Training-Losses/approx_kl,2.2599895601160824e-05,Pong1PCB2L336P__seed_8_1763344785
1658880,1-Training-Losses/approx_kl,8.789415005594492e-06,Pong1PCB2L336P__seed_8_1763344785
1662976,1-Training-Losses/approx_kl,2.7941801818087697e-05,Pong1PCB2L336P__seed_8_1763344785
1667072,1-Training-Losses/approx_kl,0.00016348224016837776,Pong1PCB2L336P__seed_8_1763344785
1671168,1-Training-Losses/approx_kl,2.277128805872053e-05,Pong1PCB2L336P__seed_8_1763344785
1675264,1-Training-Losses/approx_kl,0.000884589331690222,Pong1PCB2L336P__seed_8_1763344785
1679360,1-Training-Losses/approx_kl,0.0006689520087093115,Pong1PCB2L336P__seed_8_1763344785
1683456,1-Training-Losses/approx_kl,8.979135600384325e-05,Pong1PCB2L336P__seed_8_1763344785
1687552,1-Training-Losses/approx_kl,0.0003204121603630483,Pong1PCB2L336P__seed_8_1763344785
1691648,1-Training-Losses/approx_kl,0.0009591743582859635,Pong1PCB2L336P__seed_8_1763344785
1695744,1-Training-Losses/approx_kl,0.0005681939073838294,Pong1PCB2L336P__seed_8_1763344785
1699840,1-Training-Losses/approx_kl,0.00017292203847318888,Pong1PCB2L336P__seed_8_1763344785
1703936,1-Training-Losses/approx_kl,6.432281224988401e-06,Pong1PCB2L336P__seed_8_1763344785
1708032,1-Training-Losses/approx_kl,9.537214646115899e-05,Pong1PCB2L336P__seed_8_1763344785
1712128,1-Training-Losses/approx_kl,0.0009787101298570633,Pong1PCB2L336P__seed_8_1763344785
1716224,1-Training-Losses/approx_kl,0.0017406872939318419,Pong1PCB2L336P__seed_8_1763344785
1720320,1-Training-Losses/approx_kl,2.9188493499532342e-05,Pong1PCB2L336P__seed_8_1763344785
1724416,1-Training-Losses/approx_kl,0.0007605350110679865,Pong1PCB2L336P__seed_8_1763344785
1728512,1-Training-Losses/approx_kl,0.0001252038637176156,Pong1PCB2L336P__seed_8_1763344785
1732608,1-Training-Losses/approx_kl,6.801298877689987e-05,Pong1PCB2L336P__seed_8_1763344785
1736704,1-Training-Losses/approx_kl,3.554372233338654e-05,Pong1PCB2L336P__seed_8_1763344785
1740800,1-Training-Losses/approx_kl,5.729390250053257e-05,Pong1PCB2L336P__seed_8_1763344785
1744896,1-Training-Losses/approx_kl,2.4384018615819514e-05,Pong1PCB2L336P__seed_8_1763344785
1748992,1-Training-Losses/approx_kl,0.00043642715900205076,Pong1PCB2L336P__seed_8_1763344785
1753088,1-Training-Losses/approx_kl,0.00047141380491666496,Pong1PCB2L336P__seed_8_1763344785
1757184,1-Training-Losses/approx_kl,9.915106056723744e-05,Pong1PCB2L336P__seed_8_1763344785
1761280,1-Training-Losses/approx_kl,0.0024069673381745815,Pong1PCB2L336P__seed_8_1763344785
1765376,1-Training-Losses/approx_kl,0.0008412997703999281,Pong1PCB2L336P__seed_8_1763344785
1769472,1-Training-Losses/approx_kl,0.0005051054758951068,Pong1PCB2L336P__seed_8_1763344785
1773568,1-Training-Losses/approx_kl,0.0002010996249737218,Pong1PCB2L336P__seed_8_1763344785
1777664,1-Training-Losses/approx_kl,0.0003917551366612315,Pong1PCB2L336P__seed_8_1763344785
1781760,1-Training-Losses/approx_kl,0.00210732314735651,Pong1PCB2L336P__seed_8_1763344785
1785856,1-Training-Losses/approx_kl,0.000534488761331886,Pong1PCB2L336P__seed_8_1763344785
1789952,1-Training-Losses/approx_kl,0.00019373686518520117,Pong1PCB2L336P__seed_8_1763344785
1794048,1-Training-Losses/approx_kl,9.151946869678795e-06,Pong1PCB2L336P__seed_8_1763344785
1798144,1-Training-Losses/approx_kl,1.075283216778189e-05,Pong1PCB2L336P__seed_8_1763344785
1802240,1-Training-Losses/approx_kl,0.00032095573260448873,Pong1PCB2L336P__seed_8_1763344785
1806336,1-Training-Losses/approx_kl,0.0015513638500124216,Pong1PCB2L336P__seed_8_1763344785
1810432,1-Training-Losses/approx_kl,0.0003120876499451697,Pong1PCB2L336P__seed_8_1763344785
1814528,1-Training-Losses/approx_kl,2.1649597329087555e-05,Pong1PCB2L336P__seed_8_1763344785
1818624,1-Training-Losses/approx_kl,0.0002162510936614126,Pong1PCB2L336P__seed_8_1763344785
1822720,1-Training-Losses/approx_kl,0.00041949807200580835,Pong1PCB2L336P__seed_8_1763344785
1826816,1-Training-Losses/approx_kl,0.0003681424423120916,Pong1PCB2L336P__seed_8_1763344785
1830912,1-Training-Losses/approx_kl,0.0002274971775477752,Pong1PCB2L336P__seed_8_1763344785
1835008,1-Training-Losses/approx_kl,7.402508344966918e-05,Pong1PCB2L336P__seed_8_1763344785
1839104,1-Training-Losses/approx_kl,0.0009518273873254657,Pong1PCB2L336P__seed_8_1763344785
1843200,1-Training-Losses/approx_kl,0.0008530585910193622,Pong1PCB2L336P__seed_8_1763344785
1847296,1-Training-Losses/approx_kl,0.00011160157737322152,Pong1PCB2L336P__seed_8_1763344785
1851392,1-Training-Losses/approx_kl,0.0001452230499126017,Pong1PCB2L336P__seed_8_1763344785
1855488,1-Training-Losses/approx_kl,0.0001619328832020983,Pong1PCB2L336P__seed_8_1763344785
1859584,1-Training-Losses/approx_kl,0.0006234700558707118,Pong1PCB2L336P__seed_8_1763344785
1863680,1-Training-Losses/approx_kl,0.0005092314095236361,Pong1PCB2L336P__seed_8_1763344785
1867776,1-Training-Losses/approx_kl,0.0004479624330997467,Pong1PCB2L336P__seed_8_1763344785
1871872,1-Training-Losses/approx_kl,0.0018235493917018175,Pong1PCB2L336P__seed_8_1763344785
1875968,1-Training-Losses/approx_kl,0.0002043960412265733,Pong1PCB2L336P__seed_8_1763344785
1880064,1-Training-Losses/approx_kl,6.482804019469768e-05,Pong1PCB2L336P__seed_8_1763344785
1884160,1-Training-Losses/approx_kl,4.930299473926425e-05,Pong1PCB2L336P__seed_8_1763344785
1888256,1-Training-Losses/approx_kl,8.564404561184347e-05,Pong1PCB2L336P__seed_8_1763344785
1892352,1-Training-Losses/approx_kl,2.3095140932127833e-05,Pong1PCB2L336P__seed_8_1763344785
1896448,1-Training-Losses/approx_kl,0.000621338898781687,Pong1PCB2L336P__seed_8_1763344785
1900544,1-Training-Losses/approx_kl,7.420044858008623e-05,Pong1PCB2L336P__seed_8_1763344785
1904640,1-Training-Losses/approx_kl,7.195075158961117e-05,Pong1PCB2L336P__seed_8_1763344785
1908736,1-Training-Losses/approx_kl,0.000190134669537656,Pong1PCB2L336P__seed_8_1763344785
1912832,1-Training-Losses/approx_kl,0.00011453768820501864,Pong1PCB2L336P__seed_8_1763344785
1916928,1-Training-Losses/approx_kl,2.3035609046928585e-05,Pong1PCB2L336P__seed_8_1763344785
1921024,1-Training-Losses/approx_kl,3.746406582649797e-05,Pong1PCB2L336P__seed_8_1763344785
1925120,1-Training-Losses/approx_kl,0.0002761220675893128,Pong1PCB2L336P__seed_8_1763344785
1929216,1-Training-Losses/approx_kl,3.163362271152437e-05,Pong1PCB2L336P__seed_8_1763344785
1933312,1-Training-Losses/approx_kl,0.0004865990485996008,Pong1PCB2L336P__seed_8_1763344785
1937408,1-Training-Losses/approx_kl,0.0008886498399078846,Pong1PCB2L336P__seed_8_1763344785
1941504,1-Training-Losses/approx_kl,0.00039380480302497745,Pong1PCB2L336P__seed_8_1763344785
1945600,1-Training-Losses/approx_kl,0.00019923898798879236,Pong1PCB2L336P__seed_8_1763344785
1949696,1-Training-Losses/approx_kl,0.0003172529977746308,Pong1PCB2L336P__seed_8_1763344785
1953792,1-Training-Losses/approx_kl,3.604138328228146e-05,Pong1PCB2L336P__seed_8_1763344785
1957888,1-Training-Losses/approx_kl,0.0006619250634685159,Pong1PCB2L336P__seed_8_1763344785
1961984,1-Training-Losses/approx_kl,0.0005824808031320572,Pong1PCB2L336P__seed_8_1763344785
1966080,1-Training-Losses/approx_kl,0.0005267575616016984,Pong1PCB2L336P__seed_8_1763344785
1970176,1-Training-Losses/approx_kl,0.0006579499458894134,Pong1PCB2L336P__seed_8_1763344785
1974272,1-Training-Losses/approx_kl,0.00023293259437195957,Pong1PCB2L336P__seed_8_1763344785
1978368,1-Training-Losses/approx_kl,0.00016322314331773669,Pong1PCB2L336P__seed_8_1763344785
1982464,1-Training-Losses/approx_kl,5.469366442412138e-05,Pong1PCB2L336P__seed_8_1763344785
1986560,1-Training-Losses/approx_kl,5.5807511671446264e-05,Pong1PCB2L336P__seed_8_1763344785
1990656,1-Training-Losses/approx_kl,0.0002200709714088589,Pong1PCB2L336P__seed_8_1763344785
1994752,1-Training-Losses/approx_kl,0.00021399960678536445,Pong1PCB2L336P__seed_8_1763344785
1998848,1-Training-Losses/approx_kl,0.00016294051602017134,Pong1PCB2L336P__seed_8_1763344785
2002944,1-Training-Losses/approx_kl,0.0008595493854954839,Pong1PCB2L336P__seed_8_1763344785
2007040,1-Training-Losses/approx_kl,0.0010100260842591524,Pong1PCB2L336P__seed_8_1763344785
2011136,1-Training-Losses/approx_kl,0.0001751105155562982,Pong1PCB2L336P__seed_8_1763344785
2015232,1-Training-Losses/approx_kl,4.681800783146173e-05,Pong1PCB2L336P__seed_8_1763344785
2019328,1-Training-Losses/approx_kl,7.41995609132573e-05,Pong1PCB2L336P__seed_8_1763344785
2023424,1-Training-Losses/approx_kl,0.0010520966025069356,Pong1PCB2L336P__seed_8_1763344785
2027520,1-Training-Losses/approx_kl,0.0020653996616601944,Pong1PCB2L336P__seed_8_1763344785
2031616,1-Training-Losses/approx_kl,2.6960900868289173e-05,Pong1PCB2L336P__seed_8_1763344785
2035712,1-Training-Losses/approx_kl,0.00010512887092772871,Pong1PCB2L336P__seed_8_1763344785
2039808,1-Training-Losses/approx_kl,9.067720384337008e-05,Pong1PCB2L336P__seed_8_1763344785
2043904,1-Training-Losses/approx_kl,0.00013057915202807635,Pong1PCB2L336P__seed_8_1763344785
2048000,1-Training-Losses/approx_kl,0.00021961501624900848,Pong1PCB2L336P__seed_8_1763344785
2052096,1-Training-Losses/approx_kl,7.288489723578095e-05,Pong1PCB2L336P__seed_8_1763344785
2056192,1-Training-Losses/approx_kl,0.0011137027759104967,Pong1PCB2L336P__seed_8_1763344785
2060288,1-Training-Losses/approx_kl,0.0008585024625062943,Pong1PCB2L336P__seed_8_1763344785
2064384,1-Training-Losses/approx_kl,3.7227102438919246e-05,Pong1PCB2L336P__seed_8_1763344785
2068480,1-Training-Losses/approx_kl,0.002064991509541869,Pong1PCB2L336P__seed_8_1763344785
2072576,1-Training-Losses/approx_kl,0.001254869275726378,Pong1PCB2L336P__seed_8_1763344785
2076672,1-Training-Losses/approx_kl,0.00030902225989848375,Pong1PCB2L336P__seed_8_1763344785
2080768,1-Training-Losses/approx_kl,0.0009445146424695849,Pong1PCB2L336P__seed_8_1763344785
2084864,1-Training-Losses/approx_kl,0.0024705776013433933,Pong1PCB2L336P__seed_8_1763344785
2088960,1-Training-Losses/approx_kl,0.00041033898014575243,Pong1PCB2L336P__seed_8_1763344785
2093056,1-Training-Losses/approx_kl,0.0004193673375993967,Pong1PCB2L336P__seed_8_1763344785
2097152,1-Training-Losses/approx_kl,8.996365068014711e-05,Pong1PCB2L336P__seed_8_1763344785
2101248,1-Training-Losses/approx_kl,0.0018483917228877544,Pong1PCB2L336P__seed_8_1763344785
2105344,1-Training-Losses/approx_kl,0.00012437249824870378,Pong1PCB2L336P__seed_8_1763344785
2109440,1-Training-Losses/approx_kl,2.960347046609968e-05,Pong1PCB2L336P__seed_8_1763344785
2113536,1-Training-Losses/approx_kl,8.542856085114181e-05,Pong1PCB2L336P__seed_8_1763344785
2117632,1-Training-Losses/approx_kl,3.444882167968899e-05,Pong1PCB2L336P__seed_8_1763344785
2121728,1-Training-Losses/approx_kl,5.001062527298927e-05,Pong1PCB2L336P__seed_8_1763344785
2125824,1-Training-Losses/approx_kl,7.732545782346278e-05,Pong1PCB2L336P__seed_8_1763344785
2129920,1-Training-Losses/approx_kl,0.00023666518973186612,Pong1PCB2L336P__seed_8_1763344785
2134016,1-Training-Losses/approx_kl,0.0023069584276527166,Pong1PCB2L336P__seed_8_1763344785
2138112,1-Training-Losses/approx_kl,0.00014023706899024546,Pong1PCB2L336P__seed_8_1763344785
2142208,1-Training-Losses/approx_kl,0.00010436298907734454,Pong1PCB2L336P__seed_8_1763344785
2146304,1-Training-Losses/approx_kl,0.0008439684752374887,Pong1PCB2L336P__seed_8_1763344785
2150400,1-Training-Losses/approx_kl,0.00012662136578001082,Pong1PCB2L336P__seed_8_1763344785
2154496,1-Training-Losses/approx_kl,0.00012954921112395823,Pong1PCB2L336P__seed_8_1763344785
2158592,1-Training-Losses/approx_kl,6.788820610381663e-05,Pong1PCB2L336P__seed_8_1763344785
2162688,1-Training-Losses/approx_kl,5.9360245359130204e-05,Pong1PCB2L336P__seed_8_1763344785
2166784,1-Training-Losses/approx_kl,2.9771763365715742e-05,Pong1PCB2L336P__seed_8_1763344785
2170880,1-Training-Losses/approx_kl,1.9422644982114434e-05,Pong1PCB2L336P__seed_8_1763344785
2174976,1-Training-Losses/approx_kl,0.001041312119923532,Pong1PCB2L336P__seed_8_1763344785
2179072,1-Training-Losses/approx_kl,0.0004357443831395358,Pong1PCB2L336P__seed_8_1763344785
2183168,1-Training-Losses/approx_kl,0.0002362273371545598,Pong1PCB2L336P__seed_8_1763344785
2187264,1-Training-Losses/approx_kl,2.2187348804436624e-05,Pong1PCB2L336P__seed_8_1763344785
2191360,1-Training-Losses/approx_kl,0.0006842514267191291,Pong1PCB2L336P__seed_8_1763344785
2195456,1-Training-Losses/approx_kl,0.0010900618508458138,Pong1PCB2L336P__seed_8_1763344785
2199552,1-Training-Losses/approx_kl,0.000500064401421696,Pong1PCB2L336P__seed_8_1763344785
2203648,1-Training-Losses/approx_kl,0.00017461771494708955,Pong1PCB2L336P__seed_8_1763344785
2207744,1-Training-Losses/approx_kl,6.3392348238267e-05,Pong1PCB2L336P__seed_8_1763344785
2211840,1-Training-Losses/approx_kl,0.0001861319615272805,Pong1PCB2L336P__seed_8_1763344785
2215936,1-Training-Losses/approx_kl,3.450523945502937e-05,Pong1PCB2L336P__seed_8_1763344785
2220032,1-Training-Losses/approx_kl,0.00035640853457152843,Pong1PCB2L336P__seed_8_1763344785
2224128,1-Training-Losses/approx_kl,0.00040047900984063745,Pong1PCB2L336P__seed_8_1763344785
2228224,1-Training-Losses/approx_kl,0.0002521906280890107,Pong1PCB2L336P__seed_8_1763344785
2232320,1-Training-Losses/approx_kl,0.0002843582769855857,Pong1PCB2L336P__seed_8_1763344785
2236416,1-Training-Losses/approx_kl,0.0001799706369638443,Pong1PCB2L336P__seed_8_1763344785
2240512,1-Training-Losses/approx_kl,8.830049773678184e-05,Pong1PCB2L336P__seed_8_1763344785
2244608,1-Training-Losses/approx_kl,0.001033856999129057,Pong1PCB2L336P__seed_8_1763344785
2248704,1-Training-Losses/approx_kl,0.0003635979082901031,Pong1PCB2L336P__seed_8_1763344785
2252800,1-Training-Losses/approx_kl,5.0601724069565535e-05,Pong1PCB2L336P__seed_8_1763344785
2256896,1-Training-Losses/approx_kl,9.865548054222018e-05,Pong1PCB2L336P__seed_8_1763344785
2260992,1-Training-Losses/approx_kl,0.00015274864563252777,Pong1PCB2L336P__seed_8_1763344785
2265088,1-Training-Losses/approx_kl,1.0126459528692067e-05,Pong1PCB2L336P__seed_8_1763344785
2269184,1-Training-Losses/approx_kl,0.0005235207499936223,Pong1PCB2L336P__seed_8_1763344785
2273280,1-Training-Losses/approx_kl,0.002087552333250642,Pong1PCB2L336P__seed_8_1763344785
2277376,1-Training-Losses/approx_kl,0.0002489348698873073,Pong1PCB2L336P__seed_8_1763344785
2281472,1-Training-Losses/approx_kl,0.00011190521763637662,Pong1PCB2L336P__seed_8_1763344785
2285568,1-Training-Losses/approx_kl,0.00037010153755545616,Pong1PCB2L336P__seed_8_1763344785
2289664,1-Training-Losses/approx_kl,0.00040072135743685067,Pong1PCB2L336P__seed_8_1763344785
2293760,1-Training-Losses/approx_kl,7.572627509944141e-06,Pong1PCB2L336P__seed_8_1763344785
2297856,1-Training-Losses/approx_kl,0.00048209092346951365,Pong1PCB2L336P__seed_8_1763344785
2301952,1-Training-Losses/approx_kl,0.0006661976221948862,Pong1PCB2L336P__seed_8_1763344785
2306048,1-Training-Losses/approx_kl,0.0001448423572583124,Pong1PCB2L336P__seed_8_1763344785
2310144,1-Training-Losses/approx_kl,0.00032475468469783664,Pong1PCB2L336P__seed_8_1763344785
2314240,1-Training-Losses/approx_kl,0.00019797167624346912,Pong1PCB2L336P__seed_8_1763344785
2318336,1-Training-Losses/approx_kl,7.330020889639854e-05,Pong1PCB2L336P__seed_8_1763344785
2322432,1-Training-Losses/approx_kl,0.000282905122730881,Pong1PCB2L336P__seed_8_1763344785
2326528,1-Training-Losses/approx_kl,0.0001484573440393433,Pong1PCB2L336P__seed_8_1763344785
2330624,1-Training-Losses/approx_kl,0.0002484585274942219,Pong1PCB2L336P__seed_8_1763344785
2334720,1-Training-Losses/approx_kl,0.0017887649592012167,Pong1PCB2L336P__seed_8_1763344785
2338816,1-Training-Losses/approx_kl,0.00022005234495736659,Pong1PCB2L336P__seed_8_1763344785
2342912,1-Training-Losses/approx_kl,6.372058123815805e-05,Pong1PCB2L336P__seed_8_1763344785
2347008,1-Training-Losses/approx_kl,0.0004327647911850363,Pong1PCB2L336P__seed_8_1763344785
2351104,1-Training-Losses/approx_kl,0.0008690516697242856,Pong1PCB2L336P__seed_8_1763344785
2355200,1-Training-Losses/approx_kl,0.00016413458797615021,Pong1PCB2L336P__seed_8_1763344785
2359296,1-Training-Losses/approx_kl,6.666274566669017e-05,Pong1PCB2L336P__seed_8_1763344785
2363392,1-Training-Losses/approx_kl,0.00024474586825817823,Pong1PCB2L336P__seed_8_1763344785
2367488,1-Training-Losses/approx_kl,4.4012689613737166e-05,Pong1PCB2L336P__seed_8_1763344785
2371584,1-Training-Losses/approx_kl,0.002032436430454254,Pong1PCB2L336P__seed_8_1763344785
2375680,1-Training-Losses/approx_kl,0.000901445746421814,Pong1PCB2L336P__seed_8_1763344785
2379776,1-Training-Losses/approx_kl,0.0001282383454963565,Pong1PCB2L336P__seed_8_1763344785
2383872,1-Training-Losses/approx_kl,4.454530426301062e-05,Pong1PCB2L336P__seed_8_1763344785
2387968,1-Training-Losses/approx_kl,1.4290082617662847e-05,Pong1PCB2L336P__seed_8_1763344785
2392064,1-Training-Losses/approx_kl,7.212423952296376e-06,Pong1PCB2L336P__seed_8_1763344785
2396160,1-Training-Losses/approx_kl,4.6491724788211286e-05,Pong1PCB2L336P__seed_8_1763344785
2400256,1-Training-Losses/approx_kl,4.071653529535979e-05,Pong1PCB2L336P__seed_8_1763344785
2404352,1-Training-Losses/approx_kl,1.5833007637411356e-05,Pong1PCB2L336P__seed_8_1763344785
2408448,1-Training-Losses/approx_kl,9.33928822632879e-06,Pong1PCB2L336P__seed_8_1763344785
2412544,1-Training-Losses/approx_kl,2.915706136263907e-05,Pong1PCB2L336P__seed_8_1763344785
2416640,1-Training-Losses/approx_kl,1.1043244739994407e-05,Pong1PCB2L336P__seed_8_1763344785
2420736,1-Training-Losses/approx_kl,6.312895857263356e-05,Pong1PCB2L336P__seed_8_1763344785
2424832,1-Training-Losses/approx_kl,0.00018225824169348925,Pong1PCB2L336P__seed_8_1763344785
2428928,1-Training-Losses/approx_kl,0.00024072520318441093,Pong1PCB2L336P__seed_8_1763344785
2433024,1-Training-Losses/approx_kl,0.00016849084931891412,Pong1PCB2L336P__seed_8_1763344785
2437120,1-Training-Losses/approx_kl,0.00028496701270341873,Pong1PCB2L336P__seed_8_1763344785
2441216,1-Training-Losses/approx_kl,8.171249646693468e-06,Pong1PCB2L336P__seed_8_1763344785
2445312,1-Training-Losses/approx_kl,0.0003130009863525629,Pong1PCB2L336P__seed_8_1763344785
2449408,1-Training-Losses/approx_kl,0.0009090459789149463,Pong1PCB2L336P__seed_8_1763344785
2453504,1-Training-Losses/approx_kl,0.00025674101198092103,Pong1PCB2L336P__seed_8_1763344785
2457600,1-Training-Losses/approx_kl,4.098258796148002e-05,Pong1PCB2L336P__seed_8_1763344785
2461696,1-Training-Losses/approx_kl,0.00019538987544365227,Pong1PCB2L336P__seed_8_1763344785
2465792,1-Training-Losses/approx_kl,0.0006086532957851887,Pong1PCB2L336P__seed_8_1763344785
2469888,1-Training-Losses/approx_kl,0.0004054919700138271,Pong1PCB2L336P__seed_8_1763344785
2473984,1-Training-Losses/approx_kl,2.1627216483466327e-05,Pong1PCB2L336P__seed_8_1763344785
2478080,1-Training-Losses/approx_kl,0.00014912840561009943,Pong1PCB2L336P__seed_8_1763344785
2482176,1-Training-Losses/approx_kl,1.9643630366772413e-05,Pong1PCB2L336P__seed_8_1763344785
2486272,1-Training-Losses/approx_kl,0.0004464479279704392,Pong1PCB2L336P__seed_8_1763344785
2490368,1-Training-Losses/approx_kl,0.0004607667215168476,Pong1PCB2L336P__seed_8_1763344785
2494464,1-Training-Losses/approx_kl,3.944903437513858e-05,Pong1PCB2L336P__seed_8_1763344785
2498560,1-Training-Losses/approx_kl,0.001137253944762051,Pong1PCB2L336P__seed_8_1763344785
2502656,1-Training-Losses/approx_kl,0.0007931324653327465,Pong1PCB2L336P__seed_8_1763344785
2506752,1-Training-Losses/approx_kl,0.0002241367765236646,Pong1PCB2L336P__seed_8_1763344785
2510848,1-Training-Losses/approx_kl,4.6467059291899204e-05,Pong1PCB2L336P__seed_8_1763344785
2514944,1-Training-Losses/approx_kl,1.8256978364661336e-05,Pong1PCB2L336P__seed_8_1763344785
2519040,1-Training-Losses/approx_kl,2.7533998945727944e-05,Pong1PCB2L336P__seed_8_1763344785
2523136,1-Training-Losses/approx_kl,7.526576519012451e-05,Pong1PCB2L336P__seed_8_1763344785
2527232,1-Training-Losses/approx_kl,6.36773620499298e-05,Pong1PCB2L336P__seed_8_1763344785
2531328,1-Training-Losses/approx_kl,0.0011840645456686616,Pong1PCB2L336P__seed_8_1763344785
2535424,1-Training-Losses/approx_kl,0.00040887348586693406,Pong1PCB2L336P__seed_8_1763344785
2539520,1-Training-Losses/approx_kl,2.9645801987499e-05,Pong1PCB2L336P__seed_8_1763344785
2543616,1-Training-Losses/approx_kl,3.00449610222131e-05,Pong1PCB2L336P__seed_8_1763344785
2547712,1-Training-Losses/approx_kl,1.6050704289227724e-05,Pong1PCB2L336P__seed_8_1763344785
2551808,1-Training-Losses/approx_kl,3.450451185926795e-05,Pong1PCB2L336P__seed_8_1763344785
2555904,1-Training-Losses/approx_kl,0.00034364478779025376,Pong1PCB2L336P__seed_8_1763344785
2560000,1-Training-Losses/approx_kl,0.0004822093469556421,Pong1PCB2L336P__seed_8_1763344785
2564096,1-Training-Losses/approx_kl,4.777057620231062e-05,Pong1PCB2L336P__seed_8_1763344785
2568192,1-Training-Losses/approx_kl,7.925549289211631e-05,Pong1PCB2L336P__seed_8_1763344785
2572288,1-Training-Losses/approx_kl,0.000124916376080364,Pong1PCB2L336P__seed_8_1763344785
2576384,1-Training-Losses/approx_kl,0.00023532805789727718,Pong1PCB2L336P__seed_8_1763344785
2580480,1-Training-Losses/approx_kl,1.0301911970600486e-05,Pong1PCB2L336P__seed_8_1763344785
2584576,1-Training-Losses/approx_kl,0.001083919545635581,Pong1PCB2L336P__seed_8_1763344785
2588672,1-Training-Losses/approx_kl,0.0004717283009085804,Pong1PCB2L336P__seed_8_1763344785
2592768,1-Training-Losses/approx_kl,9.202247019857168e-05,Pong1PCB2L336P__seed_8_1763344785
2596864,1-Training-Losses/approx_kl,1.1886644642800093e-05,Pong1PCB2L336P__seed_8_1763344785
2600960,1-Training-Losses/approx_kl,0.00012059311848133802,Pong1PCB2L336P__seed_8_1763344785
2605056,1-Training-Losses/approx_kl,3.11782059725374e-05,Pong1PCB2L336P__seed_8_1763344785
2609152,1-Training-Losses/approx_kl,0.00013034122821409255,Pong1PCB2L336P__seed_8_1763344785
2613248,1-Training-Losses/approx_kl,0.00040456221904605627,Pong1PCB2L336P__seed_8_1763344785
2617344,1-Training-Losses/approx_kl,0.00039643121999688447,Pong1PCB2L336P__seed_8_1763344785
2621440,1-Training-Losses/approx_kl,0.0004840973415412009,Pong1PCB2L336P__seed_8_1763344785
2625536,1-Training-Losses/approx_kl,0.0009277844801545143,Pong1PCB2L336P__seed_8_1763344785
2629632,1-Training-Losses/approx_kl,1.448608236387372e-05,Pong1PCB2L336P__seed_8_1763344785
2633728,1-Training-Losses/approx_kl,0.00027432601200416684,Pong1PCB2L336P__seed_8_1763344785
2637824,1-Training-Losses/approx_kl,0.001851861597970128,Pong1PCB2L336P__seed_8_1763344785
2641920,1-Training-Losses/approx_kl,0.0002359127247473225,Pong1PCB2L336P__seed_8_1763344785
2646016,1-Training-Losses/approx_kl,0.0004043345106765628,Pong1PCB2L336P__seed_8_1763344785
2650112,1-Training-Losses/approx_kl,0.00018222202197648585,Pong1PCB2L336P__seed_8_1763344785
2654208,1-Training-Losses/approx_kl,4.4179323595017195e-06,Pong1PCB2L336P__seed_8_1763344785
2658304,1-Training-Losses/approx_kl,6.661648512817919e-06,Pong1PCB2L336P__seed_8_1763344785
2662400,1-Training-Losses/approx_kl,2.330599818378687e-05,Pong1PCB2L336P__seed_8_1763344785
2666496,1-Training-Losses/approx_kl,3.6602490581572056e-05,Pong1PCB2L336P__seed_8_1763344785
2670592,1-Training-Losses/approx_kl,5.84957015234977e-05,Pong1PCB2L336P__seed_8_1763344785
2674688,1-Training-Losses/approx_kl,2.918860991485417e-05,Pong1PCB2L336P__seed_8_1763344785
2678784,1-Training-Losses/approx_kl,0.0011868762085214257,Pong1PCB2L336P__seed_8_1763344785
2682880,1-Training-Losses/approx_kl,0.0010792955290526152,Pong1PCB2L336P__seed_8_1763344785
2686976,1-Training-Losses/approx_kl,0.0003706354764290154,Pong1PCB2L336P__seed_8_1763344785
2691072,1-Training-Losses/approx_kl,4.870771954301745e-05,Pong1PCB2L336P__seed_8_1763344785
2695168,1-Training-Losses/approx_kl,0.00023290462559089065,Pong1PCB2L336P__seed_8_1763344785
2699264,1-Training-Losses/approx_kl,0.00048359460197389126,Pong1PCB2L336P__seed_8_1763344785
2703360,1-Training-Losses/approx_kl,0.00037230076850391924,Pong1PCB2L336P__seed_8_1763344785
2707456,1-Training-Losses/approx_kl,0.000304686080198735,Pong1PCB2L336P__seed_8_1763344785
2711552,1-Training-Losses/approx_kl,0.0003180167987011373,Pong1PCB2L336P__seed_8_1763344785
2715648,1-Training-Losses/approx_kl,2.1728279534727335e-05,Pong1PCB2L336P__seed_8_1763344785
2719744,1-Training-Losses/approx_kl,4.286195326130837e-05,Pong1PCB2L336P__seed_8_1763344785
2723840,1-Training-Losses/approx_kl,0.0010469157714396715,Pong1PCB2L336P__seed_8_1763344785
2727936,1-Training-Losses/approx_kl,0.0007224956061691046,Pong1PCB2L336P__seed_8_1763344785
2732032,1-Training-Losses/approx_kl,0.00012683734530583024,Pong1PCB2L336P__seed_8_1763344785
2736128,1-Training-Losses/approx_kl,0.0002632637042552233,Pong1PCB2L336P__seed_8_1763344785
2740224,1-Training-Losses/approx_kl,0.00010885611118283123,Pong1PCB2L336P__seed_8_1763344785
2744320,1-Training-Losses/approx_kl,0.0017280401661992073,Pong1PCB2L336P__seed_8_1763344785
2748416,1-Training-Losses/approx_kl,0.0009457400883547962,Pong1PCB2L336P__seed_8_1763344785
2752512,1-Training-Losses/approx_kl,0.0005377635243348777,Pong1PCB2L336P__seed_8_1763344785
2756608,1-Training-Losses/approx_kl,0.0002629757800605148,Pong1PCB2L336P__seed_8_1763344785
2760704,1-Training-Losses/approx_kl,1.2364966096356511e-05,Pong1PCB2L336P__seed_8_1763344785
2764800,1-Training-Losses/approx_kl,0.00011118210386484861,Pong1PCB2L336P__seed_8_1763344785
2768896,1-Training-Losses/approx_kl,3.9929698687046766e-05,Pong1PCB2L336P__seed_8_1763344785
2772992,1-Training-Losses/approx_kl,0.0001756213023327291,Pong1PCB2L336P__seed_8_1763344785
2777088,1-Training-Losses/approx_kl,4.655261000152677e-05,Pong1PCB2L336P__seed_8_1763344785
2781184,1-Training-Losses/approx_kl,3.5766279324889183e-06,Pong1PCB2L336P__seed_8_1763344785
2785280,1-Training-Losses/approx_kl,3.4975819289684296e-06,Pong1PCB2L336P__seed_8_1763344785
2789376,1-Training-Losses/approx_kl,0.00018233286391478032,Pong1PCB2L336P__seed_8_1763344785
2793472,1-Training-Losses/approx_kl,0.0002697872696444392,Pong1PCB2L336P__seed_8_1763344785
2797568,1-Training-Losses/approx_kl,2.2366250050254166e-05,Pong1PCB2L336P__seed_8_1763344785
2801664,1-Training-Losses/approx_kl,8.72691161930561e-05,Pong1PCB2L336P__seed_8_1763344785
2805760,1-Training-Losses/approx_kl,0.00015441796858794987,Pong1PCB2L336P__seed_8_1763344785
2809856,1-Training-Losses/approx_kl,7.995164196472615e-05,Pong1PCB2L336P__seed_8_1763344785
2813952,1-Training-Losses/approx_kl,4.281019209884107e-05,Pong1PCB2L336P__seed_8_1763344785
2818048,1-Training-Losses/approx_kl,0.000381162652047351,Pong1PCB2L336P__seed_8_1763344785
2822144,1-Training-Losses/approx_kl,1.5219484339468181e-05,Pong1PCB2L336P__seed_8_1763344785
2826240,1-Training-Losses/approx_kl,0.00019593430624809116,Pong1PCB2L336P__seed_8_1763344785
2830336,1-Training-Losses/approx_kl,0.0001269517670152709,Pong1PCB2L336P__seed_8_1763344785
2834432,1-Training-Losses/approx_kl,2.6078923838213086e-05,Pong1PCB2L336P__seed_8_1763344785
2838528,1-Training-Losses/approx_kl,8.321399218402803e-05,Pong1PCB2L336P__seed_8_1763344785
2842624,1-Training-Losses/approx_kl,0.001594470115378499,Pong1PCB2L336P__seed_8_1763344785
2846720,1-Training-Losses/approx_kl,0.0013475294690579176,Pong1PCB2L336P__seed_8_1763344785
2850816,1-Training-Losses/approx_kl,3.334680513944477e-05,Pong1PCB2L336P__seed_8_1763344785
2854912,1-Training-Losses/approx_kl,0.0020342448260635138,Pong1PCB2L336P__seed_8_1763344785
2859008,1-Training-Losses/approx_kl,0.002161127980798483,Pong1PCB2L336P__seed_8_1763344785
2863104,1-Training-Losses/approx_kl,0.0003371970378793776,Pong1PCB2L336P__seed_8_1763344785
2867200,1-Training-Losses/approx_kl,0.00010056860628537834,Pong1PCB2L336P__seed_8_1763344785
2871296,1-Training-Losses/approx_kl,2.6189503842033446e-05,Pong1PCB2L336P__seed_8_1763344785
2875392,1-Training-Losses/approx_kl,7.089680002536625e-05,Pong1PCB2L336P__seed_8_1763344785
2879488,1-Training-Losses/approx_kl,0.00015862303553149104,Pong1PCB2L336P__seed_8_1763344785
2883584,1-Training-Losses/approx_kl,0.0005911600310355425,Pong1PCB2L336P__seed_8_1763344785
2887680,1-Training-Losses/approx_kl,0.00022803398314863443,Pong1PCB2L336P__seed_8_1763344785
2891776,1-Training-Losses/approx_kl,0.00012175028678029776,Pong1PCB2L336P__seed_8_1763344785
2895872,1-Training-Losses/approx_kl,2.118157863151282e-05,Pong1PCB2L336P__seed_8_1763344785
2899968,1-Training-Losses/approx_kl,9.436249092686921e-05,Pong1PCB2L336P__seed_8_1763344785
2904064,1-Training-Losses/approx_kl,0.0008434236515313387,Pong1PCB2L336P__seed_8_1763344785
2908160,1-Training-Losses/approx_kl,0.0020353333093225956,Pong1PCB2L336P__seed_8_1763344785
2912256,1-Training-Losses/approx_kl,0.00011187336349394172,Pong1PCB2L336P__seed_8_1763344785
2916352,1-Training-Losses/approx_kl,0.00033002806594595313,Pong1PCB2L336P__seed_8_1763344785
2920448,1-Training-Losses/approx_kl,0.0008473029593005776,Pong1PCB2L336P__seed_8_1763344785
2924544,1-Training-Losses/approx_kl,0.00024992282851599157,Pong1PCB2L336P__seed_8_1763344785
2928640,1-Training-Losses/approx_kl,7.42121774237603e-05,Pong1PCB2L336P__seed_8_1763344785
2932736,1-Training-Losses/approx_kl,0.00044580758549273014,Pong1PCB2L336P__seed_8_1763344785
2936832,1-Training-Losses/approx_kl,0.002406828571110964,Pong1PCB2L336P__seed_8_1763344785
2940928,1-Training-Losses/approx_kl,0.0009851669892668724,Pong1PCB2L336P__seed_8_1763344785
2945024,1-Training-Losses/approx_kl,0.0003414405800867826,Pong1PCB2L336P__seed_8_1763344785
2949120,1-Training-Losses/approx_kl,8.855258056428283e-05,Pong1PCB2L336P__seed_8_1763344785
2953216,1-Training-Losses/approx_kl,2.1893210941925645e-06,Pong1PCB2L336P__seed_8_1763344785
2957312,1-Training-Losses/approx_kl,3.9269449189305305e-05,Pong1PCB2L336P__seed_8_1763344785
2961408,1-Training-Losses/approx_kl,0.000272217090241611,Pong1PCB2L336P__seed_8_1763344785
2965504,1-Training-Losses/approx_kl,2.6901194360107183e-05,Pong1PCB2L336P__seed_8_1763344785
2969600,1-Training-Losses/approx_kl,0.00044221323332749307,Pong1PCB2L336P__seed_8_1763344785
2973696,1-Training-Losses/approx_kl,0.0003147008246742189,Pong1PCB2L336P__seed_8_1763344785
2977792,1-Training-Losses/approx_kl,1.0295887477695942e-05,Pong1PCB2L336P__seed_8_1763344785
2981888,1-Training-Losses/approx_kl,0.0003043414617422968,Pong1PCB2L336P__seed_8_1763344785
2985984,1-Training-Losses/approx_kl,0.0004270892823114991,Pong1PCB2L336P__seed_8_1763344785
2990080,1-Training-Losses/approx_kl,0.00019601837266236544,Pong1PCB2L336P__seed_8_1763344785
2994176,1-Training-Losses/approx_kl,0.0005742365028709173,Pong1PCB2L336P__seed_8_1763344785
2998272,1-Training-Losses/approx_kl,0.00015746838471386582,Pong1PCB2L336P__seed_8_1763344785
3002368,1-Training-Losses/approx_kl,3.781705163419247e-05,Pong1PCB2L336P__seed_8_1763344785
3006464,1-Training-Losses/approx_kl,3.203716187272221e-05,Pong1PCB2L336P__seed_8_1763344785
3010560,1-Training-Losses/approx_kl,8.084782166406512e-06,Pong1PCB2L336P__seed_8_1763344785
3014656,1-Training-Losses/approx_kl,7.118521898519248e-05,Pong1PCB2L336P__seed_8_1763344785
3018752,1-Training-Losses/approx_kl,0.0003524944477248937,Pong1PCB2L336P__seed_8_1763344785
3022848,1-Training-Losses/approx_kl,0.00021759125229436904,Pong1PCB2L336P__seed_8_1763344785
3026944,1-Training-Losses/approx_kl,0.00010660890256986022,Pong1PCB2L336P__seed_8_1763344785
3031040,1-Training-Losses/approx_kl,0.00026807753602042794,Pong1PCB2L336P__seed_8_1763344785
3035136,1-Training-Losses/approx_kl,1.0459843906573951e-05,Pong1PCB2L336P__seed_8_1763344785
3039232,1-Training-Losses/approx_kl,0.0008326909737661481,Pong1PCB2L336P__seed_8_1763344785
3043328,1-Training-Losses/approx_kl,0.0003526792279444635,Pong1PCB2L336P__seed_8_1763344785
3047424,1-Training-Losses/approx_kl,0.00011930693290196359,Pong1PCB2L336P__seed_8_1763344785
3051520,1-Training-Losses/approx_kl,0.00031203459366224706,Pong1PCB2L336P__seed_8_1763344785
3055616,1-Training-Losses/approx_kl,2.572595258243382e-05,Pong1PCB2L336P__seed_8_1763344785
3059712,1-Training-Losses/approx_kl,0.0021638446487486362,Pong1PCB2L336P__seed_8_1763344785
3063808,1-Training-Losses/approx_kl,0.0017217525746673346,Pong1PCB2L336P__seed_8_1763344785
3067904,1-Training-Losses/approx_kl,0.00018344921409152448,Pong1PCB2L336P__seed_8_1763344785
3072000,1-Training-Losses/approx_kl,0.00012672634329646826,Pong1PCB2L336P__seed_8_1763344785
3076096,1-Training-Losses/approx_kl,6.276999192778021e-05,Pong1PCB2L336P__seed_8_1763344785
3080192,1-Training-Losses/approx_kl,0.00018490522052161396,Pong1PCB2L336P__seed_8_1763344785
3084288,1-Training-Losses/approx_kl,6.626312097068876e-05,Pong1PCB2L336P__seed_8_1763344785
3088384,1-Training-Losses/approx_kl,1.5403100405819714e-05,Pong1PCB2L336P__seed_8_1763344785
3092480,1-Training-Losses/approx_kl,4.914277815259993e-05,Pong1PCB2L336P__seed_8_1763344785
3096576,1-Training-Losses/approx_kl,0.00028972263680770993,Pong1PCB2L336P__seed_8_1763344785
3100672,1-Training-Losses/approx_kl,5.550100468099117e-06,Pong1PCB2L336P__seed_8_1763344785
3104768,1-Training-Losses/approx_kl,7.119338260963559e-05,Pong1PCB2L336P__seed_8_1763344785
3108864,1-Training-Losses/approx_kl,0.0002581143344286829,Pong1PCB2L336P__seed_8_1763344785
3112960,1-Training-Losses/approx_kl,3.588087565731257e-05,Pong1PCB2L336P__seed_8_1763344785
3117056,1-Training-Losses/approx_kl,4.0332364733330905e-05,Pong1PCB2L336P__seed_8_1763344785
3121152,1-Training-Losses/approx_kl,4.550450830720365e-05,Pong1PCB2L336P__seed_8_1763344785
3125248,1-Training-Losses/approx_kl,0.0003102988703176379,Pong1PCB2L336P__seed_8_1763344785
3129344,1-Training-Losses/approx_kl,0.0006648930138908327,Pong1PCB2L336P__seed_8_1763344785
3133440,1-Training-Losses/approx_kl,0.0006135753355920315,Pong1PCB2L336P__seed_8_1763344785
3137536,1-Training-Losses/approx_kl,0.00012237585906405002,Pong1PCB2L336P__seed_8_1763344785
3141632,1-Training-Losses/approx_kl,2.7744172257371247e-05,Pong1PCB2L336P__seed_8_1763344785
3145728,1-Training-Losses/approx_kl,0.00035757271689362824,Pong1PCB2L336P__seed_8_1763344785
3149824,1-Training-Losses/approx_kl,0.0008871419122442603,Pong1PCB2L336P__seed_8_1763344785
3153920,1-Training-Losses/approx_kl,9.795321966521442e-05,Pong1PCB2L336P__seed_8_1763344785
3158016,1-Training-Losses/approx_kl,2.4651235435158014e-06,Pong1PCB2L336P__seed_8_1763344785
3162112,1-Training-Losses/approx_kl,6.418176053557545e-05,Pong1PCB2L336P__seed_8_1763344785
3166208,1-Training-Losses/approx_kl,0.00031593709718436003,Pong1PCB2L336P__seed_8_1763344785
3170304,1-Training-Losses/approx_kl,4.4237152906134725e-05,Pong1PCB2L336P__seed_8_1763344785
3174400,1-Training-Losses/approx_kl,0.001224543433636427,Pong1PCB2L336P__seed_8_1763344785
3178496,1-Training-Losses/approx_kl,0.00010621776164043695,Pong1PCB2L336P__seed_8_1763344785
3182592,1-Training-Losses/approx_kl,6.199959898367524e-06,Pong1PCB2L336P__seed_8_1763344785
3186688,1-Training-Losses/approx_kl,0.0002115957613568753,Pong1PCB2L336P__seed_8_1763344785
3190784,1-Training-Losses/approx_kl,0.0005938900867477059,Pong1PCB2L336P__seed_8_1763344785
3194880,1-Training-Losses/approx_kl,2.4369815946556628e-05,Pong1PCB2L336P__seed_8_1763344785
3198976,1-Training-Losses/approx_kl,0.002015175996348262,Pong1PCB2L336P__seed_8_1763344785
3203072,1-Training-Losses/approx_kl,0.0005693493876606226,Pong1PCB2L336P__seed_8_1763344785
3207168,1-Training-Losses/approx_kl,1.2710414011962712e-05,Pong1PCB2L336P__seed_8_1763344785
3211264,1-Training-Losses/approx_kl,3.831392677966505e-05,Pong1PCB2L336P__seed_8_1763344785
3215360,1-Training-Losses/approx_kl,0.00018043405725620687,Pong1PCB2L336P__seed_8_1763344785
3219456,1-Training-Losses/approx_kl,0.0005147353513166308,Pong1PCB2L336P__seed_8_1763344785
3223552,1-Training-Losses/approx_kl,0.0006614025915041566,Pong1PCB2L336P__seed_8_1763344785
3227648,1-Training-Losses/approx_kl,0.00038436136674135923,Pong1PCB2L336P__seed_8_1763344785
3231744,1-Training-Losses/approx_kl,2.251839032396674e-05,Pong1PCB2L336P__seed_8_1763344785
3235840,1-Training-Losses/approx_kl,1.9034850993193686e-05,Pong1PCB2L336P__seed_8_1763344785
3239936,1-Training-Losses/approx_kl,0.00025452167028561234,Pong1PCB2L336P__seed_8_1763344785
3244032,1-Training-Losses/approx_kl,0.00010682216088753194,Pong1PCB2L336P__seed_8_1763344785
3248128,1-Training-Losses/approx_kl,6.8077497417107224e-06,Pong1PCB2L336P__seed_8_1763344785
3252224,1-Training-Losses/approx_kl,2.4126784410327673e-06,Pong1PCB2L336P__seed_8_1763344785
3256320,1-Training-Losses/approx_kl,0.00011868523142766207,Pong1PCB2L336P__seed_8_1763344785
3260416,1-Training-Losses/approx_kl,0.00011225853813812137,Pong1PCB2L336P__seed_8_1763344785
3264512,1-Training-Losses/approx_kl,7.389418897219002e-06,Pong1PCB2L336P__seed_8_1763344785
3268608,1-Training-Losses/approx_kl,7.515348261222243e-05,Pong1PCB2L336P__seed_8_1763344785
3272704,1-Training-Losses/approx_kl,0.0003170184209011495,Pong1PCB2L336P__seed_8_1763344785
3276800,1-Training-Losses/approx_kl,0.0010903020156547427,Pong1PCB2L336P__seed_8_1763344785
3280896,1-Training-Losses/approx_kl,0.0011422437382861972,Pong1PCB2L336P__seed_8_1763344785
3284992,1-Training-Losses/approx_kl,0.0003667817800305784,Pong1PCB2L336P__seed_8_1763344785
3289088,1-Training-Losses/approx_kl,0.00010657050006557256,Pong1PCB2L336P__seed_8_1763344785
3293184,1-Training-Losses/approx_kl,3.565153747331351e-05,Pong1PCB2L336P__seed_8_1763344785
3297280,1-Training-Losses/approx_kl,3.1094023142941296e-05,Pong1PCB2L336P__seed_8_1763344785
3301376,1-Training-Losses/approx_kl,9.765014692675322e-05,Pong1PCB2L336P__seed_8_1763344785
3305472,1-Training-Losses/approx_kl,7.715696119703352e-05,Pong1PCB2L336P__seed_8_1763344785
3309568,1-Training-Losses/approx_kl,0.0010289761703461409,Pong1PCB2L336P__seed_8_1763344785
3313664,1-Training-Losses/approx_kl,0.002111969282850623,Pong1PCB2L336P__seed_8_1763344785
3317760,1-Training-Losses/approx_kl,0.00012194234295748174,Pong1PCB2L336P__seed_8_1763344785
3321856,1-Training-Losses/approx_kl,0.00019964599050581455,Pong1PCB2L336P__seed_8_1763344785
3325952,1-Training-Losses/approx_kl,1.0913965525105596e-05,Pong1PCB2L336P__seed_8_1763344785
3330048,1-Training-Losses/approx_kl,0.00018843931320589036,Pong1PCB2L336P__seed_8_1763344785
3334144,1-Training-Losses/approx_kl,5.850393790751696e-06,Pong1PCB2L336P__seed_8_1763344785
3338240,1-Training-Losses/approx_kl,0.00021696955082006752,Pong1PCB2L336P__seed_8_1763344785
3342336,1-Training-Losses/approx_kl,0.00019156296912115067,Pong1PCB2L336P__seed_8_1763344785
3346432,1-Training-Losses/approx_kl,0.00013912680151406676,Pong1PCB2L336P__seed_8_1763344785
3350528,1-Training-Losses/approx_kl,8.881601388566196e-06,Pong1PCB2L336P__seed_8_1763344785
3354624,1-Training-Losses/approx_kl,0.00101782800629735,Pong1PCB2L336P__seed_8_1763344785
3358720,1-Training-Losses/approx_kl,0.0009429050842300057,Pong1PCB2L336P__seed_8_1763344785
3362816,1-Training-Losses/approx_kl,9.206766844727099e-05,Pong1PCB2L336P__seed_8_1763344785
3366912,1-Training-Losses/approx_kl,1.5053476090542972e-05,Pong1PCB2L336P__seed_8_1763344785
3371008,1-Training-Losses/approx_kl,9.673924068920314e-05,Pong1PCB2L336P__seed_8_1763344785
3375104,1-Training-Losses/approx_kl,1.7173209926113486e-05,Pong1PCB2L336P__seed_8_1763344785
3379200,1-Training-Losses/approx_kl,0.00010697109973989427,Pong1PCB2L336P__seed_8_1763344785
3383296,1-Training-Losses/approx_kl,0.00012886423792224377,Pong1PCB2L336P__seed_8_1763344785
3387392,1-Training-Losses/approx_kl,0.0005634533008560538,Pong1PCB2L336P__seed_8_1763344785
3391488,1-Training-Losses/approx_kl,0.0018522243481129408,Pong1PCB2L336P__seed_8_1763344785
3395584,1-Training-Losses/approx_kl,2.0987004972994328e-05,Pong1PCB2L336P__seed_8_1763344785
3399680,1-Training-Losses/approx_kl,0.0007676194654777646,Pong1PCB2L336P__seed_8_1763344785
3403776,1-Training-Losses/approx_kl,0.0001492546289227903,Pong1PCB2L336P__seed_8_1763344785
3407872,1-Training-Losses/approx_kl,3.8975675124675035e-05,Pong1PCB2L336P__seed_8_1763344785
3411968,1-Training-Losses/approx_kl,7.64963187975809e-05,Pong1PCB2L336P__seed_8_1763344785
3416064,1-Training-Losses/approx_kl,9.127265366259962e-05,Pong1PCB2L336P__seed_8_1763344785
3420160,1-Training-Losses/approx_kl,0.00023791645071469247,Pong1PCB2L336P__seed_8_1763344785
3424256,1-Training-Losses/approx_kl,0.0003101751790381968,Pong1PCB2L336P__seed_8_1763344785
3428352,1-Training-Losses/approx_kl,6.958046287763864e-05,Pong1PCB2L336P__seed_8_1763344785
3432448,1-Training-Losses/approx_kl,0.001194200711324811,Pong1PCB2L336P__seed_8_1763344785
3436544,1-Training-Losses/approx_kl,0.0007226868765428662,Pong1PCB2L336P__seed_8_1763344785
3440640,1-Training-Losses/approx_kl,9.180503548122942e-05,Pong1PCB2L336P__seed_8_1763344785
3444736,1-Training-Losses/approx_kl,0.0002192043757531792,Pong1PCB2L336P__seed_8_1763344785
3448832,1-Training-Losses/approx_kl,0.0023923651315271854,Pong1PCB2L336P__seed_8_1763344785
3452928,1-Training-Losses/approx_kl,0.0007438861066475511,Pong1PCB2L336P__seed_8_1763344785
3457024,1-Training-Losses/approx_kl,9.468608186580241e-05,Pong1PCB2L336P__seed_8_1763344785
3461120,1-Training-Losses/approx_kl,0.001517953583970666,Pong1PCB2L336P__seed_8_1763344785
3465216,1-Training-Losses/approx_kl,0.0006514643901027739,Pong1PCB2L336P__seed_8_1763344785
3469312,1-Training-Losses/approx_kl,5.8716919738799334e-05,Pong1PCB2L336P__seed_8_1763344785
3473408,1-Training-Losses/approx_kl,2.1862389985471964e-05,Pong1PCB2L336P__seed_8_1763344785
3477504,1-Training-Losses/approx_kl,2.3554384824819863e-05,Pong1PCB2L336P__seed_8_1763344785
3481600,1-Training-Losses/approx_kl,5.999159475322813e-05,Pong1PCB2L336P__seed_8_1763344785
3485696,1-Training-Losses/approx_kl,2.910697367042303e-05,Pong1PCB2L336P__seed_8_1763344785
3489792,1-Training-Losses/approx_kl,1.0851930710487068e-05,Pong1PCB2L336P__seed_8_1763344785
3493888,1-Training-Losses/approx_kl,0.0002779906499199569,Pong1PCB2L336P__seed_8_1763344785
3497984,1-Training-Losses/approx_kl,0.0006939909653738141,Pong1PCB2L336P__seed_8_1763344785
3502080,1-Training-Losses/approx_kl,0.0001034324086504057,Pong1PCB2L336P__seed_8_1763344785
3506176,1-Training-Losses/approx_kl,0.00026291803806088865,Pong1PCB2L336P__seed_8_1763344785
3510272,1-Training-Losses/approx_kl,0.000876418431289494,Pong1PCB2L336P__seed_8_1763344785
3514368,1-Training-Losses/approx_kl,0.0002295136800967157,Pong1PCB2L336P__seed_8_1763344785
3518464,1-Training-Losses/approx_kl,4.10036591347307e-05,Pong1PCB2L336P__seed_8_1763344785
3522560,1-Training-Losses/approx_kl,2.4030101485550404e-05,Pong1PCB2L336P__seed_8_1763344785
3526656,1-Training-Losses/approx_kl,0.00010789430234581232,Pong1PCB2L336P__seed_8_1763344785
3530752,1-Training-Losses/approx_kl,1.3624594430439174e-05,Pong1PCB2L336P__seed_8_1763344785
3534848,1-Training-Losses/approx_kl,0.001033684820868075,Pong1PCB2L336P__seed_8_1763344785
3538944,1-Training-Losses/approx_kl,0.0003595984308049083,Pong1PCB2L336P__seed_8_1763344785
3543040,1-Training-Losses/approx_kl,1.8412087229080498e-05,Pong1PCB2L336P__seed_8_1763344785
3547136,1-Training-Losses/approx_kl,3.4900716855190694e-05,Pong1PCB2L336P__seed_8_1763344785
3551232,1-Training-Losses/approx_kl,0.00020797703473363072,Pong1PCB2L336P__seed_8_1763344785
3555328,1-Training-Losses/approx_kl,3.2548821764066815e-05,Pong1PCB2L336P__seed_8_1763344785
3559424,1-Training-Losses/approx_kl,1.0393501725047827e-05,Pong1PCB2L336P__seed_8_1763344785
3563520,1-Training-Losses/approx_kl,4.4966640416532755e-05,Pong1PCB2L336P__seed_8_1763344785
3567616,1-Training-Losses/approx_kl,0.00015230421558953822,Pong1PCB2L336P__seed_8_1763344785
3571712,1-Training-Losses/approx_kl,0.00041543744737282395,Pong1PCB2L336P__seed_8_1763344785
3575808,1-Training-Losses/approx_kl,0.0010825064964592457,Pong1PCB2L336P__seed_8_1763344785
3579904,1-Training-Losses/approx_kl,0.0008213250548578799,Pong1PCB2L336P__seed_8_1763344785
3584000,1-Training-Losses/approx_kl,6.306983414106071e-05,Pong1PCB2L336P__seed_8_1763344785
3588096,1-Training-Losses/approx_kl,0.0018572912085801363,Pong1PCB2L336P__seed_8_1763344785
3592192,1-Training-Losses/approx_kl,0.00035559339448809624,Pong1PCB2L336P__seed_8_1763344785
3596288,1-Training-Losses/approx_kl,0.00028417352586984634,Pong1PCB2L336P__seed_8_1763344785
3600384,1-Training-Losses/approx_kl,0.0002649191883392632,Pong1PCB2L336P__seed_8_1763344785
3604480,1-Training-Losses/approx_kl,3.1447154469788074e-05,Pong1PCB2L336P__seed_8_1763344785
3608576,1-Training-Losses/approx_kl,0.00034823629539459944,Pong1PCB2L336P__seed_8_1763344785
3612672,1-Training-Losses/approx_kl,0.0006485986523330212,Pong1PCB2L336P__seed_8_1763344785
3616768,1-Training-Losses/approx_kl,0.00014881025708746165,Pong1PCB2L336P__seed_8_1763344785
3620864,1-Training-Losses/approx_kl,0.0004220498667564243,Pong1PCB2L336P__seed_8_1763344785
3624960,1-Training-Losses/approx_kl,1.861069176811725e-05,Pong1PCB2L336P__seed_8_1763344785
3629056,1-Training-Losses/approx_kl,0.0004712435766123235,Pong1PCB2L336P__seed_8_1763344785
3633152,1-Training-Losses/approx_kl,0.0003361320123076439,Pong1PCB2L336P__seed_8_1763344785
3637248,1-Training-Losses/approx_kl,3.063415351789445e-05,Pong1PCB2L336P__seed_8_1763344785
3641344,1-Training-Losses/approx_kl,0.0002163393801311031,Pong1PCB2L336P__seed_8_1763344785
3645440,1-Training-Losses/approx_kl,0.0003511305549181998,Pong1PCB2L336P__seed_8_1763344785
3649536,1-Training-Losses/approx_kl,3.641878720372915e-05,Pong1PCB2L336P__seed_8_1763344785
3653632,1-Training-Losses/approx_kl,0.0003760174731723964,Pong1PCB2L336P__seed_8_1763344785
3657728,1-Training-Losses/approx_kl,0.0003283956029918045,Pong1PCB2L336P__seed_8_1763344785
3661824,1-Training-Losses/approx_kl,0.0009285669075325131,Pong1PCB2L336P__seed_8_1763344785
3665920,1-Training-Losses/approx_kl,2.150637737940997e-05,Pong1PCB2L336P__seed_8_1763344785
3670016,1-Training-Losses/approx_kl,0.0004946057451888919,Pong1PCB2L336P__seed_8_1763344785
3674112,1-Training-Losses/approx_kl,0.0001378480956191197,Pong1PCB2L336P__seed_8_1763344785
3678208,1-Training-Losses/approx_kl,6.537116132676601e-05,Pong1PCB2L336P__seed_8_1763344785
3682304,1-Training-Losses/approx_kl,2.0260660676285625e-05,Pong1PCB2L336P__seed_8_1763344785
3686400,1-Training-Losses/approx_kl,0.00016468772082589567,Pong1PCB2L336P__seed_8_1763344785
3690496,1-Training-Losses/approx_kl,0.00043492030818015337,Pong1PCB2L336P__seed_8_1763344785
3694592,1-Training-Losses/approx_kl,0.00023822679941076785,Pong1PCB2L336P__seed_8_1763344785
3698688,1-Training-Losses/approx_kl,7.476239989046007e-05,Pong1PCB2L336P__seed_8_1763344785
3702784,1-Training-Losses/approx_kl,2.0371226128190756e-05,Pong1PCB2L336P__seed_8_1763344785
3706880,1-Training-Losses/approx_kl,0.0007563405088149011,Pong1PCB2L336P__seed_8_1763344785
3710976,1-Training-Losses/approx_kl,0.0012501387391239405,Pong1PCB2L336P__seed_8_1763344785
3715072,1-Training-Losses/approx_kl,0.00018938259745482355,Pong1PCB2L336P__seed_8_1763344785
3719168,1-Training-Losses/approx_kl,0.0005468003218993545,Pong1PCB2L336P__seed_8_1763344785
3723264,1-Training-Losses/approx_kl,0.0010816905414685607,Pong1PCB2L336P__seed_8_1763344785
3727360,1-Training-Losses/approx_kl,0.0009821864077821374,Pong1PCB2L336P__seed_8_1763344785
3731456,1-Training-Losses/approx_kl,0.0003008618950843811,Pong1PCB2L336P__seed_8_1763344785
3735552,1-Training-Losses/approx_kl,3.212412411812693e-05,Pong1PCB2L336P__seed_8_1763344785
3739648,1-Training-Losses/approx_kl,0.00011638215801212937,Pong1PCB2L336P__seed_8_1763344785
3743744,1-Training-Losses/approx_kl,8.393908501602709e-05,Pong1PCB2L336P__seed_8_1763344785
3747840,1-Training-Losses/approx_kl,0.000592996075283736,Pong1PCB2L336P__seed_8_1763344785
3751936,1-Training-Losses/approx_kl,0.001549621345475316,Pong1PCB2L336P__seed_8_1763344785
3756032,1-Training-Losses/approx_kl,0.00024781632237136364,Pong1PCB2L336P__seed_8_1763344785
3760128,1-Training-Losses/approx_kl,0.00019453157437965274,Pong1PCB2L336P__seed_8_1763344785
3764224,1-Training-Losses/approx_kl,7.956002082210034e-05,Pong1PCB2L336P__seed_8_1763344785
3768320,1-Training-Losses/approx_kl,1.9527156837284565e-05,Pong1PCB2L336P__seed_8_1763344785
3772416,1-Training-Losses/approx_kl,0.00019591879390645772,Pong1PCB2L336P__seed_8_1763344785
3776512,1-Training-Losses/approx_kl,0.00022480815823655576,Pong1PCB2L336P__seed_8_1763344785
3780608,1-Training-Losses/approx_kl,2.3300803150050342e-05,Pong1PCB2L336P__seed_8_1763344785
3784704,1-Training-Losses/approx_kl,9.394781955052167e-05,Pong1PCB2L336P__seed_8_1763344785
3788800,1-Training-Losses/approx_kl,0.00038491954910568893,Pong1PCB2L336P__seed_8_1763344785
3792896,1-Training-Losses/approx_kl,0.0009789159521460533,Pong1PCB2L336P__seed_8_1763344785
3796992,1-Training-Losses/approx_kl,0.0014255952555686235,Pong1PCB2L336P__seed_8_1763344785
3801088,1-Training-Losses/approx_kl,6.028251664247364e-05,Pong1PCB2L336P__seed_8_1763344785
3805184,1-Training-Losses/approx_kl,0.0010166666470468044,Pong1PCB2L336P__seed_8_1763344785
3809280,1-Training-Losses/approx_kl,0.0014210534282028675,Pong1PCB2L336P__seed_8_1763344785
3813376,1-Training-Losses/approx_kl,0.0004689851775765419,Pong1PCB2L336P__seed_8_1763344785
3817472,1-Training-Losses/approx_kl,0.0005731074488721788,Pong1PCB2L336P__seed_8_1763344785
3821568,1-Training-Losses/approx_kl,0.0001765389315551147,Pong1PCB2L336P__seed_8_1763344785
3825664,1-Training-Losses/approx_kl,8.398224599659443e-05,Pong1PCB2L336P__seed_8_1763344785
3829760,1-Training-Losses/approx_kl,5.8826117310673e-07,Pong1PCB2L336P__seed_8_1763344785
3833856,1-Training-Losses/approx_kl,0.00012437616533134133,Pong1PCB2L336P__seed_8_1763344785
3837952,1-Training-Losses/approx_kl,1.3133161701261997e-05,Pong1PCB2L336P__seed_8_1763344785
3842048,1-Training-Losses/approx_kl,0.00013613139162771404,Pong1PCB2L336P__seed_8_1763344785
3846144,1-Training-Losses/approx_kl,0.000473994790809229,Pong1PCB2L336P__seed_8_1763344785
3850240,1-Training-Losses/approx_kl,0.00017063479754142463,Pong1PCB2L336P__seed_8_1763344785
3854336,1-Training-Losses/approx_kl,3.913679393008351e-05,Pong1PCB2L336P__seed_8_1763344785
3858432,1-Training-Losses/approx_kl,0.0007060107891447842,Pong1PCB2L336P__seed_8_1763344785
3862528,1-Training-Losses/approx_kl,1.892208820208907e-05,Pong1PCB2L336P__seed_8_1763344785
3866624,1-Training-Losses/approx_kl,0.0028708064928650856,Pong1PCB2L336P__seed_8_1763344785
3870720,1-Training-Losses/approx_kl,0.001385006820783019,Pong1PCB2L336P__seed_8_1763344785
3874816,1-Training-Losses/approx_kl,8.12376820249483e-05,Pong1PCB2L336P__seed_8_1763344785
3878912,1-Training-Losses/approx_kl,5.139363929629326e-05,Pong1PCB2L336P__seed_8_1763344785
3883008,1-Training-Losses/approx_kl,0.0001251976500498131,Pong1PCB2L336P__seed_8_1763344785
3887104,1-Training-Losses/approx_kl,9.518128354102373e-05,Pong1PCB2L336P__seed_8_1763344785
3891200,1-Training-Losses/approx_kl,0.0002652842958923429,Pong1PCB2L336P__seed_8_1763344785
3895296,1-Training-Losses/approx_kl,0.0004985599080100656,Pong1PCB2L336P__seed_8_1763344785
3899392,1-Training-Losses/approx_kl,0.0002359687496209517,Pong1PCB2L336P__seed_8_1763344785
3903488,1-Training-Losses/approx_kl,0.00013376942661125213,Pong1PCB2L336P__seed_8_1763344785
3907584,1-Training-Losses/approx_kl,3.643600211944431e-05,Pong1PCB2L336P__seed_8_1763344785
3911680,1-Training-Losses/approx_kl,2.4163920897990465e-05,Pong1PCB2L336P__seed_8_1763344785
3915776,1-Training-Losses/approx_kl,0.000193175466847606,Pong1PCB2L336P__seed_8_1763344785
3919872,1-Training-Losses/approx_kl,0.000431795691838488,Pong1PCB2L336P__seed_8_1763344785
3923968,1-Training-Losses/approx_kl,5.696481093764305e-05,Pong1PCB2L336P__seed_8_1763344785
3928064,1-Training-Losses/approx_kl,0.00012640698696486652,Pong1PCB2L336P__seed_8_1763344785
3932160,1-Training-Losses/approx_kl,0.0005012478213757277,Pong1PCB2L336P__seed_8_1763344785
3936256,1-Training-Losses/approx_kl,0.0002488423197064549,Pong1PCB2L336P__seed_8_1763344785
3940352,1-Training-Losses/approx_kl,5.490299372468144e-05,Pong1PCB2L336P__seed_8_1763344785
3944448,1-Training-Losses/approx_kl,2.865254646167159e-05,Pong1PCB2L336P__seed_8_1763344785
3948544,1-Training-Losses/approx_kl,0.0007344886544160545,Pong1PCB2L336P__seed_8_1763344785
3952640,1-Training-Losses/approx_kl,0.0012985820649191737,Pong1PCB2L336P__seed_8_1763344785
3956736,1-Training-Losses/approx_kl,0.00025773703237064183,Pong1PCB2L336P__seed_8_1763344785
3960832,1-Training-Losses/approx_kl,7.842783816158772e-06,Pong1PCB2L336P__seed_8_1763344785
3964928,1-Training-Losses/approx_kl,2.0239531295374036e-06,Pong1PCB2L336P__seed_8_1763344785
3969024,1-Training-Losses/approx_kl,1.7977727111428976e-06,Pong1PCB2L336P__seed_8_1763344785
3973120,1-Training-Losses/approx_kl,0.0006579119944944978,Pong1PCB2L336P__seed_8_1763344785
3977216,1-Training-Losses/approx_kl,0.0007196515798568726,Pong1PCB2L336P__seed_8_1763344785
3981312,1-Training-Losses/approx_kl,0.0001276152761420235,Pong1PCB2L336P__seed_8_1763344785
3985408,1-Training-Losses/approx_kl,3.38122044922784e-05,Pong1PCB2L336P__seed_8_1763344785
3989504,1-Training-Losses/approx_kl,3.082051989622414e-05,Pong1PCB2L336P__seed_8_1763344785
3993600,1-Training-Losses/approx_kl,0.00017607546760700643,Pong1PCB2L336P__seed_8_1763344785
3997696,1-Training-Losses/approx_kl,2.400660014245659e-05,Pong1PCB2L336P__seed_8_1763344785
4001792,1-Training-Losses/approx_kl,1.7397687770426273e-06,Pong1PCB2L336P__seed_8_1763344785
4005888,1-Training-Losses/approx_kl,1.2926117051392794e-05,Pong1PCB2L336P__seed_8_1763344785
4009984,1-Training-Losses/approx_kl,2.788957499433309e-05,Pong1PCB2L336P__seed_8_1763344785
4014080,1-Training-Losses/approx_kl,0.00010568159632384777,Pong1PCB2L336P__seed_8_1763344785
4018176,1-Training-Losses/approx_kl,0.00020052659965585917,Pong1PCB2L336P__seed_8_1763344785
4022272,1-Training-Losses/approx_kl,0.0001626619341550395,Pong1PCB2L336P__seed_8_1763344785
4026368,1-Training-Losses/approx_kl,0.00024178704188670963,Pong1PCB2L336P__seed_8_1763344785
4030464,1-Training-Losses/approx_kl,0.00018866106984205544,Pong1PCB2L336P__seed_8_1763344785
4034560,1-Training-Losses/approx_kl,0.0001340190356131643,Pong1PCB2L336P__seed_8_1763344785
4038656,1-Training-Losses/approx_kl,0.00027164496714249253,Pong1PCB2L336P__seed_8_1763344785
4042752,1-Training-Losses/approx_kl,0.00033572770189493895,Pong1PCB2L336P__seed_8_1763344785
4046848,1-Training-Losses/approx_kl,0.00025071139680221677,Pong1PCB2L336P__seed_8_1763344785
4050944,1-Training-Losses/approx_kl,3.573717549443245e-06,Pong1PCB2L336P__seed_8_1763344785
4055040,1-Training-Losses/approx_kl,0.00020735485304612666,Pong1PCB2L336P__seed_8_1763344785
4059136,1-Training-Losses/approx_kl,0.0002494238142389804,Pong1PCB2L336P__seed_8_1763344785
4063232,1-Training-Losses/approx_kl,0.00020057609071955085,Pong1PCB2L336P__seed_8_1763344785
4067328,1-Training-Losses/approx_kl,8.688074012752622e-05,Pong1PCB2L336P__seed_8_1763344785
4071424,1-Training-Losses/approx_kl,1.113249163608998e-05,Pong1PCB2L336P__seed_8_1763344785
4075520,1-Training-Losses/approx_kl,7.538823410868645e-06,Pong1PCB2L336P__seed_8_1763344785
4079616,1-Training-Losses/approx_kl,6.7941437009721994e-06,Pong1PCB2L336P__seed_8_1763344785
4083712,1-Training-Losses/approx_kl,6.3635234255343676e-06,Pong1PCB2L336P__seed_8_1763344785
4087808,1-Training-Losses/approx_kl,9.43474005907774e-05,Pong1PCB2L336P__seed_8_1763344785
4091904,1-Training-Losses/approx_kl,0.000196745982975699,Pong1PCB2L336P__seed_8_1763344785
4096000,1-Training-Losses/approx_kl,0.00013352421228773892,Pong1PCB2L336P__seed_8_1763344785
4100096,1-Training-Losses/approx_kl,0.0002611454401630908,Pong1PCB2L336P__seed_8_1763344785
4104192,1-Training-Losses/approx_kl,4.0604485548101366e-05,Pong1PCB2L336P__seed_8_1763344785
4108288,1-Training-Losses/approx_kl,1.1031122994609177e-05,Pong1PCB2L336P__seed_8_1763344785
4112384,1-Training-Losses/approx_kl,0.00010737559932749718,Pong1PCB2L336P__seed_8_1763344785
4116480,1-Training-Losses/approx_kl,0.0001000393385766074,Pong1PCB2L336P__seed_8_1763344785
4120576,1-Training-Losses/approx_kl,3.368218312971294e-05,Pong1PCB2L336P__seed_8_1763344785
4124672,1-Training-Losses/approx_kl,1.9422033801674843e-05,Pong1PCB2L336P__seed_8_1763344785
4128768,1-Training-Losses/approx_kl,4.0482686017639935e-05,Pong1PCB2L336P__seed_8_1763344785
4132864,1-Training-Losses/approx_kl,0.00027168114320375025,Pong1PCB2L336P__seed_8_1763344785
4136960,1-Training-Losses/approx_kl,0.00024155939172487706,Pong1PCB2L336P__seed_8_1763344785
4141056,1-Training-Losses/approx_kl,1.9621264073066413e-05,Pong1PCB2L336P__seed_8_1763344785
4145152,1-Training-Losses/approx_kl,1.0589516023173928e-05,Pong1PCB2L336P__seed_8_1763344785
4149248,1-Training-Losses/approx_kl,3.2648531487211585e-06,Pong1PCB2L336P__seed_8_1763344785
4153344,1-Training-Losses/approx_kl,6.4017222030088305e-06,Pong1PCB2L336P__seed_8_1763344785
4157440,1-Training-Losses/approx_kl,2.155429683625698e-05,Pong1PCB2L336P__seed_8_1763344785
4161536,1-Training-Losses/approx_kl,0.00041864480590447783,Pong1PCB2L336P__seed_8_1763344785
4165632,1-Training-Losses/approx_kl,0.0005929667968302965,Pong1PCB2L336P__seed_8_1763344785
4169728,1-Training-Losses/approx_kl,0.00013516558101400733,Pong1PCB2L336P__seed_8_1763344785
4173824,1-Training-Losses/approx_kl,0.000123382851597853,Pong1PCB2L336P__seed_8_1763344785
4177920,1-Training-Losses/approx_kl,0.001301242271438241,Pong1PCB2L336P__seed_8_1763344785
4182016,1-Training-Losses/approx_kl,0.0013246572343632579,Pong1PCB2L336P__seed_8_1763344785
4186112,1-Training-Losses/approx_kl,1.0367424692958593e-05,Pong1PCB2L336P__seed_8_1763344785
4190208,1-Training-Losses/approx_kl,0.0002796268090605736,Pong1PCB2L336P__seed_8_1763344785
4194304,1-Training-Losses/approx_kl,8.062810229603201e-05,Pong1PCB2L336P__seed_8_1763344785
4198400,1-Training-Losses/approx_kl,5.7298457249999046e-05,Pong1PCB2L336P__seed_8_1763344785
4202496,1-Training-Losses/approx_kl,9.066298662219197e-05,Pong1PCB2L336P__seed_8_1763344785
4206592,1-Training-Losses/approx_kl,9.234619210474193e-05,Pong1PCB2L336P__seed_8_1763344785
4210688,1-Training-Losses/approx_kl,9.581487393006682e-05,Pong1PCB2L336P__seed_8_1763344785
4214784,1-Training-Losses/approx_kl,3.188791743014008e-05,Pong1PCB2L336P__seed_8_1763344785
4218880,1-Training-Losses/approx_kl,2.4300417862832546e-05,Pong1PCB2L336P__seed_8_1763344785
4222976,1-Training-Losses/approx_kl,1.5174984582699835e-05,Pong1PCB2L336P__seed_8_1763344785
4227072,1-Training-Losses/approx_kl,1.4402889064513147e-05,Pong1PCB2L336P__seed_8_1763344785
4231168,1-Training-Losses/approx_kl,7.7572010923177e-05,Pong1PCB2L336P__seed_8_1763344785
4235264,1-Training-Losses/approx_kl,0.0002273529680678621,Pong1PCB2L336P__seed_8_1763344785
4239360,1-Training-Losses/approx_kl,2.3993852664716542e-05,Pong1PCB2L336P__seed_8_1763344785
4243456,1-Training-Losses/approx_kl,2.828365541063249e-05,Pong1PCB2L336P__seed_8_1763344785
4247552,1-Training-Losses/approx_kl,1.8723774701356888e-05,Pong1PCB2L336P__seed_8_1763344785
4251648,1-Training-Losses/approx_kl,1.4523742720484734e-05,Pong1PCB2L336P__seed_8_1763344785
4255744,1-Training-Losses/approx_kl,3.332505002617836e-06,Pong1PCB2L336P__seed_8_1763344785
4259840,1-Training-Losses/approx_kl,1.0421819752082229e-05,Pong1PCB2L336P__seed_8_1763344785
4263936,1-Training-Losses/approx_kl,0.00020651334489230067,Pong1PCB2L336P__seed_8_1763344785
4268032,1-Training-Losses/approx_kl,0.00043815813842229545,Pong1PCB2L336P__seed_8_1763344785
4272128,1-Training-Losses/approx_kl,5.0441594794392586e-05,Pong1PCB2L336P__seed_8_1763344785
4276224,1-Training-Losses/approx_kl,5.799278733320534e-05,Pong1PCB2L336P__seed_8_1763344785
4280320,1-Training-Losses/approx_kl,0.00012120830069761723,Pong1PCB2L336P__seed_8_1763344785
4284416,1-Training-Losses/approx_kl,0.0006589965778402984,Pong1PCB2L336P__seed_8_1763344785
4288512,1-Training-Losses/approx_kl,0.0007864870713092387,Pong1PCB2L336P__seed_8_1763344785
4292608,1-Training-Losses/approx_kl,0.0003512529656291008,Pong1PCB2L336P__seed_8_1763344785
4296704,1-Training-Losses/approx_kl,0.0005354066379368305,Pong1PCB2L336P__seed_8_1763344785
4300800,1-Training-Losses/approx_kl,0.00018846044258680195,Pong1PCB2L336P__seed_8_1763344785
4304896,1-Training-Losses/approx_kl,0.00024507715716026723,Pong1PCB2L336P__seed_8_1763344785
4308992,1-Training-Losses/approx_kl,0.001058615162037313,Pong1PCB2L336P__seed_8_1763344785
4313088,1-Training-Losses/approx_kl,0.00037315679946914315,Pong1PCB2L336P__seed_8_1763344785
4317184,1-Training-Losses/approx_kl,1.0732925147749484e-05,Pong1PCB2L336P__seed_8_1763344785
4321280,1-Training-Losses/approx_kl,3.710883902385831e-06,Pong1PCB2L336P__seed_8_1763344785
4325376,1-Training-Losses/approx_kl,3.198874765075743e-06,Pong1PCB2L336P__seed_8_1763344785
4329472,1-Training-Losses/approx_kl,2.4423468858003616e-05,Pong1PCB2L336P__seed_8_1763344785
4333568,1-Training-Losses/approx_kl,2.476442023180425e-05,Pong1PCB2L336P__seed_8_1763344785
4337664,1-Training-Losses/approx_kl,0.00035498771467246115,Pong1PCB2L336P__seed_8_1763344785
4341760,1-Training-Losses/approx_kl,0.0006476208800449967,Pong1PCB2L336P__seed_8_1763344785
4345856,1-Training-Losses/approx_kl,5.3007679525762796e-05,Pong1PCB2L336P__seed_8_1763344785
4349952,1-Training-Losses/approx_kl,0.00025729837943799794,Pong1PCB2L336P__seed_8_1763344785
4354048,1-Training-Losses/approx_kl,0.0006820991402491927,Pong1PCB2L336P__seed_8_1763344785
4358144,1-Training-Losses/approx_kl,0.0005050083855167031,Pong1PCB2L336P__seed_8_1763344785
4362240,1-Training-Losses/approx_kl,0.00032949354499578476,Pong1PCB2L336P__seed_8_1763344785
4366336,1-Training-Losses/approx_kl,2.9897666536271572e-05,Pong1PCB2L336P__seed_8_1763344785
4370432,1-Training-Losses/approx_kl,0.00033166559296660125,Pong1PCB2L336P__seed_8_1763344785
4374528,1-Training-Losses/approx_kl,4.160337266512215e-05,Pong1PCB2L336P__seed_8_1763344785
4378624,1-Training-Losses/approx_kl,7.596434443257749e-06,Pong1PCB2L336P__seed_8_1763344785
4382720,1-Training-Losses/approx_kl,1.9417799194343388e-05,Pong1PCB2L336P__seed_8_1763344785
4386816,1-Training-Losses/approx_kl,1.6453996067866683e-06,Pong1PCB2L336P__seed_8_1763344785
4390912,1-Training-Losses/approx_kl,1.5287951100617647e-05,Pong1PCB2L336P__seed_8_1763344785
4395008,1-Training-Losses/approx_kl,0.0001254768285434693,Pong1PCB2L336P__seed_8_1763344785
4399104,1-Training-Losses/approx_kl,0.0004557500360533595,Pong1PCB2L336P__seed_8_1763344785
4403200,1-Training-Losses/approx_kl,0.0005715775769203901,Pong1PCB2L336P__seed_8_1763344785
4407296,1-Training-Losses/approx_kl,1.94301683222875e-05,Pong1PCB2L336P__seed_8_1763344785
4411392,1-Training-Losses/approx_kl,0.0017052642069756985,Pong1PCB2L336P__seed_8_1763344785
4415488,1-Training-Losses/approx_kl,0.001828510663472116,Pong1PCB2L336P__seed_8_1763344785
4419584,1-Training-Losses/approx_kl,0.0009658833732828498,Pong1PCB2L336P__seed_8_1763344785
4423680,1-Training-Losses/approx_kl,0.00017728612874634564,Pong1PCB2L336P__seed_8_1763344785
4427776,1-Training-Losses/approx_kl,4.284940951038152e-05,Pong1PCB2L336P__seed_8_1763344785
4431872,1-Training-Losses/approx_kl,4.048780829180032e-05,Pong1PCB2L336P__seed_8_1763344785
4435968,1-Training-Losses/approx_kl,2.1286599803715944e-05,Pong1PCB2L336P__seed_8_1763344785
4440064,1-Training-Losses/approx_kl,1.7957776435650885e-05,Pong1PCB2L336P__seed_8_1763344785
4444160,1-Training-Losses/approx_kl,2.5311688659712672e-05,Pong1PCB2L336P__seed_8_1763344785
4448256,1-Training-Losses/approx_kl,2.5157321942970157e-05,Pong1PCB2L336P__seed_8_1763344785
4452352,1-Training-Losses/approx_kl,2.3990971385501325e-05,Pong1PCB2L336P__seed_8_1763344785
4456448,1-Training-Losses/approx_kl,0.00021396302327048033,Pong1PCB2L336P__seed_8_1763344785
4460544,1-Training-Losses/approx_kl,0.0010637459345161915,Pong1PCB2L336P__seed_8_1763344785
4464640,1-Training-Losses/approx_kl,0.00045006716391071677,Pong1PCB2L336P__seed_8_1763344785
4468736,1-Training-Losses/approx_kl,0.00021617638412863016,Pong1PCB2L336P__seed_8_1763344785
4472832,1-Training-Losses/approx_kl,0.00022201584943104535,Pong1PCB2L336P__seed_8_1763344785
4476928,1-Training-Losses/approx_kl,3.59366531483829e-05,Pong1PCB2L336P__seed_8_1763344785
4481024,1-Training-Losses/approx_kl,0.000182324496563524,Pong1PCB2L336P__seed_8_1763344785
4485120,1-Training-Losses/approx_kl,0.00019228477322030813,Pong1PCB2L336P__seed_8_1763344785
4489216,1-Training-Losses/approx_kl,0.0001600410760147497,Pong1PCB2L336P__seed_8_1763344785
4493312,1-Training-Losses/approx_kl,0.0002776171313598752,Pong1PCB2L336P__seed_8_1763344785
4497408,1-Training-Losses/approx_kl,0.0005649426602758467,Pong1PCB2L336P__seed_8_1763344785
4501504,1-Training-Losses/approx_kl,0.0005995844840072095,Pong1PCB2L336P__seed_8_1763344785
4505600,1-Training-Losses/approx_kl,0.00023366206733044237,Pong1PCB2L336P__seed_8_1763344785
4509696,1-Training-Losses/approx_kl,6.958696758374572e-06,Pong1PCB2L336P__seed_8_1763344785
4513792,1-Training-Losses/approx_kl,0.0003493443946354091,Pong1PCB2L336P__seed_8_1763344785
4517888,1-Training-Losses/approx_kl,0.0007520309882238507,Pong1PCB2L336P__seed_8_1763344785
4521984,1-Training-Losses/approx_kl,0.0008775402093306184,Pong1PCB2L336P__seed_8_1763344785
4526080,1-Training-Losses/approx_kl,0.00044525350676849484,Pong1PCB2L336P__seed_8_1763344785
4530176,1-Training-Losses/approx_kl,7.122124952729791e-05,Pong1PCB2L336P__seed_8_1763344785
4534272,1-Training-Losses/approx_kl,1.0571558959782124e-05,Pong1PCB2L336P__seed_8_1763344785
4538368,1-Training-Losses/approx_kl,1.538459036964923e-05,Pong1PCB2L336P__seed_8_1763344785
4542464,1-Training-Losses/approx_kl,4.8361936933360994e-05,Pong1PCB2L336P__seed_8_1763344785
4546560,1-Training-Losses/approx_kl,0.00015913351671770215,Pong1PCB2L336P__seed_8_1763344785
4550656,1-Training-Losses/approx_kl,0.0007171201286837459,Pong1PCB2L336P__seed_8_1763344785
4554752,1-Training-Losses/approx_kl,9.932635293807834e-05,Pong1PCB2L336P__seed_8_1763344785
4558848,1-Training-Losses/approx_kl,5.498512473423034e-05,Pong1PCB2L336P__seed_8_1763344785
4562944,1-Training-Losses/approx_kl,0.00010185531573370099,Pong1PCB2L336P__seed_8_1763344785
4567040,1-Training-Losses/approx_kl,3.490384551696479e-05,Pong1PCB2L336P__seed_8_1763344785
4571136,1-Training-Losses/approx_kl,0.00013706981553696096,Pong1PCB2L336P__seed_8_1763344785
4575232,1-Training-Losses/approx_kl,0.00013912480790168047,Pong1PCB2L336P__seed_8_1763344785
4579328,1-Training-Losses/approx_kl,3.0536437407135963e-05,Pong1PCB2L336P__seed_8_1763344785
4583424,1-Training-Losses/approx_kl,6.496517744380981e-05,Pong1PCB2L336P__seed_8_1763344785
4587520,1-Training-Losses/approx_kl,6.13609590800479e-05,Pong1PCB2L336P__seed_8_1763344785
4591616,1-Training-Losses/approx_kl,0.0002615709090605378,Pong1PCB2L336P__seed_8_1763344785
4595712,1-Training-Losses/approx_kl,0.0003701868117786944,Pong1PCB2L336P__seed_8_1763344785
4599808,1-Training-Losses/approx_kl,0.00018161439220421016,Pong1PCB2L336P__seed_8_1763344785
4603904,1-Training-Losses/approx_kl,5.8462610468268394e-06,Pong1PCB2L336P__seed_8_1763344785
4608000,1-Training-Losses/approx_kl,0.00013336083793547004,Pong1PCB2L336P__seed_8_1763344785
4612096,1-Training-Losses/approx_kl,1.3218334061093628e-05,Pong1PCB2L336P__seed_8_1763344785
4616192,1-Training-Losses/approx_kl,0.000597772013861686,Pong1PCB2L336P__seed_8_1763344785
4620288,1-Training-Losses/approx_kl,0.00108537042979151,Pong1PCB2L336P__seed_8_1763344785
4624384,1-Training-Losses/approx_kl,0.0003141057095490396,Pong1PCB2L336P__seed_8_1763344785
4628480,1-Training-Losses/approx_kl,3.0754090403206646e-05,Pong1PCB2L336P__seed_8_1763344785
4632576,1-Training-Losses/approx_kl,1.440464984625578e-05,Pong1PCB2L336P__seed_8_1763344785
4636672,1-Training-Losses/approx_kl,8.688235539011657e-05,Pong1PCB2L336P__seed_8_1763344785
4640768,1-Training-Losses/approx_kl,0.0002597348066046834,Pong1PCB2L336P__seed_8_1763344785
4644864,1-Training-Losses/approx_kl,0.00028628166182897985,Pong1PCB2L336P__seed_8_1763344785
4648960,1-Training-Losses/approx_kl,0.0003004217578563839,Pong1PCB2L336P__seed_8_1763344785
4653056,1-Training-Losses/approx_kl,0.0004870558623224497,Pong1PCB2L336P__seed_8_1763344785
4657152,1-Training-Losses/approx_kl,0.0005968879559077322,Pong1PCB2L336P__seed_8_1763344785
4661248,1-Training-Losses/approx_kl,0.00017202789604198188,Pong1PCB2L336P__seed_8_1763344785
4665344,1-Training-Losses/approx_kl,6.536516593769193e-05,Pong1PCB2L336P__seed_8_1763344785
4669440,1-Training-Losses/approx_kl,0.0001577269722474739,Pong1PCB2L336P__seed_8_1763344785
4673536,1-Training-Losses/approx_kl,0.00021191321138758212,Pong1PCB2L336P__seed_8_1763344785
4677632,1-Training-Losses/approx_kl,0.0001400868350174278,Pong1PCB2L336P__seed_8_1763344785
4681728,1-Training-Losses/approx_kl,3.0071503715589643e-05,Pong1PCB2L336P__seed_8_1763344785
4685824,1-Training-Losses/approx_kl,2.2459906176663935e-05,Pong1PCB2L336P__seed_8_1763344785
4689920,1-Training-Losses/approx_kl,8.867334690876305e-05,Pong1PCB2L336P__seed_8_1763344785
4694016,1-Training-Losses/approx_kl,0.0001761666644597426,Pong1PCB2L336P__seed_8_1763344785
4698112,1-Training-Losses/approx_kl,0.0001382516056764871,Pong1PCB2L336P__seed_8_1763344785
4702208,1-Training-Losses/approx_kl,4.304196045268327e-05,Pong1PCB2L336P__seed_8_1763344785
4706304,1-Training-Losses/approx_kl,4.166548023931682e-06,Pong1PCB2L336P__seed_8_1763344785
4710400,1-Training-Losses/approx_kl,1.3881755876354873e-05,Pong1PCB2L336P__seed_8_1763344785
4714496,1-Training-Losses/approx_kl,2.6213063392788172e-05,Pong1PCB2L336P__seed_8_1763344785
4718592,1-Training-Losses/approx_kl,9.99000621959567e-06,Pong1PCB2L336P__seed_8_1763344785
4722688,1-Training-Losses/approx_kl,1.5415003872476518e-05,Pong1PCB2L336P__seed_8_1763344785
4726784,1-Training-Losses/approx_kl,9.465742914471775e-05,Pong1PCB2L336P__seed_8_1763344785
4730880,1-Training-Losses/approx_kl,1.706401235423982e-05,Pong1PCB2L336P__seed_8_1763344785
4734976,1-Training-Losses/approx_kl,9.709401638247073e-06,Pong1PCB2L336P__seed_8_1763344785
4739072,1-Training-Losses/approx_kl,5.200778832659125e-05,Pong1PCB2L336P__seed_8_1763344785
4743168,1-Training-Losses/approx_kl,0.000532090081833303,Pong1PCB2L336P__seed_8_1763344785
4747264,1-Training-Losses/approx_kl,0.00037968152901157737,Pong1PCB2L336P__seed_8_1763344785
4751360,1-Training-Losses/approx_kl,0.0004576954524964094,Pong1PCB2L336P__seed_8_1763344785
4755456,1-Training-Losses/approx_kl,0.0005159834981895983,Pong1PCB2L336P__seed_8_1763344785
4759552,1-Training-Losses/approx_kl,0.00012191104178782552,Pong1PCB2L336P__seed_8_1763344785
4763648,1-Training-Losses/approx_kl,0.0003942202893085778,Pong1PCB2L336P__seed_8_1763344785
4767744,1-Training-Losses/approx_kl,0.0008050973992794752,Pong1PCB2L336P__seed_8_1763344785
4771840,1-Training-Losses/approx_kl,0.00020214061078149825,Pong1PCB2L336P__seed_8_1763344785
4775936,1-Training-Losses/approx_kl,5.359596980269998e-05,Pong1PCB2L336P__seed_8_1763344785
4780032,1-Training-Losses/approx_kl,8.482762495987117e-06,Pong1PCB2L336P__seed_8_1763344785
4784128,1-Training-Losses/approx_kl,3.858875425066799e-05,Pong1PCB2L336P__seed_8_1763344785
4788224,1-Training-Losses/approx_kl,1.5258774510584772e-05,Pong1PCB2L336P__seed_8_1763344785
4792320,1-Training-Losses/approx_kl,0.00017049087909981608,Pong1PCB2L336P__seed_8_1763344785
4796416,1-Training-Losses/approx_kl,9.143646457232535e-05,Pong1PCB2L336P__seed_8_1763344785
4800512,1-Training-Losses/approx_kl,3.519580059219152e-05,Pong1PCB2L336P__seed_8_1763344785
4804608,1-Training-Losses/approx_kl,8.27723415568471e-05,Pong1PCB2L336P__seed_8_1763344785
4808704,1-Training-Losses/approx_kl,4.14201058447361e-05,Pong1PCB2L336P__seed_8_1763344785
4812800,1-Training-Losses/approx_kl,5.2235074690543115e-05,Pong1PCB2L336P__seed_8_1763344785
4816896,1-Training-Losses/approx_kl,3.0517578125e-05,Pong1PCB2L336P__seed_8_1763344785
4820992,1-Training-Losses/approx_kl,1.019761839415878e-05,Pong1PCB2L336P__seed_8_1763344785
4825088,1-Training-Losses/approx_kl,2.5082874344661832e-05,Pong1PCB2L336P__seed_8_1763344785
4829184,1-Training-Losses/approx_kl,1.4670091331936419e-05,Pong1PCB2L336P__seed_8_1763344785
4833280,1-Training-Losses/approx_kl,1.6974852769635618e-05,Pong1PCB2L336P__seed_8_1763344785
4837376,1-Training-Losses/approx_kl,4.846169031225145e-05,Pong1PCB2L336P__seed_8_1763344785
4841472,1-Training-Losses/approx_kl,3.290090535301715e-05,Pong1PCB2L336P__seed_8_1763344785
4845568,1-Training-Losses/approx_kl,5.596123810391873e-05,Pong1PCB2L336P__seed_8_1763344785
4849664,1-Training-Losses/approx_kl,0.00013085817045066506,Pong1PCB2L336P__seed_8_1763344785
4853760,1-Training-Losses/approx_kl,0.00012503258767537773,Pong1PCB2L336P__seed_8_1763344785
4857856,1-Training-Losses/approx_kl,0.00010401390318293124,Pong1PCB2L336P__seed_8_1763344785
4861952,1-Training-Losses/approx_kl,0.0009052720852196217,Pong1PCB2L336P__seed_8_1763344785
4866048,1-Training-Losses/approx_kl,0.001146834809333086,Pong1PCB2L336P__seed_8_1763344785
4870144,1-Training-Losses/approx_kl,0.00017395871691405773,Pong1PCB2L336P__seed_8_1763344785
4874240,1-Training-Losses/approx_kl,2.4415756342932582e-05,Pong1PCB2L336P__seed_8_1763344785
4878336,1-Training-Losses/approx_kl,7.3695555329322815e-06,Pong1PCB2L336P__seed_8_1763344785
4882432,1-Training-Losses/approx_kl,0.0006706488202326,Pong1PCB2L336P__seed_8_1763344785
4886528,1-Training-Losses/approx_kl,0.00046998338075354695,Pong1PCB2L336P__seed_8_1763344785
4890624,1-Training-Losses/approx_kl,0.00025555744650773704,Pong1PCB2L336P__seed_8_1763344785
4894720,1-Training-Losses/approx_kl,0.00012153064017184079,Pong1PCB2L336P__seed_8_1763344785
4898816,1-Training-Losses/approx_kl,7.25894351489842e-05,Pong1PCB2L336P__seed_8_1763344785
4902912,1-Training-Losses/approx_kl,2.4271139409393072e-06,Pong1PCB2L336P__seed_8_1763344785
4907008,1-Training-Losses/approx_kl,0.0002416326606180519,Pong1PCB2L336P__seed_8_1763344785
4911104,1-Training-Losses/approx_kl,6.095452408771962e-05,Pong1PCB2L336P__seed_8_1763344785
4915200,1-Training-Losses/approx_kl,5.7117664255201817e-05,Pong1PCB2L336P__seed_8_1763344785
4919296,1-Training-Losses/approx_kl,0.0001770468516042456,Pong1PCB2L336P__seed_8_1763344785
4923392,1-Training-Losses/approx_kl,0.00016852804401423782,Pong1PCB2L336P__seed_8_1763344785
4927488,1-Training-Losses/approx_kl,0.0002818057837430388,Pong1PCB2L336P__seed_8_1763344785
4931584,1-Training-Losses/approx_kl,0.00028983360971324146,Pong1PCB2L336P__seed_8_1763344785
4935680,1-Training-Losses/approx_kl,4.304340109229088e-06,Pong1PCB2L336P__seed_8_1763344785
4939776,1-Training-Losses/approx_kl,0.0011630799854174256,Pong1PCB2L336P__seed_8_1763344785
4943872,1-Training-Losses/approx_kl,0.0001644646399654448,Pong1PCB2L336P__seed_8_1763344785
4947968,1-Training-Losses/approx_kl,2.9229006031528115e-05,Pong1PCB2L336P__seed_8_1763344785
4952064,1-Training-Losses/approx_kl,3.610274870879948e-05,Pong1PCB2L336P__seed_8_1763344785
4956160,1-Training-Losses/approx_kl,0.00011442838876973838,Pong1PCB2L336P__seed_8_1763344785
4960256,1-Training-Losses/approx_kl,0.0001951044105226174,Pong1PCB2L336P__seed_8_1763344785
4964352,1-Training-Losses/approx_kl,3.3528704079799354e-05,Pong1PCB2L336P__seed_8_1763344785
4968448,1-Training-Losses/approx_kl,1.1784810340031981e-05,Pong1PCB2L336P__seed_8_1763344785
4972544,1-Training-Losses/approx_kl,3.566515806596726e-05,Pong1PCB2L336P__seed_8_1763344785
4976640,1-Training-Losses/approx_kl,0.0002479781396687031,Pong1PCB2L336P__seed_8_1763344785
4980736,1-Training-Losses/approx_kl,3.564202052075416e-05,Pong1PCB2L336P__seed_8_1763344785
4984832,1-Training-Losses/approx_kl,0.000145013997098431,Pong1PCB2L336P__seed_8_1763344785
4988928,1-Training-Losses/approx_kl,4.670294583775103e-05,Pong1PCB2L336P__seed_8_1763344785
4993024,1-Training-Losses/approx_kl,0.0002995950635522604,Pong1PCB2L336P__seed_8_1763344785
4997120,1-Training-Losses/approx_kl,4.594110941980034e-05,Pong1PCB2L336P__seed_8_1763344785
5001216,1-Training-Losses/approx_kl,0.00010815789573825896,Pong1PCB2L336P__seed_8_1763344785
5005312,1-Training-Losses/approx_kl,0.00023803705698810518,Pong1PCB2L336P__seed_8_1763344785
5009408,1-Training-Losses/approx_kl,0.0004546550917439163,Pong1PCB2L336P__seed_8_1763344785
5013504,1-Training-Losses/approx_kl,0.00032552247284911573,Pong1PCB2L336P__seed_8_1763344785
5017600,1-Training-Losses/approx_kl,0.0007540631340816617,Pong1PCB2L336P__seed_8_1763344785
5021696,1-Training-Losses/approx_kl,0.0007486590184271336,Pong1PCB2L336P__seed_8_1763344785
5025792,1-Training-Losses/approx_kl,0.00014172149531077594,Pong1PCB2L336P__seed_8_1763344785
5029888,1-Training-Losses/approx_kl,0.0002170488442061469,Pong1PCB2L336P__seed_8_1763344785
5033984,1-Training-Losses/approx_kl,0.0002813989412970841,Pong1PCB2L336P__seed_8_1763344785
5038080,1-Training-Losses/approx_kl,7.844658102840185e-05,Pong1PCB2L336P__seed_8_1763344785
5042176,1-Training-Losses/approx_kl,0.0001998344378080219,Pong1PCB2L336P__seed_8_1763344785
5046272,1-Training-Losses/approx_kl,0.00022266674204729497,Pong1PCB2L336P__seed_8_1763344785
5050368,1-Training-Losses/approx_kl,0.0002258833555970341,Pong1PCB2L336P__seed_8_1763344785
5054464,1-Training-Losses/approx_kl,1.2893331586383283e-05,Pong1PCB2L336P__seed_8_1763344785
5058560,1-Training-Losses/approx_kl,1.1922587873414159e-05,Pong1PCB2L336P__seed_8_1763344785
5062656,1-Training-Losses/approx_kl,1.7687780200503767e-05,Pong1PCB2L336P__seed_8_1763344785
5066752,1-Training-Losses/approx_kl,2.5138549972325563e-05,Pong1PCB2L336P__seed_8_1763344785
5070848,1-Training-Losses/approx_kl,1.2316799256950617e-05,Pong1PCB2L336P__seed_8_1763344785
5074944,1-Training-Losses/approx_kl,1.0344534530304372e-05,Pong1PCB2L336P__seed_8_1763344785
5079040,1-Training-Losses/approx_kl,5.568261258304119e-06,Pong1PCB2L336P__seed_8_1763344785
5083136,1-Training-Losses/approx_kl,4.5932087232358754e-05,Pong1PCB2L336P__seed_8_1763344785
5087232,1-Training-Losses/approx_kl,0.00021945149637758732,Pong1PCB2L336P__seed_8_1763344785
5091328,1-Training-Losses/approx_kl,0.00017478941299486905,Pong1PCB2L336P__seed_8_1763344785
5095424,1-Training-Losses/approx_kl,0.00012051181693095714,Pong1PCB2L336P__seed_8_1763344785
5099520,1-Training-Losses/approx_kl,0.00020563442376442254,Pong1PCB2L336P__seed_8_1763344785
5103616,1-Training-Losses/approx_kl,0.0011790485586971045,Pong1PCB2L336P__seed_8_1763344785
5107712,1-Training-Losses/approx_kl,0.0002667427179403603,Pong1PCB2L336P__seed_8_1763344785
5111808,1-Training-Losses/approx_kl,3.554952854756266e-05,Pong1PCB2L336P__seed_8_1763344785
5115904,1-Training-Losses/approx_kl,5.4882882977835834e-05,Pong1PCB2L336P__seed_8_1763344785
5120000,1-Training-Losses/approx_kl,3.892902168445289e-05,Pong1PCB2L336P__seed_8_1763344785
5124096,1-Training-Losses/approx_kl,0.00029031402664259076,Pong1PCB2L336P__seed_8_1763344785
5128192,1-Training-Losses/approx_kl,0.00044644385343417525,Pong1PCB2L336P__seed_8_1763344785
5132288,1-Training-Losses/approx_kl,0.00013652705820277333,Pong1PCB2L336P__seed_8_1763344785
5136384,1-Training-Losses/approx_kl,8.171961235348135e-05,Pong1PCB2L336P__seed_8_1763344785
5140480,1-Training-Losses/approx_kl,0.0003229423600714654,Pong1PCB2L336P__seed_8_1763344785
5144576,1-Training-Losses/approx_kl,0.0004337125865276903,Pong1PCB2L336P__seed_8_1763344785
5148672,1-Training-Losses/approx_kl,6.327260052785277e-05,Pong1PCB2L336P__seed_8_1763344785
5152768,1-Training-Losses/approx_kl,0.00016244608559645712,Pong1PCB2L336P__seed_8_1763344785
5156864,1-Training-Losses/approx_kl,0.0012836732203140855,Pong1PCB2L336P__seed_8_1763344785
5160960,1-Training-Losses/approx_kl,0.0010287156328558922,Pong1PCB2L336P__seed_8_1763344785
5165056,1-Training-Losses/approx_kl,0.0007151747704483569,Pong1PCB2L336P__seed_8_1763344785
5169152,1-Training-Losses/approx_kl,0.000889916904270649,Pong1PCB2L336P__seed_8_1763344785
5173248,1-Training-Losses/approx_kl,0.0003106718068011105,Pong1PCB2L336P__seed_8_1763344785
5177344,1-Training-Losses/approx_kl,2.7453002985566854e-05,Pong1PCB2L336P__seed_8_1763344785
5181440,1-Training-Losses/approx_kl,2.613039396237582e-05,Pong1PCB2L336P__seed_8_1763344785
5185536,1-Training-Losses/approx_kl,0.00017688253137748688,Pong1PCB2L336P__seed_8_1763344785
5189632,1-Training-Losses/approx_kl,0.0004267392214387655,Pong1PCB2L336P__seed_8_1763344785
5193728,1-Training-Losses/approx_kl,8.881140092853457e-05,Pong1PCB2L336P__seed_8_1763344785
5197824,1-Training-Losses/approx_kl,4.981480014976114e-05,Pong1PCB2L336P__seed_8_1763344785
5201920,1-Training-Losses/approx_kl,4.862406058236957e-06,Pong1PCB2L336P__seed_8_1763344785
5206016,1-Training-Losses/approx_kl,1.5892903320491314e-05,Pong1PCB2L336P__seed_8_1763344785
5210112,1-Training-Losses/approx_kl,7.86477467045188e-05,Pong1PCB2L336P__seed_8_1763344785
5214208,1-Training-Losses/approx_kl,3.648981510195881e-05,Pong1PCB2L336P__seed_8_1763344785
5218304,1-Training-Losses/approx_kl,0.00033197231823578477,Pong1PCB2L336P__seed_8_1763344785
5222400,1-Training-Losses/approx_kl,0.0003327426966279745,Pong1PCB2L336P__seed_8_1763344785
5226496,1-Training-Losses/approx_kl,3.45679436577484e-05,Pong1PCB2L336P__seed_8_1763344785
5230592,1-Training-Losses/approx_kl,0.0005130250938236713,Pong1PCB2L336P__seed_8_1763344785
5234688,1-Training-Losses/approx_kl,0.0009402197320014238,Pong1PCB2L336P__seed_8_1763344785
5238784,1-Training-Losses/approx_kl,0.00012450404756236821,Pong1PCB2L336P__seed_8_1763344785
5242880,1-Training-Losses/approx_kl,7.671430648770183e-05,Pong1PCB2L336P__seed_8_1763344785
5246976,1-Training-Losses/approx_kl,7.322127930819988e-05,Pong1PCB2L336P__seed_8_1763344785
5251072,1-Training-Losses/approx_kl,0.0001126877759816125,Pong1PCB2L336P__seed_8_1763344785
5255168,1-Training-Losses/approx_kl,0.0001416804880136624,Pong1PCB2L336P__seed_8_1763344785
5259264,1-Training-Losses/approx_kl,2.2913533030077815e-05,Pong1PCB2L336P__seed_8_1763344785
5263360,1-Training-Losses/approx_kl,1.9800718291662633e-05,Pong1PCB2L336P__seed_8_1763344785
5267456,1-Training-Losses/approx_kl,2.1782994735985994e-05,Pong1PCB2L336P__seed_8_1763344785
5271552,1-Training-Losses/approx_kl,6.194846355356276e-05,Pong1PCB2L336P__seed_8_1763344785
5275648,1-Training-Losses/approx_kl,5.892958142794669e-05,Pong1PCB2L336P__seed_8_1763344785
5279744,1-Training-Losses/approx_kl,2.004079578910023e-05,Pong1PCB2L336P__seed_8_1763344785
5283840,1-Training-Losses/approx_kl,4.201674892101437e-05,Pong1PCB2L336P__seed_8_1763344785
5287936,1-Training-Losses/approx_kl,6.502169708255678e-05,Pong1PCB2L336P__seed_8_1763344785
5292032,1-Training-Losses/approx_kl,0.00010761733574327081,Pong1PCB2L336P__seed_8_1763344785
5296128,1-Training-Losses/approx_kl,9.374762885272503e-05,Pong1PCB2L336P__seed_8_1763344785
5300224,1-Training-Losses/approx_kl,3.242242382839322e-05,Pong1PCB2L336P__seed_8_1763344785
5304320,1-Training-Losses/approx_kl,3.6439974792301655e-05,Pong1PCB2L336P__seed_8_1763344785
5308416,1-Training-Losses/approx_kl,0.0002294713631272316,Pong1PCB2L336P__seed_8_1763344785
5312512,1-Training-Losses/approx_kl,1.2380332918837667e-05,Pong1PCB2L336P__seed_8_1763344785
5316608,1-Training-Losses/approx_kl,0.00021291954908519983,Pong1PCB2L336P__seed_8_1763344785
5320704,1-Training-Losses/approx_kl,0.00024240034690592438,Pong1PCB2L336P__seed_8_1763344785
5324800,1-Training-Losses/approx_kl,7.115567859727889e-05,Pong1PCB2L336P__seed_8_1763344785
5328896,1-Training-Losses/approx_kl,2.2180320229381323e-06,Pong1PCB2L336P__seed_8_1763344785
5332992,1-Training-Losses/approx_kl,6.655813194811344e-06,Pong1PCB2L336P__seed_8_1763344785
5337088,1-Training-Losses/approx_kl,2.500652044545859e-05,Pong1PCB2L336P__seed_8_1763344785
5341184,1-Training-Losses/approx_kl,9.806732123252004e-05,Pong1PCB2L336P__seed_8_1763344785
5345280,1-Training-Losses/approx_kl,6.89564913045615e-05,Pong1PCB2L336P__seed_8_1763344785
5349376,1-Training-Losses/approx_kl,4.929513670504093e-05,Pong1PCB2L336P__seed_8_1763344785
5353472,1-Training-Losses/approx_kl,9.341936674900353e-06,Pong1PCB2L336P__seed_8_1763344785
5357568,1-Training-Losses/approx_kl,1.9331113435328007e-05,Pong1PCB2L336P__seed_8_1763344785
5361664,1-Training-Losses/approx_kl,1.776980934664607e-05,Pong1PCB2L336P__seed_8_1763344785
5365760,1-Training-Losses/approx_kl,9.83470818027854e-06,Pong1PCB2L336P__seed_8_1763344785
5369856,1-Training-Losses/approx_kl,4.164467100054026e-06,Pong1PCB2L336P__seed_8_1763344785
5373952,1-Training-Losses/approx_kl,2.8487222152762115e-05,Pong1PCB2L336P__seed_8_1763344785
5378048,1-Training-Losses/approx_kl,0.00012324255658313632,Pong1PCB2L336P__seed_8_1763344785
5382144,1-Training-Losses/approx_kl,0.00014950679906178266,Pong1PCB2L336P__seed_8_1763344785
5386240,1-Training-Losses/approx_kl,0.00016617820074316114,Pong1PCB2L336P__seed_8_1763344785
5390336,1-Training-Losses/approx_kl,0.0002587888156995177,Pong1PCB2L336P__seed_8_1763344785
5394432,1-Training-Losses/approx_kl,8.31437500892207e-05,Pong1PCB2L336P__seed_8_1763344785
5398528,1-Training-Losses/approx_kl,4.1499442886561155e-05,Pong1PCB2L336P__seed_8_1763344785
5402624,1-Training-Losses/approx_kl,4.910698044113815e-05,Pong1PCB2L336P__seed_8_1763344785
5406720,1-Training-Losses/approx_kl,1.3400058378465474e-05,Pong1PCB2L336P__seed_8_1763344785
5410816,1-Training-Losses/approx_kl,1.9137150957249105e-05,Pong1PCB2L336P__seed_8_1763344785
5414912,1-Training-Losses/approx_kl,0.00012403757136780769,Pong1PCB2L336P__seed_8_1763344785
5419008,1-Training-Losses/approx_kl,1.0751697118394077e-05,Pong1PCB2L336P__seed_8_1763344785
5423104,1-Training-Losses/approx_kl,1.2591903214342892e-05,Pong1PCB2L336P__seed_8_1763344785
5427200,1-Training-Losses/approx_kl,0.00010680381092242897,Pong1PCB2L336P__seed_8_1763344785
5431296,1-Training-Losses/approx_kl,0.00036109131178818643,Pong1PCB2L336P__seed_8_1763344785
5435392,1-Training-Losses/approx_kl,0.0002570462238509208,Pong1PCB2L336P__seed_8_1763344785
5439488,1-Training-Losses/approx_kl,4.657443787436932e-05,Pong1PCB2L336P__seed_8_1763344785
5443584,1-Training-Losses/approx_kl,1.8647537217475474e-05,Pong1PCB2L336P__seed_8_1763344785
5447680,1-Training-Losses/approx_kl,2.7744652470573783e-05,Pong1PCB2L336P__seed_8_1763344785
5451776,1-Training-Losses/approx_kl,0.00018243987869936973,Pong1PCB2L336P__seed_8_1763344785
5455872,1-Training-Losses/approx_kl,0.00048012996558099985,Pong1PCB2L336P__seed_8_1763344785
5459968,1-Training-Losses/approx_kl,3.7223813706077635e-05,Pong1PCB2L336P__seed_8_1763344785
5464064,1-Training-Losses/approx_kl,4.877835453953594e-05,Pong1PCB2L336P__seed_8_1763344785
5468160,1-Training-Losses/approx_kl,1.4138699043542147e-05,Pong1PCB2L336P__seed_8_1763344785
5472256,1-Training-Losses/approx_kl,0.00021434601512737572,Pong1PCB2L336P__seed_8_1763344785
5476352,1-Training-Losses/approx_kl,5.214646807871759e-05,Pong1PCB2L336P__seed_8_1763344785
5480448,1-Training-Losses/approx_kl,4.4157946831546724e-05,Pong1PCB2L336P__seed_8_1763344785
5484544,1-Training-Losses/approx_kl,3.4364493330940604e-06,Pong1PCB2L336P__seed_8_1763344785
5488640,1-Training-Losses/approx_kl,8.89116054167971e-05,Pong1PCB2L336P__seed_8_1763344785
5492736,1-Training-Losses/approx_kl,2.4443084839731455e-05,Pong1PCB2L336P__seed_8_1763344785
5496832,1-Training-Losses/approx_kl,2.289764233864844e-05,Pong1PCB2L336P__seed_8_1763344785
5500928,1-Training-Losses/approx_kl,3.092014230787754e-05,Pong1PCB2L336P__seed_8_1763344785
5505024,1-Training-Losses/approx_kl,5.257592420093715e-06,Pong1PCB2L336P__seed_8_1763344785
5509120,1-Training-Losses/approx_kl,1.7313475836999714e-05,Pong1PCB2L336P__seed_8_1763344785
5513216,1-Training-Losses/approx_kl,5.5590717238374054e-05,Pong1PCB2L336P__seed_8_1763344785
5517312,1-Training-Losses/approx_kl,5.9637619415298104e-05,Pong1PCB2L336P__seed_8_1763344785
5521408,1-Training-Losses/approx_kl,0.00011221283057238907,Pong1PCB2L336P__seed_8_1763344785
5525504,1-Training-Losses/approx_kl,1.059564237948507e-05,Pong1PCB2L336P__seed_8_1763344785
5529600,1-Training-Losses/approx_kl,0.00011332743451930583,Pong1PCB2L336P__seed_8_1763344785
5533696,1-Training-Losses/approx_kl,6.553542334586382e-05,Pong1PCB2L336P__seed_8_1763344785
5537792,1-Training-Losses/approx_kl,6.349172326736152e-05,Pong1PCB2L336P__seed_8_1763344785
5541888,1-Training-Losses/approx_kl,2.7006608434021473e-06,Pong1PCB2L336P__seed_8_1763344785
5545984,1-Training-Losses/approx_kl,6.856060645077378e-05,Pong1PCB2L336P__seed_8_1763344785
5550080,1-Training-Losses/approx_kl,4.57061396446079e-05,Pong1PCB2L336P__seed_8_1763344785
5554176,1-Training-Losses/approx_kl,1.951471494976431e-05,Pong1PCB2L336P__seed_8_1763344785
5558272,1-Training-Losses/approx_kl,8.807115955278277e-05,Pong1PCB2L336P__seed_8_1763344785
5562368,1-Training-Losses/approx_kl,0.0002254211576655507,Pong1PCB2L336P__seed_8_1763344785
5566464,1-Training-Losses/approx_kl,8.360471110790968e-05,Pong1PCB2L336P__seed_8_1763344785
5570560,1-Training-Losses/approx_kl,0.00026821804931387305,Pong1PCB2L336P__seed_8_1763344785
5574656,1-Training-Losses/approx_kl,0.00036011257907375693,Pong1PCB2L336P__seed_8_1763344785
5578752,1-Training-Losses/approx_kl,0.00011772009020205587,Pong1PCB2L336P__seed_8_1763344785
5582848,1-Training-Losses/approx_kl,7.92942737461999e-05,Pong1PCB2L336P__seed_8_1763344785
5586944,1-Training-Losses/approx_kl,2.553206286393106e-06,Pong1PCB2L336P__seed_8_1763344785
5591040,1-Training-Losses/approx_kl,2.7973874239251018e-05,Pong1PCB2L336P__seed_8_1763344785
5595136,1-Training-Losses/approx_kl,1.267416519112885e-05,Pong1PCB2L336P__seed_8_1763344785
5599232,1-Training-Losses/approx_kl,3.346496669109911e-05,Pong1PCB2L336P__seed_8_1763344785
5603328,1-Training-Losses/approx_kl,3.0554219847545028e-06,Pong1PCB2L336P__seed_8_1763344785
5607424,1-Training-Losses/approx_kl,5.042660632170737e-06,Pong1PCB2L336P__seed_8_1763344785
5611520,1-Training-Losses/approx_kl,5.863461410626769e-05,Pong1PCB2L336P__seed_8_1763344785
5615616,1-Training-Losses/approx_kl,0.00022772849479224533,Pong1PCB2L336P__seed_8_1763344785
5619712,1-Training-Losses/approx_kl,0.0006462680175900459,Pong1PCB2L336P__seed_8_1763344785
5623808,1-Training-Losses/approx_kl,0.00022862674086354673,Pong1PCB2L336P__seed_8_1763344785
5627904,1-Training-Losses/approx_kl,0.00010244119039271027,Pong1PCB2L336P__seed_8_1763344785
5632000,1-Training-Losses/approx_kl,6.347341695800424e-06,Pong1PCB2L336P__seed_8_1763344785
5636096,1-Training-Losses/approx_kl,0.00032859796192497015,Pong1PCB2L336P__seed_8_1763344785
5640192,1-Training-Losses/approx_kl,0.0011345971142873168,Pong1PCB2L336P__seed_8_1763344785
5644288,1-Training-Losses/approx_kl,0.0008723080391064286,Pong1PCB2L336P__seed_8_1763344785
5648384,1-Training-Losses/approx_kl,0.0008396927732974291,Pong1PCB2L336P__seed_8_1763344785
5652480,1-Training-Losses/approx_kl,0.000640559708699584,Pong1PCB2L336P__seed_8_1763344785
5656576,1-Training-Losses/approx_kl,0.0004223888972774148,Pong1PCB2L336P__seed_8_1763344785
5660672,1-Training-Losses/approx_kl,0.00015976942086126655,Pong1PCB2L336P__seed_8_1763344785
5664768,1-Training-Losses/approx_kl,6.001918518450111e-05,Pong1PCB2L336P__seed_8_1763344785
5668864,1-Training-Losses/approx_kl,0.00023918008082546294,Pong1PCB2L336P__seed_8_1763344785
5672960,1-Training-Losses/approx_kl,0.0014531196793541312,Pong1PCB2L336P__seed_8_1763344785
5677056,1-Training-Losses/approx_kl,0.0008232432883232832,Pong1PCB2L336P__seed_8_1763344785
5681152,1-Training-Losses/approx_kl,0.000367798435036093,Pong1PCB2L336P__seed_8_1763344785
5685248,1-Training-Losses/approx_kl,1.2192642316222191e-05,Pong1PCB2L336P__seed_8_1763344785
5689344,1-Training-Losses/approx_kl,0.00019986611732747406,Pong1PCB2L336P__seed_8_1763344785
5693440,1-Training-Losses/approx_kl,0.000683040707372129,Pong1PCB2L336P__seed_8_1763344785
5697536,1-Training-Losses/approx_kl,0.0003601673524826765,Pong1PCB2L336P__seed_8_1763344785
5701632,1-Training-Losses/approx_kl,0.00013290935021359473,Pong1PCB2L336P__seed_8_1763344785
5705728,1-Training-Losses/approx_kl,4.550110315904021e-05,Pong1PCB2L336P__seed_8_1763344785
5709824,1-Training-Losses/approx_kl,0.00014685638598166406,Pong1PCB2L336P__seed_8_1763344785
5713920,1-Training-Losses/approx_kl,0.0006405318272300065,Pong1PCB2L336P__seed_8_1763344785
5718016,1-Training-Losses/approx_kl,0.0007559431251138449,Pong1PCB2L336P__seed_8_1763344785
5722112,1-Training-Losses/approx_kl,0.0001374963321723044,Pong1PCB2L336P__seed_8_1763344785
5726208,1-Training-Losses/approx_kl,3.3605319913476706e-05,Pong1PCB2L336P__seed_8_1763344785
5730304,1-Training-Losses/approx_kl,6.4424893935211e-05,Pong1PCB2L336P__seed_8_1763344785
5734400,1-Training-Losses/approx_kl,0.00014502483827527612,Pong1PCB2L336P__seed_8_1763344785
5738496,1-Training-Losses/approx_kl,0.00032721954630687833,Pong1PCB2L336P__seed_8_1763344785
5742592,1-Training-Losses/approx_kl,0.0002899320097640157,Pong1PCB2L336P__seed_8_1763344785
5746688,1-Training-Losses/approx_kl,5.553157825488597e-05,Pong1PCB2L336P__seed_8_1763344785
5750784,1-Training-Losses/approx_kl,0.0001746060443110764,Pong1PCB2L336P__seed_8_1763344785
5754880,1-Training-Losses/approx_kl,8.99024453246966e-05,Pong1PCB2L336P__seed_8_1763344785
5758976,1-Training-Losses/approx_kl,3.432066296227276e-05,Pong1PCB2L336P__seed_8_1763344785
5763072,1-Training-Losses/approx_kl,2.038659295067191e-05,Pong1PCB2L336P__seed_8_1763344785
5767168,1-Training-Losses/approx_kl,4.867624375037849e-05,Pong1PCB2L336P__seed_8_1763344785
5771264,1-Training-Losses/approx_kl,1.1434749467298388e-05,Pong1PCB2L336P__seed_8_1763344785
5775360,1-Training-Losses/approx_kl,0.0003356444649398327,Pong1PCB2L336P__seed_8_1763344785
5779456,1-Training-Losses/approx_kl,0.0005165639449842274,Pong1PCB2L336P__seed_8_1763344785
5783552,1-Training-Losses/approx_kl,0.0001483212545281276,Pong1PCB2L336P__seed_8_1763344785
5787648,1-Training-Losses/approx_kl,2.846436109393835e-05,Pong1PCB2L336P__seed_8_1763344785
5791744,1-Training-Losses/approx_kl,0.00010415304859634489,Pong1PCB2L336P__seed_8_1763344785
5795840,1-Training-Losses/approx_kl,5.775436875410378e-06,Pong1PCB2L336P__seed_8_1763344785
5799936,1-Training-Losses/approx_kl,9.893831156659871e-05,Pong1PCB2L336P__seed_8_1763344785
5804032,1-Training-Losses/approx_kl,0.0003676388878375292,Pong1PCB2L336P__seed_8_1763344785
5808128,1-Training-Losses/approx_kl,0.00010402202315162867,Pong1PCB2L336P__seed_8_1763344785
5812224,1-Training-Losses/approx_kl,0.00016092004079837352,Pong1PCB2L336P__seed_8_1763344785
5816320,1-Training-Losses/approx_kl,0.0002446351863909513,Pong1PCB2L336P__seed_8_1763344785
5820416,1-Training-Losses/approx_kl,0.00018889721832238138,Pong1PCB2L336P__seed_8_1763344785
5824512,1-Training-Losses/approx_kl,1.5981029719114304e-05,Pong1PCB2L336P__seed_8_1763344785
5828608,1-Training-Losses/approx_kl,0.0002468936436343938,Pong1PCB2L336P__seed_8_1763344785
5832704,1-Training-Losses/approx_kl,2.310622949153185e-05,Pong1PCB2L336P__seed_8_1763344785
5836800,1-Training-Losses/approx_kl,9.421522554475814e-05,Pong1PCB2L336P__seed_8_1763344785
5840896,1-Training-Losses/approx_kl,3.845173341687769e-05,Pong1PCB2L336P__seed_8_1763344785
5844992,1-Training-Losses/approx_kl,2.89497256744653e-06,Pong1PCB2L336P__seed_8_1763344785
5849088,1-Training-Losses/approx_kl,1.5759345842525363e-05,Pong1PCB2L336P__seed_8_1763344785
5853184,1-Training-Losses/approx_kl,2.4884764570742846e-05,Pong1PCB2L336P__seed_8_1763344785
5857280,1-Training-Losses/approx_kl,5.775259342044592e-05,Pong1PCB2L336P__seed_8_1763344785
5861376,1-Training-Losses/approx_kl,0.000268607574980706,Pong1PCB2L336P__seed_8_1763344785
5865472,1-Training-Losses/approx_kl,0.0003232863964512944,Pong1PCB2L336P__seed_8_1763344785
5869568,1-Training-Losses/approx_kl,6.990878318902105e-05,Pong1PCB2L336P__seed_8_1763344785
5873664,1-Training-Losses/approx_kl,1.9157916540279984e-05,Pong1PCB2L336P__seed_8_1763344785
5877760,1-Training-Losses/approx_kl,3.94620728911832e-05,Pong1PCB2L336P__seed_8_1763344785
5881856,1-Training-Losses/approx_kl,7.191069016698748e-05,Pong1PCB2L336P__seed_8_1763344785
5885952,1-Training-Losses/approx_kl,4.120083758607507e-06,Pong1PCB2L336P__seed_8_1763344785
5890048,1-Training-Losses/approx_kl,8.309284748975188e-05,Pong1PCB2L336P__seed_8_1763344785
5894144,1-Training-Losses/approx_kl,0.0002450032625347376,Pong1PCB2L336P__seed_8_1763344785
5898240,1-Training-Losses/approx_kl,0.00020798444165848196,Pong1PCB2L336P__seed_8_1763344785
5902336,1-Training-Losses/approx_kl,0.00015294751210603863,Pong1PCB2L336P__seed_8_1763344785
5906432,1-Training-Losses/approx_kl,0.00011551601346582174,Pong1PCB2L336P__seed_8_1763344785
5910528,1-Training-Losses/approx_kl,4.205940058454871e-05,Pong1PCB2L336P__seed_8_1763344785
5914624,1-Training-Losses/approx_kl,1.345782948192209e-05,Pong1PCB2L336P__seed_8_1763344785
5918720,1-Training-Losses/approx_kl,2.6567213353700936e-05,Pong1PCB2L336P__seed_8_1763344785
5922816,1-Training-Losses/approx_kl,1.5161655028350651e-05,Pong1PCB2L336P__seed_8_1763344785
5926912,1-Training-Losses/approx_kl,4.347952199168503e-06,Pong1PCB2L336P__seed_8_1763344785
5931008,1-Training-Losses/approx_kl,3.835825191345066e-05,Pong1PCB2L336P__seed_8_1763344785
5935104,1-Training-Losses/approx_kl,0.0001354921405436471,Pong1PCB2L336P__seed_8_1763344785
5939200,1-Training-Losses/approx_kl,7.694668602198362e-05,Pong1PCB2L336P__seed_8_1763344785
5943296,1-Training-Losses/approx_kl,5.5743163102306426e-05,Pong1PCB2L336P__seed_8_1763344785
5947392,1-Training-Losses/approx_kl,7.00382370268926e-05,Pong1PCB2L336P__seed_8_1763344785
5951488,1-Training-Losses/approx_kl,1.239428820554167e-05,Pong1PCB2L336P__seed_8_1763344785
5955584,1-Training-Losses/approx_kl,8.663817425258458e-06,Pong1PCB2L336P__seed_8_1763344785
5959680,1-Training-Losses/approx_kl,6.504649354610592e-05,Pong1PCB2L336P__seed_8_1763344785
5963776,1-Training-Losses/approx_kl,0.0003431223158258945,Pong1PCB2L336P__seed_8_1763344785
5967872,1-Training-Losses/approx_kl,0.0007899926858954132,Pong1PCB2L336P__seed_8_1763344785
5971968,1-Training-Losses/approx_kl,0.0012597235618159175,Pong1PCB2L336P__seed_8_1763344785
5976064,1-Training-Losses/approx_kl,0.0002539245178923011,Pong1PCB2L336P__seed_8_1763344785
5980160,1-Training-Losses/approx_kl,2.1768297301605344e-05,Pong1PCB2L336P__seed_8_1763344785
5984256,1-Training-Losses/approx_kl,3.368324541952461e-05,Pong1PCB2L336P__seed_8_1763344785
5988352,1-Training-Losses/approx_kl,0.00015833879297133535,Pong1PCB2L336P__seed_8_1763344785
5992448,1-Training-Losses/approx_kl,0.00018642806389834732,Pong1PCB2L336P__seed_8_1763344785
5996544,1-Training-Losses/approx_kl,8.832517778500915e-06,Pong1PCB2L336P__seed_8_1763344785
6000640,1-Training-Losses/approx_kl,0.00023107684683054686,Pong1PCB2L336P__seed_8_1763344785
6004736,1-Training-Losses/approx_kl,0.00022546567197423428,Pong1PCB2L336P__seed_8_1763344785
6008832,1-Training-Losses/approx_kl,7.195951184257865e-06,Pong1PCB2L336P__seed_8_1763344785
6012928,1-Training-Losses/approx_kl,4.945177352055907e-06,Pong1PCB2L336P__seed_8_1763344785
6017024,1-Training-Losses/approx_kl,8.215050911530852e-06,Pong1PCB2L336P__seed_8_1763344785
6021120,1-Training-Losses/approx_kl,6.414092786144465e-05,Pong1PCB2L336P__seed_8_1763344785
6025216,1-Training-Losses/approx_kl,0.00022079299378674477,Pong1PCB2L336P__seed_8_1763344785
6029312,1-Training-Losses/approx_kl,0.00013397212023846805,Pong1PCB2L336P__seed_8_1763344785
6033408,1-Training-Losses/approx_kl,2.703658537939191e-06,Pong1PCB2L336P__seed_8_1763344785
6037504,1-Training-Losses/approx_kl,0.00015869917115196586,Pong1PCB2L336P__seed_8_1763344785
6041600,1-Training-Losses/approx_kl,0.00015864288434386253,Pong1PCB2L336P__seed_8_1763344785
6045696,1-Training-Losses/approx_kl,0.0001238334662048146,Pong1PCB2L336P__seed_8_1763344785
6049792,1-Training-Losses/approx_kl,3.25672299368307e-05,Pong1PCB2L336P__seed_8_1763344785
6053888,1-Training-Losses/approx_kl,0.0002277991152368486,Pong1PCB2L336P__seed_8_1763344785
6057984,1-Training-Losses/approx_kl,0.00024301407393068075,Pong1PCB2L336P__seed_8_1763344785
6062080,1-Training-Losses/approx_kl,0.0002496526576578617,Pong1PCB2L336P__seed_8_1763344785
6066176,1-Training-Losses/approx_kl,0.00014823247329331934,Pong1PCB2L336P__seed_8_1763344785
6070272,1-Training-Losses/approx_kl,0.0002095882809953764,Pong1PCB2L336P__seed_8_1763344785
6074368,1-Training-Losses/approx_kl,2.8314534574747086e-06,Pong1PCB2L336P__seed_8_1763344785
6078464,1-Training-Losses/approx_kl,0.00017985072918236256,Pong1PCB2L336P__seed_8_1763344785
6082560,1-Training-Losses/approx_kl,0.0003478291037026793,Pong1PCB2L336P__seed_8_1763344785
6086656,1-Training-Losses/approx_kl,0.00041421479545533657,Pong1PCB2L336P__seed_8_1763344785
6090752,1-Training-Losses/approx_kl,9.945132478605956e-05,Pong1PCB2L336P__seed_8_1763344785
6094848,1-Training-Losses/approx_kl,6.79494405630976e-06,Pong1PCB2L336P__seed_8_1763344785
6098944,1-Training-Losses/approx_kl,2.3516593500971794e-05,Pong1PCB2L336P__seed_8_1763344785
6103040,1-Training-Losses/approx_kl,0.00020568715990521014,Pong1PCB2L336P__seed_8_1763344785
6107136,1-Training-Losses/approx_kl,0.00017969026521313936,Pong1PCB2L336P__seed_8_1763344785
6111232,1-Training-Losses/approx_kl,2.9963732231408358e-05,Pong1PCB2L336P__seed_8_1763344785
6115328,1-Training-Losses/approx_kl,1.1883443221449852e-05,Pong1PCB2L336P__seed_8_1763344785
6119424,1-Training-Losses/approx_kl,6.725838466081768e-05,Pong1PCB2L336P__seed_8_1763344785
6123520,1-Training-Losses/approx_kl,0.00020992667123209685,Pong1PCB2L336P__seed_8_1763344785
6127616,1-Training-Losses/approx_kl,8.559811976738274e-05,Pong1PCB2L336P__seed_8_1763344785
6131712,1-Training-Losses/approx_kl,1.8357241060584784e-05,Pong1PCB2L336P__seed_8_1763344785
6135808,1-Training-Losses/approx_kl,0.000214287472772412,Pong1PCB2L336P__seed_8_1763344785
6139904,1-Training-Losses/approx_kl,5.452660843729973e-06,Pong1PCB2L336P__seed_8_1763344785
6144000,1-Training-Losses/approx_kl,0.0002819077344611287,Pong1PCB2L336P__seed_8_1763344785
6148096,1-Training-Losses/approx_kl,0.00029760022880509496,Pong1PCB2L336P__seed_8_1763344785
6152192,1-Training-Losses/approx_kl,4.2980973375961185e-05,Pong1PCB2L336P__seed_8_1763344785
6156288,1-Training-Losses/approx_kl,2.820462395902723e-05,Pong1PCB2L336P__seed_8_1763344785
6160384,1-Training-Losses/approx_kl,7.171824108809233e-05,Pong1PCB2L336P__seed_8_1763344785
6164480,1-Training-Losses/approx_kl,0.00010378133447375149,Pong1PCB2L336P__seed_8_1763344785
6168576,1-Training-Losses/approx_kl,0.00011669759987853467,Pong1PCB2L336P__seed_8_1763344785
6172672,1-Training-Losses/approx_kl,0.00016093847807496786,Pong1PCB2L336P__seed_8_1763344785
6176768,1-Training-Losses/approx_kl,7.774248661007732e-05,Pong1PCB2L336P__seed_8_1763344785
6180864,1-Training-Losses/approx_kl,1.5524608897976577e-05,Pong1PCB2L336P__seed_8_1763344785
6184960,1-Training-Losses/approx_kl,3.848958294838667e-05,Pong1PCB2L336P__seed_8_1763344785
6189056,1-Training-Losses/approx_kl,6.268906872719526e-06,Pong1PCB2L336P__seed_8_1763344785
6193152,1-Training-Losses/approx_kl,8.724688086658716e-06,Pong1PCB2L336P__seed_8_1763344785
6197248,1-Training-Losses/approx_kl,6.634116289205849e-06,Pong1PCB2L336P__seed_8_1763344785
6201344,1-Training-Losses/approx_kl,2.4489607312716544e-05,Pong1PCB2L336P__seed_8_1763344785
6205440,1-Training-Losses/approx_kl,8.246744982898235e-06,Pong1PCB2L336P__seed_8_1763344785
6209536,1-Training-Losses/approx_kl,3.291569009888917e-05,Pong1PCB2L336P__seed_8_1763344785
6213632,1-Training-Losses/approx_kl,5.385110853239894e-06,Pong1PCB2L336P__seed_8_1763344785
6217728,1-Training-Losses/approx_kl,1.712060475256294e-05,Pong1PCB2L336P__seed_8_1763344785
6221824,1-Training-Losses/approx_kl,6.459828000515699e-06,Pong1PCB2L336P__seed_8_1763344785
6225920,1-Training-Losses/approx_kl,3.6944111343473196e-05,Pong1PCB2L336P__seed_8_1763344785
6230016,1-Training-Losses/approx_kl,1.906082616187632e-06,Pong1PCB2L336P__seed_8_1763344785
6234112,1-Training-Losses/approx_kl,1.6523990780115128e-06,Pong1PCB2L336P__seed_8_1763344785
6238208,1-Training-Losses/approx_kl,7.124617695808411e-07,Pong1PCB2L336P__seed_8_1763344785
6242304,1-Training-Losses/approx_kl,3.7360849091783166e-05,Pong1PCB2L336P__seed_8_1763344785
6246400,1-Training-Losses/approx_kl,2.6990630431100726e-05,Pong1PCB2L336P__seed_8_1763344785
6250496,1-Training-Losses/approx_kl,0.00011927454033866525,Pong1PCB2L336P__seed_8_1763344785
6254592,1-Training-Losses/approx_kl,0.000181317183887586,Pong1PCB2L336P__seed_8_1763344785
6258688,1-Training-Losses/approx_kl,1.9793049432337284e-05,Pong1PCB2L336P__seed_8_1763344785
6262784,1-Training-Losses/approx_kl,8.158896525856107e-05,Pong1PCB2L336P__seed_8_1763344785
6266880,1-Training-Losses/approx_kl,0.0001748378563206643,Pong1PCB2L336P__seed_8_1763344785
6270976,1-Training-Losses/approx_kl,1.3463140930980444e-06,Pong1PCB2L336P__seed_8_1763344785
6275072,1-Training-Losses/approx_kl,0.00011047357111237943,Pong1PCB2L336P__seed_8_1763344785
6279168,1-Training-Losses/approx_kl,4.238823021296412e-05,Pong1PCB2L336P__seed_8_1763344785
6283264,1-Training-Losses/approx_kl,1.9272032659500837e-05,Pong1PCB2L336P__seed_8_1763344785
6287360,1-Training-Losses/approx_kl,3.150379052385688e-05,Pong1PCB2L336P__seed_8_1763344785
6291456,1-Training-Losses/approx_kl,1.586184953339398e-05,Pong1PCB2L336P__seed_8_1763344785
6295552,1-Training-Losses/approx_kl,9.354582289233804e-06,Pong1PCB2L336P__seed_8_1763344785
6299648,1-Training-Losses/approx_kl,3.928756632376462e-05,Pong1PCB2L336P__seed_8_1763344785
6303744,1-Training-Losses/approx_kl,2.3323955247178674e-06,Pong1PCB2L336P__seed_8_1763344785
6307840,1-Training-Losses/approx_kl,1.8582766642794013e-05,Pong1PCB2L336P__seed_8_1763344785
6311936,1-Training-Losses/approx_kl,1.0140342055819929e-05,Pong1PCB2L336P__seed_8_1763344785
6316032,1-Training-Losses/approx_kl,1.836777664721012e-05,Pong1PCB2L336P__seed_8_1763344785
6320128,1-Training-Losses/approx_kl,0.00010862111230380833,Pong1PCB2L336P__seed_8_1763344785
6324224,1-Training-Losses/approx_kl,8.390657603740692e-05,Pong1PCB2L336P__seed_8_1763344785
6328320,1-Training-Losses/approx_kl,7.269268098752946e-05,Pong1PCB2L336P__seed_8_1763344785
6332416,1-Training-Losses/approx_kl,0.00014377551269717515,Pong1PCB2L336P__seed_8_1763344785
6336512,1-Training-Losses/approx_kl,3.908987855538726e-05,Pong1PCB2L336P__seed_8_1763344785
6340608,1-Training-Losses/approx_kl,9.177622268907726e-05,Pong1PCB2L336P__seed_8_1763344785
6344704,1-Training-Losses/approx_kl,0.000186069417395629,Pong1PCB2L336P__seed_8_1763344785
6348800,1-Training-Losses/approx_kl,0.00023160444106906652,Pong1PCB2L336P__seed_8_1763344785
6352896,1-Training-Losses/approx_kl,0.00034428300568833947,Pong1PCB2L336P__seed_8_1763344785
6356992,1-Training-Losses/approx_kl,0.0001484378008171916,Pong1PCB2L336P__seed_8_1763344785
6361088,1-Training-Losses/approx_kl,5.051943298894912e-05,Pong1PCB2L336P__seed_8_1763344785
6365184,1-Training-Losses/approx_kl,1.7340047634206712e-05,Pong1PCB2L336P__seed_8_1763344785
6369280,1-Training-Losses/approx_kl,6.2570179579779506e-06,Pong1PCB2L336P__seed_8_1763344785
6373376,1-Training-Losses/approx_kl,0.00018171781266573817,Pong1PCB2L336P__seed_8_1763344785
6377472,1-Training-Losses/approx_kl,0.0005290242261253297,Pong1PCB2L336P__seed_8_1763344785
6381568,1-Training-Losses/approx_kl,0.0004569680313579738,Pong1PCB2L336P__seed_8_1763344785
6385664,1-Training-Losses/approx_kl,0.00043116736924275756,Pong1PCB2L336P__seed_8_1763344785
6389760,1-Training-Losses/approx_kl,0.000362987513653934,Pong1PCB2L336P__seed_8_1763344785
6393856,1-Training-Losses/approx_kl,0.0002185679186368361,Pong1PCB2L336P__seed_8_1763344785
6397952,1-Training-Losses/approx_kl,9.703224350232631e-05,Pong1PCB2L336P__seed_8_1763344785
6402048,1-Training-Losses/approx_kl,4.100274236407131e-05,Pong1PCB2L336P__seed_8_1763344785
6406144,1-Training-Losses/approx_kl,2.6272449758835137e-05,Pong1PCB2L336P__seed_8_1763344785
6410240,1-Training-Losses/approx_kl,8.321712084580213e-05,Pong1PCB2L336P__seed_8_1763344785
6414336,1-Training-Losses/approx_kl,0.00015717081259936094,Pong1PCB2L336P__seed_8_1763344785
6418432,1-Training-Losses/approx_kl,4.1204330045729876e-06,Pong1PCB2L336P__seed_8_1763344785
6422528,1-Training-Losses/approx_kl,4.973018076270819e-05,Pong1PCB2L336P__seed_8_1763344785
6426624,1-Training-Losses/approx_kl,0.0002130015636794269,Pong1PCB2L336P__seed_8_1763344785
6430720,1-Training-Losses/approx_kl,0.00010306898911949247,Pong1PCB2L336P__seed_8_1763344785
6434816,1-Training-Losses/approx_kl,0.00015253563469741493,Pong1PCB2L336P__seed_8_1763344785
6438912,1-Training-Losses/approx_kl,8.969716145657003e-05,Pong1PCB2L336P__seed_8_1763344785
6443008,1-Training-Losses/approx_kl,9.381159907206893e-05,Pong1PCB2L336P__seed_8_1763344785
6447104,1-Training-Losses/approx_kl,0.0004493176529649645,Pong1PCB2L336P__seed_8_1763344785
6451200,1-Training-Losses/approx_kl,0.0003196523175574839,Pong1PCB2L336P__seed_8_1763344785
6455296,1-Training-Losses/approx_kl,7.376147550530732e-06,Pong1PCB2L336P__seed_8_1763344785
6459392,1-Training-Losses/approx_kl,1.9027458620257676e-05,Pong1PCB2L336P__seed_8_1763344785
6463488,1-Training-Losses/approx_kl,5.0447386456653476e-05,Pong1PCB2L336P__seed_8_1763344785
6467584,1-Training-Losses/approx_kl,0.00010142869723495096,Pong1PCB2L336P__seed_8_1763344785
6471680,1-Training-Losses/approx_kl,4.298954445403069e-05,Pong1PCB2L336P__seed_8_1763344785
6475776,1-Training-Losses/approx_kl,2.4091947125270963e-05,Pong1PCB2L336P__seed_8_1763344785
6479872,1-Training-Losses/approx_kl,1.2002972653135657e-05,Pong1PCB2L336P__seed_8_1763344785
6483968,1-Training-Losses/approx_kl,1.0347561328671873e-05,Pong1PCB2L336P__seed_8_1763344785
6488064,1-Training-Losses/approx_kl,1.8802500562742352e-05,Pong1PCB2L336P__seed_8_1763344785
6492160,1-Training-Losses/approx_kl,6.954185664653778e-05,Pong1PCB2L336P__seed_8_1763344785
6496256,1-Training-Losses/approx_kl,0.0003117639571428299,Pong1PCB2L336P__seed_8_1763344785
6500352,1-Training-Losses/approx_kl,0.00021401580306701362,Pong1PCB2L336P__seed_8_1763344785
6504448,1-Training-Losses/approx_kl,0.00022482244821731,Pong1PCB2L336P__seed_8_1763344785
6508544,1-Training-Losses/approx_kl,0.00019605059060268104,Pong1PCB2L336P__seed_8_1763344785
6512640,1-Training-Losses/approx_kl,2.000195672735572e-05,Pong1PCB2L336P__seed_8_1763344785
6516736,1-Training-Losses/approx_kl,0.00019062485080212355,Pong1PCB2L336P__seed_8_1763344785
6520832,1-Training-Losses/approx_kl,0.00042429371387697756,Pong1PCB2L336P__seed_8_1763344785
6524928,1-Training-Losses/approx_kl,0.00023667981440667063,Pong1PCB2L336P__seed_8_1763344785
6529024,1-Training-Losses/approx_kl,3.711828321684152e-05,Pong1PCB2L336P__seed_8_1763344785
6533120,1-Training-Losses/approx_kl,4.972363240085542e-05,Pong1PCB2L336P__seed_8_1763344785
6537216,1-Training-Losses/approx_kl,0.0005723395152017474,Pong1PCB2L336P__seed_8_1763344785
6541312,1-Training-Losses/approx_kl,0.00046979368198662996,Pong1PCB2L336P__seed_8_1763344785
6545408,1-Training-Losses/approx_kl,0.00014109093172010034,Pong1PCB2L336P__seed_8_1763344785
6549504,1-Training-Losses/approx_kl,7.104242104105651e-05,Pong1PCB2L336P__seed_8_1763344785
6553600,1-Training-Losses/approx_kl,3.4054683055728674e-05,Pong1PCB2L336P__seed_8_1763344785
6557696,1-Training-Losses/approx_kl,2.64377158600837e-05,Pong1PCB2L336P__seed_8_1763344785
6561792,1-Training-Losses/approx_kl,6.943111657164991e-05,Pong1PCB2L336P__seed_8_1763344785
6565888,1-Training-Losses/approx_kl,5.5271899327635765e-05,Pong1PCB2L336P__seed_8_1763344785
6569984,1-Training-Losses/approx_kl,3.516906872391701e-05,Pong1PCB2L336P__seed_8_1763344785
6574080,1-Training-Losses/approx_kl,2.2201769752427936e-05,Pong1PCB2L336P__seed_8_1763344785
6578176,1-Training-Losses/approx_kl,1.3724449672736228e-05,Pong1PCB2L336P__seed_8_1763344785
6582272,1-Training-Losses/approx_kl,0.00011938136594835669,Pong1PCB2L336P__seed_8_1763344785
6586368,1-Training-Losses/approx_kl,0.00010892216232605278,Pong1PCB2L336P__seed_8_1763344785
6590464,1-Training-Losses/approx_kl,2.819535438902676e-06,Pong1PCB2L336P__seed_8_1763344785
6594560,1-Training-Losses/approx_kl,4.942256782669574e-05,Pong1PCB2L336P__seed_8_1763344785
6598656,1-Training-Losses/approx_kl,0.00020983115246053785,Pong1PCB2L336P__seed_8_1763344785
6602752,1-Training-Losses/approx_kl,0.00030328071443364024,Pong1PCB2L336P__seed_8_1763344785
6606848,1-Training-Losses/approx_kl,0.00019741269352380186,Pong1PCB2L336P__seed_8_1763344785
6610944,1-Training-Losses/approx_kl,0.00020148254407104105,Pong1PCB2L336P__seed_8_1763344785
6615040,1-Training-Losses/approx_kl,0.0001486256078351289,Pong1PCB2L336P__seed_8_1763344785
6619136,1-Training-Losses/approx_kl,0.00012241194781381637,Pong1PCB2L336P__seed_8_1763344785
6623232,1-Training-Losses/approx_kl,0.00037046929355710745,Pong1PCB2L336P__seed_8_1763344785
6627328,1-Training-Losses/approx_kl,0.0002991296933032572,Pong1PCB2L336P__seed_8_1763344785
6631424,1-Training-Losses/approx_kl,0.00022935218294151127,Pong1PCB2L336P__seed_8_1763344785
6635520,1-Training-Losses/approx_kl,3.9669801481068134e-05,Pong1PCB2L336P__seed_8_1763344785
6639616,1-Training-Losses/approx_kl,6.625792593695223e-06,Pong1PCB2L336P__seed_8_1763344785
6643712,1-Training-Losses/approx_kl,3.7574354792013764e-06,Pong1PCB2L336P__seed_8_1763344785
6647808,1-Training-Losses/approx_kl,1.9673083443194628e-05,Pong1PCB2L336P__seed_8_1763344785
6651904,1-Training-Losses/approx_kl,6.854080129414797e-05,Pong1PCB2L336P__seed_8_1763344785
6656000,1-Training-Losses/approx_kl,0.00010152846516575664,Pong1PCB2L336P__seed_8_1763344785
6660096,1-Training-Losses/approx_kl,4.225561860948801e-05,Pong1PCB2L336P__seed_8_1763344785
6664192,1-Training-Losses/approx_kl,5.688979581464082e-05,Pong1PCB2L336P__seed_8_1763344785
6668288,1-Training-Losses/approx_kl,1.6360863810405135e-06,Pong1PCB2L336P__seed_8_1763344785
6672384,1-Training-Losses/approx_kl,1.7833561287261546e-05,Pong1PCB2L336P__seed_8_1763344785
6676480,1-Training-Losses/approx_kl,0.00026257988065481186,Pong1PCB2L336P__seed_8_1763344785
6680576,1-Training-Losses/approx_kl,5.459722888190299e-05,Pong1PCB2L336P__seed_8_1763344785
6684672,1-Training-Losses/approx_kl,0.00013384105113800615,Pong1PCB2L336P__seed_8_1763344785
6688768,1-Training-Losses/approx_kl,0.0003679448855109513,Pong1PCB2L336P__seed_8_1763344785
6692864,1-Training-Losses/approx_kl,0.00030181813053786755,Pong1PCB2L336P__seed_8_1763344785
6696960,1-Training-Losses/approx_kl,0.0003967704833485186,Pong1PCB2L336P__seed_8_1763344785
6701056,1-Training-Losses/approx_kl,0.00012157009041402489,Pong1PCB2L336P__seed_8_1763344785
6705152,1-Training-Losses/approx_kl,2.128843334503472e-05,Pong1PCB2L336P__seed_8_1763344785
6709248,1-Training-Losses/approx_kl,7.000564073678106e-05,Pong1PCB2L336P__seed_8_1763344785
6713344,1-Training-Losses/approx_kl,0.00025557883782312274,Pong1PCB2L336P__seed_8_1763344785
6717440,1-Training-Losses/approx_kl,0.00018267874838784337,Pong1PCB2L336P__seed_8_1763344785
6721536,1-Training-Losses/approx_kl,0.00048240204341709614,Pong1PCB2L336P__seed_8_1763344785
6725632,1-Training-Losses/approx_kl,0.00030743301613256335,Pong1PCB2L336P__seed_8_1763344785
6729728,1-Training-Losses/approx_kl,0.00013378405128605664,Pong1PCB2L336P__seed_8_1763344785
6733824,1-Training-Losses/approx_kl,7.53214699216187e-05,Pong1PCB2L336P__seed_8_1763344785
6737920,1-Training-Losses/approx_kl,5.741004133597016e-05,Pong1PCB2L336P__seed_8_1763344785
6742016,1-Training-Losses/approx_kl,3.505524364300072e-05,Pong1PCB2L336P__seed_8_1763344785
6746112,1-Training-Losses/approx_kl,4.334168625064194e-05,Pong1PCB2L336P__seed_8_1763344785
6750208,1-Training-Losses/approx_kl,0.0002590151852928102,Pong1PCB2L336P__seed_8_1763344785
6754304,1-Training-Losses/approx_kl,0.000349002773873508,Pong1PCB2L336P__seed_8_1763344785
6758400,1-Training-Losses/approx_kl,0.0001262003934243694,Pong1PCB2L336P__seed_8_1763344785
6762496,1-Training-Losses/approx_kl,5.328921542968601e-05,Pong1PCB2L336P__seed_8_1763344785
6766592,1-Training-Losses/approx_kl,3.251945599913597e-06,Pong1PCB2L336P__seed_8_1763344785
6770688,1-Training-Losses/approx_kl,9.330302418675274e-05,Pong1PCB2L336P__seed_8_1763344785
6774784,1-Training-Losses/approx_kl,6.223472882993519e-05,Pong1PCB2L336P__seed_8_1763344785
6778880,1-Training-Losses/approx_kl,4.482133954297751e-05,Pong1PCB2L336P__seed_8_1763344785
6782976,1-Training-Losses/approx_kl,0.0002624462067615241,Pong1PCB2L336P__seed_8_1763344785
6787072,1-Training-Losses/approx_kl,0.0001322917960351333,Pong1PCB2L336P__seed_8_1763344785
6791168,1-Training-Losses/approx_kl,3.25102882925421e-06,Pong1PCB2L336P__seed_8_1763344785
6795264,1-Training-Losses/approx_kl,8.758304466027766e-05,Pong1PCB2L336P__seed_8_1763344785
6799360,1-Training-Losses/approx_kl,0.00014149687194731086,Pong1PCB2L336P__seed_8_1763344785
6803456,1-Training-Losses/approx_kl,1.073848397936672e-05,Pong1PCB2L336P__seed_8_1763344785
6807552,1-Training-Losses/approx_kl,2.731761196628213e-05,Pong1PCB2L336P__seed_8_1763344785
6811648,1-Training-Losses/approx_kl,7.796450518071651e-06,Pong1PCB2L336P__seed_8_1763344785
6815744,1-Training-Losses/approx_kl,5.010320455767214e-05,Pong1PCB2L336P__seed_8_1763344785
6819840,1-Training-Losses/approx_kl,2.738906187005341e-05,Pong1PCB2L336P__seed_8_1763344785
6823936,1-Training-Losses/approx_kl,2.1649422706104815e-05,Pong1PCB2L336P__seed_8_1763344785
6828032,1-Training-Losses/approx_kl,2.96263606287539e-05,Pong1PCB2L336P__seed_8_1763344785
6832128,1-Training-Losses/approx_kl,0.00012989631795790046,Pong1PCB2L336P__seed_8_1763344785
6836224,1-Training-Losses/approx_kl,0.00011000718222931027,Pong1PCB2L336P__seed_8_1763344785
6840320,1-Training-Losses/approx_kl,8.963485015556216e-05,Pong1PCB2L336P__seed_8_1763344785
6844416,1-Training-Losses/approx_kl,0.00020715402206405997,Pong1PCB2L336P__seed_8_1763344785
6848512,1-Training-Losses/approx_kl,0.0004132447065785527,Pong1PCB2L336P__seed_8_1763344785
6852608,1-Training-Losses/approx_kl,0.00043323339195922017,Pong1PCB2L336P__seed_8_1763344785
6856704,1-Training-Losses/approx_kl,0.00031395399128086865,Pong1PCB2L336P__seed_8_1763344785
6860800,1-Training-Losses/approx_kl,0.00023828195116948336,Pong1PCB2L336P__seed_8_1763344785
6864896,1-Training-Losses/approx_kl,0.00014098042447585613,Pong1PCB2L336P__seed_8_1763344785
6868992,1-Training-Losses/approx_kl,3.7554855225607753e-06,Pong1PCB2L336P__seed_8_1763344785
6873088,1-Training-Losses/approx_kl,0.0002832534955814481,Pong1PCB2L336P__seed_8_1763344785
6877184,1-Training-Losses/approx_kl,0.0004615741490852088,Pong1PCB2L336P__seed_8_1763344785
6881280,1-Training-Losses/approx_kl,0.0001279493299080059,Pong1PCB2L336P__seed_8_1763344785
6885376,1-Training-Losses/approx_kl,1.8678969354368746e-05,Pong1PCB2L336P__seed_8_1763344785
6889472,1-Training-Losses/approx_kl,2.6196357794106007e-05,Pong1PCB2L336P__seed_8_1763344785
6893568,1-Training-Losses/approx_kl,3.6609548260457814e-05,Pong1PCB2L336P__seed_8_1763344785
6897664,1-Training-Losses/approx_kl,1.7604470485821366e-05,Pong1PCB2L336P__seed_8_1763344785
6901760,1-Training-Losses/approx_kl,5.585110920947045e-05,Pong1PCB2L336P__seed_8_1763344785
6905856,1-Training-Losses/approx_kl,0.00012670674186665565,Pong1PCB2L336P__seed_8_1763344785
6909952,1-Training-Losses/approx_kl,1.593482738826424e-05,Pong1PCB2L336P__seed_8_1763344785
6914048,1-Training-Losses/approx_kl,1.6436984878964722e-05,Pong1PCB2L336P__seed_8_1763344785
6918144,1-Training-Losses/approx_kl,2.6696317945607007e-05,Pong1PCB2L336P__seed_8_1763344785
6922240,1-Training-Losses/approx_kl,1.1484065908007324e-05,Pong1PCB2L336P__seed_8_1763344785
6926336,1-Training-Losses/approx_kl,5.195049743633717e-05,Pong1PCB2L336P__seed_8_1763344785
6930432,1-Training-Losses/approx_kl,0.00016303012671414763,Pong1PCB2L336P__seed_8_1763344785
6934528,1-Training-Losses/approx_kl,0.00020632636733353138,Pong1PCB2L336P__seed_8_1763344785
6938624,1-Training-Losses/approx_kl,4.10499342251569e-05,Pong1PCB2L336P__seed_8_1763344785
6942720,1-Training-Losses/approx_kl,1.249140768777579e-05,Pong1PCB2L336P__seed_8_1763344785
6946816,1-Training-Losses/approx_kl,1.810082176234573e-05,Pong1PCB2L336P__seed_8_1763344785
6950912,1-Training-Losses/approx_kl,2.443839912302792e-05,Pong1PCB2L336P__seed_8_1763344785
6955008,1-Training-Losses/approx_kl,2.0400708308443427e-05,Pong1PCB2L336P__seed_8_1763344785
6959104,1-Training-Losses/approx_kl,7.746552000753582e-06,Pong1PCB2L336P__seed_8_1763344785
6963200,1-Training-Losses/approx_kl,3.910894156433642e-05,Pong1PCB2L336P__seed_8_1763344785
6967296,1-Training-Losses/approx_kl,5.207626963965595e-05,Pong1PCB2L336P__seed_8_1763344785
6971392,1-Training-Losses/approx_kl,2.5150555302388966e-05,Pong1PCB2L336P__seed_8_1763344785
6975488,1-Training-Losses/approx_kl,1.771768438629806e-05,Pong1PCB2L336P__seed_8_1763344785
6979584,1-Training-Losses/approx_kl,3.975690924562514e-05,Pong1PCB2L336P__seed_8_1763344785
6983680,1-Training-Losses/approx_kl,5.7067591114901006e-05,Pong1PCB2L336P__seed_8_1763344785
6987776,1-Training-Losses/approx_kl,7.491587894037366e-06,Pong1PCB2L336P__seed_8_1763344785
6991872,1-Training-Losses/approx_kl,0.0001590960891917348,Pong1PCB2L336P__seed_8_1763344785
6995968,1-Training-Losses/approx_kl,0.00012493004032876343,Pong1PCB2L336P__seed_8_1763344785
7000064,1-Training-Losses/approx_kl,9.07422072486952e-05,Pong1PCB2L336P__seed_8_1763344785
7004160,1-Training-Losses/approx_kl,0.0002015917852986604,Pong1PCB2L336P__seed_8_1763344785
7008256,1-Training-Losses/approx_kl,2.0167106413282454e-05,Pong1PCB2L336P__seed_8_1763344785
7012352,1-Training-Losses/approx_kl,9.097447036765516e-05,Pong1PCB2L336P__seed_8_1763344785
7016448,1-Training-Losses/approx_kl,0.00023467584105674177,Pong1PCB2L336P__seed_8_1763344785
7020544,1-Training-Losses/approx_kl,0.00021659959747921675,Pong1PCB2L336P__seed_8_1763344785
7024640,1-Training-Losses/approx_kl,5.7454410125501454e-05,Pong1PCB2L336P__seed_8_1763344785
7028736,1-Training-Losses/approx_kl,1.2596065062098205e-05,Pong1PCB2L336P__seed_8_1763344785
7032832,1-Training-Losses/approx_kl,2.338527701795101e-05,Pong1PCB2L336P__seed_8_1763344785
7036928,1-Training-Losses/approx_kl,7.67555320635438e-05,Pong1PCB2L336P__seed_8_1763344785
7041024,1-Training-Losses/approx_kl,8.654285920783877e-06,Pong1PCB2L336P__seed_8_1763344785
7045120,1-Training-Losses/approx_kl,4.657485987991095e-06,Pong1PCB2L336P__seed_8_1763344785
7049216,1-Training-Losses/approx_kl,1.0952557204291224e-05,Pong1PCB2L336P__seed_8_1763344785
7053312,1-Training-Losses/approx_kl,3.153254510834813e-05,Pong1PCB2L336P__seed_8_1763344785
7057408,1-Training-Losses/approx_kl,1.973865437321365e-05,Pong1PCB2L336P__seed_8_1763344785
7061504,1-Training-Losses/approx_kl,4.0871091187000275e-06,Pong1PCB2L336P__seed_8_1763344785
7065600,1-Training-Losses/approx_kl,2.6717170840129256e-05,Pong1PCB2L336P__seed_8_1763344785
7069696,1-Training-Losses/approx_kl,0.00011951119813602418,Pong1PCB2L336P__seed_8_1763344785
7073792,1-Training-Losses/approx_kl,0.00029051798628643155,Pong1PCB2L336P__seed_8_1763344785
7077888,1-Training-Losses/approx_kl,0.00016406251234002411,Pong1PCB2L336P__seed_8_1763344785
7081984,1-Training-Losses/approx_kl,2.1440631826408207e-05,Pong1PCB2L336P__seed_8_1763344785
7086080,1-Training-Losses/approx_kl,0.00031027322984300554,Pong1PCB2L336P__seed_8_1763344785
7090176,1-Training-Losses/approx_kl,0.0002514761290512979,Pong1PCB2L336P__seed_8_1763344785
7094272,1-Training-Losses/approx_kl,8.943487773649395e-05,Pong1PCB2L336P__seed_8_1763344785
7098368,1-Training-Losses/approx_kl,1.622502168174833e-05,Pong1PCB2L336P__seed_8_1763344785
7102464,1-Training-Losses/approx_kl,1.5994999557733536e-05,Pong1PCB2L336P__seed_8_1763344785
7106560,1-Training-Losses/approx_kl,1.2897318811155856e-05,Pong1PCB2L336P__seed_8_1763344785
7110656,1-Training-Losses/approx_kl,2.794738975353539e-06,Pong1PCB2L336P__seed_8_1763344785
7114752,1-Training-Losses/approx_kl,1.6615835193078965e-05,Pong1PCB2L336P__seed_8_1763344785
7118848,1-Training-Losses/approx_kl,2.1416344679892063e-05,Pong1PCB2L336P__seed_8_1763344785
7122944,1-Training-Losses/approx_kl,0.00017202085291501135,Pong1PCB2L336P__seed_8_1763344785
7127040,1-Training-Losses/approx_kl,0.00016847782535478473,Pong1PCB2L336P__seed_8_1763344785
7131136,1-Training-Losses/approx_kl,0.00019075826276093721,Pong1PCB2L336P__seed_8_1763344785
7135232,1-Training-Losses/approx_kl,1.1537500540725887e-05,Pong1PCB2L336P__seed_8_1763344785
7139328,1-Training-Losses/approx_kl,0.00025299604749307036,Pong1PCB2L336P__seed_8_1763344785
7143424,1-Training-Losses/approx_kl,0.00043411320075392723,Pong1PCB2L336P__seed_8_1763344785
7147520,1-Training-Losses/approx_kl,0.0001997956569539383,Pong1PCB2L336P__seed_8_1763344785
7151616,1-Training-Losses/approx_kl,2.350567956455052e-05,Pong1PCB2L336P__seed_8_1763344785
7155712,1-Training-Losses/approx_kl,2.058914105873555e-05,Pong1PCB2L336P__seed_8_1763344785
7159808,1-Training-Losses/approx_kl,0.0002483252319507301,Pong1PCB2L336P__seed_8_1763344785
7163904,1-Training-Losses/approx_kl,0.0004466338432393968,Pong1PCB2L336P__seed_8_1763344785
7168000,1-Training-Losses/approx_kl,0.0004191348853055388,Pong1PCB2L336P__seed_8_1763344785
7172096,1-Training-Losses/approx_kl,0.00034357368713244796,Pong1PCB2L336P__seed_8_1763344785
7176192,1-Training-Losses/approx_kl,0.00021371012553572655,Pong1PCB2L336P__seed_8_1763344785
7180288,1-Training-Losses/approx_kl,1.3797878636978567e-05,Pong1PCB2L336P__seed_8_1763344785
7184384,1-Training-Losses/approx_kl,0.00017116789240390062,Pong1PCB2L336P__seed_8_1763344785
7188480,1-Training-Losses/approx_kl,0.00011616478150244802,Pong1PCB2L336P__seed_8_1763344785
7192576,1-Training-Losses/approx_kl,1.1335258022882044e-05,Pong1PCB2L336P__seed_8_1763344785
7196672,1-Training-Losses/approx_kl,0.00010887002281378955,Pong1PCB2L336P__seed_8_1763344785
7200768,1-Training-Losses/approx_kl,0.00021451825159601867,Pong1PCB2L336P__seed_8_1763344785
7204864,1-Training-Losses/approx_kl,6.0156453400850296e-05,Pong1PCB2L336P__seed_8_1763344785
7208960,1-Training-Losses/approx_kl,3.638898488134146e-05,Pong1PCB2L336P__seed_8_1763344785
7213056,1-Training-Losses/approx_kl,7.324108446482569e-05,Pong1PCB2L336P__seed_8_1763344785
7217152,1-Training-Losses/approx_kl,6.395523087121546e-06,Pong1PCB2L336P__seed_8_1763344785
7221248,1-Training-Losses/approx_kl,2.2792708477936685e-05,Pong1PCB2L336P__seed_8_1763344785
7225344,1-Training-Losses/approx_kl,3.2577809179201722e-06,Pong1PCB2L336P__seed_8_1763344785
7229440,1-Training-Losses/approx_kl,2.512753417249769e-05,Pong1PCB2L336P__seed_8_1763344785
7233536,1-Training-Losses/approx_kl,3.501064202282578e-05,Pong1PCB2L336P__seed_8_1763344785
7237632,1-Training-Losses/approx_kl,2.23110691877082e-05,Pong1PCB2L336P__seed_8_1763344785
7241728,1-Training-Losses/approx_kl,1.943757524713874e-05,Pong1PCB2L336P__seed_8_1763344785
7245824,1-Training-Losses/approx_kl,1.794115814846009e-05,Pong1PCB2L336P__seed_8_1763344785
7249920,1-Training-Losses/approx_kl,2.627713547553867e-05,Pong1PCB2L336P__seed_8_1763344785
7254016,1-Training-Losses/approx_kl,4.1217077523469925e-05,Pong1PCB2L336P__seed_8_1763344785
7258112,1-Training-Losses/approx_kl,3.601844946388155e-05,Pong1PCB2L336P__seed_8_1763344785
7262208,1-Training-Losses/approx_kl,4.679037374444306e-06,Pong1PCB2L336P__seed_8_1763344785
7266304,1-Training-Losses/approx_kl,2.567427873145789e-05,Pong1PCB2L336P__seed_8_1763344785
7270400,1-Training-Losses/approx_kl,1.6785343177616596e-06,Pong1PCB2L336P__seed_8_1763344785
7274496,1-Training-Losses/approx_kl,1.7230864614248276e-05,Pong1PCB2L336P__seed_8_1763344785
7278592,1-Training-Losses/approx_kl,2.4307708372361958e-05,Pong1PCB2L336P__seed_8_1763344785
7282688,1-Training-Losses/approx_kl,4.971690941601992e-06,Pong1PCB2L336P__seed_8_1763344785
7286784,1-Training-Losses/approx_kl,2.4895445676520467e-05,Pong1PCB2L336P__seed_8_1763344785
7290880,1-Training-Losses/approx_kl,4.5156062697060406e-05,Pong1PCB2L336P__seed_8_1763344785
7294976,1-Training-Losses/approx_kl,5.56351151317358e-05,Pong1PCB2L336P__seed_8_1763344785
7299072,1-Training-Losses/approx_kl,8.11465724837035e-05,Pong1PCB2L336P__seed_8_1763344785
7303168,1-Training-Losses/approx_kl,5.5797441746108234e-05,Pong1PCB2L336P__seed_8_1763344785
7307264,1-Training-Losses/approx_kl,6.177608156576753e-06,Pong1PCB2L336P__seed_8_1763344785
7311360,1-Training-Losses/approx_kl,2.223896444775164e-06,Pong1PCB2L336P__seed_8_1763344785
7315456,1-Training-Losses/approx_kl,6.028261850588024e-06,Pong1PCB2L336P__seed_8_1763344785
7319552,1-Training-Losses/approx_kl,1.8500300939194858e-05,Pong1PCB2L336P__seed_8_1763344785
7323648,1-Training-Losses/approx_kl,1.4884804841130972e-05,Pong1PCB2L336P__seed_8_1763344785
7327744,1-Training-Losses/approx_kl,4.620742402039468e-06,Pong1PCB2L336P__seed_8_1763344785
7331840,1-Training-Losses/approx_kl,2.2603344405069947e-06,Pong1PCB2L336P__seed_8_1763344785
7335936,1-Training-Losses/approx_kl,1.1667638318613172e-05,Pong1PCB2L336P__seed_8_1763344785
7340032,1-Training-Losses/approx_kl,1.6172503819689155e-05,Pong1PCB2L336P__seed_8_1763344785
7344128,1-Training-Losses/approx_kl,1.628758036531508e-05,Pong1PCB2L336P__seed_8_1763344785
7348224,1-Training-Losses/approx_kl,3.9268736145459116e-05,Pong1PCB2L336P__seed_8_1763344785
7352320,1-Training-Losses/approx_kl,3.1660718377679586e-05,Pong1PCB2L336P__seed_8_1763344785
7356416,1-Training-Losses/approx_kl,1.9556755432859063e-06,Pong1PCB2L336P__seed_8_1763344785
7360512,1-Training-Losses/approx_kl,3.489787923172116e-05,Pong1PCB2L336P__seed_8_1763344785
7364608,1-Training-Losses/approx_kl,0.00013728912745136768,Pong1PCB2L336P__seed_8_1763344785
7368704,1-Training-Losses/approx_kl,2.9788105166517198e-05,Pong1PCB2L336P__seed_8_1763344785
7372800,1-Training-Losses/approx_kl,1.6001489711925387e-05,Pong1PCB2L336P__seed_8_1763344785
7376896,1-Training-Losses/approx_kl,1.5709083527326584e-05,Pong1PCB2L336P__seed_8_1763344785
7380992,1-Training-Losses/approx_kl,5.211695679463446e-06,Pong1PCB2L336P__seed_8_1763344785
7385088,1-Training-Losses/approx_kl,3.0096416594460607e-06,Pong1PCB2L336P__seed_8_1763344785
7389184,1-Training-Losses/approx_kl,4.159723175689578e-06,Pong1PCB2L336P__seed_8_1763344785
7393280,1-Training-Losses/approx_kl,9.621580829843879e-07,Pong1PCB2L336P__seed_8_1763344785
7397376,1-Training-Losses/approx_kl,1.232871727552265e-05,Pong1PCB2L336P__seed_8_1763344785
7401472,1-Training-Losses/approx_kl,8.296106534544379e-05,Pong1PCB2L336P__seed_8_1763344785
7405568,1-Training-Losses/approx_kl,3.3966643968597054e-05,Pong1PCB2L336P__seed_8_1763344785
7409664,1-Training-Losses/approx_kl,6.454254616983235e-06,Pong1PCB2L336P__seed_8_1763344785
7413760,1-Training-Losses/approx_kl,2.4120236048474908e-06,Pong1PCB2L336P__seed_8_1763344785
7417856,1-Training-Losses/approx_kl,5.232388502918184e-06,Pong1PCB2L336P__seed_8_1763344785
7421952,1-Training-Losses/approx_kl,4.566696588881314e-05,Pong1PCB2L336P__seed_8_1763344785
7426048,1-Training-Losses/approx_kl,4.562578396871686e-06,Pong1PCB2L336P__seed_8_1763344785
7430144,1-Training-Losses/approx_kl,3.4283046261407435e-05,Pong1PCB2L336P__seed_8_1763344785
7434240,1-Training-Losses/approx_kl,4.626836744137108e-05,Pong1PCB2L336P__seed_8_1763344785
7438336,1-Training-Losses/approx_kl,4.093500319868326e-05,Pong1PCB2L336P__seed_8_1763344785
7442432,1-Training-Losses/approx_kl,4.8104513552971184e-05,Pong1PCB2L336P__seed_8_1763344785
7446528,1-Training-Losses/approx_kl,8.753295696806163e-05,Pong1PCB2L336P__seed_8_1763344785
7450624,1-Training-Losses/approx_kl,0.00010238155664410442,Pong1PCB2L336P__seed_8_1763344785
7454720,1-Training-Losses/approx_kl,0.00014533722423948348,Pong1PCB2L336P__seed_8_1763344785
7458816,1-Training-Losses/approx_kl,0.0002316534664714709,Pong1PCB2L336P__seed_8_1763344785
7462912,1-Training-Losses/approx_kl,0.00016602157847955823,Pong1PCB2L336P__seed_8_1763344785
7467008,1-Training-Losses/approx_kl,9.1832727775909e-05,Pong1PCB2L336P__seed_8_1763344785
7471104,1-Training-Losses/approx_kl,7.442595961038023e-05,Pong1PCB2L336P__seed_8_1763344785
7475200,1-Training-Losses/approx_kl,3.939542511943728e-05,Pong1PCB2L336P__seed_8_1763344785
7479296,1-Training-Losses/approx_kl,8.860966772772372e-06,Pong1PCB2L336P__seed_8_1763344785
7483392,1-Training-Losses/approx_kl,0.0001475617609685287,Pong1PCB2L336P__seed_8_1763344785
7487488,1-Training-Losses/approx_kl,0.0001441732165403664,Pong1PCB2L336P__seed_8_1763344785
7491584,1-Training-Losses/approx_kl,2.2717140382155776e-05,Pong1PCB2L336P__seed_8_1763344785
7495680,1-Training-Losses/approx_kl,5.653710104525089e-06,Pong1PCB2L336P__seed_8_1763344785
7499776,1-Training-Losses/approx_kl,4.6826491598039865e-05,Pong1PCB2L336P__seed_8_1763344785
7503872,1-Training-Losses/approx_kl,0.00011085427831858397,Pong1PCB2L336P__seed_8_1763344785
7507968,1-Training-Losses/approx_kl,1.748683280311525e-05,Pong1PCB2L336P__seed_8_1763344785
7512064,1-Training-Losses/approx_kl,6.336742080748081e-05,Pong1PCB2L336P__seed_8_1763344785
7516160,1-Training-Losses/approx_kl,0.0001269451022380963,Pong1PCB2L336P__seed_8_1763344785
7520256,1-Training-Losses/approx_kl,6.408881745301187e-05,Pong1PCB2L336P__seed_8_1763344785
7524352,1-Training-Losses/approx_kl,2.4785404093563557e-06,Pong1PCB2L336P__seed_8_1763344785
7528448,1-Training-Losses/approx_kl,5.6211138144135475e-06,Pong1PCB2L336P__seed_8_1763344785
7532544,1-Training-Losses/approx_kl,2.7275702450424433e-05,Pong1PCB2L336P__seed_8_1763344785
7536640,1-Training-Losses/approx_kl,9.179944754578173e-06,Pong1PCB2L336P__seed_8_1763344785
7540736,1-Training-Losses/approx_kl,2.0464081899262965e-05,Pong1PCB2L336P__seed_8_1763344785
7544832,1-Training-Losses/approx_kl,7.55112268961966e-05,Pong1PCB2L336P__seed_8_1763344785
7548928,1-Training-Losses/approx_kl,0.0001282512821489945,Pong1PCB2L336P__seed_8_1763344785
7553024,1-Training-Losses/approx_kl,0.0001498283090768382,Pong1PCB2L336P__seed_8_1763344785
7557120,1-Training-Losses/approx_kl,4.6892964746803045e-05,Pong1PCB2L336P__seed_8_1763344785
7561216,1-Training-Losses/approx_kl,2.7749963919632137e-05,Pong1PCB2L336P__seed_8_1763344785
7565312,1-Training-Losses/approx_kl,4.671247734222561e-05,Pong1PCB2L336P__seed_8_1763344785
7569408,1-Training-Losses/approx_kl,9.771879558684304e-05,Pong1PCB2L336P__seed_8_1763344785
7573504,1-Training-Losses/approx_kl,5.801919905934483e-05,Pong1PCB2L336P__seed_8_1763344785
7577600,1-Training-Losses/approx_kl,4.859783803112805e-05,Pong1PCB2L336P__seed_8_1763344785
7581696,1-Training-Losses/approx_kl,1.0009229299612343e-05,Pong1PCB2L336P__seed_8_1763344785
7585792,1-Training-Losses/approx_kl,1.8708815332502127e-06,Pong1PCB2L336P__seed_8_1763344785
7589888,1-Training-Losses/approx_kl,1.2271790183149278e-05,Pong1PCB2L336P__seed_8_1763344785
7593984,1-Training-Losses/approx_kl,5.0336821004748344e-06,Pong1PCB2L336P__seed_8_1763344785
7598080,1-Training-Losses/approx_kl,2.2794934920966625e-05,Pong1PCB2L336P__seed_8_1763344785
7602176,1-Training-Losses/approx_kl,3.606615064200014e-05,Pong1PCB2L336P__seed_8_1763344785
7606272,1-Training-Losses/approx_kl,4.281580913811922e-05,Pong1PCB2L336P__seed_8_1763344785
7610368,1-Training-Losses/approx_kl,2.9872317099943757e-06,Pong1PCB2L336P__seed_8_1763344785
7614464,1-Training-Losses/approx_kl,6.843023584224284e-05,Pong1PCB2L336P__seed_8_1763344785
7618560,1-Training-Losses/approx_kl,0.00014571344945579767,Pong1PCB2L336P__seed_8_1763344785
7622656,1-Training-Losses/approx_kl,0.00012947524373885244,Pong1PCB2L336P__seed_8_1763344785
7626752,1-Training-Losses/approx_kl,1.1918673408217728e-05,Pong1PCB2L336P__seed_8_1763344785
7630848,1-Training-Losses/approx_kl,1.8772538169287145e-05,Pong1PCB2L336P__seed_8_1763344785
7634944,1-Training-Losses/approx_kl,4.3290972826071084e-05,Pong1PCB2L336P__seed_8_1763344785
7639040,1-Training-Losses/approx_kl,3.7220597732812166e-05,Pong1PCB2L336P__seed_8_1763344785
7643136,1-Training-Losses/approx_kl,3.934546839445829e-06,Pong1PCB2L336P__seed_8_1763344785
7647232,1-Training-Losses/approx_kl,6.277098145801574e-05,Pong1PCB2L336P__seed_8_1763344785
7651328,1-Training-Losses/approx_kl,0.0001474155142204836,Pong1PCB2L336P__seed_8_1763344785
7655424,1-Training-Losses/approx_kl,0.00011685719073284417,Pong1PCB2L336P__seed_8_1763344785
7659520,1-Training-Losses/approx_kl,1.773283293005079e-05,Pong1PCB2L336P__seed_8_1763344785
7663616,1-Training-Losses/approx_kl,0.00011493673082441092,Pong1PCB2L336P__seed_8_1763344785
7667712,1-Training-Losses/approx_kl,0.0002305875241290778,Pong1PCB2L336P__seed_8_1763344785
7671808,1-Training-Losses/approx_kl,0.00010409670358058065,Pong1PCB2L336P__seed_8_1763344785
7675904,1-Training-Losses/approx_kl,7.016811287030578e-05,Pong1PCB2L336P__seed_8_1763344785
7680000,1-Training-Losses/approx_kl,3.424074384383857e-05,Pong1PCB2L336P__seed_8_1763344785
7684096,1-Training-Losses/approx_kl,8.519011316820979e-06,Pong1PCB2L336P__seed_8_1763344785
7688192,1-Training-Losses/approx_kl,2.2128442651592195e-05,Pong1PCB2L336P__seed_8_1763344785
7692288,1-Training-Losses/approx_kl,5.654139386024326e-05,Pong1PCB2L336P__seed_8_1763344785
7696384,1-Training-Losses/approx_kl,2.3327214876189828e-05,Pong1PCB2L336P__seed_8_1763344785
7700480,1-Training-Losses/approx_kl,4.094312316738069e-06,Pong1PCB2L336P__seed_8_1763344785
7704576,1-Training-Losses/approx_kl,2.6409077690914273e-05,Pong1PCB2L336P__seed_8_1763344785
7708672,1-Training-Losses/approx_kl,4.454274312593043e-05,Pong1PCB2L336P__seed_8_1763344785
7712768,1-Training-Losses/approx_kl,2.450388274155557e-05,Pong1PCB2L336P__seed_8_1763344785
7716864,1-Training-Losses/approx_kl,1.6106205293908715e-05,Pong1PCB2L336P__seed_8_1763344785
7720960,1-Training-Losses/approx_kl,1.828773383749649e-05,Pong1PCB2L336P__seed_8_1763344785
7725056,1-Training-Losses/approx_kl,6.30510548944585e-05,Pong1PCB2L336P__seed_8_1763344785
7729152,1-Training-Losses/approx_kl,0.00014678359730169177,Pong1PCB2L336P__seed_8_1763344785
7733248,1-Training-Losses/approx_kl,0.00014696003927383572,Pong1PCB2L336P__seed_8_1763344785
7737344,1-Training-Losses/approx_kl,6.478410796262324e-05,Pong1PCB2L336P__seed_8_1763344785
7741440,1-Training-Losses/approx_kl,1.4408382412511855e-05,Pong1PCB2L336P__seed_8_1763344785
7745536,1-Training-Losses/approx_kl,1.6911624697968364e-05,Pong1PCB2L336P__seed_8_1763344785
7749632,1-Training-Losses/approx_kl,5.87366012041457e-05,Pong1PCB2L336P__seed_8_1763344785
7753728,1-Training-Losses/approx_kl,4.0839891880750656e-05,Pong1PCB2L336P__seed_8_1763344785
7757824,1-Training-Losses/approx_kl,2.829876757459715e-05,Pong1PCB2L336P__seed_8_1763344785
7761920,1-Training-Losses/approx_kl,9.887575288303196e-06,Pong1PCB2L336P__seed_8_1763344785
7766016,1-Training-Losses/approx_kl,7.83424184191972e-06,Pong1PCB2L336P__seed_8_1763344785
7770112,1-Training-Losses/approx_kl,5.1013033953495324e-05,Pong1PCB2L336P__seed_8_1763344785
7774208,1-Training-Losses/approx_kl,6.42769446130842e-05,Pong1PCB2L336P__seed_8_1763344785
7778304,1-Training-Losses/approx_kl,5.034075729781762e-05,Pong1PCB2L336P__seed_8_1763344785
7782400,1-Training-Losses/approx_kl,2.415751077933237e-05,Pong1PCB2L336P__seed_8_1763344785
7786496,1-Training-Losses/approx_kl,5.444890120998025e-07,Pong1PCB2L336P__seed_8_1763344785
7790592,1-Training-Losses/approx_kl,7.397763693006709e-05,Pong1PCB2L336P__seed_8_1763344785
7794688,1-Training-Losses/approx_kl,0.00021066403132863343,Pong1PCB2L336P__seed_8_1763344785
7798784,1-Training-Losses/approx_kl,0.0001832488051149994,Pong1PCB2L336P__seed_8_1763344785
7802880,1-Training-Losses/approx_kl,0.0002939607948064804,Pong1PCB2L336P__seed_8_1763344785
7806976,1-Training-Losses/approx_kl,0.00017722940538078547,Pong1PCB2L336P__seed_8_1763344785
7811072,1-Training-Losses/approx_kl,8.36914696265012e-05,Pong1PCB2L336P__seed_8_1763344785
7815168,1-Training-Losses/approx_kl,3.732963523361832e-05,Pong1PCB2L336P__seed_8_1763344785
7819264,1-Training-Losses/approx_kl,7.33259366825223e-06,Pong1PCB2L336P__seed_8_1763344785
7823360,1-Training-Losses/approx_kl,3.2770331017673016e-06,Pong1PCB2L336P__seed_8_1763344785
7827456,1-Training-Losses/approx_kl,2.774351742118597e-06,Pong1PCB2L336P__seed_8_1763344785
7831552,1-Training-Losses/approx_kl,7.307433406822383e-05,Pong1PCB2L336P__seed_8_1763344785
7835648,1-Training-Losses/approx_kl,0.00016553844034206122,Pong1PCB2L336P__seed_8_1763344785
7839744,1-Training-Losses/approx_kl,5.3639436373487115e-05,Pong1PCB2L336P__seed_8_1763344785
7843840,1-Training-Losses/approx_kl,6.069385563023388e-06,Pong1PCB2L336P__seed_8_1763344785
7847936,1-Training-Losses/approx_kl,6.497351569123566e-05,Pong1PCB2L336P__seed_8_1763344785
7852032,1-Training-Losses/approx_kl,6.28788402536884e-05,Pong1PCB2L336P__seed_8_1763344785
7856128,1-Training-Losses/approx_kl,5.921511183260009e-05,Pong1PCB2L336P__seed_8_1763344785
7860224,1-Training-Losses/approx_kl,4.281883593648672e-05,Pong1PCB2L336P__seed_8_1763344785
7864320,1-Training-Losses/approx_kl,7.805443601682782e-06,Pong1PCB2L336P__seed_8_1763344785
7868416,1-Training-Losses/approx_kl,1.8134131096303463e-05,Pong1PCB2L336P__seed_8_1763344785
7872512,1-Training-Losses/approx_kl,7.572825415991247e-05,Pong1PCB2L336P__seed_8_1763344785
7876608,1-Training-Losses/approx_kl,4.6835775719955564e-05,Pong1PCB2L336P__seed_8_1763344785
7880704,1-Training-Losses/approx_kl,1.3232260243967175e-05,Pong1PCB2L336P__seed_8_1763344785
7884800,1-Training-Losses/approx_kl,1.4335120795294642e-05,Pong1PCB2L336P__seed_8_1763344785
7888896,1-Training-Losses/approx_kl,5.9927551774308085e-06,Pong1PCB2L336P__seed_8_1763344785
7892992,1-Training-Losses/approx_kl,9.630624845158309e-06,Pong1PCB2L336P__seed_8_1763344785
7897088,1-Training-Losses/approx_kl,7.1299473347608e-05,Pong1PCB2L336P__seed_8_1763344785
7901184,1-Training-Losses/approx_kl,3.206041583325714e-05,Pong1PCB2L336P__seed_8_1763344785
7905280,1-Training-Losses/approx_kl,1.3336873962543905e-05,Pong1PCB2L336P__seed_8_1763344785
7909376,1-Training-Losses/approx_kl,1.561694807605818e-05,Pong1PCB2L336P__seed_8_1763344785
7913472,1-Training-Losses/approx_kl,2.9605580493807793e-06,Pong1PCB2L336P__seed_8_1763344785
7917568,1-Training-Losses/approx_kl,3.4508222597651184e-05,Pong1PCB2L336P__seed_8_1763344785
7921664,1-Training-Losses/approx_kl,6.954810669412836e-05,Pong1PCB2L336P__seed_8_1763344785
7925760,1-Training-Losses/approx_kl,0.0001549740700284019,Pong1PCB2L336P__seed_8_1763344785
7929856,1-Training-Losses/approx_kl,0.00014879008813295513,Pong1PCB2L336P__seed_8_1763344785
7933952,1-Training-Losses/approx_kl,0.00012057888670824468,Pong1PCB2L336P__seed_8_1763344785
7938048,1-Training-Losses/approx_kl,3.632384323282167e-05,Pong1PCB2L336P__seed_8_1763344785
7942144,1-Training-Losses/approx_kl,6.269983714446425e-07,Pong1PCB2L336P__seed_8_1763344785
7946240,1-Training-Losses/approx_kl,2.667322405613959e-06,Pong1PCB2L336P__seed_8_1763344785
7950336,1-Training-Losses/approx_kl,2.600024890853092e-05,Pong1PCB2L336P__seed_8_1763344785
7954432,1-Training-Losses/approx_kl,8.181981684174389e-05,Pong1PCB2L336P__seed_8_1763344785
7958528,1-Training-Losses/approx_kl,1.1543597793206573e-05,Pong1PCB2L336P__seed_8_1763344785
7962624,1-Training-Losses/approx_kl,3.878587449435145e-06,Pong1PCB2L336P__seed_8_1763344785
7966720,1-Training-Losses/approx_kl,2.023672277573496e-05,Pong1PCB2L336P__seed_8_1763344785
7970816,1-Training-Losses/approx_kl,1.1087598977610469e-05,Pong1PCB2L336P__seed_8_1763344785
7974912,1-Training-Losses/approx_kl,4.2347528506070375e-06,Pong1PCB2L336P__seed_8_1763344785
7979008,1-Training-Losses/approx_kl,5.6524790124967694e-05,Pong1PCB2L336P__seed_8_1763344785
7983104,1-Training-Losses/approx_kl,0.00011641907622106373,Pong1PCB2L336P__seed_8_1763344785
7987200,1-Training-Losses/approx_kl,0.0001802362676244229,Pong1PCB2L336P__seed_8_1763344785
7991296,1-Training-Losses/approx_kl,0.00017554870282765478,Pong1PCB2L336P__seed_8_1763344785
7995392,1-Training-Losses/approx_kl,7.449625991284847e-05,Pong1PCB2L336P__seed_8_1763344785
7999488,1-Training-Losses/approx_kl,1.9448052626103163e-05,Pong1PCB2L336P__seed_8_1763344785
8003584,1-Training-Losses/approx_kl,6.545575160998851e-06,Pong1PCB2L336P__seed_8_1763344785
8007680,1-Training-Losses/approx_kl,3.880649455823004e-05,Pong1PCB2L336P__seed_8_1763344785
8011776,1-Training-Losses/approx_kl,7.1538888732902706e-06,Pong1PCB2L336P__seed_8_1763344785
8015872,1-Training-Losses/approx_kl,1.5731398889329284e-05,Pong1PCB2L336P__seed_8_1763344785
8019968,1-Training-Losses/approx_kl,3.262994869146496e-05,Pong1PCB2L336P__seed_8_1763344785
8024064,1-Training-Losses/approx_kl,1.7459358787164092e-05,Pong1PCB2L336P__seed_8_1763344785
8028160,1-Training-Losses/approx_kl,5.8571298723109066e-05,Pong1PCB2L336P__seed_8_1763344785
8032256,1-Training-Losses/approx_kl,9.305958519689739e-05,Pong1PCB2L336P__seed_8_1763344785
8036352,1-Training-Losses/approx_kl,7.699253910686821e-05,Pong1PCB2L336P__seed_8_1763344785
8040448,1-Training-Losses/approx_kl,1.972874451894313e-05,Pong1PCB2L336P__seed_8_1763344785
8044544,1-Training-Losses/approx_kl,6.485206540673971e-07,Pong1PCB2L336P__seed_8_1763344785
8048640,1-Training-Losses/approx_kl,3.4366355976089835e-05,Pong1PCB2L336P__seed_8_1763344785
8052736,1-Training-Losses/approx_kl,2.9629183700308204e-05,Pong1PCB2L336P__seed_8_1763344785
8056832,1-Training-Losses/approx_kl,1.1269410606473684e-05,Pong1PCB2L336P__seed_8_1763344785
8060928,1-Training-Losses/approx_kl,1.2468124623410404e-05,Pong1PCB2L336P__seed_8_1763344785
8065024,1-Training-Losses/approx_kl,8.932576747611165e-06,Pong1PCB2L336P__seed_8_1763344785
8069120,1-Training-Losses/approx_kl,1.2761651305481791e-05,Pong1PCB2L336P__seed_8_1763344785
8073216,1-Training-Losses/approx_kl,1.3605458661913872e-05,Pong1PCB2L336P__seed_8_1763344785
8077312,1-Training-Losses/approx_kl,1.8985883798450232e-06,Pong1PCB2L336P__seed_8_1763344785
8081408,1-Training-Losses/approx_kl,8.364913810510188e-06,Pong1PCB2L336P__seed_8_1763344785
8085504,1-Training-Losses/approx_kl,1.2904652976430953e-05,Pong1PCB2L336P__seed_8_1763344785
8089600,1-Training-Losses/approx_kl,8.29633790999651e-06,Pong1PCB2L336P__seed_8_1763344785
8093696,1-Training-Losses/approx_kl,9.912560926750302e-06,Pong1PCB2L336P__seed_8_1763344785
8097792,1-Training-Losses/approx_kl,1.5132129192352295e-05,Pong1PCB2L336P__seed_8_1763344785
8101888,1-Training-Losses/approx_kl,6.1024766182526946e-05,Pong1PCB2L336P__seed_8_1763344785
8105984,1-Training-Losses/approx_kl,0.00012423326552379876,Pong1PCB2L336P__seed_8_1763344785
8110080,1-Training-Losses/approx_kl,0.00012480902660172433,Pong1PCB2L336P__seed_8_1763344785
8114176,1-Training-Losses/approx_kl,1.3520781067200005e-05,Pong1PCB2L336P__seed_8_1763344785
8118272,1-Training-Losses/approx_kl,4.6852801460772753e-07,Pong1PCB2L336P__seed_8_1763344785
8122368,1-Training-Losses/approx_kl,1.5681245713494718e-05,Pong1PCB2L336P__seed_8_1763344785
8126464,1-Training-Losses/approx_kl,1.039053313434124e-05,Pong1PCB2L336P__seed_8_1763344785
8130560,1-Training-Losses/approx_kl,2.0780862541869283e-05,Pong1PCB2L336P__seed_8_1763344785
8134656,1-Training-Losses/approx_kl,3.761725383810699e-05,Pong1PCB2L336P__seed_8_1763344785
8138752,1-Training-Losses/approx_kl,2.4159919121302664e-05,Pong1PCB2L336P__seed_8_1763344785
8142848,1-Training-Losses/approx_kl,3.527558874338865e-05,Pong1PCB2L336P__seed_8_1763344785
8146944,1-Training-Losses/approx_kl,1.0435760486871004e-05,Pong1PCB2L336P__seed_8_1763344785
8151040,1-Training-Losses/approx_kl,1.829094981076196e-05,Pong1PCB2L336P__seed_8_1763344785
8155136,1-Training-Losses/approx_kl,1.2001415598206222e-05,Pong1PCB2L336P__seed_8_1763344785
8159232,1-Training-Losses/approx_kl,5.887137376703322e-06,Pong1PCB2L336P__seed_8_1763344785
8163328,1-Training-Losses/approx_kl,3.3296746551059186e-06,Pong1PCB2L336P__seed_8_1763344785
8167424,1-Training-Losses/approx_kl,3.927634679712355e-07,Pong1PCB2L336P__seed_8_1763344785
8171520,1-Training-Losses/approx_kl,1.1305237421765924e-06,Pong1PCB2L336P__seed_8_1763344785
8175616,1-Training-Losses/approx_kl,3.765782457776368e-05,Pong1PCB2L336P__seed_8_1763344785
8179712,1-Training-Losses/approx_kl,4.259234992787242e-05,Pong1PCB2L336P__seed_8_1763344785
8183808,1-Training-Losses/approx_kl,9.612878784537315e-06,Pong1PCB2L336P__seed_8_1763344785
8187904,1-Training-Losses/approx_kl,1.4911835023667663e-05,Pong1PCB2L336P__seed_8_1763344785
8192000,1-Training-Losses/approx_kl,9.158442844636738e-05,Pong1PCB2L336P__seed_8_1763344785
8196096,1-Training-Losses/approx_kl,0.0001441005151718855,Pong1PCB2L336P__seed_8_1763344785
8200192,1-Training-Losses/approx_kl,4.012256977148354e-05,Pong1PCB2L336P__seed_8_1763344785
8204288,1-Training-Losses/approx_kl,4.361398168839514e-06,Pong1PCB2L336P__seed_8_1763344785
8208384,1-Training-Losses/approx_kl,9.009119821712375e-06,Pong1PCB2L336P__seed_8_1763344785
8212480,1-Training-Losses/approx_kl,2.6823086955118924e-05,Pong1PCB2L336P__seed_8_1763344785
8216576,1-Training-Losses/approx_kl,6.613011646550149e-05,Pong1PCB2L336P__seed_8_1763344785
8220672,1-Training-Losses/approx_kl,8.891138713806868e-05,Pong1PCB2L336P__seed_8_1763344785
8224768,1-Training-Losses/approx_kl,6.639975617872551e-05,Pong1PCB2L336P__seed_8_1763344785
8228864,1-Training-Losses/approx_kl,6.023776950314641e-05,Pong1PCB2L336P__seed_8_1763344785
8232960,1-Training-Losses/approx_kl,6.826248863944784e-05,Pong1PCB2L336P__seed_8_1763344785
8237056,1-Training-Losses/approx_kl,5.892766057513654e-05,Pong1PCB2L336P__seed_8_1763344785
8241152,1-Training-Losses/approx_kl,4.755927511723712e-05,Pong1PCB2L336P__seed_8_1763344785
8245248,1-Training-Losses/approx_kl,3.192223084624857e-05,Pong1PCB2L336P__seed_8_1763344785
8249344,1-Training-Losses/approx_kl,1.1096635716967285e-05,Pong1PCB2L336P__seed_8_1763344785
8253440,1-Training-Losses/approx_kl,2.6845664251595736e-06,Pong1PCB2L336P__seed_8_1763344785
8257536,1-Training-Losses/approx_kl,6.343638233374804e-06,Pong1PCB2L336P__seed_8_1763344785
8261632,1-Training-Losses/approx_kl,2.3679283913224936e-05,Pong1PCB2L336P__seed_8_1763344785
8265728,1-Training-Losses/approx_kl,1.8707942217588425e-05,Pong1PCB2L336P__seed_8_1763344785
8269824,1-Training-Losses/approx_kl,2.394351758994162e-05,Pong1PCB2L336P__seed_8_1763344785
8273920,1-Training-Losses/approx_kl,1.115708437282592e-05,Pong1PCB2L336P__seed_8_1763344785
8278016,1-Training-Losses/approx_kl,1.3174249033909291e-05,Pong1PCB2L336P__seed_8_1763344785
8282112,1-Training-Losses/approx_kl,7.798400474712253e-06,Pong1PCB2L336P__seed_8_1763344785
8286208,1-Training-Losses/approx_kl,4.491055733524263e-06,Pong1PCB2L336P__seed_8_1763344785
8290304,1-Training-Losses/approx_kl,7.302263838937506e-05,Pong1PCB2L336P__seed_8_1763344785
8294400,1-Training-Losses/approx_kl,7.995327177923173e-05,Pong1PCB2L336P__seed_8_1763344785
8298496,1-Training-Losses/approx_kl,2.8321228455752134e-06,Pong1PCB2L336P__seed_8_1763344785
8302592,1-Training-Losses/approx_kl,9.146693628281355e-06,Pong1PCB2L336P__seed_8_1763344785
8306688,1-Training-Losses/approx_kl,1.0186064173467457e-05,Pong1PCB2L336P__seed_8_1763344785
8310784,1-Training-Losses/approx_kl,3.590137930586934e-05,Pong1PCB2L336P__seed_8_1763344785
8314880,1-Training-Losses/approx_kl,6.65686238789931e-05,Pong1PCB2L336P__seed_8_1763344785
8318976,1-Training-Losses/approx_kl,1.733221870381385e-05,Pong1PCB2L336P__seed_8_1763344785
8323072,1-Training-Losses/approx_kl,1.4320030459202826e-05,Pong1PCB2L336P__seed_8_1763344785
8327168,1-Training-Losses/approx_kl,8.068104216363281e-05,Pong1PCB2L336P__seed_8_1763344785
8331264,1-Training-Losses/approx_kl,4.8606147174723446e-05,Pong1PCB2L336P__seed_8_1763344785
8335360,1-Training-Losses/approx_kl,3.9982274756766856e-05,Pong1PCB2L336P__seed_8_1763344785
8339456,1-Training-Losses/approx_kl,3.426377224968746e-05,Pong1PCB2L336P__seed_8_1763344785
8343552,1-Training-Losses/approx_kl,5.052468623034656e-06,Pong1PCB2L336P__seed_8_1763344785
8347648,1-Training-Losses/approx_kl,5.6598655646666884e-06,Pong1PCB2L336P__seed_8_1763344785
8351744,1-Training-Losses/approx_kl,7.292197551578283e-06,Pong1PCB2L336P__seed_8_1763344785
8355840,1-Training-Losses/approx_kl,5.602756573352963e-06,Pong1PCB2L336P__seed_8_1763344785
8359936,1-Training-Losses/approx_kl,1.607452577445656e-05,Pong1PCB2L336P__seed_8_1763344785
8364032,1-Training-Losses/approx_kl,5.745083763031289e-05,Pong1PCB2L336P__seed_8_1763344785
8368128,1-Training-Losses/approx_kl,5.116867396282032e-05,Pong1PCB2L336P__seed_8_1763344785
8372224,1-Training-Losses/approx_kl,3.843779268208891e-06,Pong1PCB2L336P__seed_8_1763344785
8376320,1-Training-Losses/approx_kl,1.752263051457703e-05,Pong1PCB2L336P__seed_8_1763344785
8380416,1-Training-Losses/approx_kl,4.623194399755448e-05,Pong1PCB2L336P__seed_8_1763344785
8384512,1-Training-Losses/approx_kl,6.326927541522309e-05,Pong1PCB2L336P__seed_8_1763344785
8388608,1-Training-Losses/approx_kl,0.00010672563803382218,Pong1PCB2L336P__seed_8_1763344785
8392704,1-Training-Losses/approx_kl,9.329355088993907e-05,Pong1PCB2L336P__seed_8_1763344785
8396800,1-Training-Losses/approx_kl,8.292544953292236e-05,Pong1PCB2L336P__seed_8_1763344785
8400896,1-Training-Losses/approx_kl,6.134752038633451e-05,Pong1PCB2L336P__seed_8_1763344785
8404992,1-Training-Losses/approx_kl,7.561277016066015e-06,Pong1PCB2L336P__seed_8_1763344785
8409088,1-Training-Losses/approx_kl,2.1882442524656653e-06,Pong1PCB2L336P__seed_8_1763344785
8413184,1-Training-Losses/approx_kl,2.111672074533999e-06,Pong1PCB2L336P__seed_8_1763344785
8417280,1-Training-Losses/approx_kl,3.2226380426436663e-06,Pong1PCB2L336P__seed_8_1763344785
8421376,1-Training-Losses/approx_kl,1.5407866158057004e-05,Pong1PCB2L336P__seed_8_1763344785
8425472,1-Training-Losses/approx_kl,9.055256668943912e-06,Pong1PCB2L336P__seed_8_1763344785
8429568,1-Training-Losses/approx_kl,2.097000106004998e-05,Pong1PCB2L336P__seed_8_1763344785
8433664,1-Training-Losses/approx_kl,1.3640354154631495e-05,Pong1PCB2L336P__seed_8_1763344785
8437760,1-Training-Losses/approx_kl,1.2910313671454787e-06,Pong1PCB2L336P__seed_8_1763344785
8441856,1-Training-Losses/approx_kl,1.8666178220883012e-06,Pong1PCB2L336P__seed_8_1763344785
8445952,1-Training-Losses/approx_kl,1.5561818145215511e-06,Pong1PCB2L336P__seed_8_1763344785
8450048,1-Training-Losses/approx_kl,6.713962648063898e-07,Pong1PCB2L336P__seed_8_1763344785
8454144,1-Training-Losses/approx_kl,8.341448847204447e-07,Pong1PCB2L336P__seed_8_1763344785
8458240,1-Training-Losses/approx_kl,6.746369763277471e-06,Pong1PCB2L336P__seed_8_1763344785
8462336,1-Training-Losses/approx_kl,2.046689041890204e-05,Pong1PCB2L336P__seed_8_1763344785
8466432,1-Training-Losses/approx_kl,6.5316271502524614e-06,Pong1PCB2L336P__seed_8_1763344785
8470528,1-Training-Losses/approx_kl,8.480630640406162e-06,Pong1PCB2L336P__seed_8_1763344785
8474624,1-Training-Losses/approx_kl,2.812186721712351e-06,Pong1PCB2L336P__seed_8_1763344785
8478720,1-Training-Losses/approx_kl,2.730113919824362e-06,Pong1PCB2L336P__seed_8_1763344785
8482816,1-Training-Losses/approx_kl,1.3537792256101966e-06,Pong1PCB2L336P__seed_8_1763344785
8486912,1-Training-Losses/approx_kl,1.6771809896454215e-06,Pong1PCB2L336P__seed_8_1763344785
8491008,1-Training-Losses/approx_kl,3.4792174119502306e-06,Pong1PCB2L336P__seed_8_1763344785
8495104,1-Training-Losses/approx_kl,1.273074303753674e-05,Pong1PCB2L336P__seed_8_1763344785
8499200,1-Training-Losses/approx_kl,2.1756728528998792e-05,Pong1PCB2L336P__seed_8_1763344785
8503296,1-Training-Losses/approx_kl,2.0300059986766428e-05,Pong1PCB2L336P__seed_8_1763344785
8507392,1-Training-Losses/approx_kl,1.873292785603553e-05,Pong1PCB2L336P__seed_8_1763344785
8511488,1-Training-Losses/approx_kl,2.6739216991700232e-05,Pong1PCB2L336P__seed_8_1763344785
8515584,1-Training-Losses/approx_kl,6.471986125689e-06,Pong1PCB2L336P__seed_8_1763344785
8519680,1-Training-Losses/approx_kl,5.261642945697531e-05,Pong1PCB2L336P__seed_8_1763344785
8523776,1-Training-Losses/approx_kl,8.651761163491756e-06,Pong1PCB2L336P__seed_8_1763344785
8527872,1-Training-Losses/approx_kl,3.2976968213915825e-06,Pong1PCB2L336P__seed_8_1763344785
8531968,1-Training-Losses/approx_kl,3.477762220427394e-07,Pong1PCB2L336P__seed_8_1763344785
8536064,1-Training-Losses/approx_kl,8.348702976945788e-06,Pong1PCB2L336P__seed_8_1763344785
8540160,1-Training-Losses/approx_kl,2.6175723178312182e-05,Pong1PCB2L336P__seed_8_1763344785
8544256,1-Training-Losses/approx_kl,3.224376996513456e-06,Pong1PCB2L336P__seed_8_1763344785
8548352,1-Training-Losses/approx_kl,1.9388295186217874e-05,Pong1PCB2L336P__seed_8_1763344785
8552448,1-Training-Losses/approx_kl,3.88997868867591e-05,Pong1PCB2L336P__seed_8_1763344785
8556544,1-Training-Losses/approx_kl,0.00011771146819228306,Pong1PCB2L336P__seed_8_1763344785
8560640,1-Training-Losses/approx_kl,5.8976154832635075e-05,Pong1PCB2L336P__seed_8_1763344785
8564736,1-Training-Losses/approx_kl,2.660264726728201e-05,Pong1PCB2L336P__seed_8_1763344785
8568832,1-Training-Losses/approx_kl,2.654283889569342e-05,Pong1PCB2L336P__seed_8_1763344785
8572928,1-Training-Losses/approx_kl,5.360954673960805e-06,Pong1PCB2L336P__seed_8_1763344785
8577024,1-Training-Losses/approx_kl,8.061469998210669e-07,Pong1PCB2L336P__seed_8_1763344785
8581120,1-Training-Losses/approx_kl,8.278810128103942e-06,Pong1PCB2L336P__seed_8_1763344785
8585216,1-Training-Losses/approx_kl,1.2725446140393615e-05,Pong1PCB2L336P__seed_8_1763344785
8589312,1-Training-Losses/approx_kl,1.5258410712704062e-06,Pong1PCB2L336P__seed_8_1763344785
8593408,1-Training-Losses/approx_kl,2.054849755950272e-05,Pong1PCB2L336P__seed_8_1763344785
8597504,1-Training-Losses/approx_kl,5.2303774282336235e-05,Pong1PCB2L336P__seed_8_1763344785
8601600,1-Training-Losses/approx_kl,5.001857061870396e-05,Pong1PCB2L336P__seed_8_1763344785
8605696,1-Training-Losses/approx_kl,1.262511796085164e-05,Pong1PCB2L336P__seed_8_1763344785
8609792,1-Training-Losses/approx_kl,4.354180418886244e-06,Pong1PCB2L336P__seed_8_1763344785
8613888,1-Training-Losses/approx_kl,1.1616211850196123e-06,Pong1PCB2L336P__seed_8_1763344785
8617984,1-Training-Losses/approx_kl,2.418382791802287e-07,Pong1PCB2L336P__seed_8_1763344785
8622080,1-Training-Losses/approx_kl,2.52893369179219e-06,Pong1PCB2L336P__seed_8_1763344785
8626176,1-Training-Losses/approx_kl,6.524671334773302e-06,Pong1PCB2L336P__seed_8_1763344785
8630272,1-Training-Losses/approx_kl,3.737183578778058e-05,Pong1PCB2L336P__seed_8_1763344785
8634368,1-Training-Losses/approx_kl,1.398327003698796e-05,Pong1PCB2L336P__seed_8_1763344785
8638464,1-Training-Losses/approx_kl,1.0010757250711322e-05,Pong1PCB2L336P__seed_8_1763344785
8642560,1-Training-Losses/approx_kl,5.252280971035361e-06,Pong1PCB2L336P__seed_8_1763344785
8646656,1-Training-Losses/approx_kl,2.265704097226262e-06,Pong1PCB2L336P__seed_8_1763344785
8650752,1-Training-Losses/approx_kl,1.0539508366491646e-05,Pong1PCB2L336P__seed_8_1763344785
8654848,1-Training-Losses/approx_kl,1.53867295011878e-05,Pong1PCB2L336P__seed_8_1763344785
8658944,1-Training-Losses/approx_kl,2.1248823031783104e-05,Pong1PCB2L336P__seed_8_1763344785
8663040,1-Training-Losses/approx_kl,2.294182195328176e-06,Pong1PCB2L336P__seed_8_1763344785
8667136,1-Training-Losses/approx_kl,9.849609341472387e-06,Pong1PCB2L336P__seed_8_1763344785
8671232,1-Training-Losses/approx_kl,9.409210179001093e-06,Pong1PCB2L336P__seed_8_1763344785
8675328,1-Training-Losses/approx_kl,3.633360029198229e-05,Pong1PCB2L336P__seed_8_1763344785
8679424,1-Training-Losses/approx_kl,3.46755186910741e-05,Pong1PCB2L336P__seed_8_1763344785
8683520,1-Training-Losses/approx_kl,1.6715523088350892e-05,Pong1PCB2L336P__seed_8_1763344785
8687616,1-Training-Losses/approx_kl,1.9245504518039525e-05,Pong1PCB2L336P__seed_8_1763344785
8691712,1-Training-Losses/approx_kl,3.461605228949338e-05,Pong1PCB2L336P__seed_8_1763344785
8695808,1-Training-Losses/approx_kl,7.901441131252795e-05,Pong1PCB2L336P__seed_8_1763344785
8699904,1-Training-Losses/approx_kl,7.866205123718828e-05,Pong1PCB2L336P__seed_8_1763344785
8704000,1-Training-Losses/approx_kl,1.5500219888053834e-05,Pong1PCB2L336P__seed_8_1763344785
8708096,1-Training-Losses/approx_kl,1.2685719411820173e-05,Pong1PCB2L336P__seed_8_1763344785
8712192,1-Training-Losses/approx_kl,3.21365223499015e-05,Pong1PCB2L336P__seed_8_1763344785
8716288,1-Training-Losses/approx_kl,2.1363826817832887e-05,Pong1PCB2L336P__seed_8_1763344785
8720384,1-Training-Losses/approx_kl,3.870198270305991e-06,Pong1PCB2L336P__seed_8_1763344785
8724480,1-Training-Losses/approx_kl,1.1887532309629023e-06,Pong1PCB2L336P__seed_8_1763344785
8728576,1-Training-Losses/approx_kl,2.74305057246238e-06,Pong1PCB2L336P__seed_8_1763344785
8732672,1-Training-Losses/approx_kl,8.043309208005667e-06,Pong1PCB2L336P__seed_8_1763344785
8736768,1-Training-Losses/approx_kl,6.976129952818155e-06,Pong1PCB2L336P__seed_8_1763344785
8740864,1-Training-Losses/approx_kl,8.718125172890723e-07,Pong1PCB2L336P__seed_8_1763344785
8744960,1-Training-Losses/approx_kl,8.684583008289337e-07,Pong1PCB2L336P__seed_8_1763344785
8749056,1-Training-Losses/approx_kl,1.47466198541224e-06,Pong1PCB2L336P__seed_8_1763344785
8753152,1-Training-Losses/approx_kl,2.5373519747518003e-06,Pong1PCB2L336P__seed_8_1763344785
8757248,1-Training-Losses/approx_kl,3.219654900021851e-06,Pong1PCB2L336P__seed_8_1763344785
8761344,1-Training-Losses/approx_kl,2.4910186766646802e-06,Pong1PCB2L336P__seed_8_1763344785
8765440,1-Training-Losses/approx_kl,1.0390787792857736e-05,Pong1PCB2L336P__seed_8_1763344785
8769536,1-Training-Losses/approx_kl,1.7029917216859758e-05,Pong1PCB2L336P__seed_8_1763344785
8773632,1-Training-Losses/approx_kl,5.41027111466974e-06,Pong1PCB2L336P__seed_8_1763344785
8777728,1-Training-Losses/approx_kl,9.351555490866303e-06,Pong1PCB2L336P__seed_8_1763344785
8781824,1-Training-Losses/approx_kl,4.1192673961631954e-05,Pong1PCB2L336P__seed_8_1763344785
8785920,1-Training-Losses/approx_kl,2.9330520192161202e-05,Pong1PCB2L336P__seed_8_1763344785
8790016,1-Training-Losses/approx_kl,4.782821633853018e-06,Pong1PCB2L336P__seed_8_1763344785
8794112,1-Training-Losses/approx_kl,1.7521815607324243e-06,Pong1PCB2L336P__seed_8_1763344785
8798208,1-Training-Losses/approx_kl,8.986535249277949e-07,Pong1PCB2L336P__seed_8_1763344785
8802304,1-Training-Losses/approx_kl,2.7195928851142526e-06,Pong1PCB2L336P__seed_8_1763344785
8806400,1-Training-Losses/approx_kl,4.335081030149013e-06,Pong1PCB2L336P__seed_8_1763344785
8810496,1-Training-Losses/approx_kl,1.2219548807479441e-05,Pong1PCB2L336P__seed_8_1763344785
8814592,1-Training-Losses/approx_kl,2.5479777832515538e-05,Pong1PCB2L336P__seed_8_1763344785
8818688,1-Training-Losses/approx_kl,2.2198539227247238e-05,Pong1PCB2L336P__seed_8_1763344785
8822784,1-Training-Losses/approx_kl,2.0498395315371454e-05,Pong1PCB2L336P__seed_8_1763344785
8826880,1-Training-Losses/approx_kl,1.905202225316316e-05,Pong1PCB2L336P__seed_8_1763344785
8830976,1-Training-Losses/approx_kl,1.942686503753066e-05,Pong1PCB2L336P__seed_8_1763344785
8835072,1-Training-Losses/approx_kl,1.6909500118345022e-05,Pong1PCB2L336P__seed_8_1763344785
8839168,1-Training-Losses/approx_kl,1.0868636309169233e-05,Pong1PCB2L336P__seed_8_1763344785
8843264,1-Training-Losses/approx_kl,9.997231245506555e-06,Pong1PCB2L336P__seed_8_1763344785
8847360,1-Training-Losses/approx_kl,6.42342638457194e-06,Pong1PCB2L336P__seed_8_1763344785
8851456,1-Training-Losses/approx_kl,3.734166966751218e-07,Pong1PCB2L336P__seed_8_1763344785
8855552,1-Training-Losses/approx_kl,3.2279931474477053e-06,Pong1PCB2L336P__seed_8_1763344785
8859648,1-Training-Losses/approx_kl,1.4999095583334565e-06,Pong1PCB2L336P__seed_8_1763344785
8863744,1-Training-Losses/approx_kl,6.702626706101e-06,Pong1PCB2L336P__seed_8_1763344785
8867840,1-Training-Losses/approx_kl,1.7067213775590062e-06,Pong1PCB2L336P__seed_8_1763344785
8871936,1-Training-Losses/approx_kl,2.5753906811587512e-06,Pong1PCB2L336P__seed_8_1763344785
8876032,1-Training-Losses/approx_kl,3.2014839234761894e-05,Pong1PCB2L336P__seed_8_1763344785
8880128,1-Training-Losses/approx_kl,4.234367224853486e-05,Pong1PCB2L336P__seed_8_1763344785
8884224,1-Training-Losses/approx_kl,7.0517853600904346e-06,Pong1PCB2L336P__seed_8_1763344785
8888320,1-Training-Losses/approx_kl,2.1181243937462568e-05,Pong1PCB2L336P__seed_8_1763344785
8892416,1-Training-Losses/approx_kl,2.8486247174441814e-05,Pong1PCB2L336P__seed_8_1763344785
8896512,1-Training-Losses/approx_kl,1.2090204108972102e-05,Pong1PCB2L336P__seed_8_1763344785
8900608,1-Training-Losses/approx_kl,8.468414307571948e-06,Pong1PCB2L336P__seed_8_1763344785
8904704,1-Training-Losses/approx_kl,1.1392359738238156e-05,Pong1PCB2L336P__seed_8_1763344785
8908800,1-Training-Losses/approx_kl,1.4840821677353233e-05,Pong1PCB2L336P__seed_8_1763344785
8912896,1-Training-Losses/approx_kl,1.887354301288724e-06,Pong1PCB2L336P__seed_8_1763344785
8916992,1-Training-Losses/approx_kl,7.565831765532494e-07,Pong1PCB2L336P__seed_8_1763344785
8921088,1-Training-Losses/approx_kl,1.6361824236810207e-05,Pong1PCB2L336P__seed_8_1763344785
8925184,1-Training-Losses/approx_kl,2.6269575755577534e-05,Pong1PCB2L336P__seed_8_1763344785
8929280,1-Training-Losses/approx_kl,1.3542012311518192e-06,Pong1PCB2L336P__seed_8_1763344785
8933376,1-Training-Losses/approx_kl,3.258538345107809e-05,Pong1PCB2L336P__seed_8_1763344785
8937472,1-Training-Losses/approx_kl,1.3865457731299102e-05,Pong1PCB2L336P__seed_8_1763344785
8941568,1-Training-Losses/approx_kl,2.0174775272607803e-07,Pong1PCB2L336P__seed_8_1763344785
8945664,1-Training-Losses/approx_kl,2.059387043118477e-07,Pong1PCB2L336P__seed_8_1763344785
8949760,1-Training-Losses/approx_kl,7.222115527838469e-08,Pong1PCB2L336P__seed_8_1763344785
8953856,1-Training-Losses/approx_kl,1.5122059267014265e-06,Pong1PCB2L336P__seed_8_1763344785
8957952,1-Training-Losses/approx_kl,9.402690920978785e-06,Pong1PCB2L336P__seed_8_1763344785
8962048,1-Training-Losses/approx_kl,8.470233296975493e-07,Pong1PCB2L336P__seed_8_1763344785
8966144,1-Training-Losses/approx_kl,1.3655051589012146e-05,Pong1PCB2L336P__seed_8_1763344785
8970240,1-Training-Losses/approx_kl,6.996997399255633e-06,Pong1PCB2L336P__seed_8_1763344785
8974336,1-Training-Losses/approx_kl,3.0210940167307854e-06,Pong1PCB2L336P__seed_8_1763344785
8978432,1-Training-Losses/approx_kl,8.30195494927466e-06,Pong1PCB2L336P__seed_8_1763344785
8982528,1-Training-Losses/approx_kl,2.0304803911130875e-05,Pong1PCB2L336P__seed_8_1763344785
8986624,1-Training-Losses/approx_kl,2.935020165750757e-05,Pong1PCB2L336P__seed_8_1763344785
8990720,1-Training-Losses/approx_kl,2.4785214918665588e-05,Pong1PCB2L336P__seed_8_1763344785
8994816,1-Training-Losses/approx_kl,9.926654456648976e-06,Pong1PCB2L336P__seed_8_1763344785
8998912,1-Training-Losses/approx_kl,5.74655132368207e-07,Pong1PCB2L336P__seed_8_1763344785
9003008,1-Training-Losses/approx_kl,1.103100657928735e-06,Pong1PCB2L336P__seed_8_1763344785
9007104,1-Training-Losses/approx_kl,8.833594620227814e-07,Pong1PCB2L336P__seed_8_1763344785
9011200,1-Training-Losses/approx_kl,1.2676056940108538e-05,Pong1PCB2L336P__seed_8_1763344785
9015296,1-Training-Losses/approx_kl,2.626551577122882e-05,Pong1PCB2L336P__seed_8_1763344785
9019392,1-Training-Losses/approx_kl,3.3538148272782564e-05,Pong1PCB2L336P__seed_8_1763344785
9023488,1-Training-Losses/approx_kl,3.101761103607714e-05,Pong1PCB2L336P__seed_8_1763344785
9027584,1-Training-Losses/approx_kl,1.0810981621034443e-05,Pong1PCB2L336P__seed_8_1763344785
9031680,1-Training-Losses/approx_kl,1.8817372620105743e-06,Pong1PCB2L336P__seed_8_1763344785
9035776,1-Training-Losses/approx_kl,5.230620445217937e-06,Pong1PCB2L336P__seed_8_1763344785
9039872,1-Training-Losses/approx_kl,4.793313564732671e-06,Pong1PCB2L336P__seed_8_1763344785
9043968,1-Training-Losses/approx_kl,7.081311196088791e-06,Pong1PCB2L336P__seed_8_1763344785
9048064,1-Training-Losses/approx_kl,1.754972618073225e-05,Pong1PCB2L336P__seed_8_1763344785
9052160,1-Training-Losses/approx_kl,1.7343685613013804e-05,Pong1PCB2L336P__seed_8_1763344785
9056256,1-Training-Losses/approx_kl,9.617666364647448e-06,Pong1PCB2L336P__seed_8_1763344785
9060352,1-Training-Losses/approx_kl,2.533459337428212e-06,Pong1PCB2L336P__seed_8_1763344785
9064448,1-Training-Losses/approx_kl,8.325732778757811e-07,Pong1PCB2L336P__seed_8_1763344785
9068544,1-Training-Losses/approx_kl,2.1971354726701975e-06,Pong1PCB2L336P__seed_8_1763344785
9072640,1-Training-Losses/approx_kl,5.0981470849365e-06,Pong1PCB2L336P__seed_8_1763344785
9076736,1-Training-Losses/approx_kl,1.4739562175236642e-06,Pong1PCB2L336P__seed_8_1763344785
9080832,1-Training-Losses/approx_kl,1.3162789400666952e-06,Pong1PCB2L336P__seed_8_1763344785
9084928,1-Training-Losses/approx_kl,9.92309651337564e-06,Pong1PCB2L336P__seed_8_1763344785
9089024,1-Training-Losses/approx_kl,2.5492088752798736e-05,Pong1PCB2L336P__seed_8_1763344785
9093120,1-Training-Losses/approx_kl,4.7542707761749625e-06,Pong1PCB2L336P__seed_8_1763344785
9097216,1-Training-Losses/approx_kl,5.700756446458399e-06,Pong1PCB2L336P__seed_8_1763344785
9101312,1-Training-Losses/approx_kl,4.607572918757796e-06,Pong1PCB2L336P__seed_8_1763344785
9105408,1-Training-Losses/approx_kl,4.163579433225095e-06,Pong1PCB2L336P__seed_8_1763344785
9109504,1-Training-Losses/approx_kl,1.8192367861047387e-06,Pong1PCB2L336P__seed_8_1763344785
9113600,1-Training-Losses/approx_kl,1.0494914022274315e-05,Pong1PCB2L336P__seed_8_1763344785
9117696,1-Training-Losses/approx_kl,1.2640957720577717e-06,Pong1PCB2L336P__seed_8_1763344785
9121792,1-Training-Losses/approx_kl,2.482396666891873e-06,Pong1PCB2L336P__seed_8_1763344785
9125888,1-Training-Losses/approx_kl,1.6709629562683403e-05,Pong1PCB2L336P__seed_8_1763344785
9129984,1-Training-Losses/approx_kl,9.946539648808539e-06,Pong1PCB2L336P__seed_8_1763344785
9134080,1-Training-Losses/approx_kl,5.613284884020686e-06,Pong1PCB2L336P__seed_8_1763344785
9138176,1-Training-Losses/approx_kl,1.840673212427646e-05,Pong1PCB2L336P__seed_8_1763344785
9142272,1-Training-Losses/approx_kl,5.190202500671148e-06,Pong1PCB2L336P__seed_8_1763344785
9146368,1-Training-Losses/approx_kl,4.2127794586122036e-07,Pong1PCB2L336P__seed_8_1763344785
9150464,1-Training-Losses/approx_kl,9.888899512588978e-07,Pong1PCB2L336P__seed_8_1763344785
9154560,1-Training-Losses/approx_kl,3.790337359532714e-07,Pong1PCB2L336P__seed_8_1763344785
9158656,1-Training-Losses/approx_kl,1.290172804147005e-07,Pong1PCB2L336P__seed_8_1763344785
9162752,1-Training-Losses/approx_kl,2.8400245355442166e-07,Pong1PCB2L336P__seed_8_1763344785
9166848,1-Training-Losses/approx_kl,1.3425742508843541e-06,Pong1PCB2L336P__seed_8_1763344785
9170944,1-Training-Losses/approx_kl,5.791400326415896e-06,Pong1PCB2L336P__seed_8_1763344785
9175040,1-Training-Losses/approx_kl,1.1776995961554348e-05,Pong1PCB2L336P__seed_8_1763344785
9179136,1-Training-Losses/approx_kl,2.0511753973551095e-05,Pong1PCB2L336P__seed_8_1763344785
9183232,1-Training-Losses/approx_kl,1.8877617549151182e-05,Pong1PCB2L336P__seed_8_1763344785
9187328,1-Training-Losses/approx_kl,6.579677574336529e-06,Pong1PCB2L336P__seed_8_1763344785
9191424,1-Training-Losses/approx_kl,8.342904038727283e-07,Pong1PCB2L336P__seed_8_1763344785
9195520,1-Training-Losses/approx_kl,2.0397856133058667e-06,Pong1PCB2L336P__seed_8_1763344785
9199616,1-Training-Losses/approx_kl,1.1790689313784242e-06,Pong1PCB2L336P__seed_8_1763344785
9203712,1-Training-Losses/approx_kl,1.6550329746678472e-06,Pong1PCB2L336P__seed_8_1763344785
9207808,1-Training-Losses/approx_kl,5.05715433973819e-07,Pong1PCB2L336P__seed_8_1763344785
9211904,1-Training-Losses/approx_kl,7.617221854161471e-06,Pong1PCB2L336P__seed_8_1763344785
9216000,1-Training-Losses/approx_kl,3.3804099075496197e-07,Pong1PCB2L336P__seed_8_1763344785
9220096,1-Training-Losses/approx_kl,5.374524334911257e-06,Pong1PCB2L336P__seed_8_1763344785
9224192,1-Training-Losses/approx_kl,7.516457117162645e-06,Pong1PCB2L336P__seed_8_1763344785
9228288,1-Training-Losses/approx_kl,1.7729907995089889e-06,Pong1PCB2L336P__seed_8_1763344785
9232384,1-Training-Losses/approx_kl,8.143542800098658e-07,Pong1PCB2L336P__seed_8_1763344785
9236480,1-Training-Losses/approx_kl,1.463631633669138e-06,Pong1PCB2L336P__seed_8_1763344785
9240576,1-Training-Losses/approx_kl,1.0096919140778482e-06,Pong1PCB2L336P__seed_8_1763344785
9244672,1-Training-Losses/approx_kl,3.179753548465669e-06,Pong1PCB2L336P__seed_8_1763344785
9248768,1-Training-Losses/approx_kl,2.940316335298121e-06,Pong1PCB2L336P__seed_8_1763344785
9252864,1-Training-Losses/approx_kl,3.380700945854187e-07,Pong1PCB2L336P__seed_8_1763344785
9256960,1-Training-Losses/approx_kl,5.014066118746996e-06,Pong1PCB2L336P__seed_8_1763344785
9261056,1-Training-Losses/approx_kl,8.415052434429526e-06,Pong1PCB2L336P__seed_8_1763344785
9265152,1-Training-Losses/approx_kl,1.1618387361522764e-05,Pong1PCB2L336P__seed_8_1763344785
9269248,1-Training-Losses/approx_kl,7.811002433300018e-06,Pong1PCB2L336P__seed_8_1763344785
9273344,1-Training-Losses/approx_kl,2.7913483791053295e-07,Pong1PCB2L336P__seed_8_1763344785
9277440,1-Training-Losses/approx_kl,4.754256224259734e-07,Pong1PCB2L336P__seed_8_1763344785
9281536,1-Training-Losses/approx_kl,7.030539563857019e-07,Pong1PCB2L336P__seed_8_1763344785
9285632,1-Training-Losses/approx_kl,4.474350134842098e-06,Pong1PCB2L336P__seed_8_1763344785
9289728,1-Training-Losses/approx_kl,1.2130112736485898e-05,Pong1PCB2L336P__seed_8_1763344785
9293824,1-Training-Losses/approx_kl,2.1305684640537947e-05,Pong1PCB2L336P__seed_8_1763344785
9297920,1-Training-Losses/approx_kl,1.5895864635240287e-05,Pong1PCB2L336P__seed_8_1763344785
9302016,1-Training-Losses/approx_kl,3.5034900065511465e-06,Pong1PCB2L336P__seed_8_1763344785
9306112,1-Training-Losses/approx_kl,3.1465315259993076e-06,Pong1PCB2L336P__seed_8_1763344785
9310208,1-Training-Losses/approx_kl,1.4600373106077313e-06,Pong1PCB2L336P__seed_8_1763344785
9314304,1-Training-Losses/approx_kl,3.069391823373735e-06,Pong1PCB2L336P__seed_8_1763344785
9318400,1-Training-Losses/approx_kl,4.965448169969022e-06,Pong1PCB2L336P__seed_8_1763344785
9322496,1-Training-Losses/approx_kl,3.043300239369273e-06,Pong1PCB2L336P__seed_8_1763344785
9326592,1-Training-Losses/approx_kl,9.959825547412038e-06,Pong1PCB2L336P__seed_8_1763344785
9330688,1-Training-Losses/approx_kl,7.5159259722568095e-06,Pong1PCB2L336P__seed_8_1763344785
9334784,1-Training-Losses/approx_kl,1.9267419702373445e-05,Pong1PCB2L336P__seed_8_1763344785
9338880,1-Training-Losses/approx_kl,2.7205584046896547e-05,Pong1PCB2L336P__seed_8_1763344785
9342976,1-Training-Losses/approx_kl,1.3357421266846359e-05,Pong1PCB2L336P__seed_8_1763344785
9347072,1-Training-Losses/approx_kl,3.266970452386886e-06,Pong1PCB2L336P__seed_8_1763344785
9351168,1-Training-Losses/approx_kl,1.7658749129623175e-07,Pong1PCB2L336P__seed_8_1763344785
9355264,1-Training-Losses/approx_kl,6.894042599014938e-07,Pong1PCB2L336P__seed_8_1763344785
9359360,1-Training-Losses/approx_kl,1.760621671564877e-06,Pong1PCB2L336P__seed_8_1763344785
9363456,1-Training-Losses/approx_kl,2.831591700669378e-06,Pong1PCB2L336P__seed_8_1763344785
9367552,1-Training-Losses/approx_kl,5.903595592826605e-06,Pong1PCB2L336P__seed_8_1763344785
9371648,1-Training-Losses/approx_kl,5.115623935125768e-06,Pong1PCB2L336P__seed_8_1763344785
9375744,1-Training-Losses/approx_kl,4.059882485307753e-06,Pong1PCB2L336P__seed_8_1763344785
9379840,1-Training-Losses/approx_kl,5.686888471245766e-07,Pong1PCB2L336P__seed_8_1763344785
9383936,1-Training-Losses/approx_kl,8.950242772698402e-06,Pong1PCB2L336P__seed_8_1763344785
9388032,1-Training-Losses/approx_kl,1.4824749086983502e-05,Pong1PCB2L336P__seed_8_1763344785
9392128,1-Training-Losses/approx_kl,5.806774424854666e-06,Pong1PCB2L336P__seed_8_1763344785
9396224,1-Training-Losses/approx_kl,1.1987503967247903e-06,Pong1PCB2L336P__seed_8_1763344785
9400320,1-Training-Losses/approx_kl,1.7475394997745752e-07,Pong1PCB2L336P__seed_8_1763344785
9404416,1-Training-Losses/approx_kl,9.137147571891546e-07,Pong1PCB2L336P__seed_8_1763344785
9408512,1-Training-Losses/approx_kl,2.703352947719395e-06,Pong1PCB2L336P__seed_8_1763344785
9412608,1-Training-Losses/approx_kl,6.8560621002689e-07,Pong1PCB2L336P__seed_8_1763344785
9416704,1-Training-Losses/approx_kl,1.450302079319954e-06,Pong1PCB2L336P__seed_8_1763344785
9420800,1-Training-Losses/approx_kl,2.011191099882126e-06,Pong1PCB2L336P__seed_8_1763344785
9424896,1-Training-Losses/approx_kl,2.7485948521643877e-06,Pong1PCB2L336P__seed_8_1763344785
9428992,1-Training-Losses/approx_kl,2.151500666514039e-06,Pong1PCB2L336P__seed_8_1763344785
9433088,1-Training-Losses/approx_kl,4.2676401790231466e-07,Pong1PCB2L336P__seed_8_1763344785
9437184,1-Training-Losses/approx_kl,1.5160476323217154e-06,Pong1PCB2L336P__seed_8_1763344785
9441280,1-Training-Losses/approx_kl,7.313894457183778e-06,Pong1PCB2L336P__seed_8_1763344785
9445376,1-Training-Losses/approx_kl,1.0647301678545773e-05,Pong1PCB2L336P__seed_8_1763344785
9449472,1-Training-Losses/approx_kl,4.298446583561599e-06,Pong1PCB2L336P__seed_8_1763344785
9453568,1-Training-Losses/approx_kl,2.5708868633955717e-07,Pong1PCB2L336P__seed_8_1763344785
9457664,1-Training-Losses/approx_kl,1.275766408070922e-07,Pong1PCB2L336P__seed_8_1763344785
9461760,1-Training-Losses/approx_kl,5.538458935916424e-08,Pong1PCB2L336P__seed_8_1763344785
9465856,1-Training-Losses/approx_kl,9.761934052221477e-07,Pong1PCB2L336P__seed_8_1763344785
9469952,1-Training-Losses/approx_kl,8.633665856905282e-06,Pong1PCB2L336P__seed_8_1763344785
9474048,1-Training-Losses/approx_kl,8.513001375831664e-06,Pong1PCB2L336P__seed_8_1763344785
9478144,1-Training-Losses/approx_kl,1.039355993270874e-06,Pong1PCB2L336P__seed_8_1763344785
9482240,1-Training-Losses/approx_kl,3.319291863590479e-08,Pong1PCB2L336P__seed_8_1763344785
9486336,1-Training-Losses/approx_kl,2.811721060425043e-07,Pong1PCB2L336P__seed_8_1763344785
9490432,1-Training-Losses/approx_kl,7.746129995211959e-07,Pong1PCB2L336P__seed_8_1763344785
9494528,1-Training-Losses/approx_kl,4.537869244813919e-07,Pong1PCB2L336P__seed_8_1763344785
9498624,1-Training-Losses/approx_kl,1.785971107892692e-06,Pong1PCB2L336P__seed_8_1763344785
9502720,1-Training-Losses/approx_kl,1.4666293282061815e-06,Pong1PCB2L336P__seed_8_1763344785
9506816,1-Training-Losses/approx_kl,5.136971594765782e-07,Pong1PCB2L336P__seed_8_1763344785
9510912,1-Training-Losses/approx_kl,2.487358869984746e-07,Pong1PCB2L336P__seed_8_1763344785
9515008,1-Training-Losses/approx_kl,1.5728437574580312e-07,Pong1PCB2L336P__seed_8_1763344785
9519104,1-Training-Losses/approx_kl,4.750327207148075e-07,Pong1PCB2L336P__seed_8_1763344785
9523200,1-Training-Losses/approx_kl,7.90998456068337e-07,Pong1PCB2L336P__seed_8_1763344785
9527296,1-Training-Losses/approx_kl,8.648858056403697e-07,Pong1PCB2L336P__seed_8_1763344785
9531392,1-Training-Losses/approx_kl,1.0395378922112286e-06,Pong1PCB2L336P__seed_8_1763344785
9535488,1-Training-Losses/approx_kl,1.9516810425557196e-06,Pong1PCB2L336P__seed_8_1763344785
9539584,1-Training-Losses/approx_kl,3.1338422559201717e-06,Pong1PCB2L336P__seed_8_1763344785
9543680,1-Training-Losses/approx_kl,4.202796844765544e-06,Pong1PCB2L336P__seed_8_1763344785
9547776,1-Training-Losses/approx_kl,3.2029638532549143e-06,Pong1PCB2L336P__seed_8_1763344785
9551872,1-Training-Losses/approx_kl,1.4486649888567626e-06,Pong1PCB2L336P__seed_8_1763344785
9555968,1-Training-Losses/approx_kl,1.1834490578621626e-06,Pong1PCB2L336P__seed_8_1763344785
9560064,1-Training-Losses/approx_kl,1.513253664597869e-06,Pong1PCB2L336P__seed_8_1763344785
9564160,1-Training-Losses/approx_kl,7.828421075828373e-07,Pong1PCB2L336P__seed_8_1763344785
9568256,1-Training-Losses/approx_kl,8.049682946875691e-07,Pong1PCB2L336P__seed_8_1763344785
9572352,1-Training-Losses/approx_kl,4.4239277485758066e-07,Pong1PCB2L336P__seed_8_1763344785
9576448,1-Training-Losses/approx_kl,2.5661574909463525e-07,Pong1PCB2L336P__seed_8_1763344785
9580544,1-Training-Losses/approx_kl,7.790658855810761e-07,Pong1PCB2L336P__seed_8_1763344785
9584640,1-Training-Losses/approx_kl,7.899725460447371e-07,Pong1PCB2L336P__seed_8_1763344785
9588736,1-Training-Losses/approx_kl,4.604225978255272e-07,Pong1PCB2L336P__seed_8_1763344785
9592832,1-Training-Losses/approx_kl,1.0923395166173577e-06,Pong1PCB2L336P__seed_8_1763344785
9596928,1-Training-Losses/approx_kl,3.037777787540108e-06,Pong1PCB2L336P__seed_8_1763344785
9601024,1-Training-Losses/approx_kl,5.350171704776585e-06,Pong1PCB2L336P__seed_8_1763344785
9605120,1-Training-Losses/approx_kl,3.4516924642957747e-06,Pong1PCB2L336P__seed_8_1763344785
9609216,1-Training-Losses/approx_kl,4.144894774071872e-06,Pong1PCB2L336P__seed_8_1763344785
9613312,1-Training-Losses/approx_kl,5.450317985378206e-06,Pong1PCB2L336P__seed_8_1763344785
9617408,1-Training-Losses/approx_kl,4.795714630745351e-06,Pong1PCB2L336P__seed_8_1763344785
9621504,1-Training-Losses/approx_kl,4.8152796807698905e-06,Pong1PCB2L336P__seed_8_1763344785
9625600,1-Training-Losses/approx_kl,3.7194258766248822e-06,Pong1PCB2L336P__seed_8_1763344785
9629696,1-Training-Losses/approx_kl,4.330882802605629e-06,Pong1PCB2L336P__seed_8_1763344785
9633792,1-Training-Losses/approx_kl,5.442539986688644e-06,Pong1PCB2L336P__seed_8_1763344785
9637888,1-Training-Losses/approx_kl,1.525317202322185e-06,Pong1PCB2L336P__seed_8_1763344785
9641984,1-Training-Losses/approx_kl,6.356422090902925e-07,Pong1PCB2L336P__seed_8_1763344785
9646080,1-Training-Losses/approx_kl,4.574918420985341e-06,Pong1PCB2L336P__seed_8_1763344785
9650176,1-Training-Losses/approx_kl,4.993256879970431e-06,Pong1PCB2L336P__seed_8_1763344785
9654272,1-Training-Losses/approx_kl,7.367634680122137e-06,Pong1PCB2L336P__seed_8_1763344785
9658368,1-Training-Losses/approx_kl,9.285453415941447e-06,Pong1PCB2L336P__seed_8_1763344785
9662464,1-Training-Losses/approx_kl,1.763517502695322e-06,Pong1PCB2L336P__seed_8_1763344785
9666560,1-Training-Losses/approx_kl,1.0269286576658487e-07,Pong1PCB2L336P__seed_8_1763344785
9670656,1-Training-Losses/approx_kl,3.101886250078678e-07,Pong1PCB2L336P__seed_8_1763344785
9674752,1-Training-Losses/approx_kl,3.0860974220559e-07,Pong1PCB2L336P__seed_8_1763344785
9678848,1-Training-Losses/approx_kl,1.276202965527773e-07,Pong1PCB2L336P__seed_8_1763344785
9682944,1-Training-Losses/approx_kl,2.9036891646683216e-07,Pong1PCB2L336P__seed_8_1763344785
9687040,1-Training-Losses/approx_kl,1.8049468053504825e-07,Pong1PCB2L336P__seed_8_1763344785
9691136,1-Training-Losses/approx_kl,8.310307748615742e-07,Pong1PCB2L336P__seed_8_1763344785
9695232,1-Training-Losses/approx_kl,4.850662662647665e-07,Pong1PCB2L336P__seed_8_1763344785
9699328,1-Training-Losses/approx_kl,5.704932846128941e-07,Pong1PCB2L336P__seed_8_1763344785
9703424,1-Training-Losses/approx_kl,7.450871635228395e-07,Pong1PCB2L336P__seed_8_1763344785
9707520,1-Training-Losses/approx_kl,5.953188519924879e-08,Pong1PCB2L336P__seed_8_1763344785
9711616,1-Training-Losses/approx_kl,1.0820804163813591e-07,Pong1PCB2L336P__seed_8_1763344785
9715712,1-Training-Losses/approx_kl,1.0077201295644045e-07,Pong1PCB2L336P__seed_8_1763344785
9719808,1-Training-Losses/approx_kl,6.964546628296375e-08,Pong1PCB2L336P__seed_8_1763344785
9723904,1-Training-Losses/approx_kl,5.284309736452997e-07,Pong1PCB2L336P__seed_8_1763344785
9728000,1-Training-Losses/approx_kl,5.628535291180015e-07,Pong1PCB2L336P__seed_8_1763344785
9732096,1-Training-Losses/approx_kl,2.98692611977458e-07,Pong1PCB2L336P__seed_8_1763344785
9736192,1-Training-Losses/approx_kl,2.1867163013666868e-07,Pong1PCB2L336P__seed_8_1763344785
9740288,1-Training-Losses/approx_kl,1.5314435586333275e-07,Pong1PCB2L336P__seed_8_1763344785
9744384,1-Training-Losses/approx_kl,1.5967088984325528e-07,Pong1PCB2L336P__seed_8_1763344785
9748480,1-Training-Losses/approx_kl,1.2945529306307435e-06,Pong1PCB2L336P__seed_8_1763344785
9752576,1-Training-Losses/approx_kl,8.216811693273485e-07,Pong1PCB2L336P__seed_8_1763344785
9756672,1-Training-Losses/approx_kl,8.450006134808064e-07,Pong1PCB2L336P__seed_8_1763344785
9760768,1-Training-Losses/approx_kl,2.0809238776564598e-07,Pong1PCB2L336P__seed_8_1763344785
9764864,1-Training-Losses/approx_kl,4.98097506351769e-07,Pong1PCB2L336P__seed_8_1763344785
9768960,1-Training-Losses/approx_kl,7.248891051858664e-07,Pong1PCB2L336P__seed_8_1763344785
9773056,1-Training-Losses/approx_kl,5.79137122258544e-07,Pong1PCB2L336P__seed_8_1763344785
9777152,1-Training-Losses/approx_kl,3.91592038795352e-07,Pong1PCB2L336P__seed_8_1763344785
9781248,1-Training-Losses/approx_kl,4.743924364447594e-08,Pong1PCB2L336P__seed_8_1763344785
9785344,1-Training-Losses/approx_kl,2.6798079488798976e-07,Pong1PCB2L336P__seed_8_1763344785
9789440,1-Training-Losses/approx_kl,1.7411366570740938e-07,Pong1PCB2L336P__seed_8_1763344785
9793536,1-Training-Losses/approx_kl,1.2804230209439993e-07,Pong1PCB2L336P__seed_8_1763344785
9797632,1-Training-Losses/approx_kl,2.773595042526722e-07,Pong1PCB2L336P__seed_8_1763344785
9801728,1-Training-Losses/approx_kl,3.465538611635566e-08,Pong1PCB2L336P__seed_8_1763344785
9805824,1-Training-Losses/approx_kl,2.3409666027873755e-07,Pong1PCB2L336P__seed_8_1763344785
9809920,1-Training-Losses/approx_kl,5.384208634495735e-08,Pong1PCB2L336P__seed_8_1763344785
9814016,1-Training-Losses/approx_kl,3.402674337849021e-07,Pong1PCB2L336P__seed_8_1763344785
9818112,1-Training-Losses/approx_kl,5.281617632135749e-07,Pong1PCB2L336P__seed_8_1763344785
9822208,1-Training-Losses/approx_kl,5.123438313603401e-07,Pong1PCB2L336P__seed_8_1763344785
9826304,1-Training-Losses/approx_kl,4.484681994654238e-07,Pong1PCB2L336P__seed_8_1763344785
9830400,1-Training-Losses/approx_kl,1.783628249540925e-07,Pong1PCB2L336P__seed_8_1763344785
9834496,1-Training-Losses/approx_kl,2.0139850676059723e-07,Pong1PCB2L336P__seed_8_1763344785
9838592,1-Training-Losses/approx_kl,8.457573130726814e-08,Pong1PCB2L336P__seed_8_1763344785
9842688,1-Training-Losses/approx_kl,1.300359144806862e-07,Pong1PCB2L336P__seed_8_1763344785
9846784,1-Training-Losses/approx_kl,2.912202035076916e-07,Pong1PCB2L336P__seed_8_1763344785
9850880,1-Training-Losses/approx_kl,1.0788789950311184e-07,Pong1PCB2L336P__seed_8_1763344785
9854976,1-Training-Losses/approx_kl,2.611486706882715e-07,Pong1PCB2L336P__seed_8_1763344785
9859072,1-Training-Losses/approx_kl,3.3011019695550203e-08,Pong1PCB2L336P__seed_8_1763344785
9863168,1-Training-Losses/approx_kl,1.5243131201714277e-07,Pong1PCB2L336P__seed_8_1763344785
9867264,1-Training-Losses/approx_kl,3.5315315471962094e-07,Pong1PCB2L336P__seed_8_1763344785
9871360,1-Training-Losses/approx_kl,2.071174094453454e-07,Pong1PCB2L336P__seed_8_1763344785
9875456,1-Training-Losses/approx_kl,2.667366061359644e-08,Pong1PCB2L336P__seed_8_1763344785
9879552,1-Training-Losses/approx_kl,1.3897079043090343e-08,Pong1PCB2L336P__seed_8_1763344785
9883648,1-Training-Losses/approx_kl,2.3239408619701862e-08,Pong1PCB2L336P__seed_8_1763344785
9887744,1-Training-Losses/approx_kl,1.1750671546906233e-07,Pong1PCB2L336P__seed_8_1763344785
9891840,1-Training-Losses/approx_kl,9.655195754021406e-08,Pong1PCB2L336P__seed_8_1763344785
9895936,1-Training-Losses/approx_kl,1.5665136743336916e-08,Pong1PCB2L336P__seed_8_1763344785
9900032,1-Training-Losses/approx_kl,5.653419066220522e-08,Pong1PCB2L336P__seed_8_1763344785
9904128,1-Training-Losses/approx_kl,1.2325472198426723e-08,Pong1PCB2L336P__seed_8_1763344785
9908224,1-Training-Losses/approx_kl,1.2943928595632315e-08,Pong1PCB2L336P__seed_8_1763344785
9912320,1-Training-Losses/approx_kl,1.6720150597393513e-08,Pong1PCB2L336P__seed_8_1763344785
9916416,1-Training-Losses/approx_kl,2.5262124836444855e-08,Pong1PCB2L336P__seed_8_1763344785
9920512,1-Training-Losses/approx_kl,3.045715857297182e-08,Pong1PCB2L336P__seed_8_1763344785
9924608,1-Training-Losses/approx_kl,1.0168878361582756e-07,Pong1PCB2L336P__seed_8_1763344785
9928704,1-Training-Losses/approx_kl,1.1987140169367194e-07,Pong1PCB2L336P__seed_8_1763344785
9932800,1-Training-Losses/approx_kl,4.396133590489626e-08,Pong1PCB2L336P__seed_8_1763344785
9936896,1-Training-Losses/approx_kl,9.902578312903643e-09,Pong1PCB2L336P__seed_8_1763344785
9940992,1-Training-Losses/approx_kl,1.858279574662447e-08,Pong1PCB2L336P__seed_8_1763344785
9945088,1-Training-Losses/approx_kl,1.645821612328291e-08,Pong1PCB2L336P__seed_8_1763344785
9949184,1-Training-Losses/approx_kl,1.287116901949048e-08,Pong1PCB2L336P__seed_8_1763344785
9953280,1-Training-Losses/approx_kl,1.0302755981683731e-08,Pong1PCB2L336P__seed_8_1763344785
9957376,1-Training-Losses/approx_kl,7.785274647176266e-09,Pong1PCB2L336P__seed_8_1763344785
9961472,1-Training-Losses/approx_kl,1.2951204553246498e-08,Pong1PCB2L336P__seed_8_1763344785
9965568,1-Training-Losses/approx_kl,2.006709109991789e-08,Pong1PCB2L336P__seed_8_1763344785
9969664,1-Training-Losses/approx_kl,9.70612745732069e-09,Pong1PCB2L336P__seed_8_1763344785
9973760,1-Training-Losses/approx_kl,1.4013494364917278e-08,Pong1PCB2L336P__seed_8_1763344785
9977856,1-Training-Losses/approx_kl,1.225271262228489e-08,Pong1PCB2L336P__seed_8_1763344785
9981952,1-Training-Losses/approx_kl,1.1568772606551647e-08,Pong1PCB2L336P__seed_8_1763344785
9986048,1-Training-Losses/approx_kl,7.741618901491165e-09,Pong1PCB2L336P__seed_8_1763344785
9990144,1-Training-Losses/approx_kl,5.2241375669837e-09,Pong1PCB2L336P__seed_8_1763344785
9994240,1-Training-Losses/approx_kl,7.0285750553011894e-09,Pong1PCB2L336P__seed_8_1763344785
9998336,1-Training-Losses/approx_kl,4.147295840084553e-09,Pong1PCB2L336P__seed_8_1763344785
4096,1-Training-Losses/clipfrac,0.0,Pong1PCB2L336P__seed_8_1763344785
8192,1-Training-Losses/clipfrac,0.0,Pong1PCB2L336P__seed_8_1763344785
12288,1-Training-Losses/clipfrac,0.0,Pong1PCB2L336P__seed_8_1763344785
16384,1-Training-Losses/clipfrac,0.0,Pong1PCB2L336P__seed_8_1763344785
20480,1-Training-Losses/clipfrac,0.0,Pong1PCB2L336P__seed_8_1763344785
24576,1-Training-Losses/clipfrac,0.0,Pong1PCB2L336P__seed_8_1763344785
28672,1-Training-Losses/clipfrac,0.0,Pong1PCB2L336P__seed_8_1763344785
32768,1-Training-Losses/clipfrac,0.0,Pong1PCB2L336P__seed_8_1763344785
36864,1-Training-Losses/clipfrac,0.0,Pong1PCB2L336P__seed_8_1763344785
40960,1-Training-Losses/clipfrac,0.0,Pong1PCB2L336P__seed_8_1763344785
45056,1-Training-Losses/clipfrac,0.0,Pong1PCB2L336P__seed_8_1763344785
49152,1-Training-Losses/clipfrac,0.0,Pong1PCB2L336P__seed_8_1763344785
53248,1-Training-Losses/clipfrac,0.0,Pong1PCB2L336P__seed_8_1763344785
57344,1-Training-Losses/clipfrac,0.0,Pong1PCB2L336P__seed_8_1763344785
61440,1-Training-Losses/clipfrac,0.0,Pong1PCB2L336P__seed_8_1763344785
65536,1-Training-Losses/clipfrac,0.0,Pong1PCB2L336P__seed_8_1763344785
69632,1-Training-Losses/clipfrac,0.0,Pong1PCB2L336P__seed_8_1763344785
73728,1-Training-Losses/clipfrac,0.0,Pong1PCB2L336P__seed_8_1763344785
77824,1-Training-Losses/clipfrac,0.0,Pong1PCB2L336P__seed_8_1763344785
81920,1-Training-Losses/clipfrac,0.0,Pong1PCB2L336P__seed_8_1763344785
86016,1-Training-Losses/clipfrac,0.0,Pong1PCB2L336P__seed_8_1763344785
90112,1-Training-Losses/clipfrac,0.0,Pong1PCB2L336P__seed_8_1763344785
94208,1-Training-Losses/clipfrac,0.0,Pong1PCB2L336P__seed_8_1763344785
98304,1-Training-Losses/clipfrac,0.0,Pong1PCB2L336P__seed_8_1763344785
102400,1-Training-Losses/clipfrac,0.0,Pong1PCB2L336P__seed_8_1763344785
106496,1-Training-Losses/clipfrac,0.0,Pong1PCB2L336P__seed_8_1763344785
110592,1-Training-Losses/clipfrac,0.0,Pong1PCB2L336P__seed_8_1763344785
114688,1-Training-Losses/clipfrac,0.0,Pong1PCB2L336P__seed_8_1763344785
118784,1-Training-Losses/clipfrac,0.0,Pong1PCB2L336P__seed_8_1763344785
122880,1-Training-Losses/clipfrac,0.0,Pong1PCB2L336P__seed_8_1763344785
126976,1-Training-Losses/clipfrac,0.0,Pong1PCB2L336P__seed_8_1763344785
131072,1-Training-Losses/clipfrac,0.0,Pong1PCB2L336P__seed_8_1763344785
135168,1-Training-Losses/clipfrac,0.0,Pong1PCB2L336P__seed_8_1763344785
139264,1-Training-Losses/clipfrac,0.0,Pong1PCB2L336P__seed_8_1763344785
143360,1-Training-Losses/clipfrac,0.0,Pong1PCB2L336P__seed_8_1763344785
147456,1-Training-Losses/clipfrac,0.0,Pong1PCB2L336P__seed_8_1763344785
151552,1-Training-Losses/clipfrac,0.0,Pong1PCB2L336P__seed_8_1763344785
155648,1-Training-Losses/clipfrac,0.0,Pong1PCB2L336P__seed_8_1763344785
159744,1-Training-Losses/clipfrac,0.0,Pong1PCB2L336P__seed_8_1763344785
163840,1-Training-Losses/clipfrac,0.0,Pong1PCB2L336P__seed_8_1763344785
167936,1-Training-Losses/clipfrac,0.0,Pong1PCB2L336P__seed_8_1763344785
172032,1-Training-Losses/clipfrac,0.0,Pong1PCB2L336P__seed_8_1763344785
176128,1-Training-Losses/clipfrac,0.0,Pong1PCB2L336P__seed_8_1763344785
180224,1-Training-Losses/clipfrac,0.0,Pong1PCB2L336P__seed_8_1763344785
184320,1-Training-Losses/clipfrac,0.0,Pong1PCB2L336P__seed_8_1763344785
188416,1-Training-Losses/clipfrac,0.0,Pong1PCB2L336P__seed_8_1763344785
192512,1-Training-Losses/clipfrac,0.0,Pong1PCB2L336P__seed_8_1763344785
196608,1-Training-Losses/clipfrac,0.0,Pong1PCB2L336P__seed_8_1763344785
200704,1-Training-Losses/clipfrac,0.0,Pong1PCB2L336P__seed_8_1763344785
204800,1-Training-Losses/clipfrac,0.0,Pong1PCB2L336P__seed_8_1763344785
208896,1-Training-Losses/clipfrac,0.0,Pong1PCB2L336P__seed_8_1763344785
212992,1-Training-Losses/clipfrac,0.0,Pong1PCB2L336P__seed_8_1763344785
217088,1-Training-Losses/clipfrac,0.0,Pong1PCB2L336P__seed_8_1763344785
221184,1-Training-Losses/clipfrac,0.0,Pong1PCB2L336P__seed_8_1763344785
225280,1-Training-Losses/clipfrac,0.0,Pong1PCB2L336P__seed_8_1763344785
229376,1-Training-Losses/clipfrac,0.0,Pong1PCB2L336P__seed_8_1763344785
233472,1-Training-Losses/clipfrac,0.0,Pong1PCB2L336P__seed_8_1763344785
237568,1-Training-Losses/clipfrac,0.0,Pong1PCB2L336P__seed_8_1763344785
241664,1-Training-Losses/clipfrac,0.0,Pong1PCB2L336P__seed_8_1763344785
245760,1-Training-Losses/clipfrac,0.0,Pong1PCB2L336P__seed_8_1763344785
249856,1-Training-Losses/clipfrac,0.0,Pong1PCB2L336P__seed_8_1763344785
253952,1-Training-Losses/clipfrac,0.0,Pong1PCB2L336P__seed_8_1763344785
258048,1-Training-Losses/clipfrac,0.0,Pong1PCB2L336P__seed_8_1763344785
262144,1-Training-Losses/clipfrac,0.0,Pong1PCB2L336P__seed_8_1763344785
266240,1-Training-Losses/clipfrac,0.0,Pong1PCB2L336P__seed_8_1763344785
270336,1-Training-Losses/clipfrac,0.0,Pong1PCB2L336P__seed_8_1763344785
274432,1-Training-Losses/clipfrac,0.0,Pong1PCB2L336P__seed_8_1763344785
278528,1-Training-Losses/clipfrac,0.0,Pong1PCB2L336P__seed_8_1763344785
282624,1-Training-Losses/clipfrac,0.0,Pong1PCB2L336P__seed_8_1763344785
286720,1-Training-Losses/clipfrac,0.0,Pong1PCB2L336P__seed_8_1763344785
290816,1-Training-Losses/clipfrac,0.0,Pong1PCB2L336P__seed_8_1763344785
294912,1-Training-Losses/clipfrac,0.0,Pong1PCB2L336P__seed_8_1763344785
299008,1-Training-Losses/clipfrac,0.0,Pong1PCB2L336P__seed_8_1763344785
303104,1-Training-Losses/clipfrac,0.0,Pong1PCB2L336P__seed_8_1763344785
307200,1-Training-Losses/clipfrac,0.0,Pong1PCB2L336P__seed_8_1763344785
311296,1-Training-Losses/clipfrac,0.0,Pong1PCB2L336P__seed_8_1763344785
315392,1-Training-Losses/clipfrac,0.0,Pong1PCB2L336P__seed_8_1763344785
319488,1-Training-Losses/clipfrac,0.0,Pong1PCB2L336P__seed_8_1763344785
323584,1-Training-Losses/clipfrac,0.0,Pong1PCB2L336P__seed_8_1763344785
327680,1-Training-Losses/clipfrac,0.0,Pong1PCB2L336P__seed_8_1763344785
331776,1-Training-Losses/clipfrac,0.0,Pong1PCB2L336P__seed_8_1763344785
335872,1-Training-Losses/clipfrac,0.0,Pong1PCB2L336P__seed_8_1763344785
339968,1-Training-Losses/clipfrac,0.0,Pong1PCB2L336P__seed_8_1763344785
344064,1-Training-Losses/clipfrac,0.0,Pong1PCB2L336P__seed_8_1763344785
348160,1-Training-Losses/clipfrac,0.0,Pong1PCB2L336P__seed_8_1763344785
352256,1-Training-Losses/clipfrac,0.0,Pong1PCB2L336P__seed_8_1763344785
356352,1-Training-Losses/clipfrac,0.0,Pong1PCB2L336P__seed_8_1763344785
360448,1-Training-Losses/clipfrac,0.0,Pong1PCB2L336P__seed_8_1763344785
364544,1-Training-Losses/clipfrac,0.0,Pong1PCB2L336P__seed_8_1763344785
368640,1-Training-Losses/clipfrac,0.0,Pong1PCB2L336P__seed_8_1763344785
372736,1-Training-Losses/clipfrac,0.0,Pong1PCB2L336P__seed_8_1763344785
376832,1-Training-Losses/clipfrac,0.0,Pong1PCB2L336P__seed_8_1763344785
380928,1-Training-Losses/clipfrac,0.0,Pong1PCB2L336P__seed_8_1763344785
385024,1-Training-Losses/clipfrac,0.0,Pong1PCB2L336P__seed_8_1763344785
389120,1-Training-Losses/clipfrac,0.0,Pong1PCB2L336P__seed_8_1763344785
393216,1-Training-Losses/clipfrac,0.0,Pong1PCB2L336P__seed_8_1763344785
397312,1-Training-Losses/clipfrac,0.0,Pong1PCB2L336P__seed_8_1763344785
401408,1-Training-Losses/clipfrac,0.0,Pong1PCB2L336P__seed_8_1763344785
405504,1-Training-Losses/clipfrac,0.0,Pong1PCB2L336P__seed_8_1763344785
409600,1-Training-Losses/clipfrac,0.0,Pong1PCB2L336P__seed_8_1763344785
413696,1-Training-Losses/clipfrac,0.0,Pong1PCB2L336P__seed_8_1763344785
417792,1-Training-Losses/clipfrac,0.0,Pong1PCB2L336P__seed_8_1763344785
421888,1-Training-Losses/clipfrac,0.0,Pong1PCB2L336P__seed_8_1763344785
425984,1-Training-Losses/clipfrac,0.0,Pong1PCB2L336P__seed_8_1763344785
430080,1-Training-Losses/clipfrac,0.0,Pong1PCB2L336P__seed_8_1763344785
434176,1-Training-Losses/clipfrac,0.0,Pong1PCB2L336P__seed_8_1763344785
438272,1-Training-Losses/clipfrac,0.0,Pong1PCB2L336P__seed_8_1763344785
442368,1-Training-Losses/clipfrac,0.0,Pong1PCB2L336P__seed_8_1763344785
446464,1-Training-Losses/clipfrac,0.0,Pong1PCB2L336P__seed_8_1763344785
450560,1-Training-Losses/clipfrac,0.0,Pong1PCB2L336P__seed_8_1763344785
454656,1-Training-Losses/clipfrac,0.0,Pong1PCB2L336P__seed_8_1763344785
458752,1-Training-Losses/clipfrac,0.0,Pong1PCB2L336P__seed_8_1763344785
462848,1-Training-Losses/clipfrac,0.0,Pong1PCB2L336P__seed_8_1763344785
466944,1-Training-Losses/clipfrac,0.0,Pong1PCB2L336P__seed_8_1763344785
471040,1-Training-Losses/clipfrac,0.0,Pong1PCB2L336P__seed_8_1763344785
475136,1-Training-Losses/clipfrac,0.0,Pong1PCB2L336P__seed_8_1763344785
479232,1-Training-Losses/clipfrac,0.0,Pong1PCB2L336P__seed_8_1763344785
483328,1-Training-Losses/clipfrac,0.0,Pong1PCB2L336P__seed_8_1763344785
487424,1-Training-Losses/clipfrac,0.0,Pong1PCB2L336P__seed_8_1763344785
491520,1-Training-Losses/clipfrac,0.0,Pong1PCB2L336P__seed_8_1763344785
495616,1-Training-Losses/clipfrac,0.0,Pong1PCB2L336P__seed_8_1763344785
499712,1-Training-Losses/clipfrac,0.0,Pong1PCB2L336P__seed_8_1763344785
503808,1-Training-Losses/clipfrac,0.0,Pong1PCB2L336P__seed_8_1763344785
507904,1-Training-Losses/clipfrac,0.0,Pong1PCB2L336P__seed_8_1763344785
512000,1-Training-Losses/clipfrac,0.0,Pong1PCB2L336P__seed_8_1763344785
516096,1-Training-Losses/clipfrac,0.0,Pong1PCB2L336P__seed_8_1763344785
520192,1-Training-Losses/clipfrac,0.0,Pong1PCB2L336P__seed_8_1763344785
524288,1-Training-Losses/clipfrac,0.0,Pong1PCB2L336P__seed_8_1763344785
528384,1-Training-Losses/clipfrac,0.0,Pong1PCB2L336P__seed_8_1763344785
532480,1-Training-Losses/clipfrac,0.0,Pong1PCB2L336P__seed_8_1763344785
536576,1-Training-Losses/clipfrac,0.0,Pong1PCB2L336P__seed_8_1763344785
540672,1-Training-Losses/clipfrac,0.0,Pong1PCB2L336P__seed_8_1763344785
544768,1-Training-Losses/clipfrac,0.0,Pong1PCB2L336P__seed_8_1763344785
548864,1-Training-Losses/clipfrac,0.0,Pong1PCB2L336P__seed_8_1763344785
552960,1-Training-Losses/clipfrac,0.0,Pong1PCB2L336P__seed_8_1763344785
557056,1-Training-Losses/clipfrac,0.0,Pong1PCB2L336P__seed_8_1763344785
561152,1-Training-Losses/clipfrac,0.0,Pong1PCB2L336P__seed_8_1763344785
565248,1-Training-Losses/clipfrac,0.0,Pong1PCB2L336P__seed_8_1763344785
569344,1-Training-Losses/clipfrac,0.0,Pong1PCB2L336P__seed_8_1763344785
573440,1-Training-Losses/clipfrac,0.0,Pong1PCB2L336P__seed_8_1763344785
577536,1-Training-Losses/clipfrac,0.0,Pong1PCB2L336P__seed_8_1763344785
581632,1-Training-Losses/clipfrac,0.0,Pong1PCB2L336P__seed_8_1763344785
585728,1-Training-Losses/clipfrac,0.0,Pong1PCB2L336P__seed_8_1763344785
589824,1-Training-Losses/clipfrac,0.0,Pong1PCB2L336P__seed_8_1763344785
593920,1-Training-Losses/clipfrac,0.0,Pong1PCB2L336P__seed_8_1763344785
598016,1-Training-Losses/clipfrac,0.0,Pong1PCB2L336P__seed_8_1763344785
602112,1-Training-Losses/clipfrac,0.0,Pong1PCB2L336P__seed_8_1763344785
606208,1-Training-Losses/clipfrac,0.0,Pong1PCB2L336P__seed_8_1763344785
610304,1-Training-Losses/clipfrac,0.0,Pong1PCB2L336P__seed_8_1763344785
614400,1-Training-Losses/clipfrac,0.0,Pong1PCB2L336P__seed_8_1763344785
618496,1-Training-Losses/clipfrac,0.0,Pong1PCB2L336P__seed_8_1763344785
622592,1-Training-Losses/clipfrac,0.0,Pong1PCB2L336P__seed_8_1763344785
626688,1-Training-Losses/clipfrac,0.0,Pong1PCB2L336P__seed_8_1763344785
630784,1-Training-Losses/clipfrac,0.0,Pong1PCB2L336P__seed_8_1763344785
634880,1-Training-Losses/clipfrac,0.0,Pong1PCB2L336P__seed_8_1763344785
638976,1-Training-Losses/clipfrac,0.0,Pong1PCB2L336P__seed_8_1763344785
643072,1-Training-Losses/clipfrac,0.0,Pong1PCB2L336P__seed_8_1763344785
647168,1-Training-Losses/clipfrac,0.0,Pong1PCB2L336P__seed_8_1763344785
651264,1-Training-Losses/clipfrac,0.0,Pong1PCB2L336P__seed_8_1763344785
655360,1-Training-Losses/clipfrac,0.0,Pong1PCB2L336P__seed_8_1763344785
659456,1-Training-Losses/clipfrac,0.0,Pong1PCB2L336P__seed_8_1763344785
663552,1-Training-Losses/clipfrac,0.0,Pong1PCB2L336P__seed_8_1763344785
667648,1-Training-Losses/clipfrac,0.0,Pong1PCB2L336P__seed_8_1763344785
671744,1-Training-Losses/clipfrac,0.0,Pong1PCB2L336P__seed_8_1763344785
675840,1-Training-Losses/clipfrac,0.0,Pong1PCB2L336P__seed_8_1763344785
679936,1-Training-Losses/clipfrac,0.0,Pong1PCB2L336P__seed_8_1763344785
684032,1-Training-Losses/clipfrac,0.0,Pong1PCB2L336P__seed_8_1763344785
688128,1-Training-Losses/clipfrac,0.0,Pong1PCB2L336P__seed_8_1763344785
692224,1-Training-Losses/clipfrac,0.0,Pong1PCB2L336P__seed_8_1763344785
696320,1-Training-Losses/clipfrac,0.0,Pong1PCB2L336P__seed_8_1763344785
700416,1-Training-Losses/clipfrac,0.0,Pong1PCB2L336P__seed_8_1763344785
704512,1-Training-Losses/clipfrac,0.0,Pong1PCB2L336P__seed_8_1763344785
708608,1-Training-Losses/clipfrac,0.0,Pong1PCB2L336P__seed_8_1763344785
712704,1-Training-Losses/clipfrac,0.0,Pong1PCB2L336P__seed_8_1763344785
716800,1-Training-Losses/clipfrac,0.0,Pong1PCB2L336P__seed_8_1763344785
720896,1-Training-Losses/clipfrac,0.0,Pong1PCB2L336P__seed_8_1763344785
724992,1-Training-Losses/clipfrac,0.0,Pong1PCB2L336P__seed_8_1763344785
729088,1-Training-Losses/clipfrac,0.0,Pong1PCB2L336P__seed_8_1763344785
733184,1-Training-Losses/clipfrac,0.0,Pong1PCB2L336P__seed_8_1763344785
737280,1-Training-Losses/clipfrac,0.0,Pong1PCB2L336P__seed_8_1763344785
741376,1-Training-Losses/clipfrac,0.0,Pong1PCB2L336P__seed_8_1763344785
745472,1-Training-Losses/clipfrac,0.0,Pong1PCB2L336P__seed_8_1763344785
749568,1-Training-Losses/clipfrac,0.0,Pong1PCB2L336P__seed_8_1763344785
753664,1-Training-Losses/clipfrac,0.0,Pong1PCB2L336P__seed_8_1763344785
757760,1-Training-Losses/clipfrac,0.0,Pong1PCB2L336P__seed_8_1763344785
761856,1-Training-Losses/clipfrac,0.0,Pong1PCB2L336P__seed_8_1763344785
765952,1-Training-Losses/clipfrac,0.0,Pong1PCB2L336P__seed_8_1763344785
770048,1-Training-Losses/clipfrac,0.0,Pong1PCB2L336P__seed_8_1763344785
774144,1-Training-Losses/clipfrac,0.0,Pong1PCB2L336P__seed_8_1763344785
778240,1-Training-Losses/clipfrac,0.0,Pong1PCB2L336P__seed_8_1763344785
782336,1-Training-Losses/clipfrac,0.0,Pong1PCB2L336P__seed_8_1763344785
786432,1-Training-Losses/clipfrac,0.0,Pong1PCB2L336P__seed_8_1763344785
790528,1-Training-Losses/clipfrac,0.0,Pong1PCB2L336P__seed_8_1763344785
794624,1-Training-Losses/clipfrac,0.0,Pong1PCB2L336P__seed_8_1763344785
798720,1-Training-Losses/clipfrac,0.0,Pong1PCB2L336P__seed_8_1763344785
802816,1-Training-Losses/clipfrac,0.0,Pong1PCB2L336P__seed_8_1763344785
806912,1-Training-Losses/clipfrac,0.0,Pong1PCB2L336P__seed_8_1763344785
811008,1-Training-Losses/clipfrac,0.0,Pong1PCB2L336P__seed_8_1763344785
815104,1-Training-Losses/clipfrac,0.0,Pong1PCB2L336P__seed_8_1763344785
819200,1-Training-Losses/clipfrac,0.0,Pong1PCB2L336P__seed_8_1763344785
823296,1-Training-Losses/clipfrac,0.0,Pong1PCB2L336P__seed_8_1763344785
827392,1-Training-Losses/clipfrac,0.0,Pong1PCB2L336P__seed_8_1763344785
831488,1-Training-Losses/clipfrac,0.0,Pong1PCB2L336P__seed_8_1763344785
835584,1-Training-Losses/clipfrac,0.0,Pong1PCB2L336P__seed_8_1763344785
839680,1-Training-Losses/clipfrac,0.0,Pong1PCB2L336P__seed_8_1763344785
843776,1-Training-Losses/clipfrac,0.0,Pong1PCB2L336P__seed_8_1763344785
847872,1-Training-Losses/clipfrac,0.0,Pong1PCB2L336P__seed_8_1763344785
851968,1-Training-Losses/clipfrac,0.0,Pong1PCB2L336P__seed_8_1763344785
856064,1-Training-Losses/clipfrac,0.0,Pong1PCB2L336P__seed_8_1763344785
860160,1-Training-Losses/clipfrac,0.0,Pong1PCB2L336P__seed_8_1763344785
864256,1-Training-Losses/clipfrac,0.0,Pong1PCB2L336P__seed_8_1763344785
868352,1-Training-Losses/clipfrac,0.0,Pong1PCB2L336P__seed_8_1763344785
872448,1-Training-Losses/clipfrac,0.0,Pong1PCB2L336P__seed_8_1763344785
876544,1-Training-Losses/clipfrac,0.0,Pong1PCB2L336P__seed_8_1763344785
880640,1-Training-Losses/clipfrac,0.0,Pong1PCB2L336P__seed_8_1763344785
884736,1-Training-Losses/clipfrac,0.0,Pong1PCB2L336P__seed_8_1763344785
888832,1-Training-Losses/clipfrac,0.0,Pong1PCB2L336P__seed_8_1763344785
892928,1-Training-Losses/clipfrac,0.0,Pong1PCB2L336P__seed_8_1763344785
897024,1-Training-Losses/clipfrac,0.0,Pong1PCB2L336P__seed_8_1763344785
901120,1-Training-Losses/clipfrac,0.0,Pong1PCB2L336P__seed_8_1763344785
905216,1-Training-Losses/clipfrac,0.0,Pong1PCB2L336P__seed_8_1763344785
909312,1-Training-Losses/clipfrac,0.0,Pong1PCB2L336P__seed_8_1763344785
913408,1-Training-Losses/clipfrac,0.0,Pong1PCB2L336P__seed_8_1763344785
917504,1-Training-Losses/clipfrac,0.0,Pong1PCB2L336P__seed_8_1763344785
921600,1-Training-Losses/clipfrac,0.0,Pong1PCB2L336P__seed_8_1763344785
925696,1-Training-Losses/clipfrac,0.0,Pong1PCB2L336P__seed_8_1763344785
929792,1-Training-Losses/clipfrac,0.0,Pong1PCB2L336P__seed_8_1763344785
933888,1-Training-Losses/clipfrac,0.0,Pong1PCB2L336P__seed_8_1763344785
937984,1-Training-Losses/clipfrac,0.0,Pong1PCB2L336P__seed_8_1763344785
942080,1-Training-Losses/clipfrac,0.0,Pong1PCB2L336P__seed_8_1763344785
946176,1-Training-Losses/clipfrac,0.0,Pong1PCB2L336P__seed_8_1763344785
950272,1-Training-Losses/clipfrac,0.0,Pong1PCB2L336P__seed_8_1763344785
954368,1-Training-Losses/clipfrac,0.0,Pong1PCB2L336P__seed_8_1763344785
958464,1-Training-Losses/clipfrac,0.0,Pong1PCB2L336P__seed_8_1763344785
962560,1-Training-Losses/clipfrac,0.0,Pong1PCB2L336P__seed_8_1763344785
966656,1-Training-Losses/clipfrac,0.0,Pong1PCB2L336P__seed_8_1763344785
970752,1-Training-Losses/clipfrac,0.0,Pong1PCB2L336P__seed_8_1763344785
974848,1-Training-Losses/clipfrac,0.0,Pong1PCB2L336P__seed_8_1763344785
978944,1-Training-Losses/clipfrac,0.0,Pong1PCB2L336P__seed_8_1763344785
983040,1-Training-Losses/clipfrac,0.0,Pong1PCB2L336P__seed_8_1763344785
987136,1-Training-Losses/clipfrac,0.0,Pong1PCB2L336P__seed_8_1763344785
991232,1-Training-Losses/clipfrac,0.0,Pong1PCB2L336P__seed_8_1763344785
995328,1-Training-Losses/clipfrac,0.0,Pong1PCB2L336P__seed_8_1763344785
999424,1-Training-Losses/clipfrac,0.0,Pong1PCB2L336P__seed_8_1763344785
1003520,1-Training-Losses/clipfrac,0.0,Pong1PCB2L336P__seed_8_1763344785
1007616,1-Training-Losses/clipfrac,0.0,Pong1PCB2L336P__seed_8_1763344785
1011712,1-Training-Losses/clipfrac,0.0,Pong1PCB2L336P__seed_8_1763344785
1015808,1-Training-Losses/clipfrac,0.0,Pong1PCB2L336P__seed_8_1763344785
1019904,1-Training-Losses/clipfrac,0.0,Pong1PCB2L336P__seed_8_1763344785
1024000,1-Training-Losses/clipfrac,0.0,Pong1PCB2L336P__seed_8_1763344785
1028096,1-Training-Losses/clipfrac,0.0,Pong1PCB2L336P__seed_8_1763344785
1032192,1-Training-Losses/clipfrac,0.0,Pong1PCB2L336P__seed_8_1763344785
1036288,1-Training-Losses/clipfrac,0.0,Pong1PCB2L336P__seed_8_1763344785
1040384,1-Training-Losses/clipfrac,0.0,Pong1PCB2L336P__seed_8_1763344785
1044480,1-Training-Losses/clipfrac,0.0,Pong1PCB2L336P__seed_8_1763344785
1048576,1-Training-Losses/clipfrac,0.0,Pong1PCB2L336P__seed_8_1763344785
1052672,1-Training-Losses/clipfrac,0.0,Pong1PCB2L336P__seed_8_1763344785
1056768,1-Training-Losses/clipfrac,0.0,Pong1PCB2L336P__seed_8_1763344785
1060864,1-Training-Losses/clipfrac,0.0,Pong1PCB2L336P__seed_8_1763344785
1064960,1-Training-Losses/clipfrac,0.0,Pong1PCB2L336P__seed_8_1763344785
1069056,1-Training-Losses/clipfrac,0.0,Pong1PCB2L336P__seed_8_1763344785
1073152,1-Training-Losses/clipfrac,0.0,Pong1PCB2L336P__seed_8_1763344785
1077248,1-Training-Losses/clipfrac,0.0,Pong1PCB2L336P__seed_8_1763344785
1081344,1-Training-Losses/clipfrac,0.0,Pong1PCB2L336P__seed_8_1763344785
1085440,1-Training-Losses/clipfrac,0.0,Pong1PCB2L336P__seed_8_1763344785
1089536,1-Training-Losses/clipfrac,0.0,Pong1PCB2L336P__seed_8_1763344785
1093632,1-Training-Losses/clipfrac,0.0,Pong1PCB2L336P__seed_8_1763344785
1097728,1-Training-Losses/clipfrac,0.0,Pong1PCB2L336P__seed_8_1763344785
1101824,1-Training-Losses/clipfrac,0.0,Pong1PCB2L336P__seed_8_1763344785
1105920,1-Training-Losses/clipfrac,0.0,Pong1PCB2L336P__seed_8_1763344785
1110016,1-Training-Losses/clipfrac,0.0010986328125,Pong1PCB2L336P__seed_8_1763344785
1114112,1-Training-Losses/clipfrac,0.0,Pong1PCB2L336P__seed_8_1763344785
1118208,1-Training-Losses/clipfrac,0.0,Pong1PCB2L336P__seed_8_1763344785
1122304,1-Training-Losses/clipfrac,0.0,Pong1PCB2L336P__seed_8_1763344785
1126400,1-Training-Losses/clipfrac,0.0,Pong1PCB2L336P__seed_8_1763344785
1130496,1-Training-Losses/clipfrac,0.0,Pong1PCB2L336P__seed_8_1763344785
1134592,1-Training-Losses/clipfrac,0.0,Pong1PCB2L336P__seed_8_1763344785
1138688,1-Training-Losses/clipfrac,0.0,Pong1PCB2L336P__seed_8_1763344785
1142784,1-Training-Losses/clipfrac,0.0,Pong1PCB2L336P__seed_8_1763344785
1146880,1-Training-Losses/clipfrac,0.0,Pong1PCB2L336P__seed_8_1763344785
1150976,1-Training-Losses/clipfrac,0.0,Pong1PCB2L336P__seed_8_1763344785
1155072,1-Training-Losses/clipfrac,0.0,Pong1PCB2L336P__seed_8_1763344785
1159168,1-Training-Losses/clipfrac,0.0,Pong1PCB2L336P__seed_8_1763344785
1163264,1-Training-Losses/clipfrac,0.0,Pong1PCB2L336P__seed_8_1763344785
1167360,1-Training-Losses/clipfrac,0.0,Pong1PCB2L336P__seed_8_1763344785
1171456,1-Training-Losses/clipfrac,0.0,Pong1PCB2L336P__seed_8_1763344785
1175552,1-Training-Losses/clipfrac,0.0,Pong1PCB2L336P__seed_8_1763344785
1179648,1-Training-Losses/clipfrac,0.0,Pong1PCB2L336P__seed_8_1763344785
1183744,1-Training-Losses/clipfrac,0.0,Pong1PCB2L336P__seed_8_1763344785
1187840,1-Training-Losses/clipfrac,0.0,Pong1PCB2L336P__seed_8_1763344785
1191936,1-Training-Losses/clipfrac,0.0,Pong1PCB2L336P__seed_8_1763344785
1196032,1-Training-Losses/clipfrac,0.0,Pong1PCB2L336P__seed_8_1763344785
1200128,1-Training-Losses/clipfrac,0.0,Pong1PCB2L336P__seed_8_1763344785
1204224,1-Training-Losses/clipfrac,0.0,Pong1PCB2L336P__seed_8_1763344785
1208320,1-Training-Losses/clipfrac,0.0,Pong1PCB2L336P__seed_8_1763344785
1212416,1-Training-Losses/clipfrac,0.0,Pong1PCB2L336P__seed_8_1763344785
1216512,1-Training-Losses/clipfrac,0.0,Pong1PCB2L336P__seed_8_1763344785
1220608,1-Training-Losses/clipfrac,0.0,Pong1PCB2L336P__seed_8_1763344785
1224704,1-Training-Losses/clipfrac,0.0,Pong1PCB2L336P__seed_8_1763344785
1228800,1-Training-Losses/clipfrac,0.0,Pong1PCB2L336P__seed_8_1763344785
1232896,1-Training-Losses/clipfrac,0.0,Pong1PCB2L336P__seed_8_1763344785
1236992,1-Training-Losses/clipfrac,0.0,Pong1PCB2L336P__seed_8_1763344785
1241088,1-Training-Losses/clipfrac,0.0,Pong1PCB2L336P__seed_8_1763344785
1245184,1-Training-Losses/clipfrac,0.0,Pong1PCB2L336P__seed_8_1763344785
1249280,1-Training-Losses/clipfrac,0.0,Pong1PCB2L336P__seed_8_1763344785
1253376,1-Training-Losses/clipfrac,0.0,Pong1PCB2L336P__seed_8_1763344785
1257472,1-Training-Losses/clipfrac,0.0,Pong1PCB2L336P__seed_8_1763344785
1261568,1-Training-Losses/clipfrac,0.0,Pong1PCB2L336P__seed_8_1763344785
1265664,1-Training-Losses/clipfrac,0.0,Pong1PCB2L336P__seed_8_1763344785
1269760,1-Training-Losses/clipfrac,0.0,Pong1PCB2L336P__seed_8_1763344785
1273856,1-Training-Losses/clipfrac,0.0,Pong1PCB2L336P__seed_8_1763344785
1277952,1-Training-Losses/clipfrac,0.0,Pong1PCB2L336P__seed_8_1763344785
1282048,1-Training-Losses/clipfrac,0.0,Pong1PCB2L336P__seed_8_1763344785
1286144,1-Training-Losses/clipfrac,0.0,Pong1PCB2L336P__seed_8_1763344785
1290240,1-Training-Losses/clipfrac,0.0,Pong1PCB2L336P__seed_8_1763344785
1294336,1-Training-Losses/clipfrac,0.0,Pong1PCB2L336P__seed_8_1763344785
1298432,1-Training-Losses/clipfrac,0.0,Pong1PCB2L336P__seed_8_1763344785
1302528,1-Training-Losses/clipfrac,0.0,Pong1PCB2L336P__seed_8_1763344785
1306624,1-Training-Losses/clipfrac,0.0,Pong1PCB2L336P__seed_8_1763344785
1310720,1-Training-Losses/clipfrac,0.0,Pong1PCB2L336P__seed_8_1763344785
1314816,1-Training-Losses/clipfrac,0.0,Pong1PCB2L336P__seed_8_1763344785
1318912,1-Training-Losses/clipfrac,0.0,Pong1PCB2L336P__seed_8_1763344785
1323008,1-Training-Losses/clipfrac,0.0,Pong1PCB2L336P__seed_8_1763344785
1327104,1-Training-Losses/clipfrac,0.0,Pong1PCB2L336P__seed_8_1763344785
1331200,1-Training-Losses/clipfrac,0.0,Pong1PCB2L336P__seed_8_1763344785
1335296,1-Training-Losses/clipfrac,0.0,Pong1PCB2L336P__seed_8_1763344785
1339392,1-Training-Losses/clipfrac,0.0,Pong1PCB2L336P__seed_8_1763344785
1343488,1-Training-Losses/clipfrac,0.0,Pong1PCB2L336P__seed_8_1763344785
1347584,1-Training-Losses/clipfrac,0.0,Pong1PCB2L336P__seed_8_1763344785
1351680,1-Training-Losses/clipfrac,0.0,Pong1PCB2L336P__seed_8_1763344785
1355776,1-Training-Losses/clipfrac,0.0,Pong1PCB2L336P__seed_8_1763344785
1359872,1-Training-Losses/clipfrac,0.0,Pong1PCB2L336P__seed_8_1763344785
1363968,1-Training-Losses/clipfrac,0.0,Pong1PCB2L336P__seed_8_1763344785
1368064,1-Training-Losses/clipfrac,0.0,Pong1PCB2L336P__seed_8_1763344785
1372160,1-Training-Losses/clipfrac,0.0,Pong1PCB2L336P__seed_8_1763344785
1376256,1-Training-Losses/clipfrac,0.0,Pong1PCB2L336P__seed_8_1763344785
1380352,1-Training-Losses/clipfrac,0.0,Pong1PCB2L336P__seed_8_1763344785
1384448,1-Training-Losses/clipfrac,0.0,Pong1PCB2L336P__seed_8_1763344785
1388544,1-Training-Losses/clipfrac,0.0,Pong1PCB2L336P__seed_8_1763344785
1392640,1-Training-Losses/clipfrac,0.0,Pong1PCB2L336P__seed_8_1763344785
1396736,1-Training-Losses/clipfrac,0.0,Pong1PCB2L336P__seed_8_1763344785
1400832,1-Training-Losses/clipfrac,0.0,Pong1PCB2L336P__seed_8_1763344785
1404928,1-Training-Losses/clipfrac,0.0,Pong1PCB2L336P__seed_8_1763344785
1409024,1-Training-Losses/clipfrac,0.0,Pong1PCB2L336P__seed_8_1763344785
1413120,1-Training-Losses/clipfrac,0.0,Pong1PCB2L336P__seed_8_1763344785
1417216,1-Training-Losses/clipfrac,0.0,Pong1PCB2L336P__seed_8_1763344785
1421312,1-Training-Losses/clipfrac,0.0,Pong1PCB2L336P__seed_8_1763344785
1425408,1-Training-Losses/clipfrac,0.0,Pong1PCB2L336P__seed_8_1763344785
1429504,1-Training-Losses/clipfrac,0.0,Pong1PCB2L336P__seed_8_1763344785
1433600,1-Training-Losses/clipfrac,0.0,Pong1PCB2L336P__seed_8_1763344785
1437696,1-Training-Losses/clipfrac,0.0,Pong1PCB2L336P__seed_8_1763344785
1441792,1-Training-Losses/clipfrac,0.0,Pong1PCB2L336P__seed_8_1763344785
1445888,1-Training-Losses/clipfrac,0.0,Pong1PCB2L336P__seed_8_1763344785
1449984,1-Training-Losses/clipfrac,0.0,Pong1PCB2L336P__seed_8_1763344785
1454080,1-Training-Losses/clipfrac,0.0,Pong1PCB2L336P__seed_8_1763344785
1458176,1-Training-Losses/clipfrac,0.0,Pong1PCB2L336P__seed_8_1763344785
1462272,1-Training-Losses/clipfrac,0.0,Pong1PCB2L336P__seed_8_1763344785
1466368,1-Training-Losses/clipfrac,0.0,Pong1PCB2L336P__seed_8_1763344785
1470464,1-Training-Losses/clipfrac,0.0,Pong1PCB2L336P__seed_8_1763344785
1474560,1-Training-Losses/clipfrac,0.0,Pong1PCB2L336P__seed_8_1763344785
1478656,1-Training-Losses/clipfrac,0.0030517578125,Pong1PCB2L336P__seed_8_1763344785
1482752,1-Training-Losses/clipfrac,0.0,Pong1PCB2L336P__seed_8_1763344785
1486848,1-Training-Losses/clipfrac,0.00054931640625,Pong1PCB2L336P__seed_8_1763344785
1490944,1-Training-Losses/clipfrac,0.00042724609375,Pong1PCB2L336P__seed_8_1763344785
1495040,1-Training-Losses/clipfrac,0.0,Pong1PCB2L336P__seed_8_1763344785
1499136,1-Training-Losses/clipfrac,0.0,Pong1PCB2L336P__seed_8_1763344785
1503232,1-Training-Losses/clipfrac,0.0,Pong1PCB2L336P__seed_8_1763344785
1507328,1-Training-Losses/clipfrac,0.01800537109375,Pong1PCB2L336P__seed_8_1763344785
1511424,1-Training-Losses/clipfrac,0.00262451171875,Pong1PCB2L336P__seed_8_1763344785
1515520,1-Training-Losses/clipfrac,0.0,Pong1PCB2L336P__seed_8_1763344785
1519616,1-Training-Losses/clipfrac,0.0,Pong1PCB2L336P__seed_8_1763344785
1523712,1-Training-Losses/clipfrac,0.0,Pong1PCB2L336P__seed_8_1763344785
1527808,1-Training-Losses/clipfrac,0.0,Pong1PCB2L336P__seed_8_1763344785
1531904,1-Training-Losses/clipfrac,0.0,Pong1PCB2L336P__seed_8_1763344785
1536000,1-Training-Losses/clipfrac,0.0,Pong1PCB2L336P__seed_8_1763344785
1540096,1-Training-Losses/clipfrac,0.0,Pong1PCB2L336P__seed_8_1763344785
1544192,1-Training-Losses/clipfrac,0.0,Pong1PCB2L336P__seed_8_1763344785
1548288,1-Training-Losses/clipfrac,0.0,Pong1PCB2L336P__seed_8_1763344785
1552384,1-Training-Losses/clipfrac,0.0,Pong1PCB2L336P__seed_8_1763344785
1556480,1-Training-Losses/clipfrac,0.0,Pong1PCB2L336P__seed_8_1763344785
1560576,1-Training-Losses/clipfrac,0.0,Pong1PCB2L336P__seed_8_1763344785
1564672,1-Training-Losses/clipfrac,0.0,Pong1PCB2L336P__seed_8_1763344785
1568768,1-Training-Losses/clipfrac,0.0,Pong1PCB2L336P__seed_8_1763344785
1572864,1-Training-Losses/clipfrac,0.0,Pong1PCB2L336P__seed_8_1763344785
1576960,1-Training-Losses/clipfrac,0.0,Pong1PCB2L336P__seed_8_1763344785
1581056,1-Training-Losses/clipfrac,0.0,Pong1PCB2L336P__seed_8_1763344785
1585152,1-Training-Losses/clipfrac,0.0,Pong1PCB2L336P__seed_8_1763344785
1589248,1-Training-Losses/clipfrac,0.0,Pong1PCB2L336P__seed_8_1763344785
1593344,1-Training-Losses/clipfrac,0.0009765625,Pong1PCB2L336P__seed_8_1763344785
1597440,1-Training-Losses/clipfrac,0.0,Pong1PCB2L336P__seed_8_1763344785
1601536,1-Training-Losses/clipfrac,0.0,Pong1PCB2L336P__seed_8_1763344785
1605632,1-Training-Losses/clipfrac,0.0,Pong1PCB2L336P__seed_8_1763344785
1609728,1-Training-Losses/clipfrac,0.0,Pong1PCB2L336P__seed_8_1763344785
1613824,1-Training-Losses/clipfrac,0.00042724609375,Pong1PCB2L336P__seed_8_1763344785
1617920,1-Training-Losses/clipfrac,0.0,Pong1PCB2L336P__seed_8_1763344785
1622016,1-Training-Losses/clipfrac,0.0,Pong1PCB2L336P__seed_8_1763344785
1626112,1-Training-Losses/clipfrac,0.00018310546875,Pong1PCB2L336P__seed_8_1763344785
1630208,1-Training-Losses/clipfrac,0.035888671875,Pong1PCB2L336P__seed_8_1763344785
1634304,1-Training-Losses/clipfrac,0.0,Pong1PCB2L336P__seed_8_1763344785
1638400,1-Training-Losses/clipfrac,0.0,Pong1PCB2L336P__seed_8_1763344785
1642496,1-Training-Losses/clipfrac,0.0,Pong1PCB2L336P__seed_8_1763344785
1646592,1-Training-Losses/clipfrac,0.0,Pong1PCB2L336P__seed_8_1763344785
1650688,1-Training-Losses/clipfrac,0.0,Pong1PCB2L336P__seed_8_1763344785
1654784,1-Training-Losses/clipfrac,0.0,Pong1PCB2L336P__seed_8_1763344785
1658880,1-Training-Losses/clipfrac,0.0,Pong1PCB2L336P__seed_8_1763344785
1662976,1-Training-Losses/clipfrac,0.0,Pong1PCB2L336P__seed_8_1763344785
1667072,1-Training-Losses/clipfrac,0.0,Pong1PCB2L336P__seed_8_1763344785
1671168,1-Training-Losses/clipfrac,0.0,Pong1PCB2L336P__seed_8_1763344785
1675264,1-Training-Losses/clipfrac,0.00152587890625,Pong1PCB2L336P__seed_8_1763344785
1679360,1-Training-Losses/clipfrac,0.00091552734375,Pong1PCB2L336P__seed_8_1763344785
1683456,1-Training-Losses/clipfrac,0.0,Pong1PCB2L336P__seed_8_1763344785
1687552,1-Training-Losses/clipfrac,0.0,Pong1PCB2L336P__seed_8_1763344785
1691648,1-Training-Losses/clipfrac,0.00152587890625,Pong1PCB2L336P__seed_8_1763344785
1695744,1-Training-Losses/clipfrac,0.0,Pong1PCB2L336P__seed_8_1763344785
1699840,1-Training-Losses/clipfrac,0.0,Pong1PCB2L336P__seed_8_1763344785
1703936,1-Training-Losses/clipfrac,0.0,Pong1PCB2L336P__seed_8_1763344785
1708032,1-Training-Losses/clipfrac,0.0,Pong1PCB2L336P__seed_8_1763344785
1712128,1-Training-Losses/clipfrac,0.00091552734375,Pong1PCB2L336P__seed_8_1763344785
1716224,1-Training-Losses/clipfrac,0.0189208984375,Pong1PCB2L336P__seed_8_1763344785
1720320,1-Training-Losses/clipfrac,0.0,Pong1PCB2L336P__seed_8_1763344785
1724416,1-Training-Losses/clipfrac,0.0001220703125,Pong1PCB2L336P__seed_8_1763344785
1728512,1-Training-Losses/clipfrac,0.0,Pong1PCB2L336P__seed_8_1763344785
1732608,1-Training-Losses/clipfrac,0.0,Pong1PCB2L336P__seed_8_1763344785
1736704,1-Training-Losses/clipfrac,0.0,Pong1PCB2L336P__seed_8_1763344785
1740800,1-Training-Losses/clipfrac,0.0,Pong1PCB2L336P__seed_8_1763344785
1744896,1-Training-Losses/clipfrac,0.0,Pong1PCB2L336P__seed_8_1763344785
1748992,1-Training-Losses/clipfrac,0.0,Pong1PCB2L336P__seed_8_1763344785
1753088,1-Training-Losses/clipfrac,0.0,Pong1PCB2L336P__seed_8_1763344785
1757184,1-Training-Losses/clipfrac,0.0,Pong1PCB2L336P__seed_8_1763344785
1761280,1-Training-Losses/clipfrac,0.0380859375,Pong1PCB2L336P__seed_8_1763344785
1765376,1-Training-Losses/clipfrac,0.00146484375,Pong1PCB2L336P__seed_8_1763344785
1769472,1-Training-Losses/clipfrac,0.0,Pong1PCB2L336P__seed_8_1763344785
1773568,1-Training-Losses/clipfrac,0.0,Pong1PCB2L336P__seed_8_1763344785
1777664,1-Training-Losses/clipfrac,0.0,Pong1PCB2L336P__seed_8_1763344785
1781760,1-Training-Losses/clipfrac,0.0347900390625,Pong1PCB2L336P__seed_8_1763344785
1785856,1-Training-Losses/clipfrac,0.00091552734375,Pong1PCB2L336P__seed_8_1763344785
1789952,1-Training-Losses/clipfrac,0.0,Pong1PCB2L336P__seed_8_1763344785
1794048,1-Training-Losses/clipfrac,0.0,Pong1PCB2L336P__seed_8_1763344785
1798144,1-Training-Losses/clipfrac,0.0,Pong1PCB2L336P__seed_8_1763344785
1802240,1-Training-Losses/clipfrac,0.0,Pong1PCB2L336P__seed_8_1763344785
1806336,1-Training-Losses/clipfrac,0.0130615234375,Pong1PCB2L336P__seed_8_1763344785
1810432,1-Training-Losses/clipfrac,0.0,Pong1PCB2L336P__seed_8_1763344785
1814528,1-Training-Losses/clipfrac,0.0,Pong1PCB2L336P__seed_8_1763344785
1818624,1-Training-Losses/clipfrac,0.0,Pong1PCB2L336P__seed_8_1763344785
1822720,1-Training-Losses/clipfrac,0.0,Pong1PCB2L336P__seed_8_1763344785
1826816,1-Training-Losses/clipfrac,0.0,Pong1PCB2L336P__seed_8_1763344785
1830912,1-Training-Losses/clipfrac,0.0,Pong1PCB2L336P__seed_8_1763344785
1835008,1-Training-Losses/clipfrac,0.0,Pong1PCB2L336P__seed_8_1763344785
1839104,1-Training-Losses/clipfrac,0.002197265625,Pong1PCB2L336P__seed_8_1763344785
1843200,1-Training-Losses/clipfrac,0.0023193359375,Pong1PCB2L336P__seed_8_1763344785
1847296,1-Training-Losses/clipfrac,0.0,Pong1PCB2L336P__seed_8_1763344785
1851392,1-Training-Losses/clipfrac,0.0,Pong1PCB2L336P__seed_8_1763344785
1855488,1-Training-Losses/clipfrac,0.0,Pong1PCB2L336P__seed_8_1763344785
1859584,1-Training-Losses/clipfrac,0.0008544921875,Pong1PCB2L336P__seed_8_1763344785
1863680,1-Training-Losses/clipfrac,0.0,Pong1PCB2L336P__seed_8_1763344785
1867776,1-Training-Losses/clipfrac,0.0,Pong1PCB2L336P__seed_8_1763344785
1871872,1-Training-Losses/clipfrac,0.026123046875,Pong1PCB2L336P__seed_8_1763344785
1875968,1-Training-Losses/clipfrac,0.0,Pong1PCB2L336P__seed_8_1763344785
1880064,1-Training-Losses/clipfrac,0.0,Pong1PCB2L336P__seed_8_1763344785
1884160,1-Training-Losses/clipfrac,0.0,Pong1PCB2L336P__seed_8_1763344785
1888256,1-Training-Losses/clipfrac,0.0,Pong1PCB2L336P__seed_8_1763344785
1892352,1-Training-Losses/clipfrac,0.0,Pong1PCB2L336P__seed_8_1763344785
1896448,1-Training-Losses/clipfrac,0.000732421875,Pong1PCB2L336P__seed_8_1763344785
1900544,1-Training-Losses/clipfrac,0.0,Pong1PCB2L336P__seed_8_1763344785
1904640,1-Training-Losses/clipfrac,0.0,Pong1PCB2L336P__seed_8_1763344785
1908736,1-Training-Losses/clipfrac,0.0,Pong1PCB2L336P__seed_8_1763344785
1912832,1-Training-Losses/clipfrac,0.0,Pong1PCB2L336P__seed_8_1763344785
1916928,1-Training-Losses/clipfrac,0.0,Pong1PCB2L336P__seed_8_1763344785
1921024,1-Training-Losses/clipfrac,0.0,Pong1PCB2L336P__seed_8_1763344785
1925120,1-Training-Losses/clipfrac,0.0,Pong1PCB2L336P__seed_8_1763344785
1929216,1-Training-Losses/clipfrac,0.0,Pong1PCB2L336P__seed_8_1763344785
1933312,1-Training-Losses/clipfrac,0.0001220703125,Pong1PCB2L336P__seed_8_1763344785
1937408,1-Training-Losses/clipfrac,0.00482177734375,Pong1PCB2L336P__seed_8_1763344785
1941504,1-Training-Losses/clipfrac,0.0,Pong1PCB2L336P__seed_8_1763344785
1945600,1-Training-Losses/clipfrac,0.0,Pong1PCB2L336P__seed_8_1763344785
1949696,1-Training-Losses/clipfrac,0.00018310546875,Pong1PCB2L336P__seed_8_1763344785
1953792,1-Training-Losses/clipfrac,0.0,Pong1PCB2L336P__seed_8_1763344785
1957888,1-Training-Losses/clipfrac,6.103515625e-05,Pong1PCB2L336P__seed_8_1763344785
1961984,1-Training-Losses/clipfrac,0.0003662109375,Pong1PCB2L336P__seed_8_1763344785
1966080,1-Training-Losses/clipfrac,0.00103759765625,Pong1PCB2L336P__seed_8_1763344785
1970176,1-Training-Losses/clipfrac,0.00103759765625,Pong1PCB2L336P__seed_8_1763344785
1974272,1-Training-Losses/clipfrac,0.0,Pong1PCB2L336P__seed_8_1763344785
1978368,1-Training-Losses/clipfrac,0.0,Pong1PCB2L336P__seed_8_1763344785
1982464,1-Training-Losses/clipfrac,0.0,Pong1PCB2L336P__seed_8_1763344785
1986560,1-Training-Losses/clipfrac,0.0,Pong1PCB2L336P__seed_8_1763344785
1990656,1-Training-Losses/clipfrac,0.0,Pong1PCB2L336P__seed_8_1763344785
1994752,1-Training-Losses/clipfrac,0.0,Pong1PCB2L336P__seed_8_1763344785
1998848,1-Training-Losses/clipfrac,0.0,Pong1PCB2L336P__seed_8_1763344785
2002944,1-Training-Losses/clipfrac,0.0057373046875,Pong1PCB2L336P__seed_8_1763344785
2007040,1-Training-Losses/clipfrac,0.00811767578125,Pong1PCB2L336P__seed_8_1763344785
2011136,1-Training-Losses/clipfrac,0.0,Pong1PCB2L336P__seed_8_1763344785
2015232,1-Training-Losses/clipfrac,0.0,Pong1PCB2L336P__seed_8_1763344785
2019328,1-Training-Losses/clipfrac,0.0,Pong1PCB2L336P__seed_8_1763344785
2023424,1-Training-Losses/clipfrac,0.0045166015625,Pong1PCB2L336P__seed_8_1763344785
2027520,1-Training-Losses/clipfrac,0.0350341796875,Pong1PCB2L336P__seed_8_1763344785
2031616,1-Training-Losses/clipfrac,0.0,Pong1PCB2L336P__seed_8_1763344785
2035712,1-Training-Losses/clipfrac,0.0,Pong1PCB2L336P__seed_8_1763344785
2039808,1-Training-Losses/clipfrac,0.0,Pong1PCB2L336P__seed_8_1763344785
2043904,1-Training-Losses/clipfrac,0.0,Pong1PCB2L336P__seed_8_1763344785
2048000,1-Training-Losses/clipfrac,0.0,Pong1PCB2L336P__seed_8_1763344785
2052096,1-Training-Losses/clipfrac,0.0,Pong1PCB2L336P__seed_8_1763344785
2056192,1-Training-Losses/clipfrac,0.0057373046875,Pong1PCB2L336P__seed_8_1763344785
2060288,1-Training-Losses/clipfrac,0.00146484375,Pong1PCB2L336P__seed_8_1763344785
2064384,1-Training-Losses/clipfrac,0.0,Pong1PCB2L336P__seed_8_1763344785
2068480,1-Training-Losses/clipfrac,0.0362548828125,Pong1PCB2L336P__seed_8_1763344785
2072576,1-Training-Losses/clipfrac,0.01031494140625,Pong1PCB2L336P__seed_8_1763344785
2076672,1-Training-Losses/clipfrac,0.0,Pong1PCB2L336P__seed_8_1763344785
2080768,1-Training-Losses/clipfrac,0.00274658203125,Pong1PCB2L336P__seed_8_1763344785
2084864,1-Training-Losses/clipfrac,0.05010986328125,Pong1PCB2L336P__seed_8_1763344785
2088960,1-Training-Losses/clipfrac,0.0,Pong1PCB2L336P__seed_8_1763344785
2093056,1-Training-Losses/clipfrac,0.0,Pong1PCB2L336P__seed_8_1763344785
2097152,1-Training-Losses/clipfrac,0.0,Pong1PCB2L336P__seed_8_1763344785
2101248,1-Training-Losses/clipfrac,0.03179931640625,Pong1PCB2L336P__seed_8_1763344785
2105344,1-Training-Losses/clipfrac,0.0,Pong1PCB2L336P__seed_8_1763344785
2109440,1-Training-Losses/clipfrac,0.0,Pong1PCB2L336P__seed_8_1763344785
2113536,1-Training-Losses/clipfrac,0.0,Pong1PCB2L336P__seed_8_1763344785
2117632,1-Training-Losses/clipfrac,0.0,Pong1PCB2L336P__seed_8_1763344785
2121728,1-Training-Losses/clipfrac,0.0,Pong1PCB2L336P__seed_8_1763344785
2125824,1-Training-Losses/clipfrac,0.0,Pong1PCB2L336P__seed_8_1763344785
2129920,1-Training-Losses/clipfrac,0.0,Pong1PCB2L336P__seed_8_1763344785
2134016,1-Training-Losses/clipfrac,0.04205322265625,Pong1PCB2L336P__seed_8_1763344785
2138112,1-Training-Losses/clipfrac,0.0,Pong1PCB2L336P__seed_8_1763344785
2142208,1-Training-Losses/clipfrac,0.0,Pong1PCB2L336P__seed_8_1763344785
2146304,1-Training-Losses/clipfrac,0.00341796875,Pong1PCB2L336P__seed_8_1763344785
2150400,1-Training-Losses/clipfrac,0.0,Pong1PCB2L336P__seed_8_1763344785
2154496,1-Training-Losses/clipfrac,0.0,Pong1PCB2L336P__seed_8_1763344785
2158592,1-Training-Losses/clipfrac,0.0,Pong1PCB2L336P__seed_8_1763344785
2162688,1-Training-Losses/clipfrac,0.0,Pong1PCB2L336P__seed_8_1763344785
2166784,1-Training-Losses/clipfrac,0.0,Pong1PCB2L336P__seed_8_1763344785
2170880,1-Training-Losses/clipfrac,0.0,Pong1PCB2L336P__seed_8_1763344785
2174976,1-Training-Losses/clipfrac,0.00909423828125,Pong1PCB2L336P__seed_8_1763344785
2179072,1-Training-Losses/clipfrac,6.103515625e-05,Pong1PCB2L336P__seed_8_1763344785
2183168,1-Training-Losses/clipfrac,0.0,Pong1PCB2L336P__seed_8_1763344785
2187264,1-Training-Losses/clipfrac,0.0,Pong1PCB2L336P__seed_8_1763344785
2191360,1-Training-Losses/clipfrac,0.0020751953125,Pong1PCB2L336P__seed_8_1763344785
2195456,1-Training-Losses/clipfrac,0.01031494140625,Pong1PCB2L336P__seed_8_1763344785
2199552,1-Training-Losses/clipfrac,0.00018310546875,Pong1PCB2L336P__seed_8_1763344785
2203648,1-Training-Losses/clipfrac,0.0,Pong1PCB2L336P__seed_8_1763344785
2207744,1-Training-Losses/clipfrac,0.0,Pong1PCB2L336P__seed_8_1763344785
2211840,1-Training-Losses/clipfrac,0.0,Pong1PCB2L336P__seed_8_1763344785
2215936,1-Training-Losses/clipfrac,0.0,Pong1PCB2L336P__seed_8_1763344785
2220032,1-Training-Losses/clipfrac,0.0,Pong1PCB2L336P__seed_8_1763344785
2224128,1-Training-Losses/clipfrac,0.00018310546875,Pong1PCB2L336P__seed_8_1763344785
2228224,1-Training-Losses/clipfrac,0.0,Pong1PCB2L336P__seed_8_1763344785
2232320,1-Training-Losses/clipfrac,0.0,Pong1PCB2L336P__seed_8_1763344785
2236416,1-Training-Losses/clipfrac,0.0,Pong1PCB2L336P__seed_8_1763344785
2240512,1-Training-Losses/clipfrac,0.0,Pong1PCB2L336P__seed_8_1763344785
2244608,1-Training-Losses/clipfrac,0.011962890625,Pong1PCB2L336P__seed_8_1763344785
2248704,1-Training-Losses/clipfrac,0.0,Pong1PCB2L336P__seed_8_1763344785
2252800,1-Training-Losses/clipfrac,0.0,Pong1PCB2L336P__seed_8_1763344785
2256896,1-Training-Losses/clipfrac,0.0,Pong1PCB2L336P__seed_8_1763344785
2260992,1-Training-Losses/clipfrac,0.0,Pong1PCB2L336P__seed_8_1763344785
2265088,1-Training-Losses/clipfrac,0.0,Pong1PCB2L336P__seed_8_1763344785
2269184,1-Training-Losses/clipfrac,0.00018310546875,Pong1PCB2L336P__seed_8_1763344785
2273280,1-Training-Losses/clipfrac,0.03924560546875,Pong1PCB2L336P__seed_8_1763344785
2277376,1-Training-Losses/clipfrac,0.0,Pong1PCB2L336P__seed_8_1763344785
2281472,1-Training-Losses/clipfrac,0.0,Pong1PCB2L336P__seed_8_1763344785
2285568,1-Training-Losses/clipfrac,0.0,Pong1PCB2L336P__seed_8_1763344785
2289664,1-Training-Losses/clipfrac,0.0,Pong1PCB2L336P__seed_8_1763344785
2293760,1-Training-Losses/clipfrac,0.0,Pong1PCB2L336P__seed_8_1763344785
2297856,1-Training-Losses/clipfrac,6.103515625e-05,Pong1PCB2L336P__seed_8_1763344785
2301952,1-Training-Losses/clipfrac,0.002685546875,Pong1PCB2L336P__seed_8_1763344785
2306048,1-Training-Losses/clipfrac,0.0,Pong1PCB2L336P__seed_8_1763344785
2310144,1-Training-Losses/clipfrac,0.0,Pong1PCB2L336P__seed_8_1763344785
2314240,1-Training-Losses/clipfrac,0.0,Pong1PCB2L336P__seed_8_1763344785
2318336,1-Training-Losses/clipfrac,0.0,Pong1PCB2L336P__seed_8_1763344785
2322432,1-Training-Losses/clipfrac,0.0,Pong1PCB2L336P__seed_8_1763344785
2326528,1-Training-Losses/clipfrac,0.0,Pong1PCB2L336P__seed_8_1763344785
2330624,1-Training-Losses/clipfrac,0.0,Pong1PCB2L336P__seed_8_1763344785
2334720,1-Training-Losses/clipfrac,0.03131103515625,Pong1PCB2L336P__seed_8_1763344785
2338816,1-Training-Losses/clipfrac,0.0,Pong1PCB2L336P__seed_8_1763344785
2342912,1-Training-Losses/clipfrac,0.0,Pong1PCB2L336P__seed_8_1763344785
2347008,1-Training-Losses/clipfrac,0.0,Pong1PCB2L336P__seed_8_1763344785
2351104,1-Training-Losses/clipfrac,0.00341796875,Pong1PCB2L336P__seed_8_1763344785
2355200,1-Training-Losses/clipfrac,0.0,Pong1PCB2L336P__seed_8_1763344785
2359296,1-Training-Losses/clipfrac,0.0,Pong1PCB2L336P__seed_8_1763344785
2363392,1-Training-Losses/clipfrac,0.0,Pong1PCB2L336P__seed_8_1763344785
2367488,1-Training-Losses/clipfrac,0.0,Pong1PCB2L336P__seed_8_1763344785
2371584,1-Training-Losses/clipfrac,0.03900146484375,Pong1PCB2L336P__seed_8_1763344785
2375680,1-Training-Losses/clipfrac,0.00518798828125,Pong1PCB2L336P__seed_8_1763344785
2379776,1-Training-Losses/clipfrac,0.0,Pong1PCB2L336P__seed_8_1763344785
2383872,1-Training-Losses/clipfrac,0.0,Pong1PCB2L336P__seed_8_1763344785
2387968,1-Training-Losses/clipfrac,0.0,Pong1PCB2L336P__seed_8_1763344785
2392064,1-Training-Losses/clipfrac,0.0,Pong1PCB2L336P__seed_8_1763344785
2396160,1-Training-Losses/clipfrac,0.0,Pong1PCB2L336P__seed_8_1763344785
2400256,1-Training-Losses/clipfrac,0.0,Pong1PCB2L336P__seed_8_1763344785
2404352,1-Training-Losses/clipfrac,0.0,Pong1PCB2L336P__seed_8_1763344785
2408448,1-Training-Losses/clipfrac,0.0,Pong1PCB2L336P__seed_8_1763344785
2412544,1-Training-Losses/clipfrac,0.0,Pong1PCB2L336P__seed_8_1763344785
2416640,1-Training-Losses/clipfrac,0.0,Pong1PCB2L336P__seed_8_1763344785
2420736,1-Training-Losses/clipfrac,0.0,Pong1PCB2L336P__seed_8_1763344785
2424832,1-Training-Losses/clipfrac,0.0,Pong1PCB2L336P__seed_8_1763344785
2428928,1-Training-Losses/clipfrac,0.0,Pong1PCB2L336P__seed_8_1763344785
2433024,1-Training-Losses/clipfrac,0.0,Pong1PCB2L336P__seed_8_1763344785
2437120,1-Training-Losses/clipfrac,0.0,Pong1PCB2L336P__seed_8_1763344785
2441216,1-Training-Losses/clipfrac,0.0,Pong1PCB2L336P__seed_8_1763344785
2445312,1-Training-Losses/clipfrac,0.0,Pong1PCB2L336P__seed_8_1763344785
2449408,1-Training-Losses/clipfrac,0.00567626953125,Pong1PCB2L336P__seed_8_1763344785
2453504,1-Training-Losses/clipfrac,0.0,Pong1PCB2L336P__seed_8_1763344785
2457600,1-Training-Losses/clipfrac,0.0,Pong1PCB2L336P__seed_8_1763344785
2461696,1-Training-Losses/clipfrac,0.0,Pong1PCB2L336P__seed_8_1763344785
2465792,1-Training-Losses/clipfrac,0.0028076171875,Pong1PCB2L336P__seed_8_1763344785
2469888,1-Training-Losses/clipfrac,0.0008544921875,Pong1PCB2L336P__seed_8_1763344785
2473984,1-Training-Losses/clipfrac,0.0,Pong1PCB2L336P__seed_8_1763344785
2478080,1-Training-Losses/clipfrac,0.0,Pong1PCB2L336P__seed_8_1763344785
2482176,1-Training-Losses/clipfrac,0.0,Pong1PCB2L336P__seed_8_1763344785
2486272,1-Training-Losses/clipfrac,0.0006103515625,Pong1PCB2L336P__seed_8_1763344785
2490368,1-Training-Losses/clipfrac,0.0001220703125,Pong1PCB2L336P__seed_8_1763344785
2494464,1-Training-Losses/clipfrac,0.0,Pong1PCB2L336P__seed_8_1763344785
2498560,1-Training-Losses/clipfrac,0.0111083984375,Pong1PCB2L336P__seed_8_1763344785
2502656,1-Training-Losses/clipfrac,0.004638671875,Pong1PCB2L336P__seed_8_1763344785
2506752,1-Training-Losses/clipfrac,6.103515625e-05,Pong1PCB2L336P__seed_8_1763344785
2510848,1-Training-Losses/clipfrac,0.0,Pong1PCB2L336P__seed_8_1763344785
2514944,1-Training-Losses/clipfrac,0.0,Pong1PCB2L336P__seed_8_1763344785
2519040,1-Training-Losses/clipfrac,0.0,Pong1PCB2L336P__seed_8_1763344785
2523136,1-Training-Losses/clipfrac,0.0,Pong1PCB2L336P__seed_8_1763344785
2527232,1-Training-Losses/clipfrac,0.0,Pong1PCB2L336P__seed_8_1763344785
2531328,1-Training-Losses/clipfrac,0.0125732421875,Pong1PCB2L336P__seed_8_1763344785
2535424,1-Training-Losses/clipfrac,0.00018310546875,Pong1PCB2L336P__seed_8_1763344785
2539520,1-Training-Losses/clipfrac,0.0,Pong1PCB2L336P__seed_8_1763344785
2543616,1-Training-Losses/clipfrac,0.0,Pong1PCB2L336P__seed_8_1763344785
2547712,1-Training-Losses/clipfrac,0.0,Pong1PCB2L336P__seed_8_1763344785
2551808,1-Training-Losses/clipfrac,0.0,Pong1PCB2L336P__seed_8_1763344785
2555904,1-Training-Losses/clipfrac,0.0,Pong1PCB2L336P__seed_8_1763344785
2560000,1-Training-Losses/clipfrac,0.00018310546875,Pong1PCB2L336P__seed_8_1763344785
2564096,1-Training-Losses/clipfrac,0.0,Pong1PCB2L336P__seed_8_1763344785
2568192,1-Training-Losses/clipfrac,0.0,Pong1PCB2L336P__seed_8_1763344785
2572288,1-Training-Losses/clipfrac,0.0,Pong1PCB2L336P__seed_8_1763344785
2576384,1-Training-Losses/clipfrac,0.0,Pong1PCB2L336P__seed_8_1763344785
2580480,1-Training-Losses/clipfrac,0.0,Pong1PCB2L336P__seed_8_1763344785
2584576,1-Training-Losses/clipfrac,0.010009765625,Pong1PCB2L336P__seed_8_1763344785
2588672,1-Training-Losses/clipfrac,0.00030517578125,Pong1PCB2L336P__seed_8_1763344785
2592768,1-Training-Losses/clipfrac,0.0,Pong1PCB2L336P__seed_8_1763344785
2596864,1-Training-Losses/clipfrac,0.0,Pong1PCB2L336P__seed_8_1763344785
2600960,1-Training-Losses/clipfrac,0.0,Pong1PCB2L336P__seed_8_1763344785
2605056,1-Training-Losses/clipfrac,0.0,Pong1PCB2L336P__seed_8_1763344785
2609152,1-Training-Losses/clipfrac,0.0,Pong1PCB2L336P__seed_8_1763344785
2613248,1-Training-Losses/clipfrac,0.00048828125,Pong1PCB2L336P__seed_8_1763344785
2617344,1-Training-Losses/clipfrac,0.00018310546875,Pong1PCB2L336P__seed_8_1763344785
2621440,1-Training-Losses/clipfrac,0.000244140625,Pong1PCB2L336P__seed_8_1763344785
2625536,1-Training-Losses/clipfrac,0.00921630859375,Pong1PCB2L336P__seed_8_1763344785
2629632,1-Training-Losses/clipfrac,0.0,Pong1PCB2L336P__seed_8_1763344785
2633728,1-Training-Losses/clipfrac,0.0,Pong1PCB2L336P__seed_8_1763344785
2637824,1-Training-Losses/clipfrac,0.03253173828125,Pong1PCB2L336P__seed_8_1763344785
2641920,1-Training-Losses/clipfrac,0.0,Pong1PCB2L336P__seed_8_1763344785
2646016,1-Training-Losses/clipfrac,0.0,Pong1PCB2L336P__seed_8_1763344785
2650112,1-Training-Losses/clipfrac,0.0,Pong1PCB2L336P__seed_8_1763344785
2654208,1-Training-Losses/clipfrac,0.0,Pong1PCB2L336P__seed_8_1763344785
2658304,1-Training-Losses/clipfrac,0.0,Pong1PCB2L336P__seed_8_1763344785
2662400,1-Training-Losses/clipfrac,0.0,Pong1PCB2L336P__seed_8_1763344785
2666496,1-Training-Losses/clipfrac,0.0,Pong1PCB2L336P__seed_8_1763344785
2670592,1-Training-Losses/clipfrac,0.0,Pong1PCB2L336P__seed_8_1763344785
2674688,1-Training-Losses/clipfrac,0.0,Pong1PCB2L336P__seed_8_1763344785
2678784,1-Training-Losses/clipfrac,0.01251220703125,Pong1PCB2L336P__seed_8_1763344785
2682880,1-Training-Losses/clipfrac,0.00927734375,Pong1PCB2L336P__seed_8_1763344785
2686976,1-Training-Losses/clipfrac,0.0,Pong1PCB2L336P__seed_8_1763344785
2691072,1-Training-Losses/clipfrac,0.0,Pong1PCB2L336P__seed_8_1763344785
2695168,1-Training-Losses/clipfrac,6.103515625e-05,Pong1PCB2L336P__seed_8_1763344785
2699264,1-Training-Losses/clipfrac,0.00103759765625,Pong1PCB2L336P__seed_8_1763344785
2703360,1-Training-Losses/clipfrac,0.0003662109375,Pong1PCB2L336P__seed_8_1763344785
2707456,1-Training-Losses/clipfrac,0.00018310546875,Pong1PCB2L336P__seed_8_1763344785
2711552,1-Training-Losses/clipfrac,0.0,Pong1PCB2L336P__seed_8_1763344785
2715648,1-Training-Losses/clipfrac,0.0,Pong1PCB2L336P__seed_8_1763344785
2719744,1-Training-Losses/clipfrac,0.0,Pong1PCB2L336P__seed_8_1763344785
2723840,1-Training-Losses/clipfrac,0.012451171875,Pong1PCB2L336P__seed_8_1763344785
2727936,1-Training-Losses/clipfrac,0.0020751953125,Pong1PCB2L336P__seed_8_1763344785
2732032,1-Training-Losses/clipfrac,0.0,Pong1PCB2L336P__seed_8_1763344785
2736128,1-Training-Losses/clipfrac,0.0,Pong1PCB2L336P__seed_8_1763344785
2740224,1-Training-Losses/clipfrac,0.0,Pong1PCB2L336P__seed_8_1763344785
2744320,1-Training-Losses/clipfrac,0.03082275390625,Pong1PCB2L336P__seed_8_1763344785
2748416,1-Training-Losses/clipfrac,0.010009765625,Pong1PCB2L336P__seed_8_1763344785
2752512,1-Training-Losses/clipfrac,0.00091552734375,Pong1PCB2L336P__seed_8_1763344785
2756608,1-Training-Losses/clipfrac,0.0,Pong1PCB2L336P__seed_8_1763344785
2760704,1-Training-Losses/clipfrac,0.0,Pong1PCB2L336P__seed_8_1763344785
2764800,1-Training-Losses/clipfrac,0.0,Pong1PCB2L336P__seed_8_1763344785
2768896,1-Training-Losses/clipfrac,0.0,Pong1PCB2L336P__seed_8_1763344785
2772992,1-Training-Losses/clipfrac,6.103515625e-05,Pong1PCB2L336P__seed_8_1763344785
2777088,1-Training-Losses/clipfrac,0.0,Pong1PCB2L336P__seed_8_1763344785
2781184,1-Training-Losses/clipfrac,0.0,Pong1PCB2L336P__seed_8_1763344785
2785280,1-Training-Losses/clipfrac,0.0,Pong1PCB2L336P__seed_8_1763344785
2789376,1-Training-Losses/clipfrac,0.0,Pong1PCB2L336P__seed_8_1763344785
2793472,1-Training-Losses/clipfrac,0.0,Pong1PCB2L336P__seed_8_1763344785
2797568,1-Training-Losses/clipfrac,0.0,Pong1PCB2L336P__seed_8_1763344785
2801664,1-Training-Losses/clipfrac,0.0,Pong1PCB2L336P__seed_8_1763344785
2805760,1-Training-Losses/clipfrac,0.0,Pong1PCB2L336P__seed_8_1763344785
2809856,1-Training-Losses/clipfrac,0.0,Pong1PCB2L336P__seed_8_1763344785
2813952,1-Training-Losses/clipfrac,0.0,Pong1PCB2L336P__seed_8_1763344785
2818048,1-Training-Losses/clipfrac,6.103515625e-05,Pong1PCB2L336P__seed_8_1763344785
2822144,1-Training-Losses/clipfrac,0.0,Pong1PCB2L336P__seed_8_1763344785
2826240,1-Training-Losses/clipfrac,0.0,Pong1PCB2L336P__seed_8_1763344785
2830336,1-Training-Losses/clipfrac,0.0,Pong1PCB2L336P__seed_8_1763344785
2834432,1-Training-Losses/clipfrac,0.0,Pong1PCB2L336P__seed_8_1763344785
2838528,1-Training-Losses/clipfrac,0.0,Pong1PCB2L336P__seed_8_1763344785
2842624,1-Training-Losses/clipfrac,0.02557373046875,Pong1PCB2L336P__seed_8_1763344785
2846720,1-Training-Losses/clipfrac,0.01763916015625,Pong1PCB2L336P__seed_8_1763344785
2850816,1-Training-Losses/clipfrac,0.0,Pong1PCB2L336P__seed_8_1763344785
2854912,1-Training-Losses/clipfrac,0.0377197265625,Pong1PCB2L336P__seed_8_1763344785
2859008,1-Training-Losses/clipfrac,0.04705810546875,Pong1PCB2L336P__seed_8_1763344785
2863104,1-Training-Losses/clipfrac,0.0,Pong1PCB2L336P__seed_8_1763344785
2867200,1-Training-Losses/clipfrac,0.0,Pong1PCB2L336P__seed_8_1763344785
2871296,1-Training-Losses/clipfrac,0.0,Pong1PCB2L336P__seed_8_1763344785
2875392,1-Training-Losses/clipfrac,0.0,Pong1PCB2L336P__seed_8_1763344785
2879488,1-Training-Losses/clipfrac,0.0,Pong1PCB2L336P__seed_8_1763344785
2883584,1-Training-Losses/clipfrac,0.0008544921875,Pong1PCB2L336P__seed_8_1763344785
2887680,1-Training-Losses/clipfrac,0.0,Pong1PCB2L336P__seed_8_1763344785
2891776,1-Training-Losses/clipfrac,0.0,Pong1PCB2L336P__seed_8_1763344785
2895872,1-Training-Losses/clipfrac,0.0,Pong1PCB2L336P__seed_8_1763344785
2899968,1-Training-Losses/clipfrac,0.0,Pong1PCB2L336P__seed_8_1763344785
2904064,1-Training-Losses/clipfrac,0.00640869140625,Pong1PCB2L336P__seed_8_1763344785
2908160,1-Training-Losses/clipfrac,0.04071044921875,Pong1PCB2L336P__seed_8_1763344785
2912256,1-Training-Losses/clipfrac,0.0,Pong1PCB2L336P__seed_8_1763344785
2916352,1-Training-Losses/clipfrac,0.0,Pong1PCB2L336P__seed_8_1763344785
2920448,1-Training-Losses/clipfrac,0.00738525390625,Pong1PCB2L336P__seed_8_1763344785
2924544,1-Training-Losses/clipfrac,0.0,Pong1PCB2L336P__seed_8_1763344785
2928640,1-Training-Losses/clipfrac,0.0,Pong1PCB2L336P__seed_8_1763344785
2932736,1-Training-Losses/clipfrac,0.00054931640625,Pong1PCB2L336P__seed_8_1763344785
2936832,1-Training-Losses/clipfrac,0.0501708984375,Pong1PCB2L336P__seed_8_1763344785
2940928,1-Training-Losses/clipfrac,0.01141357421875,Pong1PCB2L336P__seed_8_1763344785
2945024,1-Training-Losses/clipfrac,0.0,Pong1PCB2L336P__seed_8_1763344785
2949120,1-Training-Losses/clipfrac,0.0,Pong1PCB2L336P__seed_8_1763344785
2953216,1-Training-Losses/clipfrac,0.0,Pong1PCB2L336P__seed_8_1763344785
2957312,1-Training-Losses/clipfrac,0.0,Pong1PCB2L336P__seed_8_1763344785
2961408,1-Training-Losses/clipfrac,0.0,Pong1PCB2L336P__seed_8_1763344785
2965504,1-Training-Losses/clipfrac,0.0,Pong1PCB2L336P__seed_8_1763344785
2969600,1-Training-Losses/clipfrac,6.103515625e-05,Pong1PCB2L336P__seed_8_1763344785
2973696,1-Training-Losses/clipfrac,0.0,Pong1PCB2L336P__seed_8_1763344785
2977792,1-Training-Losses/clipfrac,0.0,Pong1PCB2L336P__seed_8_1763344785
2981888,1-Training-Losses/clipfrac,0.0,Pong1PCB2L336P__seed_8_1763344785
2985984,1-Training-Losses/clipfrac,0.00177001953125,Pong1PCB2L336P__seed_8_1763344785
2990080,1-Training-Losses/clipfrac,0.0,Pong1PCB2L336P__seed_8_1763344785
2994176,1-Training-Losses/clipfrac,0.0001220703125,Pong1PCB2L336P__seed_8_1763344785
2998272,1-Training-Losses/clipfrac,0.0,Pong1PCB2L336P__seed_8_1763344785
3002368,1-Training-Losses/clipfrac,0.0,Pong1PCB2L336P__seed_8_1763344785
3006464,1-Training-Losses/clipfrac,0.0,Pong1PCB2L336P__seed_8_1763344785
3010560,1-Training-Losses/clipfrac,0.0,Pong1PCB2L336P__seed_8_1763344785
3014656,1-Training-Losses/clipfrac,0.0,Pong1PCB2L336P__seed_8_1763344785
3018752,1-Training-Losses/clipfrac,0.0,Pong1PCB2L336P__seed_8_1763344785
3022848,1-Training-Losses/clipfrac,0.0,Pong1PCB2L336P__seed_8_1763344785
3026944,1-Training-Losses/clipfrac,0.0,Pong1PCB2L336P__seed_8_1763344785
3031040,1-Training-Losses/clipfrac,0.0,Pong1PCB2L336P__seed_8_1763344785
3035136,1-Training-Losses/clipfrac,0.0,Pong1PCB2L336P__seed_8_1763344785
3039232,1-Training-Losses/clipfrac,0.005615234375,Pong1PCB2L336P__seed_8_1763344785
3043328,1-Training-Losses/clipfrac,0.0,Pong1PCB2L336P__seed_8_1763344785
3047424,1-Training-Losses/clipfrac,0.0,Pong1PCB2L336P__seed_8_1763344785
3051520,1-Training-Losses/clipfrac,0.0003662109375,Pong1PCB2L336P__seed_8_1763344785
3055616,1-Training-Losses/clipfrac,0.0,Pong1PCB2L336P__seed_8_1763344785
3059712,1-Training-Losses/clipfrac,0.03997802734375,Pong1PCB2L336P__seed_8_1763344785
3063808,1-Training-Losses/clipfrac,0.03436279296875,Pong1PCB2L336P__seed_8_1763344785
3067904,1-Training-Losses/clipfrac,0.0,Pong1PCB2L336P__seed_8_1763344785
3072000,1-Training-Losses/clipfrac,0.0,Pong1PCB2L336P__seed_8_1763344785
3076096,1-Training-Losses/clipfrac,0.0,Pong1PCB2L336P__seed_8_1763344785
3080192,1-Training-Losses/clipfrac,0.0,Pong1PCB2L336P__seed_8_1763344785
3084288,1-Training-Losses/clipfrac,0.0,Pong1PCB2L336P__seed_8_1763344785
3088384,1-Training-Losses/clipfrac,0.0,Pong1PCB2L336P__seed_8_1763344785
3092480,1-Training-Losses/clipfrac,0.0,Pong1PCB2L336P__seed_8_1763344785
3096576,1-Training-Losses/clipfrac,0.0,Pong1PCB2L336P__seed_8_1763344785
3100672,1-Training-Losses/clipfrac,0.0,Pong1PCB2L336P__seed_8_1763344785
3104768,1-Training-Losses/clipfrac,0.0,Pong1PCB2L336P__seed_8_1763344785
3108864,1-Training-Losses/clipfrac,0.0,Pong1PCB2L336P__seed_8_1763344785
3112960,1-Training-Losses/clipfrac,0.0,Pong1PCB2L336P__seed_8_1763344785
3117056,1-Training-Losses/clipfrac,0.0,Pong1PCB2L336P__seed_8_1763344785
3121152,1-Training-Losses/clipfrac,0.0,Pong1PCB2L336P__seed_8_1763344785
3125248,1-Training-Losses/clipfrac,0.00054931640625,Pong1PCB2L336P__seed_8_1763344785
3129344,1-Training-Losses/clipfrac,0.00372314453125,Pong1PCB2L336P__seed_8_1763344785
3133440,1-Training-Losses/clipfrac,0.00494384765625,Pong1PCB2L336P__seed_8_1763344785
3137536,1-Training-Losses/clipfrac,0.0,Pong1PCB2L336P__seed_8_1763344785
3141632,1-Training-Losses/clipfrac,0.0,Pong1PCB2L336P__seed_8_1763344785
3145728,1-Training-Losses/clipfrac,0.000244140625,Pong1PCB2L336P__seed_8_1763344785
3149824,1-Training-Losses/clipfrac,0.0042724609375,Pong1PCB2L336P__seed_8_1763344785
3153920,1-Training-Losses/clipfrac,0.0,Pong1PCB2L336P__seed_8_1763344785
3158016,1-Training-Losses/clipfrac,0.0,Pong1PCB2L336P__seed_8_1763344785
3162112,1-Training-Losses/clipfrac,0.0,Pong1PCB2L336P__seed_8_1763344785
3166208,1-Training-Losses/clipfrac,0.0,Pong1PCB2L336P__seed_8_1763344785
3170304,1-Training-Losses/clipfrac,0.0,Pong1PCB2L336P__seed_8_1763344785
3174400,1-Training-Losses/clipfrac,0.01910400390625,Pong1PCB2L336P__seed_8_1763344785
3178496,1-Training-Losses/clipfrac,0.0,Pong1PCB2L336P__seed_8_1763344785
3182592,1-Training-Losses/clipfrac,0.0,Pong1PCB2L336P__seed_8_1763344785
3186688,1-Training-Losses/clipfrac,0.0,Pong1PCB2L336P__seed_8_1763344785
3190784,1-Training-Losses/clipfrac,0.00360107421875,Pong1PCB2L336P__seed_8_1763344785
3194880,1-Training-Losses/clipfrac,0.0,Pong1PCB2L336P__seed_8_1763344785
3198976,1-Training-Losses/clipfrac,0.0367431640625,Pong1PCB2L336P__seed_8_1763344785
3203072,1-Training-Losses/clipfrac,0.0023193359375,Pong1PCB2L336P__seed_8_1763344785
3207168,1-Training-Losses/clipfrac,0.0,Pong1PCB2L336P__seed_8_1763344785
3211264,1-Training-Losses/clipfrac,0.0,Pong1PCB2L336P__seed_8_1763344785
3215360,1-Training-Losses/clipfrac,0.0,Pong1PCB2L336P__seed_8_1763344785
3219456,1-Training-Losses/clipfrac,0.00042724609375,Pong1PCB2L336P__seed_8_1763344785
3223552,1-Training-Losses/clipfrac,0.00274658203125,Pong1PCB2L336P__seed_8_1763344785
3227648,1-Training-Losses/clipfrac,6.103515625e-05,Pong1PCB2L336P__seed_8_1763344785
3231744,1-Training-Losses/clipfrac,0.0,Pong1PCB2L336P__seed_8_1763344785
3235840,1-Training-Losses/clipfrac,0.0,Pong1PCB2L336P__seed_8_1763344785
3239936,1-Training-Losses/clipfrac,0.0,Pong1PCB2L336P__seed_8_1763344785
3244032,1-Training-Losses/clipfrac,0.0,Pong1PCB2L336P__seed_8_1763344785
3248128,1-Training-Losses/clipfrac,0.0,Pong1PCB2L336P__seed_8_1763344785
3252224,1-Training-Losses/clipfrac,0.0,Pong1PCB2L336P__seed_8_1763344785
3256320,1-Training-Losses/clipfrac,0.0,Pong1PCB2L336P__seed_8_1763344785
3260416,1-Training-Losses/clipfrac,0.0,Pong1PCB2L336P__seed_8_1763344785
3264512,1-Training-Losses/clipfrac,0.0,Pong1PCB2L336P__seed_8_1763344785
3268608,1-Training-Losses/clipfrac,0.0,Pong1PCB2L336P__seed_8_1763344785
3272704,1-Training-Losses/clipfrac,0.000732421875,Pong1PCB2L336P__seed_8_1763344785
3276800,1-Training-Losses/clipfrac,0.01324462890625,Pong1PCB2L336P__seed_8_1763344785
3280896,1-Training-Losses/clipfrac,0.01507568359375,Pong1PCB2L336P__seed_8_1763344785
3284992,1-Training-Losses/clipfrac,0.00042724609375,Pong1PCB2L336P__seed_8_1763344785
3289088,1-Training-Losses/clipfrac,0.0,Pong1PCB2L336P__seed_8_1763344785
3293184,1-Training-Losses/clipfrac,0.0,Pong1PCB2L336P__seed_8_1763344785
3297280,1-Training-Losses/clipfrac,0.0,Pong1PCB2L336P__seed_8_1763344785
3301376,1-Training-Losses/clipfrac,0.0,Pong1PCB2L336P__seed_8_1763344785
3305472,1-Training-Losses/clipfrac,0.0,Pong1PCB2L336P__seed_8_1763344785
3309568,1-Training-Losses/clipfrac,0.00823974609375,Pong1PCB2L336P__seed_8_1763344785
3313664,1-Training-Losses/clipfrac,0.0465087890625,Pong1PCB2L336P__seed_8_1763344785
3317760,1-Training-Losses/clipfrac,0.0,Pong1PCB2L336P__seed_8_1763344785
3321856,1-Training-Losses/clipfrac,0.0,Pong1PCB2L336P__seed_8_1763344785
3325952,1-Training-Losses/clipfrac,0.0,Pong1PCB2L336P__seed_8_1763344785
3330048,1-Training-Losses/clipfrac,0.0,Pong1PCB2L336P__seed_8_1763344785
3334144,1-Training-Losses/clipfrac,0.0,Pong1PCB2L336P__seed_8_1763344785
3338240,1-Training-Losses/clipfrac,0.0,Pong1PCB2L336P__seed_8_1763344785
3342336,1-Training-Losses/clipfrac,0.0,Pong1PCB2L336P__seed_8_1763344785
3346432,1-Training-Losses/clipfrac,0.0,Pong1PCB2L336P__seed_8_1763344785
3350528,1-Training-Losses/clipfrac,0.0,Pong1PCB2L336P__seed_8_1763344785
3354624,1-Training-Losses/clipfrac,0.00897216796875,Pong1PCB2L336P__seed_8_1763344785
3358720,1-Training-Losses/clipfrac,0.0113525390625,Pong1PCB2L336P__seed_8_1763344785
3362816,1-Training-Losses/clipfrac,0.0,Pong1PCB2L336P__seed_8_1763344785
3366912,1-Training-Losses/clipfrac,0.0,Pong1PCB2L336P__seed_8_1763344785
3371008,1-Training-Losses/clipfrac,0.0,Pong1PCB2L336P__seed_8_1763344785
3375104,1-Training-Losses/clipfrac,0.0,Pong1PCB2L336P__seed_8_1763344785
3379200,1-Training-Losses/clipfrac,0.0,Pong1PCB2L336P__seed_8_1763344785
3383296,1-Training-Losses/clipfrac,0.0,Pong1PCB2L336P__seed_8_1763344785
3387392,1-Training-Losses/clipfrac,0.0009765625,Pong1PCB2L336P__seed_8_1763344785
3391488,1-Training-Losses/clipfrac,0.0391845703125,Pong1PCB2L336P__seed_8_1763344785
3395584,1-Training-Losses/clipfrac,0.0,Pong1PCB2L336P__seed_8_1763344785
3399680,1-Training-Losses/clipfrac,0.0030517578125,Pong1PCB2L336P__seed_8_1763344785
3403776,1-Training-Losses/clipfrac,0.0,Pong1PCB2L336P__seed_8_1763344785
3407872,1-Training-Losses/clipfrac,0.0,Pong1PCB2L336P__seed_8_1763344785
3411968,1-Training-Losses/clipfrac,0.0,Pong1PCB2L336P__seed_8_1763344785
3416064,1-Training-Losses/clipfrac,0.0,Pong1PCB2L336P__seed_8_1763344785
3420160,1-Training-Losses/clipfrac,0.0,Pong1PCB2L336P__seed_8_1763344785
3424256,1-Training-Losses/clipfrac,0.0,Pong1PCB2L336P__seed_8_1763344785
3428352,1-Training-Losses/clipfrac,0.0,Pong1PCB2L336P__seed_8_1763344785
3432448,1-Training-Losses/clipfrac,0.01348876953125,Pong1PCB2L336P__seed_8_1763344785
3436544,1-Training-Losses/clipfrac,0.00714111328125,Pong1PCB2L336P__seed_8_1763344785
3440640,1-Training-Losses/clipfrac,0.0,Pong1PCB2L336P__seed_8_1763344785
3444736,1-Training-Losses/clipfrac,0.0,Pong1PCB2L336P__seed_8_1763344785
3448832,1-Training-Losses/clipfrac,0.04925537109375,Pong1PCB2L336P__seed_8_1763344785
3452928,1-Training-Losses/clipfrac,0.00335693359375,Pong1PCB2L336P__seed_8_1763344785
3457024,1-Training-Losses/clipfrac,0.0,Pong1PCB2L336P__seed_8_1763344785
3461120,1-Training-Losses/clipfrac,0.0255126953125,Pong1PCB2L336P__seed_8_1763344785
3465216,1-Training-Losses/clipfrac,0.00347900390625,Pong1PCB2L336P__seed_8_1763344785
3469312,1-Training-Losses/clipfrac,0.0,Pong1PCB2L336P__seed_8_1763344785
3473408,1-Training-Losses/clipfrac,0.0,Pong1PCB2L336P__seed_8_1763344785
3477504,1-Training-Losses/clipfrac,0.0,Pong1PCB2L336P__seed_8_1763344785
3481600,1-Training-Losses/clipfrac,0.0,Pong1PCB2L336P__seed_8_1763344785
3485696,1-Training-Losses/clipfrac,0.0,Pong1PCB2L336P__seed_8_1763344785
3489792,1-Training-Losses/clipfrac,0.0,Pong1PCB2L336P__seed_8_1763344785
3493888,1-Training-Losses/clipfrac,0.0,Pong1PCB2L336P__seed_8_1763344785
3497984,1-Training-Losses/clipfrac,0.0050048828125,Pong1PCB2L336P__seed_8_1763344785
3502080,1-Training-Losses/clipfrac,0.0,Pong1PCB2L336P__seed_8_1763344785
3506176,1-Training-Losses/clipfrac,0.0,Pong1PCB2L336P__seed_8_1763344785
3510272,1-Training-Losses/clipfrac,0.0079345703125,Pong1PCB2L336P__seed_8_1763344785
3514368,1-Training-Losses/clipfrac,0.0,Pong1PCB2L336P__seed_8_1763344785
3518464,1-Training-Losses/clipfrac,0.0,Pong1PCB2L336P__seed_8_1763344785
3522560,1-Training-Losses/clipfrac,0.0,Pong1PCB2L336P__seed_8_1763344785
3526656,1-Training-Losses/clipfrac,0.0,Pong1PCB2L336P__seed_8_1763344785
3530752,1-Training-Losses/clipfrac,0.0,Pong1PCB2L336P__seed_8_1763344785
3534848,1-Training-Losses/clipfrac,0.0064697265625,Pong1PCB2L336P__seed_8_1763344785
3538944,1-Training-Losses/clipfrac,0.0,Pong1PCB2L336P__seed_8_1763344785
3543040,1-Training-Losses/clipfrac,0.0,Pong1PCB2L336P__seed_8_1763344785
3547136,1-Training-Losses/clipfrac,0.0,Pong1PCB2L336P__seed_8_1763344785
3551232,1-Training-Losses/clipfrac,0.0,Pong1PCB2L336P__seed_8_1763344785
3555328,1-Training-Losses/clipfrac,0.0,Pong1PCB2L336P__seed_8_1763344785
3559424,1-Training-Losses/clipfrac,0.0,Pong1PCB2L336P__seed_8_1763344785
3563520,1-Training-Losses/clipfrac,0.0,Pong1PCB2L336P__seed_8_1763344785
3567616,1-Training-Losses/clipfrac,0.0,Pong1PCB2L336P__seed_8_1763344785
3571712,1-Training-Losses/clipfrac,0.0,Pong1PCB2L336P__seed_8_1763344785
3575808,1-Training-Losses/clipfrac,0.01116943359375,Pong1PCB2L336P__seed_8_1763344785
3579904,1-Training-Losses/clipfrac,0.00634765625,Pong1PCB2L336P__seed_8_1763344785
3584000,1-Training-Losses/clipfrac,0.0,Pong1PCB2L336P__seed_8_1763344785
3588096,1-Training-Losses/clipfrac,0.03582763671875,Pong1PCB2L336P__seed_8_1763344785
3592192,1-Training-Losses/clipfrac,0.00054931640625,Pong1PCB2L336P__seed_8_1763344785
3596288,1-Training-Losses/clipfrac,6.103515625e-05,Pong1PCB2L336P__seed_8_1763344785
3600384,1-Training-Losses/clipfrac,0.0,Pong1PCB2L336P__seed_8_1763344785
3604480,1-Training-Losses/clipfrac,0.0,Pong1PCB2L336P__seed_8_1763344785
3608576,1-Training-Losses/clipfrac,0.0,Pong1PCB2L336P__seed_8_1763344785
3612672,1-Training-Losses/clipfrac,0.00054931640625,Pong1PCB2L336P__seed_8_1763344785
3616768,1-Training-Losses/clipfrac,0.0,Pong1PCB2L336P__seed_8_1763344785
3620864,1-Training-Losses/clipfrac,0.000244140625,Pong1PCB2L336P__seed_8_1763344785
3624960,1-Training-Losses/clipfrac,0.0,Pong1PCB2L336P__seed_8_1763344785
3629056,1-Training-Losses/clipfrac,0.0006103515625,Pong1PCB2L336P__seed_8_1763344785
3633152,1-Training-Losses/clipfrac,0.0,Pong1PCB2L336P__seed_8_1763344785
3637248,1-Training-Losses/clipfrac,0.0,Pong1PCB2L336P__seed_8_1763344785
3641344,1-Training-Losses/clipfrac,0.0,Pong1PCB2L336P__seed_8_1763344785
3645440,1-Training-Losses/clipfrac,0.0001220703125,Pong1PCB2L336P__seed_8_1763344785
3649536,1-Training-Losses/clipfrac,0.0,Pong1PCB2L336P__seed_8_1763344785
3653632,1-Training-Losses/clipfrac,0.00030517578125,Pong1PCB2L336P__seed_8_1763344785
3657728,1-Training-Losses/clipfrac,6.103515625e-05,Pong1PCB2L336P__seed_8_1763344785
3661824,1-Training-Losses/clipfrac,0.0074462890625,Pong1PCB2L336P__seed_8_1763344785
3665920,1-Training-Losses/clipfrac,0.0,Pong1PCB2L336P__seed_8_1763344785
3670016,1-Training-Losses/clipfrac,0.0008544921875,Pong1PCB2L336P__seed_8_1763344785
3674112,1-Training-Losses/clipfrac,0.0,Pong1PCB2L336P__seed_8_1763344785
3678208,1-Training-Losses/clipfrac,0.0,Pong1PCB2L336P__seed_8_1763344785
3682304,1-Training-Losses/clipfrac,0.0,Pong1PCB2L336P__seed_8_1763344785
3686400,1-Training-Losses/clipfrac,0.0,Pong1PCB2L336P__seed_8_1763344785
3690496,1-Training-Losses/clipfrac,0.00018310546875,Pong1PCB2L336P__seed_8_1763344785
3694592,1-Training-Losses/clipfrac,0.0,Pong1PCB2L336P__seed_8_1763344785
3698688,1-Training-Losses/clipfrac,0.0,Pong1PCB2L336P__seed_8_1763344785
3702784,1-Training-Losses/clipfrac,0.0,Pong1PCB2L336P__seed_8_1763344785
3706880,1-Training-Losses/clipfrac,0.00335693359375,Pong1PCB2L336P__seed_8_1763344785
3710976,1-Training-Losses/clipfrac,0.01947021484375,Pong1PCB2L336P__seed_8_1763344785
3715072,1-Training-Losses/clipfrac,0.0,Pong1PCB2L336P__seed_8_1763344785
3719168,1-Training-Losses/clipfrac,0.0018310546875,Pong1PCB2L336P__seed_8_1763344785
3723264,1-Training-Losses/clipfrac,0.01165771484375,Pong1PCB2L336P__seed_8_1763344785
3727360,1-Training-Losses/clipfrac,0.00836181640625,Pong1PCB2L336P__seed_8_1763344785
3731456,1-Training-Losses/clipfrac,0.0,Pong1PCB2L336P__seed_8_1763344785
3735552,1-Training-Losses/clipfrac,0.0,Pong1PCB2L336P__seed_8_1763344785
3739648,1-Training-Losses/clipfrac,0.0,Pong1PCB2L336P__seed_8_1763344785
3743744,1-Training-Losses/clipfrac,0.0,Pong1PCB2L336P__seed_8_1763344785
3747840,1-Training-Losses/clipfrac,0.0025634765625,Pong1PCB2L336P__seed_8_1763344785
3751936,1-Training-Losses/clipfrac,0.0224609375,Pong1PCB2L336P__seed_8_1763344785
3756032,1-Training-Losses/clipfrac,0.0,Pong1PCB2L336P__seed_8_1763344785
3760128,1-Training-Losses/clipfrac,0.0,Pong1PCB2L336P__seed_8_1763344785
3764224,1-Training-Losses/clipfrac,0.0,Pong1PCB2L336P__seed_8_1763344785
3768320,1-Training-Losses/clipfrac,0.0,Pong1PCB2L336P__seed_8_1763344785
3772416,1-Training-Losses/clipfrac,0.0,Pong1PCB2L336P__seed_8_1763344785
3776512,1-Training-Losses/clipfrac,0.0,Pong1PCB2L336P__seed_8_1763344785
3780608,1-Training-Losses/clipfrac,0.0,Pong1PCB2L336P__seed_8_1763344785
3784704,1-Training-Losses/clipfrac,0.0,Pong1PCB2L336P__seed_8_1763344785
3788800,1-Training-Losses/clipfrac,0.0001220703125,Pong1PCB2L336P__seed_8_1763344785
3792896,1-Training-Losses/clipfrac,0.00982666015625,Pong1PCB2L336P__seed_8_1763344785
3796992,1-Training-Losses/clipfrac,0.02056884765625,Pong1PCB2L336P__seed_8_1763344785
3801088,1-Training-Losses/clipfrac,0.0,Pong1PCB2L336P__seed_8_1763344785
3805184,1-Training-Losses/clipfrac,0.0087890625,Pong1PCB2L336P__seed_8_1763344785
3809280,1-Training-Losses/clipfrac,0.01904296875,Pong1PCB2L336P__seed_8_1763344785
3813376,1-Training-Losses/clipfrac,0.000244140625,Pong1PCB2L336P__seed_8_1763344785
3817472,1-Training-Losses/clipfrac,0.00079345703125,Pong1PCB2L336P__seed_8_1763344785
3821568,1-Training-Losses/clipfrac,0.0,Pong1PCB2L336P__seed_8_1763344785
3825664,1-Training-Losses/clipfrac,0.0,Pong1PCB2L336P__seed_8_1763344785
3829760,1-Training-Losses/clipfrac,0.0,Pong1PCB2L336P__seed_8_1763344785
3833856,1-Training-Losses/clipfrac,0.0,Pong1PCB2L336P__seed_8_1763344785
3837952,1-Training-Losses/clipfrac,0.0,Pong1PCB2L336P__seed_8_1763344785
3842048,1-Training-Losses/clipfrac,0.0,Pong1PCB2L336P__seed_8_1763344785
3846144,1-Training-Losses/clipfrac,0.000732421875,Pong1PCB2L336P__seed_8_1763344785
3850240,1-Training-Losses/clipfrac,0.0,Pong1PCB2L336P__seed_8_1763344785
3854336,1-Training-Losses/clipfrac,0.0,Pong1PCB2L336P__seed_8_1763344785
3858432,1-Training-Losses/clipfrac,0.0029296875,Pong1PCB2L336P__seed_8_1763344785
3862528,1-Training-Losses/clipfrac,0.0,Pong1PCB2L336P__seed_8_1763344785
3866624,1-Training-Losses/clipfrac,0.05755615234375,Pong1PCB2L336P__seed_8_1763344785
3870720,1-Training-Losses/clipfrac,0.0181884765625,Pong1PCB2L336P__seed_8_1763344785
3874816,1-Training-Losses/clipfrac,0.0,Pong1PCB2L336P__seed_8_1763344785
3878912,1-Training-Losses/clipfrac,0.0,Pong1PCB2L336P__seed_8_1763344785
3883008,1-Training-Losses/clipfrac,0.0,Pong1PCB2L336P__seed_8_1763344785
3887104,1-Training-Losses/clipfrac,0.0,Pong1PCB2L336P__seed_8_1763344785
3891200,1-Training-Losses/clipfrac,0.0,Pong1PCB2L336P__seed_8_1763344785
3895296,1-Training-Losses/clipfrac,0.00079345703125,Pong1PCB2L336P__seed_8_1763344785
3899392,1-Training-Losses/clipfrac,0.0,Pong1PCB2L336P__seed_8_1763344785
3903488,1-Training-Losses/clipfrac,0.0,Pong1PCB2L336P__seed_8_1763344785
3907584,1-Training-Losses/clipfrac,0.0,Pong1PCB2L336P__seed_8_1763344785
3911680,1-Training-Losses/clipfrac,0.0,Pong1PCB2L336P__seed_8_1763344785
3915776,1-Training-Losses/clipfrac,0.0,Pong1PCB2L336P__seed_8_1763344785
3919872,1-Training-Losses/clipfrac,0.00042724609375,Pong1PCB2L336P__seed_8_1763344785
3923968,1-Training-Losses/clipfrac,0.0,Pong1PCB2L336P__seed_8_1763344785
3928064,1-Training-Losses/clipfrac,0.0,Pong1PCB2L336P__seed_8_1763344785
3932160,1-Training-Losses/clipfrac,0.000244140625,Pong1PCB2L336P__seed_8_1763344785
3936256,1-Training-Losses/clipfrac,0.0,Pong1PCB2L336P__seed_8_1763344785
3940352,1-Training-Losses/clipfrac,0.0,Pong1PCB2L336P__seed_8_1763344785
3944448,1-Training-Losses/clipfrac,0.0,Pong1PCB2L336P__seed_8_1763344785
3948544,1-Training-Losses/clipfrac,0.00518798828125,Pong1PCB2L336P__seed_8_1763344785
3952640,1-Training-Losses/clipfrac,0.01861572265625,Pong1PCB2L336P__seed_8_1763344785
3956736,1-Training-Losses/clipfrac,6.103515625e-05,Pong1PCB2L336P__seed_8_1763344785
3960832,1-Training-Losses/clipfrac,0.0,Pong1PCB2L336P__seed_8_1763344785
3964928,1-Training-Losses/clipfrac,0.0,Pong1PCB2L336P__seed_8_1763344785
3969024,1-Training-Losses/clipfrac,0.0,Pong1PCB2L336P__seed_8_1763344785
3973120,1-Training-Losses/clipfrac,0.00250244140625,Pong1PCB2L336P__seed_8_1763344785
3977216,1-Training-Losses/clipfrac,0.0035400390625,Pong1PCB2L336P__seed_8_1763344785
3981312,1-Training-Losses/clipfrac,0.0,Pong1PCB2L336P__seed_8_1763344785
3985408,1-Training-Losses/clipfrac,0.0,Pong1PCB2L336P__seed_8_1763344785
3989504,1-Training-Losses/clipfrac,0.0,Pong1PCB2L336P__seed_8_1763344785
3993600,1-Training-Losses/clipfrac,0.0,Pong1PCB2L336P__seed_8_1763344785
3997696,1-Training-Losses/clipfrac,0.0,Pong1PCB2L336P__seed_8_1763344785
4001792,1-Training-Losses/clipfrac,0.0,Pong1PCB2L336P__seed_8_1763344785
4005888,1-Training-Losses/clipfrac,0.0,Pong1PCB2L336P__seed_8_1763344785
4009984,1-Training-Losses/clipfrac,0.0,Pong1PCB2L336P__seed_8_1763344785
4014080,1-Training-Losses/clipfrac,0.0,Pong1PCB2L336P__seed_8_1763344785
4018176,1-Training-Losses/clipfrac,0.0,Pong1PCB2L336P__seed_8_1763344785
4022272,1-Training-Losses/clipfrac,0.0,Pong1PCB2L336P__seed_8_1763344785
4026368,1-Training-Losses/clipfrac,0.0,Pong1PCB2L336P__seed_8_1763344785
4030464,1-Training-Losses/clipfrac,0.0,Pong1PCB2L336P__seed_8_1763344785
4034560,1-Training-Losses/clipfrac,0.0,Pong1PCB2L336P__seed_8_1763344785
4038656,1-Training-Losses/clipfrac,0.0,Pong1PCB2L336P__seed_8_1763344785
4042752,1-Training-Losses/clipfrac,0.0,Pong1PCB2L336P__seed_8_1763344785
4046848,1-Training-Losses/clipfrac,0.0,Pong1PCB2L336P__seed_8_1763344785
4050944,1-Training-Losses/clipfrac,0.0,Pong1PCB2L336P__seed_8_1763344785
4055040,1-Training-Losses/clipfrac,0.0,Pong1PCB2L336P__seed_8_1763344785
4059136,1-Training-Losses/clipfrac,0.0,Pong1PCB2L336P__seed_8_1763344785
4063232,1-Training-Losses/clipfrac,0.0,Pong1PCB2L336P__seed_8_1763344785
4067328,1-Training-Losses/clipfrac,0.0,Pong1PCB2L336P__seed_8_1763344785
4071424,1-Training-Losses/clipfrac,0.0,Pong1PCB2L336P__seed_8_1763344785
4075520,1-Training-Losses/clipfrac,0.0,Pong1PCB2L336P__seed_8_1763344785
4079616,1-Training-Losses/clipfrac,0.0,Pong1PCB2L336P__seed_8_1763344785
4083712,1-Training-Losses/clipfrac,0.0,Pong1PCB2L336P__seed_8_1763344785
4087808,1-Training-Losses/clipfrac,0.0,Pong1PCB2L336P__seed_8_1763344785
4091904,1-Training-Losses/clipfrac,0.0,Pong1PCB2L336P__seed_8_1763344785
4096000,1-Training-Losses/clipfrac,0.0,Pong1PCB2L336P__seed_8_1763344785
4100096,1-Training-Losses/clipfrac,0.0001220703125,Pong1PCB2L336P__seed_8_1763344785
4104192,1-Training-Losses/clipfrac,0.0,Pong1PCB2L336P__seed_8_1763344785
4108288,1-Training-Losses/clipfrac,0.0,Pong1PCB2L336P__seed_8_1763344785
4112384,1-Training-Losses/clipfrac,0.0,Pong1PCB2L336P__seed_8_1763344785
4116480,1-Training-Losses/clipfrac,0.0,Pong1PCB2L336P__seed_8_1763344785
4120576,1-Training-Losses/clipfrac,0.0,Pong1PCB2L336P__seed_8_1763344785
4124672,1-Training-Losses/clipfrac,0.0,Pong1PCB2L336P__seed_8_1763344785
4128768,1-Training-Losses/clipfrac,0.0,Pong1PCB2L336P__seed_8_1763344785
4132864,1-Training-Losses/clipfrac,0.0,Pong1PCB2L336P__seed_8_1763344785
4136960,1-Training-Losses/clipfrac,0.0,Pong1PCB2L336P__seed_8_1763344785
4141056,1-Training-Losses/clipfrac,0.0,Pong1PCB2L336P__seed_8_1763344785
4145152,1-Training-Losses/clipfrac,0.0,Pong1PCB2L336P__seed_8_1763344785
4149248,1-Training-Losses/clipfrac,0.0,Pong1PCB2L336P__seed_8_1763344785
4153344,1-Training-Losses/clipfrac,0.0,Pong1PCB2L336P__seed_8_1763344785
4157440,1-Training-Losses/clipfrac,0.0,Pong1PCB2L336P__seed_8_1763344785
4161536,1-Training-Losses/clipfrac,0.0013427734375,Pong1PCB2L336P__seed_8_1763344785
4165632,1-Training-Losses/clipfrac,0.00286865234375,Pong1PCB2L336P__seed_8_1763344785
4169728,1-Training-Losses/clipfrac,0.0,Pong1PCB2L336P__seed_8_1763344785
4173824,1-Training-Losses/clipfrac,0.0,Pong1PCB2L336P__seed_8_1763344785
4177920,1-Training-Losses/clipfrac,0.0142822265625,Pong1PCB2L336P__seed_8_1763344785
4182016,1-Training-Losses/clipfrac,0.02166748046875,Pong1PCB2L336P__seed_8_1763344785
4186112,1-Training-Losses/clipfrac,0.0,Pong1PCB2L336P__seed_8_1763344785
4190208,1-Training-Losses/clipfrac,0.0,Pong1PCB2L336P__seed_8_1763344785
4194304,1-Training-Losses/clipfrac,0.0,Pong1PCB2L336P__seed_8_1763344785
4198400,1-Training-Losses/clipfrac,0.0,Pong1PCB2L336P__seed_8_1763344785
4202496,1-Training-Losses/clipfrac,0.0,Pong1PCB2L336P__seed_8_1763344785
4206592,1-Training-Losses/clipfrac,0.0,Pong1PCB2L336P__seed_8_1763344785
4210688,1-Training-Losses/clipfrac,0.0,Pong1PCB2L336P__seed_8_1763344785
4214784,1-Training-Losses/clipfrac,0.0,Pong1PCB2L336P__seed_8_1763344785
4218880,1-Training-Losses/clipfrac,0.0,Pong1PCB2L336P__seed_8_1763344785
4222976,1-Training-Losses/clipfrac,0.0,Pong1PCB2L336P__seed_8_1763344785
4227072,1-Training-Losses/clipfrac,0.0,Pong1PCB2L336P__seed_8_1763344785
4231168,1-Training-Losses/clipfrac,0.0,Pong1PCB2L336P__seed_8_1763344785
4235264,1-Training-Losses/clipfrac,0.0,Pong1PCB2L336P__seed_8_1763344785
4239360,1-Training-Losses/clipfrac,0.0,Pong1PCB2L336P__seed_8_1763344785
4243456,1-Training-Losses/clipfrac,0.0,Pong1PCB2L336P__seed_8_1763344785
4247552,1-Training-Losses/clipfrac,0.0,Pong1PCB2L336P__seed_8_1763344785
4251648,1-Training-Losses/clipfrac,0.0,Pong1PCB2L336P__seed_8_1763344785
4255744,1-Training-Losses/clipfrac,0.0,Pong1PCB2L336P__seed_8_1763344785
4259840,1-Training-Losses/clipfrac,0.0,Pong1PCB2L336P__seed_8_1763344785
4263936,1-Training-Losses/clipfrac,0.0,Pong1PCB2L336P__seed_8_1763344785
4268032,1-Training-Losses/clipfrac,0.00018310546875,Pong1PCB2L336P__seed_8_1763344785
4272128,1-Training-Losses/clipfrac,0.0,Pong1PCB2L336P__seed_8_1763344785
4276224,1-Training-Losses/clipfrac,0.0,Pong1PCB2L336P__seed_8_1763344785
4280320,1-Training-Losses/clipfrac,0.0,Pong1PCB2L336P__seed_8_1763344785
4284416,1-Training-Losses/clipfrac,0.00286865234375,Pong1PCB2L336P__seed_8_1763344785
4288512,1-Training-Losses/clipfrac,0.00482177734375,Pong1PCB2L336P__seed_8_1763344785
4292608,1-Training-Losses/clipfrac,0.0001220703125,Pong1PCB2L336P__seed_8_1763344785
4296704,1-Training-Losses/clipfrac,0.0009765625,Pong1PCB2L336P__seed_8_1763344785
4300800,1-Training-Losses/clipfrac,0.0,Pong1PCB2L336P__seed_8_1763344785
4304896,1-Training-Losses/clipfrac,0.0,Pong1PCB2L336P__seed_8_1763344785
4308992,1-Training-Losses/clipfrac,0.0103759765625,Pong1PCB2L336P__seed_8_1763344785
4313088,1-Training-Losses/clipfrac,0.0,Pong1PCB2L336P__seed_8_1763344785
4317184,1-Training-Losses/clipfrac,0.0,Pong1PCB2L336P__seed_8_1763344785
4321280,1-Training-Losses/clipfrac,0.0,Pong1PCB2L336P__seed_8_1763344785
4325376,1-Training-Losses/clipfrac,0.0,Pong1PCB2L336P__seed_8_1763344785
4329472,1-Training-Losses/clipfrac,0.0,Pong1PCB2L336P__seed_8_1763344785
4333568,1-Training-Losses/clipfrac,0.0,Pong1PCB2L336P__seed_8_1763344785
4337664,1-Training-Losses/clipfrac,0.0,Pong1PCB2L336P__seed_8_1763344785
4341760,1-Training-Losses/clipfrac,0.0018310546875,Pong1PCB2L336P__seed_8_1763344785
4345856,1-Training-Losses/clipfrac,0.0,Pong1PCB2L336P__seed_8_1763344785
4349952,1-Training-Losses/clipfrac,0.0,Pong1PCB2L336P__seed_8_1763344785
4354048,1-Training-Losses/clipfrac,0.00250244140625,Pong1PCB2L336P__seed_8_1763344785
4358144,1-Training-Losses/clipfrac,0.000244140625,Pong1PCB2L336P__seed_8_1763344785
4362240,1-Training-Losses/clipfrac,0.0,Pong1PCB2L336P__seed_8_1763344785
4366336,1-Training-Losses/clipfrac,0.0,Pong1PCB2L336P__seed_8_1763344785
4370432,1-Training-Losses/clipfrac,0.0,Pong1PCB2L336P__seed_8_1763344785
4374528,1-Training-Losses/clipfrac,0.0,Pong1PCB2L336P__seed_8_1763344785
4378624,1-Training-Losses/clipfrac,0.0,Pong1PCB2L336P__seed_8_1763344785
4382720,1-Training-Losses/clipfrac,0.0,Pong1PCB2L336P__seed_8_1763344785
4386816,1-Training-Losses/clipfrac,0.0,Pong1PCB2L336P__seed_8_1763344785
4390912,1-Training-Losses/clipfrac,0.0,Pong1PCB2L336P__seed_8_1763344785
4395008,1-Training-Losses/clipfrac,0.0,Pong1PCB2L336P__seed_8_1763344785
4399104,1-Training-Losses/clipfrac,0.00054931640625,Pong1PCB2L336P__seed_8_1763344785
4403200,1-Training-Losses/clipfrac,0.0028076171875,Pong1PCB2L336P__seed_8_1763344785
4407296,1-Training-Losses/clipfrac,0.0,Pong1PCB2L336P__seed_8_1763344785
4411392,1-Training-Losses/clipfrac,0.0257568359375,Pong1PCB2L336P__seed_8_1763344785
4415488,1-Training-Losses/clipfrac,0.034423828125,Pong1PCB2L336P__seed_8_1763344785
4419584,1-Training-Losses/clipfrac,0.00665283203125,Pong1PCB2L336P__seed_8_1763344785
4423680,1-Training-Losses/clipfrac,0.0,Pong1PCB2L336P__seed_8_1763344785
4427776,1-Training-Losses/clipfrac,0.0,Pong1PCB2L336P__seed_8_1763344785
4431872,1-Training-Losses/clipfrac,0.0,Pong1PCB2L336P__seed_8_1763344785
4435968,1-Training-Losses/clipfrac,0.0,Pong1PCB2L336P__seed_8_1763344785
4440064,1-Training-Losses/clipfrac,0.0,Pong1PCB2L336P__seed_8_1763344785
4444160,1-Training-Losses/clipfrac,0.0,Pong1PCB2L336P__seed_8_1763344785
4448256,1-Training-Losses/clipfrac,0.0,Pong1PCB2L336P__seed_8_1763344785
4452352,1-Training-Losses/clipfrac,0.0,Pong1PCB2L336P__seed_8_1763344785
4456448,1-Training-Losses/clipfrac,0.0,Pong1PCB2L336P__seed_8_1763344785
4460544,1-Training-Losses/clipfrac,0.01141357421875,Pong1PCB2L336P__seed_8_1763344785
4464640,1-Training-Losses/clipfrac,0.0003662109375,Pong1PCB2L336P__seed_8_1763344785
4468736,1-Training-Losses/clipfrac,0.0,Pong1PCB2L336P__seed_8_1763344785
4472832,1-Training-Losses/clipfrac,0.0,Pong1PCB2L336P__seed_8_1763344785
4476928,1-Training-Losses/clipfrac,0.0,Pong1PCB2L336P__seed_8_1763344785
4481024,1-Training-Losses/clipfrac,0.0,Pong1PCB2L336P__seed_8_1763344785
4485120,1-Training-Losses/clipfrac,0.0,Pong1PCB2L336P__seed_8_1763344785
4489216,1-Training-Losses/clipfrac,0.0,Pong1PCB2L336P__seed_8_1763344785
4493312,1-Training-Losses/clipfrac,0.0,Pong1PCB2L336P__seed_8_1763344785
4497408,1-Training-Losses/clipfrac,0.0008544921875,Pong1PCB2L336P__seed_8_1763344785
4501504,1-Training-Losses/clipfrac,0.00128173828125,Pong1PCB2L336P__seed_8_1763344785
4505600,1-Training-Losses/clipfrac,0.0,Pong1PCB2L336P__seed_8_1763344785
4509696,1-Training-Losses/clipfrac,0.0,Pong1PCB2L336P__seed_8_1763344785
4513792,1-Training-Losses/clipfrac,0.00048828125,Pong1PCB2L336P__seed_8_1763344785
4517888,1-Training-Losses/clipfrac,0.0040283203125,Pong1PCB2L336P__seed_8_1763344785
4521984,1-Training-Losses/clipfrac,0.00653076171875,Pong1PCB2L336P__seed_8_1763344785
4526080,1-Training-Losses/clipfrac,0.00042724609375,Pong1PCB2L336P__seed_8_1763344785
4530176,1-Training-Losses/clipfrac,0.0,Pong1PCB2L336P__seed_8_1763344785
4534272,1-Training-Losses/clipfrac,0.0,Pong1PCB2L336P__seed_8_1763344785
4538368,1-Training-Losses/clipfrac,0.0,Pong1PCB2L336P__seed_8_1763344785
4542464,1-Training-Losses/clipfrac,0.0,Pong1PCB2L336P__seed_8_1763344785
4546560,1-Training-Losses/clipfrac,0.0,Pong1PCB2L336P__seed_8_1763344785
4550656,1-Training-Losses/clipfrac,0.00445556640625,Pong1PCB2L336P__seed_8_1763344785
4554752,1-Training-Losses/clipfrac,0.0,Pong1PCB2L336P__seed_8_1763344785
4558848,1-Training-Losses/clipfrac,0.0,Pong1PCB2L336P__seed_8_1763344785
4562944,1-Training-Losses/clipfrac,0.0,Pong1PCB2L336P__seed_8_1763344785
4567040,1-Training-Losses/clipfrac,0.0,Pong1PCB2L336P__seed_8_1763344785
4571136,1-Training-Losses/clipfrac,0.0,Pong1PCB2L336P__seed_8_1763344785
4575232,1-Training-Losses/clipfrac,0.0,Pong1PCB2L336P__seed_8_1763344785
4579328,1-Training-Losses/clipfrac,0.0,Pong1PCB2L336P__seed_8_1763344785
4583424,1-Training-Losses/clipfrac,0.0,Pong1PCB2L336P__seed_8_1763344785
4587520,1-Training-Losses/clipfrac,0.0,Pong1PCB2L336P__seed_8_1763344785
4591616,1-Training-Losses/clipfrac,0.0,Pong1PCB2L336P__seed_8_1763344785
4595712,1-Training-Losses/clipfrac,0.0,Pong1PCB2L336P__seed_8_1763344785
4599808,1-Training-Losses/clipfrac,0.0,Pong1PCB2L336P__seed_8_1763344785
4603904,1-Training-Losses/clipfrac,0.0,Pong1PCB2L336P__seed_8_1763344785
4608000,1-Training-Losses/clipfrac,0.0,Pong1PCB2L336P__seed_8_1763344785
4612096,1-Training-Losses/clipfrac,0.0,Pong1PCB2L336P__seed_8_1763344785
4616192,1-Training-Losses/clipfrac,0.00067138671875,Pong1PCB2L336P__seed_8_1763344785
4620288,1-Training-Losses/clipfrac,0.013427734375,Pong1PCB2L336P__seed_8_1763344785
4624384,1-Training-Losses/clipfrac,6.103515625e-05,Pong1PCB2L336P__seed_8_1763344785
4628480,1-Training-Losses/clipfrac,0.0,Pong1PCB2L336P__seed_8_1763344785
4632576,1-Training-Losses/clipfrac,0.0,Pong1PCB2L336P__seed_8_1763344785
4636672,1-Training-Losses/clipfrac,0.0,Pong1PCB2L336P__seed_8_1763344785
4640768,1-Training-Losses/clipfrac,0.0,Pong1PCB2L336P__seed_8_1763344785
4644864,1-Training-Losses/clipfrac,0.0,Pong1PCB2L336P__seed_8_1763344785
4648960,1-Training-Losses/clipfrac,6.103515625e-05,Pong1PCB2L336P__seed_8_1763344785
4653056,1-Training-Losses/clipfrac,0.0010986328125,Pong1PCB2L336P__seed_8_1763344785
4657152,1-Training-Losses/clipfrac,0.00299072265625,Pong1PCB2L336P__seed_8_1763344785
4661248,1-Training-Losses/clipfrac,0.0,Pong1PCB2L336P__seed_8_1763344785
4665344,1-Training-Losses/clipfrac,0.0,Pong1PCB2L336P__seed_8_1763344785
4669440,1-Training-Losses/clipfrac,0.0,Pong1PCB2L336P__seed_8_1763344785
4673536,1-Training-Losses/clipfrac,0.0,Pong1PCB2L336P__seed_8_1763344785
4677632,1-Training-Losses/clipfrac,0.0,Pong1PCB2L336P__seed_8_1763344785
4681728,1-Training-Losses/clipfrac,0.0,Pong1PCB2L336P__seed_8_1763344785
4685824,1-Training-Losses/clipfrac,0.0,Pong1PCB2L336P__seed_8_1763344785
4689920,1-Training-Losses/clipfrac,0.0,Pong1PCB2L336P__seed_8_1763344785
4694016,1-Training-Losses/clipfrac,0.0,Pong1PCB2L336P__seed_8_1763344785
4698112,1-Training-Losses/clipfrac,0.0,Pong1PCB2L336P__seed_8_1763344785
4702208,1-Training-Losses/clipfrac,0.0,Pong1PCB2L336P__seed_8_1763344785
4706304,1-Training-Losses/clipfrac,0.0,Pong1PCB2L336P__seed_8_1763344785
4710400,1-Training-Losses/clipfrac,0.0,Pong1PCB2L336P__seed_8_1763344785
4714496,1-Training-Losses/clipfrac,0.0,Pong1PCB2L336P__seed_8_1763344785
4718592,1-Training-Losses/clipfrac,0.0,Pong1PCB2L336P__seed_8_1763344785
4722688,1-Training-Losses/clipfrac,0.0,Pong1PCB2L336P__seed_8_1763344785
4726784,1-Training-Losses/clipfrac,0.0,Pong1PCB2L336P__seed_8_1763344785
4730880,1-Training-Losses/clipfrac,0.0,Pong1PCB2L336P__seed_8_1763344785
4734976,1-Training-Losses/clipfrac,0.0,Pong1PCB2L336P__seed_8_1763344785
4739072,1-Training-Losses/clipfrac,0.0,Pong1PCB2L336P__seed_8_1763344785
4743168,1-Training-Losses/clipfrac,0.00146484375,Pong1PCB2L336P__seed_8_1763344785
4747264,1-Training-Losses/clipfrac,0.000244140625,Pong1PCB2L336P__seed_8_1763344785
4751360,1-Training-Losses/clipfrac,0.00103759765625,Pong1PCB2L336P__seed_8_1763344785
4755456,1-Training-Losses/clipfrac,0.002197265625,Pong1PCB2L336P__seed_8_1763344785
4759552,1-Training-Losses/clipfrac,0.0,Pong1PCB2L336P__seed_8_1763344785
4763648,1-Training-Losses/clipfrac,0.0,Pong1PCB2L336P__seed_8_1763344785
4767744,1-Training-Losses/clipfrac,0.00787353515625,Pong1PCB2L336P__seed_8_1763344785
4771840,1-Training-Losses/clipfrac,0.0,Pong1PCB2L336P__seed_8_1763344785
4775936,1-Training-Losses/clipfrac,0.0,Pong1PCB2L336P__seed_8_1763344785
4780032,1-Training-Losses/clipfrac,0.0,Pong1PCB2L336P__seed_8_1763344785
4784128,1-Training-Losses/clipfrac,0.0,Pong1PCB2L336P__seed_8_1763344785
4788224,1-Training-Losses/clipfrac,0.0,Pong1PCB2L336P__seed_8_1763344785
4792320,1-Training-Losses/clipfrac,0.0,Pong1PCB2L336P__seed_8_1763344785
4796416,1-Training-Losses/clipfrac,0.0,Pong1PCB2L336P__seed_8_1763344785
4800512,1-Training-Losses/clipfrac,0.0,Pong1PCB2L336P__seed_8_1763344785
4804608,1-Training-Losses/clipfrac,0.0,Pong1PCB2L336P__seed_8_1763344785
4808704,1-Training-Losses/clipfrac,0.0,Pong1PCB2L336P__seed_8_1763344785
4812800,1-Training-Losses/clipfrac,0.0,Pong1PCB2L336P__seed_8_1763344785
4816896,1-Training-Losses/clipfrac,0.0,Pong1PCB2L336P__seed_8_1763344785
4820992,1-Training-Losses/clipfrac,0.0,Pong1PCB2L336P__seed_8_1763344785
4825088,1-Training-Losses/clipfrac,0.0,Pong1PCB2L336P__seed_8_1763344785
4829184,1-Training-Losses/clipfrac,0.0,Pong1PCB2L336P__seed_8_1763344785
4833280,1-Training-Losses/clipfrac,0.0,Pong1PCB2L336P__seed_8_1763344785
4837376,1-Training-Losses/clipfrac,0.0,Pong1PCB2L336P__seed_8_1763344785
4841472,1-Training-Losses/clipfrac,0.0,Pong1PCB2L336P__seed_8_1763344785
4845568,1-Training-Losses/clipfrac,0.0,Pong1PCB2L336P__seed_8_1763344785
4849664,1-Training-Losses/clipfrac,0.0,Pong1PCB2L336P__seed_8_1763344785
4853760,1-Training-Losses/clipfrac,0.0,Pong1PCB2L336P__seed_8_1763344785
4857856,1-Training-Losses/clipfrac,0.0,Pong1PCB2L336P__seed_8_1763344785
4861952,1-Training-Losses/clipfrac,0.00775146484375,Pong1PCB2L336P__seed_8_1763344785
4866048,1-Training-Losses/clipfrac,0.01513671875,Pong1PCB2L336P__seed_8_1763344785
4870144,1-Training-Losses/clipfrac,0.0,Pong1PCB2L336P__seed_8_1763344785
4874240,1-Training-Losses/clipfrac,0.0,Pong1PCB2L336P__seed_8_1763344785
4878336,1-Training-Losses/clipfrac,0.0,Pong1PCB2L336P__seed_8_1763344785
4882432,1-Training-Losses/clipfrac,0.00238037109375,Pong1PCB2L336P__seed_8_1763344785
4886528,1-Training-Losses/clipfrac,0.001708984375,Pong1PCB2L336P__seed_8_1763344785
4890624,1-Training-Losses/clipfrac,0.0,Pong1PCB2L336P__seed_8_1763344785
4894720,1-Training-Losses/clipfrac,0.0,Pong1PCB2L336P__seed_8_1763344785
4898816,1-Training-Losses/clipfrac,0.0,Pong1PCB2L336P__seed_8_1763344785
4902912,1-Training-Losses/clipfrac,0.0,Pong1PCB2L336P__seed_8_1763344785
4907008,1-Training-Losses/clipfrac,0.0,Pong1PCB2L336P__seed_8_1763344785
4911104,1-Training-Losses/clipfrac,0.0,Pong1PCB2L336P__seed_8_1763344785
4915200,1-Training-Losses/clipfrac,0.0,Pong1PCB2L336P__seed_8_1763344785
4919296,1-Training-Losses/clipfrac,0.0,Pong1PCB2L336P__seed_8_1763344785
4923392,1-Training-Losses/clipfrac,0.0,Pong1PCB2L336P__seed_8_1763344785
4927488,1-Training-Losses/clipfrac,0.0,Pong1PCB2L336P__seed_8_1763344785
4931584,1-Training-Losses/clipfrac,6.103515625e-05,Pong1PCB2L336P__seed_8_1763344785
4935680,1-Training-Losses/clipfrac,0.0,Pong1PCB2L336P__seed_8_1763344785
4939776,1-Training-Losses/clipfrac,0.01409912109375,Pong1PCB2L336P__seed_8_1763344785
4943872,1-Training-Losses/clipfrac,0.0,Pong1PCB2L336P__seed_8_1763344785
4947968,1-Training-Losses/clipfrac,0.0,Pong1PCB2L336P__seed_8_1763344785
4952064,1-Training-Losses/clipfrac,0.0,Pong1PCB2L336P__seed_8_1763344785
4956160,1-Training-Losses/clipfrac,0.0,Pong1PCB2L336P__seed_8_1763344785
4960256,1-Training-Losses/clipfrac,0.0,Pong1PCB2L336P__seed_8_1763344785
4964352,1-Training-Losses/clipfrac,0.0,Pong1PCB2L336P__seed_8_1763344785
4968448,1-Training-Losses/clipfrac,0.0,Pong1PCB2L336P__seed_8_1763344785
4972544,1-Training-Losses/clipfrac,0.0,Pong1PCB2L336P__seed_8_1763344785
4976640,1-Training-Losses/clipfrac,0.0,Pong1PCB2L336P__seed_8_1763344785
4980736,1-Training-Losses/clipfrac,0.0,Pong1PCB2L336P__seed_8_1763344785
4984832,1-Training-Losses/clipfrac,0.0,Pong1PCB2L336P__seed_8_1763344785
4988928,1-Training-Losses/clipfrac,0.0,Pong1PCB2L336P__seed_8_1763344785
4993024,1-Training-Losses/clipfrac,0.0,Pong1PCB2L336P__seed_8_1763344785
4997120,1-Training-Losses/clipfrac,0.0,Pong1PCB2L336P__seed_8_1763344785
5001216,1-Training-Losses/clipfrac,0.0,Pong1PCB2L336P__seed_8_1763344785
5005312,1-Training-Losses/clipfrac,0.0,Pong1PCB2L336P__seed_8_1763344785
5009408,1-Training-Losses/clipfrac,0.0001220703125,Pong1PCB2L336P__seed_8_1763344785
5013504,1-Training-Losses/clipfrac,0.0,Pong1PCB2L336P__seed_8_1763344785
5017600,1-Training-Losses/clipfrac,0.005615234375,Pong1PCB2L336P__seed_8_1763344785
5021696,1-Training-Losses/clipfrac,0.00372314453125,Pong1PCB2L336P__seed_8_1763344785
5025792,1-Training-Losses/clipfrac,0.0,Pong1PCB2L336P__seed_8_1763344785
5029888,1-Training-Losses/clipfrac,0.0,Pong1PCB2L336P__seed_8_1763344785
5033984,1-Training-Losses/clipfrac,0.0,Pong1PCB2L336P__seed_8_1763344785
5038080,1-Training-Losses/clipfrac,0.0,Pong1PCB2L336P__seed_8_1763344785
5042176,1-Training-Losses/clipfrac,0.0,Pong1PCB2L336P__seed_8_1763344785
5046272,1-Training-Losses/clipfrac,0.0,Pong1PCB2L336P__seed_8_1763344785
5050368,1-Training-Losses/clipfrac,0.0,Pong1PCB2L336P__seed_8_1763344785
5054464,1-Training-Losses/clipfrac,0.0,Pong1PCB2L336P__seed_8_1763344785
5058560,1-Training-Losses/clipfrac,0.0,Pong1PCB2L336P__seed_8_1763344785
5062656,1-Training-Losses/clipfrac,0.0,Pong1PCB2L336P__seed_8_1763344785
5066752,1-Training-Losses/clipfrac,0.0,Pong1PCB2L336P__seed_8_1763344785
5070848,1-Training-Losses/clipfrac,0.0,Pong1PCB2L336P__seed_8_1763344785
5074944,1-Training-Losses/clipfrac,0.0,Pong1PCB2L336P__seed_8_1763344785
5079040,1-Training-Losses/clipfrac,0.0,Pong1PCB2L336P__seed_8_1763344785
5083136,1-Training-Losses/clipfrac,0.0,Pong1PCB2L336P__seed_8_1763344785
5087232,1-Training-Losses/clipfrac,0.0,Pong1PCB2L336P__seed_8_1763344785
5091328,1-Training-Losses/clipfrac,0.0,Pong1PCB2L336P__seed_8_1763344785
5095424,1-Training-Losses/clipfrac,0.0,Pong1PCB2L336P__seed_8_1763344785
5099520,1-Training-Losses/clipfrac,0.0,Pong1PCB2L336P__seed_8_1763344785
5103616,1-Training-Losses/clipfrac,0.01324462890625,Pong1PCB2L336P__seed_8_1763344785
5107712,1-Training-Losses/clipfrac,0.0,Pong1PCB2L336P__seed_8_1763344785
5111808,1-Training-Losses/clipfrac,0.0,Pong1PCB2L336P__seed_8_1763344785
5115904,1-Training-Losses/clipfrac,0.0,Pong1PCB2L336P__seed_8_1763344785
5120000,1-Training-Losses/clipfrac,0.0,Pong1PCB2L336P__seed_8_1763344785
5124096,1-Training-Losses/clipfrac,0.0,Pong1PCB2L336P__seed_8_1763344785
5128192,1-Training-Losses/clipfrac,0.0015869140625,Pong1PCB2L336P__seed_8_1763344785
5132288,1-Training-Losses/clipfrac,0.0,Pong1PCB2L336P__seed_8_1763344785
5136384,1-Training-Losses/clipfrac,0.0,Pong1PCB2L336P__seed_8_1763344785
5140480,1-Training-Losses/clipfrac,0.0,Pong1PCB2L336P__seed_8_1763344785
5144576,1-Training-Losses/clipfrac,0.0,Pong1PCB2L336P__seed_8_1763344785
5148672,1-Training-Losses/clipfrac,0.0,Pong1PCB2L336P__seed_8_1763344785
5152768,1-Training-Losses/clipfrac,0.0,Pong1PCB2L336P__seed_8_1763344785
5156864,1-Training-Losses/clipfrac,0.01922607421875,Pong1PCB2L336P__seed_8_1763344785
5160960,1-Training-Losses/clipfrac,0.0128173828125,Pong1PCB2L336P__seed_8_1763344785
5165056,1-Training-Losses/clipfrac,0.00469970703125,Pong1PCB2L336P__seed_8_1763344785
5169152,1-Training-Losses/clipfrac,0.00628662109375,Pong1PCB2L336P__seed_8_1763344785
5173248,1-Training-Losses/clipfrac,0.00030517578125,Pong1PCB2L336P__seed_8_1763344785
5177344,1-Training-Losses/clipfrac,0.0,Pong1PCB2L336P__seed_8_1763344785
5181440,1-Training-Losses/clipfrac,0.0,Pong1PCB2L336P__seed_8_1763344785
5185536,1-Training-Losses/clipfrac,0.0,Pong1PCB2L336P__seed_8_1763344785
5189632,1-Training-Losses/clipfrac,0.00048828125,Pong1PCB2L336P__seed_8_1763344785
5193728,1-Training-Losses/clipfrac,0.0,Pong1PCB2L336P__seed_8_1763344785
5197824,1-Training-Losses/clipfrac,0.0,Pong1PCB2L336P__seed_8_1763344785
5201920,1-Training-Losses/clipfrac,0.0,Pong1PCB2L336P__seed_8_1763344785
5206016,1-Training-Losses/clipfrac,0.0,Pong1PCB2L336P__seed_8_1763344785
5210112,1-Training-Losses/clipfrac,0.0,Pong1PCB2L336P__seed_8_1763344785
5214208,1-Training-Losses/clipfrac,0.0,Pong1PCB2L336P__seed_8_1763344785
5218304,1-Training-Losses/clipfrac,0.00042724609375,Pong1PCB2L336P__seed_8_1763344785
5222400,1-Training-Losses/clipfrac,0.0,Pong1PCB2L336P__seed_8_1763344785
5226496,1-Training-Losses/clipfrac,0.0,Pong1PCB2L336P__seed_8_1763344785
5230592,1-Training-Losses/clipfrac,0.000732421875,Pong1PCB2L336P__seed_8_1763344785
5234688,1-Training-Losses/clipfrac,0.01055908203125,Pong1PCB2L336P__seed_8_1763344785
5238784,1-Training-Losses/clipfrac,0.0,Pong1PCB2L336P__seed_8_1763344785
5242880,1-Training-Losses/clipfrac,0.0,Pong1PCB2L336P__seed_8_1763344785
5246976,1-Training-Losses/clipfrac,0.0,Pong1PCB2L336P__seed_8_1763344785
5251072,1-Training-Losses/clipfrac,0.0,Pong1PCB2L336P__seed_8_1763344785
5255168,1-Training-Losses/clipfrac,0.0,Pong1PCB2L336P__seed_8_1763344785
5259264,1-Training-Losses/clipfrac,0.0,Pong1PCB2L336P__seed_8_1763344785
5263360,1-Training-Losses/clipfrac,0.0,Pong1PCB2L336P__seed_8_1763344785
5267456,1-Training-Losses/clipfrac,0.0,Pong1PCB2L336P__seed_8_1763344785
5271552,1-Training-Losses/clipfrac,0.0,Pong1PCB2L336P__seed_8_1763344785
5275648,1-Training-Losses/clipfrac,0.0,Pong1PCB2L336P__seed_8_1763344785
5279744,1-Training-Losses/clipfrac,0.0,Pong1PCB2L336P__seed_8_1763344785
5283840,1-Training-Losses/clipfrac,0.0,Pong1PCB2L336P__seed_8_1763344785
5287936,1-Training-Losses/clipfrac,0.0,Pong1PCB2L336P__seed_8_1763344785
5292032,1-Training-Losses/clipfrac,0.0,Pong1PCB2L336P__seed_8_1763344785
5296128,1-Training-Losses/clipfrac,0.0,Pong1PCB2L336P__seed_8_1763344785
5300224,1-Training-Losses/clipfrac,0.0,Pong1PCB2L336P__seed_8_1763344785
5304320,1-Training-Losses/clipfrac,0.0,Pong1PCB2L336P__seed_8_1763344785
5308416,1-Training-Losses/clipfrac,0.0,Pong1PCB2L336P__seed_8_1763344785
5312512,1-Training-Losses/clipfrac,0.0,Pong1PCB2L336P__seed_8_1763344785
5316608,1-Training-Losses/clipfrac,0.0,Pong1PCB2L336P__seed_8_1763344785
5320704,1-Training-Losses/clipfrac,0.0,Pong1PCB2L336P__seed_8_1763344785
5324800,1-Training-Losses/clipfrac,0.0,Pong1PCB2L336P__seed_8_1763344785
5328896,1-Training-Losses/clipfrac,0.0,Pong1PCB2L336P__seed_8_1763344785
5332992,1-Training-Losses/clipfrac,0.0,Pong1PCB2L336P__seed_8_1763344785
5337088,1-Training-Losses/clipfrac,0.0,Pong1PCB2L336P__seed_8_1763344785
5341184,1-Training-Losses/clipfrac,0.0,Pong1PCB2L336P__seed_8_1763344785
5345280,1-Training-Losses/clipfrac,0.0,Pong1PCB2L336P__seed_8_1763344785
5349376,1-Training-Losses/clipfrac,0.0,Pong1PCB2L336P__seed_8_1763344785
5353472,1-Training-Losses/clipfrac,0.0,Pong1PCB2L336P__seed_8_1763344785
5357568,1-Training-Losses/clipfrac,0.0,Pong1PCB2L336P__seed_8_1763344785
5361664,1-Training-Losses/clipfrac,0.0,Pong1PCB2L336P__seed_8_1763344785
5365760,1-Training-Losses/clipfrac,0.0,Pong1PCB2L336P__seed_8_1763344785
5369856,1-Training-Losses/clipfrac,0.0,Pong1PCB2L336P__seed_8_1763344785
5373952,1-Training-Losses/clipfrac,0.0,Pong1PCB2L336P__seed_8_1763344785
5378048,1-Training-Losses/clipfrac,0.0,Pong1PCB2L336P__seed_8_1763344785
5382144,1-Training-Losses/clipfrac,0.0,Pong1PCB2L336P__seed_8_1763344785
5386240,1-Training-Losses/clipfrac,0.0,Pong1PCB2L336P__seed_8_1763344785
5390336,1-Training-Losses/clipfrac,0.0,Pong1PCB2L336P__seed_8_1763344785
5394432,1-Training-Losses/clipfrac,0.0,Pong1PCB2L336P__seed_8_1763344785
5398528,1-Training-Losses/clipfrac,0.0,Pong1PCB2L336P__seed_8_1763344785
5402624,1-Training-Losses/clipfrac,0.0,Pong1PCB2L336P__seed_8_1763344785
5406720,1-Training-Losses/clipfrac,0.0,Pong1PCB2L336P__seed_8_1763344785
5410816,1-Training-Losses/clipfrac,0.0,Pong1PCB2L336P__seed_8_1763344785
5414912,1-Training-Losses/clipfrac,0.0,Pong1PCB2L336P__seed_8_1763344785
5419008,1-Training-Losses/clipfrac,0.0,Pong1PCB2L336P__seed_8_1763344785
5423104,1-Training-Losses/clipfrac,0.0,Pong1PCB2L336P__seed_8_1763344785
5427200,1-Training-Losses/clipfrac,0.0,Pong1PCB2L336P__seed_8_1763344785
5431296,1-Training-Losses/clipfrac,0.00030517578125,Pong1PCB2L336P__seed_8_1763344785
5435392,1-Training-Losses/clipfrac,0.0,Pong1PCB2L336P__seed_8_1763344785
5439488,1-Training-Losses/clipfrac,0.0,Pong1PCB2L336P__seed_8_1763344785
5443584,1-Training-Losses/clipfrac,0.0,Pong1PCB2L336P__seed_8_1763344785
5447680,1-Training-Losses/clipfrac,0.0,Pong1PCB2L336P__seed_8_1763344785
5451776,1-Training-Losses/clipfrac,0.0,Pong1PCB2L336P__seed_8_1763344785
5455872,1-Training-Losses/clipfrac,0.0001220703125,Pong1PCB2L336P__seed_8_1763344785
5459968,1-Training-Losses/clipfrac,0.0,Pong1PCB2L336P__seed_8_1763344785
5464064,1-Training-Losses/clipfrac,0.0,Pong1PCB2L336P__seed_8_1763344785
5468160,1-Training-Losses/clipfrac,0.0,Pong1PCB2L336P__seed_8_1763344785
5472256,1-Training-Losses/clipfrac,0.0,Pong1PCB2L336P__seed_8_1763344785
5476352,1-Training-Losses/clipfrac,0.0,Pong1PCB2L336P__seed_8_1763344785
5480448,1-Training-Losses/clipfrac,0.0,Pong1PCB2L336P__seed_8_1763344785
5484544,1-Training-Losses/clipfrac,0.0,Pong1PCB2L336P__seed_8_1763344785
5488640,1-Training-Losses/clipfrac,0.0,Pong1PCB2L336P__seed_8_1763344785
5492736,1-Training-Losses/clipfrac,0.0,Pong1PCB2L336P__seed_8_1763344785
5496832,1-Training-Losses/clipfrac,0.0,Pong1PCB2L336P__seed_8_1763344785
5500928,1-Training-Losses/clipfrac,0.0,Pong1PCB2L336P__seed_8_1763344785
5505024,1-Training-Losses/clipfrac,0.0,Pong1PCB2L336P__seed_8_1763344785
5509120,1-Training-Losses/clipfrac,0.0,Pong1PCB2L336P__seed_8_1763344785
5513216,1-Training-Losses/clipfrac,0.0,Pong1PCB2L336P__seed_8_1763344785
5517312,1-Training-Losses/clipfrac,0.0,Pong1PCB2L336P__seed_8_1763344785
5521408,1-Training-Losses/clipfrac,0.0,Pong1PCB2L336P__seed_8_1763344785
5525504,1-Training-Losses/clipfrac,0.0,Pong1PCB2L336P__seed_8_1763344785
5529600,1-Training-Losses/clipfrac,0.0,Pong1PCB2L336P__seed_8_1763344785
5533696,1-Training-Losses/clipfrac,0.0,Pong1PCB2L336P__seed_8_1763344785
5537792,1-Training-Losses/clipfrac,0.0,Pong1PCB2L336P__seed_8_1763344785
5541888,1-Training-Losses/clipfrac,0.0,Pong1PCB2L336P__seed_8_1763344785
5545984,1-Training-Losses/clipfrac,0.0,Pong1PCB2L336P__seed_8_1763344785
5550080,1-Training-Losses/clipfrac,0.0,Pong1PCB2L336P__seed_8_1763344785
5554176,1-Training-Losses/clipfrac,0.0,Pong1PCB2L336P__seed_8_1763344785
5558272,1-Training-Losses/clipfrac,0.0,Pong1PCB2L336P__seed_8_1763344785
5562368,1-Training-Losses/clipfrac,0.0,Pong1PCB2L336P__seed_8_1763344785
5566464,1-Training-Losses/clipfrac,0.0,Pong1PCB2L336P__seed_8_1763344785
5570560,1-Training-Losses/clipfrac,0.0,Pong1PCB2L336P__seed_8_1763344785
5574656,1-Training-Losses/clipfrac,0.0,Pong1PCB2L336P__seed_8_1763344785
5578752,1-Training-Losses/clipfrac,0.0,Pong1PCB2L336P__seed_8_1763344785
5582848,1-Training-Losses/clipfrac,0.0,Pong1PCB2L336P__seed_8_1763344785
5586944,1-Training-Losses/clipfrac,0.0,Pong1PCB2L336P__seed_8_1763344785
5591040,1-Training-Losses/clipfrac,0.0,Pong1PCB2L336P__seed_8_1763344785
5595136,1-Training-Losses/clipfrac,0.0,Pong1PCB2L336P__seed_8_1763344785
5599232,1-Training-Losses/clipfrac,0.0,Pong1PCB2L336P__seed_8_1763344785
5603328,1-Training-Losses/clipfrac,0.0,Pong1PCB2L336P__seed_8_1763344785
5607424,1-Training-Losses/clipfrac,0.0,Pong1PCB2L336P__seed_8_1763344785
5611520,1-Training-Losses/clipfrac,0.0,Pong1PCB2L336P__seed_8_1763344785
5615616,1-Training-Losses/clipfrac,0.0,Pong1PCB2L336P__seed_8_1763344785
5619712,1-Training-Losses/clipfrac,0.0045166015625,Pong1PCB2L336P__seed_8_1763344785
5623808,1-Training-Losses/clipfrac,0.0,Pong1PCB2L336P__seed_8_1763344785
5627904,1-Training-Losses/clipfrac,0.0,Pong1PCB2L336P__seed_8_1763344785
5632000,1-Training-Losses/clipfrac,0.0,Pong1PCB2L336P__seed_8_1763344785
5636096,1-Training-Losses/clipfrac,0.0,Pong1PCB2L336P__seed_8_1763344785
5640192,1-Training-Losses/clipfrac,0.01629638671875,Pong1PCB2L336P__seed_8_1763344785
5644288,1-Training-Losses/clipfrac,0.00830078125,Pong1PCB2L336P__seed_8_1763344785
5648384,1-Training-Losses/clipfrac,0.00469970703125,Pong1PCB2L336P__seed_8_1763344785
5652480,1-Training-Losses/clipfrac,0.00189208984375,Pong1PCB2L336P__seed_8_1763344785
5656576,1-Training-Losses/clipfrac,0.0009765625,Pong1PCB2L336P__seed_8_1763344785
5660672,1-Training-Losses/clipfrac,0.0,Pong1PCB2L336P__seed_8_1763344785
5664768,1-Training-Losses/clipfrac,0.0,Pong1PCB2L336P__seed_8_1763344785
5668864,1-Training-Losses/clipfrac,6.103515625e-05,Pong1PCB2L336P__seed_8_1763344785
5672960,1-Training-Losses/clipfrac,0.02850341796875,Pong1PCB2L336P__seed_8_1763344785
5677056,1-Training-Losses/clipfrac,0.0103759765625,Pong1PCB2L336P__seed_8_1763344785
5681152,1-Training-Losses/clipfrac,0.00146484375,Pong1PCB2L336P__seed_8_1763344785
5685248,1-Training-Losses/clipfrac,0.0,Pong1PCB2L336P__seed_8_1763344785
5689344,1-Training-Losses/clipfrac,0.0,Pong1PCB2L336P__seed_8_1763344785
5693440,1-Training-Losses/clipfrac,0.00286865234375,Pong1PCB2L336P__seed_8_1763344785
5697536,1-Training-Losses/clipfrac,0.0,Pong1PCB2L336P__seed_8_1763344785
5701632,1-Training-Losses/clipfrac,0.0,Pong1PCB2L336P__seed_8_1763344785
5705728,1-Training-Losses/clipfrac,0.0,Pong1PCB2L336P__seed_8_1763344785
5709824,1-Training-Losses/clipfrac,0.0,Pong1PCB2L336P__seed_8_1763344785
5713920,1-Training-Losses/clipfrac,0.00445556640625,Pong1PCB2L336P__seed_8_1763344785
5718016,1-Training-Losses/clipfrac,0.006591796875,Pong1PCB2L336P__seed_8_1763344785
5722112,1-Training-Losses/clipfrac,0.0,Pong1PCB2L336P__seed_8_1763344785
5726208,1-Training-Losses/clipfrac,0.0,Pong1PCB2L336P__seed_8_1763344785
5730304,1-Training-Losses/clipfrac,0.0,Pong1PCB2L336P__seed_8_1763344785
5734400,1-Training-Losses/clipfrac,0.0,Pong1PCB2L336P__seed_8_1763344785
5738496,1-Training-Losses/clipfrac,0.0,Pong1PCB2L336P__seed_8_1763344785
5742592,1-Training-Losses/clipfrac,6.103515625e-05,Pong1PCB2L336P__seed_8_1763344785
5746688,1-Training-Losses/clipfrac,0.0,Pong1PCB2L336P__seed_8_1763344785
5750784,1-Training-Losses/clipfrac,0.0,Pong1PCB2L336P__seed_8_1763344785
5754880,1-Training-Losses/clipfrac,0.0,Pong1PCB2L336P__seed_8_1763344785
5758976,1-Training-Losses/clipfrac,0.0,Pong1PCB2L336P__seed_8_1763344785
5763072,1-Training-Losses/clipfrac,0.0,Pong1PCB2L336P__seed_8_1763344785
5767168,1-Training-Losses/clipfrac,0.0,Pong1PCB2L336P__seed_8_1763344785
5771264,1-Training-Losses/clipfrac,0.0,Pong1PCB2L336P__seed_8_1763344785
5775360,1-Training-Losses/clipfrac,0.0001220703125,Pong1PCB2L336P__seed_8_1763344785
5779456,1-Training-Losses/clipfrac,0.00048828125,Pong1PCB2L336P__seed_8_1763344785
5783552,1-Training-Losses/clipfrac,0.0,Pong1PCB2L336P__seed_8_1763344785
5787648,1-Training-Losses/clipfrac,0.0,Pong1PCB2L336P__seed_8_1763344785
5791744,1-Training-Losses/clipfrac,0.0,Pong1PCB2L336P__seed_8_1763344785
5795840,1-Training-Losses/clipfrac,0.0,Pong1PCB2L336P__seed_8_1763344785
5799936,1-Training-Losses/clipfrac,0.0,Pong1PCB2L336P__seed_8_1763344785
5804032,1-Training-Losses/clipfrac,0.0,Pong1PCB2L336P__seed_8_1763344785
5808128,1-Training-Losses/clipfrac,0.0,Pong1PCB2L336P__seed_8_1763344785
5812224,1-Training-Losses/clipfrac,0.0,Pong1PCB2L336P__seed_8_1763344785
5816320,1-Training-Losses/clipfrac,0.0,Pong1PCB2L336P__seed_8_1763344785
5820416,1-Training-Losses/clipfrac,0.0,Pong1PCB2L336P__seed_8_1763344785
5824512,1-Training-Losses/clipfrac,0.0,Pong1PCB2L336P__seed_8_1763344785
5828608,1-Training-Losses/clipfrac,0.0,Pong1PCB2L336P__seed_8_1763344785
5832704,1-Training-Losses/clipfrac,0.0,Pong1PCB2L336P__seed_8_1763344785
5836800,1-Training-Losses/clipfrac,0.0,Pong1PCB2L336P__seed_8_1763344785
5840896,1-Training-Losses/clipfrac,0.0,Pong1PCB2L336P__seed_8_1763344785
5844992,1-Training-Losses/clipfrac,0.0,Pong1PCB2L336P__seed_8_1763344785
5849088,1-Training-Losses/clipfrac,0.0,Pong1PCB2L336P__seed_8_1763344785
5853184,1-Training-Losses/clipfrac,0.0,Pong1PCB2L336P__seed_8_1763344785
5857280,1-Training-Losses/clipfrac,0.0,Pong1PCB2L336P__seed_8_1763344785
5861376,1-Training-Losses/clipfrac,0.0,Pong1PCB2L336P__seed_8_1763344785
5865472,1-Training-Losses/clipfrac,0.0,Pong1PCB2L336P__seed_8_1763344785
5869568,1-Training-Losses/clipfrac,0.0,Pong1PCB2L336P__seed_8_1763344785
5873664,1-Training-Losses/clipfrac,0.0,Pong1PCB2L336P__seed_8_1763344785
5877760,1-Training-Losses/clipfrac,0.0,Pong1PCB2L336P__seed_8_1763344785
5881856,1-Training-Losses/clipfrac,0.0,Pong1PCB2L336P__seed_8_1763344785
5885952,1-Training-Losses/clipfrac,0.0,Pong1PCB2L336P__seed_8_1763344785
5890048,1-Training-Losses/clipfrac,0.0,Pong1PCB2L336P__seed_8_1763344785
5894144,1-Training-Losses/clipfrac,0.0,Pong1PCB2L336P__seed_8_1763344785
5898240,1-Training-Losses/clipfrac,0.0,Pong1PCB2L336P__seed_8_1763344785
5902336,1-Training-Losses/clipfrac,0.0,Pong1PCB2L336P__seed_8_1763344785
5906432,1-Training-Losses/clipfrac,0.0,Pong1PCB2L336P__seed_8_1763344785
5910528,1-Training-Losses/clipfrac,0.0,Pong1PCB2L336P__seed_8_1763344785
5914624,1-Training-Losses/clipfrac,0.0,Pong1PCB2L336P__seed_8_1763344785
5918720,1-Training-Losses/clipfrac,0.0,Pong1PCB2L336P__seed_8_1763344785
5922816,1-Training-Losses/clipfrac,0.0,Pong1PCB2L336P__seed_8_1763344785
5926912,1-Training-Losses/clipfrac,0.0,Pong1PCB2L336P__seed_8_1763344785
5931008,1-Training-Losses/clipfrac,0.0,Pong1PCB2L336P__seed_8_1763344785
5935104,1-Training-Losses/clipfrac,0.0,Pong1PCB2L336P__seed_8_1763344785
5939200,1-Training-Losses/clipfrac,0.0,Pong1PCB2L336P__seed_8_1763344785
5943296,1-Training-Losses/clipfrac,0.0,Pong1PCB2L336P__seed_8_1763344785
5947392,1-Training-Losses/clipfrac,0.0,Pong1PCB2L336P__seed_8_1763344785
5951488,1-Training-Losses/clipfrac,0.0,Pong1PCB2L336P__seed_8_1763344785
5955584,1-Training-Losses/clipfrac,0.0,Pong1PCB2L336P__seed_8_1763344785
5959680,1-Training-Losses/clipfrac,0.0,Pong1PCB2L336P__seed_8_1763344785
5963776,1-Training-Losses/clipfrac,0.00079345703125,Pong1PCB2L336P__seed_8_1763344785
5967872,1-Training-Losses/clipfrac,0.00738525390625,Pong1PCB2L336P__seed_8_1763344785
5971968,1-Training-Losses/clipfrac,0.020263671875,Pong1PCB2L336P__seed_8_1763344785
5976064,1-Training-Losses/clipfrac,0.0,Pong1PCB2L336P__seed_8_1763344785
5980160,1-Training-Losses/clipfrac,0.0,Pong1PCB2L336P__seed_8_1763344785
5984256,1-Training-Losses/clipfrac,0.0,Pong1PCB2L336P__seed_8_1763344785
5988352,1-Training-Losses/clipfrac,0.0,Pong1PCB2L336P__seed_8_1763344785
5992448,1-Training-Losses/clipfrac,0.0,Pong1PCB2L336P__seed_8_1763344785
5996544,1-Training-Losses/clipfrac,0.0,Pong1PCB2L336P__seed_8_1763344785
6000640,1-Training-Losses/clipfrac,0.0,Pong1PCB2L336P__seed_8_1763344785
6004736,1-Training-Losses/clipfrac,6.103515625e-05,Pong1PCB2L336P__seed_8_1763344785
6008832,1-Training-Losses/clipfrac,0.0,Pong1PCB2L336P__seed_8_1763344785
6012928,1-Training-Losses/clipfrac,0.0,Pong1PCB2L336P__seed_8_1763344785
6017024,1-Training-Losses/clipfrac,0.0,Pong1PCB2L336P__seed_8_1763344785
6021120,1-Training-Losses/clipfrac,0.0,Pong1PCB2L336P__seed_8_1763344785
6025216,1-Training-Losses/clipfrac,0.0,Pong1PCB2L336P__seed_8_1763344785
6029312,1-Training-Losses/clipfrac,0.0,Pong1PCB2L336P__seed_8_1763344785
6033408,1-Training-Losses/clipfrac,0.0,Pong1PCB2L336P__seed_8_1763344785
6037504,1-Training-Losses/clipfrac,0.0,Pong1PCB2L336P__seed_8_1763344785
6041600,1-Training-Losses/clipfrac,0.0,Pong1PCB2L336P__seed_8_1763344785
6045696,1-Training-Losses/clipfrac,0.0,Pong1PCB2L336P__seed_8_1763344785
6049792,1-Training-Losses/clipfrac,0.0,Pong1PCB2L336P__seed_8_1763344785
6053888,1-Training-Losses/clipfrac,0.0,Pong1PCB2L336P__seed_8_1763344785
6057984,1-Training-Losses/clipfrac,0.0,Pong1PCB2L336P__seed_8_1763344785
6062080,1-Training-Losses/clipfrac,0.0,Pong1PCB2L336P__seed_8_1763344785
6066176,1-Training-Losses/clipfrac,0.0,Pong1PCB2L336P__seed_8_1763344785
6070272,1-Training-Losses/clipfrac,0.0,Pong1PCB2L336P__seed_8_1763344785
6074368,1-Training-Losses/clipfrac,0.0,Pong1PCB2L336P__seed_8_1763344785
6078464,1-Training-Losses/clipfrac,6.103515625e-05,Pong1PCB2L336P__seed_8_1763344785
6082560,1-Training-Losses/clipfrac,0.00067138671875,Pong1PCB2L336P__seed_8_1763344785
6086656,1-Training-Losses/clipfrac,0.00048828125,Pong1PCB2L336P__seed_8_1763344785
6090752,1-Training-Losses/clipfrac,0.0,Pong1PCB2L336P__seed_8_1763344785
6094848,1-Training-Losses/clipfrac,0.0,Pong1PCB2L336P__seed_8_1763344785
6098944,1-Training-Losses/clipfrac,0.0,Pong1PCB2L336P__seed_8_1763344785
6103040,1-Training-Losses/clipfrac,0.0,Pong1PCB2L336P__seed_8_1763344785
6107136,1-Training-Losses/clipfrac,0.0,Pong1PCB2L336P__seed_8_1763344785
6111232,1-Training-Losses/clipfrac,0.0,Pong1PCB2L336P__seed_8_1763344785
6115328,1-Training-Losses/clipfrac,0.0,Pong1PCB2L336P__seed_8_1763344785
6119424,1-Training-Losses/clipfrac,0.0,Pong1PCB2L336P__seed_8_1763344785
6123520,1-Training-Losses/clipfrac,0.0,Pong1PCB2L336P__seed_8_1763344785
6127616,1-Training-Losses/clipfrac,0.0,Pong1PCB2L336P__seed_8_1763344785
6131712,1-Training-Losses/clipfrac,0.0,Pong1PCB2L336P__seed_8_1763344785
6135808,1-Training-Losses/clipfrac,0.0,Pong1PCB2L336P__seed_8_1763344785
6139904,1-Training-Losses/clipfrac,0.0,Pong1PCB2L336P__seed_8_1763344785
6144000,1-Training-Losses/clipfrac,0.00018310546875,Pong1PCB2L336P__seed_8_1763344785
6148096,1-Training-Losses/clipfrac,0.0001220703125,Pong1PCB2L336P__seed_8_1763344785
6152192,1-Training-Losses/clipfrac,0.0,Pong1PCB2L336P__seed_8_1763344785
6156288,1-Training-Losses/clipfrac,0.0,Pong1PCB2L336P__seed_8_1763344785
6160384,1-Training-Losses/clipfrac,0.0,Pong1PCB2L336P__seed_8_1763344785
6164480,1-Training-Losses/clipfrac,0.0,Pong1PCB2L336P__seed_8_1763344785
6168576,1-Training-Losses/clipfrac,0.0,Pong1PCB2L336P__seed_8_1763344785
6172672,1-Training-Losses/clipfrac,0.0,Pong1PCB2L336P__seed_8_1763344785
6176768,1-Training-Losses/clipfrac,0.0,Pong1PCB2L336P__seed_8_1763344785
6180864,1-Training-Losses/clipfrac,0.0,Pong1PCB2L336P__seed_8_1763344785
6184960,1-Training-Losses/clipfrac,0.0,Pong1PCB2L336P__seed_8_1763344785
6189056,1-Training-Losses/clipfrac,0.0,Pong1PCB2L336P__seed_8_1763344785
6193152,1-Training-Losses/clipfrac,0.0,Pong1PCB2L336P__seed_8_1763344785
6197248,1-Training-Losses/clipfrac,0.0,Pong1PCB2L336P__seed_8_1763344785
6201344,1-Training-Losses/clipfrac,0.0,Pong1PCB2L336P__seed_8_1763344785
6205440,1-Training-Losses/clipfrac,0.0,Pong1PCB2L336P__seed_8_1763344785
6209536,1-Training-Losses/clipfrac,0.0,Pong1PCB2L336P__seed_8_1763344785
6213632,1-Training-Losses/clipfrac,0.0,Pong1PCB2L336P__seed_8_1763344785
6217728,1-Training-Losses/clipfrac,0.0,Pong1PCB2L336P__seed_8_1763344785
6221824,1-Training-Losses/clipfrac,0.0,Pong1PCB2L336P__seed_8_1763344785
6225920,1-Training-Losses/clipfrac,0.0,Pong1PCB2L336P__seed_8_1763344785
6230016,1-Training-Losses/clipfrac,0.0,Pong1PCB2L336P__seed_8_1763344785
6234112,1-Training-Losses/clipfrac,0.0,Pong1PCB2L336P__seed_8_1763344785
6238208,1-Training-Losses/clipfrac,0.0,Pong1PCB2L336P__seed_8_1763344785
6242304,1-Training-Losses/clipfrac,0.0,Pong1PCB2L336P__seed_8_1763344785
6246400,1-Training-Losses/clipfrac,0.0,Pong1PCB2L336P__seed_8_1763344785
6250496,1-Training-Losses/clipfrac,0.0,Pong1PCB2L336P__seed_8_1763344785
6254592,1-Training-Losses/clipfrac,0.0,Pong1PCB2L336P__seed_8_1763344785
6258688,1-Training-Losses/clipfrac,0.0,Pong1PCB2L336P__seed_8_1763344785
6262784,1-Training-Losses/clipfrac,0.0,Pong1PCB2L336P__seed_8_1763344785
6266880,1-Training-Losses/clipfrac,0.0,Pong1PCB2L336P__seed_8_1763344785
6270976,1-Training-Losses/clipfrac,0.0,Pong1PCB2L336P__seed_8_1763344785
6275072,1-Training-Losses/clipfrac,0.0,Pong1PCB2L336P__seed_8_1763344785
6279168,1-Training-Losses/clipfrac,0.0,Pong1PCB2L336P__seed_8_1763344785
6283264,1-Training-Losses/clipfrac,0.0,Pong1PCB2L336P__seed_8_1763344785
6287360,1-Training-Losses/clipfrac,0.0,Pong1PCB2L336P__seed_8_1763344785
6291456,1-Training-Losses/clipfrac,0.0,Pong1PCB2L336P__seed_8_1763344785
6295552,1-Training-Losses/clipfrac,0.0,Pong1PCB2L336P__seed_8_1763344785
6299648,1-Training-Losses/clipfrac,0.0,Pong1PCB2L336P__seed_8_1763344785
6303744,1-Training-Losses/clipfrac,0.0,Pong1PCB2L336P__seed_8_1763344785
6307840,1-Training-Losses/clipfrac,0.0,Pong1PCB2L336P__seed_8_1763344785
6311936,1-Training-Losses/clipfrac,0.0,Pong1PCB2L336P__seed_8_1763344785
6316032,1-Training-Losses/clipfrac,0.0,Pong1PCB2L336P__seed_8_1763344785
6320128,1-Training-Losses/clipfrac,0.0,Pong1PCB2L336P__seed_8_1763344785
6324224,1-Training-Losses/clipfrac,0.0,Pong1PCB2L336P__seed_8_1763344785
6328320,1-Training-Losses/clipfrac,0.0,Pong1PCB2L336P__seed_8_1763344785
6332416,1-Training-Losses/clipfrac,0.0,Pong1PCB2L336P__seed_8_1763344785
6336512,1-Training-Losses/clipfrac,0.0,Pong1PCB2L336P__seed_8_1763344785
6340608,1-Training-Losses/clipfrac,0.0,Pong1PCB2L336P__seed_8_1763344785
6344704,1-Training-Losses/clipfrac,0.0,Pong1PCB2L336P__seed_8_1763344785
6348800,1-Training-Losses/clipfrac,0.0001220703125,Pong1PCB2L336P__seed_8_1763344785
6352896,1-Training-Losses/clipfrac,0.00030517578125,Pong1PCB2L336P__seed_8_1763344785
6356992,1-Training-Losses/clipfrac,0.0,Pong1PCB2L336P__seed_8_1763344785
6361088,1-Training-Losses/clipfrac,0.0,Pong1PCB2L336P__seed_8_1763344785
6365184,1-Training-Losses/clipfrac,0.0,Pong1PCB2L336P__seed_8_1763344785
6369280,1-Training-Losses/clipfrac,0.0,Pong1PCB2L336P__seed_8_1763344785
6373376,1-Training-Losses/clipfrac,0.0,Pong1PCB2L336P__seed_8_1763344785
6377472,1-Training-Losses/clipfrac,0.00262451171875,Pong1PCB2L336P__seed_8_1763344785
6381568,1-Training-Losses/clipfrac,0.0010986328125,Pong1PCB2L336P__seed_8_1763344785
6385664,1-Training-Losses/clipfrac,0.00103759765625,Pong1PCB2L336P__seed_8_1763344785
6389760,1-Training-Losses/clipfrac,0.0001220703125,Pong1PCB2L336P__seed_8_1763344785
6393856,1-Training-Losses/clipfrac,0.0,Pong1PCB2L336P__seed_8_1763344785
6397952,1-Training-Losses/clipfrac,0.0,Pong1PCB2L336P__seed_8_1763344785
6402048,1-Training-Losses/clipfrac,0.0,Pong1PCB2L336P__seed_8_1763344785
6406144,1-Training-Losses/clipfrac,0.0,Pong1PCB2L336P__seed_8_1763344785
6410240,1-Training-Losses/clipfrac,0.0,Pong1PCB2L336P__seed_8_1763344785
6414336,1-Training-Losses/clipfrac,0.0,Pong1PCB2L336P__seed_8_1763344785
6418432,1-Training-Losses/clipfrac,0.0,Pong1PCB2L336P__seed_8_1763344785
6422528,1-Training-Losses/clipfrac,0.0,Pong1PCB2L336P__seed_8_1763344785
6426624,1-Training-Losses/clipfrac,0.0,Pong1PCB2L336P__seed_8_1763344785
6430720,1-Training-Losses/clipfrac,0.0,Pong1PCB2L336P__seed_8_1763344785
6434816,1-Training-Losses/clipfrac,0.0,Pong1PCB2L336P__seed_8_1763344785
6438912,1-Training-Losses/clipfrac,0.0,Pong1PCB2L336P__seed_8_1763344785
6443008,1-Training-Losses/clipfrac,0.0,Pong1PCB2L336P__seed_8_1763344785
6447104,1-Training-Losses/clipfrac,0.00140380859375,Pong1PCB2L336P__seed_8_1763344785
6451200,1-Training-Losses/clipfrac,0.0,Pong1PCB2L336P__seed_8_1763344785
6455296,1-Training-Losses/clipfrac,0.0,Pong1PCB2L336P__seed_8_1763344785
6459392,1-Training-Losses/clipfrac,0.0,Pong1PCB2L336P__seed_8_1763344785
6463488,1-Training-Losses/clipfrac,0.0,Pong1PCB2L336P__seed_8_1763344785
6467584,1-Training-Losses/clipfrac,0.0,Pong1PCB2L336P__seed_8_1763344785
6471680,1-Training-Losses/clipfrac,0.0,Pong1PCB2L336P__seed_8_1763344785
6475776,1-Training-Losses/clipfrac,0.0,Pong1PCB2L336P__seed_8_1763344785
6479872,1-Training-Losses/clipfrac,0.0,Pong1PCB2L336P__seed_8_1763344785
6483968,1-Training-Losses/clipfrac,0.0,Pong1PCB2L336P__seed_8_1763344785
6488064,1-Training-Losses/clipfrac,0.0,Pong1PCB2L336P__seed_8_1763344785
6492160,1-Training-Losses/clipfrac,0.0,Pong1PCB2L336P__seed_8_1763344785
6496256,1-Training-Losses/clipfrac,0.0,Pong1PCB2L336P__seed_8_1763344785
6500352,1-Training-Losses/clipfrac,0.0,Pong1PCB2L336P__seed_8_1763344785
6504448,1-Training-Losses/clipfrac,0.0,Pong1PCB2L336P__seed_8_1763344785
6508544,1-Training-Losses/clipfrac,0.0,Pong1PCB2L336P__seed_8_1763344785
6512640,1-Training-Losses/clipfrac,0.0,Pong1PCB2L336P__seed_8_1763344785
6516736,1-Training-Losses/clipfrac,0.0,Pong1PCB2L336P__seed_8_1763344785
6520832,1-Training-Losses/clipfrac,0.00091552734375,Pong1PCB2L336P__seed_8_1763344785
6524928,1-Training-Losses/clipfrac,0.0,Pong1PCB2L336P__seed_8_1763344785
6529024,1-Training-Losses/clipfrac,0.0,Pong1PCB2L336P__seed_8_1763344785
6533120,1-Training-Losses/clipfrac,0.0,Pong1PCB2L336P__seed_8_1763344785
6537216,1-Training-Losses/clipfrac,0.00341796875,Pong1PCB2L336P__seed_8_1763344785
6541312,1-Training-Losses/clipfrac,0.00244140625,Pong1PCB2L336P__seed_8_1763344785
6545408,1-Training-Losses/clipfrac,0.0,Pong1PCB2L336P__seed_8_1763344785
6549504,1-Training-Losses/clipfrac,0.0,Pong1PCB2L336P__seed_8_1763344785
6553600,1-Training-Losses/clipfrac,0.0,Pong1PCB2L336P__seed_8_1763344785
6557696,1-Training-Losses/clipfrac,0.0,Pong1PCB2L336P__seed_8_1763344785
6561792,1-Training-Losses/clipfrac,0.0,Pong1PCB2L336P__seed_8_1763344785
6565888,1-Training-Losses/clipfrac,0.0,Pong1PCB2L336P__seed_8_1763344785
6569984,1-Training-Losses/clipfrac,0.0,Pong1PCB2L336P__seed_8_1763344785
6574080,1-Training-Losses/clipfrac,0.0,Pong1PCB2L336P__seed_8_1763344785
6578176,1-Training-Losses/clipfrac,0.0,Pong1PCB2L336P__seed_8_1763344785
6582272,1-Training-Losses/clipfrac,0.0,Pong1PCB2L336P__seed_8_1763344785
6586368,1-Training-Losses/clipfrac,0.0,Pong1PCB2L336P__seed_8_1763344785
6590464,1-Training-Losses/clipfrac,0.0,Pong1PCB2L336P__seed_8_1763344785
6594560,1-Training-Losses/clipfrac,0.0,Pong1PCB2L336P__seed_8_1763344785
6598656,1-Training-Losses/clipfrac,0.0,Pong1PCB2L336P__seed_8_1763344785
6602752,1-Training-Losses/clipfrac,0.0001220703125,Pong1PCB2L336P__seed_8_1763344785
6606848,1-Training-Losses/clipfrac,0.0,Pong1PCB2L336P__seed_8_1763344785
6610944,1-Training-Losses/clipfrac,0.0,Pong1PCB2L336P__seed_8_1763344785
6615040,1-Training-Losses/clipfrac,0.0,Pong1PCB2L336P__seed_8_1763344785
6619136,1-Training-Losses/clipfrac,0.0,Pong1PCB2L336P__seed_8_1763344785
6623232,1-Training-Losses/clipfrac,0.00042724609375,Pong1PCB2L336P__seed_8_1763344785
6627328,1-Training-Losses/clipfrac,0.00018310546875,Pong1PCB2L336P__seed_8_1763344785
6631424,1-Training-Losses/clipfrac,0.0,Pong1PCB2L336P__seed_8_1763344785
6635520,1-Training-Losses/clipfrac,0.0,Pong1PCB2L336P__seed_8_1763344785
6639616,1-Training-Losses/clipfrac,0.0,Pong1PCB2L336P__seed_8_1763344785
6643712,1-Training-Losses/clipfrac,0.0,Pong1PCB2L336P__seed_8_1763344785
6647808,1-Training-Losses/clipfrac,0.0,Pong1PCB2L336P__seed_8_1763344785
6651904,1-Training-Losses/clipfrac,0.0,Pong1PCB2L336P__seed_8_1763344785
6656000,1-Training-Losses/clipfrac,0.0,Pong1PCB2L336P__seed_8_1763344785
6660096,1-Training-Losses/clipfrac,0.0,Pong1PCB2L336P__seed_8_1763344785
6664192,1-Training-Losses/clipfrac,0.0,Pong1PCB2L336P__seed_8_1763344785
6668288,1-Training-Losses/clipfrac,0.0,Pong1PCB2L336P__seed_8_1763344785
6672384,1-Training-Losses/clipfrac,0.0,Pong1PCB2L336P__seed_8_1763344785
6676480,1-Training-Losses/clipfrac,0.0003662109375,Pong1PCB2L336P__seed_8_1763344785
6680576,1-Training-Losses/clipfrac,0.0,Pong1PCB2L336P__seed_8_1763344785
6684672,1-Training-Losses/clipfrac,0.0,Pong1PCB2L336P__seed_8_1763344785
6688768,1-Training-Losses/clipfrac,0.0,Pong1PCB2L336P__seed_8_1763344785
6692864,1-Training-Losses/clipfrac,0.0,Pong1PCB2L336P__seed_8_1763344785
6696960,1-Training-Losses/clipfrac,0.00018310546875,Pong1PCB2L336P__seed_8_1763344785
6701056,1-Training-Losses/clipfrac,0.0,Pong1PCB2L336P__seed_8_1763344785
6705152,1-Training-Losses/clipfrac,0.0,Pong1PCB2L336P__seed_8_1763344785
6709248,1-Training-Losses/clipfrac,0.0,Pong1PCB2L336P__seed_8_1763344785
6713344,1-Training-Losses/clipfrac,0.0001220703125,Pong1PCB2L336P__seed_8_1763344785
6717440,1-Training-Losses/clipfrac,0.0,Pong1PCB2L336P__seed_8_1763344785
6721536,1-Training-Losses/clipfrac,0.00225830078125,Pong1PCB2L336P__seed_8_1763344785
6725632,1-Training-Losses/clipfrac,6.103515625e-05,Pong1PCB2L336P__seed_8_1763344785
6729728,1-Training-Losses/clipfrac,0.0,Pong1PCB2L336P__seed_8_1763344785
6733824,1-Training-Losses/clipfrac,0.0,Pong1PCB2L336P__seed_8_1763344785
6737920,1-Training-Losses/clipfrac,0.0,Pong1PCB2L336P__seed_8_1763344785
6742016,1-Training-Losses/clipfrac,0.0,Pong1PCB2L336P__seed_8_1763344785
6746112,1-Training-Losses/clipfrac,0.0,Pong1PCB2L336P__seed_8_1763344785
6750208,1-Training-Losses/clipfrac,0.0,Pong1PCB2L336P__seed_8_1763344785
6754304,1-Training-Losses/clipfrac,0.00030517578125,Pong1PCB2L336P__seed_8_1763344785
6758400,1-Training-Losses/clipfrac,0.0,Pong1PCB2L336P__seed_8_1763344785
6762496,1-Training-Losses/clipfrac,0.0,Pong1PCB2L336P__seed_8_1763344785
6766592,1-Training-Losses/clipfrac,0.0,Pong1PCB2L336P__seed_8_1763344785
6770688,1-Training-Losses/clipfrac,0.0,Pong1PCB2L336P__seed_8_1763344785
6774784,1-Training-Losses/clipfrac,0.0,Pong1PCB2L336P__seed_8_1763344785
6778880,1-Training-Losses/clipfrac,0.0,Pong1PCB2L336P__seed_8_1763344785
6782976,1-Training-Losses/clipfrac,6.103515625e-05,Pong1PCB2L336P__seed_8_1763344785
6787072,1-Training-Losses/clipfrac,0.0,Pong1PCB2L336P__seed_8_1763344785
6791168,1-Training-Losses/clipfrac,0.0,Pong1PCB2L336P__seed_8_1763344785
6795264,1-Training-Losses/clipfrac,0.0,Pong1PCB2L336P__seed_8_1763344785
6799360,1-Training-Losses/clipfrac,0.0,Pong1PCB2L336P__seed_8_1763344785
6803456,1-Training-Losses/clipfrac,0.0,Pong1PCB2L336P__seed_8_1763344785
6807552,1-Training-Losses/clipfrac,0.0,Pong1PCB2L336P__seed_8_1763344785
6811648,1-Training-Losses/clipfrac,0.0,Pong1PCB2L336P__seed_8_1763344785
6815744,1-Training-Losses/clipfrac,0.0,Pong1PCB2L336P__seed_8_1763344785
6819840,1-Training-Losses/clipfrac,0.0,Pong1PCB2L336P__seed_8_1763344785
6823936,1-Training-Losses/clipfrac,0.0,Pong1PCB2L336P__seed_8_1763344785
6828032,1-Training-Losses/clipfrac,0.0,Pong1PCB2L336P__seed_8_1763344785
6832128,1-Training-Losses/clipfrac,0.0,Pong1PCB2L336P__seed_8_1763344785
6836224,1-Training-Losses/clipfrac,0.0,Pong1PCB2L336P__seed_8_1763344785
6840320,1-Training-Losses/clipfrac,0.0,Pong1PCB2L336P__seed_8_1763344785
6844416,1-Training-Losses/clipfrac,0.0,Pong1PCB2L336P__seed_8_1763344785
6848512,1-Training-Losses/clipfrac,0.000244140625,Pong1PCB2L336P__seed_8_1763344785
6852608,1-Training-Losses/clipfrac,0.0013427734375,Pong1PCB2L336P__seed_8_1763344785
6856704,1-Training-Losses/clipfrac,0.0,Pong1PCB2L336P__seed_8_1763344785
6860800,1-Training-Losses/clipfrac,0.0,Pong1PCB2L336P__seed_8_1763344785
6864896,1-Training-Losses/clipfrac,0.0,Pong1PCB2L336P__seed_8_1763344785
6868992,1-Training-Losses/clipfrac,0.0,Pong1PCB2L336P__seed_8_1763344785
6873088,1-Training-Losses/clipfrac,0.00091552734375,Pong1PCB2L336P__seed_8_1763344785
6877184,1-Training-Losses/clipfrac,0.00311279296875,Pong1PCB2L336P__seed_8_1763344785
6881280,1-Training-Losses/clipfrac,0.0,Pong1PCB2L336P__seed_8_1763344785
6885376,1-Training-Losses/clipfrac,0.0,Pong1PCB2L336P__seed_8_1763344785
6889472,1-Training-Losses/clipfrac,0.0,Pong1PCB2L336P__seed_8_1763344785
6893568,1-Training-Losses/clipfrac,0.0,Pong1PCB2L336P__seed_8_1763344785
6897664,1-Training-Losses/clipfrac,0.0,Pong1PCB2L336P__seed_8_1763344785
6901760,1-Training-Losses/clipfrac,0.0,Pong1PCB2L336P__seed_8_1763344785
6905856,1-Training-Losses/clipfrac,0.0,Pong1PCB2L336P__seed_8_1763344785
6909952,1-Training-Losses/clipfrac,0.0,Pong1PCB2L336P__seed_8_1763344785
6914048,1-Training-Losses/clipfrac,0.0,Pong1PCB2L336P__seed_8_1763344785
6918144,1-Training-Losses/clipfrac,0.0,Pong1PCB2L336P__seed_8_1763344785
6922240,1-Training-Losses/clipfrac,0.0,Pong1PCB2L336P__seed_8_1763344785
6926336,1-Training-Losses/clipfrac,0.0,Pong1PCB2L336P__seed_8_1763344785
6930432,1-Training-Losses/clipfrac,0.0,Pong1PCB2L336P__seed_8_1763344785
6934528,1-Training-Losses/clipfrac,0.0,Pong1PCB2L336P__seed_8_1763344785
6938624,1-Training-Losses/clipfrac,0.0,Pong1PCB2L336P__seed_8_1763344785
6942720,1-Training-Losses/clipfrac,0.0,Pong1PCB2L336P__seed_8_1763344785
6946816,1-Training-Losses/clipfrac,0.0,Pong1PCB2L336P__seed_8_1763344785
6950912,1-Training-Losses/clipfrac,0.0,Pong1PCB2L336P__seed_8_1763344785
6955008,1-Training-Losses/clipfrac,0.0,Pong1PCB2L336P__seed_8_1763344785
6959104,1-Training-Losses/clipfrac,0.0,Pong1PCB2L336P__seed_8_1763344785
6963200,1-Training-Losses/clipfrac,0.0,Pong1PCB2L336P__seed_8_1763344785
6967296,1-Training-Losses/clipfrac,0.0,Pong1PCB2L336P__seed_8_1763344785
6971392,1-Training-Losses/clipfrac,0.0,Pong1PCB2L336P__seed_8_1763344785
6975488,1-Training-Losses/clipfrac,0.0,Pong1PCB2L336P__seed_8_1763344785
6979584,1-Training-Losses/clipfrac,0.0,Pong1PCB2L336P__seed_8_1763344785
6983680,1-Training-Losses/clipfrac,0.0,Pong1PCB2L336P__seed_8_1763344785
6987776,1-Training-Losses/clipfrac,0.0,Pong1PCB2L336P__seed_8_1763344785
6991872,1-Training-Losses/clipfrac,0.0,Pong1PCB2L336P__seed_8_1763344785
6995968,1-Training-Losses/clipfrac,0.0,Pong1PCB2L336P__seed_8_1763344785
7000064,1-Training-Losses/clipfrac,0.0,Pong1PCB2L336P__seed_8_1763344785
7004160,1-Training-Losses/clipfrac,0.0,Pong1PCB2L336P__seed_8_1763344785
7008256,1-Training-Losses/clipfrac,0.0,Pong1PCB2L336P__seed_8_1763344785
7012352,1-Training-Losses/clipfrac,0.0,Pong1PCB2L336P__seed_8_1763344785
7016448,1-Training-Losses/clipfrac,0.0,Pong1PCB2L336P__seed_8_1763344785
7020544,1-Training-Losses/clipfrac,6.103515625e-05,Pong1PCB2L336P__seed_8_1763344785
7024640,1-Training-Losses/clipfrac,0.0,Pong1PCB2L336P__seed_8_1763344785
7028736,1-Training-Losses/clipfrac,0.0,Pong1PCB2L336P__seed_8_1763344785
7032832,1-Training-Losses/clipfrac,0.0,Pong1PCB2L336P__seed_8_1763344785
7036928,1-Training-Losses/clipfrac,0.0,Pong1PCB2L336P__seed_8_1763344785
7041024,1-Training-Losses/clipfrac,0.0,Pong1PCB2L336P__seed_8_1763344785
7045120,1-Training-Losses/clipfrac,0.0,Pong1PCB2L336P__seed_8_1763344785
7049216,1-Training-Losses/clipfrac,0.0,Pong1PCB2L336P__seed_8_1763344785
7053312,1-Training-Losses/clipfrac,0.0,Pong1PCB2L336P__seed_8_1763344785
7057408,1-Training-Losses/clipfrac,0.0,Pong1PCB2L336P__seed_8_1763344785
7061504,1-Training-Losses/clipfrac,0.0,Pong1PCB2L336P__seed_8_1763344785
7065600,1-Training-Losses/clipfrac,0.0,Pong1PCB2L336P__seed_8_1763344785
7069696,1-Training-Losses/clipfrac,0.0,Pong1PCB2L336P__seed_8_1763344785
7073792,1-Training-Losses/clipfrac,0.0,Pong1PCB2L336P__seed_8_1763344785
7077888,1-Training-Losses/clipfrac,0.0,Pong1PCB2L336P__seed_8_1763344785
7081984,1-Training-Losses/clipfrac,0.0,Pong1PCB2L336P__seed_8_1763344785
7086080,1-Training-Losses/clipfrac,0.00079345703125,Pong1PCB2L336P__seed_8_1763344785
7090176,1-Training-Losses/clipfrac,0.0001220703125,Pong1PCB2L336P__seed_8_1763344785
7094272,1-Training-Losses/clipfrac,0.0,Pong1PCB2L336P__seed_8_1763344785
7098368,1-Training-Losses/clipfrac,0.0,Pong1PCB2L336P__seed_8_1763344785
7102464,1-Training-Losses/clipfrac,0.0,Pong1PCB2L336P__seed_8_1763344785
7106560,1-Training-Losses/clipfrac,0.0,Pong1PCB2L336P__seed_8_1763344785
7110656,1-Training-Losses/clipfrac,0.0,Pong1PCB2L336P__seed_8_1763344785
7114752,1-Training-Losses/clipfrac,0.0,Pong1PCB2L336P__seed_8_1763344785
7118848,1-Training-Losses/clipfrac,0.0,Pong1PCB2L336P__seed_8_1763344785
7122944,1-Training-Losses/clipfrac,0.0,Pong1PCB2L336P__seed_8_1763344785
7127040,1-Training-Losses/clipfrac,0.0,Pong1PCB2L336P__seed_8_1763344785
7131136,1-Training-Losses/clipfrac,0.0,Pong1PCB2L336P__seed_8_1763344785
7135232,1-Training-Losses/clipfrac,0.0,Pong1PCB2L336P__seed_8_1763344785
7139328,1-Training-Losses/clipfrac,0.000732421875,Pong1PCB2L336P__seed_8_1763344785
7143424,1-Training-Losses/clipfrac,0.00201416015625,Pong1PCB2L336P__seed_8_1763344785
7147520,1-Training-Losses/clipfrac,0.0,Pong1PCB2L336P__seed_8_1763344785
7151616,1-Training-Losses/clipfrac,0.0,Pong1PCB2L336P__seed_8_1763344785
7155712,1-Training-Losses/clipfrac,0.0,Pong1PCB2L336P__seed_8_1763344785
7159808,1-Training-Losses/clipfrac,0.0,Pong1PCB2L336P__seed_8_1763344785
7163904,1-Training-Losses/clipfrac,0.0010986328125,Pong1PCB2L336P__seed_8_1763344785
7168000,1-Training-Losses/clipfrac,0.00146484375,Pong1PCB2L336P__seed_8_1763344785
7172096,1-Training-Losses/clipfrac,0.00067138671875,Pong1PCB2L336P__seed_8_1763344785
7176192,1-Training-Losses/clipfrac,0.0,Pong1PCB2L336P__seed_8_1763344785
7180288,1-Training-Losses/clipfrac,0.0,Pong1PCB2L336P__seed_8_1763344785
7184384,1-Training-Losses/clipfrac,0.0,Pong1PCB2L336P__seed_8_1763344785
7188480,1-Training-Losses/clipfrac,0.0,Pong1PCB2L336P__seed_8_1763344785
7192576,1-Training-Losses/clipfrac,0.0,Pong1PCB2L336P__seed_8_1763344785
7196672,1-Training-Losses/clipfrac,0.0,Pong1PCB2L336P__seed_8_1763344785
7200768,1-Training-Losses/clipfrac,0.0,Pong1PCB2L336P__seed_8_1763344785
7204864,1-Training-Losses/clipfrac,0.0,Pong1PCB2L336P__seed_8_1763344785
7208960,1-Training-Losses/clipfrac,0.0,Pong1PCB2L336P__seed_8_1763344785
7213056,1-Training-Losses/clipfrac,0.0,Pong1PCB2L336P__seed_8_1763344785
7217152,1-Training-Losses/clipfrac,0.0,Pong1PCB2L336P__seed_8_1763344785
7221248,1-Training-Losses/clipfrac,0.0,Pong1PCB2L336P__seed_8_1763344785
7225344,1-Training-Losses/clipfrac,0.0,Pong1PCB2L336P__seed_8_1763344785
7229440,1-Training-Losses/clipfrac,0.0,Pong1PCB2L336P__seed_8_1763344785
7233536,1-Training-Losses/clipfrac,0.0,Pong1PCB2L336P__seed_8_1763344785
7237632,1-Training-Losses/clipfrac,0.0,Pong1PCB2L336P__seed_8_1763344785
7241728,1-Training-Losses/clipfrac,0.0,Pong1PCB2L336P__seed_8_1763344785
7245824,1-Training-Losses/clipfrac,0.0,Pong1PCB2L336P__seed_8_1763344785
7249920,1-Training-Losses/clipfrac,0.0,Pong1PCB2L336P__seed_8_1763344785
7254016,1-Training-Losses/clipfrac,0.0,Pong1PCB2L336P__seed_8_1763344785
7258112,1-Training-Losses/clipfrac,0.0,Pong1PCB2L336P__seed_8_1763344785
7262208,1-Training-Losses/clipfrac,0.0,Pong1PCB2L336P__seed_8_1763344785
7266304,1-Training-Losses/clipfrac,0.0,Pong1PCB2L336P__seed_8_1763344785
7270400,1-Training-Losses/clipfrac,0.0,Pong1PCB2L336P__seed_8_1763344785
7274496,1-Training-Losses/clipfrac,0.0,Pong1PCB2L336P__seed_8_1763344785
7278592,1-Training-Losses/clipfrac,0.0,Pong1PCB2L336P__seed_8_1763344785
7282688,1-Training-Losses/clipfrac,0.0,Pong1PCB2L336P__seed_8_1763344785
7286784,1-Training-Losses/clipfrac,0.0,Pong1PCB2L336P__seed_8_1763344785
7290880,1-Training-Losses/clipfrac,0.0,Pong1PCB2L336P__seed_8_1763344785
7294976,1-Training-Losses/clipfrac,0.0,Pong1PCB2L336P__seed_8_1763344785
7299072,1-Training-Losses/clipfrac,0.0,Pong1PCB2L336P__seed_8_1763344785
7303168,1-Training-Losses/clipfrac,0.0,Pong1PCB2L336P__seed_8_1763344785
7307264,1-Training-Losses/clipfrac,0.0,Pong1PCB2L336P__seed_8_1763344785
7311360,1-Training-Losses/clipfrac,0.0,Pong1PCB2L336P__seed_8_1763344785
7315456,1-Training-Losses/clipfrac,0.0,Pong1PCB2L336P__seed_8_1763344785
7319552,1-Training-Losses/clipfrac,0.0,Pong1PCB2L336P__seed_8_1763344785
7323648,1-Training-Losses/clipfrac,0.0,Pong1PCB2L336P__seed_8_1763344785
7327744,1-Training-Losses/clipfrac,0.0,Pong1PCB2L336P__seed_8_1763344785
7331840,1-Training-Losses/clipfrac,0.0,Pong1PCB2L336P__seed_8_1763344785
7335936,1-Training-Losses/clipfrac,0.0,Pong1PCB2L336P__seed_8_1763344785
7340032,1-Training-Losses/clipfrac,0.0,Pong1PCB2L336P__seed_8_1763344785
7344128,1-Training-Losses/clipfrac,0.0,Pong1PCB2L336P__seed_8_1763344785
7348224,1-Training-Losses/clipfrac,0.0,Pong1PCB2L336P__seed_8_1763344785
7352320,1-Training-Losses/clipfrac,0.0,Pong1PCB2L336P__seed_8_1763344785
7356416,1-Training-Losses/clipfrac,0.0,Pong1PCB2L336P__seed_8_1763344785
7360512,1-Training-Losses/clipfrac,0.0,Pong1PCB2L336P__seed_8_1763344785
7364608,1-Training-Losses/clipfrac,0.0,Pong1PCB2L336P__seed_8_1763344785
7368704,1-Training-Losses/clipfrac,0.0,Pong1PCB2L336P__seed_8_1763344785
7372800,1-Training-Losses/clipfrac,0.0,Pong1PCB2L336P__seed_8_1763344785
7376896,1-Training-Losses/clipfrac,0.0,Pong1PCB2L336P__seed_8_1763344785
7380992,1-Training-Losses/clipfrac,0.0,Pong1PCB2L336P__seed_8_1763344785
7385088,1-Training-Losses/clipfrac,0.0,Pong1PCB2L336P__seed_8_1763344785
7389184,1-Training-Losses/clipfrac,0.0,Pong1PCB2L336P__seed_8_1763344785
7393280,1-Training-Losses/clipfrac,0.0,Pong1PCB2L336P__seed_8_1763344785
7397376,1-Training-Losses/clipfrac,0.0,Pong1PCB2L336P__seed_8_1763344785
7401472,1-Training-Losses/clipfrac,0.0,Pong1PCB2L336P__seed_8_1763344785
7405568,1-Training-Losses/clipfrac,0.0,Pong1PCB2L336P__seed_8_1763344785
7409664,1-Training-Losses/clipfrac,0.0,Pong1PCB2L336P__seed_8_1763344785
7413760,1-Training-Losses/clipfrac,0.0,Pong1PCB2L336P__seed_8_1763344785
7417856,1-Training-Losses/clipfrac,0.0,Pong1PCB2L336P__seed_8_1763344785
7421952,1-Training-Losses/clipfrac,0.0,Pong1PCB2L336P__seed_8_1763344785
7426048,1-Training-Losses/clipfrac,0.0,Pong1PCB2L336P__seed_8_1763344785
7430144,1-Training-Losses/clipfrac,0.0,Pong1PCB2L336P__seed_8_1763344785
7434240,1-Training-Losses/clipfrac,0.0,Pong1PCB2L336P__seed_8_1763344785
7438336,1-Training-Losses/clipfrac,0.0,Pong1PCB2L336P__seed_8_1763344785
7442432,1-Training-Losses/clipfrac,0.0,Pong1PCB2L336P__seed_8_1763344785
7446528,1-Training-Losses/clipfrac,0.0,Pong1PCB2L336P__seed_8_1763344785
7450624,1-Training-Losses/clipfrac,0.0,Pong1PCB2L336P__seed_8_1763344785
7454720,1-Training-Losses/clipfrac,0.0,Pong1PCB2L336P__seed_8_1763344785
7458816,1-Training-Losses/clipfrac,0.0,Pong1PCB2L336P__seed_8_1763344785
7462912,1-Training-Losses/clipfrac,0.0,Pong1PCB2L336P__seed_8_1763344785
7467008,1-Training-Losses/clipfrac,0.0,Pong1PCB2L336P__seed_8_1763344785
7471104,1-Training-Losses/clipfrac,0.0,Pong1PCB2L336P__seed_8_1763344785
7475200,1-Training-Losses/clipfrac,0.0,Pong1PCB2L336P__seed_8_1763344785
7479296,1-Training-Losses/clipfrac,0.0,Pong1PCB2L336P__seed_8_1763344785
7483392,1-Training-Losses/clipfrac,0.0,Pong1PCB2L336P__seed_8_1763344785
7487488,1-Training-Losses/clipfrac,0.0,Pong1PCB2L336P__seed_8_1763344785
7491584,1-Training-Losses/clipfrac,0.0,Pong1PCB2L336P__seed_8_1763344785
7495680,1-Training-Losses/clipfrac,0.0,Pong1PCB2L336P__seed_8_1763344785
7499776,1-Training-Losses/clipfrac,0.0,Pong1PCB2L336P__seed_8_1763344785
7503872,1-Training-Losses/clipfrac,0.0,Pong1PCB2L336P__seed_8_1763344785
7507968,1-Training-Losses/clipfrac,0.0,Pong1PCB2L336P__seed_8_1763344785
7512064,1-Training-Losses/clipfrac,0.0,Pong1PCB2L336P__seed_8_1763344785
7516160,1-Training-Losses/clipfrac,0.0,Pong1PCB2L336P__seed_8_1763344785
7520256,1-Training-Losses/clipfrac,0.0,Pong1PCB2L336P__seed_8_1763344785
7524352,1-Training-Losses/clipfrac,0.0,Pong1PCB2L336P__seed_8_1763344785
7528448,1-Training-Losses/clipfrac,0.0,Pong1PCB2L336P__seed_8_1763344785
7532544,1-Training-Losses/clipfrac,0.0,Pong1PCB2L336P__seed_8_1763344785
7536640,1-Training-Losses/clipfrac,0.0,Pong1PCB2L336P__seed_8_1763344785
7540736,1-Training-Losses/clipfrac,0.0,Pong1PCB2L336P__seed_8_1763344785
7544832,1-Training-Losses/clipfrac,0.0,Pong1PCB2L336P__seed_8_1763344785
7548928,1-Training-Losses/clipfrac,0.0,Pong1PCB2L336P__seed_8_1763344785
7553024,1-Training-Losses/clipfrac,0.0,Pong1PCB2L336P__seed_8_1763344785
7557120,1-Training-Losses/clipfrac,0.0,Pong1PCB2L336P__seed_8_1763344785
7561216,1-Training-Losses/clipfrac,0.0,Pong1PCB2L336P__seed_8_1763344785
7565312,1-Training-Losses/clipfrac,0.0,Pong1PCB2L336P__seed_8_1763344785
7569408,1-Training-Losses/clipfrac,0.0,Pong1PCB2L336P__seed_8_1763344785
7573504,1-Training-Losses/clipfrac,0.0,Pong1PCB2L336P__seed_8_1763344785
7577600,1-Training-Losses/clipfrac,0.0,Pong1PCB2L336P__seed_8_1763344785
7581696,1-Training-Losses/clipfrac,0.0,Pong1PCB2L336P__seed_8_1763344785
7585792,1-Training-Losses/clipfrac,0.0,Pong1PCB2L336P__seed_8_1763344785
7589888,1-Training-Losses/clipfrac,0.0,Pong1PCB2L336P__seed_8_1763344785
7593984,1-Training-Losses/clipfrac,0.0,Pong1PCB2L336P__seed_8_1763344785
7598080,1-Training-Losses/clipfrac,0.0,Pong1PCB2L336P__seed_8_1763344785
7602176,1-Training-Losses/clipfrac,0.0,Pong1PCB2L336P__seed_8_1763344785
7606272,1-Training-Losses/clipfrac,0.0,Pong1PCB2L336P__seed_8_1763344785
7610368,1-Training-Losses/clipfrac,0.0,Pong1PCB2L336P__seed_8_1763344785
7614464,1-Training-Losses/clipfrac,0.0,Pong1PCB2L336P__seed_8_1763344785
7618560,1-Training-Losses/clipfrac,0.0,Pong1PCB2L336P__seed_8_1763344785
7622656,1-Training-Losses/clipfrac,0.0,Pong1PCB2L336P__seed_8_1763344785
7626752,1-Training-Losses/clipfrac,0.0,Pong1PCB2L336P__seed_8_1763344785
7630848,1-Training-Losses/clipfrac,0.0,Pong1PCB2L336P__seed_8_1763344785
7634944,1-Training-Losses/clipfrac,0.0,Pong1PCB2L336P__seed_8_1763344785
7639040,1-Training-Losses/clipfrac,0.0,Pong1PCB2L336P__seed_8_1763344785
7643136,1-Training-Losses/clipfrac,0.0,Pong1PCB2L336P__seed_8_1763344785
7647232,1-Training-Losses/clipfrac,0.0,Pong1PCB2L336P__seed_8_1763344785
7651328,1-Training-Losses/clipfrac,0.0,Pong1PCB2L336P__seed_8_1763344785
7655424,1-Training-Losses/clipfrac,0.0,Pong1PCB2L336P__seed_8_1763344785
7659520,1-Training-Losses/clipfrac,0.0,Pong1PCB2L336P__seed_8_1763344785
7663616,1-Training-Losses/clipfrac,0.0,Pong1PCB2L336P__seed_8_1763344785
7667712,1-Training-Losses/clipfrac,6.103515625e-05,Pong1PCB2L336P__seed_8_1763344785
7671808,1-Training-Losses/clipfrac,0.0,Pong1PCB2L336P__seed_8_1763344785
7675904,1-Training-Losses/clipfrac,0.0,Pong1PCB2L336P__seed_8_1763344785
7680000,1-Training-Losses/clipfrac,0.0,Pong1PCB2L336P__seed_8_1763344785
7684096,1-Training-Losses/clipfrac,0.0,Pong1PCB2L336P__seed_8_1763344785
7688192,1-Training-Losses/clipfrac,0.0,Pong1PCB2L336P__seed_8_1763344785
7692288,1-Training-Losses/clipfrac,0.0,Pong1PCB2L336P__seed_8_1763344785
7696384,1-Training-Losses/clipfrac,0.0,Pong1PCB2L336P__seed_8_1763344785
7700480,1-Training-Losses/clipfrac,0.0,Pong1PCB2L336P__seed_8_1763344785
7704576,1-Training-Losses/clipfrac,0.0,Pong1PCB2L336P__seed_8_1763344785
7708672,1-Training-Losses/clipfrac,0.0,Pong1PCB2L336P__seed_8_1763344785
7712768,1-Training-Losses/clipfrac,0.0,Pong1PCB2L336P__seed_8_1763344785
7716864,1-Training-Losses/clipfrac,0.0,Pong1PCB2L336P__seed_8_1763344785
7720960,1-Training-Losses/clipfrac,0.0,Pong1PCB2L336P__seed_8_1763344785
7725056,1-Training-Losses/clipfrac,0.0,Pong1PCB2L336P__seed_8_1763344785
7729152,1-Training-Losses/clipfrac,0.0,Pong1PCB2L336P__seed_8_1763344785
7733248,1-Training-Losses/clipfrac,0.0,Pong1PCB2L336P__seed_8_1763344785
7737344,1-Training-Losses/clipfrac,0.0,Pong1PCB2L336P__seed_8_1763344785
7741440,1-Training-Losses/clipfrac,0.0,Pong1PCB2L336P__seed_8_1763344785
7745536,1-Training-Losses/clipfrac,0.0,Pong1PCB2L336P__seed_8_1763344785
7749632,1-Training-Losses/clipfrac,0.0,Pong1PCB2L336P__seed_8_1763344785
7753728,1-Training-Losses/clipfrac,0.0,Pong1PCB2L336P__seed_8_1763344785
7757824,1-Training-Losses/clipfrac,0.0,Pong1PCB2L336P__seed_8_1763344785
7761920,1-Training-Losses/clipfrac,0.0,Pong1PCB2L336P__seed_8_1763344785
7766016,1-Training-Losses/clipfrac,0.0,Pong1PCB2L336P__seed_8_1763344785
7770112,1-Training-Losses/clipfrac,0.0,Pong1PCB2L336P__seed_8_1763344785
7774208,1-Training-Losses/clipfrac,0.0,Pong1PCB2L336P__seed_8_1763344785
7778304,1-Training-Losses/clipfrac,0.0,Pong1PCB2L336P__seed_8_1763344785
7782400,1-Training-Losses/clipfrac,0.0,Pong1PCB2L336P__seed_8_1763344785
7786496,1-Training-Losses/clipfrac,0.0,Pong1PCB2L336P__seed_8_1763344785
7790592,1-Training-Losses/clipfrac,0.0,Pong1PCB2L336P__seed_8_1763344785
7794688,1-Training-Losses/clipfrac,0.0,Pong1PCB2L336P__seed_8_1763344785
7798784,1-Training-Losses/clipfrac,0.0,Pong1PCB2L336P__seed_8_1763344785
7802880,1-Training-Losses/clipfrac,0.000244140625,Pong1PCB2L336P__seed_8_1763344785
7806976,1-Training-Losses/clipfrac,0.0,Pong1PCB2L336P__seed_8_1763344785
7811072,1-Training-Losses/clipfrac,0.0,Pong1PCB2L336P__seed_8_1763344785
7815168,1-Training-Losses/clipfrac,0.0,Pong1PCB2L336P__seed_8_1763344785
7819264,1-Training-Losses/clipfrac,0.0,Pong1PCB2L336P__seed_8_1763344785
7823360,1-Training-Losses/clipfrac,0.0,Pong1PCB2L336P__seed_8_1763344785
7827456,1-Training-Losses/clipfrac,0.0,Pong1PCB2L336P__seed_8_1763344785
7831552,1-Training-Losses/clipfrac,0.0,Pong1PCB2L336P__seed_8_1763344785
7835648,1-Training-Losses/clipfrac,0.0,Pong1PCB2L336P__seed_8_1763344785
7839744,1-Training-Losses/clipfrac,0.0,Pong1PCB2L336P__seed_8_1763344785
7843840,1-Training-Losses/clipfrac,0.0,Pong1PCB2L336P__seed_8_1763344785
7847936,1-Training-Losses/clipfrac,0.0,Pong1PCB2L336P__seed_8_1763344785
7852032,1-Training-Losses/clipfrac,0.0,Pong1PCB2L336P__seed_8_1763344785
7856128,1-Training-Losses/clipfrac,0.0,Pong1PCB2L336P__seed_8_1763344785
7860224,1-Training-Losses/clipfrac,0.0,Pong1PCB2L336P__seed_8_1763344785
7864320,1-Training-Losses/clipfrac,0.0,Pong1PCB2L336P__seed_8_1763344785
7868416,1-Training-Losses/clipfrac,0.0,Pong1PCB2L336P__seed_8_1763344785
7872512,1-Training-Losses/clipfrac,0.0,Pong1PCB2L336P__seed_8_1763344785
7876608,1-Training-Losses/clipfrac,0.0,Pong1PCB2L336P__seed_8_1763344785
7880704,1-Training-Losses/clipfrac,0.0,Pong1PCB2L336P__seed_8_1763344785
7884800,1-Training-Losses/clipfrac,0.0,Pong1PCB2L336P__seed_8_1763344785
7888896,1-Training-Losses/clipfrac,0.0,Pong1PCB2L336P__seed_8_1763344785
7892992,1-Training-Losses/clipfrac,0.0,Pong1PCB2L336P__seed_8_1763344785
7897088,1-Training-Losses/clipfrac,0.0,Pong1PCB2L336P__seed_8_1763344785
7901184,1-Training-Losses/clipfrac,0.0,Pong1PCB2L336P__seed_8_1763344785
7905280,1-Training-Losses/clipfrac,0.0,Pong1PCB2L336P__seed_8_1763344785
7909376,1-Training-Losses/clipfrac,0.0,Pong1PCB2L336P__seed_8_1763344785
7913472,1-Training-Losses/clipfrac,0.0,Pong1PCB2L336P__seed_8_1763344785
7917568,1-Training-Losses/clipfrac,0.0,Pong1PCB2L336P__seed_8_1763344785
7921664,1-Training-Losses/clipfrac,0.0,Pong1PCB2L336P__seed_8_1763344785
7925760,1-Training-Losses/clipfrac,0.0,Pong1PCB2L336P__seed_8_1763344785
7929856,1-Training-Losses/clipfrac,0.0,Pong1PCB2L336P__seed_8_1763344785
7933952,1-Training-Losses/clipfrac,0.0,Pong1PCB2L336P__seed_8_1763344785
7938048,1-Training-Losses/clipfrac,0.0,Pong1PCB2L336P__seed_8_1763344785
7942144,1-Training-Losses/clipfrac,0.0,Pong1PCB2L336P__seed_8_1763344785
7946240,1-Training-Losses/clipfrac,0.0,Pong1PCB2L336P__seed_8_1763344785
7950336,1-Training-Losses/clipfrac,0.0,Pong1PCB2L336P__seed_8_1763344785
7954432,1-Training-Losses/clipfrac,0.0,Pong1PCB2L336P__seed_8_1763344785
7958528,1-Training-Losses/clipfrac,0.0,Pong1PCB2L336P__seed_8_1763344785
7962624,1-Training-Losses/clipfrac,0.0,Pong1PCB2L336P__seed_8_1763344785
7966720,1-Training-Losses/clipfrac,0.0,Pong1PCB2L336P__seed_8_1763344785
7970816,1-Training-Losses/clipfrac,0.0,Pong1PCB2L336P__seed_8_1763344785
7974912,1-Training-Losses/clipfrac,0.0,Pong1PCB2L336P__seed_8_1763344785
7979008,1-Training-Losses/clipfrac,0.0,Pong1PCB2L336P__seed_8_1763344785
7983104,1-Training-Losses/clipfrac,0.0,Pong1PCB2L336P__seed_8_1763344785
7987200,1-Training-Losses/clipfrac,0.0,Pong1PCB2L336P__seed_8_1763344785
7991296,1-Training-Losses/clipfrac,0.0,Pong1PCB2L336P__seed_8_1763344785
7995392,1-Training-Losses/clipfrac,0.0,Pong1PCB2L336P__seed_8_1763344785
7999488,1-Training-Losses/clipfrac,0.0,Pong1PCB2L336P__seed_8_1763344785
8003584,1-Training-Losses/clipfrac,0.0,Pong1PCB2L336P__seed_8_1763344785
8007680,1-Training-Losses/clipfrac,0.0,Pong1PCB2L336P__seed_8_1763344785
8011776,1-Training-Losses/clipfrac,0.0,Pong1PCB2L336P__seed_8_1763344785
8015872,1-Training-Losses/clipfrac,0.0,Pong1PCB2L336P__seed_8_1763344785
8019968,1-Training-Losses/clipfrac,0.0,Pong1PCB2L336P__seed_8_1763344785
8024064,1-Training-Losses/clipfrac,0.0,Pong1PCB2L336P__seed_8_1763344785
8028160,1-Training-Losses/clipfrac,0.0,Pong1PCB2L336P__seed_8_1763344785
8032256,1-Training-Losses/clipfrac,0.0,Pong1PCB2L336P__seed_8_1763344785
8036352,1-Training-Losses/clipfrac,0.0,Pong1PCB2L336P__seed_8_1763344785
8040448,1-Training-Losses/clipfrac,0.0,Pong1PCB2L336P__seed_8_1763344785
8044544,1-Training-Losses/clipfrac,0.0,Pong1PCB2L336P__seed_8_1763344785
8048640,1-Training-Losses/clipfrac,0.0,Pong1PCB2L336P__seed_8_1763344785
8052736,1-Training-Losses/clipfrac,0.0,Pong1PCB2L336P__seed_8_1763344785
8056832,1-Training-Losses/clipfrac,0.0,Pong1PCB2L336P__seed_8_1763344785
8060928,1-Training-Losses/clipfrac,0.0,Pong1PCB2L336P__seed_8_1763344785
8065024,1-Training-Losses/clipfrac,0.0,Pong1PCB2L336P__seed_8_1763344785
8069120,1-Training-Losses/clipfrac,0.0,Pong1PCB2L336P__seed_8_1763344785
8073216,1-Training-Losses/clipfrac,0.0,Pong1PCB2L336P__seed_8_1763344785
8077312,1-Training-Losses/clipfrac,0.0,Pong1PCB2L336P__seed_8_1763344785
8081408,1-Training-Losses/clipfrac,0.0,Pong1PCB2L336P__seed_8_1763344785
8085504,1-Training-Losses/clipfrac,0.0,Pong1PCB2L336P__seed_8_1763344785
8089600,1-Training-Losses/clipfrac,0.0,Pong1PCB2L336P__seed_8_1763344785
8093696,1-Training-Losses/clipfrac,0.0,Pong1PCB2L336P__seed_8_1763344785
8097792,1-Training-Losses/clipfrac,0.0,Pong1PCB2L336P__seed_8_1763344785
8101888,1-Training-Losses/clipfrac,0.0,Pong1PCB2L336P__seed_8_1763344785
8105984,1-Training-Losses/clipfrac,0.0,Pong1PCB2L336P__seed_8_1763344785
8110080,1-Training-Losses/clipfrac,0.0,Pong1PCB2L336P__seed_8_1763344785
8114176,1-Training-Losses/clipfrac,0.0,Pong1PCB2L336P__seed_8_1763344785
8118272,1-Training-Losses/clipfrac,0.0,Pong1PCB2L336P__seed_8_1763344785
8122368,1-Training-Losses/clipfrac,0.0,Pong1PCB2L336P__seed_8_1763344785
8126464,1-Training-Losses/clipfrac,0.0,Pong1PCB2L336P__seed_8_1763344785
8130560,1-Training-Losses/clipfrac,0.0,Pong1PCB2L336P__seed_8_1763344785
8134656,1-Training-Losses/clipfrac,0.0,Pong1PCB2L336P__seed_8_1763344785
8138752,1-Training-Losses/clipfrac,0.0,Pong1PCB2L336P__seed_8_1763344785
8142848,1-Training-Losses/clipfrac,0.0,Pong1PCB2L336P__seed_8_1763344785
8146944,1-Training-Losses/clipfrac,0.0,Pong1PCB2L336P__seed_8_1763344785
8151040,1-Training-Losses/clipfrac,0.0,Pong1PCB2L336P__seed_8_1763344785
8155136,1-Training-Losses/clipfrac,0.0,Pong1PCB2L336P__seed_8_1763344785
8159232,1-Training-Losses/clipfrac,0.0,Pong1PCB2L336P__seed_8_1763344785
8163328,1-Training-Losses/clipfrac,0.0,Pong1PCB2L336P__seed_8_1763344785
8167424,1-Training-Losses/clipfrac,0.0,Pong1PCB2L336P__seed_8_1763344785
8171520,1-Training-Losses/clipfrac,0.0,Pong1PCB2L336P__seed_8_1763344785
8175616,1-Training-Losses/clipfrac,0.0,Pong1PCB2L336P__seed_8_1763344785
8179712,1-Training-Losses/clipfrac,0.0,Pong1PCB2L336P__seed_8_1763344785
8183808,1-Training-Losses/clipfrac,0.0,Pong1PCB2L336P__seed_8_1763344785
8187904,1-Training-Losses/clipfrac,0.0,Pong1PCB2L336P__seed_8_1763344785
8192000,1-Training-Losses/clipfrac,0.0,Pong1PCB2L336P__seed_8_1763344785
8196096,1-Training-Losses/clipfrac,0.0,Pong1PCB2L336P__seed_8_1763344785
8200192,1-Training-Losses/clipfrac,0.0,Pong1PCB2L336P__seed_8_1763344785
8204288,1-Training-Losses/clipfrac,0.0,Pong1PCB2L336P__seed_8_1763344785
8208384,1-Training-Losses/clipfrac,0.0,Pong1PCB2L336P__seed_8_1763344785
8212480,1-Training-Losses/clipfrac,0.0,Pong1PCB2L336P__seed_8_1763344785
8216576,1-Training-Losses/clipfrac,0.0,Pong1PCB2L336P__seed_8_1763344785
8220672,1-Training-Losses/clipfrac,0.0,Pong1PCB2L336P__seed_8_1763344785
8224768,1-Training-Losses/clipfrac,0.0,Pong1PCB2L336P__seed_8_1763344785
8228864,1-Training-Losses/clipfrac,0.0,Pong1PCB2L336P__seed_8_1763344785
8232960,1-Training-Losses/clipfrac,0.0,Pong1PCB2L336P__seed_8_1763344785
8237056,1-Training-Losses/clipfrac,0.0,Pong1PCB2L336P__seed_8_1763344785
8241152,1-Training-Losses/clipfrac,0.0,Pong1PCB2L336P__seed_8_1763344785
8245248,1-Training-Losses/clipfrac,0.0,Pong1PCB2L336P__seed_8_1763344785
8249344,1-Training-Losses/clipfrac,0.0,Pong1PCB2L336P__seed_8_1763344785
8253440,1-Training-Losses/clipfrac,0.0,Pong1PCB2L336P__seed_8_1763344785
8257536,1-Training-Losses/clipfrac,0.0,Pong1PCB2L336P__seed_8_1763344785
8261632,1-Training-Losses/clipfrac,0.0,Pong1PCB2L336P__seed_8_1763344785
8265728,1-Training-Losses/clipfrac,0.0,Pong1PCB2L336P__seed_8_1763344785
8269824,1-Training-Losses/clipfrac,0.0,Pong1PCB2L336P__seed_8_1763344785
8273920,1-Training-Losses/clipfrac,0.0,Pong1PCB2L336P__seed_8_1763344785
8278016,1-Training-Losses/clipfrac,0.0,Pong1PCB2L336P__seed_8_1763344785
8282112,1-Training-Losses/clipfrac,0.0,Pong1PCB2L336P__seed_8_1763344785
8286208,1-Training-Losses/clipfrac,0.0,Pong1PCB2L336P__seed_8_1763344785
8290304,1-Training-Losses/clipfrac,0.0,Pong1PCB2L336P__seed_8_1763344785
8294400,1-Training-Losses/clipfrac,0.0,Pong1PCB2L336P__seed_8_1763344785
8298496,1-Training-Losses/clipfrac,0.0,Pong1PCB2L336P__seed_8_1763344785
8302592,1-Training-Losses/clipfrac,0.0,Pong1PCB2L336P__seed_8_1763344785
8306688,1-Training-Losses/clipfrac,0.0,Pong1PCB2L336P__seed_8_1763344785
8310784,1-Training-Losses/clipfrac,0.0,Pong1PCB2L336P__seed_8_1763344785
8314880,1-Training-Losses/clipfrac,0.0,Pong1PCB2L336P__seed_8_1763344785
8318976,1-Training-Losses/clipfrac,0.0,Pong1PCB2L336P__seed_8_1763344785
8323072,1-Training-Losses/clipfrac,0.0,Pong1PCB2L336P__seed_8_1763344785
8327168,1-Training-Losses/clipfrac,0.0,Pong1PCB2L336P__seed_8_1763344785
8331264,1-Training-Losses/clipfrac,0.0,Pong1PCB2L336P__seed_8_1763344785
8335360,1-Training-Losses/clipfrac,0.0,Pong1PCB2L336P__seed_8_1763344785
8339456,1-Training-Losses/clipfrac,0.0,Pong1PCB2L336P__seed_8_1763344785
8343552,1-Training-Losses/clipfrac,0.0,Pong1PCB2L336P__seed_8_1763344785
8347648,1-Training-Losses/clipfrac,0.0,Pong1PCB2L336P__seed_8_1763344785
8351744,1-Training-Losses/clipfrac,0.0,Pong1PCB2L336P__seed_8_1763344785
8355840,1-Training-Losses/clipfrac,0.0,Pong1PCB2L336P__seed_8_1763344785
8359936,1-Training-Losses/clipfrac,0.0,Pong1PCB2L336P__seed_8_1763344785
8364032,1-Training-Losses/clipfrac,0.0,Pong1PCB2L336P__seed_8_1763344785
8368128,1-Training-Losses/clipfrac,0.0,Pong1PCB2L336P__seed_8_1763344785
8372224,1-Training-Losses/clipfrac,0.0,Pong1PCB2L336P__seed_8_1763344785
8376320,1-Training-Losses/clipfrac,0.0,Pong1PCB2L336P__seed_8_1763344785
8380416,1-Training-Losses/clipfrac,0.0,Pong1PCB2L336P__seed_8_1763344785
8384512,1-Training-Losses/clipfrac,0.0,Pong1PCB2L336P__seed_8_1763344785
8388608,1-Training-Losses/clipfrac,0.0,Pong1PCB2L336P__seed_8_1763344785
8392704,1-Training-Losses/clipfrac,0.0,Pong1PCB2L336P__seed_8_1763344785
8396800,1-Training-Losses/clipfrac,0.0,Pong1PCB2L336P__seed_8_1763344785
8400896,1-Training-Losses/clipfrac,0.0,Pong1PCB2L336P__seed_8_1763344785
8404992,1-Training-Losses/clipfrac,0.0,Pong1PCB2L336P__seed_8_1763344785
8409088,1-Training-Losses/clipfrac,0.0,Pong1PCB2L336P__seed_8_1763344785
8413184,1-Training-Losses/clipfrac,0.0,Pong1PCB2L336P__seed_8_1763344785
8417280,1-Training-Losses/clipfrac,0.0,Pong1PCB2L336P__seed_8_1763344785
8421376,1-Training-Losses/clipfrac,0.0,Pong1PCB2L336P__seed_8_1763344785
8425472,1-Training-Losses/clipfrac,0.0,Pong1PCB2L336P__seed_8_1763344785
8429568,1-Training-Losses/clipfrac,0.0,Pong1PCB2L336P__seed_8_1763344785
8433664,1-Training-Losses/clipfrac,0.0,Pong1PCB2L336P__seed_8_1763344785
8437760,1-Training-Losses/clipfrac,0.0,Pong1PCB2L336P__seed_8_1763344785
8441856,1-Training-Losses/clipfrac,0.0,Pong1PCB2L336P__seed_8_1763344785
8445952,1-Training-Losses/clipfrac,0.0,Pong1PCB2L336P__seed_8_1763344785
8450048,1-Training-Losses/clipfrac,0.0,Pong1PCB2L336P__seed_8_1763344785
8454144,1-Training-Losses/clipfrac,0.0,Pong1PCB2L336P__seed_8_1763344785
8458240,1-Training-Losses/clipfrac,0.0,Pong1PCB2L336P__seed_8_1763344785
8462336,1-Training-Losses/clipfrac,0.0,Pong1PCB2L336P__seed_8_1763344785
8466432,1-Training-Losses/clipfrac,0.0,Pong1PCB2L336P__seed_8_1763344785
8470528,1-Training-Losses/clipfrac,0.0,Pong1PCB2L336P__seed_8_1763344785
8474624,1-Training-Losses/clipfrac,0.0,Pong1PCB2L336P__seed_8_1763344785
8478720,1-Training-Losses/clipfrac,0.0,Pong1PCB2L336P__seed_8_1763344785
8482816,1-Training-Losses/clipfrac,0.0,Pong1PCB2L336P__seed_8_1763344785
8486912,1-Training-Losses/clipfrac,0.0,Pong1PCB2L336P__seed_8_1763344785
8491008,1-Training-Losses/clipfrac,0.0,Pong1PCB2L336P__seed_8_1763344785
8495104,1-Training-Losses/clipfrac,0.0,Pong1PCB2L336P__seed_8_1763344785
8499200,1-Training-Losses/clipfrac,0.0,Pong1PCB2L336P__seed_8_1763344785
8503296,1-Training-Losses/clipfrac,0.0,Pong1PCB2L336P__seed_8_1763344785
8507392,1-Training-Losses/clipfrac,0.0,Pong1PCB2L336P__seed_8_1763344785
8511488,1-Training-Losses/clipfrac,0.0,Pong1PCB2L336P__seed_8_1763344785
8515584,1-Training-Losses/clipfrac,0.0,Pong1PCB2L336P__seed_8_1763344785
8519680,1-Training-Losses/clipfrac,0.0,Pong1PCB2L336P__seed_8_1763344785
8523776,1-Training-Losses/clipfrac,0.0,Pong1PCB2L336P__seed_8_1763344785
8527872,1-Training-Losses/clipfrac,0.0,Pong1PCB2L336P__seed_8_1763344785
8531968,1-Training-Losses/clipfrac,0.0,Pong1PCB2L336P__seed_8_1763344785
8536064,1-Training-Losses/clipfrac,0.0,Pong1PCB2L336P__seed_8_1763344785
8540160,1-Training-Losses/clipfrac,0.0,Pong1PCB2L336P__seed_8_1763344785
8544256,1-Training-Losses/clipfrac,0.0,Pong1PCB2L336P__seed_8_1763344785
8548352,1-Training-Losses/clipfrac,0.0,Pong1PCB2L336P__seed_8_1763344785
8552448,1-Training-Losses/clipfrac,0.0,Pong1PCB2L336P__seed_8_1763344785
8556544,1-Training-Losses/clipfrac,0.0,Pong1PCB2L336P__seed_8_1763344785
8560640,1-Training-Losses/clipfrac,0.0,Pong1PCB2L336P__seed_8_1763344785
8564736,1-Training-Losses/clipfrac,0.0,Pong1PCB2L336P__seed_8_1763344785
8568832,1-Training-Losses/clipfrac,0.0,Pong1PCB2L336P__seed_8_1763344785
8572928,1-Training-Losses/clipfrac,0.0,Pong1PCB2L336P__seed_8_1763344785
8577024,1-Training-Losses/clipfrac,0.0,Pong1PCB2L336P__seed_8_1763344785
8581120,1-Training-Losses/clipfrac,0.0,Pong1PCB2L336P__seed_8_1763344785
8585216,1-Training-Losses/clipfrac,0.0,Pong1PCB2L336P__seed_8_1763344785
8589312,1-Training-Losses/clipfrac,0.0,Pong1PCB2L336P__seed_8_1763344785
8593408,1-Training-Losses/clipfrac,0.0,Pong1PCB2L336P__seed_8_1763344785
8597504,1-Training-Losses/clipfrac,0.0,Pong1PCB2L336P__seed_8_1763344785
8601600,1-Training-Losses/clipfrac,0.0,Pong1PCB2L336P__seed_8_1763344785
8605696,1-Training-Losses/clipfrac,0.0,Pong1PCB2L336P__seed_8_1763344785
8609792,1-Training-Losses/clipfrac,0.0,Pong1PCB2L336P__seed_8_1763344785
8613888,1-Training-Losses/clipfrac,0.0,Pong1PCB2L336P__seed_8_1763344785
8617984,1-Training-Losses/clipfrac,0.0,Pong1PCB2L336P__seed_8_1763344785
8622080,1-Training-Losses/clipfrac,0.0,Pong1PCB2L336P__seed_8_1763344785
8626176,1-Training-Losses/clipfrac,0.0,Pong1PCB2L336P__seed_8_1763344785
8630272,1-Training-Losses/clipfrac,0.0,Pong1PCB2L336P__seed_8_1763344785
8634368,1-Training-Losses/clipfrac,0.0,Pong1PCB2L336P__seed_8_1763344785
8638464,1-Training-Losses/clipfrac,0.0,Pong1PCB2L336P__seed_8_1763344785
8642560,1-Training-Losses/clipfrac,0.0,Pong1PCB2L336P__seed_8_1763344785
8646656,1-Training-Losses/clipfrac,0.0,Pong1PCB2L336P__seed_8_1763344785
8650752,1-Training-Losses/clipfrac,0.0,Pong1PCB2L336P__seed_8_1763344785
8654848,1-Training-Losses/clipfrac,0.0,Pong1PCB2L336P__seed_8_1763344785
8658944,1-Training-Losses/clipfrac,0.0,Pong1PCB2L336P__seed_8_1763344785
8663040,1-Training-Losses/clipfrac,0.0,Pong1PCB2L336P__seed_8_1763344785
8667136,1-Training-Losses/clipfrac,0.0,Pong1PCB2L336P__seed_8_1763344785
8671232,1-Training-Losses/clipfrac,0.0,Pong1PCB2L336P__seed_8_1763344785
8675328,1-Training-Losses/clipfrac,0.0,Pong1PCB2L336P__seed_8_1763344785
8679424,1-Training-Losses/clipfrac,0.0,Pong1PCB2L336P__seed_8_1763344785
8683520,1-Training-Losses/clipfrac,0.0,Pong1PCB2L336P__seed_8_1763344785
8687616,1-Training-Losses/clipfrac,0.0,Pong1PCB2L336P__seed_8_1763344785
8691712,1-Training-Losses/clipfrac,0.0,Pong1PCB2L336P__seed_8_1763344785
8695808,1-Training-Losses/clipfrac,0.0,Pong1PCB2L336P__seed_8_1763344785
8699904,1-Training-Losses/clipfrac,0.0,Pong1PCB2L336P__seed_8_1763344785
8704000,1-Training-Losses/clipfrac,0.0,Pong1PCB2L336P__seed_8_1763344785
8708096,1-Training-Losses/clipfrac,0.0,Pong1PCB2L336P__seed_8_1763344785
8712192,1-Training-Losses/clipfrac,0.0,Pong1PCB2L336P__seed_8_1763344785
8716288,1-Training-Losses/clipfrac,0.0,Pong1PCB2L336P__seed_8_1763344785
8720384,1-Training-Losses/clipfrac,0.0,Pong1PCB2L336P__seed_8_1763344785
8724480,1-Training-Losses/clipfrac,0.0,Pong1PCB2L336P__seed_8_1763344785
8728576,1-Training-Losses/clipfrac,0.0,Pong1PCB2L336P__seed_8_1763344785
8732672,1-Training-Losses/clipfrac,0.0,Pong1PCB2L336P__seed_8_1763344785
8736768,1-Training-Losses/clipfrac,0.0,Pong1PCB2L336P__seed_8_1763344785
8740864,1-Training-Losses/clipfrac,0.0,Pong1PCB2L336P__seed_8_1763344785
8744960,1-Training-Losses/clipfrac,0.0,Pong1PCB2L336P__seed_8_1763344785
8749056,1-Training-Losses/clipfrac,0.0,Pong1PCB2L336P__seed_8_1763344785
8753152,1-Training-Losses/clipfrac,0.0,Pong1PCB2L336P__seed_8_1763344785
8757248,1-Training-Losses/clipfrac,0.0,Pong1PCB2L336P__seed_8_1763344785
8761344,1-Training-Losses/clipfrac,0.0,Pong1PCB2L336P__seed_8_1763344785
8765440,1-Training-Losses/clipfrac,0.0,Pong1PCB2L336P__seed_8_1763344785
8769536,1-Training-Losses/clipfrac,0.0,Pong1PCB2L336P__seed_8_1763344785
8773632,1-Training-Losses/clipfrac,0.0,Pong1PCB2L336P__seed_8_1763344785
8777728,1-Training-Losses/clipfrac,0.0,Pong1PCB2L336P__seed_8_1763344785
8781824,1-Training-Losses/clipfrac,0.0,Pong1PCB2L336P__seed_8_1763344785
8785920,1-Training-Losses/clipfrac,0.0,Pong1PCB2L336P__seed_8_1763344785
8790016,1-Training-Losses/clipfrac,0.0,Pong1PCB2L336P__seed_8_1763344785
8794112,1-Training-Losses/clipfrac,0.0,Pong1PCB2L336P__seed_8_1763344785
8798208,1-Training-Losses/clipfrac,0.0,Pong1PCB2L336P__seed_8_1763344785
8802304,1-Training-Losses/clipfrac,0.0,Pong1PCB2L336P__seed_8_1763344785
8806400,1-Training-Losses/clipfrac,0.0,Pong1PCB2L336P__seed_8_1763344785
8810496,1-Training-Losses/clipfrac,0.0,Pong1PCB2L336P__seed_8_1763344785
8814592,1-Training-Losses/clipfrac,0.0,Pong1PCB2L336P__seed_8_1763344785
8818688,1-Training-Losses/clipfrac,0.0,Pong1PCB2L336P__seed_8_1763344785
8822784,1-Training-Losses/clipfrac,0.0,Pong1PCB2L336P__seed_8_1763344785
8826880,1-Training-Losses/clipfrac,0.0,Pong1PCB2L336P__seed_8_1763344785
8830976,1-Training-Losses/clipfrac,0.0,Pong1PCB2L336P__seed_8_1763344785
8835072,1-Training-Losses/clipfrac,0.0,Pong1PCB2L336P__seed_8_1763344785
8839168,1-Training-Losses/clipfrac,0.0,Pong1PCB2L336P__seed_8_1763344785
8843264,1-Training-Losses/clipfrac,0.0,Pong1PCB2L336P__seed_8_1763344785
8847360,1-Training-Losses/clipfrac,0.0,Pong1PCB2L336P__seed_8_1763344785
8851456,1-Training-Losses/clipfrac,0.0,Pong1PCB2L336P__seed_8_1763344785
8855552,1-Training-Losses/clipfrac,0.0,Pong1PCB2L336P__seed_8_1763344785
8859648,1-Training-Losses/clipfrac,0.0,Pong1PCB2L336P__seed_8_1763344785
8863744,1-Training-Losses/clipfrac,0.0,Pong1PCB2L336P__seed_8_1763344785
8867840,1-Training-Losses/clipfrac,0.0,Pong1PCB2L336P__seed_8_1763344785
8871936,1-Training-Losses/clipfrac,0.0,Pong1PCB2L336P__seed_8_1763344785
8876032,1-Training-Losses/clipfrac,0.0,Pong1PCB2L336P__seed_8_1763344785
8880128,1-Training-Losses/clipfrac,0.0,Pong1PCB2L336P__seed_8_1763344785
8884224,1-Training-Losses/clipfrac,0.0,Pong1PCB2L336P__seed_8_1763344785
8888320,1-Training-Losses/clipfrac,0.0,Pong1PCB2L336P__seed_8_1763344785
8892416,1-Training-Losses/clipfrac,0.0,Pong1PCB2L336P__seed_8_1763344785
8896512,1-Training-Losses/clipfrac,0.0,Pong1PCB2L336P__seed_8_1763344785
8900608,1-Training-Losses/clipfrac,0.0,Pong1PCB2L336P__seed_8_1763344785
8904704,1-Training-Losses/clipfrac,0.0,Pong1PCB2L336P__seed_8_1763344785
8908800,1-Training-Losses/clipfrac,0.0,Pong1PCB2L336P__seed_8_1763344785
8912896,1-Training-Losses/clipfrac,0.0,Pong1PCB2L336P__seed_8_1763344785
8916992,1-Training-Losses/clipfrac,0.0,Pong1PCB2L336P__seed_8_1763344785
8921088,1-Training-Losses/clipfrac,0.0,Pong1PCB2L336P__seed_8_1763344785
8925184,1-Training-Losses/clipfrac,0.0,Pong1PCB2L336P__seed_8_1763344785
8929280,1-Training-Losses/clipfrac,0.0,Pong1PCB2L336P__seed_8_1763344785
8933376,1-Training-Losses/clipfrac,0.0,Pong1PCB2L336P__seed_8_1763344785
8937472,1-Training-Losses/clipfrac,0.0,Pong1PCB2L336P__seed_8_1763344785
8941568,1-Training-Losses/clipfrac,0.0,Pong1PCB2L336P__seed_8_1763344785
8945664,1-Training-Losses/clipfrac,0.0,Pong1PCB2L336P__seed_8_1763344785
8949760,1-Training-Losses/clipfrac,0.0,Pong1PCB2L336P__seed_8_1763344785
8953856,1-Training-Losses/clipfrac,0.0,Pong1PCB2L336P__seed_8_1763344785
8957952,1-Training-Losses/clipfrac,0.0,Pong1PCB2L336P__seed_8_1763344785
8962048,1-Training-Losses/clipfrac,0.0,Pong1PCB2L336P__seed_8_1763344785
8966144,1-Training-Losses/clipfrac,0.0,Pong1PCB2L336P__seed_8_1763344785
8970240,1-Training-Losses/clipfrac,0.0,Pong1PCB2L336P__seed_8_1763344785
8974336,1-Training-Losses/clipfrac,0.0,Pong1PCB2L336P__seed_8_1763344785
8978432,1-Training-Losses/clipfrac,0.0,Pong1PCB2L336P__seed_8_1763344785
8982528,1-Training-Losses/clipfrac,0.0,Pong1PCB2L336P__seed_8_1763344785
8986624,1-Training-Losses/clipfrac,0.0,Pong1PCB2L336P__seed_8_1763344785
8990720,1-Training-Losses/clipfrac,0.0,Pong1PCB2L336P__seed_8_1763344785
8994816,1-Training-Losses/clipfrac,0.0,Pong1PCB2L336P__seed_8_1763344785
8998912,1-Training-Losses/clipfrac,0.0,Pong1PCB2L336P__seed_8_1763344785
9003008,1-Training-Losses/clipfrac,0.0,Pong1PCB2L336P__seed_8_1763344785
9007104,1-Training-Losses/clipfrac,0.0,Pong1PCB2L336P__seed_8_1763344785
9011200,1-Training-Losses/clipfrac,0.0,Pong1PCB2L336P__seed_8_1763344785
9015296,1-Training-Losses/clipfrac,0.0,Pong1PCB2L336P__seed_8_1763344785
9019392,1-Training-Losses/clipfrac,0.0,Pong1PCB2L336P__seed_8_1763344785
9023488,1-Training-Losses/clipfrac,0.0,Pong1PCB2L336P__seed_8_1763344785
9027584,1-Training-Losses/clipfrac,0.0,Pong1PCB2L336P__seed_8_1763344785
9031680,1-Training-Losses/clipfrac,0.0,Pong1PCB2L336P__seed_8_1763344785
9035776,1-Training-Losses/clipfrac,0.0,Pong1PCB2L336P__seed_8_1763344785
9039872,1-Training-Losses/clipfrac,0.0,Pong1PCB2L336P__seed_8_1763344785
9043968,1-Training-Losses/clipfrac,0.0,Pong1PCB2L336P__seed_8_1763344785
9048064,1-Training-Losses/clipfrac,0.0,Pong1PCB2L336P__seed_8_1763344785
9052160,1-Training-Losses/clipfrac,0.0,Pong1PCB2L336P__seed_8_1763344785
9056256,1-Training-Losses/clipfrac,0.0,Pong1PCB2L336P__seed_8_1763344785
9060352,1-Training-Losses/clipfrac,0.0,Pong1PCB2L336P__seed_8_1763344785
9064448,1-Training-Losses/clipfrac,0.0,Pong1PCB2L336P__seed_8_1763344785
9068544,1-Training-Losses/clipfrac,0.0,Pong1PCB2L336P__seed_8_1763344785
9072640,1-Training-Losses/clipfrac,0.0,Pong1PCB2L336P__seed_8_1763344785
9076736,1-Training-Losses/clipfrac,0.0,Pong1PCB2L336P__seed_8_1763344785
9080832,1-Training-Losses/clipfrac,0.0,Pong1PCB2L336P__seed_8_1763344785
9084928,1-Training-Losses/clipfrac,0.0,Pong1PCB2L336P__seed_8_1763344785
9089024,1-Training-Losses/clipfrac,0.0,Pong1PCB2L336P__seed_8_1763344785
9093120,1-Training-Losses/clipfrac,0.0,Pong1PCB2L336P__seed_8_1763344785
9097216,1-Training-Losses/clipfrac,0.0,Pong1PCB2L336P__seed_8_1763344785
9101312,1-Training-Losses/clipfrac,0.0,Pong1PCB2L336P__seed_8_1763344785
9105408,1-Training-Losses/clipfrac,0.0,Pong1PCB2L336P__seed_8_1763344785
9109504,1-Training-Losses/clipfrac,0.0,Pong1PCB2L336P__seed_8_1763344785
9113600,1-Training-Losses/clipfrac,0.0,Pong1PCB2L336P__seed_8_1763344785
9117696,1-Training-Losses/clipfrac,0.0,Pong1PCB2L336P__seed_8_1763344785
9121792,1-Training-Losses/clipfrac,0.0,Pong1PCB2L336P__seed_8_1763344785
9125888,1-Training-Losses/clipfrac,0.0,Pong1PCB2L336P__seed_8_1763344785
9129984,1-Training-Losses/clipfrac,0.0,Pong1PCB2L336P__seed_8_1763344785
9134080,1-Training-Losses/clipfrac,0.0,Pong1PCB2L336P__seed_8_1763344785
9138176,1-Training-Losses/clipfrac,0.0,Pong1PCB2L336P__seed_8_1763344785
9142272,1-Training-Losses/clipfrac,0.0,Pong1PCB2L336P__seed_8_1763344785
9146368,1-Training-Losses/clipfrac,0.0,Pong1PCB2L336P__seed_8_1763344785
9150464,1-Training-Losses/clipfrac,0.0,Pong1PCB2L336P__seed_8_1763344785
9154560,1-Training-Losses/clipfrac,0.0,Pong1PCB2L336P__seed_8_1763344785
9158656,1-Training-Losses/clipfrac,0.0,Pong1PCB2L336P__seed_8_1763344785
9162752,1-Training-Losses/clipfrac,0.0,Pong1PCB2L336P__seed_8_1763344785
9166848,1-Training-Losses/clipfrac,0.0,Pong1PCB2L336P__seed_8_1763344785
9170944,1-Training-Losses/clipfrac,0.0,Pong1PCB2L336P__seed_8_1763344785
9175040,1-Training-Losses/clipfrac,0.0,Pong1PCB2L336P__seed_8_1763344785
9179136,1-Training-Losses/clipfrac,0.0,Pong1PCB2L336P__seed_8_1763344785
9183232,1-Training-Losses/clipfrac,0.0,Pong1PCB2L336P__seed_8_1763344785
9187328,1-Training-Losses/clipfrac,0.0,Pong1PCB2L336P__seed_8_1763344785
9191424,1-Training-Losses/clipfrac,0.0,Pong1PCB2L336P__seed_8_1763344785
9195520,1-Training-Losses/clipfrac,0.0,Pong1PCB2L336P__seed_8_1763344785
9199616,1-Training-Losses/clipfrac,0.0,Pong1PCB2L336P__seed_8_1763344785
9203712,1-Training-Losses/clipfrac,0.0,Pong1PCB2L336P__seed_8_1763344785
9207808,1-Training-Losses/clipfrac,0.0,Pong1PCB2L336P__seed_8_1763344785
9211904,1-Training-Losses/clipfrac,0.0,Pong1PCB2L336P__seed_8_1763344785
9216000,1-Training-Losses/clipfrac,0.0,Pong1PCB2L336P__seed_8_1763344785
9220096,1-Training-Losses/clipfrac,0.0,Pong1PCB2L336P__seed_8_1763344785
9224192,1-Training-Losses/clipfrac,0.0,Pong1PCB2L336P__seed_8_1763344785
9228288,1-Training-Losses/clipfrac,0.0,Pong1PCB2L336P__seed_8_1763344785
9232384,1-Training-Losses/clipfrac,0.0,Pong1PCB2L336P__seed_8_1763344785
9236480,1-Training-Losses/clipfrac,0.0,Pong1PCB2L336P__seed_8_1763344785
9240576,1-Training-Losses/clipfrac,0.0,Pong1PCB2L336P__seed_8_1763344785
9244672,1-Training-Losses/clipfrac,0.0,Pong1PCB2L336P__seed_8_1763344785
9248768,1-Training-Losses/clipfrac,0.0,Pong1PCB2L336P__seed_8_1763344785
9252864,1-Training-Losses/clipfrac,0.0,Pong1PCB2L336P__seed_8_1763344785
9256960,1-Training-Losses/clipfrac,0.0,Pong1PCB2L336P__seed_8_1763344785
9261056,1-Training-Losses/clipfrac,0.0,Pong1PCB2L336P__seed_8_1763344785
9265152,1-Training-Losses/clipfrac,0.0,Pong1PCB2L336P__seed_8_1763344785
9269248,1-Training-Losses/clipfrac,0.0,Pong1PCB2L336P__seed_8_1763344785
9273344,1-Training-Losses/clipfrac,0.0,Pong1PCB2L336P__seed_8_1763344785
9277440,1-Training-Losses/clipfrac,0.0,Pong1PCB2L336P__seed_8_1763344785
9281536,1-Training-Losses/clipfrac,0.0,Pong1PCB2L336P__seed_8_1763344785
9285632,1-Training-Losses/clipfrac,0.0,Pong1PCB2L336P__seed_8_1763344785
9289728,1-Training-Losses/clipfrac,0.0,Pong1PCB2L336P__seed_8_1763344785
9293824,1-Training-Losses/clipfrac,0.0,Pong1PCB2L336P__seed_8_1763344785
9297920,1-Training-Losses/clipfrac,0.0,Pong1PCB2L336P__seed_8_1763344785
9302016,1-Training-Losses/clipfrac,0.0,Pong1PCB2L336P__seed_8_1763344785
9306112,1-Training-Losses/clipfrac,0.0,Pong1PCB2L336P__seed_8_1763344785
9310208,1-Training-Losses/clipfrac,0.0,Pong1PCB2L336P__seed_8_1763344785
9314304,1-Training-Losses/clipfrac,0.0,Pong1PCB2L336P__seed_8_1763344785
9318400,1-Training-Losses/clipfrac,0.0,Pong1PCB2L336P__seed_8_1763344785
9322496,1-Training-Losses/clipfrac,0.0,Pong1PCB2L336P__seed_8_1763344785
9326592,1-Training-Losses/clipfrac,0.0,Pong1PCB2L336P__seed_8_1763344785
9330688,1-Training-Losses/clipfrac,0.0,Pong1PCB2L336P__seed_8_1763344785
9334784,1-Training-Losses/clipfrac,0.0,Pong1PCB2L336P__seed_8_1763344785
9338880,1-Training-Losses/clipfrac,0.0,Pong1PCB2L336P__seed_8_1763344785
9342976,1-Training-Losses/clipfrac,0.0,Pong1PCB2L336P__seed_8_1763344785
9347072,1-Training-Losses/clipfrac,0.0,Pong1PCB2L336P__seed_8_1763344785
9351168,1-Training-Losses/clipfrac,0.0,Pong1PCB2L336P__seed_8_1763344785
9355264,1-Training-Losses/clipfrac,0.0,Pong1PCB2L336P__seed_8_1763344785
9359360,1-Training-Losses/clipfrac,0.0,Pong1PCB2L336P__seed_8_1763344785
9363456,1-Training-Losses/clipfrac,0.0,Pong1PCB2L336P__seed_8_1763344785
9367552,1-Training-Losses/clipfrac,0.0,Pong1PCB2L336P__seed_8_1763344785
9371648,1-Training-Losses/clipfrac,0.0,Pong1PCB2L336P__seed_8_1763344785
9375744,1-Training-Losses/clipfrac,0.0,Pong1PCB2L336P__seed_8_1763344785
9379840,1-Training-Losses/clipfrac,0.0,Pong1PCB2L336P__seed_8_1763344785
9383936,1-Training-Losses/clipfrac,0.0,Pong1PCB2L336P__seed_8_1763344785
9388032,1-Training-Losses/clipfrac,0.0,Pong1PCB2L336P__seed_8_1763344785
9392128,1-Training-Losses/clipfrac,0.0,Pong1PCB2L336P__seed_8_1763344785
9396224,1-Training-Losses/clipfrac,0.0,Pong1PCB2L336P__seed_8_1763344785
9400320,1-Training-Losses/clipfrac,0.0,Pong1PCB2L336P__seed_8_1763344785
9404416,1-Training-Losses/clipfrac,0.0,Pong1PCB2L336P__seed_8_1763344785
9408512,1-Training-Losses/clipfrac,0.0,Pong1PCB2L336P__seed_8_1763344785
9412608,1-Training-Losses/clipfrac,0.0,Pong1PCB2L336P__seed_8_1763344785
9416704,1-Training-Losses/clipfrac,0.0,Pong1PCB2L336P__seed_8_1763344785
9420800,1-Training-Losses/clipfrac,0.0,Pong1PCB2L336P__seed_8_1763344785
9424896,1-Training-Losses/clipfrac,0.0,Pong1PCB2L336P__seed_8_1763344785
9428992,1-Training-Losses/clipfrac,0.0,Pong1PCB2L336P__seed_8_1763344785
9433088,1-Training-Losses/clipfrac,0.0,Pong1PCB2L336P__seed_8_1763344785
9437184,1-Training-Losses/clipfrac,0.0,Pong1PCB2L336P__seed_8_1763344785
9441280,1-Training-Losses/clipfrac,0.0,Pong1PCB2L336P__seed_8_1763344785
9445376,1-Training-Losses/clipfrac,0.0,Pong1PCB2L336P__seed_8_1763344785
9449472,1-Training-Losses/clipfrac,0.0,Pong1PCB2L336P__seed_8_1763344785
9453568,1-Training-Losses/clipfrac,0.0,Pong1PCB2L336P__seed_8_1763344785
9457664,1-Training-Losses/clipfrac,0.0,Pong1PCB2L336P__seed_8_1763344785
9461760,1-Training-Losses/clipfrac,0.0,Pong1PCB2L336P__seed_8_1763344785
9465856,1-Training-Losses/clipfrac,0.0,Pong1PCB2L336P__seed_8_1763344785
9469952,1-Training-Losses/clipfrac,0.0,Pong1PCB2L336P__seed_8_1763344785
9474048,1-Training-Losses/clipfrac,0.0,Pong1PCB2L336P__seed_8_1763344785
9478144,1-Training-Losses/clipfrac,0.0,Pong1PCB2L336P__seed_8_1763344785
9482240,1-Training-Losses/clipfrac,0.0,Pong1PCB2L336P__seed_8_1763344785
9486336,1-Training-Losses/clipfrac,0.0,Pong1PCB2L336P__seed_8_1763344785
9490432,1-Training-Losses/clipfrac,0.0,Pong1PCB2L336P__seed_8_1763344785
9494528,1-Training-Losses/clipfrac,0.0,Pong1PCB2L336P__seed_8_1763344785
9498624,1-Training-Losses/clipfrac,0.0,Pong1PCB2L336P__seed_8_1763344785
9502720,1-Training-Losses/clipfrac,0.0,Pong1PCB2L336P__seed_8_1763344785
9506816,1-Training-Losses/clipfrac,0.0,Pong1PCB2L336P__seed_8_1763344785
9510912,1-Training-Losses/clipfrac,0.0,Pong1PCB2L336P__seed_8_1763344785
9515008,1-Training-Losses/clipfrac,0.0,Pong1PCB2L336P__seed_8_1763344785
9519104,1-Training-Losses/clipfrac,0.0,Pong1PCB2L336P__seed_8_1763344785
9523200,1-Training-Losses/clipfrac,0.0,Pong1PCB2L336P__seed_8_1763344785
9527296,1-Training-Losses/clipfrac,0.0,Pong1PCB2L336P__seed_8_1763344785
9531392,1-Training-Losses/clipfrac,0.0,Pong1PCB2L336P__seed_8_1763344785
9535488,1-Training-Losses/clipfrac,0.0,Pong1PCB2L336P__seed_8_1763344785
9539584,1-Training-Losses/clipfrac,0.0,Pong1PCB2L336P__seed_8_1763344785
9543680,1-Training-Losses/clipfrac,0.0,Pong1PCB2L336P__seed_8_1763344785
9547776,1-Training-Losses/clipfrac,0.0,Pong1PCB2L336P__seed_8_1763344785
9551872,1-Training-Losses/clipfrac,0.0,Pong1PCB2L336P__seed_8_1763344785
9555968,1-Training-Losses/clipfrac,0.0,Pong1PCB2L336P__seed_8_1763344785
9560064,1-Training-Losses/clipfrac,0.0,Pong1PCB2L336P__seed_8_1763344785
9564160,1-Training-Losses/clipfrac,0.0,Pong1PCB2L336P__seed_8_1763344785
9568256,1-Training-Losses/clipfrac,0.0,Pong1PCB2L336P__seed_8_1763344785
9572352,1-Training-Losses/clipfrac,0.0,Pong1PCB2L336P__seed_8_1763344785
9576448,1-Training-Losses/clipfrac,0.0,Pong1PCB2L336P__seed_8_1763344785
9580544,1-Training-Losses/clipfrac,0.0,Pong1PCB2L336P__seed_8_1763344785
9584640,1-Training-Losses/clipfrac,0.0,Pong1PCB2L336P__seed_8_1763344785
9588736,1-Training-Losses/clipfrac,0.0,Pong1PCB2L336P__seed_8_1763344785
9592832,1-Training-Losses/clipfrac,0.0,Pong1PCB2L336P__seed_8_1763344785
9596928,1-Training-Losses/clipfrac,0.0,Pong1PCB2L336P__seed_8_1763344785
9601024,1-Training-Losses/clipfrac,0.0,Pong1PCB2L336P__seed_8_1763344785
9605120,1-Training-Losses/clipfrac,0.0,Pong1PCB2L336P__seed_8_1763344785
9609216,1-Training-Losses/clipfrac,0.0,Pong1PCB2L336P__seed_8_1763344785
9613312,1-Training-Losses/clipfrac,0.0,Pong1PCB2L336P__seed_8_1763344785
9617408,1-Training-Losses/clipfrac,0.0,Pong1PCB2L336P__seed_8_1763344785
9621504,1-Training-Losses/clipfrac,0.0,Pong1PCB2L336P__seed_8_1763344785
9625600,1-Training-Losses/clipfrac,0.0,Pong1PCB2L336P__seed_8_1763344785
9629696,1-Training-Losses/clipfrac,0.0,Pong1PCB2L336P__seed_8_1763344785
9633792,1-Training-Losses/clipfrac,0.0,Pong1PCB2L336P__seed_8_1763344785
9637888,1-Training-Losses/clipfrac,0.0,Pong1PCB2L336P__seed_8_1763344785
9641984,1-Training-Losses/clipfrac,0.0,Pong1PCB2L336P__seed_8_1763344785
9646080,1-Training-Losses/clipfrac,0.0,Pong1PCB2L336P__seed_8_1763344785
9650176,1-Training-Losses/clipfrac,0.0,Pong1PCB2L336P__seed_8_1763344785
9654272,1-Training-Losses/clipfrac,0.0,Pong1PCB2L336P__seed_8_1763344785
9658368,1-Training-Losses/clipfrac,0.0,Pong1PCB2L336P__seed_8_1763344785
9662464,1-Training-Losses/clipfrac,0.0,Pong1PCB2L336P__seed_8_1763344785
9666560,1-Training-Losses/clipfrac,0.0,Pong1PCB2L336P__seed_8_1763344785
9670656,1-Training-Losses/clipfrac,0.0,Pong1PCB2L336P__seed_8_1763344785
9674752,1-Training-Losses/clipfrac,0.0,Pong1PCB2L336P__seed_8_1763344785
9678848,1-Training-Losses/clipfrac,0.0,Pong1PCB2L336P__seed_8_1763344785
9682944,1-Training-Losses/clipfrac,0.0,Pong1PCB2L336P__seed_8_1763344785
9687040,1-Training-Losses/clipfrac,0.0,Pong1PCB2L336P__seed_8_1763344785
9691136,1-Training-Losses/clipfrac,0.0,Pong1PCB2L336P__seed_8_1763344785
9695232,1-Training-Losses/clipfrac,0.0,Pong1PCB2L336P__seed_8_1763344785
9699328,1-Training-Losses/clipfrac,0.0,Pong1PCB2L336P__seed_8_1763344785
9703424,1-Training-Losses/clipfrac,0.0,Pong1PCB2L336P__seed_8_1763344785
9707520,1-Training-Losses/clipfrac,0.0,Pong1PCB2L336P__seed_8_1763344785
9711616,1-Training-Losses/clipfrac,0.0,Pong1PCB2L336P__seed_8_1763344785
9715712,1-Training-Losses/clipfrac,0.0,Pong1PCB2L336P__seed_8_1763344785
9719808,1-Training-Losses/clipfrac,0.0,Pong1PCB2L336P__seed_8_1763344785
9723904,1-Training-Losses/clipfrac,0.0,Pong1PCB2L336P__seed_8_1763344785
9728000,1-Training-Losses/clipfrac,0.0,Pong1PCB2L336P__seed_8_1763344785
9732096,1-Training-Losses/clipfrac,0.0,Pong1PCB2L336P__seed_8_1763344785
9736192,1-Training-Losses/clipfrac,0.0,Pong1PCB2L336P__seed_8_1763344785
9740288,1-Training-Losses/clipfrac,0.0,Pong1PCB2L336P__seed_8_1763344785
9744384,1-Training-Losses/clipfrac,0.0,Pong1PCB2L336P__seed_8_1763344785
9748480,1-Training-Losses/clipfrac,0.0,Pong1PCB2L336P__seed_8_1763344785
9752576,1-Training-Losses/clipfrac,0.0,Pong1PCB2L336P__seed_8_1763344785
9756672,1-Training-Losses/clipfrac,0.0,Pong1PCB2L336P__seed_8_1763344785
9760768,1-Training-Losses/clipfrac,0.0,Pong1PCB2L336P__seed_8_1763344785
9764864,1-Training-Losses/clipfrac,0.0,Pong1PCB2L336P__seed_8_1763344785
9768960,1-Training-Losses/clipfrac,0.0,Pong1PCB2L336P__seed_8_1763344785
9773056,1-Training-Losses/clipfrac,0.0,Pong1PCB2L336P__seed_8_1763344785
9777152,1-Training-Losses/clipfrac,0.0,Pong1PCB2L336P__seed_8_1763344785
9781248,1-Training-Losses/clipfrac,0.0,Pong1PCB2L336P__seed_8_1763344785
9785344,1-Training-Losses/clipfrac,0.0,Pong1PCB2L336P__seed_8_1763344785
9789440,1-Training-Losses/clipfrac,0.0,Pong1PCB2L336P__seed_8_1763344785
9793536,1-Training-Losses/clipfrac,0.0,Pong1PCB2L336P__seed_8_1763344785
9797632,1-Training-Losses/clipfrac,0.0,Pong1PCB2L336P__seed_8_1763344785
9801728,1-Training-Losses/clipfrac,0.0,Pong1PCB2L336P__seed_8_1763344785
9805824,1-Training-Losses/clipfrac,0.0,Pong1PCB2L336P__seed_8_1763344785
9809920,1-Training-Losses/clipfrac,0.0,Pong1PCB2L336P__seed_8_1763344785
9814016,1-Training-Losses/clipfrac,0.0,Pong1PCB2L336P__seed_8_1763344785
9818112,1-Training-Losses/clipfrac,0.0,Pong1PCB2L336P__seed_8_1763344785
9822208,1-Training-Losses/clipfrac,0.0,Pong1PCB2L336P__seed_8_1763344785
9826304,1-Training-Losses/clipfrac,0.0,Pong1PCB2L336P__seed_8_1763344785
9830400,1-Training-Losses/clipfrac,0.0,Pong1PCB2L336P__seed_8_1763344785
9834496,1-Training-Losses/clipfrac,0.0,Pong1PCB2L336P__seed_8_1763344785
9838592,1-Training-Losses/clipfrac,0.0,Pong1PCB2L336P__seed_8_1763344785
9842688,1-Training-Losses/clipfrac,0.0,Pong1PCB2L336P__seed_8_1763344785
9846784,1-Training-Losses/clipfrac,0.0,Pong1PCB2L336P__seed_8_1763344785
9850880,1-Training-Losses/clipfrac,0.0,Pong1PCB2L336P__seed_8_1763344785
9854976,1-Training-Losses/clipfrac,0.0,Pong1PCB2L336P__seed_8_1763344785
9859072,1-Training-Losses/clipfrac,0.0,Pong1PCB2L336P__seed_8_1763344785
9863168,1-Training-Losses/clipfrac,0.0,Pong1PCB2L336P__seed_8_1763344785
9867264,1-Training-Losses/clipfrac,0.0,Pong1PCB2L336P__seed_8_1763344785
9871360,1-Training-Losses/clipfrac,0.0,Pong1PCB2L336P__seed_8_1763344785
9875456,1-Training-Losses/clipfrac,0.0,Pong1PCB2L336P__seed_8_1763344785
9879552,1-Training-Losses/clipfrac,0.0,Pong1PCB2L336P__seed_8_1763344785
9883648,1-Training-Losses/clipfrac,0.0,Pong1PCB2L336P__seed_8_1763344785
9887744,1-Training-Losses/clipfrac,0.0,Pong1PCB2L336P__seed_8_1763344785
9891840,1-Training-Losses/clipfrac,0.0,Pong1PCB2L336P__seed_8_1763344785
9895936,1-Training-Losses/clipfrac,0.0,Pong1PCB2L336P__seed_8_1763344785
9900032,1-Training-Losses/clipfrac,0.0,Pong1PCB2L336P__seed_8_1763344785
9904128,1-Training-Losses/clipfrac,0.0,Pong1PCB2L336P__seed_8_1763344785
9908224,1-Training-Losses/clipfrac,0.0,Pong1PCB2L336P__seed_8_1763344785
9912320,1-Training-Losses/clipfrac,0.0,Pong1PCB2L336P__seed_8_1763344785
9916416,1-Training-Losses/clipfrac,0.0,Pong1PCB2L336P__seed_8_1763344785
9920512,1-Training-Losses/clipfrac,0.0,Pong1PCB2L336P__seed_8_1763344785
9924608,1-Training-Losses/clipfrac,0.0,Pong1PCB2L336P__seed_8_1763344785
9928704,1-Training-Losses/clipfrac,0.0,Pong1PCB2L336P__seed_8_1763344785
9932800,1-Training-Losses/clipfrac,0.0,Pong1PCB2L336P__seed_8_1763344785
9936896,1-Training-Losses/clipfrac,0.0,Pong1PCB2L336P__seed_8_1763344785
9940992,1-Training-Losses/clipfrac,0.0,Pong1PCB2L336P__seed_8_1763344785
9945088,1-Training-Losses/clipfrac,0.0,Pong1PCB2L336P__seed_8_1763344785
9949184,1-Training-Losses/clipfrac,0.0,Pong1PCB2L336P__seed_8_1763344785
9953280,1-Training-Losses/clipfrac,0.0,Pong1PCB2L336P__seed_8_1763344785
9957376,1-Training-Losses/clipfrac,0.0,Pong1PCB2L336P__seed_8_1763344785
9961472,1-Training-Losses/clipfrac,0.0,Pong1PCB2L336P__seed_8_1763344785
9965568,1-Training-Losses/clipfrac,0.0,Pong1PCB2L336P__seed_8_1763344785
9969664,1-Training-Losses/clipfrac,0.0,Pong1PCB2L336P__seed_8_1763344785
9973760,1-Training-Losses/clipfrac,0.0,Pong1PCB2L336P__seed_8_1763344785
9977856,1-Training-Losses/clipfrac,0.0,Pong1PCB2L336P__seed_8_1763344785
9981952,1-Training-Losses/clipfrac,0.0,Pong1PCB2L336P__seed_8_1763344785
9986048,1-Training-Losses/clipfrac,0.0,Pong1PCB2L336P__seed_8_1763344785
9990144,1-Training-Losses/clipfrac,0.0,Pong1PCB2L336P__seed_8_1763344785
9994240,1-Training-Losses/clipfrac,0.0,Pong1PCB2L336P__seed_8_1763344785
9998336,1-Training-Losses/clipfrac,0.0,Pong1PCB2L336P__seed_8_1763344785
4096,1-Training-Losses/entropy,1.0968575477600098,Pong1PCB2L336P__seed_8_1763344785
8192,1-Training-Losses/entropy,1.0967681407928467,Pong1PCB2L336P__seed_8_1763344785
12288,1-Training-Losses/entropy,1.0964148044586182,Pong1PCB2L336P__seed_8_1763344785
16384,1-Training-Losses/entropy,1.0957181453704834,Pong1PCB2L336P__seed_8_1763344785
20480,1-Training-Losses/entropy,1.0950825214385986,Pong1PCB2L336P__seed_8_1763344785
24576,1-Training-Losses/entropy,1.0946518182754517,Pong1PCB2L336P__seed_8_1763344785
28672,1-Training-Losses/entropy,1.0943706035614014,Pong1PCB2L336P__seed_8_1763344785
32768,1-Training-Losses/entropy,1.09441339969635,Pong1PCB2L336P__seed_8_1763344785
36864,1-Training-Losses/entropy,1.0946173667907715,Pong1PCB2L336P__seed_8_1763344785
40960,1-Training-Losses/entropy,1.0950545072555542,Pong1PCB2L336P__seed_8_1763344785
45056,1-Training-Losses/entropy,1.0955681800842285,Pong1PCB2L336P__seed_8_1763344785
49152,1-Training-Losses/entropy,1.0962127447128296,Pong1PCB2L336P__seed_8_1763344785
53248,1-Training-Losses/entropy,1.0964546203613281,Pong1PCB2L336P__seed_8_1763344785
57344,1-Training-Losses/entropy,1.0962417125701904,Pong1PCB2L336P__seed_8_1763344785
61440,1-Training-Losses/entropy,1.0958322286605835,Pong1PCB2L336P__seed_8_1763344785
65536,1-Training-Losses/entropy,1.095348596572876,Pong1PCB2L336P__seed_8_1763344785
69632,1-Training-Losses/entropy,1.094610333442688,Pong1PCB2L336P__seed_8_1763344785
73728,1-Training-Losses/entropy,1.0938644409179688,Pong1PCB2L336P__seed_8_1763344785
77824,1-Training-Losses/entropy,1.0933454036712646,Pong1PCB2L336P__seed_8_1763344785
81920,1-Training-Losses/entropy,1.0930423736572266,Pong1PCB2L336P__seed_8_1763344785
86016,1-Training-Losses/entropy,1.093125820159912,Pong1PCB2L336P__seed_8_1763344785
90112,1-Training-Losses/entropy,1.0932403802871704,Pong1PCB2L336P__seed_8_1763344785
94208,1-Training-Losses/entropy,1.0931291580200195,Pong1PCB2L336P__seed_8_1763344785
98304,1-Training-Losses/entropy,1.0928544998168945,Pong1PCB2L336P__seed_8_1763344785
102400,1-Training-Losses/entropy,1.0920953750610352,Pong1PCB2L336P__seed_8_1763344785
106496,1-Training-Losses/entropy,1.0914877653121948,Pong1PCB2L336P__seed_8_1763344785
110592,1-Training-Losses/entropy,1.0903689861297607,Pong1PCB2L336P__seed_8_1763344785
114688,1-Training-Losses/entropy,1.0899726152420044,Pong1PCB2L336P__seed_8_1763344785
118784,1-Training-Losses/entropy,1.089017391204834,Pong1PCB2L336P__seed_8_1763344785
122880,1-Training-Losses/entropy,1.0884454250335693,Pong1PCB2L336P__seed_8_1763344785
126976,1-Training-Losses/entropy,1.0880563259124756,Pong1PCB2L336P__seed_8_1763344785
131072,1-Training-Losses/entropy,1.0889334678649902,Pong1PCB2L336P__seed_8_1763344785
135168,1-Training-Losses/entropy,1.0905513763427734,Pong1PCB2L336P__seed_8_1763344785
139264,1-Training-Losses/entropy,1.0915369987487793,Pong1PCB2L336P__seed_8_1763344785
143360,1-Training-Losses/entropy,1.092362403869629,Pong1PCB2L336P__seed_8_1763344785
147456,1-Training-Losses/entropy,1.0928096771240234,Pong1PCB2L336P__seed_8_1763344785
151552,1-Training-Losses/entropy,1.0932207107543945,Pong1PCB2L336P__seed_8_1763344785
155648,1-Training-Losses/entropy,1.0931752920150757,Pong1PCB2L336P__seed_8_1763344785
159744,1-Training-Losses/entropy,1.092907190322876,Pong1PCB2L336P__seed_8_1763344785
163840,1-Training-Losses/entropy,1.092796802520752,Pong1PCB2L336P__seed_8_1763344785
167936,1-Training-Losses/entropy,1.0919886827468872,Pong1PCB2L336P__seed_8_1763344785
172032,1-Training-Losses/entropy,1.090649962425232,Pong1PCB2L336P__seed_8_1763344785
176128,1-Training-Losses/entropy,1.0900026559829712,Pong1PCB2L336P__seed_8_1763344785
180224,1-Training-Losses/entropy,1.089286208152771,Pong1PCB2L336P__seed_8_1763344785
184320,1-Training-Losses/entropy,1.0891847610473633,Pong1PCB2L336P__seed_8_1763344785
188416,1-Training-Losses/entropy,1.0895851850509644,Pong1PCB2L336P__seed_8_1763344785
192512,1-Training-Losses/entropy,1.0901379585266113,Pong1PCB2L336P__seed_8_1763344785
196608,1-Training-Losses/entropy,1.0911271572113037,Pong1PCB2L336P__seed_8_1763344785
200704,1-Training-Losses/entropy,1.0916156768798828,Pong1PCB2L336P__seed_8_1763344785
204800,1-Training-Losses/entropy,1.0912017822265625,Pong1PCB2L336P__seed_8_1763344785
208896,1-Training-Losses/entropy,1.0907012224197388,Pong1PCB2L336P__seed_8_1763344785
212992,1-Training-Losses/entropy,1.0899481773376465,Pong1PCB2L336P__seed_8_1763344785
217088,1-Training-Losses/entropy,1.0902000665664673,Pong1PCB2L336P__seed_8_1763344785
221184,1-Training-Losses/entropy,1.0895127058029175,Pong1PCB2L336P__seed_8_1763344785
225280,1-Training-Losses/entropy,1.0895614624023438,Pong1PCB2L336P__seed_8_1763344785
229376,1-Training-Losses/entropy,1.090641975402832,Pong1PCB2L336P__seed_8_1763344785
233472,1-Training-Losses/entropy,1.0918121337890625,Pong1PCB2L336P__seed_8_1763344785
237568,1-Training-Losses/entropy,1.092883586883545,Pong1PCB2L336P__seed_8_1763344785
241664,1-Training-Losses/entropy,1.0929995775222778,Pong1PCB2L336P__seed_8_1763344785
245760,1-Training-Losses/entropy,1.092564344406128,Pong1PCB2L336P__seed_8_1763344785
249856,1-Training-Losses/entropy,1.092726230621338,Pong1PCB2L336P__seed_8_1763344785
253952,1-Training-Losses/entropy,1.092987060546875,Pong1PCB2L336P__seed_8_1763344785
258048,1-Training-Losses/entropy,1.0929933786392212,Pong1PCB2L336P__seed_8_1763344785
262144,1-Training-Losses/entropy,1.0933504104614258,Pong1PCB2L336P__seed_8_1763344785
266240,1-Training-Losses/entropy,1.0936048030853271,Pong1PCB2L336P__seed_8_1763344785
270336,1-Training-Losses/entropy,1.0936713218688965,Pong1PCB2L336P__seed_8_1763344785
274432,1-Training-Losses/entropy,1.0942734479904175,Pong1PCB2L336P__seed_8_1763344785
278528,1-Training-Losses/entropy,1.0945367813110352,Pong1PCB2L336P__seed_8_1763344785
282624,1-Training-Losses/entropy,1.0948841571807861,Pong1PCB2L336P__seed_8_1763344785
286720,1-Training-Losses/entropy,1.0950450897216797,Pong1PCB2L336P__seed_8_1763344785
290816,1-Training-Losses/entropy,1.0950134992599487,Pong1PCB2L336P__seed_8_1763344785
294912,1-Training-Losses/entropy,1.0949923992156982,Pong1PCB2L336P__seed_8_1763344785
299008,1-Training-Losses/entropy,1.0953788757324219,Pong1PCB2L336P__seed_8_1763344785
303104,1-Training-Losses/entropy,1.0960787534713745,Pong1PCB2L336P__seed_8_1763344785
307200,1-Training-Losses/entropy,1.0964908599853516,Pong1PCB2L336P__seed_8_1763344785
311296,1-Training-Losses/entropy,1.096781849861145,Pong1PCB2L336P__seed_8_1763344785
315392,1-Training-Losses/entropy,1.096817970275879,Pong1PCB2L336P__seed_8_1763344785
319488,1-Training-Losses/entropy,1.0970616340637207,Pong1PCB2L336P__seed_8_1763344785
323584,1-Training-Losses/entropy,1.0971837043762207,Pong1PCB2L336P__seed_8_1763344785
327680,1-Training-Losses/entropy,1.0972193479537964,Pong1PCB2L336P__seed_8_1763344785
331776,1-Training-Losses/entropy,1.0972096920013428,Pong1PCB2L336P__seed_8_1763344785
335872,1-Training-Losses/entropy,1.0970797538757324,Pong1PCB2L336P__seed_8_1763344785
339968,1-Training-Losses/entropy,1.096540927886963,Pong1PCB2L336P__seed_8_1763344785
344064,1-Training-Losses/entropy,1.0959442853927612,Pong1PCB2L336P__seed_8_1763344785
348160,1-Training-Losses/entropy,1.0954465866088867,Pong1PCB2L336P__seed_8_1763344785
352256,1-Training-Losses/entropy,1.0953644514083862,Pong1PCB2L336P__seed_8_1763344785
356352,1-Training-Losses/entropy,1.0953491926193237,Pong1PCB2L336P__seed_8_1763344785
360448,1-Training-Losses/entropy,1.0953459739685059,Pong1PCB2L336P__seed_8_1763344785
364544,1-Training-Losses/entropy,1.095131516456604,Pong1PCB2L336P__seed_8_1763344785
368640,1-Training-Losses/entropy,1.094974160194397,Pong1PCB2L336P__seed_8_1763344785
372736,1-Training-Losses/entropy,1.0953209400177002,Pong1PCB2L336P__seed_8_1763344785
376832,1-Training-Losses/entropy,1.0953433513641357,Pong1PCB2L336P__seed_8_1763344785
380928,1-Training-Losses/entropy,1.0959720611572266,Pong1PCB2L336P__seed_8_1763344785
385024,1-Training-Losses/entropy,1.0967602729797363,Pong1PCB2L336P__seed_8_1763344785
389120,1-Training-Losses/entropy,1.097265601158142,Pong1PCB2L336P__seed_8_1763344785
393216,1-Training-Losses/entropy,1.0973538160324097,Pong1PCB2L336P__seed_8_1763344785
397312,1-Training-Losses/entropy,1.0974068641662598,Pong1PCB2L336P__seed_8_1763344785
401408,1-Training-Losses/entropy,1.0972102880477905,Pong1PCB2L336P__seed_8_1763344785
405504,1-Training-Losses/entropy,1.096911072731018,Pong1PCB2L336P__seed_8_1763344785
409600,1-Training-Losses/entropy,1.0967292785644531,Pong1PCB2L336P__seed_8_1763344785
413696,1-Training-Losses/entropy,1.0969560146331787,Pong1PCB2L336P__seed_8_1763344785
417792,1-Training-Losses/entropy,1.0971441268920898,Pong1PCB2L336P__seed_8_1763344785
421888,1-Training-Losses/entropy,1.0971965789794922,Pong1PCB2L336P__seed_8_1763344785
425984,1-Training-Losses/entropy,1.0971384048461914,Pong1PCB2L336P__seed_8_1763344785
430080,1-Training-Losses/entropy,1.097261905670166,Pong1PCB2L336P__seed_8_1763344785
434176,1-Training-Losses/entropy,1.0975391864776611,Pong1PCB2L336P__seed_8_1763344785
438272,1-Training-Losses/entropy,1.0976475477218628,Pong1PCB2L336P__seed_8_1763344785
442368,1-Training-Losses/entropy,1.0975768566131592,Pong1PCB2L336P__seed_8_1763344785
446464,1-Training-Losses/entropy,1.097644567489624,Pong1PCB2L336P__seed_8_1763344785
450560,1-Training-Losses/entropy,1.0977145433425903,Pong1PCB2L336P__seed_8_1763344785
454656,1-Training-Losses/entropy,1.0977675914764404,Pong1PCB2L336P__seed_8_1763344785
458752,1-Training-Losses/entropy,1.09779691696167,Pong1PCB2L336P__seed_8_1763344785
462848,1-Training-Losses/entropy,1.0978829860687256,Pong1PCB2L336P__seed_8_1763344785
466944,1-Training-Losses/entropy,1.0979642868041992,Pong1PCB2L336P__seed_8_1763344785
471040,1-Training-Losses/entropy,1.0979812145233154,Pong1PCB2L336P__seed_8_1763344785
475136,1-Training-Losses/entropy,1.0978693962097168,Pong1PCB2L336P__seed_8_1763344785
479232,1-Training-Losses/entropy,1.0975691080093384,Pong1PCB2L336P__seed_8_1763344785
483328,1-Training-Losses/entropy,1.09706711769104,Pong1PCB2L336P__seed_8_1763344785
487424,1-Training-Losses/entropy,1.096662163734436,Pong1PCB2L336P__seed_8_1763344785
491520,1-Training-Losses/entropy,1.0961322784423828,Pong1PCB2L336P__seed_8_1763344785
495616,1-Training-Losses/entropy,1.0951290130615234,Pong1PCB2L336P__seed_8_1763344785
499712,1-Training-Losses/entropy,1.0946301221847534,Pong1PCB2L336P__seed_8_1763344785
503808,1-Training-Losses/entropy,1.0940321683883667,Pong1PCB2L336P__seed_8_1763344785
507904,1-Training-Losses/entropy,1.0938984155654907,Pong1PCB2L336P__seed_8_1763344785
512000,1-Training-Losses/entropy,1.0935423374176025,Pong1PCB2L336P__seed_8_1763344785
516096,1-Training-Losses/entropy,1.092710018157959,Pong1PCB2L336P__seed_8_1763344785
520192,1-Training-Losses/entropy,1.091463327407837,Pong1PCB2L336P__seed_8_1763344785
524288,1-Training-Losses/entropy,1.0903041362762451,Pong1PCB2L336P__seed_8_1763344785
528384,1-Training-Losses/entropy,1.0883283615112305,Pong1PCB2L336P__seed_8_1763344785
532480,1-Training-Losses/entropy,1.0865123271942139,Pong1PCB2L336P__seed_8_1763344785
536576,1-Training-Losses/entropy,1.085287094116211,Pong1PCB2L336P__seed_8_1763344785
540672,1-Training-Losses/entropy,1.0835530757904053,Pong1PCB2L336P__seed_8_1763344785
544768,1-Training-Losses/entropy,1.081176996231079,Pong1PCB2L336P__seed_8_1763344785
548864,1-Training-Losses/entropy,1.0788482427597046,Pong1PCB2L336P__seed_8_1763344785
552960,1-Training-Losses/entropy,1.076646327972412,Pong1PCB2L336P__seed_8_1763344785
557056,1-Training-Losses/entropy,1.0760304927825928,Pong1PCB2L336P__seed_8_1763344785
561152,1-Training-Losses/entropy,1.0751054286956787,Pong1PCB2L336P__seed_8_1763344785
565248,1-Training-Losses/entropy,1.0755252838134766,Pong1PCB2L336P__seed_8_1763344785
569344,1-Training-Losses/entropy,1.0760729312896729,Pong1PCB2L336P__seed_8_1763344785
573440,1-Training-Losses/entropy,1.074766993522644,Pong1PCB2L336P__seed_8_1763344785
577536,1-Training-Losses/entropy,1.074936866760254,Pong1PCB2L336P__seed_8_1763344785
581632,1-Training-Losses/entropy,1.074894905090332,Pong1PCB2L336P__seed_8_1763344785
585728,1-Training-Losses/entropy,1.0757198333740234,Pong1PCB2L336P__seed_8_1763344785
589824,1-Training-Losses/entropy,1.0782008171081543,Pong1PCB2L336P__seed_8_1763344785
593920,1-Training-Losses/entropy,1.0801385641098022,Pong1PCB2L336P__seed_8_1763344785
598016,1-Training-Losses/entropy,1.0814800262451172,Pong1PCB2L336P__seed_8_1763344785
602112,1-Training-Losses/entropy,1.0815706253051758,Pong1PCB2L336P__seed_8_1763344785
606208,1-Training-Losses/entropy,1.0818912982940674,Pong1PCB2L336P__seed_8_1763344785
610304,1-Training-Losses/entropy,1.0823447704315186,Pong1PCB2L336P__seed_8_1763344785
614400,1-Training-Losses/entropy,1.0823123455047607,Pong1PCB2L336P__seed_8_1763344785
618496,1-Training-Losses/entropy,1.0826244354248047,Pong1PCB2L336P__seed_8_1763344785
622592,1-Training-Losses/entropy,1.0826231241226196,Pong1PCB2L336P__seed_8_1763344785
626688,1-Training-Losses/entropy,1.08286714553833,Pong1PCB2L336P__seed_8_1763344785
630784,1-Training-Losses/entropy,1.0818803310394287,Pong1PCB2L336P__seed_8_1763344785
634880,1-Training-Losses/entropy,1.0805796384811401,Pong1PCB2L336P__seed_8_1763344785
638976,1-Training-Losses/entropy,1.0798567533493042,Pong1PCB2L336P__seed_8_1763344785
643072,1-Training-Losses/entropy,1.079960823059082,Pong1PCB2L336P__seed_8_1763344785
647168,1-Training-Losses/entropy,1.0808124542236328,Pong1PCB2L336P__seed_8_1763344785
651264,1-Training-Losses/entropy,1.082240343093872,Pong1PCB2L336P__seed_8_1763344785
655360,1-Training-Losses/entropy,1.0838263034820557,Pong1PCB2L336P__seed_8_1763344785
659456,1-Training-Losses/entropy,1.0850961208343506,Pong1PCB2L336P__seed_8_1763344785
663552,1-Training-Losses/entropy,1.0853880643844604,Pong1PCB2L336P__seed_8_1763344785
667648,1-Training-Losses/entropy,1.0852961540222168,Pong1PCB2L336P__seed_8_1763344785
671744,1-Training-Losses/entropy,1.0854275226593018,Pong1PCB2L336P__seed_8_1763344785
675840,1-Training-Losses/entropy,1.084747552871704,Pong1PCB2L336P__seed_8_1763344785
679936,1-Training-Losses/entropy,1.084308385848999,Pong1PCB2L336P__seed_8_1763344785
684032,1-Training-Losses/entropy,1.0842777490615845,Pong1PCB2L336P__seed_8_1763344785
688128,1-Training-Losses/entropy,1.0853360891342163,Pong1PCB2L336P__seed_8_1763344785
692224,1-Training-Losses/entropy,1.0852774381637573,Pong1PCB2L336P__seed_8_1763344785
696320,1-Training-Losses/entropy,1.085508108139038,Pong1PCB2L336P__seed_8_1763344785
700416,1-Training-Losses/entropy,1.0855839252471924,Pong1PCB2L336P__seed_8_1763344785
704512,1-Training-Losses/entropy,1.0862698554992676,Pong1PCB2L336P__seed_8_1763344785
708608,1-Training-Losses/entropy,1.0866762399673462,Pong1PCB2L336P__seed_8_1763344785
712704,1-Training-Losses/entropy,1.0863596200942993,Pong1PCB2L336P__seed_8_1763344785
716800,1-Training-Losses/entropy,1.0859794616699219,Pong1PCB2L336P__seed_8_1763344785
720896,1-Training-Losses/entropy,1.0858702659606934,Pong1PCB2L336P__seed_8_1763344785
724992,1-Training-Losses/entropy,1.0851081609725952,Pong1PCB2L336P__seed_8_1763344785
729088,1-Training-Losses/entropy,1.083677887916565,Pong1PCB2L336P__seed_8_1763344785
733184,1-Training-Losses/entropy,1.0833442211151123,Pong1PCB2L336P__seed_8_1763344785
737280,1-Training-Losses/entropy,1.082602620124817,Pong1PCB2L336P__seed_8_1763344785
741376,1-Training-Losses/entropy,1.0828938484191895,Pong1PCB2L336P__seed_8_1763344785
745472,1-Training-Losses/entropy,1.082625150680542,Pong1PCB2L336P__seed_8_1763344785
749568,1-Training-Losses/entropy,1.0828518867492676,Pong1PCB2L336P__seed_8_1763344785
753664,1-Training-Losses/entropy,1.0823733806610107,Pong1PCB2L336P__seed_8_1763344785
757760,1-Training-Losses/entropy,1.080610990524292,Pong1PCB2L336P__seed_8_1763344785
761856,1-Training-Losses/entropy,1.0796524286270142,Pong1PCB2L336P__seed_8_1763344785
765952,1-Training-Losses/entropy,1.0801384449005127,Pong1PCB2L336P__seed_8_1763344785
770048,1-Training-Losses/entropy,1.08111572265625,Pong1PCB2L336P__seed_8_1763344785
774144,1-Training-Losses/entropy,1.0804564952850342,Pong1PCB2L336P__seed_8_1763344785
778240,1-Training-Losses/entropy,1.080030918121338,Pong1PCB2L336P__seed_8_1763344785
782336,1-Training-Losses/entropy,1.0794997215270996,Pong1PCB2L336P__seed_8_1763344785
786432,1-Training-Losses/entropy,1.0792025327682495,Pong1PCB2L336P__seed_8_1763344785
790528,1-Training-Losses/entropy,1.0788778066635132,Pong1PCB2L336P__seed_8_1763344785
794624,1-Training-Losses/entropy,1.0800303220748901,Pong1PCB2L336P__seed_8_1763344785
798720,1-Training-Losses/entropy,1.0796504020690918,Pong1PCB2L336P__seed_8_1763344785
802816,1-Training-Losses/entropy,1.0772899389266968,Pong1PCB2L336P__seed_8_1763344785
806912,1-Training-Losses/entropy,1.07553231716156,Pong1PCB2L336P__seed_8_1763344785
811008,1-Training-Losses/entropy,1.0766353607177734,Pong1PCB2L336P__seed_8_1763344785
815104,1-Training-Losses/entropy,1.0751382112503052,Pong1PCB2L336P__seed_8_1763344785
819200,1-Training-Losses/entropy,1.075577735900879,Pong1PCB2L336P__seed_8_1763344785
823296,1-Training-Losses/entropy,1.0768780708312988,Pong1PCB2L336P__seed_8_1763344785
827392,1-Training-Losses/entropy,1.0747873783111572,Pong1PCB2L336P__seed_8_1763344785
831488,1-Training-Losses/entropy,1.077436089515686,Pong1PCB2L336P__seed_8_1763344785
835584,1-Training-Losses/entropy,1.076536774635315,Pong1PCB2L336P__seed_8_1763344785
839680,1-Training-Losses/entropy,1.07442045211792,Pong1PCB2L336P__seed_8_1763344785
843776,1-Training-Losses/entropy,1.0724427700042725,Pong1PCB2L336P__seed_8_1763344785
847872,1-Training-Losses/entropy,1.0671591758728027,Pong1PCB2L336P__seed_8_1763344785
851968,1-Training-Losses/entropy,1.0678741931915283,Pong1PCB2L336P__seed_8_1763344785
856064,1-Training-Losses/entropy,1.0630565881729126,Pong1PCB2L336P__seed_8_1763344785
860160,1-Training-Losses/entropy,1.0613882541656494,Pong1PCB2L336P__seed_8_1763344785
864256,1-Training-Losses/entropy,1.064711570739746,Pong1PCB2L336P__seed_8_1763344785
868352,1-Training-Losses/entropy,1.0656485557556152,Pong1PCB2L336P__seed_8_1763344785
872448,1-Training-Losses/entropy,1.067380666732788,Pong1PCB2L336P__seed_8_1763344785
876544,1-Training-Losses/entropy,1.0636343955993652,Pong1PCB2L336P__seed_8_1763344785
880640,1-Training-Losses/entropy,1.0639419555664062,Pong1PCB2L336P__seed_8_1763344785
884736,1-Training-Losses/entropy,1.0634170770645142,Pong1PCB2L336P__seed_8_1763344785
888832,1-Training-Losses/entropy,1.0587904453277588,Pong1PCB2L336P__seed_8_1763344785
892928,1-Training-Losses/entropy,1.054755449295044,Pong1PCB2L336P__seed_8_1763344785
897024,1-Training-Losses/entropy,1.0593430995941162,Pong1PCB2L336P__seed_8_1763344785
901120,1-Training-Losses/entropy,1.0492360591888428,Pong1PCB2L336P__seed_8_1763344785
905216,1-Training-Losses/entropy,1.0523089170455933,Pong1PCB2L336P__seed_8_1763344785
909312,1-Training-Losses/entropy,1.0384958982467651,Pong1PCB2L336P__seed_8_1763344785
913408,1-Training-Losses/entropy,1.044243335723877,Pong1PCB2L336P__seed_8_1763344785
917504,1-Training-Losses/entropy,1.0352617502212524,Pong1PCB2L336P__seed_8_1763344785
921600,1-Training-Losses/entropy,1.04971444606781,Pong1PCB2L336P__seed_8_1763344785
925696,1-Training-Losses/entropy,1.048518180847168,Pong1PCB2L336P__seed_8_1763344785
929792,1-Training-Losses/entropy,1.037198781967163,Pong1PCB2L336P__seed_8_1763344785
933888,1-Training-Losses/entropy,1.030402421951294,Pong1PCB2L336P__seed_8_1763344785
937984,1-Training-Losses/entropy,1.0342087745666504,Pong1PCB2L336P__seed_8_1763344785
942080,1-Training-Losses/entropy,1.015294075012207,Pong1PCB2L336P__seed_8_1763344785
946176,1-Training-Losses/entropy,1.031054973602295,Pong1PCB2L336P__seed_8_1763344785
950272,1-Training-Losses/entropy,1.026983380317688,Pong1PCB2L336P__seed_8_1763344785
954368,1-Training-Losses/entropy,1.0195751190185547,Pong1PCB2L336P__seed_8_1763344785
958464,1-Training-Losses/entropy,1.0001884698867798,Pong1PCB2L336P__seed_8_1763344785
962560,1-Training-Losses/entropy,1.0077786445617676,Pong1PCB2L336P__seed_8_1763344785
966656,1-Training-Losses/entropy,1.0047969818115234,Pong1PCB2L336P__seed_8_1763344785
970752,1-Training-Losses/entropy,1.011430025100708,Pong1PCB2L336P__seed_8_1763344785
974848,1-Training-Losses/entropy,0.9920653700828552,Pong1PCB2L336P__seed_8_1763344785
978944,1-Training-Losses/entropy,1.0158922672271729,Pong1PCB2L336P__seed_8_1763344785
983040,1-Training-Losses/entropy,1.0040385723114014,Pong1PCB2L336P__seed_8_1763344785
987136,1-Training-Losses/entropy,1.0279033184051514,Pong1PCB2L336P__seed_8_1763344785
991232,1-Training-Losses/entropy,1.024938941001892,Pong1PCB2L336P__seed_8_1763344785
995328,1-Training-Losses/entropy,1.0375523567199707,Pong1PCB2L336P__seed_8_1763344785
999424,1-Training-Losses/entropy,1.039736270904541,Pong1PCB2L336P__seed_8_1763344785
1003520,1-Training-Losses/entropy,1.0390422344207764,Pong1PCB2L336P__seed_8_1763344785
1007616,1-Training-Losses/entropy,1.0281791687011719,Pong1PCB2L336P__seed_8_1763344785
1011712,1-Training-Losses/entropy,1.0225155353546143,Pong1PCB2L336P__seed_8_1763344785
1015808,1-Training-Losses/entropy,1.0394060611724854,Pong1PCB2L336P__seed_8_1763344785
1019904,1-Training-Losses/entropy,1.0423803329467773,Pong1PCB2L336P__seed_8_1763344785
1024000,1-Training-Losses/entropy,1.045732855796814,Pong1PCB2L336P__seed_8_1763344785
1028096,1-Training-Losses/entropy,1.0449461936950684,Pong1PCB2L336P__seed_8_1763344785
1032192,1-Training-Losses/entropy,1.0351107120513916,Pong1PCB2L336P__seed_8_1763344785
1036288,1-Training-Losses/entropy,1.036564826965332,Pong1PCB2L336P__seed_8_1763344785
1040384,1-Training-Losses/entropy,1.026060938835144,Pong1PCB2L336P__seed_8_1763344785
1044480,1-Training-Losses/entropy,1.0328483581542969,Pong1PCB2L336P__seed_8_1763344785
1048576,1-Training-Losses/entropy,1.031014084815979,Pong1PCB2L336P__seed_8_1763344785
1052672,1-Training-Losses/entropy,1.0367017984390259,Pong1PCB2L336P__seed_8_1763344785
1056768,1-Training-Losses/entropy,1.0247735977172852,Pong1PCB2L336P__seed_8_1763344785
1060864,1-Training-Losses/entropy,1.0305039882659912,Pong1PCB2L336P__seed_8_1763344785
1064960,1-Training-Losses/entropy,1.0273796319961548,Pong1PCB2L336P__seed_8_1763344785
1069056,1-Training-Losses/entropy,1.013871669769287,Pong1PCB2L336P__seed_8_1763344785
1073152,1-Training-Losses/entropy,1.014305830001831,Pong1PCB2L336P__seed_8_1763344785
1077248,1-Training-Losses/entropy,1.023054838180542,Pong1PCB2L336P__seed_8_1763344785
1081344,1-Training-Losses/entropy,1.0284643173217773,Pong1PCB2L336P__seed_8_1763344785
1085440,1-Training-Losses/entropy,1.026322364807129,Pong1PCB2L336P__seed_8_1763344785
1089536,1-Training-Losses/entropy,1.0359759330749512,Pong1PCB2L336P__seed_8_1763344785
1093632,1-Training-Losses/entropy,1.0339932441711426,Pong1PCB2L336P__seed_8_1763344785
1097728,1-Training-Losses/entropy,1.0343118906021118,Pong1PCB2L336P__seed_8_1763344785
1101824,1-Training-Losses/entropy,1.036479115486145,Pong1PCB2L336P__seed_8_1763344785
1105920,1-Training-Losses/entropy,1.039839267730713,Pong1PCB2L336P__seed_8_1763344785
1110016,1-Training-Losses/entropy,1.024269461631775,Pong1PCB2L336P__seed_8_1763344785
1114112,1-Training-Losses/entropy,1.0300252437591553,Pong1PCB2L336P__seed_8_1763344785
1118208,1-Training-Losses/entropy,1.004175066947937,Pong1PCB2L336P__seed_8_1763344785
1122304,1-Training-Losses/entropy,1.0178240537643433,Pong1PCB2L336P__seed_8_1763344785
1126400,1-Training-Losses/entropy,1.0045746564865112,Pong1PCB2L336P__seed_8_1763344785
1130496,1-Training-Losses/entropy,1.0260502099990845,Pong1PCB2L336P__seed_8_1763344785
1134592,1-Training-Losses/entropy,1.0313268899917603,Pong1PCB2L336P__seed_8_1763344785
1138688,1-Training-Losses/entropy,1.0174131393432617,Pong1PCB2L336P__seed_8_1763344785
1142784,1-Training-Losses/entropy,1.0351412296295166,Pong1PCB2L336P__seed_8_1763344785
1146880,1-Training-Losses/entropy,1.0280654430389404,Pong1PCB2L336P__seed_8_1763344785
1150976,1-Training-Losses/entropy,1.0320494174957275,Pong1PCB2L336P__seed_8_1763344785
1155072,1-Training-Losses/entropy,1.023461937904358,Pong1PCB2L336P__seed_8_1763344785
1159168,1-Training-Losses/entropy,1.023233413696289,Pong1PCB2L336P__seed_8_1763344785
1163264,1-Training-Losses/entropy,1.0160737037658691,Pong1PCB2L336P__seed_8_1763344785
1167360,1-Training-Losses/entropy,1.022904872894287,Pong1PCB2L336P__seed_8_1763344785
1171456,1-Training-Losses/entropy,0.9998916387557983,Pong1PCB2L336P__seed_8_1763344785
1175552,1-Training-Losses/entropy,1.0305824279785156,Pong1PCB2L336P__seed_8_1763344785
1179648,1-Training-Losses/entropy,1.019909143447876,Pong1PCB2L336P__seed_8_1763344785
1183744,1-Training-Losses/entropy,1.0374290943145752,Pong1PCB2L336P__seed_8_1763344785
1187840,1-Training-Losses/entropy,1.035261631011963,Pong1PCB2L336P__seed_8_1763344785
1191936,1-Training-Losses/entropy,1.0285770893096924,Pong1PCB2L336P__seed_8_1763344785
1196032,1-Training-Losses/entropy,1.0393037796020508,Pong1PCB2L336P__seed_8_1763344785
1200128,1-Training-Losses/entropy,1.0384984016418457,Pong1PCB2L336P__seed_8_1763344785
1204224,1-Training-Losses/entropy,1.0350450277328491,Pong1PCB2L336P__seed_8_1763344785
1208320,1-Training-Losses/entropy,1.036582112312317,Pong1PCB2L336P__seed_8_1763344785
1212416,1-Training-Losses/entropy,1.0425872802734375,Pong1PCB2L336P__seed_8_1763344785
1216512,1-Training-Losses/entropy,1.0259857177734375,Pong1PCB2L336P__seed_8_1763344785
1220608,1-Training-Losses/entropy,1.0433332920074463,Pong1PCB2L336P__seed_8_1763344785
1224704,1-Training-Losses/entropy,1.039503574371338,Pong1PCB2L336P__seed_8_1763344785
1228800,1-Training-Losses/entropy,1.033818244934082,Pong1PCB2L336P__seed_8_1763344785
1232896,1-Training-Losses/entropy,1.0365110635757446,Pong1PCB2L336P__seed_8_1763344785
1236992,1-Training-Losses/entropy,1.0220227241516113,Pong1PCB2L336P__seed_8_1763344785
1241088,1-Training-Losses/entropy,1.0261194705963135,Pong1PCB2L336P__seed_8_1763344785
1245184,1-Training-Losses/entropy,1.0275907516479492,Pong1PCB2L336P__seed_8_1763344785
1249280,1-Training-Losses/entropy,1.035522222518921,Pong1PCB2L336P__seed_8_1763344785
1253376,1-Training-Losses/entropy,1.0349538326263428,Pong1PCB2L336P__seed_8_1763344785
1257472,1-Training-Losses/entropy,1.0281782150268555,Pong1PCB2L336P__seed_8_1763344785
1261568,1-Training-Losses/entropy,1.0262216329574585,Pong1PCB2L336P__seed_8_1763344785
1265664,1-Training-Losses/entropy,1.0344569683074951,Pong1PCB2L336P__seed_8_1763344785
1269760,1-Training-Losses/entropy,1.0306824445724487,Pong1PCB2L336P__seed_8_1763344785
1273856,1-Training-Losses/entropy,1.0310165882110596,Pong1PCB2L336P__seed_8_1763344785
1277952,1-Training-Losses/entropy,1.038379192352295,Pong1PCB2L336P__seed_8_1763344785
1282048,1-Training-Losses/entropy,1.0279780626296997,Pong1PCB2L336P__seed_8_1763344785
1286144,1-Training-Losses/entropy,1.0245726108551025,Pong1PCB2L336P__seed_8_1763344785
1290240,1-Training-Losses/entropy,1.0274085998535156,Pong1PCB2L336P__seed_8_1763344785
1294336,1-Training-Losses/entropy,1.0405254364013672,Pong1PCB2L336P__seed_8_1763344785
1298432,1-Training-Losses/entropy,1.0389213562011719,Pong1PCB2L336P__seed_8_1763344785
1302528,1-Training-Losses/entropy,1.033602237701416,Pong1PCB2L336P__seed_8_1763344785
1306624,1-Training-Losses/entropy,1.0417968034744263,Pong1PCB2L336P__seed_8_1763344785
1310720,1-Training-Losses/entropy,1.0285701751708984,Pong1PCB2L336P__seed_8_1763344785
1314816,1-Training-Losses/entropy,1.0387604236602783,Pong1PCB2L336P__seed_8_1763344785
1318912,1-Training-Losses/entropy,1.0354084968566895,Pong1PCB2L336P__seed_8_1763344785
1323008,1-Training-Losses/entropy,1.0210202932357788,Pong1PCB2L336P__seed_8_1763344785
1327104,1-Training-Losses/entropy,1.0249660015106201,Pong1PCB2L336P__seed_8_1763344785
1331200,1-Training-Losses/entropy,1.024609923362732,Pong1PCB2L336P__seed_8_1763344785
1335296,1-Training-Losses/entropy,1.0259959697723389,Pong1PCB2L336P__seed_8_1763344785
1339392,1-Training-Losses/entropy,1.0349299907684326,Pong1PCB2L336P__seed_8_1763344785
1343488,1-Training-Losses/entropy,1.0418461561203003,Pong1PCB2L336P__seed_8_1763344785
1347584,1-Training-Losses/entropy,1.0337247848510742,Pong1PCB2L336P__seed_8_1763344785
1351680,1-Training-Losses/entropy,1.0284825563430786,Pong1PCB2L336P__seed_8_1763344785
1355776,1-Training-Losses/entropy,1.0237982273101807,Pong1PCB2L336P__seed_8_1763344785
1359872,1-Training-Losses/entropy,1.03092622756958,Pong1PCB2L336P__seed_8_1763344785
1363968,1-Training-Losses/entropy,1.0345072746276855,Pong1PCB2L336P__seed_8_1763344785
1368064,1-Training-Losses/entropy,1.0242888927459717,Pong1PCB2L336P__seed_8_1763344785
1372160,1-Training-Losses/entropy,1.0197638273239136,Pong1PCB2L336P__seed_8_1763344785
1376256,1-Training-Losses/entropy,1.0167922973632812,Pong1PCB2L336P__seed_8_1763344785
1380352,1-Training-Losses/entropy,1.0275300741195679,Pong1PCB2L336P__seed_8_1763344785
1384448,1-Training-Losses/entropy,1.0221954584121704,Pong1PCB2L336P__seed_8_1763344785
1388544,1-Training-Losses/entropy,1.021068811416626,Pong1PCB2L336P__seed_8_1763344785
1392640,1-Training-Losses/entropy,1.0251107215881348,Pong1PCB2L336P__seed_8_1763344785
1396736,1-Training-Losses/entropy,1.0267454385757446,Pong1PCB2L336P__seed_8_1763344785
1400832,1-Training-Losses/entropy,1.0291423797607422,Pong1PCB2L336P__seed_8_1763344785
1404928,1-Training-Losses/entropy,1.0306202173233032,Pong1PCB2L336P__seed_8_1763344785
1409024,1-Training-Losses/entropy,1.0339226722717285,Pong1PCB2L336P__seed_8_1763344785
1413120,1-Training-Losses/entropy,1.0295605659484863,Pong1PCB2L336P__seed_8_1763344785
1417216,1-Training-Losses/entropy,1.0378148555755615,Pong1PCB2L336P__seed_8_1763344785
1421312,1-Training-Losses/entropy,1.0257984399795532,Pong1PCB2L336P__seed_8_1763344785
1425408,1-Training-Losses/entropy,1.0401482582092285,Pong1PCB2L336P__seed_8_1763344785
1429504,1-Training-Losses/entropy,1.0299185514450073,Pong1PCB2L336P__seed_8_1763344785
1433600,1-Training-Losses/entropy,1.0360703468322754,Pong1PCB2L336P__seed_8_1763344785
1437696,1-Training-Losses/entropy,1.0240914821624756,Pong1PCB2L336P__seed_8_1763344785
1441792,1-Training-Losses/entropy,1.0334618091583252,Pong1PCB2L336P__seed_8_1763344785
1445888,1-Training-Losses/entropy,1.0372352600097656,Pong1PCB2L336P__seed_8_1763344785
1449984,1-Training-Losses/entropy,1.0253478288650513,Pong1PCB2L336P__seed_8_1763344785
1454080,1-Training-Losses/entropy,1.0292680263519287,Pong1PCB2L336P__seed_8_1763344785
1458176,1-Training-Losses/entropy,1.0152664184570312,Pong1PCB2L336P__seed_8_1763344785
1462272,1-Training-Losses/entropy,1.0227396488189697,Pong1PCB2L336P__seed_8_1763344785
1466368,1-Training-Losses/entropy,1.0223078727722168,Pong1PCB2L336P__seed_8_1763344785
1470464,1-Training-Losses/entropy,1.0203120708465576,Pong1PCB2L336P__seed_8_1763344785
1474560,1-Training-Losses/entropy,1.0240813493728638,Pong1PCB2L336P__seed_8_1763344785
1478656,1-Training-Losses/entropy,1.0157439708709717,Pong1PCB2L336P__seed_8_1763344785
1482752,1-Training-Losses/entropy,1.0252349376678467,Pong1PCB2L336P__seed_8_1763344785
1486848,1-Training-Losses/entropy,1.0188524723052979,Pong1PCB2L336P__seed_8_1763344785
1490944,1-Training-Losses/entropy,1.0123400688171387,Pong1PCB2L336P__seed_8_1763344785
1495040,1-Training-Losses/entropy,1.021577000617981,Pong1PCB2L336P__seed_8_1763344785
1499136,1-Training-Losses/entropy,1.0166103839874268,Pong1PCB2L336P__seed_8_1763344785
1503232,1-Training-Losses/entropy,1.0187314748764038,Pong1PCB2L336P__seed_8_1763344785
1507328,1-Training-Losses/entropy,1.0215277671813965,Pong1PCB2L336P__seed_8_1763344785
1511424,1-Training-Losses/entropy,1.0217256546020508,Pong1PCB2L336P__seed_8_1763344785
1515520,1-Training-Losses/entropy,1.0197482109069824,Pong1PCB2L336P__seed_8_1763344785
1519616,1-Training-Losses/entropy,1.0352507829666138,Pong1PCB2L336P__seed_8_1763344785
1523712,1-Training-Losses/entropy,1.0208544731140137,Pong1PCB2L336P__seed_8_1763344785
1527808,1-Training-Losses/entropy,1.0068974494934082,Pong1PCB2L336P__seed_8_1763344785
1531904,1-Training-Losses/entropy,1.009453296661377,Pong1PCB2L336P__seed_8_1763344785
1536000,1-Training-Losses/entropy,1.0096116065979004,Pong1PCB2L336P__seed_8_1763344785
1540096,1-Training-Losses/entropy,1.012182354927063,Pong1PCB2L336P__seed_8_1763344785
1544192,1-Training-Losses/entropy,0.9989674687385559,Pong1PCB2L336P__seed_8_1763344785
1548288,1-Training-Losses/entropy,0.9925212860107422,Pong1PCB2L336P__seed_8_1763344785
1552384,1-Training-Losses/entropy,0.9978482723236084,Pong1PCB2L336P__seed_8_1763344785
1556480,1-Training-Losses/entropy,1.0071126222610474,Pong1PCB2L336P__seed_8_1763344785
1560576,1-Training-Losses/entropy,0.976266622543335,Pong1PCB2L336P__seed_8_1763344785
1564672,1-Training-Losses/entropy,0.9956663846969604,Pong1PCB2L336P__seed_8_1763344785
1568768,1-Training-Losses/entropy,0.9948005676269531,Pong1PCB2L336P__seed_8_1763344785
1572864,1-Training-Losses/entropy,0.9779406785964966,Pong1PCB2L336P__seed_8_1763344785
1576960,1-Training-Losses/entropy,0.989982008934021,Pong1PCB2L336P__seed_8_1763344785
1581056,1-Training-Losses/entropy,0.9799102544784546,Pong1PCB2L336P__seed_8_1763344785
1585152,1-Training-Losses/entropy,0.9820140600204468,Pong1PCB2L336P__seed_8_1763344785
1589248,1-Training-Losses/entropy,1.0095937252044678,Pong1PCB2L336P__seed_8_1763344785
1593344,1-Training-Losses/entropy,0.9858934283256531,Pong1PCB2L336P__seed_8_1763344785
1597440,1-Training-Losses/entropy,0.9937330484390259,Pong1PCB2L336P__seed_8_1763344785
1601536,1-Training-Losses/entropy,0.9870476722717285,Pong1PCB2L336P__seed_8_1763344785
1605632,1-Training-Losses/entropy,0.9886256456375122,Pong1PCB2L336P__seed_8_1763344785
1609728,1-Training-Losses/entropy,0.9707719087600708,Pong1PCB2L336P__seed_8_1763344785
1613824,1-Training-Losses/entropy,0.9941773414611816,Pong1PCB2L336P__seed_8_1763344785
1617920,1-Training-Losses/entropy,0.9837662577629089,Pong1PCB2L336P__seed_8_1763344785
1622016,1-Training-Losses/entropy,0.979546844959259,Pong1PCB2L336P__seed_8_1763344785
1626112,1-Training-Losses/entropy,0.9784934520721436,Pong1PCB2L336P__seed_8_1763344785
1630208,1-Training-Losses/entropy,0.9806990027427673,Pong1PCB2L336P__seed_8_1763344785
1634304,1-Training-Losses/entropy,0.9808890223503113,Pong1PCB2L336P__seed_8_1763344785
1638400,1-Training-Losses/entropy,0.9906069040298462,Pong1PCB2L336P__seed_8_1763344785
1642496,1-Training-Losses/entropy,0.9911814332008362,Pong1PCB2L336P__seed_8_1763344785
1646592,1-Training-Losses/entropy,0.9869916439056396,Pong1PCB2L336P__seed_8_1763344785
1650688,1-Training-Losses/entropy,0.9927142858505249,Pong1PCB2L336P__seed_8_1763344785
1654784,1-Training-Losses/entropy,0.9775638580322266,Pong1PCB2L336P__seed_8_1763344785
1658880,1-Training-Losses/entropy,0.9763868451118469,Pong1PCB2L336P__seed_8_1763344785
1662976,1-Training-Losses/entropy,0.9713865518569946,Pong1PCB2L336P__seed_8_1763344785
1667072,1-Training-Losses/entropy,0.9675461649894714,Pong1PCB2L336P__seed_8_1763344785
1671168,1-Training-Losses/entropy,0.970199465751648,Pong1PCB2L336P__seed_8_1763344785
1675264,1-Training-Losses/entropy,0.9935986995697021,Pong1PCB2L336P__seed_8_1763344785
1679360,1-Training-Losses/entropy,0.9665706157684326,Pong1PCB2L336P__seed_8_1763344785
1683456,1-Training-Losses/entropy,0.9807194471359253,Pong1PCB2L336P__seed_8_1763344785
1687552,1-Training-Losses/entropy,0.9711506962776184,Pong1PCB2L336P__seed_8_1763344785
1691648,1-Training-Losses/entropy,0.9856356978416443,Pong1PCB2L336P__seed_8_1763344785
1695744,1-Training-Losses/entropy,0.9692012667655945,Pong1PCB2L336P__seed_8_1763344785
1699840,1-Training-Losses/entropy,0.9671940803527832,Pong1PCB2L336P__seed_8_1763344785
1703936,1-Training-Losses/entropy,0.9575326442718506,Pong1PCB2L336P__seed_8_1763344785
1708032,1-Training-Losses/entropy,0.9649826884269714,Pong1PCB2L336P__seed_8_1763344785
1712128,1-Training-Losses/entropy,0.9819059371948242,Pong1PCB2L336P__seed_8_1763344785
1716224,1-Training-Losses/entropy,0.9581202864646912,Pong1PCB2L336P__seed_8_1763344785
1720320,1-Training-Losses/entropy,0.970467209815979,Pong1PCB2L336P__seed_8_1763344785
1724416,1-Training-Losses/entropy,0.9846633672714233,Pong1PCB2L336P__seed_8_1763344785
1728512,1-Training-Losses/entropy,0.9724722504615784,Pong1PCB2L336P__seed_8_1763344785
1732608,1-Training-Losses/entropy,0.9580413103103638,Pong1PCB2L336P__seed_8_1763344785
1736704,1-Training-Losses/entropy,0.9664355516433716,Pong1PCB2L336P__seed_8_1763344785
1740800,1-Training-Losses/entropy,0.963513970375061,Pong1PCB2L336P__seed_8_1763344785
1744896,1-Training-Losses/entropy,0.9521462917327881,Pong1PCB2L336P__seed_8_1763344785
1748992,1-Training-Losses/entropy,0.9605594277381897,Pong1PCB2L336P__seed_8_1763344785
1753088,1-Training-Losses/entropy,0.9426273107528687,Pong1PCB2L336P__seed_8_1763344785
1757184,1-Training-Losses/entropy,0.9508583545684814,Pong1PCB2L336P__seed_8_1763344785
1761280,1-Training-Losses/entropy,0.9642003774642944,Pong1PCB2L336P__seed_8_1763344785
1765376,1-Training-Losses/entropy,0.9353177547454834,Pong1PCB2L336P__seed_8_1763344785
1769472,1-Training-Losses/entropy,0.9490549564361572,Pong1PCB2L336P__seed_8_1763344785
1773568,1-Training-Losses/entropy,0.9247748851776123,Pong1PCB2L336P__seed_8_1763344785
1777664,1-Training-Losses/entropy,0.9449645280838013,Pong1PCB2L336P__seed_8_1763344785
1781760,1-Training-Losses/entropy,0.9283336400985718,Pong1PCB2L336P__seed_8_1763344785
1785856,1-Training-Losses/entropy,0.9319264888763428,Pong1PCB2L336P__seed_8_1763344785
1789952,1-Training-Losses/entropy,0.9400681257247925,Pong1PCB2L336P__seed_8_1763344785
1794048,1-Training-Losses/entropy,0.931348979473114,Pong1PCB2L336P__seed_8_1763344785
1798144,1-Training-Losses/entropy,0.9283788204193115,Pong1PCB2L336P__seed_8_1763344785
1802240,1-Training-Losses/entropy,0.9298617839813232,Pong1PCB2L336P__seed_8_1763344785
1806336,1-Training-Losses/entropy,0.9298996925354004,Pong1PCB2L336P__seed_8_1763344785
1810432,1-Training-Losses/entropy,0.9481300115585327,Pong1PCB2L336P__seed_8_1763344785
1814528,1-Training-Losses/entropy,0.9700297117233276,Pong1PCB2L336P__seed_8_1763344785
1818624,1-Training-Losses/entropy,0.9323564171791077,Pong1PCB2L336P__seed_8_1763344785
1822720,1-Training-Losses/entropy,0.941565990447998,Pong1PCB2L336P__seed_8_1763344785
1826816,1-Training-Losses/entropy,0.9500662088394165,Pong1PCB2L336P__seed_8_1763344785
1830912,1-Training-Losses/entropy,0.9486547708511353,Pong1PCB2L336P__seed_8_1763344785
1835008,1-Training-Losses/entropy,0.950547456741333,Pong1PCB2L336P__seed_8_1763344785
1839104,1-Training-Losses/entropy,0.966803789138794,Pong1PCB2L336P__seed_8_1763344785
1843200,1-Training-Losses/entropy,0.953876256942749,Pong1PCB2L336P__seed_8_1763344785
1847296,1-Training-Losses/entropy,0.9498405456542969,Pong1PCB2L336P__seed_8_1763344785
1851392,1-Training-Losses/entropy,0.9574775695800781,Pong1PCB2L336P__seed_8_1763344785
1855488,1-Training-Losses/entropy,0.9358057975769043,Pong1PCB2L336P__seed_8_1763344785
1859584,1-Training-Losses/entropy,0.9390120506286621,Pong1PCB2L336P__seed_8_1763344785
1863680,1-Training-Losses/entropy,0.9791814088821411,Pong1PCB2L336P__seed_8_1763344785
1867776,1-Training-Losses/entropy,0.9619147777557373,Pong1PCB2L336P__seed_8_1763344785
1871872,1-Training-Losses/entropy,0.9397778511047363,Pong1PCB2L336P__seed_8_1763344785
1875968,1-Training-Losses/entropy,0.9398739337921143,Pong1PCB2L336P__seed_8_1763344785
1880064,1-Training-Losses/entropy,0.958771824836731,Pong1PCB2L336P__seed_8_1763344785
1884160,1-Training-Losses/entropy,0.9388689994812012,Pong1PCB2L336P__seed_8_1763344785
1888256,1-Training-Losses/entropy,0.939886748790741,Pong1PCB2L336P__seed_8_1763344785
1892352,1-Training-Losses/entropy,0.9274836182594299,Pong1PCB2L336P__seed_8_1763344785
1896448,1-Training-Losses/entropy,0.914609968662262,Pong1PCB2L336P__seed_8_1763344785
1900544,1-Training-Losses/entropy,0.9448637962341309,Pong1PCB2L336P__seed_8_1763344785
1904640,1-Training-Losses/entropy,0.9426828026771545,Pong1PCB2L336P__seed_8_1763344785
1908736,1-Training-Losses/entropy,0.9185978174209595,Pong1PCB2L336P__seed_8_1763344785
1912832,1-Training-Losses/entropy,0.9341819286346436,Pong1PCB2L336P__seed_8_1763344785
1916928,1-Training-Losses/entropy,0.925122857093811,Pong1PCB2L336P__seed_8_1763344785
1921024,1-Training-Losses/entropy,0.9330348968505859,Pong1PCB2L336P__seed_8_1763344785
1925120,1-Training-Losses/entropy,0.930529773235321,Pong1PCB2L336P__seed_8_1763344785
1929216,1-Training-Losses/entropy,0.925105094909668,Pong1PCB2L336P__seed_8_1763344785
1933312,1-Training-Losses/entropy,0.8963258266448975,Pong1PCB2L336P__seed_8_1763344785
1937408,1-Training-Losses/entropy,0.9359240531921387,Pong1PCB2L336P__seed_8_1763344785
1941504,1-Training-Losses/entropy,0.9307861328125,Pong1PCB2L336P__seed_8_1763344785
1945600,1-Training-Losses/entropy,0.87562096118927,Pong1PCB2L336P__seed_8_1763344785
1949696,1-Training-Losses/entropy,0.9053621292114258,Pong1PCB2L336P__seed_8_1763344785
1953792,1-Training-Losses/entropy,0.9331337213516235,Pong1PCB2L336P__seed_8_1763344785
1957888,1-Training-Losses/entropy,0.9218534231185913,Pong1PCB2L336P__seed_8_1763344785
1961984,1-Training-Losses/entropy,0.9291988611221313,Pong1PCB2L336P__seed_8_1763344785
1966080,1-Training-Losses/entropy,0.9194945096969604,Pong1PCB2L336P__seed_8_1763344785
1970176,1-Training-Losses/entropy,0.9126639366149902,Pong1PCB2L336P__seed_8_1763344785
1974272,1-Training-Losses/entropy,0.9192073345184326,Pong1PCB2L336P__seed_8_1763344785
1978368,1-Training-Losses/entropy,0.9390260577201843,Pong1PCB2L336P__seed_8_1763344785
1982464,1-Training-Losses/entropy,0.8924425840377808,Pong1PCB2L336P__seed_8_1763344785
1986560,1-Training-Losses/entropy,0.8692136406898499,Pong1PCB2L336P__seed_8_1763344785
1990656,1-Training-Losses/entropy,0.9033932685852051,Pong1PCB2L336P__seed_8_1763344785
1994752,1-Training-Losses/entropy,0.8945338129997253,Pong1PCB2L336P__seed_8_1763344785
1998848,1-Training-Losses/entropy,0.8694826364517212,Pong1PCB2L336P__seed_8_1763344785
2002944,1-Training-Losses/entropy,0.9058548808097839,Pong1PCB2L336P__seed_8_1763344785
2007040,1-Training-Losses/entropy,0.856972873210907,Pong1PCB2L336P__seed_8_1763344785
2011136,1-Training-Losses/entropy,0.8544914722442627,Pong1PCB2L336P__seed_8_1763344785
2015232,1-Training-Losses/entropy,0.8361881971359253,Pong1PCB2L336P__seed_8_1763344785
2019328,1-Training-Losses/entropy,0.8762098550796509,Pong1PCB2L336P__seed_8_1763344785
2023424,1-Training-Losses/entropy,0.8769935965538025,Pong1PCB2L336P__seed_8_1763344785
2027520,1-Training-Losses/entropy,0.8237521648406982,Pong1PCB2L336P__seed_8_1763344785
2031616,1-Training-Losses/entropy,0.871760368347168,Pong1PCB2L336P__seed_8_1763344785
2035712,1-Training-Losses/entropy,0.844219982624054,Pong1PCB2L336P__seed_8_1763344785
2039808,1-Training-Losses/entropy,0.8502063751220703,Pong1PCB2L336P__seed_8_1763344785
2043904,1-Training-Losses/entropy,0.8405863046646118,Pong1PCB2L336P__seed_8_1763344785
2048000,1-Training-Losses/entropy,0.8223892450332642,Pong1PCB2L336P__seed_8_1763344785
2052096,1-Training-Losses/entropy,0.8271622061729431,Pong1PCB2L336P__seed_8_1763344785
2056192,1-Training-Losses/entropy,0.8211799263954163,Pong1PCB2L336P__seed_8_1763344785
2060288,1-Training-Losses/entropy,0.7894525527954102,Pong1PCB2L336P__seed_8_1763344785
2064384,1-Training-Losses/entropy,0.8221490383148193,Pong1PCB2L336P__seed_8_1763344785
2068480,1-Training-Losses/entropy,0.7986161112785339,Pong1PCB2L336P__seed_8_1763344785
2072576,1-Training-Losses/entropy,0.7793416976928711,Pong1PCB2L336P__seed_8_1763344785
2076672,1-Training-Losses/entropy,0.807321310043335,Pong1PCB2L336P__seed_8_1763344785
2080768,1-Training-Losses/entropy,0.7914210557937622,Pong1PCB2L336P__seed_8_1763344785
2084864,1-Training-Losses/entropy,0.8134747743606567,Pong1PCB2L336P__seed_8_1763344785
2088960,1-Training-Losses/entropy,0.804900050163269,Pong1PCB2L336P__seed_8_1763344785
2093056,1-Training-Losses/entropy,0.7508572936058044,Pong1PCB2L336P__seed_8_1763344785
2097152,1-Training-Losses/entropy,0.8098472356796265,Pong1PCB2L336P__seed_8_1763344785
2101248,1-Training-Losses/entropy,0.7898619174957275,Pong1PCB2L336P__seed_8_1763344785
2105344,1-Training-Losses/entropy,0.7925996780395508,Pong1PCB2L336P__seed_8_1763344785
2109440,1-Training-Losses/entropy,0.8120582103729248,Pong1PCB2L336P__seed_8_1763344785
2113536,1-Training-Losses/entropy,0.7759305834770203,Pong1PCB2L336P__seed_8_1763344785
2117632,1-Training-Losses/entropy,0.79698646068573,Pong1PCB2L336P__seed_8_1763344785
2121728,1-Training-Losses/entropy,0.7778028249740601,Pong1PCB2L336P__seed_8_1763344785
2125824,1-Training-Losses/entropy,0.7506524920463562,Pong1PCB2L336P__seed_8_1763344785
2129920,1-Training-Losses/entropy,0.8139011859893799,Pong1PCB2L336P__seed_8_1763344785
2134016,1-Training-Losses/entropy,0.7771021127700806,Pong1PCB2L336P__seed_8_1763344785
2138112,1-Training-Losses/entropy,0.8001737594604492,Pong1PCB2L336P__seed_8_1763344785
2142208,1-Training-Losses/entropy,0.7953100204467773,Pong1PCB2L336P__seed_8_1763344785
2146304,1-Training-Losses/entropy,0.7841943502426147,Pong1PCB2L336P__seed_8_1763344785
2150400,1-Training-Losses/entropy,0.8134325742721558,Pong1PCB2L336P__seed_8_1763344785
2154496,1-Training-Losses/entropy,0.7915834188461304,Pong1PCB2L336P__seed_8_1763344785
2158592,1-Training-Losses/entropy,0.7441744208335876,Pong1PCB2L336P__seed_8_1763344785
2162688,1-Training-Losses/entropy,0.7781963348388672,Pong1PCB2L336P__seed_8_1763344785
2166784,1-Training-Losses/entropy,0.758740246295929,Pong1PCB2L336P__seed_8_1763344785
2170880,1-Training-Losses/entropy,0.7909345626831055,Pong1PCB2L336P__seed_8_1763344785
2174976,1-Training-Losses/entropy,0.748820424079895,Pong1PCB2L336P__seed_8_1763344785
2179072,1-Training-Losses/entropy,0.7382460832595825,Pong1PCB2L336P__seed_8_1763344785
2183168,1-Training-Losses/entropy,0.7570102214813232,Pong1PCB2L336P__seed_8_1763344785
2187264,1-Training-Losses/entropy,0.7912977933883667,Pong1PCB2L336P__seed_8_1763344785
2191360,1-Training-Losses/entropy,0.7818669080734253,Pong1PCB2L336P__seed_8_1763344785
2195456,1-Training-Losses/entropy,0.7306832075119019,Pong1PCB2L336P__seed_8_1763344785
2199552,1-Training-Losses/entropy,0.7720894813537598,Pong1PCB2L336P__seed_8_1763344785
2203648,1-Training-Losses/entropy,0.7120171785354614,Pong1PCB2L336P__seed_8_1763344785
2207744,1-Training-Losses/entropy,0.7398715019226074,Pong1PCB2L336P__seed_8_1763344785
2211840,1-Training-Losses/entropy,0.7126907110214233,Pong1PCB2L336P__seed_8_1763344785
2215936,1-Training-Losses/entropy,0.7477131485939026,Pong1PCB2L336P__seed_8_1763344785
2220032,1-Training-Losses/entropy,0.7749698758125305,Pong1PCB2L336P__seed_8_1763344785
2224128,1-Training-Losses/entropy,0.7622570991516113,Pong1PCB2L336P__seed_8_1763344785
2228224,1-Training-Losses/entropy,0.730901837348938,Pong1PCB2L336P__seed_8_1763344785
2232320,1-Training-Losses/entropy,0.7003396153450012,Pong1PCB2L336P__seed_8_1763344785
2236416,1-Training-Losses/entropy,0.7618698477745056,Pong1PCB2L336P__seed_8_1763344785
2240512,1-Training-Losses/entropy,0.7023255228996277,Pong1PCB2L336P__seed_8_1763344785
2244608,1-Training-Losses/entropy,0.7223448157310486,Pong1PCB2L336P__seed_8_1763344785
2248704,1-Training-Losses/entropy,0.759074330329895,Pong1PCB2L336P__seed_8_1763344785
2252800,1-Training-Losses/entropy,0.7249171733856201,Pong1PCB2L336P__seed_8_1763344785
2256896,1-Training-Losses/entropy,0.7361042499542236,Pong1PCB2L336P__seed_8_1763344785
2260992,1-Training-Losses/entropy,0.7044692039489746,Pong1PCB2L336P__seed_8_1763344785
2265088,1-Training-Losses/entropy,0.7393338680267334,Pong1PCB2L336P__seed_8_1763344785
2269184,1-Training-Losses/entropy,0.7274718284606934,Pong1PCB2L336P__seed_8_1763344785
2273280,1-Training-Losses/entropy,0.6922415494918823,Pong1PCB2L336P__seed_8_1763344785
2277376,1-Training-Losses/entropy,0.7411653399467468,Pong1PCB2L336P__seed_8_1763344785
2281472,1-Training-Losses/entropy,0.7436697483062744,Pong1PCB2L336P__seed_8_1763344785
2285568,1-Training-Losses/entropy,0.7579964399337769,Pong1PCB2L336P__seed_8_1763344785
2289664,1-Training-Losses/entropy,0.7343517541885376,Pong1PCB2L336P__seed_8_1763344785
2293760,1-Training-Losses/entropy,0.7239493727684021,Pong1PCB2L336P__seed_8_1763344785
2297856,1-Training-Losses/entropy,0.7358141541481018,Pong1PCB2L336P__seed_8_1763344785
2301952,1-Training-Losses/entropy,0.7449473142623901,Pong1PCB2L336P__seed_8_1763344785
2306048,1-Training-Losses/entropy,0.7156952619552612,Pong1PCB2L336P__seed_8_1763344785
2310144,1-Training-Losses/entropy,0.7530946135520935,Pong1PCB2L336P__seed_8_1763344785
2314240,1-Training-Losses/entropy,0.7642301321029663,Pong1PCB2L336P__seed_8_1763344785
2318336,1-Training-Losses/entropy,0.6886389255523682,Pong1PCB2L336P__seed_8_1763344785
2322432,1-Training-Losses/entropy,0.7273434400558472,Pong1PCB2L336P__seed_8_1763344785
2326528,1-Training-Losses/entropy,0.7462514638900757,Pong1PCB2L336P__seed_8_1763344785
2330624,1-Training-Losses/entropy,0.7455801367759705,Pong1PCB2L336P__seed_8_1763344785
2334720,1-Training-Losses/entropy,0.7485732436180115,Pong1PCB2L336P__seed_8_1763344785
2338816,1-Training-Losses/entropy,0.7185380458831787,Pong1PCB2L336P__seed_8_1763344785
2342912,1-Training-Losses/entropy,0.6891573667526245,Pong1PCB2L336P__seed_8_1763344785
2347008,1-Training-Losses/entropy,0.715471625328064,Pong1PCB2L336P__seed_8_1763344785
2351104,1-Training-Losses/entropy,0.7346236705780029,Pong1PCB2L336P__seed_8_1763344785
2355200,1-Training-Losses/entropy,0.6667382121086121,Pong1PCB2L336P__seed_8_1763344785
2359296,1-Training-Losses/entropy,0.7386266589164734,Pong1PCB2L336P__seed_8_1763344785
2363392,1-Training-Losses/entropy,0.7031621336936951,Pong1PCB2L336P__seed_8_1763344785
2367488,1-Training-Losses/entropy,0.7385122776031494,Pong1PCB2L336P__seed_8_1763344785
2371584,1-Training-Losses/entropy,0.6713727712631226,Pong1PCB2L336P__seed_8_1763344785
2375680,1-Training-Losses/entropy,0.7393661737442017,Pong1PCB2L336P__seed_8_1763344785
2379776,1-Training-Losses/entropy,0.6773271560668945,Pong1PCB2L336P__seed_8_1763344785
2383872,1-Training-Losses/entropy,0.6820451021194458,Pong1PCB2L336P__seed_8_1763344785
2387968,1-Training-Losses/entropy,0.7852333784103394,Pong1PCB2L336P__seed_8_1763344785
2392064,1-Training-Losses/entropy,0.7681765556335449,Pong1PCB2L336P__seed_8_1763344785
2396160,1-Training-Losses/entropy,0.6452866792678833,Pong1PCB2L336P__seed_8_1763344785
2400256,1-Training-Losses/entropy,0.738571047782898,Pong1PCB2L336P__seed_8_1763344785
2404352,1-Training-Losses/entropy,0.7102228999137878,Pong1PCB2L336P__seed_8_1763344785
2408448,1-Training-Losses/entropy,0.7442137598991394,Pong1PCB2L336P__seed_8_1763344785
2412544,1-Training-Losses/entropy,0.7540749311447144,Pong1PCB2L336P__seed_8_1763344785
2416640,1-Training-Losses/entropy,0.7227855324745178,Pong1PCB2L336P__seed_8_1763344785
2420736,1-Training-Losses/entropy,0.6899919509887695,Pong1PCB2L336P__seed_8_1763344785
2424832,1-Training-Losses/entropy,0.7012046575546265,Pong1PCB2L336P__seed_8_1763344785
2428928,1-Training-Losses/entropy,0.7036563158035278,Pong1PCB2L336P__seed_8_1763344785
2433024,1-Training-Losses/entropy,0.6683201789855957,Pong1PCB2L336P__seed_8_1763344785
2437120,1-Training-Losses/entropy,0.7361912131309509,Pong1PCB2L336P__seed_8_1763344785
2441216,1-Training-Losses/entropy,0.6871687173843384,Pong1PCB2L336P__seed_8_1763344785
2445312,1-Training-Losses/entropy,0.6866109371185303,Pong1PCB2L336P__seed_8_1763344785
2449408,1-Training-Losses/entropy,0.666052520275116,Pong1PCB2L336P__seed_8_1763344785
2453504,1-Training-Losses/entropy,0.7379350662231445,Pong1PCB2L336P__seed_8_1763344785
2457600,1-Training-Losses/entropy,0.6352751851081848,Pong1PCB2L336P__seed_8_1763344785
2461696,1-Training-Losses/entropy,0.7239255905151367,Pong1PCB2L336P__seed_8_1763344785
2465792,1-Training-Losses/entropy,0.731914222240448,Pong1PCB2L336P__seed_8_1763344785
2469888,1-Training-Losses/entropy,0.6336702108383179,Pong1PCB2L336P__seed_8_1763344785
2473984,1-Training-Losses/entropy,0.7229772806167603,Pong1PCB2L336P__seed_8_1763344785
2478080,1-Training-Losses/entropy,0.6371846199035645,Pong1PCB2L336P__seed_8_1763344785
2482176,1-Training-Losses/entropy,0.6722445487976074,Pong1PCB2L336P__seed_8_1763344785
2486272,1-Training-Losses/entropy,0.6770296096801758,Pong1PCB2L336P__seed_8_1763344785
2490368,1-Training-Losses/entropy,0.6869077086448669,Pong1PCB2L336P__seed_8_1763344785
2494464,1-Training-Losses/entropy,0.6948392391204834,Pong1PCB2L336P__seed_8_1763344785
2498560,1-Training-Losses/entropy,0.711986780166626,Pong1PCB2L336P__seed_8_1763344785
2502656,1-Training-Losses/entropy,0.7072248458862305,Pong1PCB2L336P__seed_8_1763344785
2506752,1-Training-Losses/entropy,0.6940170526504517,Pong1PCB2L336P__seed_8_1763344785
2510848,1-Training-Losses/entropy,0.732701301574707,Pong1PCB2L336P__seed_8_1763344785
2514944,1-Training-Losses/entropy,0.6948559284210205,Pong1PCB2L336P__seed_8_1763344785
2519040,1-Training-Losses/entropy,0.6864268183708191,Pong1PCB2L336P__seed_8_1763344785
2523136,1-Training-Losses/entropy,0.7032593488693237,Pong1PCB2L336P__seed_8_1763344785
2527232,1-Training-Losses/entropy,0.6732149720191956,Pong1PCB2L336P__seed_8_1763344785
2531328,1-Training-Losses/entropy,0.7135734558105469,Pong1PCB2L336P__seed_8_1763344785
2535424,1-Training-Losses/entropy,0.7288240790367126,Pong1PCB2L336P__seed_8_1763344785
2539520,1-Training-Losses/entropy,0.7143239378929138,Pong1PCB2L336P__seed_8_1763344785
2543616,1-Training-Losses/entropy,0.7136838436126709,Pong1PCB2L336P__seed_8_1763344785
2547712,1-Training-Losses/entropy,0.7598771452903748,Pong1PCB2L336P__seed_8_1763344785
2551808,1-Training-Losses/entropy,0.7652016878128052,Pong1PCB2L336P__seed_8_1763344785
2555904,1-Training-Losses/entropy,0.6764739751815796,Pong1PCB2L336P__seed_8_1763344785
2560000,1-Training-Losses/entropy,0.6987746953964233,Pong1PCB2L336P__seed_8_1763344785
2564096,1-Training-Losses/entropy,0.6815363764762878,Pong1PCB2L336P__seed_8_1763344785
2568192,1-Training-Losses/entropy,0.6379116773605347,Pong1PCB2L336P__seed_8_1763344785
2572288,1-Training-Losses/entropy,0.6752048134803772,Pong1PCB2L336P__seed_8_1763344785
2576384,1-Training-Losses/entropy,0.6740923523902893,Pong1PCB2L336P__seed_8_1763344785
2580480,1-Training-Losses/entropy,0.695960283279419,Pong1PCB2L336P__seed_8_1763344785
2584576,1-Training-Losses/entropy,0.6851290464401245,Pong1PCB2L336P__seed_8_1763344785
2588672,1-Training-Losses/entropy,0.673407793045044,Pong1PCB2L336P__seed_8_1763344785
2592768,1-Training-Losses/entropy,0.6783636212348938,Pong1PCB2L336P__seed_8_1763344785
2596864,1-Training-Losses/entropy,0.6985542178153992,Pong1PCB2L336P__seed_8_1763344785
2600960,1-Training-Losses/entropy,0.637703537940979,Pong1PCB2L336P__seed_8_1763344785
2605056,1-Training-Losses/entropy,0.69526207447052,Pong1PCB2L336P__seed_8_1763344785
2609152,1-Training-Losses/entropy,0.7023580074310303,Pong1PCB2L336P__seed_8_1763344785
2613248,1-Training-Losses/entropy,0.7022828459739685,Pong1PCB2L336P__seed_8_1763344785
2617344,1-Training-Losses/entropy,0.7070871591567993,Pong1PCB2L336P__seed_8_1763344785
2621440,1-Training-Losses/entropy,0.758720874786377,Pong1PCB2L336P__seed_8_1763344785
2625536,1-Training-Losses/entropy,0.7350512146949768,Pong1PCB2L336P__seed_8_1763344785
2629632,1-Training-Losses/entropy,0.7164645791053772,Pong1PCB2L336P__seed_8_1763344785
2633728,1-Training-Losses/entropy,0.7014738321304321,Pong1PCB2L336P__seed_8_1763344785
2637824,1-Training-Losses/entropy,0.7205123901367188,Pong1PCB2L336P__seed_8_1763344785
2641920,1-Training-Losses/entropy,0.6480503678321838,Pong1PCB2L336P__seed_8_1763344785
2646016,1-Training-Losses/entropy,0.699189305305481,Pong1PCB2L336P__seed_8_1763344785
2650112,1-Training-Losses/entropy,0.6992923021316528,Pong1PCB2L336P__seed_8_1763344785
2654208,1-Training-Losses/entropy,0.7199809551239014,Pong1PCB2L336P__seed_8_1763344785
2658304,1-Training-Losses/entropy,0.7181451916694641,Pong1PCB2L336P__seed_8_1763344785
2662400,1-Training-Losses/entropy,0.7231898307800293,Pong1PCB2L336P__seed_8_1763344785
2666496,1-Training-Losses/entropy,0.7375340461730957,Pong1PCB2L336P__seed_8_1763344785
2670592,1-Training-Losses/entropy,0.6550877094268799,Pong1PCB2L336P__seed_8_1763344785
2674688,1-Training-Losses/entropy,0.7292664051055908,Pong1PCB2L336P__seed_8_1763344785
2678784,1-Training-Losses/entropy,0.7013911008834839,Pong1PCB2L336P__seed_8_1763344785
2682880,1-Training-Losses/entropy,0.7056889533996582,Pong1PCB2L336P__seed_8_1763344785
2686976,1-Training-Losses/entropy,0.7631023526191711,Pong1PCB2L336P__seed_8_1763344785
2691072,1-Training-Losses/entropy,0.6882697939872742,Pong1PCB2L336P__seed_8_1763344785
2695168,1-Training-Losses/entropy,0.6817183494567871,Pong1PCB2L336P__seed_8_1763344785
2699264,1-Training-Losses/entropy,0.7267959117889404,Pong1PCB2L336P__seed_8_1763344785
2703360,1-Training-Losses/entropy,0.6782503128051758,Pong1PCB2L336P__seed_8_1763344785
2707456,1-Training-Losses/entropy,0.6511521935462952,Pong1PCB2L336P__seed_8_1763344785
2711552,1-Training-Losses/entropy,0.6596305966377258,Pong1PCB2L336P__seed_8_1763344785
2715648,1-Training-Losses/entropy,0.7180640697479248,Pong1PCB2L336P__seed_8_1763344785
2719744,1-Training-Losses/entropy,0.6552172303199768,Pong1PCB2L336P__seed_8_1763344785
2723840,1-Training-Losses/entropy,0.6512367725372314,Pong1PCB2L336P__seed_8_1763344785
2727936,1-Training-Losses/entropy,0.6652498245239258,Pong1PCB2L336P__seed_8_1763344785
2732032,1-Training-Losses/entropy,0.6802539825439453,Pong1PCB2L336P__seed_8_1763344785
2736128,1-Training-Losses/entropy,0.7089517116546631,Pong1PCB2L336P__seed_8_1763344785
2740224,1-Training-Losses/entropy,0.6778185367584229,Pong1PCB2L336P__seed_8_1763344785
2744320,1-Training-Losses/entropy,0.672757625579834,Pong1PCB2L336P__seed_8_1763344785
2748416,1-Training-Losses/entropy,0.6616518497467041,Pong1PCB2L336P__seed_8_1763344785
2752512,1-Training-Losses/entropy,0.6626251935958862,Pong1PCB2L336P__seed_8_1763344785
2756608,1-Training-Losses/entropy,0.6624904870986938,Pong1PCB2L336P__seed_8_1763344785
2760704,1-Training-Losses/entropy,0.6570091247558594,Pong1PCB2L336P__seed_8_1763344785
2764800,1-Training-Losses/entropy,0.7068269848823547,Pong1PCB2L336P__seed_8_1763344785
2768896,1-Training-Losses/entropy,0.6701472401618958,Pong1PCB2L336P__seed_8_1763344785
2772992,1-Training-Losses/entropy,0.607331395149231,Pong1PCB2L336P__seed_8_1763344785
2777088,1-Training-Losses/entropy,0.6315402984619141,Pong1PCB2L336P__seed_8_1763344785
2781184,1-Training-Losses/entropy,0.7245452404022217,Pong1PCB2L336P__seed_8_1763344785
2785280,1-Training-Losses/entropy,0.6908630132675171,Pong1PCB2L336P__seed_8_1763344785
2789376,1-Training-Losses/entropy,0.7200546264648438,Pong1PCB2L336P__seed_8_1763344785
2793472,1-Training-Losses/entropy,0.6248734593391418,Pong1PCB2L336P__seed_8_1763344785
2797568,1-Training-Losses/entropy,0.6724715232849121,Pong1PCB2L336P__seed_8_1763344785
2801664,1-Training-Losses/entropy,0.7244772911071777,Pong1PCB2L336P__seed_8_1763344785
2805760,1-Training-Losses/entropy,0.7184480428695679,Pong1PCB2L336P__seed_8_1763344785
2809856,1-Training-Losses/entropy,0.684148907661438,Pong1PCB2L336P__seed_8_1763344785
2813952,1-Training-Losses/entropy,0.6647305488586426,Pong1PCB2L336P__seed_8_1763344785
2818048,1-Training-Losses/entropy,0.6930242776870728,Pong1PCB2L336P__seed_8_1763344785
2822144,1-Training-Losses/entropy,0.675334632396698,Pong1PCB2L336P__seed_8_1763344785
2826240,1-Training-Losses/entropy,0.6471394300460815,Pong1PCB2L336P__seed_8_1763344785
2830336,1-Training-Losses/entropy,0.7142074108123779,Pong1PCB2L336P__seed_8_1763344785
2834432,1-Training-Losses/entropy,0.6453018188476562,Pong1PCB2L336P__seed_8_1763344785
2838528,1-Training-Losses/entropy,0.6398324370384216,Pong1PCB2L336P__seed_8_1763344785
2842624,1-Training-Losses/entropy,0.6101789474487305,Pong1PCB2L336P__seed_8_1763344785
2846720,1-Training-Losses/entropy,0.6562243700027466,Pong1PCB2L336P__seed_8_1763344785
2850816,1-Training-Losses/entropy,0.6917935013771057,Pong1PCB2L336P__seed_8_1763344785
2854912,1-Training-Losses/entropy,0.699734091758728,Pong1PCB2L336P__seed_8_1763344785
2859008,1-Training-Losses/entropy,0.6958423256874084,Pong1PCB2L336P__seed_8_1763344785
2863104,1-Training-Losses/entropy,0.6773031949996948,Pong1PCB2L336P__seed_8_1763344785
2867200,1-Training-Losses/entropy,0.6882547736167908,Pong1PCB2L336P__seed_8_1763344785
2871296,1-Training-Losses/entropy,0.6955690383911133,Pong1PCB2L336P__seed_8_1763344785
2875392,1-Training-Losses/entropy,0.6949540376663208,Pong1PCB2L336P__seed_8_1763344785
2879488,1-Training-Losses/entropy,0.6961731910705566,Pong1PCB2L336P__seed_8_1763344785
2883584,1-Training-Losses/entropy,0.6845811605453491,Pong1PCB2L336P__seed_8_1763344785
2887680,1-Training-Losses/entropy,0.6006888151168823,Pong1PCB2L336P__seed_8_1763344785
2891776,1-Training-Losses/entropy,0.7512047290802002,Pong1PCB2L336P__seed_8_1763344785
2895872,1-Training-Losses/entropy,0.6696895360946655,Pong1PCB2L336P__seed_8_1763344785
2899968,1-Training-Losses/entropy,0.6946468353271484,Pong1PCB2L336P__seed_8_1763344785
2904064,1-Training-Losses/entropy,0.6940163373947144,Pong1PCB2L336P__seed_8_1763344785
2908160,1-Training-Losses/entropy,0.6826197504997253,Pong1PCB2L336P__seed_8_1763344785
2912256,1-Training-Losses/entropy,0.6771973371505737,Pong1PCB2L336P__seed_8_1763344785
2916352,1-Training-Losses/entropy,0.7481595277786255,Pong1PCB2L336P__seed_8_1763344785
2920448,1-Training-Losses/entropy,0.6920608878135681,Pong1PCB2L336P__seed_8_1763344785
2924544,1-Training-Losses/entropy,0.6222023963928223,Pong1PCB2L336P__seed_8_1763344785
2928640,1-Training-Losses/entropy,0.6857234835624695,Pong1PCB2L336P__seed_8_1763344785
2932736,1-Training-Losses/entropy,0.6708283424377441,Pong1PCB2L336P__seed_8_1763344785
2936832,1-Training-Losses/entropy,0.6325232982635498,Pong1PCB2L336P__seed_8_1763344785
2940928,1-Training-Losses/entropy,0.6116041541099548,Pong1PCB2L336P__seed_8_1763344785
2945024,1-Training-Losses/entropy,0.6529713273048401,Pong1PCB2L336P__seed_8_1763344785
2949120,1-Training-Losses/entropy,0.6398457288742065,Pong1PCB2L336P__seed_8_1763344785
2953216,1-Training-Losses/entropy,0.6865530610084534,Pong1PCB2L336P__seed_8_1763344785
2957312,1-Training-Losses/entropy,0.6648328900337219,Pong1PCB2L336P__seed_8_1763344785
2961408,1-Training-Losses/entropy,0.6769559383392334,Pong1PCB2L336P__seed_8_1763344785
2965504,1-Training-Losses/entropy,0.731784462928772,Pong1PCB2L336P__seed_8_1763344785
2969600,1-Training-Losses/entropy,0.7166180610656738,Pong1PCB2L336P__seed_8_1763344785
2973696,1-Training-Losses/entropy,0.6759579181671143,Pong1PCB2L336P__seed_8_1763344785
2977792,1-Training-Losses/entropy,0.6519280672073364,Pong1PCB2L336P__seed_8_1763344785
2981888,1-Training-Losses/entropy,0.6568827033042908,Pong1PCB2L336P__seed_8_1763344785
2985984,1-Training-Losses/entropy,0.6240697503089905,Pong1PCB2L336P__seed_8_1763344785
2990080,1-Training-Losses/entropy,0.7088546752929688,Pong1PCB2L336P__seed_8_1763344785
2994176,1-Training-Losses/entropy,0.7159346342086792,Pong1PCB2L336P__seed_8_1763344785
2998272,1-Training-Losses/entropy,0.7313981056213379,Pong1PCB2L336P__seed_8_1763344785
3002368,1-Training-Losses/entropy,0.7100902795791626,Pong1PCB2L336P__seed_8_1763344785
3006464,1-Training-Losses/entropy,0.7415406107902527,Pong1PCB2L336P__seed_8_1763344785
3010560,1-Training-Losses/entropy,0.6611611843109131,Pong1PCB2L336P__seed_8_1763344785
3014656,1-Training-Losses/entropy,0.6114193201065063,Pong1PCB2L336P__seed_8_1763344785
3018752,1-Training-Losses/entropy,0.6682144403457642,Pong1PCB2L336P__seed_8_1763344785
3022848,1-Training-Losses/entropy,0.7075154185295105,Pong1PCB2L336P__seed_8_1763344785
3026944,1-Training-Losses/entropy,0.7345131635665894,Pong1PCB2L336P__seed_8_1763344785
3031040,1-Training-Losses/entropy,0.6679139137268066,Pong1PCB2L336P__seed_8_1763344785
3035136,1-Training-Losses/entropy,0.7590895891189575,Pong1PCB2L336P__seed_8_1763344785
3039232,1-Training-Losses/entropy,0.7061488628387451,Pong1PCB2L336P__seed_8_1763344785
3043328,1-Training-Losses/entropy,0.6977118849754333,Pong1PCB2L336P__seed_8_1763344785
3047424,1-Training-Losses/entropy,0.6851160526275635,Pong1PCB2L336P__seed_8_1763344785
3051520,1-Training-Losses/entropy,0.6926414370536804,Pong1PCB2L336P__seed_8_1763344785
3055616,1-Training-Losses/entropy,0.7020143866539001,Pong1PCB2L336P__seed_8_1763344785
3059712,1-Training-Losses/entropy,0.6706109642982483,Pong1PCB2L336P__seed_8_1763344785
3063808,1-Training-Losses/entropy,0.6902893781661987,Pong1PCB2L336P__seed_8_1763344785
3067904,1-Training-Losses/entropy,0.6523406505584717,Pong1PCB2L336P__seed_8_1763344785
3072000,1-Training-Losses/entropy,0.6917019486427307,Pong1PCB2L336P__seed_8_1763344785
3076096,1-Training-Losses/entropy,0.65555739402771,Pong1PCB2L336P__seed_8_1763344785
3080192,1-Training-Losses/entropy,0.702694833278656,Pong1PCB2L336P__seed_8_1763344785
3084288,1-Training-Losses/entropy,0.6881004571914673,Pong1PCB2L336P__seed_8_1763344785
3088384,1-Training-Losses/entropy,0.6942834854125977,Pong1PCB2L336P__seed_8_1763344785
3092480,1-Training-Losses/entropy,0.6615694761276245,Pong1PCB2L336P__seed_8_1763344785
3096576,1-Training-Losses/entropy,0.663406491279602,Pong1PCB2L336P__seed_8_1763344785
3100672,1-Training-Losses/entropy,0.6141911745071411,Pong1PCB2L336P__seed_8_1763344785
3104768,1-Training-Losses/entropy,0.6628740429878235,Pong1PCB2L336P__seed_8_1763344785
3108864,1-Training-Losses/entropy,0.6767539978027344,Pong1PCB2L336P__seed_8_1763344785
3112960,1-Training-Losses/entropy,0.6795533895492554,Pong1PCB2L336P__seed_8_1763344785
3117056,1-Training-Losses/entropy,0.6985713243484497,Pong1PCB2L336P__seed_8_1763344785
3121152,1-Training-Losses/entropy,0.7000181674957275,Pong1PCB2L336P__seed_8_1763344785
3125248,1-Training-Losses/entropy,0.6425596475601196,Pong1PCB2L336P__seed_8_1763344785
3129344,1-Training-Losses/entropy,0.7130061388015747,Pong1PCB2L336P__seed_8_1763344785
3133440,1-Training-Losses/entropy,0.6562553644180298,Pong1PCB2L336P__seed_8_1763344785
3137536,1-Training-Losses/entropy,0.6513747572898865,Pong1PCB2L336P__seed_8_1763344785
3141632,1-Training-Losses/entropy,0.7471362352371216,Pong1PCB2L336P__seed_8_1763344785
3145728,1-Training-Losses/entropy,0.6502904891967773,Pong1PCB2L336P__seed_8_1763344785
3149824,1-Training-Losses/entropy,0.7018609046936035,Pong1PCB2L336P__seed_8_1763344785
3153920,1-Training-Losses/entropy,0.7258338928222656,Pong1PCB2L336P__seed_8_1763344785
3158016,1-Training-Losses/entropy,0.6566689014434814,Pong1PCB2L336P__seed_8_1763344785
3162112,1-Training-Losses/entropy,0.6646811962127686,Pong1PCB2L336P__seed_8_1763344785
3166208,1-Training-Losses/entropy,0.6872186660766602,Pong1PCB2L336P__seed_8_1763344785
3170304,1-Training-Losses/entropy,0.6867536306381226,Pong1PCB2L336P__seed_8_1763344785
3174400,1-Training-Losses/entropy,0.7233288884162903,Pong1PCB2L336P__seed_8_1763344785
3178496,1-Training-Losses/entropy,0.6604987978935242,Pong1PCB2L336P__seed_8_1763344785
3182592,1-Training-Losses/entropy,0.6106306314468384,Pong1PCB2L336P__seed_8_1763344785
3186688,1-Training-Losses/entropy,0.7576016783714294,Pong1PCB2L336P__seed_8_1763344785
3190784,1-Training-Losses/entropy,0.6568248867988586,Pong1PCB2L336P__seed_8_1763344785
3194880,1-Training-Losses/entropy,0.6226266622543335,Pong1PCB2L336P__seed_8_1763344785
3198976,1-Training-Losses/entropy,0.7168881893157959,Pong1PCB2L336P__seed_8_1763344785
3203072,1-Training-Losses/entropy,0.7191774845123291,Pong1PCB2L336P__seed_8_1763344785
3207168,1-Training-Losses/entropy,0.6361885070800781,Pong1PCB2L336P__seed_8_1763344785
3211264,1-Training-Losses/entropy,0.6739461421966553,Pong1PCB2L336P__seed_8_1763344785
3215360,1-Training-Losses/entropy,0.6096984148025513,Pong1PCB2L336P__seed_8_1763344785
3219456,1-Training-Losses/entropy,0.6922100782394409,Pong1PCB2L336P__seed_8_1763344785
3223552,1-Training-Losses/entropy,0.6964257955551147,Pong1PCB2L336P__seed_8_1763344785
3227648,1-Training-Losses/entropy,0.6885232329368591,Pong1PCB2L336P__seed_8_1763344785
3231744,1-Training-Losses/entropy,0.6677330136299133,Pong1PCB2L336P__seed_8_1763344785
3235840,1-Training-Losses/entropy,0.6541851758956909,Pong1PCB2L336P__seed_8_1763344785
3239936,1-Training-Losses/entropy,0.6964091658592224,Pong1PCB2L336P__seed_8_1763344785
3244032,1-Training-Losses/entropy,0.6689214706420898,Pong1PCB2L336P__seed_8_1763344785
3248128,1-Training-Losses/entropy,0.6533945202827454,Pong1PCB2L336P__seed_8_1763344785
3252224,1-Training-Losses/entropy,0.6478774547576904,Pong1PCB2L336P__seed_8_1763344785
3256320,1-Training-Losses/entropy,0.663147509098053,Pong1PCB2L336P__seed_8_1763344785
3260416,1-Training-Losses/entropy,0.7011058330535889,Pong1PCB2L336P__seed_8_1763344785
3264512,1-Training-Losses/entropy,0.6624919772148132,Pong1PCB2L336P__seed_8_1763344785
3268608,1-Training-Losses/entropy,0.7228280305862427,Pong1PCB2L336P__seed_8_1763344785
3272704,1-Training-Losses/entropy,0.6576701402664185,Pong1PCB2L336P__seed_8_1763344785
3276800,1-Training-Losses/entropy,0.6693868637084961,Pong1PCB2L336P__seed_8_1763344785
3280896,1-Training-Losses/entropy,0.6799194812774658,Pong1PCB2L336P__seed_8_1763344785
3284992,1-Training-Losses/entropy,0.6951884627342224,Pong1PCB2L336P__seed_8_1763344785
3289088,1-Training-Losses/entropy,0.6506847143173218,Pong1PCB2L336P__seed_8_1763344785
3293184,1-Training-Losses/entropy,0.75017249584198,Pong1PCB2L336P__seed_8_1763344785
3297280,1-Training-Losses/entropy,0.7014559507369995,Pong1PCB2L336P__seed_8_1763344785
3301376,1-Training-Losses/entropy,0.6305926442146301,Pong1PCB2L336P__seed_8_1763344785
3305472,1-Training-Losses/entropy,0.6796068549156189,Pong1PCB2L336P__seed_8_1763344785
3309568,1-Training-Losses/entropy,0.73448646068573,Pong1PCB2L336P__seed_8_1763344785
3313664,1-Training-Losses/entropy,0.70192551612854,Pong1PCB2L336P__seed_8_1763344785
3317760,1-Training-Losses/entropy,0.6738332509994507,Pong1PCB2L336P__seed_8_1763344785
3321856,1-Training-Losses/entropy,0.6412164568901062,Pong1PCB2L336P__seed_8_1763344785
3325952,1-Training-Losses/entropy,0.7283967733383179,Pong1PCB2L336P__seed_8_1763344785
3330048,1-Training-Losses/entropy,0.7743939757347107,Pong1PCB2L336P__seed_8_1763344785
3334144,1-Training-Losses/entropy,0.6757726073265076,Pong1PCB2L336P__seed_8_1763344785
3338240,1-Training-Losses/entropy,0.626286506652832,Pong1PCB2L336P__seed_8_1763344785
3342336,1-Training-Losses/entropy,0.7603962421417236,Pong1PCB2L336P__seed_8_1763344785
3346432,1-Training-Losses/entropy,0.6705226898193359,Pong1PCB2L336P__seed_8_1763344785
3350528,1-Training-Losses/entropy,0.6510714292526245,Pong1PCB2L336P__seed_8_1763344785
3354624,1-Training-Losses/entropy,0.7211765646934509,Pong1PCB2L336P__seed_8_1763344785
3358720,1-Training-Losses/entropy,0.6950075626373291,Pong1PCB2L336P__seed_8_1763344785
3362816,1-Training-Losses/entropy,0.637077808380127,Pong1PCB2L336P__seed_8_1763344785
3366912,1-Training-Losses/entropy,0.6974250078201294,Pong1PCB2L336P__seed_8_1763344785
3371008,1-Training-Losses/entropy,0.6142154932022095,Pong1PCB2L336P__seed_8_1763344785
3375104,1-Training-Losses/entropy,0.7129856944084167,Pong1PCB2L336P__seed_8_1763344785
3379200,1-Training-Losses/entropy,0.6452574729919434,Pong1PCB2L336P__seed_8_1763344785
3383296,1-Training-Losses/entropy,0.693152666091919,Pong1PCB2L336P__seed_8_1763344785
3387392,1-Training-Losses/entropy,0.7288698554039001,Pong1PCB2L336P__seed_8_1763344785
3391488,1-Training-Losses/entropy,0.6437194347381592,Pong1PCB2L336P__seed_8_1763344785
3395584,1-Training-Losses/entropy,0.6445722579956055,Pong1PCB2L336P__seed_8_1763344785
3399680,1-Training-Losses/entropy,0.6959484815597534,Pong1PCB2L336P__seed_8_1763344785
3403776,1-Training-Losses/entropy,0.7225875854492188,Pong1PCB2L336P__seed_8_1763344785
3407872,1-Training-Losses/entropy,0.6681075096130371,Pong1PCB2L336P__seed_8_1763344785
3411968,1-Training-Losses/entropy,0.664696216583252,Pong1PCB2L336P__seed_8_1763344785
3416064,1-Training-Losses/entropy,0.5995916128158569,Pong1PCB2L336P__seed_8_1763344785
3420160,1-Training-Losses/entropy,0.6830275058746338,Pong1PCB2L336P__seed_8_1763344785
3424256,1-Training-Losses/entropy,0.6679987907409668,Pong1PCB2L336P__seed_8_1763344785
3428352,1-Training-Losses/entropy,0.6811543703079224,Pong1PCB2L336P__seed_8_1763344785
3432448,1-Training-Losses/entropy,0.7489506602287292,Pong1PCB2L336P__seed_8_1763344785
3436544,1-Training-Losses/entropy,0.6754766702651978,Pong1PCB2L336P__seed_8_1763344785
3440640,1-Training-Losses/entropy,0.7013043761253357,Pong1PCB2L336P__seed_8_1763344785
3444736,1-Training-Losses/entropy,0.7621732950210571,Pong1PCB2L336P__seed_8_1763344785
3448832,1-Training-Losses/entropy,0.7442660331726074,Pong1PCB2L336P__seed_8_1763344785
3452928,1-Training-Losses/entropy,0.7128000259399414,Pong1PCB2L336P__seed_8_1763344785
3457024,1-Training-Losses/entropy,0.6539397239685059,Pong1PCB2L336P__seed_8_1763344785
3461120,1-Training-Losses/entropy,0.6877974271774292,Pong1PCB2L336P__seed_8_1763344785
3465216,1-Training-Losses/entropy,0.6878514885902405,Pong1PCB2L336P__seed_8_1763344785
3469312,1-Training-Losses/entropy,0.7088412642478943,Pong1PCB2L336P__seed_8_1763344785
3473408,1-Training-Losses/entropy,0.7564034461975098,Pong1PCB2L336P__seed_8_1763344785
3477504,1-Training-Losses/entropy,0.6694066524505615,Pong1PCB2L336P__seed_8_1763344785
3481600,1-Training-Losses/entropy,0.6904367208480835,Pong1PCB2L336P__seed_8_1763344785
3485696,1-Training-Losses/entropy,0.6936497688293457,Pong1PCB2L336P__seed_8_1763344785
3489792,1-Training-Losses/entropy,0.6823763251304626,Pong1PCB2L336P__seed_8_1763344785
3493888,1-Training-Losses/entropy,0.6706422567367554,Pong1PCB2L336P__seed_8_1763344785
3497984,1-Training-Losses/entropy,0.7162116765975952,Pong1PCB2L336P__seed_8_1763344785
3502080,1-Training-Losses/entropy,0.697995126247406,Pong1PCB2L336P__seed_8_1763344785
3506176,1-Training-Losses/entropy,0.6385158896446228,Pong1PCB2L336P__seed_8_1763344785
3510272,1-Training-Losses/entropy,0.6478191614151001,Pong1PCB2L336P__seed_8_1763344785
3514368,1-Training-Losses/entropy,0.6808239221572876,Pong1PCB2L336P__seed_8_1763344785
3518464,1-Training-Losses/entropy,0.7066505551338196,Pong1PCB2L336P__seed_8_1763344785
3522560,1-Training-Losses/entropy,0.7112838625907898,Pong1PCB2L336P__seed_8_1763344785
3526656,1-Training-Losses/entropy,0.6872819066047668,Pong1PCB2L336P__seed_8_1763344785
3530752,1-Training-Losses/entropy,0.6798343658447266,Pong1PCB2L336P__seed_8_1763344785
3534848,1-Training-Losses/entropy,0.7234691977500916,Pong1PCB2L336P__seed_8_1763344785
3538944,1-Training-Losses/entropy,0.7410149574279785,Pong1PCB2L336P__seed_8_1763344785
3543040,1-Training-Losses/entropy,0.7210614681243896,Pong1PCB2L336P__seed_8_1763344785
3547136,1-Training-Losses/entropy,0.642474889755249,Pong1PCB2L336P__seed_8_1763344785
3551232,1-Training-Losses/entropy,0.7263011932373047,Pong1PCB2L336P__seed_8_1763344785
3555328,1-Training-Losses/entropy,0.7182796001434326,Pong1PCB2L336P__seed_8_1763344785
3559424,1-Training-Losses/entropy,0.6636829972267151,Pong1PCB2L336P__seed_8_1763344785
3563520,1-Training-Losses/entropy,0.7535837888717651,Pong1PCB2L336P__seed_8_1763344785
3567616,1-Training-Losses/entropy,0.6792404055595398,Pong1PCB2L336P__seed_8_1763344785
3571712,1-Training-Losses/entropy,0.6527928709983826,Pong1PCB2L336P__seed_8_1763344785
3575808,1-Training-Losses/entropy,0.7164435982704163,Pong1PCB2L336P__seed_8_1763344785
3579904,1-Training-Losses/entropy,0.6793900728225708,Pong1PCB2L336P__seed_8_1763344785
3584000,1-Training-Losses/entropy,0.669348418712616,Pong1PCB2L336P__seed_8_1763344785
3588096,1-Training-Losses/entropy,0.745109498500824,Pong1PCB2L336P__seed_8_1763344785
3592192,1-Training-Losses/entropy,0.6693685054779053,Pong1PCB2L336P__seed_8_1763344785
3596288,1-Training-Losses/entropy,0.6709924936294556,Pong1PCB2L336P__seed_8_1763344785
3600384,1-Training-Losses/entropy,0.7595173120498657,Pong1PCB2L336P__seed_8_1763344785
3604480,1-Training-Losses/entropy,0.7207857370376587,Pong1PCB2L336P__seed_8_1763344785
3608576,1-Training-Losses/entropy,0.7431044578552246,Pong1PCB2L336P__seed_8_1763344785
3612672,1-Training-Losses/entropy,0.7422364950180054,Pong1PCB2L336P__seed_8_1763344785
3616768,1-Training-Losses/entropy,0.6809782981872559,Pong1PCB2L336P__seed_8_1763344785
3620864,1-Training-Losses/entropy,0.73317950963974,Pong1PCB2L336P__seed_8_1763344785
3624960,1-Training-Losses/entropy,0.6627374291419983,Pong1PCB2L336P__seed_8_1763344785
3629056,1-Training-Losses/entropy,0.6891794800758362,Pong1PCB2L336P__seed_8_1763344785
3633152,1-Training-Losses/entropy,0.7431367635726929,Pong1PCB2L336P__seed_8_1763344785
3637248,1-Training-Losses/entropy,0.7408567667007446,Pong1PCB2L336P__seed_8_1763344785
3641344,1-Training-Losses/entropy,0.6911661624908447,Pong1PCB2L336P__seed_8_1763344785
3645440,1-Training-Losses/entropy,0.7141551971435547,Pong1PCB2L336P__seed_8_1763344785
3649536,1-Training-Losses/entropy,0.730022668838501,Pong1PCB2L336P__seed_8_1763344785
3653632,1-Training-Losses/entropy,0.7155110239982605,Pong1PCB2L336P__seed_8_1763344785
3657728,1-Training-Losses/entropy,0.70002281665802,Pong1PCB2L336P__seed_8_1763344785
3661824,1-Training-Losses/entropy,0.7628305554389954,Pong1PCB2L336P__seed_8_1763344785
3665920,1-Training-Losses/entropy,0.7868090867996216,Pong1PCB2L336P__seed_8_1763344785
3670016,1-Training-Losses/entropy,0.732506513595581,Pong1PCB2L336P__seed_8_1763344785
3674112,1-Training-Losses/entropy,0.6439794898033142,Pong1PCB2L336P__seed_8_1763344785
3678208,1-Training-Losses/entropy,0.745228111743927,Pong1PCB2L336P__seed_8_1763344785
3682304,1-Training-Losses/entropy,0.722296953201294,Pong1PCB2L336P__seed_8_1763344785
3686400,1-Training-Losses/entropy,0.7168298959732056,Pong1PCB2L336P__seed_8_1763344785
3690496,1-Training-Losses/entropy,0.7441457509994507,Pong1PCB2L336P__seed_8_1763344785
3694592,1-Training-Losses/entropy,0.7370397448539734,Pong1PCB2L336P__seed_8_1763344785
3698688,1-Training-Losses/entropy,0.7009029388427734,Pong1PCB2L336P__seed_8_1763344785
3702784,1-Training-Losses/entropy,0.6985925436019897,Pong1PCB2L336P__seed_8_1763344785
3706880,1-Training-Losses/entropy,0.7552140951156616,Pong1PCB2L336P__seed_8_1763344785
3710976,1-Training-Losses/entropy,0.6804983615875244,Pong1PCB2L336P__seed_8_1763344785
3715072,1-Training-Losses/entropy,0.7046490907669067,Pong1PCB2L336P__seed_8_1763344785
3719168,1-Training-Losses/entropy,0.7556285858154297,Pong1PCB2L336P__seed_8_1763344785
3723264,1-Training-Losses/entropy,0.739445686340332,Pong1PCB2L336P__seed_8_1763344785
3727360,1-Training-Losses/entropy,0.721343994140625,Pong1PCB2L336P__seed_8_1763344785
3731456,1-Training-Losses/entropy,0.7465815544128418,Pong1PCB2L336P__seed_8_1763344785
3735552,1-Training-Losses/entropy,0.7033821940422058,Pong1PCB2L336P__seed_8_1763344785
3739648,1-Training-Losses/entropy,0.7645910382270813,Pong1PCB2L336P__seed_8_1763344785
3743744,1-Training-Losses/entropy,0.7024648189544678,Pong1PCB2L336P__seed_8_1763344785
3747840,1-Training-Losses/entropy,0.7050662040710449,Pong1PCB2L336P__seed_8_1763344785
3751936,1-Training-Losses/entropy,0.8000028133392334,Pong1PCB2L336P__seed_8_1763344785
3756032,1-Training-Losses/entropy,0.6913949251174927,Pong1PCB2L336P__seed_8_1763344785
3760128,1-Training-Losses/entropy,0.6948878765106201,Pong1PCB2L336P__seed_8_1763344785
3764224,1-Training-Losses/entropy,0.7500401139259338,Pong1PCB2L336P__seed_8_1763344785
3768320,1-Training-Losses/entropy,0.7539145946502686,Pong1PCB2L336P__seed_8_1763344785
3772416,1-Training-Losses/entropy,0.6975910663604736,Pong1PCB2L336P__seed_8_1763344785
3776512,1-Training-Losses/entropy,0.6852937340736389,Pong1PCB2L336P__seed_8_1763344785
3780608,1-Training-Losses/entropy,0.7280772924423218,Pong1PCB2L336P__seed_8_1763344785
3784704,1-Training-Losses/entropy,0.7149683237075806,Pong1PCB2L336P__seed_8_1763344785
3788800,1-Training-Losses/entropy,0.7088918685913086,Pong1PCB2L336P__seed_8_1763344785
3792896,1-Training-Losses/entropy,0.6761711835861206,Pong1PCB2L336P__seed_8_1763344785
3796992,1-Training-Losses/entropy,0.7647708654403687,Pong1PCB2L336P__seed_8_1763344785
3801088,1-Training-Losses/entropy,0.7586095929145813,Pong1PCB2L336P__seed_8_1763344785
3805184,1-Training-Losses/entropy,0.7531052827835083,Pong1PCB2L336P__seed_8_1763344785
3809280,1-Training-Losses/entropy,0.7716240882873535,Pong1PCB2L336P__seed_8_1763344785
3813376,1-Training-Losses/entropy,0.7263003587722778,Pong1PCB2L336P__seed_8_1763344785
3817472,1-Training-Losses/entropy,0.7011696100234985,Pong1PCB2L336P__seed_8_1763344785
3821568,1-Training-Losses/entropy,0.7271314859390259,Pong1PCB2L336P__seed_8_1763344785
3825664,1-Training-Losses/entropy,0.7579472064971924,Pong1PCB2L336P__seed_8_1763344785
3829760,1-Training-Losses/entropy,0.7463622689247131,Pong1PCB2L336P__seed_8_1763344785
3833856,1-Training-Losses/entropy,0.744549036026001,Pong1PCB2L336P__seed_8_1763344785
3837952,1-Training-Losses/entropy,0.792365312576294,Pong1PCB2L336P__seed_8_1763344785
3842048,1-Training-Losses/entropy,0.7538934946060181,Pong1PCB2L336P__seed_8_1763344785
3846144,1-Training-Losses/entropy,0.748826801776886,Pong1PCB2L336P__seed_8_1763344785
3850240,1-Training-Losses/entropy,0.7102504968643188,Pong1PCB2L336P__seed_8_1763344785
3854336,1-Training-Losses/entropy,0.7133410573005676,Pong1PCB2L336P__seed_8_1763344785
3858432,1-Training-Losses/entropy,0.7494341135025024,Pong1PCB2L336P__seed_8_1763344785
3862528,1-Training-Losses/entropy,0.74625563621521,Pong1PCB2L336P__seed_8_1763344785
3866624,1-Training-Losses/entropy,0.7520996928215027,Pong1PCB2L336P__seed_8_1763344785
3870720,1-Training-Losses/entropy,0.7708327770233154,Pong1PCB2L336P__seed_8_1763344785
3874816,1-Training-Losses/entropy,0.7250058650970459,Pong1PCB2L336P__seed_8_1763344785
3878912,1-Training-Losses/entropy,0.705940306186676,Pong1PCB2L336P__seed_8_1763344785
3883008,1-Training-Losses/entropy,0.7568320035934448,Pong1PCB2L336P__seed_8_1763344785
3887104,1-Training-Losses/entropy,0.8194271922111511,Pong1PCB2L336P__seed_8_1763344785
3891200,1-Training-Losses/entropy,0.7029745578765869,Pong1PCB2L336P__seed_8_1763344785
3895296,1-Training-Losses/entropy,0.7216271162033081,Pong1PCB2L336P__seed_8_1763344785
3899392,1-Training-Losses/entropy,0.7244507074356079,Pong1PCB2L336P__seed_8_1763344785
3903488,1-Training-Losses/entropy,0.7389271855354309,Pong1PCB2L336P__seed_8_1763344785
3907584,1-Training-Losses/entropy,0.7477530241012573,Pong1PCB2L336P__seed_8_1763344785
3911680,1-Training-Losses/entropy,0.7131208181381226,Pong1PCB2L336P__seed_8_1763344785
3915776,1-Training-Losses/entropy,0.7700881361961365,Pong1PCB2L336P__seed_8_1763344785
3919872,1-Training-Losses/entropy,0.7607609033584595,Pong1PCB2L336P__seed_8_1763344785
3923968,1-Training-Losses/entropy,0.7197325825691223,Pong1PCB2L336P__seed_8_1763344785
3928064,1-Training-Losses/entropy,0.7131046056747437,Pong1PCB2L336P__seed_8_1763344785
3932160,1-Training-Losses/entropy,0.7330491542816162,Pong1PCB2L336P__seed_8_1763344785
3936256,1-Training-Losses/entropy,0.7478251457214355,Pong1PCB2L336P__seed_8_1763344785
3940352,1-Training-Losses/entropy,0.7296059131622314,Pong1PCB2L336P__seed_8_1763344785
3944448,1-Training-Losses/entropy,0.7651814222335815,Pong1PCB2L336P__seed_8_1763344785
3948544,1-Training-Losses/entropy,0.7563372850418091,Pong1PCB2L336P__seed_8_1763344785
3952640,1-Training-Losses/entropy,0.7585204839706421,Pong1PCB2L336P__seed_8_1763344785
3956736,1-Training-Losses/entropy,0.7537046670913696,Pong1PCB2L336P__seed_8_1763344785
3960832,1-Training-Losses/entropy,0.772523045539856,Pong1PCB2L336P__seed_8_1763344785
3964928,1-Training-Losses/entropy,0.7199798822402954,Pong1PCB2L336P__seed_8_1763344785
3969024,1-Training-Losses/entropy,0.7710903882980347,Pong1PCB2L336P__seed_8_1763344785
3973120,1-Training-Losses/entropy,0.8051303029060364,Pong1PCB2L336P__seed_8_1763344785
3977216,1-Training-Losses/entropy,0.8016043305397034,Pong1PCB2L336P__seed_8_1763344785
3981312,1-Training-Losses/entropy,0.74631667137146,Pong1PCB2L336P__seed_8_1763344785
3985408,1-Training-Losses/entropy,0.6983739137649536,Pong1PCB2L336P__seed_8_1763344785
3989504,1-Training-Losses/entropy,0.8188704252243042,Pong1PCB2L336P__seed_8_1763344785
3993600,1-Training-Losses/entropy,0.8265572786331177,Pong1PCB2L336P__seed_8_1763344785
3997696,1-Training-Losses/entropy,0.7527140974998474,Pong1PCB2L336P__seed_8_1763344785
4001792,1-Training-Losses/entropy,0.744052529335022,Pong1PCB2L336P__seed_8_1763344785
4005888,1-Training-Losses/entropy,0.7637836933135986,Pong1PCB2L336P__seed_8_1763344785
4009984,1-Training-Losses/entropy,0.7591285705566406,Pong1PCB2L336P__seed_8_1763344785
4014080,1-Training-Losses/entropy,0.7310607433319092,Pong1PCB2L336P__seed_8_1763344785
4018176,1-Training-Losses/entropy,0.7494416236877441,Pong1PCB2L336P__seed_8_1763344785
4022272,1-Training-Losses/entropy,0.7540377378463745,Pong1PCB2L336P__seed_8_1763344785
4026368,1-Training-Losses/entropy,0.8144208788871765,Pong1PCB2L336P__seed_8_1763344785
4030464,1-Training-Losses/entropy,0.7704030275344849,Pong1PCB2L336P__seed_8_1763344785
4034560,1-Training-Losses/entropy,0.797400712966919,Pong1PCB2L336P__seed_8_1763344785
4038656,1-Training-Losses/entropy,0.7748401761054993,Pong1PCB2L336P__seed_8_1763344785
4042752,1-Training-Losses/entropy,0.7171468734741211,Pong1PCB2L336P__seed_8_1763344785
4046848,1-Training-Losses/entropy,0.8116934299468994,Pong1PCB2L336P__seed_8_1763344785
4050944,1-Training-Losses/entropy,0.782814621925354,Pong1PCB2L336P__seed_8_1763344785
4055040,1-Training-Losses/entropy,0.7084903717041016,Pong1PCB2L336P__seed_8_1763344785
4059136,1-Training-Losses/entropy,0.7433825731277466,Pong1PCB2L336P__seed_8_1763344785
4063232,1-Training-Losses/entropy,0.7594696879386902,Pong1PCB2L336P__seed_8_1763344785
4067328,1-Training-Losses/entropy,0.7553098797798157,Pong1PCB2L336P__seed_8_1763344785
4071424,1-Training-Losses/entropy,0.780469536781311,Pong1PCB2L336P__seed_8_1763344785
4075520,1-Training-Losses/entropy,0.787804365158081,Pong1PCB2L336P__seed_8_1763344785
4079616,1-Training-Losses/entropy,0.6879549622535706,Pong1PCB2L336P__seed_8_1763344785
4083712,1-Training-Losses/entropy,0.7590686678886414,Pong1PCB2L336P__seed_8_1763344785
4087808,1-Training-Losses/entropy,0.8102022409439087,Pong1PCB2L336P__seed_8_1763344785
4091904,1-Training-Losses/entropy,0.7946431040763855,Pong1PCB2L336P__seed_8_1763344785
4096000,1-Training-Losses/entropy,0.8114705085754395,Pong1PCB2L336P__seed_8_1763344785
4100096,1-Training-Losses/entropy,0.7138144969940186,Pong1PCB2L336P__seed_8_1763344785
4104192,1-Training-Losses/entropy,0.7079417705535889,Pong1PCB2L336P__seed_8_1763344785
4108288,1-Training-Losses/entropy,0.8129088878631592,Pong1PCB2L336P__seed_8_1763344785
4112384,1-Training-Losses/entropy,0.7395684719085693,Pong1PCB2L336P__seed_8_1763344785
4116480,1-Training-Losses/entropy,0.8255903720855713,Pong1PCB2L336P__seed_8_1763344785
4120576,1-Training-Losses/entropy,0.8022515773773193,Pong1PCB2L336P__seed_8_1763344785
4124672,1-Training-Losses/entropy,0.7630058526992798,Pong1PCB2L336P__seed_8_1763344785
4128768,1-Training-Losses/entropy,0.7831634879112244,Pong1PCB2L336P__seed_8_1763344785
4132864,1-Training-Losses/entropy,0.8011711835861206,Pong1PCB2L336P__seed_8_1763344785
4136960,1-Training-Losses/entropy,0.7800909280776978,Pong1PCB2L336P__seed_8_1763344785
4141056,1-Training-Losses/entropy,0.7673283815383911,Pong1PCB2L336P__seed_8_1763344785
4145152,1-Training-Losses/entropy,0.8194442987442017,Pong1PCB2L336P__seed_8_1763344785
4149248,1-Training-Losses/entropy,0.7986005544662476,Pong1PCB2L336P__seed_8_1763344785
4153344,1-Training-Losses/entropy,0.7340327501296997,Pong1PCB2L336P__seed_8_1763344785
4157440,1-Training-Losses/entropy,0.7286616563796997,Pong1PCB2L336P__seed_8_1763344785
4161536,1-Training-Losses/entropy,0.7690229415893555,Pong1PCB2L336P__seed_8_1763344785
4165632,1-Training-Losses/entropy,0.7976623773574829,Pong1PCB2L336P__seed_8_1763344785
4169728,1-Training-Losses/entropy,0.7604793310165405,Pong1PCB2L336P__seed_8_1763344785
4173824,1-Training-Losses/entropy,0.8181102275848389,Pong1PCB2L336P__seed_8_1763344785
4177920,1-Training-Losses/entropy,0.795565664768219,Pong1PCB2L336P__seed_8_1763344785
4182016,1-Training-Losses/entropy,0.7552348375320435,Pong1PCB2L336P__seed_8_1763344785
4186112,1-Training-Losses/entropy,0.7326841354370117,Pong1PCB2L336P__seed_8_1763344785
4190208,1-Training-Losses/entropy,0.8332360982894897,Pong1PCB2L336P__seed_8_1763344785
4194304,1-Training-Losses/entropy,0.7374894618988037,Pong1PCB2L336P__seed_8_1763344785
4198400,1-Training-Losses/entropy,0.7025248408317566,Pong1PCB2L336P__seed_8_1763344785
4202496,1-Training-Losses/entropy,0.7530555725097656,Pong1PCB2L336P__seed_8_1763344785
4206592,1-Training-Losses/entropy,0.7999262809753418,Pong1PCB2L336P__seed_8_1763344785
4210688,1-Training-Losses/entropy,0.7399961948394775,Pong1PCB2L336P__seed_8_1763344785
4214784,1-Training-Losses/entropy,0.7140042185783386,Pong1PCB2L336P__seed_8_1763344785
4218880,1-Training-Losses/entropy,0.7651450634002686,Pong1PCB2L336P__seed_8_1763344785
4222976,1-Training-Losses/entropy,0.8590116500854492,Pong1PCB2L336P__seed_8_1763344785
4227072,1-Training-Losses/entropy,0.7438607811927795,Pong1PCB2L336P__seed_8_1763344785
4231168,1-Training-Losses/entropy,0.7434849739074707,Pong1PCB2L336P__seed_8_1763344785
4235264,1-Training-Losses/entropy,0.767768383026123,Pong1PCB2L336P__seed_8_1763344785
4239360,1-Training-Losses/entropy,0.7695258855819702,Pong1PCB2L336P__seed_8_1763344785
4243456,1-Training-Losses/entropy,0.8045575022697449,Pong1PCB2L336P__seed_8_1763344785
4247552,1-Training-Losses/entropy,0.7122141122817993,Pong1PCB2L336P__seed_8_1763344785
4251648,1-Training-Losses/entropy,0.7610175609588623,Pong1PCB2L336P__seed_8_1763344785
4255744,1-Training-Losses/entropy,0.753467321395874,Pong1PCB2L336P__seed_8_1763344785
4259840,1-Training-Losses/entropy,0.7691711187362671,Pong1PCB2L336P__seed_8_1763344785
4263936,1-Training-Losses/entropy,0.7992501258850098,Pong1PCB2L336P__seed_8_1763344785
4268032,1-Training-Losses/entropy,0.7535191774368286,Pong1PCB2L336P__seed_8_1763344785
4272128,1-Training-Losses/entropy,0.7750533819198608,Pong1PCB2L336P__seed_8_1763344785
4276224,1-Training-Losses/entropy,0.760201096534729,Pong1PCB2L336P__seed_8_1763344785
4280320,1-Training-Losses/entropy,0.7352938652038574,Pong1PCB2L336P__seed_8_1763344785
4284416,1-Training-Losses/entropy,0.7591104507446289,Pong1PCB2L336P__seed_8_1763344785
4288512,1-Training-Losses/entropy,0.7955126762390137,Pong1PCB2L336P__seed_8_1763344785
4292608,1-Training-Losses/entropy,0.7834113240242004,Pong1PCB2L336P__seed_8_1763344785
4296704,1-Training-Losses/entropy,0.7446035146713257,Pong1PCB2L336P__seed_8_1763344785
4300800,1-Training-Losses/entropy,0.8193113803863525,Pong1PCB2L336P__seed_8_1763344785
4304896,1-Training-Losses/entropy,0.8422340750694275,Pong1PCB2L336P__seed_8_1763344785
4308992,1-Training-Losses/entropy,0.7837119698524475,Pong1PCB2L336P__seed_8_1763344785
4313088,1-Training-Losses/entropy,0.7974948883056641,Pong1PCB2L336P__seed_8_1763344785
4317184,1-Training-Losses/entropy,0.8372732400894165,Pong1PCB2L336P__seed_8_1763344785
4321280,1-Training-Losses/entropy,0.81756591796875,Pong1PCB2L336P__seed_8_1763344785
4325376,1-Training-Losses/entropy,0.7655937671661377,Pong1PCB2L336P__seed_8_1763344785
4329472,1-Training-Losses/entropy,0.7688419818878174,Pong1PCB2L336P__seed_8_1763344785
4333568,1-Training-Losses/entropy,0.7612876892089844,Pong1PCB2L336P__seed_8_1763344785
4337664,1-Training-Losses/entropy,0.7874656319618225,Pong1PCB2L336P__seed_8_1763344785
4341760,1-Training-Losses/entropy,0.7677576541900635,Pong1PCB2L336P__seed_8_1763344785
4345856,1-Training-Losses/entropy,0.7699929475784302,Pong1PCB2L336P__seed_8_1763344785
4349952,1-Training-Losses/entropy,0.8044368028640747,Pong1PCB2L336P__seed_8_1763344785
4354048,1-Training-Losses/entropy,0.7743711471557617,Pong1PCB2L336P__seed_8_1763344785
4358144,1-Training-Losses/entropy,0.8192832469940186,Pong1PCB2L336P__seed_8_1763344785
4362240,1-Training-Losses/entropy,0.7533029317855835,Pong1PCB2L336P__seed_8_1763344785
4366336,1-Training-Losses/entropy,0.781618058681488,Pong1PCB2L336P__seed_8_1763344785
4370432,1-Training-Losses/entropy,0.7911968231201172,Pong1PCB2L336P__seed_8_1763344785
4374528,1-Training-Losses/entropy,0.7637209892272949,Pong1PCB2L336P__seed_8_1763344785
4378624,1-Training-Losses/entropy,0.7720807790756226,Pong1PCB2L336P__seed_8_1763344785
4382720,1-Training-Losses/entropy,0.7566735744476318,Pong1PCB2L336P__seed_8_1763344785
4386816,1-Training-Losses/entropy,0.7703841328620911,Pong1PCB2L336P__seed_8_1763344785
4390912,1-Training-Losses/entropy,0.8222724795341492,Pong1PCB2L336P__seed_8_1763344785
4395008,1-Training-Losses/entropy,0.769524097442627,Pong1PCB2L336P__seed_8_1763344785
4399104,1-Training-Losses/entropy,0.7633329629898071,Pong1PCB2L336P__seed_8_1763344785
4403200,1-Training-Losses/entropy,0.7517848610877991,Pong1PCB2L336P__seed_8_1763344785
4407296,1-Training-Losses/entropy,0.7570381164550781,Pong1PCB2L336P__seed_8_1763344785
4411392,1-Training-Losses/entropy,0.8007687330245972,Pong1PCB2L336P__seed_8_1763344785
4415488,1-Training-Losses/entropy,0.7682794332504272,Pong1PCB2L336P__seed_8_1763344785
4419584,1-Training-Losses/entropy,0.7403779029846191,Pong1PCB2L336P__seed_8_1763344785
4423680,1-Training-Losses/entropy,0.8625093698501587,Pong1PCB2L336P__seed_8_1763344785
4427776,1-Training-Losses/entropy,0.7487960457801819,Pong1PCB2L336P__seed_8_1763344785
4431872,1-Training-Losses/entropy,0.7555630207061768,Pong1PCB2L336P__seed_8_1763344785
4435968,1-Training-Losses/entropy,0.7655365467071533,Pong1PCB2L336P__seed_8_1763344785
4440064,1-Training-Losses/entropy,0.8057172298431396,Pong1PCB2L336P__seed_8_1763344785
4444160,1-Training-Losses/entropy,0.7494660019874573,Pong1PCB2L336P__seed_8_1763344785
4448256,1-Training-Losses/entropy,0.7700255513191223,Pong1PCB2L336P__seed_8_1763344785
4452352,1-Training-Losses/entropy,0.7521740198135376,Pong1PCB2L336P__seed_8_1763344785
4456448,1-Training-Losses/entropy,0.7949254512786865,Pong1PCB2L336P__seed_8_1763344785
4460544,1-Training-Losses/entropy,0.7953362464904785,Pong1PCB2L336P__seed_8_1763344785
4464640,1-Training-Losses/entropy,0.738741397857666,Pong1PCB2L336P__seed_8_1763344785
4468736,1-Training-Losses/entropy,0.7586181163787842,Pong1PCB2L336P__seed_8_1763344785
4472832,1-Training-Losses/entropy,0.7853155136108398,Pong1PCB2L336P__seed_8_1763344785
4476928,1-Training-Losses/entropy,0.7437198162078857,Pong1PCB2L336P__seed_8_1763344785
4481024,1-Training-Losses/entropy,0.7943179607391357,Pong1PCB2L336P__seed_8_1763344785
4485120,1-Training-Losses/entropy,0.8195215463638306,Pong1PCB2L336P__seed_8_1763344785
4489216,1-Training-Losses/entropy,0.7415162324905396,Pong1PCB2L336P__seed_8_1763344785
4493312,1-Training-Losses/entropy,0.8035812377929688,Pong1PCB2L336P__seed_8_1763344785
4497408,1-Training-Losses/entropy,0.7817577123641968,Pong1PCB2L336P__seed_8_1763344785
4501504,1-Training-Losses/entropy,0.771432638168335,Pong1PCB2L336P__seed_8_1763344785
4505600,1-Training-Losses/entropy,0.7587558627128601,Pong1PCB2L336P__seed_8_1763344785
4509696,1-Training-Losses/entropy,0.8125159740447998,Pong1PCB2L336P__seed_8_1763344785
4513792,1-Training-Losses/entropy,0.8004063963890076,Pong1PCB2L336P__seed_8_1763344785
4517888,1-Training-Losses/entropy,0.7972772717475891,Pong1PCB2L336P__seed_8_1763344785
4521984,1-Training-Losses/entropy,0.8212874531745911,Pong1PCB2L336P__seed_8_1763344785
4526080,1-Training-Losses/entropy,0.7684831619262695,Pong1PCB2L336P__seed_8_1763344785
4530176,1-Training-Losses/entropy,0.7893344759941101,Pong1PCB2L336P__seed_8_1763344785
4534272,1-Training-Losses/entropy,0.7738513350486755,Pong1PCB2L336P__seed_8_1763344785
4538368,1-Training-Losses/entropy,0.8086147904396057,Pong1PCB2L336P__seed_8_1763344785
4542464,1-Training-Losses/entropy,0.7796168923377991,Pong1PCB2L336P__seed_8_1763344785
4546560,1-Training-Losses/entropy,0.7477577328681946,Pong1PCB2L336P__seed_8_1763344785
4550656,1-Training-Losses/entropy,0.7542914152145386,Pong1PCB2L336P__seed_8_1763344785
4554752,1-Training-Losses/entropy,0.7744336128234863,Pong1PCB2L336P__seed_8_1763344785
4558848,1-Training-Losses/entropy,0.7486696839332581,Pong1PCB2L336P__seed_8_1763344785
4562944,1-Training-Losses/entropy,0.7881680727005005,Pong1PCB2L336P__seed_8_1763344785
4567040,1-Training-Losses/entropy,0.7981188297271729,Pong1PCB2L336P__seed_8_1763344785
4571136,1-Training-Losses/entropy,0.7273239493370056,Pong1PCB2L336P__seed_8_1763344785
4575232,1-Training-Losses/entropy,0.7528945803642273,Pong1PCB2L336P__seed_8_1763344785
4579328,1-Training-Losses/entropy,0.7407023906707764,Pong1PCB2L336P__seed_8_1763344785
4583424,1-Training-Losses/entropy,0.7143126726150513,Pong1PCB2L336P__seed_8_1763344785
4587520,1-Training-Losses/entropy,0.7529373168945312,Pong1PCB2L336P__seed_8_1763344785
4591616,1-Training-Losses/entropy,0.7906472086906433,Pong1PCB2L336P__seed_8_1763344785
4595712,1-Training-Losses/entropy,0.8014791011810303,Pong1PCB2L336P__seed_8_1763344785
4599808,1-Training-Losses/entropy,0.7327134013175964,Pong1PCB2L336P__seed_8_1763344785
4603904,1-Training-Losses/entropy,0.7222509384155273,Pong1PCB2L336P__seed_8_1763344785
4608000,1-Training-Losses/entropy,0.800864577293396,Pong1PCB2L336P__seed_8_1763344785
4612096,1-Training-Losses/entropy,0.8086842894554138,Pong1PCB2L336P__seed_8_1763344785
4616192,1-Training-Losses/entropy,0.8586846590042114,Pong1PCB2L336P__seed_8_1763344785
4620288,1-Training-Losses/entropy,0.7351515293121338,Pong1PCB2L336P__seed_8_1763344785
4624384,1-Training-Losses/entropy,0.6746612787246704,Pong1PCB2L336P__seed_8_1763344785
4628480,1-Training-Losses/entropy,0.7571390867233276,Pong1PCB2L336P__seed_8_1763344785
4632576,1-Training-Losses/entropy,0.7804137468338013,Pong1PCB2L336P__seed_8_1763344785
4636672,1-Training-Losses/entropy,0.7326573133468628,Pong1PCB2L336P__seed_8_1763344785
4640768,1-Training-Losses/entropy,0.7493406534194946,Pong1PCB2L336P__seed_8_1763344785
4644864,1-Training-Losses/entropy,0.7625792026519775,Pong1PCB2L336P__seed_8_1763344785
4648960,1-Training-Losses/entropy,0.7864992022514343,Pong1PCB2L336P__seed_8_1763344785
4653056,1-Training-Losses/entropy,0.7778246402740479,Pong1PCB2L336P__seed_8_1763344785
4657152,1-Training-Losses/entropy,0.7917181253433228,Pong1PCB2L336P__seed_8_1763344785
4661248,1-Training-Losses/entropy,0.7105498313903809,Pong1PCB2L336P__seed_8_1763344785
4665344,1-Training-Losses/entropy,0.7685391306877136,Pong1PCB2L336P__seed_8_1763344785
4669440,1-Training-Losses/entropy,0.7488986253738403,Pong1PCB2L336P__seed_8_1763344785
4673536,1-Training-Losses/entropy,0.7396185398101807,Pong1PCB2L336P__seed_8_1763344785
4677632,1-Training-Losses/entropy,0.7778887748718262,Pong1PCB2L336P__seed_8_1763344785
4681728,1-Training-Losses/entropy,0.7466719150543213,Pong1PCB2L336P__seed_8_1763344785
4685824,1-Training-Losses/entropy,0.720946192741394,Pong1PCB2L336P__seed_8_1763344785
4689920,1-Training-Losses/entropy,0.7841935157775879,Pong1PCB2L336P__seed_8_1763344785
4694016,1-Training-Losses/entropy,0.781413733959198,Pong1PCB2L336P__seed_8_1763344785
4698112,1-Training-Losses/entropy,0.7105187177658081,Pong1PCB2L336P__seed_8_1763344785
4702208,1-Training-Losses/entropy,0.7498379945755005,Pong1PCB2L336P__seed_8_1763344785
4706304,1-Training-Losses/entropy,0.7787008285522461,Pong1PCB2L336P__seed_8_1763344785
4710400,1-Training-Losses/entropy,0.7317370176315308,Pong1PCB2L336P__seed_8_1763344785
4714496,1-Training-Losses/entropy,0.7400162220001221,Pong1PCB2L336P__seed_8_1763344785
4718592,1-Training-Losses/entropy,0.7589506506919861,Pong1PCB2L336P__seed_8_1763344785
4722688,1-Training-Losses/entropy,0.729668378829956,Pong1PCB2L336P__seed_8_1763344785
4726784,1-Training-Losses/entropy,0.7513466477394104,Pong1PCB2L336P__seed_8_1763344785
4730880,1-Training-Losses/entropy,0.7605385780334473,Pong1PCB2L336P__seed_8_1763344785
4734976,1-Training-Losses/entropy,0.78073650598526,Pong1PCB2L336P__seed_8_1763344785
4739072,1-Training-Losses/entropy,0.7321245670318604,Pong1PCB2L336P__seed_8_1763344785
4743168,1-Training-Losses/entropy,0.8169349431991577,Pong1PCB2L336P__seed_8_1763344785
4747264,1-Training-Losses/entropy,0.724530041217804,Pong1PCB2L336P__seed_8_1763344785
4751360,1-Training-Losses/entropy,0.7333623170852661,Pong1PCB2L336P__seed_8_1763344785
4755456,1-Training-Losses/entropy,0.7515466213226318,Pong1PCB2L336P__seed_8_1763344785
4759552,1-Training-Losses/entropy,0.7208253741264343,Pong1PCB2L336P__seed_8_1763344785
4763648,1-Training-Losses/entropy,0.8420249223709106,Pong1PCB2L336P__seed_8_1763344785
4767744,1-Training-Losses/entropy,0.7480809688568115,Pong1PCB2L336P__seed_8_1763344785
4771840,1-Training-Losses/entropy,0.728216290473938,Pong1PCB2L336P__seed_8_1763344785
4775936,1-Training-Losses/entropy,0.7932072281837463,Pong1PCB2L336P__seed_8_1763344785
4780032,1-Training-Losses/entropy,0.7973127961158752,Pong1PCB2L336P__seed_8_1763344785
4784128,1-Training-Losses/entropy,0.7455743551254272,Pong1PCB2L336P__seed_8_1763344785
4788224,1-Training-Losses/entropy,0.7889661192893982,Pong1PCB2L336P__seed_8_1763344785
4792320,1-Training-Losses/entropy,0.7151321172714233,Pong1PCB2L336P__seed_8_1763344785
4796416,1-Training-Losses/entropy,0.807918906211853,Pong1PCB2L336P__seed_8_1763344785
4800512,1-Training-Losses/entropy,0.7783365249633789,Pong1PCB2L336P__seed_8_1763344785
4804608,1-Training-Losses/entropy,0.7039215564727783,Pong1PCB2L336P__seed_8_1763344785
4808704,1-Training-Losses/entropy,0.7470452785491943,Pong1PCB2L336P__seed_8_1763344785
4812800,1-Training-Losses/entropy,0.8046743869781494,Pong1PCB2L336P__seed_8_1763344785
4816896,1-Training-Losses/entropy,0.8367416858673096,Pong1PCB2L336P__seed_8_1763344785
4820992,1-Training-Losses/entropy,0.7693923711776733,Pong1PCB2L336P__seed_8_1763344785
4825088,1-Training-Losses/entropy,0.7528623342514038,Pong1PCB2L336P__seed_8_1763344785
4829184,1-Training-Losses/entropy,0.7598435282707214,Pong1PCB2L336P__seed_8_1763344785
4833280,1-Training-Losses/entropy,0.8104473948478699,Pong1PCB2L336P__seed_8_1763344785
4837376,1-Training-Losses/entropy,0.7529408931732178,Pong1PCB2L336P__seed_8_1763344785
4841472,1-Training-Losses/entropy,0.7571990489959717,Pong1PCB2L336P__seed_8_1763344785
4845568,1-Training-Losses/entropy,0.7810100317001343,Pong1PCB2L336P__seed_8_1763344785
4849664,1-Training-Losses/entropy,0.8283544182777405,Pong1PCB2L336P__seed_8_1763344785
4853760,1-Training-Losses/entropy,0.7809396982192993,Pong1PCB2L336P__seed_8_1763344785
4857856,1-Training-Losses/entropy,0.7318012118339539,Pong1PCB2L336P__seed_8_1763344785
4861952,1-Training-Losses/entropy,0.740231990814209,Pong1PCB2L336P__seed_8_1763344785
4866048,1-Training-Losses/entropy,0.735649824142456,Pong1PCB2L336P__seed_8_1763344785
4870144,1-Training-Losses/entropy,0.7698419094085693,Pong1PCB2L336P__seed_8_1763344785
4874240,1-Training-Losses/entropy,0.7112507820129395,Pong1PCB2L336P__seed_8_1763344785
4878336,1-Training-Losses/entropy,0.669327974319458,Pong1PCB2L336P__seed_8_1763344785
4882432,1-Training-Losses/entropy,0.7852847576141357,Pong1PCB2L336P__seed_8_1763344785
4886528,1-Training-Losses/entropy,0.727286696434021,Pong1PCB2L336P__seed_8_1763344785
4890624,1-Training-Losses/entropy,0.7302334904670715,Pong1PCB2L336P__seed_8_1763344785
4894720,1-Training-Losses/entropy,0.7139137387275696,Pong1PCB2L336P__seed_8_1763344785
4898816,1-Training-Losses/entropy,0.8056425452232361,Pong1PCB2L336P__seed_8_1763344785
4902912,1-Training-Losses/entropy,0.7239669561386108,Pong1PCB2L336P__seed_8_1763344785
4907008,1-Training-Losses/entropy,0.6810652017593384,Pong1PCB2L336P__seed_8_1763344785
4911104,1-Training-Losses/entropy,0.8165593147277832,Pong1PCB2L336P__seed_8_1763344785
4915200,1-Training-Losses/entropy,0.8116652965545654,Pong1PCB2L336P__seed_8_1763344785
4919296,1-Training-Losses/entropy,0.7328542470932007,Pong1PCB2L336P__seed_8_1763344785
4923392,1-Training-Losses/entropy,0.7158852815628052,Pong1PCB2L336P__seed_8_1763344785
4927488,1-Training-Losses/entropy,0.7758393883705139,Pong1PCB2L336P__seed_8_1763344785
4931584,1-Training-Losses/entropy,0.7367818355560303,Pong1PCB2L336P__seed_8_1763344785
4935680,1-Training-Losses/entropy,0.7420043349266052,Pong1PCB2L336P__seed_8_1763344785
4939776,1-Training-Losses/entropy,0.7620702981948853,Pong1PCB2L336P__seed_8_1763344785
4943872,1-Training-Losses/entropy,0.781955361366272,Pong1PCB2L336P__seed_8_1763344785
4947968,1-Training-Losses/entropy,0.7144197225570679,Pong1PCB2L336P__seed_8_1763344785
4952064,1-Training-Losses/entropy,0.7502063512802124,Pong1PCB2L336P__seed_8_1763344785
4956160,1-Training-Losses/entropy,0.8215132355690002,Pong1PCB2L336P__seed_8_1763344785
4960256,1-Training-Losses/entropy,0.7096142768859863,Pong1PCB2L336P__seed_8_1763344785
4964352,1-Training-Losses/entropy,0.7087773084640503,Pong1PCB2L336P__seed_8_1763344785
4968448,1-Training-Losses/entropy,0.7676101922988892,Pong1PCB2L336P__seed_8_1763344785
4972544,1-Training-Losses/entropy,0.7290235757827759,Pong1PCB2L336P__seed_8_1763344785
4976640,1-Training-Losses/entropy,0.757404088973999,Pong1PCB2L336P__seed_8_1763344785
4980736,1-Training-Losses/entropy,0.7916610240936279,Pong1PCB2L336P__seed_8_1763344785
4984832,1-Training-Losses/entropy,0.7600752115249634,Pong1PCB2L336P__seed_8_1763344785
4988928,1-Training-Losses/entropy,0.7739888429641724,Pong1PCB2L336P__seed_8_1763344785
4993024,1-Training-Losses/entropy,0.7026234865188599,Pong1PCB2L336P__seed_8_1763344785
4997120,1-Training-Losses/entropy,0.7015446424484253,Pong1PCB2L336P__seed_8_1763344785
5001216,1-Training-Losses/entropy,0.7735173106193542,Pong1PCB2L336P__seed_8_1763344785
5005312,1-Training-Losses/entropy,0.716171383857727,Pong1PCB2L336P__seed_8_1763344785
5009408,1-Training-Losses/entropy,0.7511720657348633,Pong1PCB2L336P__seed_8_1763344785
5013504,1-Training-Losses/entropy,0.7045069336891174,Pong1PCB2L336P__seed_8_1763344785
5017600,1-Training-Losses/entropy,0.6869444847106934,Pong1PCB2L336P__seed_8_1763344785
5021696,1-Training-Losses/entropy,0.717488169670105,Pong1PCB2L336P__seed_8_1763344785
5025792,1-Training-Losses/entropy,0.7189435958862305,Pong1PCB2L336P__seed_8_1763344785
5029888,1-Training-Losses/entropy,0.7870280742645264,Pong1PCB2L336P__seed_8_1763344785
5033984,1-Training-Losses/entropy,0.735214352607727,Pong1PCB2L336P__seed_8_1763344785
5038080,1-Training-Losses/entropy,0.6910613775253296,Pong1PCB2L336P__seed_8_1763344785
5042176,1-Training-Losses/entropy,0.7068703174591064,Pong1PCB2L336P__seed_8_1763344785
5046272,1-Training-Losses/entropy,0.7323952317237854,Pong1PCB2L336P__seed_8_1763344785
5050368,1-Training-Losses/entropy,0.7540453672409058,Pong1PCB2L336P__seed_8_1763344785
5054464,1-Training-Losses/entropy,0.7927347421646118,Pong1PCB2L336P__seed_8_1763344785
5058560,1-Training-Losses/entropy,0.7516704797744751,Pong1PCB2L336P__seed_8_1763344785
5062656,1-Training-Losses/entropy,0.7204549908638,Pong1PCB2L336P__seed_8_1763344785
5066752,1-Training-Losses/entropy,0.7427411079406738,Pong1PCB2L336P__seed_8_1763344785
5070848,1-Training-Losses/entropy,0.7533361911773682,Pong1PCB2L336P__seed_8_1763344785
5074944,1-Training-Losses/entropy,0.7366708517074585,Pong1PCB2L336P__seed_8_1763344785
5079040,1-Training-Losses/entropy,0.7467023730278015,Pong1PCB2L336P__seed_8_1763344785
5083136,1-Training-Losses/entropy,0.8000379800796509,Pong1PCB2L336P__seed_8_1763344785
5087232,1-Training-Losses/entropy,0.7556636333465576,Pong1PCB2L336P__seed_8_1763344785
5091328,1-Training-Losses/entropy,0.7527694702148438,Pong1PCB2L336P__seed_8_1763344785
5095424,1-Training-Losses/entropy,0.7567068338394165,Pong1PCB2L336P__seed_8_1763344785
5099520,1-Training-Losses/entropy,0.749711811542511,Pong1PCB2L336P__seed_8_1763344785
5103616,1-Training-Losses/entropy,0.7194160223007202,Pong1PCB2L336P__seed_8_1763344785
5107712,1-Training-Losses/entropy,0.7591626644134521,Pong1PCB2L336P__seed_8_1763344785
5111808,1-Training-Losses/entropy,0.7598260641098022,Pong1PCB2L336P__seed_8_1763344785
5115904,1-Training-Losses/entropy,0.7279888391494751,Pong1PCB2L336P__seed_8_1763344785
5120000,1-Training-Losses/entropy,0.7246345281600952,Pong1PCB2L336P__seed_8_1763344785
5124096,1-Training-Losses/entropy,0.7871625423431396,Pong1PCB2L336P__seed_8_1763344785
5128192,1-Training-Losses/entropy,0.7108186483383179,Pong1PCB2L336P__seed_8_1763344785
5132288,1-Training-Losses/entropy,0.7345433235168457,Pong1PCB2L336P__seed_8_1763344785
5136384,1-Training-Losses/entropy,0.7053590416908264,Pong1PCB2L336P__seed_8_1763344785
5140480,1-Training-Losses/entropy,0.7313433289527893,Pong1PCB2L336P__seed_8_1763344785
5144576,1-Training-Losses/entropy,0.7388982176780701,Pong1PCB2L336P__seed_8_1763344785
5148672,1-Training-Losses/entropy,0.7417418360710144,Pong1PCB2L336P__seed_8_1763344785
5152768,1-Training-Losses/entropy,0.7299689054489136,Pong1PCB2L336P__seed_8_1763344785
5156864,1-Training-Losses/entropy,0.7122843861579895,Pong1PCB2L336P__seed_8_1763344785
5160960,1-Training-Losses/entropy,0.7013589143753052,Pong1PCB2L336P__seed_8_1763344785
5165056,1-Training-Losses/entropy,0.7287309169769287,Pong1PCB2L336P__seed_8_1763344785
5169152,1-Training-Losses/entropy,0.7782430052757263,Pong1PCB2L336P__seed_8_1763344785
5173248,1-Training-Losses/entropy,0.751306414604187,Pong1PCB2L336P__seed_8_1763344785
5177344,1-Training-Losses/entropy,0.7048969268798828,Pong1PCB2L336P__seed_8_1763344785
5181440,1-Training-Losses/entropy,0.7873096466064453,Pong1PCB2L336P__seed_8_1763344785
5185536,1-Training-Losses/entropy,0.7496300339698792,Pong1PCB2L336P__seed_8_1763344785
5189632,1-Training-Losses/entropy,0.7460757493972778,Pong1PCB2L336P__seed_8_1763344785
5193728,1-Training-Losses/entropy,0.7528855800628662,Pong1PCB2L336P__seed_8_1763344785
5197824,1-Training-Losses/entropy,0.6755082607269287,Pong1PCB2L336P__seed_8_1763344785
5201920,1-Training-Losses/entropy,0.6970677375793457,Pong1PCB2L336P__seed_8_1763344785
5206016,1-Training-Losses/entropy,0.6997846364974976,Pong1PCB2L336P__seed_8_1763344785
5210112,1-Training-Losses/entropy,0.7384629249572754,Pong1PCB2L336P__seed_8_1763344785
5214208,1-Training-Losses/entropy,0.6911084651947021,Pong1PCB2L336P__seed_8_1763344785
5218304,1-Training-Losses/entropy,0.7142819166183472,Pong1PCB2L336P__seed_8_1763344785
5222400,1-Training-Losses/entropy,0.753531277179718,Pong1PCB2L336P__seed_8_1763344785
5226496,1-Training-Losses/entropy,0.7274243831634521,Pong1PCB2L336P__seed_8_1763344785
5230592,1-Training-Losses/entropy,0.8117377758026123,Pong1PCB2L336P__seed_8_1763344785
5234688,1-Training-Losses/entropy,0.7338423728942871,Pong1PCB2L336P__seed_8_1763344785
5238784,1-Training-Losses/entropy,0.766292929649353,Pong1PCB2L336P__seed_8_1763344785
5242880,1-Training-Losses/entropy,0.7824487090110779,Pong1PCB2L336P__seed_8_1763344785
5246976,1-Training-Losses/entropy,0.7299035787582397,Pong1PCB2L336P__seed_8_1763344785
5251072,1-Training-Losses/entropy,0.7048377990722656,Pong1PCB2L336P__seed_8_1763344785
5255168,1-Training-Losses/entropy,0.7425752878189087,Pong1PCB2L336P__seed_8_1763344785
5259264,1-Training-Losses/entropy,0.7691957950592041,Pong1PCB2L336P__seed_8_1763344785
5263360,1-Training-Losses/entropy,0.7328131198883057,Pong1PCB2L336P__seed_8_1763344785
5267456,1-Training-Losses/entropy,0.7696282863616943,Pong1PCB2L336P__seed_8_1763344785
5271552,1-Training-Losses/entropy,0.7700709104537964,Pong1PCB2L336P__seed_8_1763344785
5275648,1-Training-Losses/entropy,0.7318264245986938,Pong1PCB2L336P__seed_8_1763344785
5279744,1-Training-Losses/entropy,0.7474180459976196,Pong1PCB2L336P__seed_8_1763344785
5283840,1-Training-Losses/entropy,0.7647363543510437,Pong1PCB2L336P__seed_8_1763344785
5287936,1-Training-Losses/entropy,0.7718945741653442,Pong1PCB2L336P__seed_8_1763344785
5292032,1-Training-Losses/entropy,0.7139807343482971,Pong1PCB2L336P__seed_8_1763344785
5296128,1-Training-Losses/entropy,0.7471523880958557,Pong1PCB2L336P__seed_8_1763344785
5300224,1-Training-Losses/entropy,0.7687937617301941,Pong1PCB2L336P__seed_8_1763344785
5304320,1-Training-Losses/entropy,0.7944929003715515,Pong1PCB2L336P__seed_8_1763344785
5308416,1-Training-Losses/entropy,0.7215510010719299,Pong1PCB2L336P__seed_8_1763344785
5312512,1-Training-Losses/entropy,0.7403151392936707,Pong1PCB2L336P__seed_8_1763344785
5316608,1-Training-Losses/entropy,0.7626744508743286,Pong1PCB2L336P__seed_8_1763344785
5320704,1-Training-Losses/entropy,0.8033180832862854,Pong1PCB2L336P__seed_8_1763344785
5324800,1-Training-Losses/entropy,0.7411699295043945,Pong1PCB2L336P__seed_8_1763344785
5328896,1-Training-Losses/entropy,0.7617430090904236,Pong1PCB2L336P__seed_8_1763344785
5332992,1-Training-Losses/entropy,0.8162156343460083,Pong1PCB2L336P__seed_8_1763344785
5337088,1-Training-Losses/entropy,0.7868315577507019,Pong1PCB2L336P__seed_8_1763344785
5341184,1-Training-Losses/entropy,0.7744592428207397,Pong1PCB2L336P__seed_8_1763344785
5345280,1-Training-Losses/entropy,0.7231976389884949,Pong1PCB2L336P__seed_8_1763344785
5349376,1-Training-Losses/entropy,0.7427307367324829,Pong1PCB2L336P__seed_8_1763344785
5353472,1-Training-Losses/entropy,0.7564695477485657,Pong1PCB2L336P__seed_8_1763344785
5357568,1-Training-Losses/entropy,0.7957631945610046,Pong1PCB2L336P__seed_8_1763344785
5361664,1-Training-Losses/entropy,0.7331593036651611,Pong1PCB2L336P__seed_8_1763344785
5365760,1-Training-Losses/entropy,0.7330303192138672,Pong1PCB2L336P__seed_8_1763344785
5369856,1-Training-Losses/entropy,0.7733269929885864,Pong1PCB2L336P__seed_8_1763344785
5373952,1-Training-Losses/entropy,0.7161139249801636,Pong1PCB2L336P__seed_8_1763344785
5378048,1-Training-Losses/entropy,0.745478093624115,Pong1PCB2L336P__seed_8_1763344785
5382144,1-Training-Losses/entropy,0.7345907688140869,Pong1PCB2L336P__seed_8_1763344785
5386240,1-Training-Losses/entropy,0.7130266427993774,Pong1PCB2L336P__seed_8_1763344785
5390336,1-Training-Losses/entropy,0.7722100019454956,Pong1PCB2L336P__seed_8_1763344785
5394432,1-Training-Losses/entropy,0.7325934171676636,Pong1PCB2L336P__seed_8_1763344785
5398528,1-Training-Losses/entropy,0.7454401850700378,Pong1PCB2L336P__seed_8_1763344785
5402624,1-Training-Losses/entropy,0.742388904094696,Pong1PCB2L336P__seed_8_1763344785
5406720,1-Training-Losses/entropy,0.7913802266120911,Pong1PCB2L336P__seed_8_1763344785
5410816,1-Training-Losses/entropy,0.7398359775543213,Pong1PCB2L336P__seed_8_1763344785
5414912,1-Training-Losses/entropy,0.7043991088867188,Pong1PCB2L336P__seed_8_1763344785
5419008,1-Training-Losses/entropy,0.7325356602668762,Pong1PCB2L336P__seed_8_1763344785
5423104,1-Training-Losses/entropy,0.7330110669136047,Pong1PCB2L336P__seed_8_1763344785
5427200,1-Training-Losses/entropy,0.7985422611236572,Pong1PCB2L336P__seed_8_1763344785
5431296,1-Training-Losses/entropy,0.7195045948028564,Pong1PCB2L336P__seed_8_1763344785
5435392,1-Training-Losses/entropy,0.6749054193496704,Pong1PCB2L336P__seed_8_1763344785
5439488,1-Training-Losses/entropy,0.7554081678390503,Pong1PCB2L336P__seed_8_1763344785
5443584,1-Training-Losses/entropy,0.6854368448257446,Pong1PCB2L336P__seed_8_1763344785
5447680,1-Training-Losses/entropy,0.7414571642875671,Pong1PCB2L336P__seed_8_1763344785
5451776,1-Training-Losses/entropy,0.7130715250968933,Pong1PCB2L336P__seed_8_1763344785
5455872,1-Training-Losses/entropy,0.7279263734817505,Pong1PCB2L336P__seed_8_1763344785
5459968,1-Training-Losses/entropy,0.7911214232444763,Pong1PCB2L336P__seed_8_1763344785
5464064,1-Training-Losses/entropy,0.7522896528244019,Pong1PCB2L336P__seed_8_1763344785
5468160,1-Training-Losses/entropy,0.6850348711013794,Pong1PCB2L336P__seed_8_1763344785
5472256,1-Training-Losses/entropy,0.729889988899231,Pong1PCB2L336P__seed_8_1763344785
5476352,1-Training-Losses/entropy,0.735344648361206,Pong1PCB2L336P__seed_8_1763344785
5480448,1-Training-Losses/entropy,0.7638602256774902,Pong1PCB2L336P__seed_8_1763344785
5484544,1-Training-Losses/entropy,0.7595610618591309,Pong1PCB2L336P__seed_8_1763344785
5488640,1-Training-Losses/entropy,0.7691291570663452,Pong1PCB2L336P__seed_8_1763344785
5492736,1-Training-Losses/entropy,0.751871645450592,Pong1PCB2L336P__seed_8_1763344785
5496832,1-Training-Losses/entropy,0.6842778921127319,Pong1PCB2L336P__seed_8_1763344785
5500928,1-Training-Losses/entropy,0.7160006165504456,Pong1PCB2L336P__seed_8_1763344785
5505024,1-Training-Losses/entropy,0.7841944694519043,Pong1PCB2L336P__seed_8_1763344785
5509120,1-Training-Losses/entropy,0.7300673127174377,Pong1PCB2L336P__seed_8_1763344785
5513216,1-Training-Losses/entropy,0.7629832625389099,Pong1PCB2L336P__seed_8_1763344785
5517312,1-Training-Losses/entropy,0.736887514591217,Pong1PCB2L336P__seed_8_1763344785
5521408,1-Training-Losses/entropy,0.7701480388641357,Pong1PCB2L336P__seed_8_1763344785
5525504,1-Training-Losses/entropy,0.7628456950187683,Pong1PCB2L336P__seed_8_1763344785
5529600,1-Training-Losses/entropy,0.6940217018127441,Pong1PCB2L336P__seed_8_1763344785
5533696,1-Training-Losses/entropy,0.7859191298484802,Pong1PCB2L336P__seed_8_1763344785
5537792,1-Training-Losses/entropy,0.7616809606552124,Pong1PCB2L336P__seed_8_1763344785
5541888,1-Training-Losses/entropy,0.7636028528213501,Pong1PCB2L336P__seed_8_1763344785
5545984,1-Training-Losses/entropy,0.7804268002510071,Pong1PCB2L336P__seed_8_1763344785
5550080,1-Training-Losses/entropy,0.7072423696517944,Pong1PCB2L336P__seed_8_1763344785
5554176,1-Training-Losses/entropy,0.7420680522918701,Pong1PCB2L336P__seed_8_1763344785
5558272,1-Training-Losses/entropy,0.7425010204315186,Pong1PCB2L336P__seed_8_1763344785
5562368,1-Training-Losses/entropy,0.7264299392700195,Pong1PCB2L336P__seed_8_1763344785
5566464,1-Training-Losses/entropy,0.721063494682312,Pong1PCB2L336P__seed_8_1763344785
5570560,1-Training-Losses/entropy,0.7465728521347046,Pong1PCB2L336P__seed_8_1763344785
5574656,1-Training-Losses/entropy,0.7194647789001465,Pong1PCB2L336P__seed_8_1763344785
5578752,1-Training-Losses/entropy,0.7194756269454956,Pong1PCB2L336P__seed_8_1763344785
5582848,1-Training-Losses/entropy,0.7646982669830322,Pong1PCB2L336P__seed_8_1763344785
5586944,1-Training-Losses/entropy,0.7669194936752319,Pong1PCB2L336P__seed_8_1763344785
5591040,1-Training-Losses/entropy,0.7175019383430481,Pong1PCB2L336P__seed_8_1763344785
5595136,1-Training-Losses/entropy,0.7557922601699829,Pong1PCB2L336P__seed_8_1763344785
5599232,1-Training-Losses/entropy,0.747949481010437,Pong1PCB2L336P__seed_8_1763344785
5603328,1-Training-Losses/entropy,0.6894606351852417,Pong1PCB2L336P__seed_8_1763344785
5607424,1-Training-Losses/entropy,0.7298978567123413,Pong1PCB2L336P__seed_8_1763344785
5611520,1-Training-Losses/entropy,0.7392387390136719,Pong1PCB2L336P__seed_8_1763344785
5615616,1-Training-Losses/entropy,0.7852761745452881,Pong1PCB2L336P__seed_8_1763344785
5619712,1-Training-Losses/entropy,0.7890437841415405,Pong1PCB2L336P__seed_8_1763344785
5623808,1-Training-Losses/entropy,0.7636332511901855,Pong1PCB2L336P__seed_8_1763344785
5627904,1-Training-Losses/entropy,0.7462916374206543,Pong1PCB2L336P__seed_8_1763344785
5632000,1-Training-Losses/entropy,0.7663503885269165,Pong1PCB2L336P__seed_8_1763344785
5636096,1-Training-Losses/entropy,0.7930611371994019,Pong1PCB2L336P__seed_8_1763344785
5640192,1-Training-Losses/entropy,0.7383451461791992,Pong1PCB2L336P__seed_8_1763344785
5644288,1-Training-Losses/entropy,0.7285912036895752,Pong1PCB2L336P__seed_8_1763344785
5648384,1-Training-Losses/entropy,0.7670867443084717,Pong1PCB2L336P__seed_8_1763344785
5652480,1-Training-Losses/entropy,0.8219910860061646,Pong1PCB2L336P__seed_8_1763344785
5656576,1-Training-Losses/entropy,0.6698286533355713,Pong1PCB2L336P__seed_8_1763344785
5660672,1-Training-Losses/entropy,0.7007021307945251,Pong1PCB2L336P__seed_8_1763344785
5664768,1-Training-Losses/entropy,0.7891955971717834,Pong1PCB2L336P__seed_8_1763344785
5668864,1-Training-Losses/entropy,0.7040400505065918,Pong1PCB2L336P__seed_8_1763344785
5672960,1-Training-Losses/entropy,0.7232487201690674,Pong1PCB2L336P__seed_8_1763344785
5677056,1-Training-Losses/entropy,0.7192456722259521,Pong1PCB2L336P__seed_8_1763344785
5681152,1-Training-Losses/entropy,0.7318286299705505,Pong1PCB2L336P__seed_8_1763344785
5685248,1-Training-Losses/entropy,0.764628529548645,Pong1PCB2L336P__seed_8_1763344785
5689344,1-Training-Losses/entropy,0.7208220958709717,Pong1PCB2L336P__seed_8_1763344785
5693440,1-Training-Losses/entropy,0.7607015371322632,Pong1PCB2L336P__seed_8_1763344785
5697536,1-Training-Losses/entropy,0.6951082348823547,Pong1PCB2L336P__seed_8_1763344785
5701632,1-Training-Losses/entropy,0.7149764895439148,Pong1PCB2L336P__seed_8_1763344785
5705728,1-Training-Losses/entropy,0.7536176443099976,Pong1PCB2L336P__seed_8_1763344785
5709824,1-Training-Losses/entropy,0.7440201640129089,Pong1PCB2L336P__seed_8_1763344785
5713920,1-Training-Losses/entropy,0.7079960107803345,Pong1PCB2L336P__seed_8_1763344785
5718016,1-Training-Losses/entropy,0.7124164700508118,Pong1PCB2L336P__seed_8_1763344785
5722112,1-Training-Losses/entropy,0.7100683450698853,Pong1PCB2L336P__seed_8_1763344785
5726208,1-Training-Losses/entropy,0.7291011810302734,Pong1PCB2L336P__seed_8_1763344785
5730304,1-Training-Losses/entropy,0.743403434753418,Pong1PCB2L336P__seed_8_1763344785
5734400,1-Training-Losses/entropy,0.7357874512672424,Pong1PCB2L336P__seed_8_1763344785
5738496,1-Training-Losses/entropy,0.7729687690734863,Pong1PCB2L336P__seed_8_1763344785
5742592,1-Training-Losses/entropy,0.7776267528533936,Pong1PCB2L336P__seed_8_1763344785
5746688,1-Training-Losses/entropy,0.7261054515838623,Pong1PCB2L336P__seed_8_1763344785
5750784,1-Training-Losses/entropy,0.6989925503730774,Pong1PCB2L336P__seed_8_1763344785
5754880,1-Training-Losses/entropy,0.7741211652755737,Pong1PCB2L336P__seed_8_1763344785
5758976,1-Training-Losses/entropy,0.7330377697944641,Pong1PCB2L336P__seed_8_1763344785
5763072,1-Training-Losses/entropy,0.7602852582931519,Pong1PCB2L336P__seed_8_1763344785
5767168,1-Training-Losses/entropy,0.702795147895813,Pong1PCB2L336P__seed_8_1763344785
5771264,1-Training-Losses/entropy,0.7516438961029053,Pong1PCB2L336P__seed_8_1763344785
5775360,1-Training-Losses/entropy,0.6814321279525757,Pong1PCB2L336P__seed_8_1763344785
5779456,1-Training-Losses/entropy,0.8065743446350098,Pong1PCB2L336P__seed_8_1763344785
5783552,1-Training-Losses/entropy,0.7846910953521729,Pong1PCB2L336P__seed_8_1763344785
5787648,1-Training-Losses/entropy,0.7212828397750854,Pong1PCB2L336P__seed_8_1763344785
5791744,1-Training-Losses/entropy,0.779120683670044,Pong1PCB2L336P__seed_8_1763344785
5795840,1-Training-Losses/entropy,0.6924809217453003,Pong1PCB2L336P__seed_8_1763344785
5799936,1-Training-Losses/entropy,0.7703394889831543,Pong1PCB2L336P__seed_8_1763344785
5804032,1-Training-Losses/entropy,0.7564102411270142,Pong1PCB2L336P__seed_8_1763344785
5808128,1-Training-Losses/entropy,0.74627286195755,Pong1PCB2L336P__seed_8_1763344785
5812224,1-Training-Losses/entropy,0.7425904273986816,Pong1PCB2L336P__seed_8_1763344785
5816320,1-Training-Losses/entropy,0.7380944490432739,Pong1PCB2L336P__seed_8_1763344785
5820416,1-Training-Losses/entropy,0.7252861261367798,Pong1PCB2L336P__seed_8_1763344785
5824512,1-Training-Losses/entropy,0.7239809036254883,Pong1PCB2L336P__seed_8_1763344785
5828608,1-Training-Losses/entropy,0.7747485041618347,Pong1PCB2L336P__seed_8_1763344785
5832704,1-Training-Losses/entropy,0.7355808019638062,Pong1PCB2L336P__seed_8_1763344785
5836800,1-Training-Losses/entropy,0.6985421180725098,Pong1PCB2L336P__seed_8_1763344785
5840896,1-Training-Losses/entropy,0.7478244304656982,Pong1PCB2L336P__seed_8_1763344785
5844992,1-Training-Losses/entropy,0.7380615472793579,Pong1PCB2L336P__seed_8_1763344785
5849088,1-Training-Losses/entropy,0.6971977949142456,Pong1PCB2L336P__seed_8_1763344785
5853184,1-Training-Losses/entropy,0.7402942180633545,Pong1PCB2L336P__seed_8_1763344785
5857280,1-Training-Losses/entropy,0.7878319621086121,Pong1PCB2L336P__seed_8_1763344785
5861376,1-Training-Losses/entropy,0.7749520540237427,Pong1PCB2L336P__seed_8_1763344785
5865472,1-Training-Losses/entropy,0.7844904065132141,Pong1PCB2L336P__seed_8_1763344785
5869568,1-Training-Losses/entropy,0.7475433945655823,Pong1PCB2L336P__seed_8_1763344785
5873664,1-Training-Losses/entropy,0.7057538032531738,Pong1PCB2L336P__seed_8_1763344785
5877760,1-Training-Losses/entropy,0.7739548087120056,Pong1PCB2L336P__seed_8_1763344785
5881856,1-Training-Losses/entropy,0.6892825961112976,Pong1PCB2L336P__seed_8_1763344785
5885952,1-Training-Losses/entropy,0.6791804432868958,Pong1PCB2L336P__seed_8_1763344785
5890048,1-Training-Losses/entropy,0.7631169557571411,Pong1PCB2L336P__seed_8_1763344785
5894144,1-Training-Losses/entropy,0.7665387392044067,Pong1PCB2L336P__seed_8_1763344785
5898240,1-Training-Losses/entropy,0.7479289770126343,Pong1PCB2L336P__seed_8_1763344785
5902336,1-Training-Losses/entropy,0.7044717073440552,Pong1PCB2L336P__seed_8_1763344785
5906432,1-Training-Losses/entropy,0.6895071268081665,Pong1PCB2L336P__seed_8_1763344785
5910528,1-Training-Losses/entropy,0.7654798030853271,Pong1PCB2L336P__seed_8_1763344785
5914624,1-Training-Losses/entropy,0.7437671422958374,Pong1PCB2L336P__seed_8_1763344785
5918720,1-Training-Losses/entropy,0.7578741312026978,Pong1PCB2L336P__seed_8_1763344785
5922816,1-Training-Losses/entropy,0.744316816329956,Pong1PCB2L336P__seed_8_1763344785
5926912,1-Training-Losses/entropy,0.7750141620635986,Pong1PCB2L336P__seed_8_1763344785
5931008,1-Training-Losses/entropy,0.751771092414856,Pong1PCB2L336P__seed_8_1763344785
5935104,1-Training-Losses/entropy,0.7556820511817932,Pong1PCB2L336P__seed_8_1763344785
5939200,1-Training-Losses/entropy,0.7364389300346375,Pong1PCB2L336P__seed_8_1763344785
5943296,1-Training-Losses/entropy,0.7203583121299744,Pong1PCB2L336P__seed_8_1763344785
5947392,1-Training-Losses/entropy,0.7300920486450195,Pong1PCB2L336P__seed_8_1763344785
5951488,1-Training-Losses/entropy,0.8185903429985046,Pong1PCB2L336P__seed_8_1763344785
5955584,1-Training-Losses/entropy,0.7611503005027771,Pong1PCB2L336P__seed_8_1763344785
5959680,1-Training-Losses/entropy,0.7230281829833984,Pong1PCB2L336P__seed_8_1763344785
5963776,1-Training-Losses/entropy,0.7601919174194336,Pong1PCB2L336P__seed_8_1763344785
5967872,1-Training-Losses/entropy,0.7867544889450073,Pong1PCB2L336P__seed_8_1763344785
5971968,1-Training-Losses/entropy,0.7587250471115112,Pong1PCB2L336P__seed_8_1763344785
5976064,1-Training-Losses/entropy,0.7320064902305603,Pong1PCB2L336P__seed_8_1763344785
5980160,1-Training-Losses/entropy,0.7005205154418945,Pong1PCB2L336P__seed_8_1763344785
5984256,1-Training-Losses/entropy,0.7488099336624146,Pong1PCB2L336P__seed_8_1763344785
5988352,1-Training-Losses/entropy,0.7510024309158325,Pong1PCB2L336P__seed_8_1763344785
5992448,1-Training-Losses/entropy,0.7059448957443237,Pong1PCB2L336P__seed_8_1763344785
5996544,1-Training-Losses/entropy,0.7508862018585205,Pong1PCB2L336P__seed_8_1763344785
6000640,1-Training-Losses/entropy,0.748956024646759,Pong1PCB2L336P__seed_8_1763344785
6004736,1-Training-Losses/entropy,0.735516369342804,Pong1PCB2L336P__seed_8_1763344785
6008832,1-Training-Losses/entropy,0.726212739944458,Pong1PCB2L336P__seed_8_1763344785
6012928,1-Training-Losses/entropy,0.7772287130355835,Pong1PCB2L336P__seed_8_1763344785
6017024,1-Training-Losses/entropy,0.761023998260498,Pong1PCB2L336P__seed_8_1763344785
6021120,1-Training-Losses/entropy,0.6915799379348755,Pong1PCB2L336P__seed_8_1763344785
6025216,1-Training-Losses/entropy,0.7715121507644653,Pong1PCB2L336P__seed_8_1763344785
6029312,1-Training-Losses/entropy,0.7472044229507446,Pong1PCB2L336P__seed_8_1763344785
6033408,1-Training-Losses/entropy,0.6626152992248535,Pong1PCB2L336P__seed_8_1763344785
6037504,1-Training-Losses/entropy,0.7848874926567078,Pong1PCB2L336P__seed_8_1763344785
6041600,1-Training-Losses/entropy,0.7208584547042847,Pong1PCB2L336P__seed_8_1763344785
6045696,1-Training-Losses/entropy,0.7185401916503906,Pong1PCB2L336P__seed_8_1763344785
6049792,1-Training-Losses/entropy,0.7705273628234863,Pong1PCB2L336P__seed_8_1763344785
6053888,1-Training-Losses/entropy,0.7378431558609009,Pong1PCB2L336P__seed_8_1763344785
6057984,1-Training-Losses/entropy,0.7181332111358643,Pong1PCB2L336P__seed_8_1763344785
6062080,1-Training-Losses/entropy,0.779330313205719,Pong1PCB2L336P__seed_8_1763344785
6066176,1-Training-Losses/entropy,0.7246440649032593,Pong1PCB2L336P__seed_8_1763344785
6070272,1-Training-Losses/entropy,0.7153412699699402,Pong1PCB2L336P__seed_8_1763344785
6074368,1-Training-Losses/entropy,0.7219463586807251,Pong1PCB2L336P__seed_8_1763344785
6078464,1-Training-Losses/entropy,0.7034558653831482,Pong1PCB2L336P__seed_8_1763344785
6082560,1-Training-Losses/entropy,0.7493857741355896,Pong1PCB2L336P__seed_8_1763344785
6086656,1-Training-Losses/entropy,0.7810494899749756,Pong1PCB2L336P__seed_8_1763344785
6090752,1-Training-Losses/entropy,0.7342523336410522,Pong1PCB2L336P__seed_8_1763344785
6094848,1-Training-Losses/entropy,0.7038617730140686,Pong1PCB2L336P__seed_8_1763344785
6098944,1-Training-Losses/entropy,0.6911395788192749,Pong1PCB2L336P__seed_8_1763344785
6103040,1-Training-Losses/entropy,0.8127071261405945,Pong1PCB2L336P__seed_8_1763344785
6107136,1-Training-Losses/entropy,0.7406660914421082,Pong1PCB2L336P__seed_8_1763344785
6111232,1-Training-Losses/entropy,0.7078685760498047,Pong1PCB2L336P__seed_8_1763344785
6115328,1-Training-Losses/entropy,0.697636067867279,Pong1PCB2L336P__seed_8_1763344785
6119424,1-Training-Losses/entropy,0.755380392074585,Pong1PCB2L336P__seed_8_1763344785
6123520,1-Training-Losses/entropy,0.7730628252029419,Pong1PCB2L336P__seed_8_1763344785
6127616,1-Training-Losses/entropy,0.7420294880867004,Pong1PCB2L336P__seed_8_1763344785
6131712,1-Training-Losses/entropy,0.7595764398574829,Pong1PCB2L336P__seed_8_1763344785
6135808,1-Training-Losses/entropy,0.7342687845230103,Pong1PCB2L336P__seed_8_1763344785
6139904,1-Training-Losses/entropy,0.7685654163360596,Pong1PCB2L336P__seed_8_1763344785
6144000,1-Training-Losses/entropy,0.7607814073562622,Pong1PCB2L336P__seed_8_1763344785
6148096,1-Training-Losses/entropy,0.7453109622001648,Pong1PCB2L336P__seed_8_1763344785
6152192,1-Training-Losses/entropy,0.7049712538719177,Pong1PCB2L336P__seed_8_1763344785
6156288,1-Training-Losses/entropy,0.7778661847114563,Pong1PCB2L336P__seed_8_1763344785
6160384,1-Training-Losses/entropy,0.7389181852340698,Pong1PCB2L336P__seed_8_1763344785
6164480,1-Training-Losses/entropy,0.7540324926376343,Pong1PCB2L336P__seed_8_1763344785
6168576,1-Training-Losses/entropy,0.7632615566253662,Pong1PCB2L336P__seed_8_1763344785
6172672,1-Training-Losses/entropy,0.7851263284683228,Pong1PCB2L336P__seed_8_1763344785
6176768,1-Training-Losses/entropy,0.8066181540489197,Pong1PCB2L336P__seed_8_1763344785
6180864,1-Training-Losses/entropy,0.7391525506973267,Pong1PCB2L336P__seed_8_1763344785
6184960,1-Training-Losses/entropy,0.7650883197784424,Pong1PCB2L336P__seed_8_1763344785
6189056,1-Training-Losses/entropy,0.7914283275604248,Pong1PCB2L336P__seed_8_1763344785
6193152,1-Training-Losses/entropy,0.7406960725784302,Pong1PCB2L336P__seed_8_1763344785
6197248,1-Training-Losses/entropy,0.7297220826148987,Pong1PCB2L336P__seed_8_1763344785
6201344,1-Training-Losses/entropy,0.7478356957435608,Pong1PCB2L336P__seed_8_1763344785
6205440,1-Training-Losses/entropy,0.774662971496582,Pong1PCB2L336P__seed_8_1763344785
6209536,1-Training-Losses/entropy,0.670768141746521,Pong1PCB2L336P__seed_8_1763344785
6213632,1-Training-Losses/entropy,0.8038719296455383,Pong1PCB2L336P__seed_8_1763344785
6217728,1-Training-Losses/entropy,0.7128395438194275,Pong1PCB2L336P__seed_8_1763344785
6221824,1-Training-Losses/entropy,0.730972409248352,Pong1PCB2L336P__seed_8_1763344785
6225920,1-Training-Losses/entropy,0.7353976964950562,Pong1PCB2L336P__seed_8_1763344785
6230016,1-Training-Losses/entropy,0.7888355255126953,Pong1PCB2L336P__seed_8_1763344785
6234112,1-Training-Losses/entropy,0.684494137763977,Pong1PCB2L336P__seed_8_1763344785
6238208,1-Training-Losses/entropy,0.6942923665046692,Pong1PCB2L336P__seed_8_1763344785
6242304,1-Training-Losses/entropy,0.7303658127784729,Pong1PCB2L336P__seed_8_1763344785
6246400,1-Training-Losses/entropy,0.7020507454872131,Pong1PCB2L336P__seed_8_1763344785
6250496,1-Training-Losses/entropy,0.7812594175338745,Pong1PCB2L336P__seed_8_1763344785
6254592,1-Training-Losses/entropy,0.7412993907928467,Pong1PCB2L336P__seed_8_1763344785
6258688,1-Training-Losses/entropy,0.7069326043128967,Pong1PCB2L336P__seed_8_1763344785
6262784,1-Training-Losses/entropy,0.7548178434371948,Pong1PCB2L336P__seed_8_1763344785
6266880,1-Training-Losses/entropy,0.7043687105178833,Pong1PCB2L336P__seed_8_1763344785
6270976,1-Training-Losses/entropy,0.7470077872276306,Pong1PCB2L336P__seed_8_1763344785
6275072,1-Training-Losses/entropy,0.7336685657501221,Pong1PCB2L336P__seed_8_1763344785
6279168,1-Training-Losses/entropy,0.6847792863845825,Pong1PCB2L336P__seed_8_1763344785
6283264,1-Training-Losses/entropy,0.7528015971183777,Pong1PCB2L336P__seed_8_1763344785
6287360,1-Training-Losses/entropy,0.7449489831924438,Pong1PCB2L336P__seed_8_1763344785
6291456,1-Training-Losses/entropy,0.700196385383606,Pong1PCB2L336P__seed_8_1763344785
6295552,1-Training-Losses/entropy,0.7280006408691406,Pong1PCB2L336P__seed_8_1763344785
6299648,1-Training-Losses/entropy,0.730075478553772,Pong1PCB2L336P__seed_8_1763344785
6303744,1-Training-Losses/entropy,0.7218456268310547,Pong1PCB2L336P__seed_8_1763344785
6307840,1-Training-Losses/entropy,0.6903072595596313,Pong1PCB2L336P__seed_8_1763344785
6311936,1-Training-Losses/entropy,0.7279607057571411,Pong1PCB2L336P__seed_8_1763344785
6316032,1-Training-Losses/entropy,0.7482262849807739,Pong1PCB2L336P__seed_8_1763344785
6320128,1-Training-Losses/entropy,0.7317164540290833,Pong1PCB2L336P__seed_8_1763344785
6324224,1-Training-Losses/entropy,0.7475680708885193,Pong1PCB2L336P__seed_8_1763344785
6328320,1-Training-Losses/entropy,0.7844082117080688,Pong1PCB2L336P__seed_8_1763344785
6332416,1-Training-Losses/entropy,0.7211937308311462,Pong1PCB2L336P__seed_8_1763344785
6336512,1-Training-Losses/entropy,0.7263298034667969,Pong1PCB2L336P__seed_8_1763344785
6340608,1-Training-Losses/entropy,0.7507150173187256,Pong1PCB2L336P__seed_8_1763344785
6344704,1-Training-Losses/entropy,0.7814533710479736,Pong1PCB2L336P__seed_8_1763344785
6348800,1-Training-Losses/entropy,0.66592937707901,Pong1PCB2L336P__seed_8_1763344785
6352896,1-Training-Losses/entropy,0.6588348746299744,Pong1PCB2L336P__seed_8_1763344785
6356992,1-Training-Losses/entropy,0.7372374534606934,Pong1PCB2L336P__seed_8_1763344785
6361088,1-Training-Losses/entropy,0.7027133107185364,Pong1PCB2L336P__seed_8_1763344785
6365184,1-Training-Losses/entropy,0.7097536325454712,Pong1PCB2L336P__seed_8_1763344785
6369280,1-Training-Losses/entropy,0.7453416585922241,Pong1PCB2L336P__seed_8_1763344785
6373376,1-Training-Losses/entropy,0.7213335037231445,Pong1PCB2L336P__seed_8_1763344785
6377472,1-Training-Losses/entropy,0.7411704063415527,Pong1PCB2L336P__seed_8_1763344785
6381568,1-Training-Losses/entropy,0.7145618200302124,Pong1PCB2L336P__seed_8_1763344785
6385664,1-Training-Losses/entropy,0.7149580717086792,Pong1PCB2L336P__seed_8_1763344785
6389760,1-Training-Losses/entropy,0.7268904447555542,Pong1PCB2L336P__seed_8_1763344785
6393856,1-Training-Losses/entropy,0.7337601184844971,Pong1PCB2L336P__seed_8_1763344785
6397952,1-Training-Losses/entropy,0.711581826210022,Pong1PCB2L336P__seed_8_1763344785
6402048,1-Training-Losses/entropy,0.7053065896034241,Pong1PCB2L336P__seed_8_1763344785
6406144,1-Training-Losses/entropy,0.6887861490249634,Pong1PCB2L336P__seed_8_1763344785
6410240,1-Training-Losses/entropy,0.7257825136184692,Pong1PCB2L336P__seed_8_1763344785
6414336,1-Training-Losses/entropy,0.6868343353271484,Pong1PCB2L336P__seed_8_1763344785
6418432,1-Training-Losses/entropy,0.7791638374328613,Pong1PCB2L336P__seed_8_1763344785
6422528,1-Training-Losses/entropy,0.7181540727615356,Pong1PCB2L336P__seed_8_1763344785
6426624,1-Training-Losses/entropy,0.726736307144165,Pong1PCB2L336P__seed_8_1763344785
6430720,1-Training-Losses/entropy,0.7625026106834412,Pong1PCB2L336P__seed_8_1763344785
6434816,1-Training-Losses/entropy,0.7249116897583008,Pong1PCB2L336P__seed_8_1763344785
6438912,1-Training-Losses/entropy,0.7313041687011719,Pong1PCB2L336P__seed_8_1763344785
6443008,1-Training-Losses/entropy,0.7242510318756104,Pong1PCB2L336P__seed_8_1763344785
6447104,1-Training-Losses/entropy,0.7428473830223083,Pong1PCB2L336P__seed_8_1763344785
6451200,1-Training-Losses/entropy,0.751533567905426,Pong1PCB2L336P__seed_8_1763344785
6455296,1-Training-Losses/entropy,0.776292622089386,Pong1PCB2L336P__seed_8_1763344785
6459392,1-Training-Losses/entropy,0.777786374092102,Pong1PCB2L336P__seed_8_1763344785
6463488,1-Training-Losses/entropy,0.7365093231201172,Pong1PCB2L336P__seed_8_1763344785
6467584,1-Training-Losses/entropy,0.7533538341522217,Pong1PCB2L336P__seed_8_1763344785
6471680,1-Training-Losses/entropy,0.8004199266433716,Pong1PCB2L336P__seed_8_1763344785
6475776,1-Training-Losses/entropy,0.7853355407714844,Pong1PCB2L336P__seed_8_1763344785
6479872,1-Training-Losses/entropy,0.7906322479248047,Pong1PCB2L336P__seed_8_1763344785
6483968,1-Training-Losses/entropy,0.7525327205657959,Pong1PCB2L336P__seed_8_1763344785
6488064,1-Training-Losses/entropy,0.7108376026153564,Pong1PCB2L336P__seed_8_1763344785
6492160,1-Training-Losses/entropy,0.735263466835022,Pong1PCB2L336P__seed_8_1763344785
6496256,1-Training-Losses/entropy,0.7731704115867615,Pong1PCB2L336P__seed_8_1763344785
6500352,1-Training-Losses/entropy,0.8010895848274231,Pong1PCB2L336P__seed_8_1763344785
6504448,1-Training-Losses/entropy,0.7204381227493286,Pong1PCB2L336P__seed_8_1763344785
6508544,1-Training-Losses/entropy,0.7134526968002319,Pong1PCB2L336P__seed_8_1763344785
6512640,1-Training-Losses/entropy,0.7333322167396545,Pong1PCB2L336P__seed_8_1763344785
6516736,1-Training-Losses/entropy,0.7533697485923767,Pong1PCB2L336P__seed_8_1763344785
6520832,1-Training-Losses/entropy,0.7974580526351929,Pong1PCB2L336P__seed_8_1763344785
6524928,1-Training-Losses/entropy,0.7849165201187134,Pong1PCB2L336P__seed_8_1763344785
6529024,1-Training-Losses/entropy,0.790985107421875,Pong1PCB2L336P__seed_8_1763344785
6533120,1-Training-Losses/entropy,0.7695331573486328,Pong1PCB2L336P__seed_8_1763344785
6537216,1-Training-Losses/entropy,0.7824251651763916,Pong1PCB2L336P__seed_8_1763344785
6541312,1-Training-Losses/entropy,0.7394661903381348,Pong1PCB2L336P__seed_8_1763344785
6545408,1-Training-Losses/entropy,0.7554786205291748,Pong1PCB2L336P__seed_8_1763344785
6549504,1-Training-Losses/entropy,0.7619175910949707,Pong1PCB2L336P__seed_8_1763344785
6553600,1-Training-Losses/entropy,0.745990514755249,Pong1PCB2L336P__seed_8_1763344785
6557696,1-Training-Losses/entropy,0.7252931594848633,Pong1PCB2L336P__seed_8_1763344785
6561792,1-Training-Losses/entropy,0.7665576338768005,Pong1PCB2L336P__seed_8_1763344785
6565888,1-Training-Losses/entropy,0.7553738355636597,Pong1PCB2L336P__seed_8_1763344785
6569984,1-Training-Losses/entropy,0.7644357681274414,Pong1PCB2L336P__seed_8_1763344785
6574080,1-Training-Losses/entropy,0.7486405372619629,Pong1PCB2L336P__seed_8_1763344785
6578176,1-Training-Losses/entropy,0.7582366466522217,Pong1PCB2L336P__seed_8_1763344785
6582272,1-Training-Losses/entropy,0.7848482728004456,Pong1PCB2L336P__seed_8_1763344785
6586368,1-Training-Losses/entropy,0.74373459815979,Pong1PCB2L336P__seed_8_1763344785
6590464,1-Training-Losses/entropy,0.7443414926528931,Pong1PCB2L336P__seed_8_1763344785
6594560,1-Training-Losses/entropy,0.7805563807487488,Pong1PCB2L336P__seed_8_1763344785
6598656,1-Training-Losses/entropy,0.7820548415184021,Pong1PCB2L336P__seed_8_1763344785
6602752,1-Training-Losses/entropy,0.721831738948822,Pong1PCB2L336P__seed_8_1763344785
6606848,1-Training-Losses/entropy,0.819847822189331,Pong1PCB2L336P__seed_8_1763344785
6610944,1-Training-Losses/entropy,0.7798693776130676,Pong1PCB2L336P__seed_8_1763344785
6615040,1-Training-Losses/entropy,0.7619326710700989,Pong1PCB2L336P__seed_8_1763344785
6619136,1-Training-Losses/entropy,0.7488773465156555,Pong1PCB2L336P__seed_8_1763344785
6623232,1-Training-Losses/entropy,0.7623336315155029,Pong1PCB2L336P__seed_8_1763344785
6627328,1-Training-Losses/entropy,0.7351000308990479,Pong1PCB2L336P__seed_8_1763344785
6631424,1-Training-Losses/entropy,0.7008667588233948,Pong1PCB2L336P__seed_8_1763344785
6635520,1-Training-Losses/entropy,0.7677104473114014,Pong1PCB2L336P__seed_8_1763344785
6639616,1-Training-Losses/entropy,0.7698025703430176,Pong1PCB2L336P__seed_8_1763344785
6643712,1-Training-Losses/entropy,0.7548888921737671,Pong1PCB2L336P__seed_8_1763344785
6647808,1-Training-Losses/entropy,0.7463303804397583,Pong1PCB2L336P__seed_8_1763344785
6651904,1-Training-Losses/entropy,0.7737138867378235,Pong1PCB2L336P__seed_8_1763344785
6656000,1-Training-Losses/entropy,0.713403582572937,Pong1PCB2L336P__seed_8_1763344785
6660096,1-Training-Losses/entropy,0.7393791079521179,Pong1PCB2L336P__seed_8_1763344785
6664192,1-Training-Losses/entropy,0.7403242588043213,Pong1PCB2L336P__seed_8_1763344785
6668288,1-Training-Losses/entropy,0.7691786289215088,Pong1PCB2L336P__seed_8_1763344785
6672384,1-Training-Losses/entropy,0.7499151229858398,Pong1PCB2L336P__seed_8_1763344785
6676480,1-Training-Losses/entropy,0.748974084854126,Pong1PCB2L336P__seed_8_1763344785
6680576,1-Training-Losses/entropy,0.7547650933265686,Pong1PCB2L336P__seed_8_1763344785
6684672,1-Training-Losses/entropy,0.7537051439285278,Pong1PCB2L336P__seed_8_1763344785
6688768,1-Training-Losses/entropy,0.7581486105918884,Pong1PCB2L336P__seed_8_1763344785
6692864,1-Training-Losses/entropy,0.7745335102081299,Pong1PCB2L336P__seed_8_1763344785
6696960,1-Training-Losses/entropy,0.773362934589386,Pong1PCB2L336P__seed_8_1763344785
6701056,1-Training-Losses/entropy,0.7343981266021729,Pong1PCB2L336P__seed_8_1763344785
6705152,1-Training-Losses/entropy,0.7771819829940796,Pong1PCB2L336P__seed_8_1763344785
6709248,1-Training-Losses/entropy,0.7556411623954773,Pong1PCB2L336P__seed_8_1763344785
6713344,1-Training-Losses/entropy,0.7389483451843262,Pong1PCB2L336P__seed_8_1763344785
6717440,1-Training-Losses/entropy,0.7477781772613525,Pong1PCB2L336P__seed_8_1763344785
6721536,1-Training-Losses/entropy,0.7377695441246033,Pong1PCB2L336P__seed_8_1763344785
6725632,1-Training-Losses/entropy,0.7576003670692444,Pong1PCB2L336P__seed_8_1763344785
6729728,1-Training-Losses/entropy,0.7559540271759033,Pong1PCB2L336P__seed_8_1763344785
6733824,1-Training-Losses/entropy,0.7548971176147461,Pong1PCB2L336P__seed_8_1763344785
6737920,1-Training-Losses/entropy,0.7974884510040283,Pong1PCB2L336P__seed_8_1763344785
6742016,1-Training-Losses/entropy,0.7851462364196777,Pong1PCB2L336P__seed_8_1763344785
6746112,1-Training-Losses/entropy,0.6907959580421448,Pong1PCB2L336P__seed_8_1763344785
6750208,1-Training-Losses/entropy,0.758167028427124,Pong1PCB2L336P__seed_8_1763344785
6754304,1-Training-Losses/entropy,0.7619519233703613,Pong1PCB2L336P__seed_8_1763344785
6758400,1-Training-Losses/entropy,0.7295486927032471,Pong1PCB2L336P__seed_8_1763344785
6762496,1-Training-Losses/entropy,0.7543439865112305,Pong1PCB2L336P__seed_8_1763344785
6766592,1-Training-Losses/entropy,0.7665039896965027,Pong1PCB2L336P__seed_8_1763344785
6770688,1-Training-Losses/entropy,0.7702068090438843,Pong1PCB2L336P__seed_8_1763344785
6774784,1-Training-Losses/entropy,0.7682859301567078,Pong1PCB2L336P__seed_8_1763344785
6778880,1-Training-Losses/entropy,0.7438716888427734,Pong1PCB2L336P__seed_8_1763344785
6782976,1-Training-Losses/entropy,0.7732533812522888,Pong1PCB2L336P__seed_8_1763344785
6787072,1-Training-Losses/entropy,0.7853838205337524,Pong1PCB2L336P__seed_8_1763344785
6791168,1-Training-Losses/entropy,0.7437629699707031,Pong1PCB2L336P__seed_8_1763344785
6795264,1-Training-Losses/entropy,0.7817648649215698,Pong1PCB2L336P__seed_8_1763344785
6799360,1-Training-Losses/entropy,0.7252134680747986,Pong1PCB2L336P__seed_8_1763344785
6803456,1-Training-Losses/entropy,0.7653704285621643,Pong1PCB2L336P__seed_8_1763344785
6807552,1-Training-Losses/entropy,0.743106484413147,Pong1PCB2L336P__seed_8_1763344785
6811648,1-Training-Losses/entropy,0.7488435506820679,Pong1PCB2L336P__seed_8_1763344785
6815744,1-Training-Losses/entropy,0.7866758704185486,Pong1PCB2L336P__seed_8_1763344785
6819840,1-Training-Losses/entropy,0.7134153842926025,Pong1PCB2L336P__seed_8_1763344785
6823936,1-Training-Losses/entropy,0.793749988079071,Pong1PCB2L336P__seed_8_1763344785
6828032,1-Training-Losses/entropy,0.7274839282035828,Pong1PCB2L336P__seed_8_1763344785
6832128,1-Training-Losses/entropy,0.7818164229393005,Pong1PCB2L336P__seed_8_1763344785
6836224,1-Training-Losses/entropy,0.7454010248184204,Pong1PCB2L336P__seed_8_1763344785
6840320,1-Training-Losses/entropy,0.7450258731842041,Pong1PCB2L336P__seed_8_1763344785
6844416,1-Training-Losses/entropy,0.7278759479522705,Pong1PCB2L336P__seed_8_1763344785
6848512,1-Training-Losses/entropy,0.7925980687141418,Pong1PCB2L336P__seed_8_1763344785
6852608,1-Training-Losses/entropy,0.7635829448699951,Pong1PCB2L336P__seed_8_1763344785
6856704,1-Training-Losses/entropy,0.7344156503677368,Pong1PCB2L336P__seed_8_1763344785
6860800,1-Training-Losses/entropy,0.7602885961532593,Pong1PCB2L336P__seed_8_1763344785
6864896,1-Training-Losses/entropy,0.7388932108879089,Pong1PCB2L336P__seed_8_1763344785
6868992,1-Training-Losses/entropy,0.759283721446991,Pong1PCB2L336P__seed_8_1763344785
6873088,1-Training-Losses/entropy,0.751469612121582,Pong1PCB2L336P__seed_8_1763344785
6877184,1-Training-Losses/entropy,0.7359312772750854,Pong1PCB2L336P__seed_8_1763344785
6881280,1-Training-Losses/entropy,0.7661834955215454,Pong1PCB2L336P__seed_8_1763344785
6885376,1-Training-Losses/entropy,0.7725161910057068,Pong1PCB2L336P__seed_8_1763344785
6889472,1-Training-Losses/entropy,0.7465258836746216,Pong1PCB2L336P__seed_8_1763344785
6893568,1-Training-Losses/entropy,0.7480766177177429,Pong1PCB2L336P__seed_8_1763344785
6897664,1-Training-Losses/entropy,0.7677862644195557,Pong1PCB2L336P__seed_8_1763344785
6901760,1-Training-Losses/entropy,0.7680327296257019,Pong1PCB2L336P__seed_8_1763344785
6905856,1-Training-Losses/entropy,0.7658636569976807,Pong1PCB2L336P__seed_8_1763344785
6909952,1-Training-Losses/entropy,0.745630145072937,Pong1PCB2L336P__seed_8_1763344785
6914048,1-Training-Losses/entropy,0.7492221593856812,Pong1PCB2L336P__seed_8_1763344785
6918144,1-Training-Losses/entropy,0.7574226260185242,Pong1PCB2L336P__seed_8_1763344785
6922240,1-Training-Losses/entropy,0.7627707719802856,Pong1PCB2L336P__seed_8_1763344785
6926336,1-Training-Losses/entropy,0.7721605896949768,Pong1PCB2L336P__seed_8_1763344785
6930432,1-Training-Losses/entropy,0.7083199620246887,Pong1PCB2L336P__seed_8_1763344785
6934528,1-Training-Losses/entropy,0.7579234838485718,Pong1PCB2L336P__seed_8_1763344785
6938624,1-Training-Losses/entropy,0.7661211490631104,Pong1PCB2L336P__seed_8_1763344785
6942720,1-Training-Losses/entropy,0.7491917610168457,Pong1PCB2L336P__seed_8_1763344785
6946816,1-Training-Losses/entropy,0.7228337526321411,Pong1PCB2L336P__seed_8_1763344785
6950912,1-Training-Losses/entropy,0.7210355997085571,Pong1PCB2L336P__seed_8_1763344785
6955008,1-Training-Losses/entropy,0.7547495365142822,Pong1PCB2L336P__seed_8_1763344785
6959104,1-Training-Losses/entropy,0.8012768626213074,Pong1PCB2L336P__seed_8_1763344785
6963200,1-Training-Losses/entropy,0.7329111099243164,Pong1PCB2L336P__seed_8_1763344785
6967296,1-Training-Losses/entropy,0.7515943646430969,Pong1PCB2L336P__seed_8_1763344785
6971392,1-Training-Losses/entropy,0.7484553456306458,Pong1PCB2L336P__seed_8_1763344785
6975488,1-Training-Losses/entropy,0.7539176940917969,Pong1PCB2L336P__seed_8_1763344785
6979584,1-Training-Losses/entropy,0.7708917856216431,Pong1PCB2L336P__seed_8_1763344785
6983680,1-Training-Losses/entropy,0.7618263959884644,Pong1PCB2L336P__seed_8_1763344785
6987776,1-Training-Losses/entropy,0.7607031464576721,Pong1PCB2L336P__seed_8_1763344785
6991872,1-Training-Losses/entropy,0.7635848522186279,Pong1PCB2L336P__seed_8_1763344785
6995968,1-Training-Losses/entropy,0.7911810278892517,Pong1PCB2L336P__seed_8_1763344785
7000064,1-Training-Losses/entropy,0.7858585119247437,Pong1PCB2L336P__seed_8_1763344785
7004160,1-Training-Losses/entropy,0.7369428873062134,Pong1PCB2L336P__seed_8_1763344785
7008256,1-Training-Losses/entropy,0.742937445640564,Pong1PCB2L336P__seed_8_1763344785
7012352,1-Training-Losses/entropy,0.7404401302337646,Pong1PCB2L336P__seed_8_1763344785
7016448,1-Training-Losses/entropy,0.7541676163673401,Pong1PCB2L336P__seed_8_1763344785
7020544,1-Training-Losses/entropy,0.7852843999862671,Pong1PCB2L336P__seed_8_1763344785
7024640,1-Training-Losses/entropy,0.7516767978668213,Pong1PCB2L336P__seed_8_1763344785
7028736,1-Training-Losses/entropy,0.7584249973297119,Pong1PCB2L336P__seed_8_1763344785
7032832,1-Training-Losses/entropy,0.7616192102432251,Pong1PCB2L336P__seed_8_1763344785
7036928,1-Training-Losses/entropy,0.7325233221054077,Pong1PCB2L336P__seed_8_1763344785
7041024,1-Training-Losses/entropy,0.7816222906112671,Pong1PCB2L336P__seed_8_1763344785
7045120,1-Training-Losses/entropy,0.7187416553497314,Pong1PCB2L336P__seed_8_1763344785
7049216,1-Training-Losses/entropy,0.6977159976959229,Pong1PCB2L336P__seed_8_1763344785
7053312,1-Training-Losses/entropy,0.7643790245056152,Pong1PCB2L336P__seed_8_1763344785
7057408,1-Training-Losses/entropy,0.729046642780304,Pong1PCB2L336P__seed_8_1763344785
7061504,1-Training-Losses/entropy,0.7696164846420288,Pong1PCB2L336P__seed_8_1763344785
7065600,1-Training-Losses/entropy,0.767768919467926,Pong1PCB2L336P__seed_8_1763344785
7069696,1-Training-Losses/entropy,0.7645742297172546,Pong1PCB2L336P__seed_8_1763344785
7073792,1-Training-Losses/entropy,0.7635245323181152,Pong1PCB2L336P__seed_8_1763344785
7077888,1-Training-Losses/entropy,0.7146434187889099,Pong1PCB2L336P__seed_8_1763344785
7081984,1-Training-Losses/entropy,0.7726671099662781,Pong1PCB2L336P__seed_8_1763344785
7086080,1-Training-Losses/entropy,0.73969566822052,Pong1PCB2L336P__seed_8_1763344785
7090176,1-Training-Losses/entropy,0.7246233224868774,Pong1PCB2L336P__seed_8_1763344785
7094272,1-Training-Losses/entropy,0.7212178707122803,Pong1PCB2L336P__seed_8_1763344785
7098368,1-Training-Losses/entropy,0.7759537696838379,Pong1PCB2L336P__seed_8_1763344785
7102464,1-Training-Losses/entropy,0.7420544028282166,Pong1PCB2L336P__seed_8_1763344785
7106560,1-Training-Losses/entropy,0.6900508403778076,Pong1PCB2L336P__seed_8_1763344785
7110656,1-Training-Losses/entropy,0.7518516778945923,Pong1PCB2L336P__seed_8_1763344785
7114752,1-Training-Losses/entropy,0.7486962080001831,Pong1PCB2L336P__seed_8_1763344785
7118848,1-Training-Losses/entropy,0.7501564025878906,Pong1PCB2L336P__seed_8_1763344785
7122944,1-Training-Losses/entropy,0.7451591491699219,Pong1PCB2L336P__seed_8_1763344785
7127040,1-Training-Losses/entropy,0.7573567628860474,Pong1PCB2L336P__seed_8_1763344785
7131136,1-Training-Losses/entropy,0.7468220591545105,Pong1PCB2L336P__seed_8_1763344785
7135232,1-Training-Losses/entropy,0.780593991279602,Pong1PCB2L336P__seed_8_1763344785
7139328,1-Training-Losses/entropy,0.7394474148750305,Pong1PCB2L336P__seed_8_1763344785
7143424,1-Training-Losses/entropy,0.7536690831184387,Pong1PCB2L336P__seed_8_1763344785
7147520,1-Training-Losses/entropy,0.7757428884506226,Pong1PCB2L336P__seed_8_1763344785
7151616,1-Training-Losses/entropy,0.7256999015808105,Pong1PCB2L336P__seed_8_1763344785
7155712,1-Training-Losses/entropy,0.7456758618354797,Pong1PCB2L336P__seed_8_1763344785
7159808,1-Training-Losses/entropy,0.8031514883041382,Pong1PCB2L336P__seed_8_1763344785
7163904,1-Training-Losses/entropy,0.7731719017028809,Pong1PCB2L336P__seed_8_1763344785
7168000,1-Training-Losses/entropy,0.7482824921607971,Pong1PCB2L336P__seed_8_1763344785
7172096,1-Training-Losses/entropy,0.7876324653625488,Pong1PCB2L336P__seed_8_1763344785
7176192,1-Training-Losses/entropy,0.743567705154419,Pong1PCB2L336P__seed_8_1763344785
7180288,1-Training-Losses/entropy,0.7885403037071228,Pong1PCB2L336P__seed_8_1763344785
7184384,1-Training-Losses/entropy,0.8108687400817871,Pong1PCB2L336P__seed_8_1763344785
7188480,1-Training-Losses/entropy,0.7478907108306885,Pong1PCB2L336P__seed_8_1763344785
7192576,1-Training-Losses/entropy,0.7190659642219543,Pong1PCB2L336P__seed_8_1763344785
7196672,1-Training-Losses/entropy,0.8103294968605042,Pong1PCB2L336P__seed_8_1763344785
7200768,1-Training-Losses/entropy,0.7663981318473816,Pong1PCB2L336P__seed_8_1763344785
7204864,1-Training-Losses/entropy,0.7379544973373413,Pong1PCB2L336P__seed_8_1763344785
7208960,1-Training-Losses/entropy,0.7524218559265137,Pong1PCB2L336P__seed_8_1763344785
7213056,1-Training-Losses/entropy,0.7553013563156128,Pong1PCB2L336P__seed_8_1763344785
7217152,1-Training-Losses/entropy,0.7672508358955383,Pong1PCB2L336P__seed_8_1763344785
7221248,1-Training-Losses/entropy,0.8141419887542725,Pong1PCB2L336P__seed_8_1763344785
7225344,1-Training-Losses/entropy,0.7367427945137024,Pong1PCB2L336P__seed_8_1763344785
7229440,1-Training-Losses/entropy,0.8032168745994568,Pong1PCB2L336P__seed_8_1763344785
7233536,1-Training-Losses/entropy,0.8071027994155884,Pong1PCB2L336P__seed_8_1763344785
7237632,1-Training-Losses/entropy,0.7840107679367065,Pong1PCB2L336P__seed_8_1763344785
7241728,1-Training-Losses/entropy,0.764946699142456,Pong1PCB2L336P__seed_8_1763344785
7245824,1-Training-Losses/entropy,0.7805402278900146,Pong1PCB2L336P__seed_8_1763344785
7249920,1-Training-Losses/entropy,0.7302076816558838,Pong1PCB2L336P__seed_8_1763344785
7254016,1-Training-Losses/entropy,0.7490299940109253,Pong1PCB2L336P__seed_8_1763344785
7258112,1-Training-Losses/entropy,0.7593939304351807,Pong1PCB2L336P__seed_8_1763344785
7262208,1-Training-Losses/entropy,0.7704223990440369,Pong1PCB2L336P__seed_8_1763344785
7266304,1-Training-Losses/entropy,0.7545993328094482,Pong1PCB2L336P__seed_8_1763344785
7270400,1-Training-Losses/entropy,0.746004581451416,Pong1PCB2L336P__seed_8_1763344785
7274496,1-Training-Losses/entropy,0.7784807682037354,Pong1PCB2L336P__seed_8_1763344785
7278592,1-Training-Losses/entropy,0.7836166024208069,Pong1PCB2L336P__seed_8_1763344785
7282688,1-Training-Losses/entropy,0.7544610500335693,Pong1PCB2L336P__seed_8_1763344785
7286784,1-Training-Losses/entropy,0.7688866853713989,Pong1PCB2L336P__seed_8_1763344785
7290880,1-Training-Losses/entropy,0.7415310144424438,Pong1PCB2L336P__seed_8_1763344785
7294976,1-Training-Losses/entropy,0.7586793899536133,Pong1PCB2L336P__seed_8_1763344785
7299072,1-Training-Losses/entropy,0.7587922811508179,Pong1PCB2L336P__seed_8_1763344785
7303168,1-Training-Losses/entropy,0.7623308300971985,Pong1PCB2L336P__seed_8_1763344785
7307264,1-Training-Losses/entropy,0.7516984939575195,Pong1PCB2L336P__seed_8_1763344785
7311360,1-Training-Losses/entropy,0.756093442440033,Pong1PCB2L336P__seed_8_1763344785
7315456,1-Training-Losses/entropy,0.7744662761688232,Pong1PCB2L336P__seed_8_1763344785
7319552,1-Training-Losses/entropy,0.7460238933563232,Pong1PCB2L336P__seed_8_1763344785
7323648,1-Training-Losses/entropy,0.7871646881103516,Pong1PCB2L336P__seed_8_1763344785
7327744,1-Training-Losses/entropy,0.772332489490509,Pong1PCB2L336P__seed_8_1763344785
7331840,1-Training-Losses/entropy,0.7246103286743164,Pong1PCB2L336P__seed_8_1763344785
7335936,1-Training-Losses/entropy,0.762886106967926,Pong1PCB2L336P__seed_8_1763344785
7340032,1-Training-Losses/entropy,0.7849695682525635,Pong1PCB2L336P__seed_8_1763344785
7344128,1-Training-Losses/entropy,0.7405595779418945,Pong1PCB2L336P__seed_8_1763344785
7348224,1-Training-Losses/entropy,0.7850373983383179,Pong1PCB2L336P__seed_8_1763344785
7352320,1-Training-Losses/entropy,0.7967652082443237,Pong1PCB2L336P__seed_8_1763344785
7356416,1-Training-Losses/entropy,0.781585693359375,Pong1PCB2L336P__seed_8_1763344785
7360512,1-Training-Losses/entropy,0.7579671144485474,Pong1PCB2L336P__seed_8_1763344785
7364608,1-Training-Losses/entropy,0.777849555015564,Pong1PCB2L336P__seed_8_1763344785
7368704,1-Training-Losses/entropy,0.7342647314071655,Pong1PCB2L336P__seed_8_1763344785
7372800,1-Training-Losses/entropy,0.8088177442550659,Pong1PCB2L336P__seed_8_1763344785
7376896,1-Training-Losses/entropy,0.7510125637054443,Pong1PCB2L336P__seed_8_1763344785
7380992,1-Training-Losses/entropy,0.6880738139152527,Pong1PCB2L336P__seed_8_1763344785
7385088,1-Training-Losses/entropy,0.7694727778434753,Pong1PCB2L336P__seed_8_1763344785
7389184,1-Training-Losses/entropy,0.7544775605201721,Pong1PCB2L336P__seed_8_1763344785
7393280,1-Training-Losses/entropy,0.6969492435455322,Pong1PCB2L336P__seed_8_1763344785
7397376,1-Training-Losses/entropy,0.7706993818283081,Pong1PCB2L336P__seed_8_1763344785
7401472,1-Training-Losses/entropy,0.7352839708328247,Pong1PCB2L336P__seed_8_1763344785
7405568,1-Training-Losses/entropy,0.7670298218727112,Pong1PCB2L336P__seed_8_1763344785
7409664,1-Training-Losses/entropy,0.7288834452629089,Pong1PCB2L336P__seed_8_1763344785
7413760,1-Training-Losses/entropy,0.7176675796508789,Pong1PCB2L336P__seed_8_1763344785
7417856,1-Training-Losses/entropy,0.7546417117118835,Pong1PCB2L336P__seed_8_1763344785
7421952,1-Training-Losses/entropy,0.7672348618507385,Pong1PCB2L336P__seed_8_1763344785
7426048,1-Training-Losses/entropy,0.7151017189025879,Pong1PCB2L336P__seed_8_1763344785
7430144,1-Training-Losses/entropy,0.7949392795562744,Pong1PCB2L336P__seed_8_1763344785
7434240,1-Training-Losses/entropy,0.759028971195221,Pong1PCB2L336P__seed_8_1763344785
7438336,1-Training-Losses/entropy,0.7492130398750305,Pong1PCB2L336P__seed_8_1763344785
7442432,1-Training-Losses/entropy,0.7419015169143677,Pong1PCB2L336P__seed_8_1763344785
7446528,1-Training-Losses/entropy,0.7828167080879211,Pong1PCB2L336P__seed_8_1763344785
7450624,1-Training-Losses/entropy,0.7430975437164307,Pong1PCB2L336P__seed_8_1763344785
7454720,1-Training-Losses/entropy,0.7737225294113159,Pong1PCB2L336P__seed_8_1763344785
7458816,1-Training-Losses/entropy,0.7574047446250916,Pong1PCB2L336P__seed_8_1763344785
7462912,1-Training-Losses/entropy,0.7931579351425171,Pong1PCB2L336P__seed_8_1763344785
7467008,1-Training-Losses/entropy,0.712361752986908,Pong1PCB2L336P__seed_8_1763344785
7471104,1-Training-Losses/entropy,0.7464447617530823,Pong1PCB2L336P__seed_8_1763344785
7475200,1-Training-Losses/entropy,0.7287043333053589,Pong1PCB2L336P__seed_8_1763344785
7479296,1-Training-Losses/entropy,0.715624213218689,Pong1PCB2L336P__seed_8_1763344785
7483392,1-Training-Losses/entropy,0.7742214202880859,Pong1PCB2L336P__seed_8_1763344785
7487488,1-Training-Losses/entropy,0.7669512629508972,Pong1PCB2L336P__seed_8_1763344785
7491584,1-Training-Losses/entropy,0.7658472061157227,Pong1PCB2L336P__seed_8_1763344785
7495680,1-Training-Losses/entropy,0.7587702870368958,Pong1PCB2L336P__seed_8_1763344785
7499776,1-Training-Losses/entropy,0.737141489982605,Pong1PCB2L336P__seed_8_1763344785
7503872,1-Training-Losses/entropy,0.7408090233802795,Pong1PCB2L336P__seed_8_1763344785
7507968,1-Training-Losses/entropy,0.7377516627311707,Pong1PCB2L336P__seed_8_1763344785
7512064,1-Training-Losses/entropy,0.7635147571563721,Pong1PCB2L336P__seed_8_1763344785
7516160,1-Training-Losses/entropy,0.7155755758285522,Pong1PCB2L336P__seed_8_1763344785
7520256,1-Training-Losses/entropy,0.7467305660247803,Pong1PCB2L336P__seed_8_1763344785
7524352,1-Training-Losses/entropy,0.7628090977668762,Pong1PCB2L336P__seed_8_1763344785
7528448,1-Training-Losses/entropy,0.7248549461364746,Pong1PCB2L336P__seed_8_1763344785
7532544,1-Training-Losses/entropy,0.7271366715431213,Pong1PCB2L336P__seed_8_1763344785
7536640,1-Training-Losses/entropy,0.7371863722801208,Pong1PCB2L336P__seed_8_1763344785
7540736,1-Training-Losses/entropy,0.7806848287582397,Pong1PCB2L336P__seed_8_1763344785
7544832,1-Training-Losses/entropy,0.7815779447555542,Pong1PCB2L336P__seed_8_1763344785
7548928,1-Training-Losses/entropy,0.7200779318809509,Pong1PCB2L336P__seed_8_1763344785
7553024,1-Training-Losses/entropy,0.7581469416618347,Pong1PCB2L336P__seed_8_1763344785
7557120,1-Training-Losses/entropy,0.7647086977958679,Pong1PCB2L336P__seed_8_1763344785
7561216,1-Training-Losses/entropy,0.7706453800201416,Pong1PCB2L336P__seed_8_1763344785
7565312,1-Training-Losses/entropy,0.7800799608230591,Pong1PCB2L336P__seed_8_1763344785
7569408,1-Training-Losses/entropy,0.716150164604187,Pong1PCB2L336P__seed_8_1763344785
7573504,1-Training-Losses/entropy,0.7738895416259766,Pong1PCB2L336P__seed_8_1763344785
7577600,1-Training-Losses/entropy,0.7032667398452759,Pong1PCB2L336P__seed_8_1763344785
7581696,1-Training-Losses/entropy,0.7468940615653992,Pong1PCB2L336P__seed_8_1763344785
7585792,1-Training-Losses/entropy,0.7120048999786377,Pong1PCB2L336P__seed_8_1763344785
7589888,1-Training-Losses/entropy,0.7492165565490723,Pong1PCB2L336P__seed_8_1763344785
7593984,1-Training-Losses/entropy,0.8062385320663452,Pong1PCB2L336P__seed_8_1763344785
7598080,1-Training-Losses/entropy,0.7500572204589844,Pong1PCB2L336P__seed_8_1763344785
7602176,1-Training-Losses/entropy,0.7266319990158081,Pong1PCB2L336P__seed_8_1763344785
7606272,1-Training-Losses/entropy,0.7354172468185425,Pong1PCB2L336P__seed_8_1763344785
7610368,1-Training-Losses/entropy,0.7273993492126465,Pong1PCB2L336P__seed_8_1763344785
7614464,1-Training-Losses/entropy,0.762199342250824,Pong1PCB2L336P__seed_8_1763344785
7618560,1-Training-Losses/entropy,0.7644733190536499,Pong1PCB2L336P__seed_8_1763344785
7622656,1-Training-Losses/entropy,0.755620002746582,Pong1PCB2L336P__seed_8_1763344785
7626752,1-Training-Losses/entropy,0.7686688899993896,Pong1PCB2L336P__seed_8_1763344785
7630848,1-Training-Losses/entropy,0.7513301372528076,Pong1PCB2L336P__seed_8_1763344785
7634944,1-Training-Losses/entropy,0.7827035188674927,Pong1PCB2L336P__seed_8_1763344785
7639040,1-Training-Losses/entropy,0.749348521232605,Pong1PCB2L336P__seed_8_1763344785
7643136,1-Training-Losses/entropy,0.7779296636581421,Pong1PCB2L336P__seed_8_1763344785
7647232,1-Training-Losses/entropy,0.7284296751022339,Pong1PCB2L336P__seed_8_1763344785
7651328,1-Training-Losses/entropy,0.7328187227249146,Pong1PCB2L336P__seed_8_1763344785
7655424,1-Training-Losses/entropy,0.7497633695602417,Pong1PCB2L336P__seed_8_1763344785
7659520,1-Training-Losses/entropy,0.7463245391845703,Pong1PCB2L336P__seed_8_1763344785
7663616,1-Training-Losses/entropy,0.7378795146942139,Pong1PCB2L336P__seed_8_1763344785
7667712,1-Training-Losses/entropy,0.7367770671844482,Pong1PCB2L336P__seed_8_1763344785
7671808,1-Training-Losses/entropy,0.7433164715766907,Pong1PCB2L336P__seed_8_1763344785
7675904,1-Training-Losses/entropy,0.734171986579895,Pong1PCB2L336P__seed_8_1763344785
7680000,1-Training-Losses/entropy,0.7595036029815674,Pong1PCB2L336P__seed_8_1763344785
7684096,1-Training-Losses/entropy,0.7441092133522034,Pong1PCB2L336P__seed_8_1763344785
7688192,1-Training-Losses/entropy,0.7474808692932129,Pong1PCB2L336P__seed_8_1763344785
7692288,1-Training-Losses/entropy,0.7523680925369263,Pong1PCB2L336P__seed_8_1763344785
7696384,1-Training-Losses/entropy,0.7181935906410217,Pong1PCB2L336P__seed_8_1763344785
7700480,1-Training-Losses/entropy,0.7680134773254395,Pong1PCB2L336P__seed_8_1763344785
7704576,1-Training-Losses/entropy,0.7658342123031616,Pong1PCB2L336P__seed_8_1763344785
7708672,1-Training-Losses/entropy,0.735528290271759,Pong1PCB2L336P__seed_8_1763344785
7712768,1-Training-Losses/entropy,0.7253295183181763,Pong1PCB2L336P__seed_8_1763344785
7716864,1-Training-Losses/entropy,0.7078637480735779,Pong1PCB2L336P__seed_8_1763344785
7720960,1-Training-Losses/entropy,0.7679799795150757,Pong1PCB2L336P__seed_8_1763344785
7725056,1-Training-Losses/entropy,0.7199254035949707,Pong1PCB2L336P__seed_8_1763344785
7729152,1-Training-Losses/entropy,0.758877158164978,Pong1PCB2L336P__seed_8_1763344785
7733248,1-Training-Losses/entropy,0.7643147706985474,Pong1PCB2L336P__seed_8_1763344785
7737344,1-Training-Losses/entropy,0.7136489152908325,Pong1PCB2L336P__seed_8_1763344785
7741440,1-Training-Losses/entropy,0.7817805409431458,Pong1PCB2L336P__seed_8_1763344785
7745536,1-Training-Losses/entropy,0.7309688329696655,Pong1PCB2L336P__seed_8_1763344785
7749632,1-Training-Losses/entropy,0.7504404783248901,Pong1PCB2L336P__seed_8_1763344785
7753728,1-Training-Losses/entropy,0.7256473302841187,Pong1PCB2L336P__seed_8_1763344785
7757824,1-Training-Losses/entropy,0.7637410163879395,Pong1PCB2L336P__seed_8_1763344785
7761920,1-Training-Losses/entropy,0.7106020450592041,Pong1PCB2L336P__seed_8_1763344785
7766016,1-Training-Losses/entropy,0.7653038501739502,Pong1PCB2L336P__seed_8_1763344785
7770112,1-Training-Losses/entropy,0.7761837244033813,Pong1PCB2L336P__seed_8_1763344785
7774208,1-Training-Losses/entropy,0.738677978515625,Pong1PCB2L336P__seed_8_1763344785
7778304,1-Training-Losses/entropy,0.7423729300498962,Pong1PCB2L336P__seed_8_1763344785
7782400,1-Training-Losses/entropy,0.7357825040817261,Pong1PCB2L336P__seed_8_1763344785
7786496,1-Training-Losses/entropy,0.7175683975219727,Pong1PCB2L336P__seed_8_1763344785
7790592,1-Training-Losses/entropy,0.7657204866409302,Pong1PCB2L336P__seed_8_1763344785
7794688,1-Training-Losses/entropy,0.7229560017585754,Pong1PCB2L336P__seed_8_1763344785
7798784,1-Training-Losses/entropy,0.7178036570549011,Pong1PCB2L336P__seed_8_1763344785
7802880,1-Training-Losses/entropy,0.7683059573173523,Pong1PCB2L336P__seed_8_1763344785
7806976,1-Training-Losses/entropy,0.7437167167663574,Pong1PCB2L336P__seed_8_1763344785
7811072,1-Training-Losses/entropy,0.7489764094352722,Pong1PCB2L336P__seed_8_1763344785
7815168,1-Training-Losses/entropy,0.721272349357605,Pong1PCB2L336P__seed_8_1763344785
7819264,1-Training-Losses/entropy,0.7458845376968384,Pong1PCB2L336P__seed_8_1763344785
7823360,1-Training-Losses/entropy,0.7076837420463562,Pong1PCB2L336P__seed_8_1763344785
7827456,1-Training-Losses/entropy,0.7502105236053467,Pong1PCB2L336P__seed_8_1763344785
7831552,1-Training-Losses/entropy,0.7222316265106201,Pong1PCB2L336P__seed_8_1763344785
7835648,1-Training-Losses/entropy,0.7645407915115356,Pong1PCB2L336P__seed_8_1763344785
7839744,1-Training-Losses/entropy,0.7084403038024902,Pong1PCB2L336P__seed_8_1763344785
7843840,1-Training-Losses/entropy,0.756074070930481,Pong1PCB2L336P__seed_8_1763344785
7847936,1-Training-Losses/entropy,0.7160114645957947,Pong1PCB2L336P__seed_8_1763344785
7852032,1-Training-Losses/entropy,0.7886518239974976,Pong1PCB2L336P__seed_8_1763344785
7856128,1-Training-Losses/entropy,0.7652814388275146,Pong1PCB2L336P__seed_8_1763344785
7860224,1-Training-Losses/entropy,0.7301581501960754,Pong1PCB2L336P__seed_8_1763344785
7864320,1-Training-Losses/entropy,0.7486992478370667,Pong1PCB2L336P__seed_8_1763344785
7868416,1-Training-Losses/entropy,0.7681059241294861,Pong1PCB2L336P__seed_8_1763344785
7872512,1-Training-Losses/entropy,0.7737358808517456,Pong1PCB2L336P__seed_8_1763344785
7876608,1-Training-Losses/entropy,0.7948358654975891,Pong1PCB2L336P__seed_8_1763344785
7880704,1-Training-Losses/entropy,0.7262555956840515,Pong1PCB2L336P__seed_8_1763344785
7884800,1-Training-Losses/entropy,0.7469817399978638,Pong1PCB2L336P__seed_8_1763344785
7888896,1-Training-Losses/entropy,0.7429976463317871,Pong1PCB2L336P__seed_8_1763344785
7892992,1-Training-Losses/entropy,0.7171592712402344,Pong1PCB2L336P__seed_8_1763344785
7897088,1-Training-Losses/entropy,0.7247006893157959,Pong1PCB2L336P__seed_8_1763344785
7901184,1-Training-Losses/entropy,0.7691477537155151,Pong1PCB2L336P__seed_8_1763344785
7905280,1-Training-Losses/entropy,0.7364175915718079,Pong1PCB2L336P__seed_8_1763344785
7909376,1-Training-Losses/entropy,0.723385214805603,Pong1PCB2L336P__seed_8_1763344785
7913472,1-Training-Losses/entropy,0.7432425618171692,Pong1PCB2L336P__seed_8_1763344785
7917568,1-Training-Losses/entropy,0.7778409123420715,Pong1PCB2L336P__seed_8_1763344785
7921664,1-Training-Losses/entropy,0.7618436813354492,Pong1PCB2L336P__seed_8_1763344785
7925760,1-Training-Losses/entropy,0.729777455329895,Pong1PCB2L336P__seed_8_1763344785
7929856,1-Training-Losses/entropy,0.7449603080749512,Pong1PCB2L336P__seed_8_1763344785
7933952,1-Training-Losses/entropy,0.7081810235977173,Pong1PCB2L336P__seed_8_1763344785
7938048,1-Training-Losses/entropy,0.7220064997673035,Pong1PCB2L336P__seed_8_1763344785
7942144,1-Training-Losses/entropy,0.7386690974235535,Pong1PCB2L336P__seed_8_1763344785
7946240,1-Training-Losses/entropy,0.742710530757904,Pong1PCB2L336P__seed_8_1763344785
7950336,1-Training-Losses/entropy,0.765207827091217,Pong1PCB2L336P__seed_8_1763344785
7954432,1-Training-Losses/entropy,0.7857751250267029,Pong1PCB2L336P__seed_8_1763344785
7958528,1-Training-Losses/entropy,0.7338880896568298,Pong1PCB2L336P__seed_8_1763344785
7962624,1-Training-Losses/entropy,0.737323522567749,Pong1PCB2L336P__seed_8_1763344785
7966720,1-Training-Losses/entropy,0.7501599788665771,Pong1PCB2L336P__seed_8_1763344785
7970816,1-Training-Losses/entropy,0.6910284757614136,Pong1PCB2L336P__seed_8_1763344785
7974912,1-Training-Losses/entropy,0.7045063972473145,Pong1PCB2L336P__seed_8_1763344785
7979008,1-Training-Losses/entropy,0.7463862299919128,Pong1PCB2L336P__seed_8_1763344785
7983104,1-Training-Losses/entropy,0.7254047393798828,Pong1PCB2L336P__seed_8_1763344785
7987200,1-Training-Losses/entropy,0.7131069898605347,Pong1PCB2L336P__seed_8_1763344785
7991296,1-Training-Losses/entropy,0.745373010635376,Pong1PCB2L336P__seed_8_1763344785
7995392,1-Training-Losses/entropy,0.7448583841323853,Pong1PCB2L336P__seed_8_1763344785
7999488,1-Training-Losses/entropy,0.7217550873756409,Pong1PCB2L336P__seed_8_1763344785
8003584,1-Training-Losses/entropy,0.740410566329956,Pong1PCB2L336P__seed_8_1763344785
8007680,1-Training-Losses/entropy,0.7463550567626953,Pong1PCB2L336P__seed_8_1763344785
8011776,1-Training-Losses/entropy,0.7381891012191772,Pong1PCB2L336P__seed_8_1763344785
8015872,1-Training-Losses/entropy,0.7833666801452637,Pong1PCB2L336P__seed_8_1763344785
8019968,1-Training-Losses/entropy,0.7628989219665527,Pong1PCB2L336P__seed_8_1763344785
8024064,1-Training-Losses/entropy,0.7214901447296143,Pong1PCB2L336P__seed_8_1763344785
8028160,1-Training-Losses/entropy,0.7576110363006592,Pong1PCB2L336P__seed_8_1763344785
8032256,1-Training-Losses/entropy,0.7657520174980164,Pong1PCB2L336P__seed_8_1763344785
8036352,1-Training-Losses/entropy,0.7838782668113708,Pong1PCB2L336P__seed_8_1763344785
8040448,1-Training-Losses/entropy,0.7337927222251892,Pong1PCB2L336P__seed_8_1763344785
8044544,1-Training-Losses/entropy,0.7587872743606567,Pong1PCB2L336P__seed_8_1763344785
8048640,1-Training-Losses/entropy,0.7358030080795288,Pong1PCB2L336P__seed_8_1763344785
8052736,1-Training-Losses/entropy,0.756397545337677,Pong1PCB2L336P__seed_8_1763344785
8056832,1-Training-Losses/entropy,0.7638485431671143,Pong1PCB2L336P__seed_8_1763344785
8060928,1-Training-Losses/entropy,0.7040529251098633,Pong1PCB2L336P__seed_8_1763344785
8065024,1-Training-Losses/entropy,0.7275441288948059,Pong1PCB2L336P__seed_8_1763344785
8069120,1-Training-Losses/entropy,0.7541266083717346,Pong1PCB2L336P__seed_8_1763344785
8073216,1-Training-Losses/entropy,0.7279843091964722,Pong1PCB2L336P__seed_8_1763344785
8077312,1-Training-Losses/entropy,0.8051294088363647,Pong1PCB2L336P__seed_8_1763344785
8081408,1-Training-Losses/entropy,0.7060856819152832,Pong1PCB2L336P__seed_8_1763344785
8085504,1-Training-Losses/entropy,0.7039155960083008,Pong1PCB2L336P__seed_8_1763344785
8089600,1-Training-Losses/entropy,0.7273343205451965,Pong1PCB2L336P__seed_8_1763344785
8093696,1-Training-Losses/entropy,0.7242668271064758,Pong1PCB2L336P__seed_8_1763344785
8097792,1-Training-Losses/entropy,0.7445638179779053,Pong1PCB2L336P__seed_8_1763344785
8101888,1-Training-Losses/entropy,0.7259957194328308,Pong1PCB2L336P__seed_8_1763344785
8105984,1-Training-Losses/entropy,0.7863335013389587,Pong1PCB2L336P__seed_8_1763344785
8110080,1-Training-Losses/entropy,0.725905179977417,Pong1PCB2L336P__seed_8_1763344785
8114176,1-Training-Losses/entropy,0.7399834394454956,Pong1PCB2L336P__seed_8_1763344785
8118272,1-Training-Losses/entropy,0.7408517003059387,Pong1PCB2L336P__seed_8_1763344785
8122368,1-Training-Losses/entropy,0.7177963256835938,Pong1PCB2L336P__seed_8_1763344785
8126464,1-Training-Losses/entropy,0.741865873336792,Pong1PCB2L336P__seed_8_1763344785
8130560,1-Training-Losses/entropy,0.7745569348335266,Pong1PCB2L336P__seed_8_1763344785
8134656,1-Training-Losses/entropy,0.7365970611572266,Pong1PCB2L336P__seed_8_1763344785
8138752,1-Training-Losses/entropy,0.7516056299209595,Pong1PCB2L336P__seed_8_1763344785
8142848,1-Training-Losses/entropy,0.7383347153663635,Pong1PCB2L336P__seed_8_1763344785
8146944,1-Training-Losses/entropy,0.7494623064994812,Pong1PCB2L336P__seed_8_1763344785
8151040,1-Training-Losses/entropy,0.7527593970298767,Pong1PCB2L336P__seed_8_1763344785
8155136,1-Training-Losses/entropy,0.7420638799667358,Pong1PCB2L336P__seed_8_1763344785
8159232,1-Training-Losses/entropy,0.7434518337249756,Pong1PCB2L336P__seed_8_1763344785
8163328,1-Training-Losses/entropy,0.7489285469055176,Pong1PCB2L336P__seed_8_1763344785
8167424,1-Training-Losses/entropy,0.7278083562850952,Pong1PCB2L336P__seed_8_1763344785
8171520,1-Training-Losses/entropy,0.7565072178840637,Pong1PCB2L336P__seed_8_1763344785
8175616,1-Training-Losses/entropy,0.7401339411735535,Pong1PCB2L336P__seed_8_1763344785
8179712,1-Training-Losses/entropy,0.7720192670822144,Pong1PCB2L336P__seed_8_1763344785
8183808,1-Training-Losses/entropy,0.6879233717918396,Pong1PCB2L336P__seed_8_1763344785
8187904,1-Training-Losses/entropy,0.7742305397987366,Pong1PCB2L336P__seed_8_1763344785
8192000,1-Training-Losses/entropy,0.6839548349380493,Pong1PCB2L336P__seed_8_1763344785
8196096,1-Training-Losses/entropy,0.7635975480079651,Pong1PCB2L336P__seed_8_1763344785
8200192,1-Training-Losses/entropy,0.7711648941040039,Pong1PCB2L336P__seed_8_1763344785
8204288,1-Training-Losses/entropy,0.6996106505393982,Pong1PCB2L336P__seed_8_1763344785
8208384,1-Training-Losses/entropy,0.7549285888671875,Pong1PCB2L336P__seed_8_1763344785
8212480,1-Training-Losses/entropy,0.7490774393081665,Pong1PCB2L336P__seed_8_1763344785
8216576,1-Training-Losses/entropy,0.7040679454803467,Pong1PCB2L336P__seed_8_1763344785
8220672,1-Training-Losses/entropy,0.7402604818344116,Pong1PCB2L336P__seed_8_1763344785
8224768,1-Training-Losses/entropy,0.7516876459121704,Pong1PCB2L336P__seed_8_1763344785
8228864,1-Training-Losses/entropy,0.7207819223403931,Pong1PCB2L336P__seed_8_1763344785
8232960,1-Training-Losses/entropy,0.7706318497657776,Pong1PCB2L336P__seed_8_1763344785
8237056,1-Training-Losses/entropy,0.7581385970115662,Pong1PCB2L336P__seed_8_1763344785
8241152,1-Training-Losses/entropy,0.7223266363143921,Pong1PCB2L336P__seed_8_1763344785
8245248,1-Training-Losses/entropy,0.7213554382324219,Pong1PCB2L336P__seed_8_1763344785
8249344,1-Training-Losses/entropy,0.7676131129264832,Pong1PCB2L336P__seed_8_1763344785
8253440,1-Training-Losses/entropy,0.7146104574203491,Pong1PCB2L336P__seed_8_1763344785
8257536,1-Training-Losses/entropy,0.7294321060180664,Pong1PCB2L336P__seed_8_1763344785
8261632,1-Training-Losses/entropy,0.7458238005638123,Pong1PCB2L336P__seed_8_1763344785
8265728,1-Training-Losses/entropy,0.7268221378326416,Pong1PCB2L336P__seed_8_1763344785
8269824,1-Training-Losses/entropy,0.7140405178070068,Pong1PCB2L336P__seed_8_1763344785
8273920,1-Training-Losses/entropy,0.7303957939147949,Pong1PCB2L336P__seed_8_1763344785
8278016,1-Training-Losses/entropy,0.6822613477706909,Pong1PCB2L336P__seed_8_1763344785
8282112,1-Training-Losses/entropy,0.7696462869644165,Pong1PCB2L336P__seed_8_1763344785
8286208,1-Training-Losses/entropy,0.7388477921485901,Pong1PCB2L336P__seed_8_1763344785
8290304,1-Training-Losses/entropy,0.7023173570632935,Pong1PCB2L336P__seed_8_1763344785
8294400,1-Training-Losses/entropy,0.7690950036048889,Pong1PCB2L336P__seed_8_1763344785
8298496,1-Training-Losses/entropy,0.6553125977516174,Pong1PCB2L336P__seed_8_1763344785
8302592,1-Training-Losses/entropy,0.7422800660133362,Pong1PCB2L336P__seed_8_1763344785
8306688,1-Training-Losses/entropy,0.7012957334518433,Pong1PCB2L336P__seed_8_1763344785
8310784,1-Training-Losses/entropy,0.7161421775817871,Pong1PCB2L336P__seed_8_1763344785
8314880,1-Training-Losses/entropy,0.7298333644866943,Pong1PCB2L336P__seed_8_1763344785
8318976,1-Training-Losses/entropy,0.7215868234634399,Pong1PCB2L336P__seed_8_1763344785
8323072,1-Training-Losses/entropy,0.7194414138793945,Pong1PCB2L336P__seed_8_1763344785
8327168,1-Training-Losses/entropy,0.7363541126251221,Pong1PCB2L336P__seed_8_1763344785
8331264,1-Training-Losses/entropy,0.7162362337112427,Pong1PCB2L336P__seed_8_1763344785
8335360,1-Training-Losses/entropy,0.6862924695014954,Pong1PCB2L336P__seed_8_1763344785
8339456,1-Training-Losses/entropy,0.7252222299575806,Pong1PCB2L336P__seed_8_1763344785
8343552,1-Training-Losses/entropy,0.6902981400489807,Pong1PCB2L336P__seed_8_1763344785
8347648,1-Training-Losses/entropy,0.7567787170410156,Pong1PCB2L336P__seed_8_1763344785
8351744,1-Training-Losses/entropy,0.7218234539031982,Pong1PCB2L336P__seed_8_1763344785
8355840,1-Training-Losses/entropy,0.7134301662445068,Pong1PCB2L336P__seed_8_1763344785
8359936,1-Training-Losses/entropy,0.7151793241500854,Pong1PCB2L336P__seed_8_1763344785
8364032,1-Training-Losses/entropy,0.7540528178215027,Pong1PCB2L336P__seed_8_1763344785
8368128,1-Training-Losses/entropy,0.7198490500450134,Pong1PCB2L336P__seed_8_1763344785
8372224,1-Training-Losses/entropy,0.7506440877914429,Pong1PCB2L336P__seed_8_1763344785
8376320,1-Training-Losses/entropy,0.7241169214248657,Pong1PCB2L336P__seed_8_1763344785
8380416,1-Training-Losses/entropy,0.7368466258049011,Pong1PCB2L336P__seed_8_1763344785
8384512,1-Training-Losses/entropy,0.7335776090621948,Pong1PCB2L336P__seed_8_1763344785
8388608,1-Training-Losses/entropy,0.7425671219825745,Pong1PCB2L336P__seed_8_1763344785
8392704,1-Training-Losses/entropy,0.7530577778816223,Pong1PCB2L336P__seed_8_1763344785
8396800,1-Training-Losses/entropy,0.7391128540039062,Pong1PCB2L336P__seed_8_1763344785
8400896,1-Training-Losses/entropy,0.7215956449508667,Pong1PCB2L336P__seed_8_1763344785
8404992,1-Training-Losses/entropy,0.7690793871879578,Pong1PCB2L336P__seed_8_1763344785
8409088,1-Training-Losses/entropy,0.6964040398597717,Pong1PCB2L336P__seed_8_1763344785
8413184,1-Training-Losses/entropy,0.731256365776062,Pong1PCB2L336P__seed_8_1763344785
8417280,1-Training-Losses/entropy,0.7319653034210205,Pong1PCB2L336P__seed_8_1763344785
8421376,1-Training-Losses/entropy,0.7095776796340942,Pong1PCB2L336P__seed_8_1763344785
8425472,1-Training-Losses/entropy,0.7398951053619385,Pong1PCB2L336P__seed_8_1763344785
8429568,1-Training-Losses/entropy,0.6978164911270142,Pong1PCB2L336P__seed_8_1763344785
8433664,1-Training-Losses/entropy,0.7666693329811096,Pong1PCB2L336P__seed_8_1763344785
8437760,1-Training-Losses/entropy,0.703955888748169,Pong1PCB2L336P__seed_8_1763344785
8441856,1-Training-Losses/entropy,0.7201861143112183,Pong1PCB2L336P__seed_8_1763344785
8445952,1-Training-Losses/entropy,0.7369997501373291,Pong1PCB2L336P__seed_8_1763344785
8450048,1-Training-Losses/entropy,0.7300795316696167,Pong1PCB2L336P__seed_8_1763344785
8454144,1-Training-Losses/entropy,0.7317832708358765,Pong1PCB2L336P__seed_8_1763344785
8458240,1-Training-Losses/entropy,0.7217978239059448,Pong1PCB2L336P__seed_8_1763344785
8462336,1-Training-Losses/entropy,0.75334632396698,Pong1PCB2L336P__seed_8_1763344785
8466432,1-Training-Losses/entropy,0.741927444934845,Pong1PCB2L336P__seed_8_1763344785
8470528,1-Training-Losses/entropy,0.7268227338790894,Pong1PCB2L336P__seed_8_1763344785
8474624,1-Training-Losses/entropy,0.7028574347496033,Pong1PCB2L336P__seed_8_1763344785
8478720,1-Training-Losses/entropy,0.7358726263046265,Pong1PCB2L336P__seed_8_1763344785
8482816,1-Training-Losses/entropy,0.7361345887184143,Pong1PCB2L336P__seed_8_1763344785
8486912,1-Training-Losses/entropy,0.7552004456520081,Pong1PCB2L336P__seed_8_1763344785
8491008,1-Training-Losses/entropy,0.7087019681930542,Pong1PCB2L336P__seed_8_1763344785
8495104,1-Training-Losses/entropy,0.7329089641571045,Pong1PCB2L336P__seed_8_1763344785
8499200,1-Training-Losses/entropy,0.7248364686965942,Pong1PCB2L336P__seed_8_1763344785
8503296,1-Training-Losses/entropy,0.7039155960083008,Pong1PCB2L336P__seed_8_1763344785
8507392,1-Training-Losses/entropy,0.7545067667961121,Pong1PCB2L336P__seed_8_1763344785
8511488,1-Training-Losses/entropy,0.7601183652877808,Pong1PCB2L336P__seed_8_1763344785
8515584,1-Training-Losses/entropy,0.7636347413063049,Pong1PCB2L336P__seed_8_1763344785
8519680,1-Training-Losses/entropy,0.7422137260437012,Pong1PCB2L336P__seed_8_1763344785
8523776,1-Training-Losses/entropy,0.7225319743156433,Pong1PCB2L336P__seed_8_1763344785
8527872,1-Training-Losses/entropy,0.7423416972160339,Pong1PCB2L336P__seed_8_1763344785
8531968,1-Training-Losses/entropy,0.7375580668449402,Pong1PCB2L336P__seed_8_1763344785
8536064,1-Training-Losses/entropy,0.7228405475616455,Pong1PCB2L336P__seed_8_1763344785
8540160,1-Training-Losses/entropy,0.7768364548683167,Pong1PCB2L336P__seed_8_1763344785
8544256,1-Training-Losses/entropy,0.7393586039543152,Pong1PCB2L336P__seed_8_1763344785
8548352,1-Training-Losses/entropy,0.7208287715911865,Pong1PCB2L336P__seed_8_1763344785
8552448,1-Training-Losses/entropy,0.7493112087249756,Pong1PCB2L336P__seed_8_1763344785
8556544,1-Training-Losses/entropy,0.7208856344223022,Pong1PCB2L336P__seed_8_1763344785
8560640,1-Training-Losses/entropy,0.7744008302688599,Pong1PCB2L336P__seed_8_1763344785
8564736,1-Training-Losses/entropy,0.7192659378051758,Pong1PCB2L336P__seed_8_1763344785
8568832,1-Training-Losses/entropy,0.6996598839759827,Pong1PCB2L336P__seed_8_1763344785
8572928,1-Training-Losses/entropy,0.7197812795639038,Pong1PCB2L336P__seed_8_1763344785
8577024,1-Training-Losses/entropy,0.7938762903213501,Pong1PCB2L336P__seed_8_1763344785
8581120,1-Training-Losses/entropy,0.696347713470459,Pong1PCB2L336P__seed_8_1763344785
8585216,1-Training-Losses/entropy,0.7547805309295654,Pong1PCB2L336P__seed_8_1763344785
8589312,1-Training-Losses/entropy,0.7361457347869873,Pong1PCB2L336P__seed_8_1763344785
8593408,1-Training-Losses/entropy,0.7293219566345215,Pong1PCB2L336P__seed_8_1763344785
8597504,1-Training-Losses/entropy,0.7278989553451538,Pong1PCB2L336P__seed_8_1763344785
8601600,1-Training-Losses/entropy,0.7423485517501831,Pong1PCB2L336P__seed_8_1763344785
8605696,1-Training-Losses/entropy,0.7027091979980469,Pong1PCB2L336P__seed_8_1763344785
8609792,1-Training-Losses/entropy,0.7257106304168701,Pong1PCB2L336P__seed_8_1763344785
8613888,1-Training-Losses/entropy,0.728276252746582,Pong1PCB2L336P__seed_8_1763344785
8617984,1-Training-Losses/entropy,0.7105840444564819,Pong1PCB2L336P__seed_8_1763344785
8622080,1-Training-Losses/entropy,0.7222857475280762,Pong1PCB2L336P__seed_8_1763344785
8626176,1-Training-Losses/entropy,0.7174090147018433,Pong1PCB2L336P__seed_8_1763344785
8630272,1-Training-Losses/entropy,0.723476767539978,Pong1PCB2L336P__seed_8_1763344785
8634368,1-Training-Losses/entropy,0.7492443323135376,Pong1PCB2L336P__seed_8_1763344785
8638464,1-Training-Losses/entropy,0.7216459512710571,Pong1PCB2L336P__seed_8_1763344785
8642560,1-Training-Losses/entropy,0.7689630389213562,Pong1PCB2L336P__seed_8_1763344785
8646656,1-Training-Losses/entropy,0.7628107070922852,Pong1PCB2L336P__seed_8_1763344785
8650752,1-Training-Losses/entropy,0.7019271850585938,Pong1PCB2L336P__seed_8_1763344785
8654848,1-Training-Losses/entropy,0.7151815891265869,Pong1PCB2L336P__seed_8_1763344785
8658944,1-Training-Losses/entropy,0.7317668795585632,Pong1PCB2L336P__seed_8_1763344785
8663040,1-Training-Losses/entropy,0.7070931196212769,Pong1PCB2L336P__seed_8_1763344785
8667136,1-Training-Losses/entropy,0.7133609056472778,Pong1PCB2L336P__seed_8_1763344785
8671232,1-Training-Losses/entropy,0.7209347486495972,Pong1PCB2L336P__seed_8_1763344785
8675328,1-Training-Losses/entropy,0.752598226070404,Pong1PCB2L336P__seed_8_1763344785
8679424,1-Training-Losses/entropy,0.6889496445655823,Pong1PCB2L336P__seed_8_1763344785
8683520,1-Training-Losses/entropy,0.7292157411575317,Pong1PCB2L336P__seed_8_1763344785
8687616,1-Training-Losses/entropy,0.7553720474243164,Pong1PCB2L336P__seed_8_1763344785
8691712,1-Training-Losses/entropy,0.7246951460838318,Pong1PCB2L336P__seed_8_1763344785
8695808,1-Training-Losses/entropy,0.6907283067703247,Pong1PCB2L336P__seed_8_1763344785
8699904,1-Training-Losses/entropy,0.7673563957214355,Pong1PCB2L336P__seed_8_1763344785
8704000,1-Training-Losses/entropy,0.7227096557617188,Pong1PCB2L336P__seed_8_1763344785
8708096,1-Training-Losses/entropy,0.7476853132247925,Pong1PCB2L336P__seed_8_1763344785
8712192,1-Training-Losses/entropy,0.7086514234542847,Pong1PCB2L336P__seed_8_1763344785
8716288,1-Training-Losses/entropy,0.7444130182266235,Pong1PCB2L336P__seed_8_1763344785
8720384,1-Training-Losses/entropy,0.7516683340072632,Pong1PCB2L336P__seed_8_1763344785
8724480,1-Training-Losses/entropy,0.7572832107543945,Pong1PCB2L336P__seed_8_1763344785
8728576,1-Training-Losses/entropy,0.7168336510658264,Pong1PCB2L336P__seed_8_1763344785
8732672,1-Training-Losses/entropy,0.7157599329948425,Pong1PCB2L336P__seed_8_1763344785
8736768,1-Training-Losses/entropy,0.7368976473808289,Pong1PCB2L336P__seed_8_1763344785
8740864,1-Training-Losses/entropy,0.7252825498580933,Pong1PCB2L336P__seed_8_1763344785
8744960,1-Training-Losses/entropy,0.6989954710006714,Pong1PCB2L336P__seed_8_1763344785
8749056,1-Training-Losses/entropy,0.7290966510772705,Pong1PCB2L336P__seed_8_1763344785
8753152,1-Training-Losses/entropy,0.6844247579574585,Pong1PCB2L336P__seed_8_1763344785
8757248,1-Training-Losses/entropy,0.7306780219078064,Pong1PCB2L336P__seed_8_1763344785
8761344,1-Training-Losses/entropy,0.7352674007415771,Pong1PCB2L336P__seed_8_1763344785
8765440,1-Training-Losses/entropy,0.7152667045593262,Pong1PCB2L336P__seed_8_1763344785
8769536,1-Training-Losses/entropy,0.6879211068153381,Pong1PCB2L336P__seed_8_1763344785
8773632,1-Training-Losses/entropy,0.7324100732803345,Pong1PCB2L336P__seed_8_1763344785
8777728,1-Training-Losses/entropy,0.79317706823349,Pong1PCB2L336P__seed_8_1763344785
8781824,1-Training-Losses/entropy,0.7335070371627808,Pong1PCB2L336P__seed_8_1763344785
8785920,1-Training-Losses/entropy,0.7328384518623352,Pong1PCB2L336P__seed_8_1763344785
8790016,1-Training-Losses/entropy,0.7113271951675415,Pong1PCB2L336P__seed_8_1763344785
8794112,1-Training-Losses/entropy,0.7083364725112915,Pong1PCB2L336P__seed_8_1763344785
8798208,1-Training-Losses/entropy,0.7526665925979614,Pong1PCB2L336P__seed_8_1763344785
8802304,1-Training-Losses/entropy,0.7402709722518921,Pong1PCB2L336P__seed_8_1763344785
8806400,1-Training-Losses/entropy,0.6995795369148254,Pong1PCB2L336P__seed_8_1763344785
8810496,1-Training-Losses/entropy,0.7617512941360474,Pong1PCB2L336P__seed_8_1763344785
8814592,1-Training-Losses/entropy,0.7549315690994263,Pong1PCB2L336P__seed_8_1763344785
8818688,1-Training-Losses/entropy,0.7059241533279419,Pong1PCB2L336P__seed_8_1763344785
8822784,1-Training-Losses/entropy,0.719352126121521,Pong1PCB2L336P__seed_8_1763344785
8826880,1-Training-Losses/entropy,0.7469180226325989,Pong1PCB2L336P__seed_8_1763344785
8830976,1-Training-Losses/entropy,0.7276043891906738,Pong1PCB2L336P__seed_8_1763344785
8835072,1-Training-Losses/entropy,0.6937956809997559,Pong1PCB2L336P__seed_8_1763344785
8839168,1-Training-Losses/entropy,0.6981764435768127,Pong1PCB2L336P__seed_8_1763344785
8843264,1-Training-Losses/entropy,0.717052698135376,Pong1PCB2L336P__seed_8_1763344785
8847360,1-Training-Losses/entropy,0.7318155765533447,Pong1PCB2L336P__seed_8_1763344785
8851456,1-Training-Losses/entropy,0.7290730476379395,Pong1PCB2L336P__seed_8_1763344785
8855552,1-Training-Losses/entropy,0.7273159623146057,Pong1PCB2L336P__seed_8_1763344785
8859648,1-Training-Losses/entropy,0.6913080215454102,Pong1PCB2L336P__seed_8_1763344785
8863744,1-Training-Losses/entropy,0.7731961011886597,Pong1PCB2L336P__seed_8_1763344785
8867840,1-Training-Losses/entropy,0.71323561668396,Pong1PCB2L336P__seed_8_1763344785
8871936,1-Training-Losses/entropy,0.732175350189209,Pong1PCB2L336P__seed_8_1763344785
8876032,1-Training-Losses/entropy,0.7612965106964111,Pong1PCB2L336P__seed_8_1763344785
8880128,1-Training-Losses/entropy,0.7462904453277588,Pong1PCB2L336P__seed_8_1763344785
8884224,1-Training-Losses/entropy,0.779501736164093,Pong1PCB2L336P__seed_8_1763344785
8888320,1-Training-Losses/entropy,0.719490647315979,Pong1PCB2L336P__seed_8_1763344785
8892416,1-Training-Losses/entropy,0.6848595142364502,Pong1PCB2L336P__seed_8_1763344785
8896512,1-Training-Losses/entropy,0.7507050037384033,Pong1PCB2L336P__seed_8_1763344785
8900608,1-Training-Losses/entropy,0.6490864753723145,Pong1PCB2L336P__seed_8_1763344785
8904704,1-Training-Losses/entropy,0.7277367115020752,Pong1PCB2L336P__seed_8_1763344785
8908800,1-Training-Losses/entropy,0.753628134727478,Pong1PCB2L336P__seed_8_1763344785
8912896,1-Training-Losses/entropy,0.7393216490745544,Pong1PCB2L336P__seed_8_1763344785
8916992,1-Training-Losses/entropy,0.6982951760292053,Pong1PCB2L336P__seed_8_1763344785
8921088,1-Training-Losses/entropy,0.7694829106330872,Pong1PCB2L336P__seed_8_1763344785
8925184,1-Training-Losses/entropy,0.7126583456993103,Pong1PCB2L336P__seed_8_1763344785
8929280,1-Training-Losses/entropy,0.7147191762924194,Pong1PCB2L336P__seed_8_1763344785
8933376,1-Training-Losses/entropy,0.7569906711578369,Pong1PCB2L336P__seed_8_1763344785
8937472,1-Training-Losses/entropy,0.7481831908226013,Pong1PCB2L336P__seed_8_1763344785
8941568,1-Training-Losses/entropy,0.7371156215667725,Pong1PCB2L336P__seed_8_1763344785
8945664,1-Training-Losses/entropy,0.7488993406295776,Pong1PCB2L336P__seed_8_1763344785
8949760,1-Training-Losses/entropy,0.7554720640182495,Pong1PCB2L336P__seed_8_1763344785
8953856,1-Training-Losses/entropy,0.7183724641799927,Pong1PCB2L336P__seed_8_1763344785
8957952,1-Training-Losses/entropy,0.7469357848167419,Pong1PCB2L336P__seed_8_1763344785
8962048,1-Training-Losses/entropy,0.7293571829795837,Pong1PCB2L336P__seed_8_1763344785
8966144,1-Training-Losses/entropy,0.7307415008544922,Pong1PCB2L336P__seed_8_1763344785
8970240,1-Training-Losses/entropy,0.7015733122825623,Pong1PCB2L336P__seed_8_1763344785
8974336,1-Training-Losses/entropy,0.7434781789779663,Pong1PCB2L336P__seed_8_1763344785
8978432,1-Training-Losses/entropy,0.6667200326919556,Pong1PCB2L336P__seed_8_1763344785
8982528,1-Training-Losses/entropy,0.7443773150444031,Pong1PCB2L336P__seed_8_1763344785
8986624,1-Training-Losses/entropy,0.7300682663917542,Pong1PCB2L336P__seed_8_1763344785
8990720,1-Training-Losses/entropy,0.6934210062026978,Pong1PCB2L336P__seed_8_1763344785
8994816,1-Training-Losses/entropy,0.7638615369796753,Pong1PCB2L336P__seed_8_1763344785
8998912,1-Training-Losses/entropy,0.6873780488967896,Pong1PCB2L336P__seed_8_1763344785
9003008,1-Training-Losses/entropy,0.7668377161026001,Pong1PCB2L336P__seed_8_1763344785
9007104,1-Training-Losses/entropy,0.7516171932220459,Pong1PCB2L336P__seed_8_1763344785
9011200,1-Training-Losses/entropy,0.726775050163269,Pong1PCB2L336P__seed_8_1763344785
9015296,1-Training-Losses/entropy,0.7220916152000427,Pong1PCB2L336P__seed_8_1763344785
9019392,1-Training-Losses/entropy,0.7489598393440247,Pong1PCB2L336P__seed_8_1763344785
9023488,1-Training-Losses/entropy,0.7533238530158997,Pong1PCB2L336P__seed_8_1763344785
9027584,1-Training-Losses/entropy,0.7581554651260376,Pong1PCB2L336P__seed_8_1763344785
9031680,1-Training-Losses/entropy,0.7350357174873352,Pong1PCB2L336P__seed_8_1763344785
9035776,1-Training-Losses/entropy,0.752609372138977,Pong1PCB2L336P__seed_8_1763344785
9039872,1-Training-Losses/entropy,0.7286894917488098,Pong1PCB2L336P__seed_8_1763344785
9043968,1-Training-Losses/entropy,0.6696805953979492,Pong1PCB2L336P__seed_8_1763344785
9048064,1-Training-Losses/entropy,0.7697762250900269,Pong1PCB2L336P__seed_8_1763344785
9052160,1-Training-Losses/entropy,0.7055728435516357,Pong1PCB2L336P__seed_8_1763344785
9056256,1-Training-Losses/entropy,0.6977837085723877,Pong1PCB2L336P__seed_8_1763344785
9060352,1-Training-Losses/entropy,0.7454683184623718,Pong1PCB2L336P__seed_8_1763344785
9064448,1-Training-Losses/entropy,0.7502177953720093,Pong1PCB2L336P__seed_8_1763344785
9068544,1-Training-Losses/entropy,0.7217665910720825,Pong1PCB2L336P__seed_8_1763344785
9072640,1-Training-Losses/entropy,0.7086548805236816,Pong1PCB2L336P__seed_8_1763344785
9076736,1-Training-Losses/entropy,0.763909637928009,Pong1PCB2L336P__seed_8_1763344785
9080832,1-Training-Losses/entropy,0.712261974811554,Pong1PCB2L336P__seed_8_1763344785
9084928,1-Training-Losses/entropy,0.760682225227356,Pong1PCB2L336P__seed_8_1763344785
9089024,1-Training-Losses/entropy,0.7402260899543762,Pong1PCB2L336P__seed_8_1763344785
9093120,1-Training-Losses/entropy,0.7320812940597534,Pong1PCB2L336P__seed_8_1763344785
9097216,1-Training-Losses/entropy,0.7170511484146118,Pong1PCB2L336P__seed_8_1763344785
9101312,1-Training-Losses/entropy,0.762481689453125,Pong1PCB2L336P__seed_8_1763344785
9105408,1-Training-Losses/entropy,0.7768710851669312,Pong1PCB2L336P__seed_8_1763344785
9109504,1-Training-Losses/entropy,0.7270210981369019,Pong1PCB2L336P__seed_8_1763344785
9113600,1-Training-Losses/entropy,0.7225736975669861,Pong1PCB2L336P__seed_8_1763344785
9117696,1-Training-Losses/entropy,0.7054781317710876,Pong1PCB2L336P__seed_8_1763344785
9121792,1-Training-Losses/entropy,0.7202663421630859,Pong1PCB2L336P__seed_8_1763344785
9125888,1-Training-Losses/entropy,0.789418637752533,Pong1PCB2L336P__seed_8_1763344785
9129984,1-Training-Losses/entropy,0.7320840954780579,Pong1PCB2L336P__seed_8_1763344785
9134080,1-Training-Losses/entropy,0.7134850025177002,Pong1PCB2L336P__seed_8_1763344785
9138176,1-Training-Losses/entropy,0.73291015625,Pong1PCB2L336P__seed_8_1763344785
9142272,1-Training-Losses/entropy,0.719923198223114,Pong1PCB2L336P__seed_8_1763344785
9146368,1-Training-Losses/entropy,0.6935321688652039,Pong1PCB2L336P__seed_8_1763344785
9150464,1-Training-Losses/entropy,0.7867429256439209,Pong1PCB2L336P__seed_8_1763344785
9154560,1-Training-Losses/entropy,0.744152307510376,Pong1PCB2L336P__seed_8_1763344785
9158656,1-Training-Losses/entropy,0.7008272409439087,Pong1PCB2L336P__seed_8_1763344785
9162752,1-Training-Losses/entropy,0.7499136328697205,Pong1PCB2L336P__seed_8_1763344785
9166848,1-Training-Losses/entropy,0.738369345664978,Pong1PCB2L336P__seed_8_1763344785
9170944,1-Training-Losses/entropy,0.6951848864555359,Pong1PCB2L336P__seed_8_1763344785
9175040,1-Training-Losses/entropy,0.7259485721588135,Pong1PCB2L336P__seed_8_1763344785
9179136,1-Training-Losses/entropy,0.6887535452842712,Pong1PCB2L336P__seed_8_1763344785
9183232,1-Training-Losses/entropy,0.7180696725845337,Pong1PCB2L336P__seed_8_1763344785
9187328,1-Training-Losses/entropy,0.7251921892166138,Pong1PCB2L336P__seed_8_1763344785
9191424,1-Training-Losses/entropy,0.7325037717819214,Pong1PCB2L336P__seed_8_1763344785
9195520,1-Training-Losses/entropy,0.7234776020050049,Pong1PCB2L336P__seed_8_1763344785
9199616,1-Training-Losses/entropy,0.6923568248748779,Pong1PCB2L336P__seed_8_1763344785
9203712,1-Training-Losses/entropy,0.7562394738197327,Pong1PCB2L336P__seed_8_1763344785
9207808,1-Training-Losses/entropy,0.697586178779602,Pong1PCB2L336P__seed_8_1763344785
9211904,1-Training-Losses/entropy,0.7991213798522949,Pong1PCB2L336P__seed_8_1763344785
9216000,1-Training-Losses/entropy,0.7702835202217102,Pong1PCB2L336P__seed_8_1763344785
9220096,1-Training-Losses/entropy,0.710350513458252,Pong1PCB2L336P__seed_8_1763344785
9224192,1-Training-Losses/entropy,0.7685321569442749,Pong1PCB2L336P__seed_8_1763344785
9228288,1-Training-Losses/entropy,0.7440177798271179,Pong1PCB2L336P__seed_8_1763344785
9232384,1-Training-Losses/entropy,0.7446178197860718,Pong1PCB2L336P__seed_8_1763344785
9236480,1-Training-Losses/entropy,0.7360475063323975,Pong1PCB2L336P__seed_8_1763344785
9240576,1-Training-Losses/entropy,0.7510488629341125,Pong1PCB2L336P__seed_8_1763344785
9244672,1-Training-Losses/entropy,0.7327300310134888,Pong1PCB2L336P__seed_8_1763344785
9248768,1-Training-Losses/entropy,0.7530858516693115,Pong1PCB2L336P__seed_8_1763344785
9252864,1-Training-Losses/entropy,0.7072745561599731,Pong1PCB2L336P__seed_8_1763344785
9256960,1-Training-Losses/entropy,0.68525230884552,Pong1PCB2L336P__seed_8_1763344785
9261056,1-Training-Losses/entropy,0.7505480647087097,Pong1PCB2L336P__seed_8_1763344785
9265152,1-Training-Losses/entropy,0.7794610857963562,Pong1PCB2L336P__seed_8_1763344785
9269248,1-Training-Losses/entropy,0.7329123616218567,Pong1PCB2L336P__seed_8_1763344785
9273344,1-Training-Losses/entropy,0.7203499674797058,Pong1PCB2L336P__seed_8_1763344785
9277440,1-Training-Losses/entropy,0.683165431022644,Pong1PCB2L336P__seed_8_1763344785
9281536,1-Training-Losses/entropy,0.7653805017471313,Pong1PCB2L336P__seed_8_1763344785
9285632,1-Training-Losses/entropy,0.7002506256103516,Pong1PCB2L336P__seed_8_1763344785
9289728,1-Training-Losses/entropy,0.7181857824325562,Pong1PCB2L336P__seed_8_1763344785
9293824,1-Training-Losses/entropy,0.7350771427154541,Pong1PCB2L336P__seed_8_1763344785
9297920,1-Training-Losses/entropy,0.7324126958847046,Pong1PCB2L336P__seed_8_1763344785
9302016,1-Training-Losses/entropy,0.7202754020690918,Pong1PCB2L336P__seed_8_1763344785
9306112,1-Training-Losses/entropy,0.7224944829940796,Pong1PCB2L336P__seed_8_1763344785
9310208,1-Training-Losses/entropy,0.7547622919082642,Pong1PCB2L336P__seed_8_1763344785
9314304,1-Training-Losses/entropy,0.7436727285385132,Pong1PCB2L336P__seed_8_1763344785
9318400,1-Training-Losses/entropy,0.7393757104873657,Pong1PCB2L336P__seed_8_1763344785
9322496,1-Training-Losses/entropy,0.7262082099914551,Pong1PCB2L336P__seed_8_1763344785
9326592,1-Training-Losses/entropy,0.7546656131744385,Pong1PCB2L336P__seed_8_1763344785
9330688,1-Training-Losses/entropy,0.6991612911224365,Pong1PCB2L336P__seed_8_1763344785
9334784,1-Training-Losses/entropy,0.704259991645813,Pong1PCB2L336P__seed_8_1763344785
9338880,1-Training-Losses/entropy,0.7186586260795593,Pong1PCB2L336P__seed_8_1763344785
9342976,1-Training-Losses/entropy,0.7018391489982605,Pong1PCB2L336P__seed_8_1763344785
9347072,1-Training-Losses/entropy,0.7470375299453735,Pong1PCB2L336P__seed_8_1763344785
9351168,1-Training-Losses/entropy,0.7352308034896851,Pong1PCB2L336P__seed_8_1763344785
9355264,1-Training-Losses/entropy,0.7545698881149292,Pong1PCB2L336P__seed_8_1763344785
9359360,1-Training-Losses/entropy,0.7221319675445557,Pong1PCB2L336P__seed_8_1763344785
9363456,1-Training-Losses/entropy,0.7428348660469055,Pong1PCB2L336P__seed_8_1763344785
9367552,1-Training-Losses/entropy,0.698933482170105,Pong1PCB2L336P__seed_8_1763344785
9371648,1-Training-Losses/entropy,0.695137083530426,Pong1PCB2L336P__seed_8_1763344785
9375744,1-Training-Losses/entropy,0.7354427576065063,Pong1PCB2L336P__seed_8_1763344785
9379840,1-Training-Losses/entropy,0.7649973034858704,Pong1PCB2L336P__seed_8_1763344785
9383936,1-Training-Losses/entropy,0.7088339924812317,Pong1PCB2L336P__seed_8_1763344785
9388032,1-Training-Losses/entropy,0.6853989362716675,Pong1PCB2L336P__seed_8_1763344785
9392128,1-Training-Losses/entropy,0.7339833974838257,Pong1PCB2L336P__seed_8_1763344785
9396224,1-Training-Losses/entropy,0.7399966716766357,Pong1PCB2L336P__seed_8_1763344785
9400320,1-Training-Losses/entropy,0.6995503902435303,Pong1PCB2L336P__seed_8_1763344785
9404416,1-Training-Losses/entropy,0.7089247703552246,Pong1PCB2L336P__seed_8_1763344785
9408512,1-Training-Losses/entropy,0.706078052520752,Pong1PCB2L336P__seed_8_1763344785
9412608,1-Training-Losses/entropy,0.7458689212799072,Pong1PCB2L336P__seed_8_1763344785
9416704,1-Training-Losses/entropy,0.7444639205932617,Pong1PCB2L336P__seed_8_1763344785
9420800,1-Training-Losses/entropy,0.6765123605728149,Pong1PCB2L336P__seed_8_1763344785
9424896,1-Training-Losses/entropy,0.7345428466796875,Pong1PCB2L336P__seed_8_1763344785
9428992,1-Training-Losses/entropy,0.7763074636459351,Pong1PCB2L336P__seed_8_1763344785
9433088,1-Training-Losses/entropy,0.6762375831604004,Pong1PCB2L336P__seed_8_1763344785
9437184,1-Training-Losses/entropy,0.7416791915893555,Pong1PCB2L336P__seed_8_1763344785
9441280,1-Training-Losses/entropy,0.6806747913360596,Pong1PCB2L336P__seed_8_1763344785
9445376,1-Training-Losses/entropy,0.7345670461654663,Pong1PCB2L336P__seed_8_1763344785
9449472,1-Training-Losses/entropy,0.7262704372406006,Pong1PCB2L336P__seed_8_1763344785
9453568,1-Training-Losses/entropy,0.6523818969726562,Pong1PCB2L336P__seed_8_1763344785
9457664,1-Training-Losses/entropy,0.706702709197998,Pong1PCB2L336P__seed_8_1763344785
9461760,1-Training-Losses/entropy,0.7049939632415771,Pong1PCB2L336P__seed_8_1763344785
9465856,1-Training-Losses/entropy,0.7438335418701172,Pong1PCB2L336P__seed_8_1763344785
9469952,1-Training-Losses/entropy,0.7297000288963318,Pong1PCB2L336P__seed_8_1763344785
9474048,1-Training-Losses/entropy,0.7424765229225159,Pong1PCB2L336P__seed_8_1763344785
9478144,1-Training-Losses/entropy,0.7089359164237976,Pong1PCB2L336P__seed_8_1763344785
9482240,1-Training-Losses/entropy,0.7888352870941162,Pong1PCB2L336P__seed_8_1763344785
9486336,1-Training-Losses/entropy,0.6971099376678467,Pong1PCB2L336P__seed_8_1763344785
9490432,1-Training-Losses/entropy,0.7412170171737671,Pong1PCB2L336P__seed_8_1763344785
9494528,1-Training-Losses/entropy,0.7424818277359009,Pong1PCB2L336P__seed_8_1763344785
9498624,1-Training-Losses/entropy,0.7037230730056763,Pong1PCB2L336P__seed_8_1763344785
9502720,1-Training-Losses/entropy,0.733587384223938,Pong1PCB2L336P__seed_8_1763344785
9506816,1-Training-Losses/entropy,0.7349469661712646,Pong1PCB2L336P__seed_8_1763344785
9510912,1-Training-Losses/entropy,0.7269446849822998,Pong1PCB2L336P__seed_8_1763344785
9515008,1-Training-Losses/entropy,0.7253480553627014,Pong1PCB2L336P__seed_8_1763344785
9519104,1-Training-Losses/entropy,0.7237581014633179,Pong1PCB2L336P__seed_8_1763344785
9523200,1-Training-Losses/entropy,0.744493842124939,Pong1PCB2L336P__seed_8_1763344785
9527296,1-Training-Losses/entropy,0.7654415369033813,Pong1PCB2L336P__seed_8_1763344785
9531392,1-Training-Losses/entropy,0.762876033782959,Pong1PCB2L336P__seed_8_1763344785
9535488,1-Training-Losses/entropy,0.7529908418655396,Pong1PCB2L336P__seed_8_1763344785
9539584,1-Training-Losses/entropy,0.7462345361709595,Pong1PCB2L336P__seed_8_1763344785
9543680,1-Training-Losses/entropy,0.7213568091392517,Pong1PCB2L336P__seed_8_1763344785
9547776,1-Training-Losses/entropy,0.7246379852294922,Pong1PCB2L336P__seed_8_1763344785
9551872,1-Training-Losses/entropy,0.7180374264717102,Pong1PCB2L336P__seed_8_1763344785
9555968,1-Training-Losses/entropy,0.7348114848136902,Pong1PCB2L336P__seed_8_1763344785
9560064,1-Training-Losses/entropy,0.6867572069168091,Pong1PCB2L336P__seed_8_1763344785
9564160,1-Training-Losses/entropy,0.7389430999755859,Pong1PCB2L336P__seed_8_1763344785
9568256,1-Training-Losses/entropy,0.6708292365074158,Pong1PCB2L336P__seed_8_1763344785
9572352,1-Training-Losses/entropy,0.745700478553772,Pong1PCB2L336P__seed_8_1763344785
9576448,1-Training-Losses/entropy,0.7343704104423523,Pong1PCB2L336P__seed_8_1763344785
9580544,1-Training-Losses/entropy,0.7417792081832886,Pong1PCB2L336P__seed_8_1763344785
9584640,1-Training-Losses/entropy,0.7169238328933716,Pong1PCB2L336P__seed_8_1763344785
9588736,1-Training-Losses/entropy,0.7001111507415771,Pong1PCB2L336P__seed_8_1763344785
9592832,1-Training-Losses/entropy,0.6904792785644531,Pong1PCB2L336P__seed_8_1763344785
9596928,1-Training-Losses/entropy,0.726927638053894,Pong1PCB2L336P__seed_8_1763344785
9601024,1-Training-Losses/entropy,0.740875244140625,Pong1PCB2L336P__seed_8_1763344785
9605120,1-Training-Losses/entropy,0.7616299390792847,Pong1PCB2L336P__seed_8_1763344785
9609216,1-Training-Losses/entropy,0.7586377263069153,Pong1PCB2L336P__seed_8_1763344785
9613312,1-Training-Losses/entropy,0.7497347593307495,Pong1PCB2L336P__seed_8_1763344785
9617408,1-Training-Losses/entropy,0.694076418876648,Pong1PCB2L336P__seed_8_1763344785
9621504,1-Training-Losses/entropy,0.7131749391555786,Pong1PCB2L336P__seed_8_1763344785
9625600,1-Training-Losses/entropy,0.7342162132263184,Pong1PCB2L336P__seed_8_1763344785
9629696,1-Training-Losses/entropy,0.7441810369491577,Pong1PCB2L336P__seed_8_1763344785
9633792,1-Training-Losses/entropy,0.7322685122489929,Pong1PCB2L336P__seed_8_1763344785
9637888,1-Training-Losses/entropy,0.7473031282424927,Pong1PCB2L336P__seed_8_1763344785
9641984,1-Training-Losses/entropy,0.6800523996353149,Pong1PCB2L336P__seed_8_1763344785
9646080,1-Training-Losses/entropy,0.7331503033638,Pong1PCB2L336P__seed_8_1763344785
9650176,1-Training-Losses/entropy,0.7587372660636902,Pong1PCB2L336P__seed_8_1763344785
9654272,1-Training-Losses/entropy,0.683495283126831,Pong1PCB2L336P__seed_8_1763344785
9658368,1-Training-Losses/entropy,0.6940261721611023,Pong1PCB2L336P__seed_8_1763344785
9662464,1-Training-Losses/entropy,0.694888710975647,Pong1PCB2L336P__seed_8_1763344785
9666560,1-Training-Losses/entropy,0.7371987104415894,Pong1PCB2L336P__seed_8_1763344785
9670656,1-Training-Losses/entropy,0.6996358633041382,Pong1PCB2L336P__seed_8_1763344785
9674752,1-Training-Losses/entropy,0.7337901592254639,Pong1PCB2L336P__seed_8_1763344785
9678848,1-Training-Losses/entropy,0.6884576082229614,Pong1PCB2L336P__seed_8_1763344785
9682944,1-Training-Losses/entropy,0.7646459341049194,Pong1PCB2L336P__seed_8_1763344785
9687040,1-Training-Losses/entropy,0.7469491958618164,Pong1PCB2L336P__seed_8_1763344785
9691136,1-Training-Losses/entropy,0.7136681079864502,Pong1PCB2L336P__seed_8_1763344785
9695232,1-Training-Losses/entropy,0.6852712631225586,Pong1PCB2L336P__seed_8_1763344785
9699328,1-Training-Losses/entropy,0.7185959815979004,Pong1PCB2L336P__seed_8_1763344785
9703424,1-Training-Losses/entropy,0.7147982120513916,Pong1PCB2L336P__seed_8_1763344785
9707520,1-Training-Losses/entropy,0.727850615978241,Pong1PCB2L336P__seed_8_1763344785
9711616,1-Training-Losses/entropy,0.7019824385643005,Pong1PCB2L336P__seed_8_1763344785
9715712,1-Training-Losses/entropy,0.7446674108505249,Pong1PCB2L336P__seed_8_1763344785
9719808,1-Training-Losses/entropy,0.7024796009063721,Pong1PCB2L336P__seed_8_1763344785
9723904,1-Training-Losses/entropy,0.7256792783737183,Pong1PCB2L336P__seed_8_1763344785
9728000,1-Training-Losses/entropy,0.7271066308021545,Pong1PCB2L336P__seed_8_1763344785
9732096,1-Training-Losses/entropy,0.7659241557121277,Pong1PCB2L336P__seed_8_1763344785
9736192,1-Training-Losses/entropy,0.7267895936965942,Pong1PCB2L336P__seed_8_1763344785
9740288,1-Training-Losses/entropy,0.7265114188194275,Pong1PCB2L336P__seed_8_1763344785
9744384,1-Training-Losses/entropy,0.7651029825210571,Pong1PCB2L336P__seed_8_1763344785
9748480,1-Training-Losses/entropy,0.7626234292984009,Pong1PCB2L336P__seed_8_1763344785
9752576,1-Training-Losses/entropy,0.657367467880249,Pong1PCB2L336P__seed_8_1763344785
9756672,1-Training-Losses/entropy,0.7809229493141174,Pong1PCB2L336P__seed_8_1763344785
9760768,1-Training-Losses/entropy,0.7439727187156677,Pong1PCB2L336P__seed_8_1763344785
9764864,1-Training-Losses/entropy,0.7530480623245239,Pong1PCB2L336P__seed_8_1763344785
9768960,1-Training-Losses/entropy,0.7176914811134338,Pong1PCB2L336P__seed_8_1763344785
9773056,1-Training-Losses/entropy,0.7468246221542358,Pong1PCB2L336P__seed_8_1763344785
9777152,1-Training-Losses/entropy,0.7131339311599731,Pong1PCB2L336P__seed_8_1763344785
9781248,1-Training-Losses/entropy,0.7179053425788879,Pong1PCB2L336P__seed_8_1763344785
9785344,1-Training-Losses/entropy,0.6792551279067993,Pong1PCB2L336P__seed_8_1763344785
9789440,1-Training-Losses/entropy,0.750625729560852,Pong1PCB2L336P__seed_8_1763344785
9793536,1-Training-Losses/entropy,0.6930860280990601,Pong1PCB2L336P__seed_8_1763344785
9797632,1-Training-Losses/entropy,0.7211436033248901,Pong1PCB2L336P__seed_8_1763344785
9801728,1-Training-Losses/entropy,0.7223419547080994,Pong1PCB2L336P__seed_8_1763344785
9805824,1-Training-Losses/entropy,0.7305174469947815,Pong1PCB2L336P__seed_8_1763344785
9809920,1-Training-Losses/entropy,0.7381069660186768,Pong1PCB2L336P__seed_8_1763344785
9814016,1-Training-Losses/entropy,0.7151623964309692,Pong1PCB2L336P__seed_8_1763344785
9818112,1-Training-Losses/entropy,0.7081624269485474,Pong1PCB2L336P__seed_8_1763344785
9822208,1-Training-Losses/entropy,0.7167909741401672,Pong1PCB2L336P__seed_8_1763344785
9826304,1-Training-Losses/entropy,0.7448377013206482,Pong1PCB2L336P__seed_8_1763344785
9830400,1-Training-Losses/entropy,0.6985465288162231,Pong1PCB2L336P__seed_8_1763344785
9834496,1-Training-Losses/entropy,0.6973311901092529,Pong1PCB2L336P__seed_8_1763344785
9838592,1-Training-Losses/entropy,0.7607889175415039,Pong1PCB2L336P__seed_8_1763344785
9842688,1-Training-Losses/entropy,0.7489476203918457,Pong1PCB2L336P__seed_8_1763344785
9846784,1-Training-Losses/entropy,0.7124663591384888,Pong1PCB2L336P__seed_8_1763344785
9850880,1-Training-Losses/entropy,0.7809624671936035,Pong1PCB2L336P__seed_8_1763344785
9854976,1-Training-Losses/entropy,0.7267849445343018,Pong1PCB2L336P__seed_8_1763344785
9859072,1-Training-Losses/entropy,0.7038998007774353,Pong1PCB2L336P__seed_8_1763344785
9863168,1-Training-Losses/entropy,0.7597737312316895,Pong1PCB2L336P__seed_8_1763344785
9867264,1-Training-Losses/entropy,0.7046199440956116,Pong1PCB2L336P__seed_8_1763344785
9871360,1-Training-Losses/entropy,0.7443081736564636,Pong1PCB2L336P__seed_8_1763344785
9875456,1-Training-Losses/entropy,0.7106870412826538,Pong1PCB2L336P__seed_8_1763344785
9879552,1-Training-Losses/entropy,0.7264860272407532,Pong1PCB2L336P__seed_8_1763344785
9883648,1-Training-Losses/entropy,0.7348549962043762,Pong1PCB2L336P__seed_8_1763344785
9887744,1-Training-Losses/entropy,0.7493260502815247,Pong1PCB2L336P__seed_8_1763344785
9891840,1-Training-Losses/entropy,0.7472572326660156,Pong1PCB2L336P__seed_8_1763344785
9895936,1-Training-Losses/entropy,0.7680975198745728,Pong1PCB2L336P__seed_8_1763344785
9900032,1-Training-Losses/entropy,0.7614359855651855,Pong1PCB2L336P__seed_8_1763344785
9904128,1-Training-Losses/entropy,0.7274836301803589,Pong1PCB2L336P__seed_8_1763344785
9908224,1-Training-Losses/entropy,0.7361778020858765,Pong1PCB2L336P__seed_8_1763344785
9912320,1-Training-Losses/entropy,0.7409321069717407,Pong1PCB2L336P__seed_8_1763344785
9916416,1-Training-Losses/entropy,0.6898729801177979,Pong1PCB2L336P__seed_8_1763344785
9920512,1-Training-Losses/entropy,0.7231005430221558,Pong1PCB2L336P__seed_8_1763344785
9924608,1-Training-Losses/entropy,0.7580235600471497,Pong1PCB2L336P__seed_8_1763344785
9928704,1-Training-Losses/entropy,0.7118950486183167,Pong1PCB2L336P__seed_8_1763344785
9932800,1-Training-Losses/entropy,0.7590136528015137,Pong1PCB2L336P__seed_8_1763344785
9936896,1-Training-Losses/entropy,0.7447788119316101,Pong1PCB2L336P__seed_8_1763344785
9940992,1-Training-Losses/entropy,0.7127740979194641,Pong1PCB2L336P__seed_8_1763344785
9945088,1-Training-Losses/entropy,0.6995952129364014,Pong1PCB2L336P__seed_8_1763344785
9949184,1-Training-Losses/entropy,0.7656134366989136,Pong1PCB2L336P__seed_8_1763344785
9953280,1-Training-Losses/entropy,0.7378076910972595,Pong1PCB2L336P__seed_8_1763344785
9957376,1-Training-Losses/entropy,0.6978288888931274,Pong1PCB2L336P__seed_8_1763344785
9961472,1-Training-Losses/entropy,0.6991153955459595,Pong1PCB2L336P__seed_8_1763344785
9965568,1-Training-Losses/entropy,0.7333122491836548,Pong1PCB2L336P__seed_8_1763344785
9969664,1-Training-Losses/entropy,0.7559366822242737,Pong1PCB2L336P__seed_8_1763344785
9973760,1-Training-Losses/entropy,0.7203953266143799,Pong1PCB2L336P__seed_8_1763344785
9977856,1-Training-Losses/entropy,0.7326408624649048,Pong1PCB2L336P__seed_8_1763344785
9981952,1-Training-Losses/entropy,0.7512630224227905,Pong1PCB2L336P__seed_8_1763344785
9986048,1-Training-Losses/entropy,0.7215540409088135,Pong1PCB2L336P__seed_8_1763344785
9990144,1-Training-Losses/entropy,0.6942155361175537,Pong1PCB2L336P__seed_8_1763344785
9994240,1-Training-Losses/entropy,0.7423125505447388,Pong1PCB2L336P__seed_8_1763344785
9998336,1-Training-Losses/entropy,0.7101098895072937,Pong1PCB2L336P__seed_8_1763344785
4096,1-Training-Losses/explained_variance,0.004891693592071533,Pong1PCB2L336P__seed_8_1763344785
8192,1-Training-Losses/explained_variance,0.01152271032333374,Pong1PCB2L336P__seed_8_1763344785
12288,1-Training-Losses/explained_variance,0.01695859432220459,Pong1PCB2L336P__seed_8_1763344785
16384,1-Training-Losses/explained_variance,0.017403364181518555,Pong1PCB2L336P__seed_8_1763344785
20480,1-Training-Losses/explained_variance,0.014112770557403564,Pong1PCB2L336P__seed_8_1763344785
24576,1-Training-Losses/explained_variance,0.01666182279586792,Pong1PCB2L336P__seed_8_1763344785
28672,1-Training-Losses/explained_variance,0.015610456466674805,Pong1PCB2L336P__seed_8_1763344785
32768,1-Training-Losses/explained_variance,0.020287692546844482,Pong1PCB2L336P__seed_8_1763344785
36864,1-Training-Losses/explained_variance,0.019624650478363037,Pong1PCB2L336P__seed_8_1763344785
40960,1-Training-Losses/explained_variance,0.019237160682678223,Pong1PCB2L336P__seed_8_1763344785
45056,1-Training-Losses/explained_variance,0.01788651943206787,Pong1PCB2L336P__seed_8_1763344785
49152,1-Training-Losses/explained_variance,0.02320992946624756,Pong1PCB2L336P__seed_8_1763344785
53248,1-Training-Losses/explained_variance,0.01907980442047119,Pong1PCB2L336P__seed_8_1763344785
57344,1-Training-Losses/explained_variance,0.016987860202789307,Pong1PCB2L336P__seed_8_1763344785
61440,1-Training-Losses/explained_variance,0.036216676235198975,Pong1PCB2L336P__seed_8_1763344785
65536,1-Training-Losses/explained_variance,0.028112947940826416,Pong1PCB2L336P__seed_8_1763344785
69632,1-Training-Losses/explained_variance,0.021329641342163086,Pong1PCB2L336P__seed_8_1763344785
73728,1-Training-Losses/explained_variance,0.03409808874130249,Pong1PCB2L336P__seed_8_1763344785
77824,1-Training-Losses/explained_variance,0.04471385478973389,Pong1PCB2L336P__seed_8_1763344785
81920,1-Training-Losses/explained_variance,0.04193848371505737,Pong1PCB2L336P__seed_8_1763344785
86016,1-Training-Losses/explained_variance,0.035495221614837646,Pong1PCB2L336P__seed_8_1763344785
90112,1-Training-Losses/explained_variance,0.05860716104507446,Pong1PCB2L336P__seed_8_1763344785
94208,1-Training-Losses/explained_variance,0.05189347267150879,Pong1PCB2L336P__seed_8_1763344785
98304,1-Training-Losses/explained_variance,0.06226801872253418,Pong1PCB2L336P__seed_8_1763344785
102400,1-Training-Losses/explained_variance,0.05112028121948242,Pong1PCB2L336P__seed_8_1763344785
106496,1-Training-Losses/explained_variance,0.06239885091781616,Pong1PCB2L336P__seed_8_1763344785
110592,1-Training-Losses/explained_variance,0.06748759746551514,Pong1PCB2L336P__seed_8_1763344785
114688,1-Training-Losses/explained_variance,0.05815696716308594,Pong1PCB2L336P__seed_8_1763344785
118784,1-Training-Losses/explained_variance,0.09485727548599243,Pong1PCB2L336P__seed_8_1763344785
122880,1-Training-Losses/explained_variance,0.09572750329971313,Pong1PCB2L336P__seed_8_1763344785
126976,1-Training-Losses/explained_variance,0.10970211029052734,Pong1PCB2L336P__seed_8_1763344785
131072,1-Training-Losses/explained_variance,0.1004217267036438,Pong1PCB2L336P__seed_8_1763344785
135168,1-Training-Losses/explained_variance,0.13836687803268433,Pong1PCB2L336P__seed_8_1763344785
139264,1-Training-Losses/explained_variance,0.11509013175964355,Pong1PCB2L336P__seed_8_1763344785
143360,1-Training-Losses/explained_variance,0.15193361043930054,Pong1PCB2L336P__seed_8_1763344785
147456,1-Training-Losses/explained_variance,0.14215397834777832,Pong1PCB2L336P__seed_8_1763344785
151552,1-Training-Losses/explained_variance,0.1533018946647644,Pong1PCB2L336P__seed_8_1763344785
155648,1-Training-Losses/explained_variance,0.1259942650794983,Pong1PCB2L336P__seed_8_1763344785
159744,1-Training-Losses/explained_variance,0.2345317006111145,Pong1PCB2L336P__seed_8_1763344785
163840,1-Training-Losses/explained_variance,0.17693638801574707,Pong1PCB2L336P__seed_8_1763344785
167936,1-Training-Losses/explained_variance,0.13036853075027466,Pong1PCB2L336P__seed_8_1763344785
172032,1-Training-Losses/explained_variance,0.18090641498565674,Pong1PCB2L336P__seed_8_1763344785
176128,1-Training-Losses/explained_variance,0.24442434310913086,Pong1PCB2L336P__seed_8_1763344785
180224,1-Training-Losses/explained_variance,0.20489513874053955,Pong1PCB2L336P__seed_8_1763344785
184320,1-Training-Losses/explained_variance,0.2587989568710327,Pong1PCB2L336P__seed_8_1763344785
188416,1-Training-Losses/explained_variance,0.2447293996810913,Pong1PCB2L336P__seed_8_1763344785
192512,1-Training-Losses/explained_variance,0.2490050196647644,Pong1PCB2L336P__seed_8_1763344785
196608,1-Training-Losses/explained_variance,0.24237829446792603,Pong1PCB2L336P__seed_8_1763344785
200704,1-Training-Losses/explained_variance,0.1867501139640808,Pong1PCB2L336P__seed_8_1763344785
204800,1-Training-Losses/explained_variance,0.2971511483192444,Pong1PCB2L336P__seed_8_1763344785
208896,1-Training-Losses/explained_variance,0.2739167809486389,Pong1PCB2L336P__seed_8_1763344785
212992,1-Training-Losses/explained_variance,0.33373183012008667,Pong1PCB2L336P__seed_8_1763344785
217088,1-Training-Losses/explained_variance,0.2913919687271118,Pong1PCB2L336P__seed_8_1763344785
221184,1-Training-Losses/explained_variance,0.3145836591720581,Pong1PCB2L336P__seed_8_1763344785
225280,1-Training-Losses/explained_variance,0.34115463495254517,Pong1PCB2L336P__seed_8_1763344785
229376,1-Training-Losses/explained_variance,0.3141063451766968,Pong1PCB2L336P__seed_8_1763344785
233472,1-Training-Losses/explained_variance,0.3020707964897156,Pong1PCB2L336P__seed_8_1763344785
237568,1-Training-Losses/explained_variance,0.29641419649124146,Pong1PCB2L336P__seed_8_1763344785
241664,1-Training-Losses/explained_variance,0.3586021065711975,Pong1PCB2L336P__seed_8_1763344785
245760,1-Training-Losses/explained_variance,0.36649763584136963,Pong1PCB2L336P__seed_8_1763344785
249856,1-Training-Losses/explained_variance,0.37758100032806396,Pong1PCB2L336P__seed_8_1763344785
253952,1-Training-Losses/explained_variance,0.3261674642562866,Pong1PCB2L336P__seed_8_1763344785
258048,1-Training-Losses/explained_variance,0.3868482708930969,Pong1PCB2L336P__seed_8_1763344785
262144,1-Training-Losses/explained_variance,0.3550846576690674,Pong1PCB2L336P__seed_8_1763344785
266240,1-Training-Losses/explained_variance,0.30689483880996704,Pong1PCB2L336P__seed_8_1763344785
270336,1-Training-Losses/explained_variance,0.39247560501098633,Pong1PCB2L336P__seed_8_1763344785
274432,1-Training-Losses/explained_variance,0.3336053490638733,Pong1PCB2L336P__seed_8_1763344785
278528,1-Training-Losses/explained_variance,0.3769446611404419,Pong1PCB2L336P__seed_8_1763344785
282624,1-Training-Losses/explained_variance,0.3581138849258423,Pong1PCB2L336P__seed_8_1763344785
286720,1-Training-Losses/explained_variance,0.3929213285446167,Pong1PCB2L336P__seed_8_1763344785
290816,1-Training-Losses/explained_variance,0.3746095299720764,Pong1PCB2L336P__seed_8_1763344785
294912,1-Training-Losses/explained_variance,0.40406084060668945,Pong1PCB2L336P__seed_8_1763344785
299008,1-Training-Losses/explained_variance,0.38720762729644775,Pong1PCB2L336P__seed_8_1763344785
303104,1-Training-Losses/explained_variance,0.3359476923942566,Pong1PCB2L336P__seed_8_1763344785
307200,1-Training-Losses/explained_variance,0.39584851264953613,Pong1PCB2L336P__seed_8_1763344785
311296,1-Training-Losses/explained_variance,0.34588271379470825,Pong1PCB2L336P__seed_8_1763344785
315392,1-Training-Losses/explained_variance,0.40139442682266235,Pong1PCB2L336P__seed_8_1763344785
319488,1-Training-Losses/explained_variance,0.32450956106185913,Pong1PCB2L336P__seed_8_1763344785
323584,1-Training-Losses/explained_variance,0.3689369559288025,Pong1PCB2L336P__seed_8_1763344785
327680,1-Training-Losses/explained_variance,0.4411103129386902,Pong1PCB2L336P__seed_8_1763344785
331776,1-Training-Losses/explained_variance,0.4053051471710205,Pong1PCB2L336P__seed_8_1763344785
335872,1-Training-Losses/explained_variance,0.39582544565200806,Pong1PCB2L336P__seed_8_1763344785
339968,1-Training-Losses/explained_variance,0.4398297071456909,Pong1PCB2L336P__seed_8_1763344785
344064,1-Training-Losses/explained_variance,0.4351428747177124,Pong1PCB2L336P__seed_8_1763344785
348160,1-Training-Losses/explained_variance,0.4794342517852783,Pong1PCB2L336P__seed_8_1763344785
352256,1-Training-Losses/explained_variance,0.40942537784576416,Pong1PCB2L336P__seed_8_1763344785
356352,1-Training-Losses/explained_variance,0.4181162118911743,Pong1PCB2L336P__seed_8_1763344785
360448,1-Training-Losses/explained_variance,0.42525798082351685,Pong1PCB2L336P__seed_8_1763344785
364544,1-Training-Losses/explained_variance,0.410808801651001,Pong1PCB2L336P__seed_8_1763344785
368640,1-Training-Losses/explained_variance,0.4810393452644348,Pong1PCB2L336P__seed_8_1763344785
372736,1-Training-Losses/explained_variance,0.3964345455169678,Pong1PCB2L336P__seed_8_1763344785
376832,1-Training-Losses/explained_variance,0.4143710732460022,Pong1PCB2L336P__seed_8_1763344785
380928,1-Training-Losses/explained_variance,0.46584653854370117,Pong1PCB2L336P__seed_8_1763344785
385024,1-Training-Losses/explained_variance,0.4058454632759094,Pong1PCB2L336P__seed_8_1763344785
389120,1-Training-Losses/explained_variance,0.37783658504486084,Pong1PCB2L336P__seed_8_1763344785
393216,1-Training-Losses/explained_variance,0.49114447832107544,Pong1PCB2L336P__seed_8_1763344785
397312,1-Training-Losses/explained_variance,0.44172394275665283,Pong1PCB2L336P__seed_8_1763344785
401408,1-Training-Losses/explained_variance,0.42403870820999146,Pong1PCB2L336P__seed_8_1763344785
405504,1-Training-Losses/explained_variance,0.44141441583633423,Pong1PCB2L336P__seed_8_1763344785
409600,1-Training-Losses/explained_variance,0.45798540115356445,Pong1PCB2L336P__seed_8_1763344785
413696,1-Training-Losses/explained_variance,0.49400466680526733,Pong1PCB2L336P__seed_8_1763344785
417792,1-Training-Losses/explained_variance,0.45187056064605713,Pong1PCB2L336P__seed_8_1763344785
421888,1-Training-Losses/explained_variance,0.4450525641441345,Pong1PCB2L336P__seed_8_1763344785
425984,1-Training-Losses/explained_variance,0.4271997809410095,Pong1PCB2L336P__seed_8_1763344785
430080,1-Training-Losses/explained_variance,0.49556171894073486,Pong1PCB2L336P__seed_8_1763344785
434176,1-Training-Losses/explained_variance,0.47999143600463867,Pong1PCB2L336P__seed_8_1763344785
438272,1-Training-Losses/explained_variance,0.4651477336883545,Pong1PCB2L336P__seed_8_1763344785
442368,1-Training-Losses/explained_variance,0.46578145027160645,Pong1PCB2L336P__seed_8_1763344785
446464,1-Training-Losses/explained_variance,0.46285176277160645,Pong1PCB2L336P__seed_8_1763344785
450560,1-Training-Losses/explained_variance,0.4777436852455139,Pong1PCB2L336P__seed_8_1763344785
454656,1-Training-Losses/explained_variance,0.4725761413574219,Pong1PCB2L336P__seed_8_1763344785
458752,1-Training-Losses/explained_variance,0.49412304162979126,Pong1PCB2L336P__seed_8_1763344785
462848,1-Training-Losses/explained_variance,0.5285024642944336,Pong1PCB2L336P__seed_8_1763344785
466944,1-Training-Losses/explained_variance,0.4139060974121094,Pong1PCB2L336P__seed_8_1763344785
471040,1-Training-Losses/explained_variance,0.4649571180343628,Pong1PCB2L336P__seed_8_1763344785
475136,1-Training-Losses/explained_variance,0.45787543058395386,Pong1PCB2L336P__seed_8_1763344785
479232,1-Training-Losses/explained_variance,0.43831104040145874,Pong1PCB2L336P__seed_8_1763344785
483328,1-Training-Losses/explained_variance,0.5239168405532837,Pong1PCB2L336P__seed_8_1763344785
487424,1-Training-Losses/explained_variance,0.4693547487258911,Pong1PCB2L336P__seed_8_1763344785
491520,1-Training-Losses/explained_variance,0.534294843673706,Pong1PCB2L336P__seed_8_1763344785
495616,1-Training-Losses/explained_variance,0.49075227975845337,Pong1PCB2L336P__seed_8_1763344785
499712,1-Training-Losses/explained_variance,0.49871957302093506,Pong1PCB2L336P__seed_8_1763344785
503808,1-Training-Losses/explained_variance,0.5129073858261108,Pong1PCB2L336P__seed_8_1763344785
507904,1-Training-Losses/explained_variance,0.5525392293930054,Pong1PCB2L336P__seed_8_1763344785
512000,1-Training-Losses/explained_variance,0.5340899229049683,Pong1PCB2L336P__seed_8_1763344785
516096,1-Training-Losses/explained_variance,0.5128675103187561,Pong1PCB2L336P__seed_8_1763344785
520192,1-Training-Losses/explained_variance,0.5374782681465149,Pong1PCB2L336P__seed_8_1763344785
524288,1-Training-Losses/explained_variance,0.5694859027862549,Pong1PCB2L336P__seed_8_1763344785
528384,1-Training-Losses/explained_variance,0.4991123080253601,Pong1PCB2L336P__seed_8_1763344785
532480,1-Training-Losses/explained_variance,0.5692052245140076,Pong1PCB2L336P__seed_8_1763344785
536576,1-Training-Losses/explained_variance,0.5642307996749878,Pong1PCB2L336P__seed_8_1763344785
540672,1-Training-Losses/explained_variance,0.5076570510864258,Pong1PCB2L336P__seed_8_1763344785
544768,1-Training-Losses/explained_variance,0.557693362236023,Pong1PCB2L336P__seed_8_1763344785
548864,1-Training-Losses/explained_variance,0.5609502792358398,Pong1PCB2L336P__seed_8_1763344785
552960,1-Training-Losses/explained_variance,0.5206311941146851,Pong1PCB2L336P__seed_8_1763344785
557056,1-Training-Losses/explained_variance,0.5699402093887329,Pong1PCB2L336P__seed_8_1763344785
561152,1-Training-Losses/explained_variance,0.5290490388870239,Pong1PCB2L336P__seed_8_1763344785
565248,1-Training-Losses/explained_variance,0.5956690311431885,Pong1PCB2L336P__seed_8_1763344785
569344,1-Training-Losses/explained_variance,0.555457592010498,Pong1PCB2L336P__seed_8_1763344785
573440,1-Training-Losses/explained_variance,0.5775091648101807,Pong1PCB2L336P__seed_8_1763344785
577536,1-Training-Losses/explained_variance,0.602053165435791,Pong1PCB2L336P__seed_8_1763344785
581632,1-Training-Losses/explained_variance,0.5244195461273193,Pong1PCB2L336P__seed_8_1763344785
585728,1-Training-Losses/explained_variance,0.6561293601989746,Pong1PCB2L336P__seed_8_1763344785
589824,1-Training-Losses/explained_variance,0.517988383769989,Pong1PCB2L336P__seed_8_1763344785
593920,1-Training-Losses/explained_variance,0.5500982999801636,Pong1PCB2L336P__seed_8_1763344785
598016,1-Training-Losses/explained_variance,0.5812250375747681,Pong1PCB2L336P__seed_8_1763344785
602112,1-Training-Losses/explained_variance,0.6115100383758545,Pong1PCB2L336P__seed_8_1763344785
606208,1-Training-Losses/explained_variance,0.5543515682220459,Pong1PCB2L336P__seed_8_1763344785
610304,1-Training-Losses/explained_variance,0.5625936985015869,Pong1PCB2L336P__seed_8_1763344785
614400,1-Training-Losses/explained_variance,0.6199671626091003,Pong1PCB2L336P__seed_8_1763344785
618496,1-Training-Losses/explained_variance,0.5452635288238525,Pong1PCB2L336P__seed_8_1763344785
622592,1-Training-Losses/explained_variance,0.5024823546409607,Pong1PCB2L336P__seed_8_1763344785
626688,1-Training-Losses/explained_variance,0.5435804128646851,Pong1PCB2L336P__seed_8_1763344785
630784,1-Training-Losses/explained_variance,0.5661752223968506,Pong1PCB2L336P__seed_8_1763344785
634880,1-Training-Losses/explained_variance,0.6207681894302368,Pong1PCB2L336P__seed_8_1763344785
638976,1-Training-Losses/explained_variance,0.5948498249053955,Pong1PCB2L336P__seed_8_1763344785
643072,1-Training-Losses/explained_variance,0.6684132814407349,Pong1PCB2L336P__seed_8_1763344785
647168,1-Training-Losses/explained_variance,0.5546495318412781,Pong1PCB2L336P__seed_8_1763344785
651264,1-Training-Losses/explained_variance,0.6079123020172119,Pong1PCB2L336P__seed_8_1763344785
655360,1-Training-Losses/explained_variance,0.5719517469406128,Pong1PCB2L336P__seed_8_1763344785
659456,1-Training-Losses/explained_variance,0.608756422996521,Pong1PCB2L336P__seed_8_1763344785
663552,1-Training-Losses/explained_variance,0.5994682908058167,Pong1PCB2L336P__seed_8_1763344785
667648,1-Training-Losses/explained_variance,0.6359556913375854,Pong1PCB2L336P__seed_8_1763344785
671744,1-Training-Losses/explained_variance,0.5482022166252136,Pong1PCB2L336P__seed_8_1763344785
675840,1-Training-Losses/explained_variance,0.6336190700531006,Pong1PCB2L336P__seed_8_1763344785
679936,1-Training-Losses/explained_variance,0.6214208602905273,Pong1PCB2L336P__seed_8_1763344785
684032,1-Training-Losses/explained_variance,0.6641381978988647,Pong1PCB2L336P__seed_8_1763344785
688128,1-Training-Losses/explained_variance,0.5824381709098816,Pong1PCB2L336P__seed_8_1763344785
692224,1-Training-Losses/explained_variance,0.6040031909942627,Pong1PCB2L336P__seed_8_1763344785
696320,1-Training-Losses/explained_variance,0.6443829536437988,Pong1PCB2L336P__seed_8_1763344785
700416,1-Training-Losses/explained_variance,0.61458820104599,Pong1PCB2L336P__seed_8_1763344785
704512,1-Training-Losses/explained_variance,0.6692389249801636,Pong1PCB2L336P__seed_8_1763344785
708608,1-Training-Losses/explained_variance,0.6150270700454712,Pong1PCB2L336P__seed_8_1763344785
712704,1-Training-Losses/explained_variance,0.5299203395843506,Pong1PCB2L336P__seed_8_1763344785
716800,1-Training-Losses/explained_variance,0.6534167528152466,Pong1PCB2L336P__seed_8_1763344785
720896,1-Training-Losses/explained_variance,0.6121412515640259,Pong1PCB2L336P__seed_8_1763344785
724992,1-Training-Losses/explained_variance,0.5560408234596252,Pong1PCB2L336P__seed_8_1763344785
729088,1-Training-Losses/explained_variance,0.6262392401695251,Pong1PCB2L336P__seed_8_1763344785
733184,1-Training-Losses/explained_variance,0.6034599542617798,Pong1PCB2L336P__seed_8_1763344785
737280,1-Training-Losses/explained_variance,0.6078891754150391,Pong1PCB2L336P__seed_8_1763344785
741376,1-Training-Losses/explained_variance,0.5773885250091553,Pong1PCB2L336P__seed_8_1763344785
745472,1-Training-Losses/explained_variance,0.6174430847167969,Pong1PCB2L336P__seed_8_1763344785
749568,1-Training-Losses/explained_variance,0.5994077324867249,Pong1PCB2L336P__seed_8_1763344785
753664,1-Training-Losses/explained_variance,0.601218581199646,Pong1PCB2L336P__seed_8_1763344785
757760,1-Training-Losses/explained_variance,0.6270657777786255,Pong1PCB2L336P__seed_8_1763344785
761856,1-Training-Losses/explained_variance,0.6287102699279785,Pong1PCB2L336P__seed_8_1763344785
765952,1-Training-Losses/explained_variance,0.563649594783783,Pong1PCB2L336P__seed_8_1763344785
770048,1-Training-Losses/explained_variance,0.611832857131958,Pong1PCB2L336P__seed_8_1763344785
774144,1-Training-Losses/explained_variance,0.6209669709205627,Pong1PCB2L336P__seed_8_1763344785
778240,1-Training-Losses/explained_variance,0.6316867470741272,Pong1PCB2L336P__seed_8_1763344785
782336,1-Training-Losses/explained_variance,0.532085120677948,Pong1PCB2L336P__seed_8_1763344785
786432,1-Training-Losses/explained_variance,0.6072486042976379,Pong1PCB2L336P__seed_8_1763344785
790528,1-Training-Losses/explained_variance,0.6426690816879272,Pong1PCB2L336P__seed_8_1763344785
794624,1-Training-Losses/explained_variance,0.6271460056304932,Pong1PCB2L336P__seed_8_1763344785
798720,1-Training-Losses/explained_variance,0.5752840042114258,Pong1PCB2L336P__seed_8_1763344785
802816,1-Training-Losses/explained_variance,0.5972942113876343,Pong1PCB2L336P__seed_8_1763344785
806912,1-Training-Losses/explained_variance,0.6224939823150635,Pong1PCB2L336P__seed_8_1763344785
811008,1-Training-Losses/explained_variance,0.5532522201538086,Pong1PCB2L336P__seed_8_1763344785
815104,1-Training-Losses/explained_variance,0.5914719104766846,Pong1PCB2L336P__seed_8_1763344785
819200,1-Training-Losses/explained_variance,0.642224907875061,Pong1PCB2L336P__seed_8_1763344785
823296,1-Training-Losses/explained_variance,0.6071523427963257,Pong1PCB2L336P__seed_8_1763344785
827392,1-Training-Losses/explained_variance,0.618131160736084,Pong1PCB2L336P__seed_8_1763344785
831488,1-Training-Losses/explained_variance,0.5492274165153503,Pong1PCB2L336P__seed_8_1763344785
835584,1-Training-Losses/explained_variance,0.5002515316009521,Pong1PCB2L336P__seed_8_1763344785
839680,1-Training-Losses/explained_variance,0.5825362205505371,Pong1PCB2L336P__seed_8_1763344785
843776,1-Training-Losses/explained_variance,0.6027419567108154,Pong1PCB2L336P__seed_8_1763344785
847872,1-Training-Losses/explained_variance,0.5661211013793945,Pong1PCB2L336P__seed_8_1763344785
851968,1-Training-Losses/explained_variance,0.4759719967842102,Pong1PCB2L336P__seed_8_1763344785
856064,1-Training-Losses/explained_variance,0.6316330432891846,Pong1PCB2L336P__seed_8_1763344785
860160,1-Training-Losses/explained_variance,0.542161226272583,Pong1PCB2L336P__seed_8_1763344785
864256,1-Training-Losses/explained_variance,0.5830305814743042,Pong1PCB2L336P__seed_8_1763344785
868352,1-Training-Losses/explained_variance,0.5748550891876221,Pong1PCB2L336P__seed_8_1763344785
872448,1-Training-Losses/explained_variance,0.5238555073738098,Pong1PCB2L336P__seed_8_1763344785
876544,1-Training-Losses/explained_variance,0.6642508506774902,Pong1PCB2L336P__seed_8_1763344785
880640,1-Training-Losses/explained_variance,0.5762261152267456,Pong1PCB2L336P__seed_8_1763344785
884736,1-Training-Losses/explained_variance,0.6113003492355347,Pong1PCB2L336P__seed_8_1763344785
888832,1-Training-Losses/explained_variance,0.6017751097679138,Pong1PCB2L336P__seed_8_1763344785
892928,1-Training-Losses/explained_variance,0.5393574833869934,Pong1PCB2L336P__seed_8_1763344785
897024,1-Training-Losses/explained_variance,0.5457308292388916,Pong1PCB2L336P__seed_8_1763344785
901120,1-Training-Losses/explained_variance,0.5869153141975403,Pong1PCB2L336P__seed_8_1763344785
905216,1-Training-Losses/explained_variance,0.5958923101425171,Pong1PCB2L336P__seed_8_1763344785
909312,1-Training-Losses/explained_variance,0.5670651197433472,Pong1PCB2L336P__seed_8_1763344785
913408,1-Training-Losses/explained_variance,0.5098844766616821,Pong1PCB2L336P__seed_8_1763344785
917504,1-Training-Losses/explained_variance,0.5894854068756104,Pong1PCB2L336P__seed_8_1763344785
921600,1-Training-Losses/explained_variance,0.5065433382987976,Pong1PCB2L336P__seed_8_1763344785
925696,1-Training-Losses/explained_variance,0.5982502102851868,Pong1PCB2L336P__seed_8_1763344785
929792,1-Training-Losses/explained_variance,0.6748771667480469,Pong1PCB2L336P__seed_8_1763344785
933888,1-Training-Losses/explained_variance,0.6139041185379028,Pong1PCB2L336P__seed_8_1763344785
937984,1-Training-Losses/explained_variance,0.6064307689666748,Pong1PCB2L336P__seed_8_1763344785
942080,1-Training-Losses/explained_variance,0.600582480430603,Pong1PCB2L336P__seed_8_1763344785
946176,1-Training-Losses/explained_variance,0.5677541494369507,Pong1PCB2L336P__seed_8_1763344785
950272,1-Training-Losses/explained_variance,0.5903361439704895,Pong1PCB2L336P__seed_8_1763344785
954368,1-Training-Losses/explained_variance,0.6721657514572144,Pong1PCB2L336P__seed_8_1763344785
958464,1-Training-Losses/explained_variance,0.5719953179359436,Pong1PCB2L336P__seed_8_1763344785
962560,1-Training-Losses/explained_variance,0.6353652477264404,Pong1PCB2L336P__seed_8_1763344785
966656,1-Training-Losses/explained_variance,0.5476410388946533,Pong1PCB2L336P__seed_8_1763344785
970752,1-Training-Losses/explained_variance,0.7047590017318726,Pong1PCB2L336P__seed_8_1763344785
974848,1-Training-Losses/explained_variance,0.6487412452697754,Pong1PCB2L336P__seed_8_1763344785
978944,1-Training-Losses/explained_variance,0.6243953704833984,Pong1PCB2L336P__seed_8_1763344785
983040,1-Training-Losses/explained_variance,0.7210811376571655,Pong1PCB2L336P__seed_8_1763344785
987136,1-Training-Losses/explained_variance,0.6188843250274658,Pong1PCB2L336P__seed_8_1763344785
991232,1-Training-Losses/explained_variance,0.6654880046844482,Pong1PCB2L336P__seed_8_1763344785
995328,1-Training-Losses/explained_variance,0.6726558208465576,Pong1PCB2L336P__seed_8_1763344785
999424,1-Training-Losses/explained_variance,0.5173272490501404,Pong1PCB2L336P__seed_8_1763344785
1003520,1-Training-Losses/explained_variance,0.6397340297698975,Pong1PCB2L336P__seed_8_1763344785
1007616,1-Training-Losses/explained_variance,0.6849719285964966,Pong1PCB2L336P__seed_8_1763344785
1011712,1-Training-Losses/explained_variance,0.56525057554245,Pong1PCB2L336P__seed_8_1763344785
1015808,1-Training-Losses/explained_variance,0.6539191007614136,Pong1PCB2L336P__seed_8_1763344785
1019904,1-Training-Losses/explained_variance,0.6879546642303467,Pong1PCB2L336P__seed_8_1763344785
1024000,1-Training-Losses/explained_variance,0.46655571460723877,Pong1PCB2L336P__seed_8_1763344785
1028096,1-Training-Losses/explained_variance,0.6158319711685181,Pong1PCB2L336P__seed_8_1763344785
1032192,1-Training-Losses/explained_variance,0.5987396240234375,Pong1PCB2L336P__seed_8_1763344785
1036288,1-Training-Losses/explained_variance,0.6139159202575684,Pong1PCB2L336P__seed_8_1763344785
1040384,1-Training-Losses/explained_variance,0.5757020711898804,Pong1PCB2L336P__seed_8_1763344785
1044480,1-Training-Losses/explained_variance,0.6035354137420654,Pong1PCB2L336P__seed_8_1763344785
1048576,1-Training-Losses/explained_variance,0.6929248571395874,Pong1PCB2L336P__seed_8_1763344785
1052672,1-Training-Losses/explained_variance,0.5925378799438477,Pong1PCB2L336P__seed_8_1763344785
1056768,1-Training-Losses/explained_variance,0.6173381805419922,Pong1PCB2L336P__seed_8_1763344785
1060864,1-Training-Losses/explained_variance,0.7013558149337769,Pong1PCB2L336P__seed_8_1763344785
1064960,1-Training-Losses/explained_variance,0.7584357261657715,Pong1PCB2L336P__seed_8_1763344785
1069056,1-Training-Losses/explained_variance,0.7248033881187439,Pong1PCB2L336P__seed_8_1763344785
1073152,1-Training-Losses/explained_variance,0.6610767841339111,Pong1PCB2L336P__seed_8_1763344785
1077248,1-Training-Losses/explained_variance,0.7246779203414917,Pong1PCB2L336P__seed_8_1763344785
1081344,1-Training-Losses/explained_variance,0.736283004283905,Pong1PCB2L336P__seed_8_1763344785
1085440,1-Training-Losses/explained_variance,0.689202070236206,Pong1PCB2L336P__seed_8_1763344785
1089536,1-Training-Losses/explained_variance,0.6628073453903198,Pong1PCB2L336P__seed_8_1763344785
1093632,1-Training-Losses/explained_variance,0.6613720655441284,Pong1PCB2L336P__seed_8_1763344785
1097728,1-Training-Losses/explained_variance,0.6208997964859009,Pong1PCB2L336P__seed_8_1763344785
1101824,1-Training-Losses/explained_variance,0.5330886840820312,Pong1PCB2L336P__seed_8_1763344785
1105920,1-Training-Losses/explained_variance,0.4868931770324707,Pong1PCB2L336P__seed_8_1763344785
1110016,1-Training-Losses/explained_variance,0.4591221213340759,Pong1PCB2L336P__seed_8_1763344785
1114112,1-Training-Losses/explained_variance,0.5424093008041382,Pong1PCB2L336P__seed_8_1763344785
1118208,1-Training-Losses/explained_variance,0.744797945022583,Pong1PCB2L336P__seed_8_1763344785
1122304,1-Training-Losses/explained_variance,0.5942264795303345,Pong1PCB2L336P__seed_8_1763344785
1126400,1-Training-Losses/explained_variance,0.6992924213409424,Pong1PCB2L336P__seed_8_1763344785
1130496,1-Training-Losses/explained_variance,0.6191399097442627,Pong1PCB2L336P__seed_8_1763344785
1134592,1-Training-Losses/explained_variance,0.6851905584335327,Pong1PCB2L336P__seed_8_1763344785
1138688,1-Training-Losses/explained_variance,0.636836051940918,Pong1PCB2L336P__seed_8_1763344785
1142784,1-Training-Losses/explained_variance,0.6028782725334167,Pong1PCB2L336P__seed_8_1763344785
1146880,1-Training-Losses/explained_variance,0.5686178803443909,Pong1PCB2L336P__seed_8_1763344785
1150976,1-Training-Losses/explained_variance,0.580446720123291,Pong1PCB2L336P__seed_8_1763344785
1155072,1-Training-Losses/explained_variance,0.5935541391372681,Pong1PCB2L336P__seed_8_1763344785
1159168,1-Training-Losses/explained_variance,0.5020440816879272,Pong1PCB2L336P__seed_8_1763344785
1163264,1-Training-Losses/explained_variance,0.5681997537612915,Pong1PCB2L336P__seed_8_1763344785
1167360,1-Training-Losses/explained_variance,0.5845764875411987,Pong1PCB2L336P__seed_8_1763344785
1171456,1-Training-Losses/explained_variance,0.6092804670333862,Pong1PCB2L336P__seed_8_1763344785
1175552,1-Training-Losses/explained_variance,0.6582050323486328,Pong1PCB2L336P__seed_8_1763344785
1179648,1-Training-Losses/explained_variance,0.632071316242218,Pong1PCB2L336P__seed_8_1763344785
1183744,1-Training-Losses/explained_variance,0.674761176109314,Pong1PCB2L336P__seed_8_1763344785
1187840,1-Training-Losses/explained_variance,0.46396082639694214,Pong1PCB2L336P__seed_8_1763344785
1191936,1-Training-Losses/explained_variance,0.5031094551086426,Pong1PCB2L336P__seed_8_1763344785
1196032,1-Training-Losses/explained_variance,0.5222979784011841,Pong1PCB2L336P__seed_8_1763344785
1200128,1-Training-Losses/explained_variance,0.5112350583076477,Pong1PCB2L336P__seed_8_1763344785
1204224,1-Training-Losses/explained_variance,0.5432031154632568,Pong1PCB2L336P__seed_8_1763344785
1208320,1-Training-Losses/explained_variance,0.5350853800773621,Pong1PCB2L336P__seed_8_1763344785
1212416,1-Training-Losses/explained_variance,0.46780186891555786,Pong1PCB2L336P__seed_8_1763344785
1216512,1-Training-Losses/explained_variance,0.644379198551178,Pong1PCB2L336P__seed_8_1763344785
1220608,1-Training-Losses/explained_variance,0.48909318447113037,Pong1PCB2L336P__seed_8_1763344785
1224704,1-Training-Losses/explained_variance,0.46899211406707764,Pong1PCB2L336P__seed_8_1763344785
1228800,1-Training-Losses/explained_variance,0.47888606786727905,Pong1PCB2L336P__seed_8_1763344785
1232896,1-Training-Losses/explained_variance,0.5515090227127075,Pong1PCB2L336P__seed_8_1763344785
1236992,1-Training-Losses/explained_variance,0.4944930672645569,Pong1PCB2L336P__seed_8_1763344785
1241088,1-Training-Losses/explained_variance,0.5265597701072693,Pong1PCB2L336P__seed_8_1763344785
1245184,1-Training-Losses/explained_variance,0.4953712821006775,Pong1PCB2L336P__seed_8_1763344785
1249280,1-Training-Losses/explained_variance,0.45983636379241943,Pong1PCB2L336P__seed_8_1763344785
1253376,1-Training-Losses/explained_variance,0.4906710386276245,Pong1PCB2L336P__seed_8_1763344785
1257472,1-Training-Losses/explained_variance,0.5570499897003174,Pong1PCB2L336P__seed_8_1763344785
1261568,1-Training-Losses/explained_variance,0.5605815649032593,Pong1PCB2L336P__seed_8_1763344785
1265664,1-Training-Losses/explained_variance,0.5504218339920044,Pong1PCB2L336P__seed_8_1763344785
1269760,1-Training-Losses/explained_variance,0.4855758547782898,Pong1PCB2L336P__seed_8_1763344785
1273856,1-Training-Losses/explained_variance,0.4267033338546753,Pong1PCB2L336P__seed_8_1763344785
1277952,1-Training-Losses/explained_variance,0.3942861557006836,Pong1PCB2L336P__seed_8_1763344785
1282048,1-Training-Losses/explained_variance,0.5606052875518799,Pong1PCB2L336P__seed_8_1763344785
1286144,1-Training-Losses/explained_variance,0.4839308261871338,Pong1PCB2L336P__seed_8_1763344785
1290240,1-Training-Losses/explained_variance,0.41441619396209717,Pong1PCB2L336P__seed_8_1763344785
1294336,1-Training-Losses/explained_variance,0.515846312046051,Pong1PCB2L336P__seed_8_1763344785
1298432,1-Training-Losses/explained_variance,0.46448814868927,Pong1PCB2L336P__seed_8_1763344785
1302528,1-Training-Losses/explained_variance,0.4434549808502197,Pong1PCB2L336P__seed_8_1763344785
1306624,1-Training-Losses/explained_variance,0.44440364837646484,Pong1PCB2L336P__seed_8_1763344785
1310720,1-Training-Losses/explained_variance,0.5769877433776855,Pong1PCB2L336P__seed_8_1763344785
1314816,1-Training-Losses/explained_variance,0.39336341619491577,Pong1PCB2L336P__seed_8_1763344785
1318912,1-Training-Losses/explained_variance,0.4542844295501709,Pong1PCB2L336P__seed_8_1763344785
1323008,1-Training-Losses/explained_variance,0.5204605460166931,Pong1PCB2L336P__seed_8_1763344785
1327104,1-Training-Losses/explained_variance,0.5332122445106506,Pong1PCB2L336P__seed_8_1763344785
1331200,1-Training-Losses/explained_variance,0.6004493236541748,Pong1PCB2L336P__seed_8_1763344785
1335296,1-Training-Losses/explained_variance,0.5269545316696167,Pong1PCB2L336P__seed_8_1763344785
1339392,1-Training-Losses/explained_variance,0.5130978226661682,Pong1PCB2L336P__seed_8_1763344785
1343488,1-Training-Losses/explained_variance,0.5046501159667969,Pong1PCB2L336P__seed_8_1763344785
1347584,1-Training-Losses/explained_variance,0.45310622453689575,Pong1PCB2L336P__seed_8_1763344785
1351680,1-Training-Losses/explained_variance,0.4693148732185364,Pong1PCB2L336P__seed_8_1763344785
1355776,1-Training-Losses/explained_variance,0.3908225893974304,Pong1PCB2L336P__seed_8_1763344785
1359872,1-Training-Losses/explained_variance,0.5971388220787048,Pong1PCB2L336P__seed_8_1763344785
1363968,1-Training-Losses/explained_variance,0.5556612014770508,Pong1PCB2L336P__seed_8_1763344785
1368064,1-Training-Losses/explained_variance,0.47502487897872925,Pong1PCB2L336P__seed_8_1763344785
1372160,1-Training-Losses/explained_variance,0.5154762864112854,Pong1PCB2L336P__seed_8_1763344785
1376256,1-Training-Losses/explained_variance,0.5241037607192993,Pong1PCB2L336P__seed_8_1763344785
1380352,1-Training-Losses/explained_variance,0.5234970450401306,Pong1PCB2L336P__seed_8_1763344785
1384448,1-Training-Losses/explained_variance,0.548303484916687,Pong1PCB2L336P__seed_8_1763344785
1388544,1-Training-Losses/explained_variance,0.41168349981307983,Pong1PCB2L336P__seed_8_1763344785
1392640,1-Training-Losses/explained_variance,0.5501817464828491,Pong1PCB2L336P__seed_8_1763344785
1396736,1-Training-Losses/explained_variance,0.5578845739364624,Pong1PCB2L336P__seed_8_1763344785
1400832,1-Training-Losses/explained_variance,0.5184084177017212,Pong1PCB2L336P__seed_8_1763344785
1404928,1-Training-Losses/explained_variance,0.46168631315231323,Pong1PCB2L336P__seed_8_1763344785
1409024,1-Training-Losses/explained_variance,0.5165570974349976,Pong1PCB2L336P__seed_8_1763344785
1413120,1-Training-Losses/explained_variance,0.5928015112876892,Pong1PCB2L336P__seed_8_1763344785
1417216,1-Training-Losses/explained_variance,0.4667397737503052,Pong1PCB2L336P__seed_8_1763344785
1421312,1-Training-Losses/explained_variance,0.5635266304016113,Pong1PCB2L336P__seed_8_1763344785
1425408,1-Training-Losses/explained_variance,0.5334783792495728,Pong1PCB2L336P__seed_8_1763344785
1429504,1-Training-Losses/explained_variance,0.4109574556350708,Pong1PCB2L336P__seed_8_1763344785
1433600,1-Training-Losses/explained_variance,0.6030570268630981,Pong1PCB2L336P__seed_8_1763344785
1437696,1-Training-Losses/explained_variance,0.627894401550293,Pong1PCB2L336P__seed_8_1763344785
1441792,1-Training-Losses/explained_variance,0.5652907490730286,Pong1PCB2L336P__seed_8_1763344785
1445888,1-Training-Losses/explained_variance,0.4919634461402893,Pong1PCB2L336P__seed_8_1763344785
1449984,1-Training-Losses/explained_variance,0.5799071788787842,Pong1PCB2L336P__seed_8_1763344785
1454080,1-Training-Losses/explained_variance,0.5351514220237732,Pong1PCB2L336P__seed_8_1763344785
1458176,1-Training-Losses/explained_variance,0.524925708770752,Pong1PCB2L336P__seed_8_1763344785
1462272,1-Training-Losses/explained_variance,0.5903609395027161,Pong1PCB2L336P__seed_8_1763344785
1466368,1-Training-Losses/explained_variance,0.6376889944076538,Pong1PCB2L336P__seed_8_1763344785
1470464,1-Training-Losses/explained_variance,0.5817536115646362,Pong1PCB2L336P__seed_8_1763344785
1474560,1-Training-Losses/explained_variance,0.6138745546340942,Pong1PCB2L336P__seed_8_1763344785
1478656,1-Training-Losses/explained_variance,0.6700153946876526,Pong1PCB2L336P__seed_8_1763344785
1482752,1-Training-Losses/explained_variance,0.4965450167655945,Pong1PCB2L336P__seed_8_1763344785
1486848,1-Training-Losses/explained_variance,0.48396170139312744,Pong1PCB2L336P__seed_8_1763344785
1490944,1-Training-Losses/explained_variance,0.523909866809845,Pong1PCB2L336P__seed_8_1763344785
1495040,1-Training-Losses/explained_variance,0.6403261423110962,Pong1PCB2L336P__seed_8_1763344785
1499136,1-Training-Losses/explained_variance,0.6753426790237427,Pong1PCB2L336P__seed_8_1763344785
1503232,1-Training-Losses/explained_variance,0.5464043617248535,Pong1PCB2L336P__seed_8_1763344785
1507328,1-Training-Losses/explained_variance,0.5711528062820435,Pong1PCB2L336P__seed_8_1763344785
1511424,1-Training-Losses/explained_variance,0.6141417026519775,Pong1PCB2L336P__seed_8_1763344785
1515520,1-Training-Losses/explained_variance,0.5130572319030762,Pong1PCB2L336P__seed_8_1763344785
1519616,1-Training-Losses/explained_variance,0.44041556119918823,Pong1PCB2L336P__seed_8_1763344785
1523712,1-Training-Losses/explained_variance,0.36065542697906494,Pong1PCB2L336P__seed_8_1763344785
1527808,1-Training-Losses/explained_variance,0.5358495712280273,Pong1PCB2L336P__seed_8_1763344785
1531904,1-Training-Losses/explained_variance,0.57868492603302,Pong1PCB2L336P__seed_8_1763344785
1536000,1-Training-Losses/explained_variance,0.49711817502975464,Pong1PCB2L336P__seed_8_1763344785
1540096,1-Training-Losses/explained_variance,0.4383450150489807,Pong1PCB2L336P__seed_8_1763344785
1544192,1-Training-Losses/explained_variance,0.5461839437484741,Pong1PCB2L336P__seed_8_1763344785
1548288,1-Training-Losses/explained_variance,0.5376161336898804,Pong1PCB2L336P__seed_8_1763344785
1552384,1-Training-Losses/explained_variance,0.5416431427001953,Pong1PCB2L336P__seed_8_1763344785
1556480,1-Training-Losses/explained_variance,0.5710604190826416,Pong1PCB2L336P__seed_8_1763344785
1560576,1-Training-Losses/explained_variance,0.5704438090324402,Pong1PCB2L336P__seed_8_1763344785
1564672,1-Training-Losses/explained_variance,0.5717607736587524,Pong1PCB2L336P__seed_8_1763344785
1568768,1-Training-Losses/explained_variance,0.6067235469818115,Pong1PCB2L336P__seed_8_1763344785
1572864,1-Training-Losses/explained_variance,0.5500506162643433,Pong1PCB2L336P__seed_8_1763344785
1576960,1-Training-Losses/explained_variance,0.6633093357086182,Pong1PCB2L336P__seed_8_1763344785
1581056,1-Training-Losses/explained_variance,0.6371556520462036,Pong1PCB2L336P__seed_8_1763344785
1585152,1-Training-Losses/explained_variance,0.5577576160430908,Pong1PCB2L336P__seed_8_1763344785
1589248,1-Training-Losses/explained_variance,0.4632833003997803,Pong1PCB2L336P__seed_8_1763344785
1593344,1-Training-Losses/explained_variance,0.4427593946456909,Pong1PCB2L336P__seed_8_1763344785
1597440,1-Training-Losses/explained_variance,0.5798754692077637,Pong1PCB2L336P__seed_8_1763344785
1601536,1-Training-Losses/explained_variance,0.46211105585098267,Pong1PCB2L336P__seed_8_1763344785
1605632,1-Training-Losses/explained_variance,0.5333410501480103,Pong1PCB2L336P__seed_8_1763344785
1609728,1-Training-Losses/explained_variance,0.6213879585266113,Pong1PCB2L336P__seed_8_1763344785
1613824,1-Training-Losses/explained_variance,0.5450860261917114,Pong1PCB2L336P__seed_8_1763344785
1617920,1-Training-Losses/explained_variance,0.5547016859054565,Pong1PCB2L336P__seed_8_1763344785
1622016,1-Training-Losses/explained_variance,0.5139461755752563,Pong1PCB2L336P__seed_8_1763344785
1626112,1-Training-Losses/explained_variance,0.49145519733428955,Pong1PCB2L336P__seed_8_1763344785
1630208,1-Training-Losses/explained_variance,0.5290758609771729,Pong1PCB2L336P__seed_8_1763344785
1634304,1-Training-Losses/explained_variance,0.6348168849945068,Pong1PCB2L336P__seed_8_1763344785
1638400,1-Training-Losses/explained_variance,0.5496120452880859,Pong1PCB2L336P__seed_8_1763344785
1642496,1-Training-Losses/explained_variance,0.5245577096939087,Pong1PCB2L336P__seed_8_1763344785
1646592,1-Training-Losses/explained_variance,0.5262766480445862,Pong1PCB2L336P__seed_8_1763344785
1650688,1-Training-Losses/explained_variance,0.5633748769760132,Pong1PCB2L336P__seed_8_1763344785
1654784,1-Training-Losses/explained_variance,0.5057579278945923,Pong1PCB2L336P__seed_8_1763344785
1658880,1-Training-Losses/explained_variance,0.6582733392715454,Pong1PCB2L336P__seed_8_1763344785
1662976,1-Training-Losses/explained_variance,0.5993372201919556,Pong1PCB2L336P__seed_8_1763344785
1667072,1-Training-Losses/explained_variance,0.5991755723953247,Pong1PCB2L336P__seed_8_1763344785
1671168,1-Training-Losses/explained_variance,0.5412265062332153,Pong1PCB2L336P__seed_8_1763344785
1675264,1-Training-Losses/explained_variance,0.538202702999115,Pong1PCB2L336P__seed_8_1763344785
1679360,1-Training-Losses/explained_variance,0.5151864290237427,Pong1PCB2L336P__seed_8_1763344785
1683456,1-Training-Losses/explained_variance,0.608292818069458,Pong1PCB2L336P__seed_8_1763344785
1687552,1-Training-Losses/explained_variance,0.563605010509491,Pong1PCB2L336P__seed_8_1763344785
1691648,1-Training-Losses/explained_variance,0.5859099626541138,Pong1PCB2L336P__seed_8_1763344785
1695744,1-Training-Losses/explained_variance,0.5701399445533752,Pong1PCB2L336P__seed_8_1763344785
1699840,1-Training-Losses/explained_variance,0.5730966329574585,Pong1PCB2L336P__seed_8_1763344785
1703936,1-Training-Losses/explained_variance,0.5828547477722168,Pong1PCB2L336P__seed_8_1763344785
1708032,1-Training-Losses/explained_variance,0.46977555751800537,Pong1PCB2L336P__seed_8_1763344785
1712128,1-Training-Losses/explained_variance,0.5638306140899658,Pong1PCB2L336P__seed_8_1763344785
1716224,1-Training-Losses/explained_variance,0.5530862808227539,Pong1PCB2L336P__seed_8_1763344785
1720320,1-Training-Losses/explained_variance,0.5744037628173828,Pong1PCB2L336P__seed_8_1763344785
1724416,1-Training-Losses/explained_variance,0.5847007036209106,Pong1PCB2L336P__seed_8_1763344785
1728512,1-Training-Losses/explained_variance,0.5846818685531616,Pong1PCB2L336P__seed_8_1763344785
1732608,1-Training-Losses/explained_variance,0.5283401012420654,Pong1PCB2L336P__seed_8_1763344785
1736704,1-Training-Losses/explained_variance,0.5249590873718262,Pong1PCB2L336P__seed_8_1763344785
1740800,1-Training-Losses/explained_variance,0.5930269956588745,Pong1PCB2L336P__seed_8_1763344785
1744896,1-Training-Losses/explained_variance,0.5485997200012207,Pong1PCB2L336P__seed_8_1763344785
1748992,1-Training-Losses/explained_variance,0.5729902386665344,Pong1PCB2L336P__seed_8_1763344785
1753088,1-Training-Losses/explained_variance,0.6385496854782104,Pong1PCB2L336P__seed_8_1763344785
1757184,1-Training-Losses/explained_variance,0.5878969430923462,Pong1PCB2L336P__seed_8_1763344785
1761280,1-Training-Losses/explained_variance,0.5430325269699097,Pong1PCB2L336P__seed_8_1763344785
1765376,1-Training-Losses/explained_variance,0.620036244392395,Pong1PCB2L336P__seed_8_1763344785
1769472,1-Training-Losses/explained_variance,0.5472537875175476,Pong1PCB2L336P__seed_8_1763344785
1773568,1-Training-Losses/explained_variance,0.5810174942016602,Pong1PCB2L336P__seed_8_1763344785
1777664,1-Training-Losses/explained_variance,0.5444457530975342,Pong1PCB2L336P__seed_8_1763344785
1781760,1-Training-Losses/explained_variance,0.563188910484314,Pong1PCB2L336P__seed_8_1763344785
1785856,1-Training-Losses/explained_variance,0.6252704858779907,Pong1PCB2L336P__seed_8_1763344785
1789952,1-Training-Losses/explained_variance,0.6671789884567261,Pong1PCB2L336P__seed_8_1763344785
1794048,1-Training-Losses/explained_variance,0.4560356140136719,Pong1PCB2L336P__seed_8_1763344785
1798144,1-Training-Losses/explained_variance,0.6006060242652893,Pong1PCB2L336P__seed_8_1763344785
1802240,1-Training-Losses/explained_variance,0.7008240818977356,Pong1PCB2L336P__seed_8_1763344785
1806336,1-Training-Losses/explained_variance,0.6286318898200989,Pong1PCB2L336P__seed_8_1763344785
1810432,1-Training-Losses/explained_variance,0.6118459105491638,Pong1PCB2L336P__seed_8_1763344785
1814528,1-Training-Losses/explained_variance,0.5047070980072021,Pong1PCB2L336P__seed_8_1763344785
1818624,1-Training-Losses/explained_variance,0.6168553233146667,Pong1PCB2L336P__seed_8_1763344785
1822720,1-Training-Losses/explained_variance,0.6369593143463135,Pong1PCB2L336P__seed_8_1763344785
1826816,1-Training-Losses/explained_variance,0.6063316464424133,Pong1PCB2L336P__seed_8_1763344785
1830912,1-Training-Losses/explained_variance,0.6645544767379761,Pong1PCB2L336P__seed_8_1763344785
1835008,1-Training-Losses/explained_variance,0.6737349629402161,Pong1PCB2L336P__seed_8_1763344785
1839104,1-Training-Losses/explained_variance,0.6204197406768799,Pong1PCB2L336P__seed_8_1763344785
1843200,1-Training-Losses/explained_variance,0.662893533706665,Pong1PCB2L336P__seed_8_1763344785
1847296,1-Training-Losses/explained_variance,0.643578290939331,Pong1PCB2L336P__seed_8_1763344785
1851392,1-Training-Losses/explained_variance,0.592761218547821,Pong1PCB2L336P__seed_8_1763344785
1855488,1-Training-Losses/explained_variance,0.652359664440155,Pong1PCB2L336P__seed_8_1763344785
1859584,1-Training-Losses/explained_variance,0.69786536693573,Pong1PCB2L336P__seed_8_1763344785
1863680,1-Training-Losses/explained_variance,0.5627111196517944,Pong1PCB2L336P__seed_8_1763344785
1867776,1-Training-Losses/explained_variance,0.6228784322738647,Pong1PCB2L336P__seed_8_1763344785
1871872,1-Training-Losses/explained_variance,0.7180143594741821,Pong1PCB2L336P__seed_8_1763344785
1875968,1-Training-Losses/explained_variance,0.6419882774353027,Pong1PCB2L336P__seed_8_1763344785
1880064,1-Training-Losses/explained_variance,0.6051497459411621,Pong1PCB2L336P__seed_8_1763344785
1884160,1-Training-Losses/explained_variance,0.6409580707550049,Pong1PCB2L336P__seed_8_1763344785
1888256,1-Training-Losses/explained_variance,0.5779489278793335,Pong1PCB2L336P__seed_8_1763344785
1892352,1-Training-Losses/explained_variance,0.5956278443336487,Pong1PCB2L336P__seed_8_1763344785
1896448,1-Training-Losses/explained_variance,0.6071087121963501,Pong1PCB2L336P__seed_8_1763344785
1900544,1-Training-Losses/explained_variance,0.6733620166778564,Pong1PCB2L336P__seed_8_1763344785
1904640,1-Training-Losses/explained_variance,0.563363790512085,Pong1PCB2L336P__seed_8_1763344785
1908736,1-Training-Losses/explained_variance,0.5936921834945679,Pong1PCB2L336P__seed_8_1763344785
1912832,1-Training-Losses/explained_variance,0.6453615427017212,Pong1PCB2L336P__seed_8_1763344785
1916928,1-Training-Losses/explained_variance,0.7243993878364563,Pong1PCB2L336P__seed_8_1763344785
1921024,1-Training-Losses/explained_variance,0.6184951066970825,Pong1PCB2L336P__seed_8_1763344785
1925120,1-Training-Losses/explained_variance,0.7200287580490112,Pong1PCB2L336P__seed_8_1763344785
1929216,1-Training-Losses/explained_variance,0.6711201667785645,Pong1PCB2L336P__seed_8_1763344785
1933312,1-Training-Losses/explained_variance,0.6554732322692871,Pong1PCB2L336P__seed_8_1763344785
1937408,1-Training-Losses/explained_variance,0.6509259939193726,Pong1PCB2L336P__seed_8_1763344785
1941504,1-Training-Losses/explained_variance,0.5586354732513428,Pong1PCB2L336P__seed_8_1763344785
1945600,1-Training-Losses/explained_variance,0.5600672960281372,Pong1PCB2L336P__seed_8_1763344785
1949696,1-Training-Losses/explained_variance,0.6304585933685303,Pong1PCB2L336P__seed_8_1763344785
1953792,1-Training-Losses/explained_variance,0.48293715715408325,Pong1PCB2L336P__seed_8_1763344785
1957888,1-Training-Losses/explained_variance,0.5184473395347595,Pong1PCB2L336P__seed_8_1763344785
1961984,1-Training-Losses/explained_variance,0.6393232345581055,Pong1PCB2L336P__seed_8_1763344785
1966080,1-Training-Losses/explained_variance,0.5191439390182495,Pong1PCB2L336P__seed_8_1763344785
1970176,1-Training-Losses/explained_variance,0.6988943815231323,Pong1PCB2L336P__seed_8_1763344785
1974272,1-Training-Losses/explained_variance,0.5885010957717896,Pong1PCB2L336P__seed_8_1763344785
1978368,1-Training-Losses/explained_variance,0.5642766952514648,Pong1PCB2L336P__seed_8_1763344785
1982464,1-Training-Losses/explained_variance,0.5362880229949951,Pong1PCB2L336P__seed_8_1763344785
1986560,1-Training-Losses/explained_variance,0.5669687390327454,Pong1PCB2L336P__seed_8_1763344785
1990656,1-Training-Losses/explained_variance,0.46890199184417725,Pong1PCB2L336P__seed_8_1763344785
1994752,1-Training-Losses/explained_variance,0.3617168068885803,Pong1PCB2L336P__seed_8_1763344785
1998848,1-Training-Losses/explained_variance,0.4681205749511719,Pong1PCB2L336P__seed_8_1763344785
2002944,1-Training-Losses/explained_variance,0.5151830911636353,Pong1PCB2L336P__seed_8_1763344785
2007040,1-Training-Losses/explained_variance,0.3301950693130493,Pong1PCB2L336P__seed_8_1763344785
2011136,1-Training-Losses/explained_variance,0.5269796848297119,Pong1PCB2L336P__seed_8_1763344785
2015232,1-Training-Losses/explained_variance,0.42445212602615356,Pong1PCB2L336P__seed_8_1763344785
2019328,1-Training-Losses/explained_variance,0.5224118232727051,Pong1PCB2L336P__seed_8_1763344785
2023424,1-Training-Losses/explained_variance,0.34991127252578735,Pong1PCB2L336P__seed_8_1763344785
2027520,1-Training-Losses/explained_variance,-0.024952054023742676,Pong1PCB2L336P__seed_8_1763344785
2031616,1-Training-Losses/explained_variance,0.31816232204437256,Pong1PCB2L336P__seed_8_1763344785
2035712,1-Training-Losses/explained_variance,0.43430590629577637,Pong1PCB2L336P__seed_8_1763344785
2039808,1-Training-Losses/explained_variance,0.3096733093261719,Pong1PCB2L336P__seed_8_1763344785
2043904,1-Training-Losses/explained_variance,0.4018098711967468,Pong1PCB2L336P__seed_8_1763344785
2048000,1-Training-Losses/explained_variance,0.4254709482192993,Pong1PCB2L336P__seed_8_1763344785
2052096,1-Training-Losses/explained_variance,0.3204251527786255,Pong1PCB2L336P__seed_8_1763344785
2056192,1-Training-Losses/explained_variance,0.10706031322479248,Pong1PCB2L336P__seed_8_1763344785
2060288,1-Training-Losses/explained_variance,0.11548614501953125,Pong1PCB2L336P__seed_8_1763344785
2064384,1-Training-Losses/explained_variance,0.18660086393356323,Pong1PCB2L336P__seed_8_1763344785
2068480,1-Training-Losses/explained_variance,0.0801389217376709,Pong1PCB2L336P__seed_8_1763344785
2072576,1-Training-Losses/explained_variance,0.1329948902130127,Pong1PCB2L336P__seed_8_1763344785
2076672,1-Training-Losses/explained_variance,0.017187774181365967,Pong1PCB2L336P__seed_8_1763344785
2080768,1-Training-Losses/explained_variance,-0.0879441499710083,Pong1PCB2L336P__seed_8_1763344785
2084864,1-Training-Losses/explained_variance,0.3374808430671692,Pong1PCB2L336P__seed_8_1763344785
2088960,1-Training-Losses/explained_variance,-0.10084366798400879,Pong1PCB2L336P__seed_8_1763344785
2093056,1-Training-Losses/explained_variance,0.21213984489440918,Pong1PCB2L336P__seed_8_1763344785
2097152,1-Training-Losses/explained_variance,0.19239431619644165,Pong1PCB2L336P__seed_8_1763344785
2101248,1-Training-Losses/explained_variance,0.12127435207366943,Pong1PCB2L336P__seed_8_1763344785
2105344,1-Training-Losses/explained_variance,0.19686967134475708,Pong1PCB2L336P__seed_8_1763344785
2109440,1-Training-Losses/explained_variance,0.21933794021606445,Pong1PCB2L336P__seed_8_1763344785
2113536,1-Training-Losses/explained_variance,0.14469856023788452,Pong1PCB2L336P__seed_8_1763344785
2117632,1-Training-Losses/explained_variance,0.09482324123382568,Pong1PCB2L336P__seed_8_1763344785
2121728,1-Training-Losses/explained_variance,0.17122602462768555,Pong1PCB2L336P__seed_8_1763344785
2125824,1-Training-Losses/explained_variance,-0.1618133783340454,Pong1PCB2L336P__seed_8_1763344785
2129920,1-Training-Losses/explained_variance,0.04982101917266846,Pong1PCB2L336P__seed_8_1763344785
2134016,1-Training-Losses/explained_variance,0.20480471849441528,Pong1PCB2L336P__seed_8_1763344785
2138112,1-Training-Losses/explained_variance,0.2130565047264099,Pong1PCB2L336P__seed_8_1763344785
2142208,1-Training-Losses/explained_variance,0.06137895584106445,Pong1PCB2L336P__seed_8_1763344785
2146304,1-Training-Losses/explained_variance,0.057694852352142334,Pong1PCB2L336P__seed_8_1763344785
2150400,1-Training-Losses/explained_variance,0.2368173599243164,Pong1PCB2L336P__seed_8_1763344785
2154496,1-Training-Losses/explained_variance,0.120993971824646,Pong1PCB2L336P__seed_8_1763344785
2158592,1-Training-Losses/explained_variance,-0.03647732734680176,Pong1PCB2L336P__seed_8_1763344785
2162688,1-Training-Losses/explained_variance,0.2666914463043213,Pong1PCB2L336P__seed_8_1763344785
2166784,1-Training-Losses/explained_variance,0.1321510672569275,Pong1PCB2L336P__seed_8_1763344785
2170880,1-Training-Losses/explained_variance,0.21627908945083618,Pong1PCB2L336P__seed_8_1763344785
2174976,1-Training-Losses/explained_variance,0.15595030784606934,Pong1PCB2L336P__seed_8_1763344785
2179072,1-Training-Losses/explained_variance,-0.03533923625946045,Pong1PCB2L336P__seed_8_1763344785
2183168,1-Training-Losses/explained_variance,0.07419157028198242,Pong1PCB2L336P__seed_8_1763344785
2187264,1-Training-Losses/explained_variance,0.20251983404159546,Pong1PCB2L336P__seed_8_1763344785
2191360,1-Training-Losses/explained_variance,-0.125014066696167,Pong1PCB2L336P__seed_8_1763344785
2195456,1-Training-Losses/explained_variance,0.2622525691986084,Pong1PCB2L336P__seed_8_1763344785
2199552,1-Training-Losses/explained_variance,0.11597692966461182,Pong1PCB2L336P__seed_8_1763344785
2203648,1-Training-Losses/explained_variance,0.1411803960800171,Pong1PCB2L336P__seed_8_1763344785
2207744,1-Training-Losses/explained_variance,0.07434147596359253,Pong1PCB2L336P__seed_8_1763344785
2211840,1-Training-Losses/explained_variance,0.10459846258163452,Pong1PCB2L336P__seed_8_1763344785
2215936,1-Training-Losses/explained_variance,0.2257399559020996,Pong1PCB2L336P__seed_8_1763344785
2220032,1-Training-Losses/explained_variance,0.14319968223571777,Pong1PCB2L336P__seed_8_1763344785
2224128,1-Training-Losses/explained_variance,-0.014558911323547363,Pong1PCB2L336P__seed_8_1763344785
2228224,1-Training-Losses/explained_variance,-0.09528625011444092,Pong1PCB2L336P__seed_8_1763344785
2232320,1-Training-Losses/explained_variance,0.11068528890609741,Pong1PCB2L336P__seed_8_1763344785
2236416,1-Training-Losses/explained_variance,0.08443576097488403,Pong1PCB2L336P__seed_8_1763344785
2240512,1-Training-Losses/explained_variance,-0.14456796646118164,Pong1PCB2L336P__seed_8_1763344785
2244608,1-Training-Losses/explained_variance,0.18549436330795288,Pong1PCB2L336P__seed_8_1763344785
2248704,1-Training-Losses/explained_variance,0.07796591520309448,Pong1PCB2L336P__seed_8_1763344785
2252800,1-Training-Losses/explained_variance,0.03907555341720581,Pong1PCB2L336P__seed_8_1763344785
2256896,1-Training-Losses/explained_variance,0.12834656238555908,Pong1PCB2L336P__seed_8_1763344785
2260992,1-Training-Losses/explained_variance,0.1563614010810852,Pong1PCB2L336P__seed_8_1763344785
2265088,1-Training-Losses/explained_variance,0.025941967964172363,Pong1PCB2L336P__seed_8_1763344785
2269184,1-Training-Losses/explained_variance,0.3135431408882141,Pong1PCB2L336P__seed_8_1763344785
2273280,1-Training-Losses/explained_variance,0.09209483861923218,Pong1PCB2L336P__seed_8_1763344785
2277376,1-Training-Losses/explained_variance,0.061800360679626465,Pong1PCB2L336P__seed_8_1763344785
2281472,1-Training-Losses/explained_variance,0.060060322284698486,Pong1PCB2L336P__seed_8_1763344785
2285568,1-Training-Losses/explained_variance,0.24542361497879028,Pong1PCB2L336P__seed_8_1763344785
2289664,1-Training-Losses/explained_variance,0.15037649869918823,Pong1PCB2L336P__seed_8_1763344785
2293760,1-Training-Losses/explained_variance,0.08460402488708496,Pong1PCB2L336P__seed_8_1763344785
2297856,1-Training-Losses/explained_variance,0.06560850143432617,Pong1PCB2L336P__seed_8_1763344785
2301952,1-Training-Losses/explained_variance,0.05383586883544922,Pong1PCB2L336P__seed_8_1763344785
2306048,1-Training-Losses/explained_variance,0.21360868215560913,Pong1PCB2L336P__seed_8_1763344785
2310144,1-Training-Losses/explained_variance,0.1678522825241089,Pong1PCB2L336P__seed_8_1763344785
2314240,1-Training-Losses/explained_variance,0.28106677532196045,Pong1PCB2L336P__seed_8_1763344785
2318336,1-Training-Losses/explained_variance,-0.03335988521575928,Pong1PCB2L336P__seed_8_1763344785
2322432,1-Training-Losses/explained_variance,0.1262880563735962,Pong1PCB2L336P__seed_8_1763344785
2326528,1-Training-Losses/explained_variance,0.19564580917358398,Pong1PCB2L336P__seed_8_1763344785
2330624,1-Training-Losses/explained_variance,0.05724787712097168,Pong1PCB2L336P__seed_8_1763344785
2334720,1-Training-Losses/explained_variance,0.11913961172103882,Pong1PCB2L336P__seed_8_1763344785
2338816,1-Training-Losses/explained_variance,0.09152328968048096,Pong1PCB2L336P__seed_8_1763344785
2342912,1-Training-Losses/explained_variance,0.2292303442955017,Pong1PCB2L336P__seed_8_1763344785
2347008,1-Training-Losses/explained_variance,0.10423272848129272,Pong1PCB2L336P__seed_8_1763344785
2351104,1-Training-Losses/explained_variance,0.056355953216552734,Pong1PCB2L336P__seed_8_1763344785
2355200,1-Training-Losses/explained_variance,0.0544620156288147,Pong1PCB2L336P__seed_8_1763344785
2359296,1-Training-Losses/explained_variance,-0.0348353385925293,Pong1PCB2L336P__seed_8_1763344785
2363392,1-Training-Losses/explained_variance,0.13689565658569336,Pong1PCB2L336P__seed_8_1763344785
2367488,1-Training-Losses/explained_variance,-0.023984432220458984,Pong1PCB2L336P__seed_8_1763344785
2371584,1-Training-Losses/explained_variance,0.04101097583770752,Pong1PCB2L336P__seed_8_1763344785
2375680,1-Training-Losses/explained_variance,0.030464887619018555,Pong1PCB2L336P__seed_8_1763344785
2379776,1-Training-Losses/explained_variance,0.14532721042633057,Pong1PCB2L336P__seed_8_1763344785
2383872,1-Training-Losses/explained_variance,0.013069629669189453,Pong1PCB2L336P__seed_8_1763344785
2387968,1-Training-Losses/explained_variance,-0.02914249897003174,Pong1PCB2L336P__seed_8_1763344785
2392064,1-Training-Losses/explained_variance,0.028717994689941406,Pong1PCB2L336P__seed_8_1763344785
2396160,1-Training-Losses/explained_variance,0.21334397792816162,Pong1PCB2L336P__seed_8_1763344785
2400256,1-Training-Losses/explained_variance,0.09115093946456909,Pong1PCB2L336P__seed_8_1763344785
2404352,1-Training-Losses/explained_variance,-0.07985472679138184,Pong1PCB2L336P__seed_8_1763344785
2408448,1-Training-Losses/explained_variance,0.023775339126586914,Pong1PCB2L336P__seed_8_1763344785
2412544,1-Training-Losses/explained_variance,0.05986279249191284,Pong1PCB2L336P__seed_8_1763344785
2416640,1-Training-Losses/explained_variance,0.15754622220993042,Pong1PCB2L336P__seed_8_1763344785
2420736,1-Training-Losses/explained_variance,0.15719056129455566,Pong1PCB2L336P__seed_8_1763344785
2424832,1-Training-Losses/explained_variance,0.08699780702590942,Pong1PCB2L336P__seed_8_1763344785
2428928,1-Training-Losses/explained_variance,0.027790069580078125,Pong1PCB2L336P__seed_8_1763344785
2433024,1-Training-Losses/explained_variance,0.04210156202316284,Pong1PCB2L336P__seed_8_1763344785
2437120,1-Training-Losses/explained_variance,0.14509636163711548,Pong1PCB2L336P__seed_8_1763344785
2441216,1-Training-Losses/explained_variance,0.0012691020965576172,Pong1PCB2L336P__seed_8_1763344785
2445312,1-Training-Losses/explained_variance,0.03132665157318115,Pong1PCB2L336P__seed_8_1763344785
2449408,1-Training-Losses/explained_variance,0.19769781827926636,Pong1PCB2L336P__seed_8_1763344785
2453504,1-Training-Losses/explained_variance,0.10927331447601318,Pong1PCB2L336P__seed_8_1763344785
2457600,1-Training-Losses/explained_variance,0.20443618297576904,Pong1PCB2L336P__seed_8_1763344785
2461696,1-Training-Losses/explained_variance,0.01732581853866577,Pong1PCB2L336P__seed_8_1763344785
2465792,1-Training-Losses/explained_variance,0.04069674015045166,Pong1PCB2L336P__seed_8_1763344785
2469888,1-Training-Losses/explained_variance,0.016551077365875244,Pong1PCB2L336P__seed_8_1763344785
2473984,1-Training-Losses/explained_variance,0.1294931173324585,Pong1PCB2L336P__seed_8_1763344785
2478080,1-Training-Losses/explained_variance,0.023895323276519775,Pong1PCB2L336P__seed_8_1763344785
2482176,1-Training-Losses/explained_variance,0.26740145683288574,Pong1PCB2L336P__seed_8_1763344785
2486272,1-Training-Losses/explained_variance,0.1585868000984192,Pong1PCB2L336P__seed_8_1763344785
2490368,1-Training-Losses/explained_variance,0.07487601041793823,Pong1PCB2L336P__seed_8_1763344785
2494464,1-Training-Losses/explained_variance,0.12920039892196655,Pong1PCB2L336P__seed_8_1763344785
2498560,1-Training-Losses/explained_variance,0.17228221893310547,Pong1PCB2L336P__seed_8_1763344785
2502656,1-Training-Losses/explained_variance,0.14849305152893066,Pong1PCB2L336P__seed_8_1763344785
2506752,1-Training-Losses/explained_variance,0.07808834314346313,Pong1PCB2L336P__seed_8_1763344785
2510848,1-Training-Losses/explained_variance,0.24823349714279175,Pong1PCB2L336P__seed_8_1763344785
2514944,1-Training-Losses/explained_variance,0.13037270307540894,Pong1PCB2L336P__seed_8_1763344785
2519040,1-Training-Losses/explained_variance,0.12225693464279175,Pong1PCB2L336P__seed_8_1763344785
2523136,1-Training-Losses/explained_variance,0.12123298645019531,Pong1PCB2L336P__seed_8_1763344785
2527232,1-Training-Losses/explained_variance,0.19455474615097046,Pong1PCB2L336P__seed_8_1763344785
2531328,1-Training-Losses/explained_variance,0.1315934658050537,Pong1PCB2L336P__seed_8_1763344785
2535424,1-Training-Losses/explained_variance,0.11953401565551758,Pong1PCB2L336P__seed_8_1763344785
2539520,1-Training-Losses/explained_variance,0.06219202280044556,Pong1PCB2L336P__seed_8_1763344785
2543616,1-Training-Losses/explained_variance,0.006251394748687744,Pong1PCB2L336P__seed_8_1763344785
2547712,1-Training-Losses/explained_variance,0.14288824796676636,Pong1PCB2L336P__seed_8_1763344785
2551808,1-Training-Losses/explained_variance,0.1099398136138916,Pong1PCB2L336P__seed_8_1763344785
2555904,1-Training-Losses/explained_variance,0.1514192819595337,Pong1PCB2L336P__seed_8_1763344785
2560000,1-Training-Losses/explained_variance,0.12179350852966309,Pong1PCB2L336P__seed_8_1763344785
2564096,1-Training-Losses/explained_variance,-0.019757390022277832,Pong1PCB2L336P__seed_8_1763344785
2568192,1-Training-Losses/explained_variance,0.04587435722351074,Pong1PCB2L336P__seed_8_1763344785
2572288,1-Training-Losses/explained_variance,0.2294343113899231,Pong1PCB2L336P__seed_8_1763344785
2576384,1-Training-Losses/explained_variance,0.20469534397125244,Pong1PCB2L336P__seed_8_1763344785
2580480,1-Training-Losses/explained_variance,0.051148176193237305,Pong1PCB2L336P__seed_8_1763344785
2584576,1-Training-Losses/explained_variance,0.0597766637802124,Pong1PCB2L336P__seed_8_1763344785
2588672,1-Training-Losses/explained_variance,0.28616607189178467,Pong1PCB2L336P__seed_8_1763344785
2592768,1-Training-Losses/explained_variance,0.18320715427398682,Pong1PCB2L336P__seed_8_1763344785
2596864,1-Training-Losses/explained_variance,0.17180103063583374,Pong1PCB2L336P__seed_8_1763344785
2600960,1-Training-Losses/explained_variance,0.13976705074310303,Pong1PCB2L336P__seed_8_1763344785
2605056,1-Training-Losses/explained_variance,0.14301377534866333,Pong1PCB2L336P__seed_8_1763344785
2609152,1-Training-Losses/explained_variance,0.10138070583343506,Pong1PCB2L336P__seed_8_1763344785
2613248,1-Training-Losses/explained_variance,0.11032354831695557,Pong1PCB2L336P__seed_8_1763344785
2617344,1-Training-Losses/explained_variance,0.20919090509414673,Pong1PCB2L336P__seed_8_1763344785
2621440,1-Training-Losses/explained_variance,0.10551124811172485,Pong1PCB2L336P__seed_8_1763344785
2625536,1-Training-Losses/explained_variance,0.26071661710739136,Pong1PCB2L336P__seed_8_1763344785
2629632,1-Training-Losses/explained_variance,0.10857498645782471,Pong1PCB2L336P__seed_8_1763344785
2633728,1-Training-Losses/explained_variance,0.1594386100769043,Pong1PCB2L336P__seed_8_1763344785
2637824,1-Training-Losses/explained_variance,0.10671544075012207,Pong1PCB2L336P__seed_8_1763344785
2641920,1-Training-Losses/explained_variance,0.1500227451324463,Pong1PCB2L336P__seed_8_1763344785
2646016,1-Training-Losses/explained_variance,0.14568334817886353,Pong1PCB2L336P__seed_8_1763344785
2650112,1-Training-Losses/explained_variance,0.07629108428955078,Pong1PCB2L336P__seed_8_1763344785
2654208,1-Training-Losses/explained_variance,0.16171735525131226,Pong1PCB2L336P__seed_8_1763344785
2658304,1-Training-Losses/explained_variance,0.06908339262008667,Pong1PCB2L336P__seed_8_1763344785
2662400,1-Training-Losses/explained_variance,0.003831803798675537,Pong1PCB2L336P__seed_8_1763344785
2666496,1-Training-Losses/explained_variance,0.10999143123626709,Pong1PCB2L336P__seed_8_1763344785
2670592,1-Training-Losses/explained_variance,0.01847243309020996,Pong1PCB2L336P__seed_8_1763344785
2674688,1-Training-Losses/explained_variance,0.07770240306854248,Pong1PCB2L336P__seed_8_1763344785
2678784,1-Training-Losses/explained_variance,0.11607390642166138,Pong1PCB2L336P__seed_8_1763344785
2682880,1-Training-Losses/explained_variance,0.12316298484802246,Pong1PCB2L336P__seed_8_1763344785
2686976,1-Training-Losses/explained_variance,0.2368428111076355,Pong1PCB2L336P__seed_8_1763344785
2691072,1-Training-Losses/explained_variance,0.22893643379211426,Pong1PCB2L336P__seed_8_1763344785
2695168,1-Training-Losses/explained_variance,0.11552053689956665,Pong1PCB2L336P__seed_8_1763344785
2699264,1-Training-Losses/explained_variance,0.14713317155838013,Pong1PCB2L336P__seed_8_1763344785
2703360,1-Training-Losses/explained_variance,0.1808110475540161,Pong1PCB2L336P__seed_8_1763344785
2707456,1-Training-Losses/explained_variance,0.2862176299095154,Pong1PCB2L336P__seed_8_1763344785
2711552,1-Training-Losses/explained_variance,0.2920073866844177,Pong1PCB2L336P__seed_8_1763344785
2715648,1-Training-Losses/explained_variance,-0.04115653038024902,Pong1PCB2L336P__seed_8_1763344785
2719744,1-Training-Losses/explained_variance,0.06046980619430542,Pong1PCB2L336P__seed_8_1763344785
2723840,1-Training-Losses/explained_variance,0.07601410150527954,Pong1PCB2L336P__seed_8_1763344785
2727936,1-Training-Losses/explained_variance,0.2294459342956543,Pong1PCB2L336P__seed_8_1763344785
2732032,1-Training-Losses/explained_variance,0.1178433895111084,Pong1PCB2L336P__seed_8_1763344785
2736128,1-Training-Losses/explained_variance,0.054504454135894775,Pong1PCB2L336P__seed_8_1763344785
2740224,1-Training-Losses/explained_variance,0.27089935541152954,Pong1PCB2L336P__seed_8_1763344785
2744320,1-Training-Losses/explained_variance,0.19099313020706177,Pong1PCB2L336P__seed_8_1763344785
2748416,1-Training-Losses/explained_variance,0.1773695945739746,Pong1PCB2L336P__seed_8_1763344785
2752512,1-Training-Losses/explained_variance,0.17299813032150269,Pong1PCB2L336P__seed_8_1763344785
2756608,1-Training-Losses/explained_variance,0.07054364681243896,Pong1PCB2L336P__seed_8_1763344785
2760704,1-Training-Losses/explained_variance,0.08609336614608765,Pong1PCB2L336P__seed_8_1763344785
2764800,1-Training-Losses/explained_variance,0.11932116746902466,Pong1PCB2L336P__seed_8_1763344785
2768896,1-Training-Losses/explained_variance,0.10238814353942871,Pong1PCB2L336P__seed_8_1763344785
2772992,1-Training-Losses/explained_variance,0.139451801776886,Pong1PCB2L336P__seed_8_1763344785
2777088,1-Training-Losses/explained_variance,0.1316589117050171,Pong1PCB2L336P__seed_8_1763344785
2781184,1-Training-Losses/explained_variance,0.13468831777572632,Pong1PCB2L336P__seed_8_1763344785
2785280,1-Training-Losses/explained_variance,0.21837425231933594,Pong1PCB2L336P__seed_8_1763344785
2789376,1-Training-Losses/explained_variance,0.1535428762435913,Pong1PCB2L336P__seed_8_1763344785
2793472,1-Training-Losses/explained_variance,0.2522919774055481,Pong1PCB2L336P__seed_8_1763344785
2797568,1-Training-Losses/explained_variance,0.20180010795593262,Pong1PCB2L336P__seed_8_1763344785
2801664,1-Training-Losses/explained_variance,0.07514333724975586,Pong1PCB2L336P__seed_8_1763344785
2805760,1-Training-Losses/explained_variance,0.1327763795852661,Pong1PCB2L336P__seed_8_1763344785
2809856,1-Training-Losses/explained_variance,0.2435186505317688,Pong1PCB2L336P__seed_8_1763344785
2813952,1-Training-Losses/explained_variance,0.19771623611450195,Pong1PCB2L336P__seed_8_1763344785
2818048,1-Training-Losses/explained_variance,0.1349906325340271,Pong1PCB2L336P__seed_8_1763344785
2822144,1-Training-Losses/explained_variance,0.1400122046470642,Pong1PCB2L336P__seed_8_1763344785
2826240,1-Training-Losses/explained_variance,0.22323960065841675,Pong1PCB2L336P__seed_8_1763344785
2830336,1-Training-Losses/explained_variance,0.10809344053268433,Pong1PCB2L336P__seed_8_1763344785
2834432,1-Training-Losses/explained_variance,0.15027344226837158,Pong1PCB2L336P__seed_8_1763344785
2838528,1-Training-Losses/explained_variance,0.1590321660041809,Pong1PCB2L336P__seed_8_1763344785
2842624,1-Training-Losses/explained_variance,0.018549203872680664,Pong1PCB2L336P__seed_8_1763344785
2846720,1-Training-Losses/explained_variance,0.16048681735992432,Pong1PCB2L336P__seed_8_1763344785
2850816,1-Training-Losses/explained_variance,0.12319391965866089,Pong1PCB2L336P__seed_8_1763344785
2854912,1-Training-Losses/explained_variance,0.11340945959091187,Pong1PCB2L336P__seed_8_1763344785
2859008,1-Training-Losses/explained_variance,0.033727943897247314,Pong1PCB2L336P__seed_8_1763344785
2863104,1-Training-Losses/explained_variance,0.23708826303482056,Pong1PCB2L336P__seed_8_1763344785
2867200,1-Training-Losses/explained_variance,0.18903368711471558,Pong1PCB2L336P__seed_8_1763344785
2871296,1-Training-Losses/explained_variance,0.11110872030258179,Pong1PCB2L336P__seed_8_1763344785
2875392,1-Training-Losses/explained_variance,0.12564212083816528,Pong1PCB2L336P__seed_8_1763344785
2879488,1-Training-Losses/explained_variance,0.1402772068977356,Pong1PCB2L336P__seed_8_1763344785
2883584,1-Training-Losses/explained_variance,0.10590440034866333,Pong1PCB2L336P__seed_8_1763344785
2887680,1-Training-Losses/explained_variance,0.11264818906784058,Pong1PCB2L336P__seed_8_1763344785
2891776,1-Training-Losses/explained_variance,0.1977136731147766,Pong1PCB2L336P__seed_8_1763344785
2895872,1-Training-Losses/explained_variance,0.21428018808364868,Pong1PCB2L336P__seed_8_1763344785
2899968,1-Training-Losses/explained_variance,0.18074554204940796,Pong1PCB2L336P__seed_8_1763344785
2904064,1-Training-Losses/explained_variance,0.21572524309158325,Pong1PCB2L336P__seed_8_1763344785
2908160,1-Training-Losses/explained_variance,0.19743162393569946,Pong1PCB2L336P__seed_8_1763344785
2912256,1-Training-Losses/explained_variance,0.16223114728927612,Pong1PCB2L336P__seed_8_1763344785
2916352,1-Training-Losses/explained_variance,0.19559741020202637,Pong1PCB2L336P__seed_8_1763344785
2920448,1-Training-Losses/explained_variance,0.1209685206413269,Pong1PCB2L336P__seed_8_1763344785
2924544,1-Training-Losses/explained_variance,0.2242218255996704,Pong1PCB2L336P__seed_8_1763344785
2928640,1-Training-Losses/explained_variance,0.22704839706420898,Pong1PCB2L336P__seed_8_1763344785
2932736,1-Training-Losses/explained_variance,0.15661942958831787,Pong1PCB2L336P__seed_8_1763344785
2936832,1-Training-Losses/explained_variance,0.03634446859359741,Pong1PCB2L336P__seed_8_1763344785
2940928,1-Training-Losses/explained_variance,0.04796028137207031,Pong1PCB2L336P__seed_8_1763344785
2945024,1-Training-Losses/explained_variance,0.20782846212387085,Pong1PCB2L336P__seed_8_1763344785
2949120,1-Training-Losses/explained_variance,0.14601677656173706,Pong1PCB2L336P__seed_8_1763344785
2953216,1-Training-Losses/explained_variance,0.20831066370010376,Pong1PCB2L336P__seed_8_1763344785
2957312,1-Training-Losses/explained_variance,0.19158631563186646,Pong1PCB2L336P__seed_8_1763344785
2961408,1-Training-Losses/explained_variance,0.21342206001281738,Pong1PCB2L336P__seed_8_1763344785
2965504,1-Training-Losses/explained_variance,0.07585185766220093,Pong1PCB2L336P__seed_8_1763344785
2969600,1-Training-Losses/explained_variance,0.19535446166992188,Pong1PCB2L336P__seed_8_1763344785
2973696,1-Training-Losses/explained_variance,0.2569435238838196,Pong1PCB2L336P__seed_8_1763344785
2977792,1-Training-Losses/explained_variance,0.2428913712501526,Pong1PCB2L336P__seed_8_1763344785
2981888,1-Training-Losses/explained_variance,0.23510783910751343,Pong1PCB2L336P__seed_8_1763344785
2985984,1-Training-Losses/explained_variance,0.18647778034210205,Pong1PCB2L336P__seed_8_1763344785
2990080,1-Training-Losses/explained_variance,0.15657895803451538,Pong1PCB2L336P__seed_8_1763344785
2994176,1-Training-Losses/explained_variance,0.18415015935897827,Pong1PCB2L336P__seed_8_1763344785
2998272,1-Training-Losses/explained_variance,0.14519590139389038,Pong1PCB2L336P__seed_8_1763344785
3002368,1-Training-Losses/explained_variance,0.15089136362075806,Pong1PCB2L336P__seed_8_1763344785
3006464,1-Training-Losses/explained_variance,0.18374329805374146,Pong1PCB2L336P__seed_8_1763344785
3010560,1-Training-Losses/explained_variance,0.13810878992080688,Pong1PCB2L336P__seed_8_1763344785
3014656,1-Training-Losses/explained_variance,0.3025699853897095,Pong1PCB2L336P__seed_8_1763344785
3018752,1-Training-Losses/explained_variance,0.2501612901687622,Pong1PCB2L336P__seed_8_1763344785
3022848,1-Training-Losses/explained_variance,0.23068028688430786,Pong1PCB2L336P__seed_8_1763344785
3026944,1-Training-Losses/explained_variance,0.15611422061920166,Pong1PCB2L336P__seed_8_1763344785
3031040,1-Training-Losses/explained_variance,0.23993510007858276,Pong1PCB2L336P__seed_8_1763344785
3035136,1-Training-Losses/explained_variance,0.18022650480270386,Pong1PCB2L336P__seed_8_1763344785
3039232,1-Training-Losses/explained_variance,0.0978739857673645,Pong1PCB2L336P__seed_8_1763344785
3043328,1-Training-Losses/explained_variance,0.26312994956970215,Pong1PCB2L336P__seed_8_1763344785
3047424,1-Training-Losses/explained_variance,0.22508984804153442,Pong1PCB2L336P__seed_8_1763344785
3051520,1-Training-Losses/explained_variance,0.1736028790473938,Pong1PCB2L336P__seed_8_1763344785
3055616,1-Training-Losses/explained_variance,0.1392309069633484,Pong1PCB2L336P__seed_8_1763344785
3059712,1-Training-Losses/explained_variance,0.1812072992324829,Pong1PCB2L336P__seed_8_1763344785
3063808,1-Training-Losses/explained_variance,0.3856405019760132,Pong1PCB2L336P__seed_8_1763344785
3067904,1-Training-Losses/explained_variance,0.23166155815124512,Pong1PCB2L336P__seed_8_1763344785
3072000,1-Training-Losses/explained_variance,0.18751782178878784,Pong1PCB2L336P__seed_8_1763344785
3076096,1-Training-Losses/explained_variance,0.22476059198379517,Pong1PCB2L336P__seed_8_1763344785
3080192,1-Training-Losses/explained_variance,0.2074488401412964,Pong1PCB2L336P__seed_8_1763344785
3084288,1-Training-Losses/explained_variance,0.20272845029830933,Pong1PCB2L336P__seed_8_1763344785
3088384,1-Training-Losses/explained_variance,0.24097895622253418,Pong1PCB2L336P__seed_8_1763344785
3092480,1-Training-Losses/explained_variance,0.13194072246551514,Pong1PCB2L336P__seed_8_1763344785
3096576,1-Training-Losses/explained_variance,0.16111212968826294,Pong1PCB2L336P__seed_8_1763344785
3100672,1-Training-Losses/explained_variance,0.13547277450561523,Pong1PCB2L336P__seed_8_1763344785
3104768,1-Training-Losses/explained_variance,0.23347008228302002,Pong1PCB2L336P__seed_8_1763344785
3108864,1-Training-Losses/explained_variance,0.2838130593299866,Pong1PCB2L336P__seed_8_1763344785
3112960,1-Training-Losses/explained_variance,0.121090829372406,Pong1PCB2L336P__seed_8_1763344785
3117056,1-Training-Losses/explained_variance,0.2406039834022522,Pong1PCB2L336P__seed_8_1763344785
3121152,1-Training-Losses/explained_variance,0.13478082418441772,Pong1PCB2L336P__seed_8_1763344785
3125248,1-Training-Losses/explained_variance,0.1379680633544922,Pong1PCB2L336P__seed_8_1763344785
3129344,1-Training-Losses/explained_variance,0.19363778829574585,Pong1PCB2L336P__seed_8_1763344785
3133440,1-Training-Losses/explained_variance,0.18564218282699585,Pong1PCB2L336P__seed_8_1763344785
3137536,1-Training-Losses/explained_variance,0.22611266374588013,Pong1PCB2L336P__seed_8_1763344785
3141632,1-Training-Losses/explained_variance,0.3068283796310425,Pong1PCB2L336P__seed_8_1763344785
3145728,1-Training-Losses/explained_variance,0.2488318681716919,Pong1PCB2L336P__seed_8_1763344785
3149824,1-Training-Losses/explained_variance,0.2524293065071106,Pong1PCB2L336P__seed_8_1763344785
3153920,1-Training-Losses/explained_variance,0.2789759635925293,Pong1PCB2L336P__seed_8_1763344785
3158016,1-Training-Losses/explained_variance,0.23050695657730103,Pong1PCB2L336P__seed_8_1763344785
3162112,1-Training-Losses/explained_variance,0.25390952825546265,Pong1PCB2L336P__seed_8_1763344785
3166208,1-Training-Losses/explained_variance,0.2980004549026489,Pong1PCB2L336P__seed_8_1763344785
3170304,1-Training-Losses/explained_variance,0.20705515146255493,Pong1PCB2L336P__seed_8_1763344785
3174400,1-Training-Losses/explained_variance,0.24887895584106445,Pong1PCB2L336P__seed_8_1763344785
3178496,1-Training-Losses/explained_variance,0.17688143253326416,Pong1PCB2L336P__seed_8_1763344785
3182592,1-Training-Losses/explained_variance,0.2046559453010559,Pong1PCB2L336P__seed_8_1763344785
3186688,1-Training-Losses/explained_variance,0.20805871486663818,Pong1PCB2L336P__seed_8_1763344785
3190784,1-Training-Losses/explained_variance,0.18866342306137085,Pong1PCB2L336P__seed_8_1763344785
3194880,1-Training-Losses/explained_variance,0.2034146785736084,Pong1PCB2L336P__seed_8_1763344785
3198976,1-Training-Losses/explained_variance,0.18152540922164917,Pong1PCB2L336P__seed_8_1763344785
3203072,1-Training-Losses/explained_variance,0.1659519076347351,Pong1PCB2L336P__seed_8_1763344785
3207168,1-Training-Losses/explained_variance,0.20475518703460693,Pong1PCB2L336P__seed_8_1763344785
3211264,1-Training-Losses/explained_variance,0.2541896104812622,Pong1PCB2L336P__seed_8_1763344785
3215360,1-Training-Losses/explained_variance,0.23157495260238647,Pong1PCB2L336P__seed_8_1763344785
3219456,1-Training-Losses/explained_variance,0.20188117027282715,Pong1PCB2L336P__seed_8_1763344785
3223552,1-Training-Losses/explained_variance,0.20930856466293335,Pong1PCB2L336P__seed_8_1763344785
3227648,1-Training-Losses/explained_variance,0.2755471467971802,Pong1PCB2L336P__seed_8_1763344785
3231744,1-Training-Losses/explained_variance,0.26077860593795776,Pong1PCB2L336P__seed_8_1763344785
3235840,1-Training-Losses/explained_variance,0.1435387134552002,Pong1PCB2L336P__seed_8_1763344785
3239936,1-Training-Losses/explained_variance,0.2518330216407776,Pong1PCB2L336P__seed_8_1763344785
3244032,1-Training-Losses/explained_variance,0.20312148332595825,Pong1PCB2L336P__seed_8_1763344785
3248128,1-Training-Losses/explained_variance,0.22026562690734863,Pong1PCB2L336P__seed_8_1763344785
3252224,1-Training-Losses/explained_variance,0.18533378839492798,Pong1PCB2L336P__seed_8_1763344785
3256320,1-Training-Losses/explained_variance,0.2444779872894287,Pong1PCB2L336P__seed_8_1763344785
3260416,1-Training-Losses/explained_variance,0.19967114925384521,Pong1PCB2L336P__seed_8_1763344785
3264512,1-Training-Losses/explained_variance,0.30378806591033936,Pong1PCB2L336P__seed_8_1763344785
3268608,1-Training-Losses/explained_variance,0.1500539779663086,Pong1PCB2L336P__seed_8_1763344785
3272704,1-Training-Losses/explained_variance,0.21045416593551636,Pong1PCB2L336P__seed_8_1763344785
3276800,1-Training-Losses/explained_variance,0.2561088800430298,Pong1PCB2L336P__seed_8_1763344785
3280896,1-Training-Losses/explained_variance,0.3104557991027832,Pong1PCB2L336P__seed_8_1763344785
3284992,1-Training-Losses/explained_variance,0.3193355202674866,Pong1PCB2L336P__seed_8_1763344785
3289088,1-Training-Losses/explained_variance,0.22308391332626343,Pong1PCB2L336P__seed_8_1763344785
3293184,1-Training-Losses/explained_variance,0.24677681922912598,Pong1PCB2L336P__seed_8_1763344785
3297280,1-Training-Losses/explained_variance,0.2380460500717163,Pong1PCB2L336P__seed_8_1763344785
3301376,1-Training-Losses/explained_variance,0.28025519847869873,Pong1PCB2L336P__seed_8_1763344785
3305472,1-Training-Losses/explained_variance,0.23699378967285156,Pong1PCB2L336P__seed_8_1763344785
3309568,1-Training-Losses/explained_variance,0.1416027545928955,Pong1PCB2L336P__seed_8_1763344785
3313664,1-Training-Losses/explained_variance,0.1888156533241272,Pong1PCB2L336P__seed_8_1763344785
3317760,1-Training-Losses/explained_variance,0.2864125370979309,Pong1PCB2L336P__seed_8_1763344785
3321856,1-Training-Losses/explained_variance,0.245069682598114,Pong1PCB2L336P__seed_8_1763344785
3325952,1-Training-Losses/explained_variance,0.2514420747756958,Pong1PCB2L336P__seed_8_1763344785
3330048,1-Training-Losses/explained_variance,0.20719915628433228,Pong1PCB2L336P__seed_8_1763344785
3334144,1-Training-Losses/explained_variance,0.2193775773048401,Pong1PCB2L336P__seed_8_1763344785
3338240,1-Training-Losses/explained_variance,0.2336093783378601,Pong1PCB2L336P__seed_8_1763344785
3342336,1-Training-Losses/explained_variance,0.2905787229537964,Pong1PCB2L336P__seed_8_1763344785
3346432,1-Training-Losses/explained_variance,0.22835439443588257,Pong1PCB2L336P__seed_8_1763344785
3350528,1-Training-Losses/explained_variance,0.20341002941131592,Pong1PCB2L336P__seed_8_1763344785
3354624,1-Training-Losses/explained_variance,0.2003345489501953,Pong1PCB2L336P__seed_8_1763344785
3358720,1-Training-Losses/explained_variance,0.2914135456085205,Pong1PCB2L336P__seed_8_1763344785
3362816,1-Training-Losses/explained_variance,0.23020267486572266,Pong1PCB2L336P__seed_8_1763344785
3366912,1-Training-Losses/explained_variance,0.2823171615600586,Pong1PCB2L336P__seed_8_1763344785
3371008,1-Training-Losses/explained_variance,0.21750998497009277,Pong1PCB2L336P__seed_8_1763344785
3375104,1-Training-Losses/explained_variance,0.22847741842269897,Pong1PCB2L336P__seed_8_1763344785
3379200,1-Training-Losses/explained_variance,0.2439911961555481,Pong1PCB2L336P__seed_8_1763344785
3383296,1-Training-Losses/explained_variance,0.31024038791656494,Pong1PCB2L336P__seed_8_1763344785
3387392,1-Training-Losses/explained_variance,0.19847333431243896,Pong1PCB2L336P__seed_8_1763344785
3391488,1-Training-Losses/explained_variance,0.20375597476959229,Pong1PCB2L336P__seed_8_1763344785
3395584,1-Training-Losses/explained_variance,0.22939640283584595,Pong1PCB2L336P__seed_8_1763344785
3399680,1-Training-Losses/explained_variance,0.2862367033958435,Pong1PCB2L336P__seed_8_1763344785
3403776,1-Training-Losses/explained_variance,0.11998385190963745,Pong1PCB2L336P__seed_8_1763344785
3407872,1-Training-Losses/explained_variance,0.2883283495903015,Pong1PCB2L336P__seed_8_1763344785
3411968,1-Training-Losses/explained_variance,0.23759108781814575,Pong1PCB2L336P__seed_8_1763344785
3416064,1-Training-Losses/explained_variance,0.243635892868042,Pong1PCB2L336P__seed_8_1763344785
3420160,1-Training-Losses/explained_variance,0.2510377764701843,Pong1PCB2L336P__seed_8_1763344785
3424256,1-Training-Losses/explained_variance,0.2529482841491699,Pong1PCB2L336P__seed_8_1763344785
3428352,1-Training-Losses/explained_variance,0.27565038204193115,Pong1PCB2L336P__seed_8_1763344785
3432448,1-Training-Losses/explained_variance,0.23915791511535645,Pong1PCB2L336P__seed_8_1763344785
3436544,1-Training-Losses/explained_variance,0.21897321939468384,Pong1PCB2L336P__seed_8_1763344785
3440640,1-Training-Losses/explained_variance,0.2796860933303833,Pong1PCB2L336P__seed_8_1763344785
3444736,1-Training-Losses/explained_variance,0.30539393424987793,Pong1PCB2L336P__seed_8_1763344785
3448832,1-Training-Losses/explained_variance,0.2957611680030823,Pong1PCB2L336P__seed_8_1763344785
3452928,1-Training-Losses/explained_variance,0.15492022037506104,Pong1PCB2L336P__seed_8_1763344785
3457024,1-Training-Losses/explained_variance,0.19883453845977783,Pong1PCB2L336P__seed_8_1763344785
3461120,1-Training-Losses/explained_variance,0.3027344346046448,Pong1PCB2L336P__seed_8_1763344785
3465216,1-Training-Losses/explained_variance,0.18963176012039185,Pong1PCB2L336P__seed_8_1763344785
3469312,1-Training-Losses/explained_variance,0.1958179473876953,Pong1PCB2L336P__seed_8_1763344785
3473408,1-Training-Losses/explained_variance,0.3385377526283264,Pong1PCB2L336P__seed_8_1763344785
3477504,1-Training-Losses/explained_variance,0.36563169956207275,Pong1PCB2L336P__seed_8_1763344785
3481600,1-Training-Losses/explained_variance,0.2587200403213501,Pong1PCB2L336P__seed_8_1763344785
3485696,1-Training-Losses/explained_variance,0.21152347326278687,Pong1PCB2L336P__seed_8_1763344785
3489792,1-Training-Losses/explained_variance,0.2886698842048645,Pong1PCB2L336P__seed_8_1763344785
3493888,1-Training-Losses/explained_variance,0.26944655179977417,Pong1PCB2L336P__seed_8_1763344785
3497984,1-Training-Losses/explained_variance,0.304337739944458,Pong1PCB2L336P__seed_8_1763344785
3502080,1-Training-Losses/explained_variance,0.30822116136550903,Pong1PCB2L336P__seed_8_1763344785
3506176,1-Training-Losses/explained_variance,0.16210460662841797,Pong1PCB2L336P__seed_8_1763344785
3510272,1-Training-Losses/explained_variance,0.29364413022994995,Pong1PCB2L336P__seed_8_1763344785
3514368,1-Training-Losses/explained_variance,0.3071627616882324,Pong1PCB2L336P__seed_8_1763344785
3518464,1-Training-Losses/explained_variance,0.2538132667541504,Pong1PCB2L336P__seed_8_1763344785
3522560,1-Training-Losses/explained_variance,0.3035309910774231,Pong1PCB2L336P__seed_8_1763344785
3526656,1-Training-Losses/explained_variance,0.3248884677886963,Pong1PCB2L336P__seed_8_1763344785
3530752,1-Training-Losses/explained_variance,0.2701714038848877,Pong1PCB2L336P__seed_8_1763344785
3534848,1-Training-Losses/explained_variance,0.2289820909500122,Pong1PCB2L336P__seed_8_1763344785
3538944,1-Training-Losses/explained_variance,0.3073970079421997,Pong1PCB2L336P__seed_8_1763344785
3543040,1-Training-Losses/explained_variance,0.2626669406890869,Pong1PCB2L336P__seed_8_1763344785
3547136,1-Training-Losses/explained_variance,0.2164597511291504,Pong1PCB2L336P__seed_8_1763344785
3551232,1-Training-Losses/explained_variance,0.2510892152786255,Pong1PCB2L336P__seed_8_1763344785
3555328,1-Training-Losses/explained_variance,0.29361897706985474,Pong1PCB2L336P__seed_8_1763344785
3559424,1-Training-Losses/explained_variance,0.2830870747566223,Pong1PCB2L336P__seed_8_1763344785
3563520,1-Training-Losses/explained_variance,0.26331913471221924,Pong1PCB2L336P__seed_8_1763344785
3567616,1-Training-Losses/explained_variance,0.25405359268188477,Pong1PCB2L336P__seed_8_1763344785
3571712,1-Training-Losses/explained_variance,0.3112255334854126,Pong1PCB2L336P__seed_8_1763344785
3575808,1-Training-Losses/explained_variance,0.3136335015296936,Pong1PCB2L336P__seed_8_1763344785
3579904,1-Training-Losses/explained_variance,0.3185892701148987,Pong1PCB2L336P__seed_8_1763344785
3584000,1-Training-Losses/explained_variance,0.20622241497039795,Pong1PCB2L336P__seed_8_1763344785
3588096,1-Training-Losses/explained_variance,0.2792617082595825,Pong1PCB2L336P__seed_8_1763344785
3592192,1-Training-Losses/explained_variance,0.176247239112854,Pong1PCB2L336P__seed_8_1763344785
3596288,1-Training-Losses/explained_variance,0.2882533073425293,Pong1PCB2L336P__seed_8_1763344785
3600384,1-Training-Losses/explained_variance,0.3670461177825928,Pong1PCB2L336P__seed_8_1763344785
3604480,1-Training-Losses/explained_variance,0.3279903531074524,Pong1PCB2L336P__seed_8_1763344785
3608576,1-Training-Losses/explained_variance,0.3154553174972534,Pong1PCB2L336P__seed_8_1763344785
3612672,1-Training-Losses/explained_variance,0.28935253620147705,Pong1PCB2L336P__seed_8_1763344785
3616768,1-Training-Losses/explained_variance,0.2747393250465393,Pong1PCB2L336P__seed_8_1763344785
3620864,1-Training-Losses/explained_variance,0.17804807424545288,Pong1PCB2L336P__seed_8_1763344785
3624960,1-Training-Losses/explained_variance,0.2659153938293457,Pong1PCB2L336P__seed_8_1763344785
3629056,1-Training-Losses/explained_variance,0.2857707738876343,Pong1PCB2L336P__seed_8_1763344785
3633152,1-Training-Losses/explained_variance,0.27121806144714355,Pong1PCB2L336P__seed_8_1763344785
3637248,1-Training-Losses/explained_variance,0.3184875249862671,Pong1PCB2L336P__seed_8_1763344785
3641344,1-Training-Losses/explained_variance,0.3790621757507324,Pong1PCB2L336P__seed_8_1763344785
3645440,1-Training-Losses/explained_variance,0.2445315718650818,Pong1PCB2L336P__seed_8_1763344785
3649536,1-Training-Losses/explained_variance,0.344510555267334,Pong1PCB2L336P__seed_8_1763344785
3653632,1-Training-Losses/explained_variance,0.23537051677703857,Pong1PCB2L336P__seed_8_1763344785
3657728,1-Training-Losses/explained_variance,0.3331000804901123,Pong1PCB2L336P__seed_8_1763344785
3661824,1-Training-Losses/explained_variance,0.3203856348991394,Pong1PCB2L336P__seed_8_1763344785
3665920,1-Training-Losses/explained_variance,0.2459607720375061,Pong1PCB2L336P__seed_8_1763344785
3670016,1-Training-Losses/explained_variance,0.18555521965026855,Pong1PCB2L336P__seed_8_1763344785
3674112,1-Training-Losses/explained_variance,0.32708221673965454,Pong1PCB2L336P__seed_8_1763344785
3678208,1-Training-Losses/explained_variance,0.36276137828826904,Pong1PCB2L336P__seed_8_1763344785
3682304,1-Training-Losses/explained_variance,0.17377781867980957,Pong1PCB2L336P__seed_8_1763344785
3686400,1-Training-Losses/explained_variance,0.31362056732177734,Pong1PCB2L336P__seed_8_1763344785
3690496,1-Training-Losses/explained_variance,0.36560535430908203,Pong1PCB2L336P__seed_8_1763344785
3694592,1-Training-Losses/explained_variance,0.34714317321777344,Pong1PCB2L336P__seed_8_1763344785
3698688,1-Training-Losses/explained_variance,0.3355240821838379,Pong1PCB2L336P__seed_8_1763344785
3702784,1-Training-Losses/explained_variance,0.3510088324546814,Pong1PCB2L336P__seed_8_1763344785
3706880,1-Training-Losses/explained_variance,0.25414949655532837,Pong1PCB2L336P__seed_8_1763344785
3710976,1-Training-Losses/explained_variance,0.3244639039039612,Pong1PCB2L336P__seed_8_1763344785
3715072,1-Training-Losses/explained_variance,0.2605527639389038,Pong1PCB2L336P__seed_8_1763344785
3719168,1-Training-Losses/explained_variance,0.3425328731536865,Pong1PCB2L336P__seed_8_1763344785
3723264,1-Training-Losses/explained_variance,0.17837142944335938,Pong1PCB2L336P__seed_8_1763344785
3727360,1-Training-Losses/explained_variance,0.2783476710319519,Pong1PCB2L336P__seed_8_1763344785
3731456,1-Training-Losses/explained_variance,0.3856191635131836,Pong1PCB2L336P__seed_8_1763344785
3735552,1-Training-Losses/explained_variance,0.30402523279190063,Pong1PCB2L336P__seed_8_1763344785
3739648,1-Training-Losses/explained_variance,0.3065562844276428,Pong1PCB2L336P__seed_8_1763344785
3743744,1-Training-Losses/explained_variance,0.3124406337738037,Pong1PCB2L336P__seed_8_1763344785
3747840,1-Training-Losses/explained_variance,0.22907298803329468,Pong1PCB2L336P__seed_8_1763344785
3751936,1-Training-Losses/explained_variance,0.3762975335121155,Pong1PCB2L336P__seed_8_1763344785
3756032,1-Training-Losses/explained_variance,0.2749409079551697,Pong1PCB2L336P__seed_8_1763344785
3760128,1-Training-Losses/explained_variance,0.22328978776931763,Pong1PCB2L336P__seed_8_1763344785
3764224,1-Training-Losses/explained_variance,0.241596519947052,Pong1PCB2L336P__seed_8_1763344785
3768320,1-Training-Losses/explained_variance,0.1914900541305542,Pong1PCB2L336P__seed_8_1763344785
3772416,1-Training-Losses/explained_variance,0.28374820947647095,Pong1PCB2L336P__seed_8_1763344785
3776512,1-Training-Losses/explained_variance,0.33234256505966187,Pong1PCB2L336P__seed_8_1763344785
3780608,1-Training-Losses/explained_variance,0.19402581453323364,Pong1PCB2L336P__seed_8_1763344785
3784704,1-Training-Losses/explained_variance,0.30368953943252563,Pong1PCB2L336P__seed_8_1763344785
3788800,1-Training-Losses/explained_variance,0.27583181858062744,Pong1PCB2L336P__seed_8_1763344785
3792896,1-Training-Losses/explained_variance,0.2874794602394104,Pong1PCB2L336P__seed_8_1763344785
3796992,1-Training-Losses/explained_variance,0.28758805990219116,Pong1PCB2L336P__seed_8_1763344785
3801088,1-Training-Losses/explained_variance,0.2996485233306885,Pong1PCB2L336P__seed_8_1763344785
3805184,1-Training-Losses/explained_variance,0.23923468589782715,Pong1PCB2L336P__seed_8_1763344785
3809280,1-Training-Losses/explained_variance,0.2651733160018921,Pong1PCB2L336P__seed_8_1763344785
3813376,1-Training-Losses/explained_variance,0.2703856825828552,Pong1PCB2L336P__seed_8_1763344785
3817472,1-Training-Losses/explained_variance,0.326511025428772,Pong1PCB2L336P__seed_8_1763344785
3821568,1-Training-Losses/explained_variance,0.3952232003211975,Pong1PCB2L336P__seed_8_1763344785
3825664,1-Training-Losses/explained_variance,0.330297589302063,Pong1PCB2L336P__seed_8_1763344785
3829760,1-Training-Losses/explained_variance,0.2985866069793701,Pong1PCB2L336P__seed_8_1763344785
3833856,1-Training-Losses/explained_variance,0.26597291231155396,Pong1PCB2L336P__seed_8_1763344785
3837952,1-Training-Losses/explained_variance,0.2996433973312378,Pong1PCB2L336P__seed_8_1763344785
3842048,1-Training-Losses/explained_variance,0.20882123708724976,Pong1PCB2L336P__seed_8_1763344785
3846144,1-Training-Losses/explained_variance,0.2549598813056946,Pong1PCB2L336P__seed_8_1763344785
3850240,1-Training-Losses/explained_variance,0.30668872594833374,Pong1PCB2L336P__seed_8_1763344785
3854336,1-Training-Losses/explained_variance,0.29846107959747314,Pong1PCB2L336P__seed_8_1763344785
3858432,1-Training-Losses/explained_variance,0.32699334621429443,Pong1PCB2L336P__seed_8_1763344785
3862528,1-Training-Losses/explained_variance,0.21609210968017578,Pong1PCB2L336P__seed_8_1763344785
3866624,1-Training-Losses/explained_variance,0.3094867467880249,Pong1PCB2L336P__seed_8_1763344785
3870720,1-Training-Losses/explained_variance,0.35690706968307495,Pong1PCB2L336P__seed_8_1763344785
3874816,1-Training-Losses/explained_variance,0.3663390278816223,Pong1PCB2L336P__seed_8_1763344785
3878912,1-Training-Losses/explained_variance,0.352250874042511,Pong1PCB2L336P__seed_8_1763344785
3883008,1-Training-Losses/explained_variance,0.2998719811439514,Pong1PCB2L336P__seed_8_1763344785
3887104,1-Training-Losses/explained_variance,0.3041277527809143,Pong1PCB2L336P__seed_8_1763344785
3891200,1-Training-Losses/explained_variance,0.3425143361091614,Pong1PCB2L336P__seed_8_1763344785
3895296,1-Training-Losses/explained_variance,0.31173980236053467,Pong1PCB2L336P__seed_8_1763344785
3899392,1-Training-Losses/explained_variance,0.2730737328529358,Pong1PCB2L336P__seed_8_1763344785
3903488,1-Training-Losses/explained_variance,0.36822837591171265,Pong1PCB2L336P__seed_8_1763344785
3907584,1-Training-Losses/explained_variance,0.3670575022697449,Pong1PCB2L336P__seed_8_1763344785
3911680,1-Training-Losses/explained_variance,0.3444993495941162,Pong1PCB2L336P__seed_8_1763344785
3915776,1-Training-Losses/explained_variance,0.2659718990325928,Pong1PCB2L336P__seed_8_1763344785
3919872,1-Training-Losses/explained_variance,0.277299702167511,Pong1PCB2L336P__seed_8_1763344785
3923968,1-Training-Losses/explained_variance,0.372775137424469,Pong1PCB2L336P__seed_8_1763344785
3928064,1-Training-Losses/explained_variance,0.32894080877304077,Pong1PCB2L336P__seed_8_1763344785
3932160,1-Training-Losses/explained_variance,0.3274744749069214,Pong1PCB2L336P__seed_8_1763344785
3936256,1-Training-Losses/explained_variance,0.36017346382141113,Pong1PCB2L336P__seed_8_1763344785
3940352,1-Training-Losses/explained_variance,0.31302374601364136,Pong1PCB2L336P__seed_8_1763344785
3944448,1-Training-Losses/explained_variance,0.2822721600532532,Pong1PCB2L336P__seed_8_1763344785
3948544,1-Training-Losses/explained_variance,0.3640308380126953,Pong1PCB2L336P__seed_8_1763344785
3952640,1-Training-Losses/explained_variance,0.2832795977592468,Pong1PCB2L336P__seed_8_1763344785
3956736,1-Training-Losses/explained_variance,0.3549565076828003,Pong1PCB2L336P__seed_8_1763344785
3960832,1-Training-Losses/explained_variance,0.34491610527038574,Pong1PCB2L336P__seed_8_1763344785
3964928,1-Training-Losses/explained_variance,0.27584779262542725,Pong1PCB2L336P__seed_8_1763344785
3969024,1-Training-Losses/explained_variance,0.4095223546028137,Pong1PCB2L336P__seed_8_1763344785
3973120,1-Training-Losses/explained_variance,0.3627290725708008,Pong1PCB2L336P__seed_8_1763344785
3977216,1-Training-Losses/explained_variance,0.2720165252685547,Pong1PCB2L336P__seed_8_1763344785
3981312,1-Training-Losses/explained_variance,0.2901838421821594,Pong1PCB2L336P__seed_8_1763344785
3985408,1-Training-Losses/explained_variance,0.283069908618927,Pong1PCB2L336P__seed_8_1763344785
3989504,1-Training-Losses/explained_variance,0.35368669033050537,Pong1PCB2L336P__seed_8_1763344785
3993600,1-Training-Losses/explained_variance,0.34072721004486084,Pong1PCB2L336P__seed_8_1763344785
3997696,1-Training-Losses/explained_variance,0.31818002462387085,Pong1PCB2L336P__seed_8_1763344785
4001792,1-Training-Losses/explained_variance,0.37999868392944336,Pong1PCB2L336P__seed_8_1763344785
4005888,1-Training-Losses/explained_variance,0.17125040292739868,Pong1PCB2L336P__seed_8_1763344785
4009984,1-Training-Losses/explained_variance,0.3534517288208008,Pong1PCB2L336P__seed_8_1763344785
4014080,1-Training-Losses/explained_variance,0.2869751453399658,Pong1PCB2L336P__seed_8_1763344785
4018176,1-Training-Losses/explained_variance,0.24074971675872803,Pong1PCB2L336P__seed_8_1763344785
4022272,1-Training-Losses/explained_variance,0.28512442111968994,Pong1PCB2L336P__seed_8_1763344785
4026368,1-Training-Losses/explained_variance,0.406524658203125,Pong1PCB2L336P__seed_8_1763344785
4030464,1-Training-Losses/explained_variance,0.3277704119682312,Pong1PCB2L336P__seed_8_1763344785
4034560,1-Training-Losses/explained_variance,0.3919811248779297,Pong1PCB2L336P__seed_8_1763344785
4038656,1-Training-Losses/explained_variance,0.2560778260231018,Pong1PCB2L336P__seed_8_1763344785
4042752,1-Training-Losses/explained_variance,0.3375493884086609,Pong1PCB2L336P__seed_8_1763344785
4046848,1-Training-Losses/explained_variance,0.4306328296661377,Pong1PCB2L336P__seed_8_1763344785
4050944,1-Training-Losses/explained_variance,0.40121424198150635,Pong1PCB2L336P__seed_8_1763344785
4055040,1-Training-Losses/explained_variance,0.3716304898262024,Pong1PCB2L336P__seed_8_1763344785
4059136,1-Training-Losses/explained_variance,0.3813503384590149,Pong1PCB2L336P__seed_8_1763344785
4063232,1-Training-Losses/explained_variance,0.24989837408065796,Pong1PCB2L336P__seed_8_1763344785
4067328,1-Training-Losses/explained_variance,0.38788169622421265,Pong1PCB2L336P__seed_8_1763344785
4071424,1-Training-Losses/explained_variance,0.4380921721458435,Pong1PCB2L336P__seed_8_1763344785
4075520,1-Training-Losses/explained_variance,0.2689513564109802,Pong1PCB2L336P__seed_8_1763344785
4079616,1-Training-Losses/explained_variance,0.36534249782562256,Pong1PCB2L336P__seed_8_1763344785
4083712,1-Training-Losses/explained_variance,0.2912401556968689,Pong1PCB2L336P__seed_8_1763344785
4087808,1-Training-Losses/explained_variance,0.38144469261169434,Pong1PCB2L336P__seed_8_1763344785
4091904,1-Training-Losses/explained_variance,0.30526745319366455,Pong1PCB2L336P__seed_8_1763344785
4096000,1-Training-Losses/explained_variance,0.2711932063102722,Pong1PCB2L336P__seed_8_1763344785
4100096,1-Training-Losses/explained_variance,0.3496859073638916,Pong1PCB2L336P__seed_8_1763344785
4104192,1-Training-Losses/explained_variance,0.387289822101593,Pong1PCB2L336P__seed_8_1763344785
4108288,1-Training-Losses/explained_variance,0.35519152879714966,Pong1PCB2L336P__seed_8_1763344785
4112384,1-Training-Losses/explained_variance,0.27509868144989014,Pong1PCB2L336P__seed_8_1763344785
4116480,1-Training-Losses/explained_variance,0.3980286717414856,Pong1PCB2L336P__seed_8_1763344785
4120576,1-Training-Losses/explained_variance,0.20972633361816406,Pong1PCB2L336P__seed_8_1763344785
4124672,1-Training-Losses/explained_variance,0.2497626543045044,Pong1PCB2L336P__seed_8_1763344785
4128768,1-Training-Losses/explained_variance,0.29867374897003174,Pong1PCB2L336P__seed_8_1763344785
4132864,1-Training-Losses/explained_variance,0.310518741607666,Pong1PCB2L336P__seed_8_1763344785
4136960,1-Training-Losses/explained_variance,0.4602290391921997,Pong1PCB2L336P__seed_8_1763344785
4141056,1-Training-Losses/explained_variance,0.43555355072021484,Pong1PCB2L336P__seed_8_1763344785
4145152,1-Training-Losses/explained_variance,0.44502371549606323,Pong1PCB2L336P__seed_8_1763344785
4149248,1-Training-Losses/explained_variance,0.3136325478553772,Pong1PCB2L336P__seed_8_1763344785
4153344,1-Training-Losses/explained_variance,0.46896398067474365,Pong1PCB2L336P__seed_8_1763344785
4157440,1-Training-Losses/explained_variance,0.35062259435653687,Pong1PCB2L336P__seed_8_1763344785
4161536,1-Training-Losses/explained_variance,0.28716862201690674,Pong1PCB2L336P__seed_8_1763344785
4165632,1-Training-Losses/explained_variance,0.265289306640625,Pong1PCB2L336P__seed_8_1763344785
4169728,1-Training-Losses/explained_variance,0.3486338257789612,Pong1PCB2L336P__seed_8_1763344785
4173824,1-Training-Losses/explained_variance,0.3044080138206482,Pong1PCB2L336P__seed_8_1763344785
4177920,1-Training-Losses/explained_variance,0.31984835863113403,Pong1PCB2L336P__seed_8_1763344785
4182016,1-Training-Losses/explained_variance,0.25291675329208374,Pong1PCB2L336P__seed_8_1763344785
4186112,1-Training-Losses/explained_variance,0.3154919147491455,Pong1PCB2L336P__seed_8_1763344785
4190208,1-Training-Losses/explained_variance,0.3497810363769531,Pong1PCB2L336P__seed_8_1763344785
4194304,1-Training-Losses/explained_variance,0.2937958240509033,Pong1PCB2L336P__seed_8_1763344785
4198400,1-Training-Losses/explained_variance,0.24684667587280273,Pong1PCB2L336P__seed_8_1763344785
4202496,1-Training-Losses/explained_variance,0.30880922079086304,Pong1PCB2L336P__seed_8_1763344785
4206592,1-Training-Losses/explained_variance,0.2881925702095032,Pong1PCB2L336P__seed_8_1763344785
4210688,1-Training-Losses/explained_variance,0.3135066032409668,Pong1PCB2L336P__seed_8_1763344785
4214784,1-Training-Losses/explained_variance,0.33873409032821655,Pong1PCB2L336P__seed_8_1763344785
4218880,1-Training-Losses/explained_variance,0.31207817792892456,Pong1PCB2L336P__seed_8_1763344785
4222976,1-Training-Losses/explained_variance,0.3962107300758362,Pong1PCB2L336P__seed_8_1763344785
4227072,1-Training-Losses/explained_variance,0.3322827219963074,Pong1PCB2L336P__seed_8_1763344785
4231168,1-Training-Losses/explained_variance,0.3477725386619568,Pong1PCB2L336P__seed_8_1763344785
4235264,1-Training-Losses/explained_variance,0.33647024631500244,Pong1PCB2L336P__seed_8_1763344785
4239360,1-Training-Losses/explained_variance,0.32859450578689575,Pong1PCB2L336P__seed_8_1763344785
4243456,1-Training-Losses/explained_variance,0.3477935791015625,Pong1PCB2L336P__seed_8_1763344785
4247552,1-Training-Losses/explained_variance,0.30267345905303955,Pong1PCB2L336P__seed_8_1763344785
4251648,1-Training-Losses/explained_variance,0.42386144399642944,Pong1PCB2L336P__seed_8_1763344785
4255744,1-Training-Losses/explained_variance,0.26914727687835693,Pong1PCB2L336P__seed_8_1763344785
4259840,1-Training-Losses/explained_variance,0.39086586236953735,Pong1PCB2L336P__seed_8_1763344785
4263936,1-Training-Losses/explained_variance,0.35883092880249023,Pong1PCB2L336P__seed_8_1763344785
4268032,1-Training-Losses/explained_variance,0.3818005323410034,Pong1PCB2L336P__seed_8_1763344785
4272128,1-Training-Losses/explained_variance,0.4306843876838684,Pong1PCB2L336P__seed_8_1763344785
4276224,1-Training-Losses/explained_variance,0.3956819772720337,Pong1PCB2L336P__seed_8_1763344785
4280320,1-Training-Losses/explained_variance,0.34421825408935547,Pong1PCB2L336P__seed_8_1763344785
4284416,1-Training-Losses/explained_variance,0.43222713470458984,Pong1PCB2L336P__seed_8_1763344785
4288512,1-Training-Losses/explained_variance,0.32591891288757324,Pong1PCB2L336P__seed_8_1763344785
4292608,1-Training-Losses/explained_variance,0.4104834198951721,Pong1PCB2L336P__seed_8_1763344785
4296704,1-Training-Losses/explained_variance,0.4434996247291565,Pong1PCB2L336P__seed_8_1763344785
4300800,1-Training-Losses/explained_variance,0.38767194747924805,Pong1PCB2L336P__seed_8_1763344785
4304896,1-Training-Losses/explained_variance,0.2968607544898987,Pong1PCB2L336P__seed_8_1763344785
4308992,1-Training-Losses/explained_variance,0.29191654920578003,Pong1PCB2L336P__seed_8_1763344785
4313088,1-Training-Losses/explained_variance,0.284032940864563,Pong1PCB2L336P__seed_8_1763344785
4317184,1-Training-Losses/explained_variance,0.4042590856552124,Pong1PCB2L336P__seed_8_1763344785
4321280,1-Training-Losses/explained_variance,0.38016408681869507,Pong1PCB2L336P__seed_8_1763344785
4325376,1-Training-Losses/explained_variance,0.31725841760635376,Pong1PCB2L336P__seed_8_1763344785
4329472,1-Training-Losses/explained_variance,0.3358420729637146,Pong1PCB2L336P__seed_8_1763344785
4333568,1-Training-Losses/explained_variance,0.2950211763381958,Pong1PCB2L336P__seed_8_1763344785
4337664,1-Training-Losses/explained_variance,0.35428768396377563,Pong1PCB2L336P__seed_8_1763344785
4341760,1-Training-Losses/explained_variance,0.3314034938812256,Pong1PCB2L336P__seed_8_1763344785
4345856,1-Training-Losses/explained_variance,0.37817633152008057,Pong1PCB2L336P__seed_8_1763344785
4349952,1-Training-Losses/explained_variance,0.39747458696365356,Pong1PCB2L336P__seed_8_1763344785
4354048,1-Training-Losses/explained_variance,0.3399503231048584,Pong1PCB2L336P__seed_8_1763344785
4358144,1-Training-Losses/explained_variance,0.3753218650817871,Pong1PCB2L336P__seed_8_1763344785
4362240,1-Training-Losses/explained_variance,0.2991429567337036,Pong1PCB2L336P__seed_8_1763344785
4366336,1-Training-Losses/explained_variance,0.4044165015220642,Pong1PCB2L336P__seed_8_1763344785
4370432,1-Training-Losses/explained_variance,0.25221872329711914,Pong1PCB2L336P__seed_8_1763344785
4374528,1-Training-Losses/explained_variance,0.3478807806968689,Pong1PCB2L336P__seed_8_1763344785
4378624,1-Training-Losses/explained_variance,0.3054843544960022,Pong1PCB2L336P__seed_8_1763344785
4382720,1-Training-Losses/explained_variance,0.427463173866272,Pong1PCB2L336P__seed_8_1763344785
4386816,1-Training-Losses/explained_variance,0.379833459854126,Pong1PCB2L336P__seed_8_1763344785
4390912,1-Training-Losses/explained_variance,0.4020146131515503,Pong1PCB2L336P__seed_8_1763344785
4395008,1-Training-Losses/explained_variance,0.3933483958244324,Pong1PCB2L336P__seed_8_1763344785
4399104,1-Training-Losses/explained_variance,0.4080328345298767,Pong1PCB2L336P__seed_8_1763344785
4403200,1-Training-Losses/explained_variance,0.444844126701355,Pong1PCB2L336P__seed_8_1763344785
4407296,1-Training-Losses/explained_variance,0.33029013872146606,Pong1PCB2L336P__seed_8_1763344785
4411392,1-Training-Losses/explained_variance,0.23077994585037231,Pong1PCB2L336P__seed_8_1763344785
4415488,1-Training-Losses/explained_variance,0.4349703788757324,Pong1PCB2L336P__seed_8_1763344785
4419584,1-Training-Losses/explained_variance,0.27312183380126953,Pong1PCB2L336P__seed_8_1763344785
4423680,1-Training-Losses/explained_variance,0.3430637717247009,Pong1PCB2L336P__seed_8_1763344785
4427776,1-Training-Losses/explained_variance,0.3260418772697449,Pong1PCB2L336P__seed_8_1763344785
4431872,1-Training-Losses/explained_variance,0.3798491358757019,Pong1PCB2L336P__seed_8_1763344785
4435968,1-Training-Losses/explained_variance,0.34956812858581543,Pong1PCB2L336P__seed_8_1763344785
4440064,1-Training-Losses/explained_variance,0.3282874822616577,Pong1PCB2L336P__seed_8_1763344785
4444160,1-Training-Losses/explained_variance,0.4029662013053894,Pong1PCB2L336P__seed_8_1763344785
4448256,1-Training-Losses/explained_variance,0.20790457725524902,Pong1PCB2L336P__seed_8_1763344785
4452352,1-Training-Losses/explained_variance,0.35356074571609497,Pong1PCB2L336P__seed_8_1763344785
4456448,1-Training-Losses/explained_variance,0.382246732711792,Pong1PCB2L336P__seed_8_1763344785
4460544,1-Training-Losses/explained_variance,0.4477151036262512,Pong1PCB2L336P__seed_8_1763344785
4464640,1-Training-Losses/explained_variance,0.3433716297149658,Pong1PCB2L336P__seed_8_1763344785
4468736,1-Training-Losses/explained_variance,0.40218931436538696,Pong1PCB2L336P__seed_8_1763344785
4472832,1-Training-Losses/explained_variance,0.37508440017700195,Pong1PCB2L336P__seed_8_1763344785
4476928,1-Training-Losses/explained_variance,0.41597676277160645,Pong1PCB2L336P__seed_8_1763344785
4481024,1-Training-Losses/explained_variance,0.3241691589355469,Pong1PCB2L336P__seed_8_1763344785
4485120,1-Training-Losses/explained_variance,0.210668683052063,Pong1PCB2L336P__seed_8_1763344785
4489216,1-Training-Losses/explained_variance,0.3758780360221863,Pong1PCB2L336P__seed_8_1763344785
4493312,1-Training-Losses/explained_variance,0.29133427143096924,Pong1PCB2L336P__seed_8_1763344785
4497408,1-Training-Losses/explained_variance,0.3090023398399353,Pong1PCB2L336P__seed_8_1763344785
4501504,1-Training-Losses/explained_variance,0.367587149143219,Pong1PCB2L336P__seed_8_1763344785
4505600,1-Training-Losses/explained_variance,0.3821293115615845,Pong1PCB2L336P__seed_8_1763344785
4509696,1-Training-Losses/explained_variance,0.39561498165130615,Pong1PCB2L336P__seed_8_1763344785
4513792,1-Training-Losses/explained_variance,0.3919013738632202,Pong1PCB2L336P__seed_8_1763344785
4517888,1-Training-Losses/explained_variance,0.3695151209831238,Pong1PCB2L336P__seed_8_1763344785
4521984,1-Training-Losses/explained_variance,0.39379870891571045,Pong1PCB2L336P__seed_8_1763344785
4526080,1-Training-Losses/explained_variance,0.4355925917625427,Pong1PCB2L336P__seed_8_1763344785
4530176,1-Training-Losses/explained_variance,0.4055320620536804,Pong1PCB2L336P__seed_8_1763344785
4534272,1-Training-Losses/explained_variance,0.4010445475578308,Pong1PCB2L336P__seed_8_1763344785
4538368,1-Training-Losses/explained_variance,0.4065231680870056,Pong1PCB2L336P__seed_8_1763344785
4542464,1-Training-Losses/explained_variance,0.4031609892845154,Pong1PCB2L336P__seed_8_1763344785
4546560,1-Training-Losses/explained_variance,0.3964487314224243,Pong1PCB2L336P__seed_8_1763344785
4550656,1-Training-Losses/explained_variance,0.37867534160614014,Pong1PCB2L336P__seed_8_1763344785
4554752,1-Training-Losses/explained_variance,0.4003668427467346,Pong1PCB2L336P__seed_8_1763344785
4558848,1-Training-Losses/explained_variance,0.4191020131111145,Pong1PCB2L336P__seed_8_1763344785
4562944,1-Training-Losses/explained_variance,0.421358585357666,Pong1PCB2L336P__seed_8_1763344785
4567040,1-Training-Losses/explained_variance,0.2631792426109314,Pong1PCB2L336P__seed_8_1763344785
4571136,1-Training-Losses/explained_variance,0.3105645179748535,Pong1PCB2L336P__seed_8_1763344785
4575232,1-Training-Losses/explained_variance,0.38392311334609985,Pong1PCB2L336P__seed_8_1763344785
4579328,1-Training-Losses/explained_variance,0.3896666169166565,Pong1PCB2L336P__seed_8_1763344785
4583424,1-Training-Losses/explained_variance,0.33436644077301025,Pong1PCB2L336P__seed_8_1763344785
4587520,1-Training-Losses/explained_variance,0.3028934597969055,Pong1PCB2L336P__seed_8_1763344785
4591616,1-Training-Losses/explained_variance,0.40329861640930176,Pong1PCB2L336P__seed_8_1763344785
4595712,1-Training-Losses/explained_variance,0.41127753257751465,Pong1PCB2L336P__seed_8_1763344785
4599808,1-Training-Losses/explained_variance,0.401192843914032,Pong1PCB2L336P__seed_8_1763344785
4603904,1-Training-Losses/explained_variance,0.4591372013092041,Pong1PCB2L336P__seed_8_1763344785
4608000,1-Training-Losses/explained_variance,0.3691437840461731,Pong1PCB2L336P__seed_8_1763344785
4612096,1-Training-Losses/explained_variance,0.4241117238998413,Pong1PCB2L336P__seed_8_1763344785
4616192,1-Training-Losses/explained_variance,0.34238600730895996,Pong1PCB2L336P__seed_8_1763344785
4620288,1-Training-Losses/explained_variance,0.22479873895645142,Pong1PCB2L336P__seed_8_1763344785
4624384,1-Training-Losses/explained_variance,0.348802387714386,Pong1PCB2L336P__seed_8_1763344785
4628480,1-Training-Losses/explained_variance,0.21280354261398315,Pong1PCB2L336P__seed_8_1763344785
4632576,1-Training-Losses/explained_variance,0.325035035610199,Pong1PCB2L336P__seed_8_1763344785
4636672,1-Training-Losses/explained_variance,0.2882917523384094,Pong1PCB2L336P__seed_8_1763344785
4640768,1-Training-Losses/explained_variance,0.3949124813079834,Pong1PCB2L336P__seed_8_1763344785
4644864,1-Training-Losses/explained_variance,0.28830885887145996,Pong1PCB2L336P__seed_8_1763344785
4648960,1-Training-Losses/explained_variance,0.28522640466690063,Pong1PCB2L336P__seed_8_1763344785
4653056,1-Training-Losses/explained_variance,0.34798574447631836,Pong1PCB2L336P__seed_8_1763344785
4657152,1-Training-Losses/explained_variance,0.5245183706283569,Pong1PCB2L336P__seed_8_1763344785
4661248,1-Training-Losses/explained_variance,0.32885271310806274,Pong1PCB2L336P__seed_8_1763344785
4665344,1-Training-Losses/explained_variance,0.41771745681762695,Pong1PCB2L336P__seed_8_1763344785
4669440,1-Training-Losses/explained_variance,0.40048491954803467,Pong1PCB2L336P__seed_8_1763344785
4673536,1-Training-Losses/explained_variance,0.3206356167793274,Pong1PCB2L336P__seed_8_1763344785
4677632,1-Training-Losses/explained_variance,0.36327463388442993,Pong1PCB2L336P__seed_8_1763344785
4681728,1-Training-Losses/explained_variance,0.3211785554885864,Pong1PCB2L336P__seed_8_1763344785
4685824,1-Training-Losses/explained_variance,0.37979787588119507,Pong1PCB2L336P__seed_8_1763344785
4689920,1-Training-Losses/explained_variance,0.3192591071128845,Pong1PCB2L336P__seed_8_1763344785
4694016,1-Training-Losses/explained_variance,0.3295181393623352,Pong1PCB2L336P__seed_8_1763344785
4698112,1-Training-Losses/explained_variance,0.30745941400527954,Pong1PCB2L336P__seed_8_1763344785
4702208,1-Training-Losses/explained_variance,0.3113785982131958,Pong1PCB2L336P__seed_8_1763344785
4706304,1-Training-Losses/explained_variance,0.36490917205810547,Pong1PCB2L336P__seed_8_1763344785
4710400,1-Training-Losses/explained_variance,0.3611711263656616,Pong1PCB2L336P__seed_8_1763344785
4714496,1-Training-Losses/explained_variance,0.3056628704071045,Pong1PCB2L336P__seed_8_1763344785
4718592,1-Training-Losses/explained_variance,0.3482641577720642,Pong1PCB2L336P__seed_8_1763344785
4722688,1-Training-Losses/explained_variance,0.40167200565338135,Pong1PCB2L336P__seed_8_1763344785
4726784,1-Training-Losses/explained_variance,0.30724841356277466,Pong1PCB2L336P__seed_8_1763344785
4730880,1-Training-Losses/explained_variance,0.30985045433044434,Pong1PCB2L336P__seed_8_1763344785
4734976,1-Training-Losses/explained_variance,0.3461647033691406,Pong1PCB2L336P__seed_8_1763344785
4739072,1-Training-Losses/explained_variance,0.3640595078468323,Pong1PCB2L336P__seed_8_1763344785
4743168,1-Training-Losses/explained_variance,0.44288063049316406,Pong1PCB2L336P__seed_8_1763344785
4747264,1-Training-Losses/explained_variance,0.3125784397125244,Pong1PCB2L336P__seed_8_1763344785
4751360,1-Training-Losses/explained_variance,0.38006991147994995,Pong1PCB2L336P__seed_8_1763344785
4755456,1-Training-Losses/explained_variance,0.40908509492874146,Pong1PCB2L336P__seed_8_1763344785
4759552,1-Training-Losses/explained_variance,0.35797882080078125,Pong1PCB2L336P__seed_8_1763344785
4763648,1-Training-Losses/explained_variance,0.43828415870666504,Pong1PCB2L336P__seed_8_1763344785
4767744,1-Training-Losses/explained_variance,0.3271704316139221,Pong1PCB2L336P__seed_8_1763344785
4771840,1-Training-Losses/explained_variance,0.3479683995246887,Pong1PCB2L336P__seed_8_1763344785
4775936,1-Training-Losses/explained_variance,0.46888941526412964,Pong1PCB2L336P__seed_8_1763344785
4780032,1-Training-Losses/explained_variance,0.31150496006011963,Pong1PCB2L336P__seed_8_1763344785
4784128,1-Training-Losses/explained_variance,0.40404200553894043,Pong1PCB2L336P__seed_8_1763344785
4788224,1-Training-Losses/explained_variance,0.40881985425949097,Pong1PCB2L336P__seed_8_1763344785
4792320,1-Training-Losses/explained_variance,0.39449888467788696,Pong1PCB2L336P__seed_8_1763344785
4796416,1-Training-Losses/explained_variance,0.3986446261405945,Pong1PCB2L336P__seed_8_1763344785
4800512,1-Training-Losses/explained_variance,0.3811863660812378,Pong1PCB2L336P__seed_8_1763344785
4804608,1-Training-Losses/explained_variance,0.378353476524353,Pong1PCB2L336P__seed_8_1763344785
4808704,1-Training-Losses/explained_variance,0.3892660140991211,Pong1PCB2L336P__seed_8_1763344785
4812800,1-Training-Losses/explained_variance,0.3715778589248657,Pong1PCB2L336P__seed_8_1763344785
4816896,1-Training-Losses/explained_variance,0.45259636640548706,Pong1PCB2L336P__seed_8_1763344785
4820992,1-Training-Losses/explained_variance,0.4595414996147156,Pong1PCB2L336P__seed_8_1763344785
4825088,1-Training-Losses/explained_variance,0.39410847425460815,Pong1PCB2L336P__seed_8_1763344785
4829184,1-Training-Losses/explained_variance,0.3632950782775879,Pong1PCB2L336P__seed_8_1763344785
4833280,1-Training-Losses/explained_variance,0.426160991191864,Pong1PCB2L336P__seed_8_1763344785
4837376,1-Training-Losses/explained_variance,0.3838843107223511,Pong1PCB2L336P__seed_8_1763344785
4841472,1-Training-Losses/explained_variance,0.3757844567298889,Pong1PCB2L336P__seed_8_1763344785
4845568,1-Training-Losses/explained_variance,0.3798132538795471,Pong1PCB2L336P__seed_8_1763344785
4849664,1-Training-Losses/explained_variance,0.4228658676147461,Pong1PCB2L336P__seed_8_1763344785
4853760,1-Training-Losses/explained_variance,0.3606860041618347,Pong1PCB2L336P__seed_8_1763344785
4857856,1-Training-Losses/explained_variance,0.322277307510376,Pong1PCB2L336P__seed_8_1763344785
4861952,1-Training-Losses/explained_variance,0.3900470733642578,Pong1PCB2L336P__seed_8_1763344785
4866048,1-Training-Losses/explained_variance,0.4596494436264038,Pong1PCB2L336P__seed_8_1763344785
4870144,1-Training-Losses/explained_variance,0.4250832200050354,Pong1PCB2L336P__seed_8_1763344785
4874240,1-Training-Losses/explained_variance,0.269989013671875,Pong1PCB2L336P__seed_8_1763344785
4878336,1-Training-Losses/explained_variance,0.4072617292404175,Pong1PCB2L336P__seed_8_1763344785
4882432,1-Training-Losses/explained_variance,0.3958815336227417,Pong1PCB2L336P__seed_8_1763344785
4886528,1-Training-Losses/explained_variance,0.4791768789291382,Pong1PCB2L336P__seed_8_1763344785
4890624,1-Training-Losses/explained_variance,0.3897289037704468,Pong1PCB2L336P__seed_8_1763344785
4894720,1-Training-Losses/explained_variance,0.3674654960632324,Pong1PCB2L336P__seed_8_1763344785
4898816,1-Training-Losses/explained_variance,0.29168522357940674,Pong1PCB2L336P__seed_8_1763344785
4902912,1-Training-Losses/explained_variance,0.31993746757507324,Pong1PCB2L336P__seed_8_1763344785
4907008,1-Training-Losses/explained_variance,0.33799463510513306,Pong1PCB2L336P__seed_8_1763344785
4911104,1-Training-Losses/explained_variance,0.41701173782348633,Pong1PCB2L336P__seed_8_1763344785
4915200,1-Training-Losses/explained_variance,0.40220099687576294,Pong1PCB2L336P__seed_8_1763344785
4919296,1-Training-Losses/explained_variance,0.3920443654060364,Pong1PCB2L336P__seed_8_1763344785
4923392,1-Training-Losses/explained_variance,0.34127992391586304,Pong1PCB2L336P__seed_8_1763344785
4927488,1-Training-Losses/explained_variance,0.46216440200805664,Pong1PCB2L336P__seed_8_1763344785
4931584,1-Training-Losses/explained_variance,0.2911638617515564,Pong1PCB2L336P__seed_8_1763344785
4935680,1-Training-Losses/explained_variance,0.31931638717651367,Pong1PCB2L336P__seed_8_1763344785
4939776,1-Training-Losses/explained_variance,0.41425561904907227,Pong1PCB2L336P__seed_8_1763344785
4943872,1-Training-Losses/explained_variance,0.26176196336746216,Pong1PCB2L336P__seed_8_1763344785
4947968,1-Training-Losses/explained_variance,0.3526400327682495,Pong1PCB2L336P__seed_8_1763344785
4952064,1-Training-Losses/explained_variance,0.38293522596359253,Pong1PCB2L336P__seed_8_1763344785
4956160,1-Training-Losses/explained_variance,0.3548109531402588,Pong1PCB2L336P__seed_8_1763344785
4960256,1-Training-Losses/explained_variance,0.30814069509506226,Pong1PCB2L336P__seed_8_1763344785
4964352,1-Training-Losses/explained_variance,0.3620307445526123,Pong1PCB2L336P__seed_8_1763344785
4968448,1-Training-Losses/explained_variance,0.3952016830444336,Pong1PCB2L336P__seed_8_1763344785
4972544,1-Training-Losses/explained_variance,0.2762715816497803,Pong1PCB2L336P__seed_8_1763344785
4976640,1-Training-Losses/explained_variance,0.34756696224212646,Pong1PCB2L336P__seed_8_1763344785
4980736,1-Training-Losses/explained_variance,0.334907591342926,Pong1PCB2L336P__seed_8_1763344785
4984832,1-Training-Losses/explained_variance,0.328541100025177,Pong1PCB2L336P__seed_8_1763344785
4988928,1-Training-Losses/explained_variance,0.23970872163772583,Pong1PCB2L336P__seed_8_1763344785
4993024,1-Training-Losses/explained_variance,0.2684062123298645,Pong1PCB2L336P__seed_8_1763344785
4997120,1-Training-Losses/explained_variance,0.3375498652458191,Pong1PCB2L336P__seed_8_1763344785
5001216,1-Training-Losses/explained_variance,0.17142945528030396,Pong1PCB2L336P__seed_8_1763344785
5005312,1-Training-Losses/explained_variance,0.4110264778137207,Pong1PCB2L336P__seed_8_1763344785
5009408,1-Training-Losses/explained_variance,0.4220258593559265,Pong1PCB2L336P__seed_8_1763344785
5013504,1-Training-Losses/explained_variance,0.38919758796691895,Pong1PCB2L336P__seed_8_1763344785
5017600,1-Training-Losses/explained_variance,0.22895073890686035,Pong1PCB2L336P__seed_8_1763344785
5021696,1-Training-Losses/explained_variance,0.358755886554718,Pong1PCB2L336P__seed_8_1763344785
5025792,1-Training-Losses/explained_variance,0.39846187829971313,Pong1PCB2L336P__seed_8_1763344785
5029888,1-Training-Losses/explained_variance,0.32638072967529297,Pong1PCB2L336P__seed_8_1763344785
5033984,1-Training-Losses/explained_variance,0.4002472758293152,Pong1PCB2L336P__seed_8_1763344785
5038080,1-Training-Losses/explained_variance,0.3125338554382324,Pong1PCB2L336P__seed_8_1763344785
5042176,1-Training-Losses/explained_variance,0.3897560238838196,Pong1PCB2L336P__seed_8_1763344785
5046272,1-Training-Losses/explained_variance,0.43284666538238525,Pong1PCB2L336P__seed_8_1763344785
5050368,1-Training-Losses/explained_variance,0.3503633737564087,Pong1PCB2L336P__seed_8_1763344785
5054464,1-Training-Losses/explained_variance,0.34955894947052,Pong1PCB2L336P__seed_8_1763344785
5058560,1-Training-Losses/explained_variance,0.4308443069458008,Pong1PCB2L336P__seed_8_1763344785
5062656,1-Training-Losses/explained_variance,0.3578709363937378,Pong1PCB2L336P__seed_8_1763344785
5066752,1-Training-Losses/explained_variance,0.3679955005645752,Pong1PCB2L336P__seed_8_1763344785
5070848,1-Training-Losses/explained_variance,0.37661415338516235,Pong1PCB2L336P__seed_8_1763344785
5074944,1-Training-Losses/explained_variance,0.25606220960617065,Pong1PCB2L336P__seed_8_1763344785
5079040,1-Training-Losses/explained_variance,0.4018421173095703,Pong1PCB2L336P__seed_8_1763344785
5083136,1-Training-Losses/explained_variance,0.45840704441070557,Pong1PCB2L336P__seed_8_1763344785
5087232,1-Training-Losses/explained_variance,0.35253506898880005,Pong1PCB2L336P__seed_8_1763344785
5091328,1-Training-Losses/explained_variance,0.39554280042648315,Pong1PCB2L336P__seed_8_1763344785
5095424,1-Training-Losses/explained_variance,0.4172365665435791,Pong1PCB2L336P__seed_8_1763344785
5099520,1-Training-Losses/explained_variance,0.4078190326690674,Pong1PCB2L336P__seed_8_1763344785
5103616,1-Training-Losses/explained_variance,0.4171624183654785,Pong1PCB2L336P__seed_8_1763344785
5107712,1-Training-Losses/explained_variance,0.49279993772506714,Pong1PCB2L336P__seed_8_1763344785
5111808,1-Training-Losses/explained_variance,0.42626243829727173,Pong1PCB2L336P__seed_8_1763344785
5115904,1-Training-Losses/explained_variance,0.28477299213409424,Pong1PCB2L336P__seed_8_1763344785
5120000,1-Training-Losses/explained_variance,0.4811205267906189,Pong1PCB2L336P__seed_8_1763344785
5124096,1-Training-Losses/explained_variance,0.2849176526069641,Pong1PCB2L336P__seed_8_1763344785
5128192,1-Training-Losses/explained_variance,0.4227432608604431,Pong1PCB2L336P__seed_8_1763344785
5132288,1-Training-Losses/explained_variance,0.42021608352661133,Pong1PCB2L336P__seed_8_1763344785
5136384,1-Training-Losses/explained_variance,0.38366442918777466,Pong1PCB2L336P__seed_8_1763344785
5140480,1-Training-Losses/explained_variance,0.3777082562446594,Pong1PCB2L336P__seed_8_1763344785
5144576,1-Training-Losses/explained_variance,0.38526684045791626,Pong1PCB2L336P__seed_8_1763344785
5148672,1-Training-Losses/explained_variance,0.35519731044769287,Pong1PCB2L336P__seed_8_1763344785
5152768,1-Training-Losses/explained_variance,0.30717629194259644,Pong1PCB2L336P__seed_8_1763344785
5156864,1-Training-Losses/explained_variance,0.3545868992805481,Pong1PCB2L336P__seed_8_1763344785
5160960,1-Training-Losses/explained_variance,0.2952274680137634,Pong1PCB2L336P__seed_8_1763344785
5165056,1-Training-Losses/explained_variance,0.3749142289161682,Pong1PCB2L336P__seed_8_1763344785
5169152,1-Training-Losses/explained_variance,0.40952521562576294,Pong1PCB2L336P__seed_8_1763344785
5173248,1-Training-Losses/explained_variance,0.36401206254959106,Pong1PCB2L336P__seed_8_1763344785
5177344,1-Training-Losses/explained_variance,0.3404853343963623,Pong1PCB2L336P__seed_8_1763344785
5181440,1-Training-Losses/explained_variance,0.27056485414505005,Pong1PCB2L336P__seed_8_1763344785
5185536,1-Training-Losses/explained_variance,0.33053702116012573,Pong1PCB2L336P__seed_8_1763344785
5189632,1-Training-Losses/explained_variance,0.4249657392501831,Pong1PCB2L336P__seed_8_1763344785
5193728,1-Training-Losses/explained_variance,0.42292529344558716,Pong1PCB2L336P__seed_8_1763344785
5197824,1-Training-Losses/explained_variance,0.34382307529449463,Pong1PCB2L336P__seed_8_1763344785
5201920,1-Training-Losses/explained_variance,0.40793150663375854,Pong1PCB2L336P__seed_8_1763344785
5206016,1-Training-Losses/explained_variance,0.4162343144416809,Pong1PCB2L336P__seed_8_1763344785
5210112,1-Training-Losses/explained_variance,0.35700303316116333,Pong1PCB2L336P__seed_8_1763344785
5214208,1-Training-Losses/explained_variance,0.402405321598053,Pong1PCB2L336P__seed_8_1763344785
5218304,1-Training-Losses/explained_variance,0.4029090404510498,Pong1PCB2L336P__seed_8_1763344785
5222400,1-Training-Losses/explained_variance,0.3316352963447571,Pong1PCB2L336P__seed_8_1763344785
5226496,1-Training-Losses/explained_variance,0.36139845848083496,Pong1PCB2L336P__seed_8_1763344785
5230592,1-Training-Losses/explained_variance,0.36368364095687866,Pong1PCB2L336P__seed_8_1763344785
5234688,1-Training-Losses/explained_variance,0.33949124813079834,Pong1PCB2L336P__seed_8_1763344785
5238784,1-Training-Losses/explained_variance,0.3498896360397339,Pong1PCB2L336P__seed_8_1763344785
5242880,1-Training-Losses/explained_variance,0.4180222749710083,Pong1PCB2L336P__seed_8_1763344785
5246976,1-Training-Losses/explained_variance,0.3549794554710388,Pong1PCB2L336P__seed_8_1763344785
5251072,1-Training-Losses/explained_variance,0.4654909372329712,Pong1PCB2L336P__seed_8_1763344785
5255168,1-Training-Losses/explained_variance,0.40714770555496216,Pong1PCB2L336P__seed_8_1763344785
5259264,1-Training-Losses/explained_variance,0.30528128147125244,Pong1PCB2L336P__seed_8_1763344785
5263360,1-Training-Losses/explained_variance,0.4043397903442383,Pong1PCB2L336P__seed_8_1763344785
5267456,1-Training-Losses/explained_variance,0.37827473878860474,Pong1PCB2L336P__seed_8_1763344785
5271552,1-Training-Losses/explained_variance,0.3646129369735718,Pong1PCB2L336P__seed_8_1763344785
5275648,1-Training-Losses/explained_variance,0.3733481764793396,Pong1PCB2L336P__seed_8_1763344785
5279744,1-Training-Losses/explained_variance,0.4307892322540283,Pong1PCB2L336P__seed_8_1763344785
5283840,1-Training-Losses/explained_variance,0.45513367652893066,Pong1PCB2L336P__seed_8_1763344785
5287936,1-Training-Losses/explained_variance,0.43908780813217163,Pong1PCB2L336P__seed_8_1763344785
5292032,1-Training-Losses/explained_variance,0.40214985609054565,Pong1PCB2L336P__seed_8_1763344785
5296128,1-Training-Losses/explained_variance,0.34550464153289795,Pong1PCB2L336P__seed_8_1763344785
5300224,1-Training-Losses/explained_variance,0.40860313177108765,Pong1PCB2L336P__seed_8_1763344785
5304320,1-Training-Losses/explained_variance,0.4886234998703003,Pong1PCB2L336P__seed_8_1763344785
5308416,1-Training-Losses/explained_variance,0.3900443911552429,Pong1PCB2L336P__seed_8_1763344785
5312512,1-Training-Losses/explained_variance,0.3779529929161072,Pong1PCB2L336P__seed_8_1763344785
5316608,1-Training-Losses/explained_variance,0.37021034955978394,Pong1PCB2L336P__seed_8_1763344785
5320704,1-Training-Losses/explained_variance,0.41009294986724854,Pong1PCB2L336P__seed_8_1763344785
5324800,1-Training-Losses/explained_variance,0.4267542362213135,Pong1PCB2L336P__seed_8_1763344785
5328896,1-Training-Losses/explained_variance,0.40874767303466797,Pong1PCB2L336P__seed_8_1763344785
5332992,1-Training-Losses/explained_variance,0.4325641393661499,Pong1PCB2L336P__seed_8_1763344785
5337088,1-Training-Losses/explained_variance,0.43771541118621826,Pong1PCB2L336P__seed_8_1763344785
5341184,1-Training-Losses/explained_variance,0.37768620252609253,Pong1PCB2L336P__seed_8_1763344785
5345280,1-Training-Losses/explained_variance,0.36248356103897095,Pong1PCB2L336P__seed_8_1763344785
5349376,1-Training-Losses/explained_variance,0.39330559968948364,Pong1PCB2L336P__seed_8_1763344785
5353472,1-Training-Losses/explained_variance,0.3466644287109375,Pong1PCB2L336P__seed_8_1763344785
5357568,1-Training-Losses/explained_variance,0.4458014965057373,Pong1PCB2L336P__seed_8_1763344785
5361664,1-Training-Losses/explained_variance,0.39978402853012085,Pong1PCB2L336P__seed_8_1763344785
5365760,1-Training-Losses/explained_variance,0.4683384299278259,Pong1PCB2L336P__seed_8_1763344785
5369856,1-Training-Losses/explained_variance,0.40659624338150024,Pong1PCB2L336P__seed_8_1763344785
5373952,1-Training-Losses/explained_variance,0.4237669110298157,Pong1PCB2L336P__seed_8_1763344785
5378048,1-Training-Losses/explained_variance,0.34613823890686035,Pong1PCB2L336P__seed_8_1763344785
5382144,1-Training-Losses/explained_variance,0.35172247886657715,Pong1PCB2L336P__seed_8_1763344785
5386240,1-Training-Losses/explained_variance,0.2435929775238037,Pong1PCB2L336P__seed_8_1763344785
5390336,1-Training-Losses/explained_variance,0.34509533643722534,Pong1PCB2L336P__seed_8_1763344785
5394432,1-Training-Losses/explained_variance,0.24606108665466309,Pong1PCB2L336P__seed_8_1763344785
5398528,1-Training-Losses/explained_variance,0.3557665944099426,Pong1PCB2L336P__seed_8_1763344785
5402624,1-Training-Losses/explained_variance,0.4425696134567261,Pong1PCB2L336P__seed_8_1763344785
5406720,1-Training-Losses/explained_variance,0.3768278956413269,Pong1PCB2L336P__seed_8_1763344785
5410816,1-Training-Losses/explained_variance,0.2979101538658142,Pong1PCB2L336P__seed_8_1763344785
5414912,1-Training-Losses/explained_variance,0.25613725185394287,Pong1PCB2L336P__seed_8_1763344785
5419008,1-Training-Losses/explained_variance,0.3600271940231323,Pong1PCB2L336P__seed_8_1763344785
5423104,1-Training-Losses/explained_variance,0.4271085262298584,Pong1PCB2L336P__seed_8_1763344785
5427200,1-Training-Losses/explained_variance,0.40159714221954346,Pong1PCB2L336P__seed_8_1763344785
5431296,1-Training-Losses/explained_variance,0.3799137473106384,Pong1PCB2L336P__seed_8_1763344785
5435392,1-Training-Losses/explained_variance,0.38028484582901,Pong1PCB2L336P__seed_8_1763344785
5439488,1-Training-Losses/explained_variance,0.3616768717765808,Pong1PCB2L336P__seed_8_1763344785
5443584,1-Training-Losses/explained_variance,0.47260451316833496,Pong1PCB2L336P__seed_8_1763344785
5447680,1-Training-Losses/explained_variance,0.4167018532752991,Pong1PCB2L336P__seed_8_1763344785
5451776,1-Training-Losses/explained_variance,0.39318573474884033,Pong1PCB2L336P__seed_8_1763344785
5455872,1-Training-Losses/explained_variance,0.3719250559806824,Pong1PCB2L336P__seed_8_1763344785
5459968,1-Training-Losses/explained_variance,0.3528497815132141,Pong1PCB2L336P__seed_8_1763344785
5464064,1-Training-Losses/explained_variance,0.42081671953201294,Pong1PCB2L336P__seed_8_1763344785
5468160,1-Training-Losses/explained_variance,0.35596418380737305,Pong1PCB2L336P__seed_8_1763344785
5472256,1-Training-Losses/explained_variance,0.38321608304977417,Pong1PCB2L336P__seed_8_1763344785
5476352,1-Training-Losses/explained_variance,0.4819478988647461,Pong1PCB2L336P__seed_8_1763344785
5480448,1-Training-Losses/explained_variance,0.32488083839416504,Pong1PCB2L336P__seed_8_1763344785
5484544,1-Training-Losses/explained_variance,0.4587004780769348,Pong1PCB2L336P__seed_8_1763344785
5488640,1-Training-Losses/explained_variance,0.37775498628616333,Pong1PCB2L336P__seed_8_1763344785
5492736,1-Training-Losses/explained_variance,0.40699291229248047,Pong1PCB2L336P__seed_8_1763344785
5496832,1-Training-Losses/explained_variance,0.45983701944351196,Pong1PCB2L336P__seed_8_1763344785
5500928,1-Training-Losses/explained_variance,0.28494447469711304,Pong1PCB2L336P__seed_8_1763344785
5505024,1-Training-Losses/explained_variance,0.4150216579437256,Pong1PCB2L336P__seed_8_1763344785
5509120,1-Training-Losses/explained_variance,0.25385957956314087,Pong1PCB2L336P__seed_8_1763344785
5513216,1-Training-Losses/explained_variance,0.44810861349105835,Pong1PCB2L336P__seed_8_1763344785
5517312,1-Training-Losses/explained_variance,0.431870698928833,Pong1PCB2L336P__seed_8_1763344785
5521408,1-Training-Losses/explained_variance,0.4439929127693176,Pong1PCB2L336P__seed_8_1763344785
5525504,1-Training-Losses/explained_variance,0.3409948945045471,Pong1PCB2L336P__seed_8_1763344785
5529600,1-Training-Losses/explained_variance,0.430023729801178,Pong1PCB2L336P__seed_8_1763344785
5533696,1-Training-Losses/explained_variance,0.28984421491622925,Pong1PCB2L336P__seed_8_1763344785
5537792,1-Training-Losses/explained_variance,0.4323124289512634,Pong1PCB2L336P__seed_8_1763344785
5541888,1-Training-Losses/explained_variance,0.42542773485183716,Pong1PCB2L336P__seed_8_1763344785
5545984,1-Training-Losses/explained_variance,0.3361166715621948,Pong1PCB2L336P__seed_8_1763344785
5550080,1-Training-Losses/explained_variance,0.3807898163795471,Pong1PCB2L336P__seed_8_1763344785
5554176,1-Training-Losses/explained_variance,0.37861162424087524,Pong1PCB2L336P__seed_8_1763344785
5558272,1-Training-Losses/explained_variance,0.34626305103302,Pong1PCB2L336P__seed_8_1763344785
5562368,1-Training-Losses/explained_variance,0.3172798156738281,Pong1PCB2L336P__seed_8_1763344785
5566464,1-Training-Losses/explained_variance,0.37442201375961304,Pong1PCB2L336P__seed_8_1763344785
5570560,1-Training-Losses/explained_variance,0.4390999674797058,Pong1PCB2L336P__seed_8_1763344785
5574656,1-Training-Losses/explained_variance,0.40991687774658203,Pong1PCB2L336P__seed_8_1763344785
5578752,1-Training-Losses/explained_variance,0.45523732900619507,Pong1PCB2L336P__seed_8_1763344785
5582848,1-Training-Losses/explained_variance,0.4713671803474426,Pong1PCB2L336P__seed_8_1763344785
5586944,1-Training-Losses/explained_variance,0.4913583993911743,Pong1PCB2L336P__seed_8_1763344785
5591040,1-Training-Losses/explained_variance,0.47049129009246826,Pong1PCB2L336P__seed_8_1763344785
5595136,1-Training-Losses/explained_variance,0.47364842891693115,Pong1PCB2L336P__seed_8_1763344785
5599232,1-Training-Losses/explained_variance,0.4603281021118164,Pong1PCB2L336P__seed_8_1763344785
5603328,1-Training-Losses/explained_variance,0.282606840133667,Pong1PCB2L336P__seed_8_1763344785
5607424,1-Training-Losses/explained_variance,0.41627198457717896,Pong1PCB2L336P__seed_8_1763344785
5611520,1-Training-Losses/explained_variance,0.4079480767250061,Pong1PCB2L336P__seed_8_1763344785
5615616,1-Training-Losses/explained_variance,0.3240189552307129,Pong1PCB2L336P__seed_8_1763344785
5619712,1-Training-Losses/explained_variance,0.36910009384155273,Pong1PCB2L336P__seed_8_1763344785
5623808,1-Training-Losses/explained_variance,0.46757757663726807,Pong1PCB2L336P__seed_8_1763344785
5627904,1-Training-Losses/explained_variance,0.3852255344390869,Pong1PCB2L336P__seed_8_1763344785
5632000,1-Training-Losses/explained_variance,0.44726282358169556,Pong1PCB2L336P__seed_8_1763344785
5636096,1-Training-Losses/explained_variance,0.4738391041755676,Pong1PCB2L336P__seed_8_1763344785
5640192,1-Training-Losses/explained_variance,0.5399333238601685,Pong1PCB2L336P__seed_8_1763344785
5644288,1-Training-Losses/explained_variance,0.31306713819503784,Pong1PCB2L336P__seed_8_1763344785
5648384,1-Training-Losses/explained_variance,0.4181724786758423,Pong1PCB2L336P__seed_8_1763344785
5652480,1-Training-Losses/explained_variance,0.40712422132492065,Pong1PCB2L336P__seed_8_1763344785
5656576,1-Training-Losses/explained_variance,0.3773239850997925,Pong1PCB2L336P__seed_8_1763344785
5660672,1-Training-Losses/explained_variance,0.3517680764198303,Pong1PCB2L336P__seed_8_1763344785
5664768,1-Training-Losses/explained_variance,0.3725258708000183,Pong1PCB2L336P__seed_8_1763344785
5668864,1-Training-Losses/explained_variance,0.2660577893257141,Pong1PCB2L336P__seed_8_1763344785
5672960,1-Training-Losses/explained_variance,0.42777419090270996,Pong1PCB2L336P__seed_8_1763344785
5677056,1-Training-Losses/explained_variance,0.427864670753479,Pong1PCB2L336P__seed_8_1763344785
5681152,1-Training-Losses/explained_variance,0.3919801712036133,Pong1PCB2L336P__seed_8_1763344785
5685248,1-Training-Losses/explained_variance,0.49534887075424194,Pong1PCB2L336P__seed_8_1763344785
5689344,1-Training-Losses/explained_variance,0.42131733894348145,Pong1PCB2L336P__seed_8_1763344785
5693440,1-Training-Losses/explained_variance,0.4616534113883972,Pong1PCB2L336P__seed_8_1763344785
5697536,1-Training-Losses/explained_variance,0.38818007707595825,Pong1PCB2L336P__seed_8_1763344785
5701632,1-Training-Losses/explained_variance,0.3891693949699402,Pong1PCB2L336P__seed_8_1763344785
5705728,1-Training-Losses/explained_variance,0.37594830989837646,Pong1PCB2L336P__seed_8_1763344785
5709824,1-Training-Losses/explained_variance,0.35682934522628784,Pong1PCB2L336P__seed_8_1763344785
5713920,1-Training-Losses/explained_variance,0.43856287002563477,Pong1PCB2L336P__seed_8_1763344785
5718016,1-Training-Losses/explained_variance,0.476489782333374,Pong1PCB2L336P__seed_8_1763344785
5722112,1-Training-Losses/explained_variance,0.46117258071899414,Pong1PCB2L336P__seed_8_1763344785
5726208,1-Training-Losses/explained_variance,0.33718520402908325,Pong1PCB2L336P__seed_8_1763344785
5730304,1-Training-Losses/explained_variance,0.4160321354866028,Pong1PCB2L336P__seed_8_1763344785
5734400,1-Training-Losses/explained_variance,0.4973815679550171,Pong1PCB2L336P__seed_8_1763344785
5738496,1-Training-Losses/explained_variance,0.335942804813385,Pong1PCB2L336P__seed_8_1763344785
5742592,1-Training-Losses/explained_variance,0.3723115921020508,Pong1PCB2L336P__seed_8_1763344785
5746688,1-Training-Losses/explained_variance,0.3802000880241394,Pong1PCB2L336P__seed_8_1763344785
5750784,1-Training-Losses/explained_variance,0.4779350161552429,Pong1PCB2L336P__seed_8_1763344785
5754880,1-Training-Losses/explained_variance,0.35230207443237305,Pong1PCB2L336P__seed_8_1763344785
5758976,1-Training-Losses/explained_variance,0.391978919506073,Pong1PCB2L336P__seed_8_1763344785
5763072,1-Training-Losses/explained_variance,0.3928399085998535,Pong1PCB2L336P__seed_8_1763344785
5767168,1-Training-Losses/explained_variance,0.3676053285598755,Pong1PCB2L336P__seed_8_1763344785
5771264,1-Training-Losses/explained_variance,0.2912559509277344,Pong1PCB2L336P__seed_8_1763344785
5775360,1-Training-Losses/explained_variance,0.36856967210769653,Pong1PCB2L336P__seed_8_1763344785
5779456,1-Training-Losses/explained_variance,0.4404289722442627,Pong1PCB2L336P__seed_8_1763344785
5783552,1-Training-Losses/explained_variance,0.2364804744720459,Pong1PCB2L336P__seed_8_1763344785
5787648,1-Training-Losses/explained_variance,0.356689453125,Pong1PCB2L336P__seed_8_1763344785
5791744,1-Training-Losses/explained_variance,0.3494580388069153,Pong1PCB2L336P__seed_8_1763344785
5795840,1-Training-Losses/explained_variance,0.4627481698989868,Pong1PCB2L336P__seed_8_1763344785
5799936,1-Training-Losses/explained_variance,0.4405628442764282,Pong1PCB2L336P__seed_8_1763344785
5804032,1-Training-Losses/explained_variance,0.30475521087646484,Pong1PCB2L336P__seed_8_1763344785
5808128,1-Training-Losses/explained_variance,0.40077221393585205,Pong1PCB2L336P__seed_8_1763344785
5812224,1-Training-Losses/explained_variance,0.3841668367385864,Pong1PCB2L336P__seed_8_1763344785
5816320,1-Training-Losses/explained_variance,0.393210768699646,Pong1PCB2L336P__seed_8_1763344785
5820416,1-Training-Losses/explained_variance,0.4443150758743286,Pong1PCB2L336P__seed_8_1763344785
5824512,1-Training-Losses/explained_variance,0.4221903681755066,Pong1PCB2L336P__seed_8_1763344785
5828608,1-Training-Losses/explained_variance,0.37672996520996094,Pong1PCB2L336P__seed_8_1763344785
5832704,1-Training-Losses/explained_variance,0.3224165439605713,Pong1PCB2L336P__seed_8_1763344785
5836800,1-Training-Losses/explained_variance,0.4186369776725769,Pong1PCB2L336P__seed_8_1763344785
5840896,1-Training-Losses/explained_variance,0.37909942865371704,Pong1PCB2L336P__seed_8_1763344785
5844992,1-Training-Losses/explained_variance,0.379624605178833,Pong1PCB2L336P__seed_8_1763344785
5849088,1-Training-Losses/explained_variance,0.3099328279495239,Pong1PCB2L336P__seed_8_1763344785
5853184,1-Training-Losses/explained_variance,0.3875734210014343,Pong1PCB2L336P__seed_8_1763344785
5857280,1-Training-Losses/explained_variance,0.42189860343933105,Pong1PCB2L336P__seed_8_1763344785
5861376,1-Training-Losses/explained_variance,0.4214094877243042,Pong1PCB2L336P__seed_8_1763344785
5865472,1-Training-Losses/explained_variance,0.4168051481246948,Pong1PCB2L336P__seed_8_1763344785
5869568,1-Training-Losses/explained_variance,0.2876969575881958,Pong1PCB2L336P__seed_8_1763344785
5873664,1-Training-Losses/explained_variance,0.377325177192688,Pong1PCB2L336P__seed_8_1763344785
5877760,1-Training-Losses/explained_variance,0.424088716506958,Pong1PCB2L336P__seed_8_1763344785
5881856,1-Training-Losses/explained_variance,0.37934720516204834,Pong1PCB2L336P__seed_8_1763344785
5885952,1-Training-Losses/explained_variance,0.4258573055267334,Pong1PCB2L336P__seed_8_1763344785
5890048,1-Training-Losses/explained_variance,0.3583645224571228,Pong1PCB2L336P__seed_8_1763344785
5894144,1-Training-Losses/explained_variance,0.4011348485946655,Pong1PCB2L336P__seed_8_1763344785
5898240,1-Training-Losses/explained_variance,0.4303075671195984,Pong1PCB2L336P__seed_8_1763344785
5902336,1-Training-Losses/explained_variance,0.38084399700164795,Pong1PCB2L336P__seed_8_1763344785
5906432,1-Training-Losses/explained_variance,0.34406185150146484,Pong1PCB2L336P__seed_8_1763344785
5910528,1-Training-Losses/explained_variance,0.5068763494491577,Pong1PCB2L336P__seed_8_1763344785
5914624,1-Training-Losses/explained_variance,0.3376346230506897,Pong1PCB2L336P__seed_8_1763344785
5918720,1-Training-Losses/explained_variance,0.3601282238960266,Pong1PCB2L336P__seed_8_1763344785
5922816,1-Training-Losses/explained_variance,0.4678976535797119,Pong1PCB2L336P__seed_8_1763344785
5926912,1-Training-Losses/explained_variance,0.4430919885635376,Pong1PCB2L336P__seed_8_1763344785
5931008,1-Training-Losses/explained_variance,0.4350396990776062,Pong1PCB2L336P__seed_8_1763344785
5935104,1-Training-Losses/explained_variance,0.2591037154197693,Pong1PCB2L336P__seed_8_1763344785
5939200,1-Training-Losses/explained_variance,0.40024250745773315,Pong1PCB2L336P__seed_8_1763344785
5943296,1-Training-Losses/explained_variance,0.44238507747650146,Pong1PCB2L336P__seed_8_1763344785
5947392,1-Training-Losses/explained_variance,0.34309011697769165,Pong1PCB2L336P__seed_8_1763344785
5951488,1-Training-Losses/explained_variance,0.35624516010284424,Pong1PCB2L336P__seed_8_1763344785
5955584,1-Training-Losses/explained_variance,0.49786192178726196,Pong1PCB2L336P__seed_8_1763344785
5959680,1-Training-Losses/explained_variance,0.4386180639266968,Pong1PCB2L336P__seed_8_1763344785
5963776,1-Training-Losses/explained_variance,0.41908419132232666,Pong1PCB2L336P__seed_8_1763344785
5967872,1-Training-Losses/explained_variance,0.44794750213623047,Pong1PCB2L336P__seed_8_1763344785
5971968,1-Training-Losses/explained_variance,0.357652485370636,Pong1PCB2L336P__seed_8_1763344785
5976064,1-Training-Losses/explained_variance,0.40264660120010376,Pong1PCB2L336P__seed_8_1763344785
5980160,1-Training-Losses/explained_variance,0.37694352865219116,Pong1PCB2L336P__seed_8_1763344785
5984256,1-Training-Losses/explained_variance,0.4721214771270752,Pong1PCB2L336P__seed_8_1763344785
5988352,1-Training-Losses/explained_variance,0.3933258652687073,Pong1PCB2L336P__seed_8_1763344785
5992448,1-Training-Losses/explained_variance,0.33664560317993164,Pong1PCB2L336P__seed_8_1763344785
5996544,1-Training-Losses/explained_variance,0.4262244701385498,Pong1PCB2L336P__seed_8_1763344785
6000640,1-Training-Losses/explained_variance,0.3600214719772339,Pong1PCB2L336P__seed_8_1763344785
6004736,1-Training-Losses/explained_variance,0.3430026173591614,Pong1PCB2L336P__seed_8_1763344785
6008832,1-Training-Losses/explained_variance,0.4089568257331848,Pong1PCB2L336P__seed_8_1763344785
6012928,1-Training-Losses/explained_variance,0.3600021004676819,Pong1PCB2L336P__seed_8_1763344785
6017024,1-Training-Losses/explained_variance,0.5380921959877014,Pong1PCB2L336P__seed_8_1763344785
6021120,1-Training-Losses/explained_variance,0.4171541929244995,Pong1PCB2L336P__seed_8_1763344785
6025216,1-Training-Losses/explained_variance,0.44035160541534424,Pong1PCB2L336P__seed_8_1763344785
6029312,1-Training-Losses/explained_variance,0.269573450088501,Pong1PCB2L336P__seed_8_1763344785
6033408,1-Training-Losses/explained_variance,0.4299246072769165,Pong1PCB2L336P__seed_8_1763344785
6037504,1-Training-Losses/explained_variance,0.4441927671432495,Pong1PCB2L336P__seed_8_1763344785
6041600,1-Training-Losses/explained_variance,0.38729339838027954,Pong1PCB2L336P__seed_8_1763344785
6045696,1-Training-Losses/explained_variance,0.4562339186668396,Pong1PCB2L336P__seed_8_1763344785
6049792,1-Training-Losses/explained_variance,0.36733871698379517,Pong1PCB2L336P__seed_8_1763344785
6053888,1-Training-Losses/explained_variance,0.48588794469833374,Pong1PCB2L336P__seed_8_1763344785
6057984,1-Training-Losses/explained_variance,0.3978886008262634,Pong1PCB2L336P__seed_8_1763344785
6062080,1-Training-Losses/explained_variance,0.5063832998275757,Pong1PCB2L336P__seed_8_1763344785
6066176,1-Training-Losses/explained_variance,0.48228609561920166,Pong1PCB2L336P__seed_8_1763344785
6070272,1-Training-Losses/explained_variance,0.4077223539352417,Pong1PCB2L336P__seed_8_1763344785
6074368,1-Training-Losses/explained_variance,0.40484923124313354,Pong1PCB2L336P__seed_8_1763344785
6078464,1-Training-Losses/explained_variance,0.37144261598587036,Pong1PCB2L336P__seed_8_1763344785
6082560,1-Training-Losses/explained_variance,0.442358136177063,Pong1PCB2L336P__seed_8_1763344785
6086656,1-Training-Losses/explained_variance,0.46626919507980347,Pong1PCB2L336P__seed_8_1763344785
6090752,1-Training-Losses/explained_variance,0.3577303886413574,Pong1PCB2L336P__seed_8_1763344785
6094848,1-Training-Losses/explained_variance,0.2725067734718323,Pong1PCB2L336P__seed_8_1763344785
6098944,1-Training-Losses/explained_variance,0.46159690618515015,Pong1PCB2L336P__seed_8_1763344785
6103040,1-Training-Losses/explained_variance,0.4729800224304199,Pong1PCB2L336P__seed_8_1763344785
6107136,1-Training-Losses/explained_variance,0.3068232536315918,Pong1PCB2L336P__seed_8_1763344785
6111232,1-Training-Losses/explained_variance,0.4878159165382385,Pong1PCB2L336P__seed_8_1763344785
6115328,1-Training-Losses/explained_variance,0.42492884397506714,Pong1PCB2L336P__seed_8_1763344785
6119424,1-Training-Losses/explained_variance,0.3813391923904419,Pong1PCB2L336P__seed_8_1763344785
6123520,1-Training-Losses/explained_variance,0.4680577516555786,Pong1PCB2L336P__seed_8_1763344785
6127616,1-Training-Losses/explained_variance,0.42598241567611694,Pong1PCB2L336P__seed_8_1763344785
6131712,1-Training-Losses/explained_variance,0.30941176414489746,Pong1PCB2L336P__seed_8_1763344785
6135808,1-Training-Losses/explained_variance,0.39531195163726807,Pong1PCB2L336P__seed_8_1763344785
6139904,1-Training-Losses/explained_variance,0.36400020122528076,Pong1PCB2L336P__seed_8_1763344785
6144000,1-Training-Losses/explained_variance,0.3918098211288452,Pong1PCB2L336P__seed_8_1763344785
6148096,1-Training-Losses/explained_variance,0.4213710427284241,Pong1PCB2L336P__seed_8_1763344785
6152192,1-Training-Losses/explained_variance,0.40302592515945435,Pong1PCB2L336P__seed_8_1763344785
6156288,1-Training-Losses/explained_variance,0.4849989414215088,Pong1PCB2L336P__seed_8_1763344785
6160384,1-Training-Losses/explained_variance,0.3666171431541443,Pong1PCB2L336P__seed_8_1763344785
6164480,1-Training-Losses/explained_variance,0.4682616591453552,Pong1PCB2L336P__seed_8_1763344785
6168576,1-Training-Losses/explained_variance,0.29150456190109253,Pong1PCB2L336P__seed_8_1763344785
6172672,1-Training-Losses/explained_variance,0.3075636029243469,Pong1PCB2L336P__seed_8_1763344785
6176768,1-Training-Losses/explained_variance,0.3399101495742798,Pong1PCB2L336P__seed_8_1763344785
6180864,1-Training-Losses/explained_variance,0.34412169456481934,Pong1PCB2L336P__seed_8_1763344785
6184960,1-Training-Losses/explained_variance,0.3214520812034607,Pong1PCB2L336P__seed_8_1763344785
6189056,1-Training-Losses/explained_variance,0.3903186321258545,Pong1PCB2L336P__seed_8_1763344785
6193152,1-Training-Losses/explained_variance,0.4570130705833435,Pong1PCB2L336P__seed_8_1763344785
6197248,1-Training-Losses/explained_variance,0.5371229648590088,Pong1PCB2L336P__seed_8_1763344785
6201344,1-Training-Losses/explained_variance,0.38408321142196655,Pong1PCB2L336P__seed_8_1763344785
6205440,1-Training-Losses/explained_variance,0.358070969581604,Pong1PCB2L336P__seed_8_1763344785
6209536,1-Training-Losses/explained_variance,0.4177851676940918,Pong1PCB2L336P__seed_8_1763344785
6213632,1-Training-Losses/explained_variance,0.3530985713005066,Pong1PCB2L336P__seed_8_1763344785
6217728,1-Training-Losses/explained_variance,0.35166066884994507,Pong1PCB2L336P__seed_8_1763344785
6221824,1-Training-Losses/explained_variance,0.37418532371520996,Pong1PCB2L336P__seed_8_1763344785
6225920,1-Training-Losses/explained_variance,0.4423304796218872,Pong1PCB2L336P__seed_8_1763344785
6230016,1-Training-Losses/explained_variance,0.3972982168197632,Pong1PCB2L336P__seed_8_1763344785
6234112,1-Training-Losses/explained_variance,0.2699844241142273,Pong1PCB2L336P__seed_8_1763344785
6238208,1-Training-Losses/explained_variance,0.3950849771499634,Pong1PCB2L336P__seed_8_1763344785
6242304,1-Training-Losses/explained_variance,0.34915071725845337,Pong1PCB2L336P__seed_8_1763344785
6246400,1-Training-Losses/explained_variance,0.3962864875793457,Pong1PCB2L336P__seed_8_1763344785
6250496,1-Training-Losses/explained_variance,0.4331868886947632,Pong1PCB2L336P__seed_8_1763344785
6254592,1-Training-Losses/explained_variance,0.4284326434135437,Pong1PCB2L336P__seed_8_1763344785
6258688,1-Training-Losses/explained_variance,0.4468327760696411,Pong1PCB2L336P__seed_8_1763344785
6262784,1-Training-Losses/explained_variance,0.4104558229446411,Pong1PCB2L336P__seed_8_1763344785
6266880,1-Training-Losses/explained_variance,0.24506843090057373,Pong1PCB2L336P__seed_8_1763344785
6270976,1-Training-Losses/explained_variance,0.42552244663238525,Pong1PCB2L336P__seed_8_1763344785
6275072,1-Training-Losses/explained_variance,0.4913111925125122,Pong1PCB2L336P__seed_8_1763344785
6279168,1-Training-Losses/explained_variance,0.3895518183708191,Pong1PCB2L336P__seed_8_1763344785
6283264,1-Training-Losses/explained_variance,0.3758833408355713,Pong1PCB2L336P__seed_8_1763344785
6287360,1-Training-Losses/explained_variance,0.18346142768859863,Pong1PCB2L336P__seed_8_1763344785
6291456,1-Training-Losses/explained_variance,0.37927472591400146,Pong1PCB2L336P__seed_8_1763344785
6295552,1-Training-Losses/explained_variance,0.36668485403060913,Pong1PCB2L336P__seed_8_1763344785
6299648,1-Training-Losses/explained_variance,0.4332773685455322,Pong1PCB2L336P__seed_8_1763344785
6303744,1-Training-Losses/explained_variance,0.3884578347206116,Pong1PCB2L336P__seed_8_1763344785
6307840,1-Training-Losses/explained_variance,0.4049146771430969,Pong1PCB2L336P__seed_8_1763344785
6311936,1-Training-Losses/explained_variance,0.40198713541030884,Pong1PCB2L336P__seed_8_1763344785
6316032,1-Training-Losses/explained_variance,0.3506609797477722,Pong1PCB2L336P__seed_8_1763344785
6320128,1-Training-Losses/explained_variance,0.36963075399398804,Pong1PCB2L336P__seed_8_1763344785
6324224,1-Training-Losses/explained_variance,0.4322195053100586,Pong1PCB2L336P__seed_8_1763344785
6328320,1-Training-Losses/explained_variance,0.41440582275390625,Pong1PCB2L336P__seed_8_1763344785
6332416,1-Training-Losses/explained_variance,0.30028098821640015,Pong1PCB2L336P__seed_8_1763344785
6336512,1-Training-Losses/explained_variance,0.31730741262435913,Pong1PCB2L336P__seed_8_1763344785
6340608,1-Training-Losses/explained_variance,0.4377415180206299,Pong1PCB2L336P__seed_8_1763344785
6344704,1-Training-Losses/explained_variance,0.38050174713134766,Pong1PCB2L336P__seed_8_1763344785
6348800,1-Training-Losses/explained_variance,0.39796000719070435,Pong1PCB2L336P__seed_8_1763344785
6352896,1-Training-Losses/explained_variance,0.39839136600494385,Pong1PCB2L336P__seed_8_1763344785
6356992,1-Training-Losses/explained_variance,0.32154935598373413,Pong1PCB2L336P__seed_8_1763344785
6361088,1-Training-Losses/explained_variance,0.416400671005249,Pong1PCB2L336P__seed_8_1763344785
6365184,1-Training-Losses/explained_variance,0.40098661184310913,Pong1PCB2L336P__seed_8_1763344785
6369280,1-Training-Losses/explained_variance,0.4301304221153259,Pong1PCB2L336P__seed_8_1763344785
6373376,1-Training-Losses/explained_variance,0.34022921323776245,Pong1PCB2L336P__seed_8_1763344785
6377472,1-Training-Losses/explained_variance,0.3947352170944214,Pong1PCB2L336P__seed_8_1763344785
6381568,1-Training-Losses/explained_variance,0.4040166139602661,Pong1PCB2L336P__seed_8_1763344785
6385664,1-Training-Losses/explained_variance,0.4340858459472656,Pong1PCB2L336P__seed_8_1763344785
6389760,1-Training-Losses/explained_variance,0.3626587986946106,Pong1PCB2L336P__seed_8_1763344785
6393856,1-Training-Losses/explained_variance,0.38658303022384644,Pong1PCB2L336P__seed_8_1763344785
6397952,1-Training-Losses/explained_variance,0.41721516847610474,Pong1PCB2L336P__seed_8_1763344785
6402048,1-Training-Losses/explained_variance,0.3283955454826355,Pong1PCB2L336P__seed_8_1763344785
6406144,1-Training-Losses/explained_variance,0.4558519721031189,Pong1PCB2L336P__seed_8_1763344785
6410240,1-Training-Losses/explained_variance,0.4545050859451294,Pong1PCB2L336P__seed_8_1763344785
6414336,1-Training-Losses/explained_variance,0.37655097246170044,Pong1PCB2L336P__seed_8_1763344785
6418432,1-Training-Losses/explained_variance,0.4079064130783081,Pong1PCB2L336P__seed_8_1763344785
6422528,1-Training-Losses/explained_variance,0.29080384969711304,Pong1PCB2L336P__seed_8_1763344785
6426624,1-Training-Losses/explained_variance,0.4164501428604126,Pong1PCB2L336P__seed_8_1763344785
6430720,1-Training-Losses/explained_variance,0.4594331979751587,Pong1PCB2L336P__seed_8_1763344785
6434816,1-Training-Losses/explained_variance,0.42906898260116577,Pong1PCB2L336P__seed_8_1763344785
6438912,1-Training-Losses/explained_variance,0.3979133367538452,Pong1PCB2L336P__seed_8_1763344785
6443008,1-Training-Losses/explained_variance,0.4559602737426758,Pong1PCB2L336P__seed_8_1763344785
6447104,1-Training-Losses/explained_variance,0.43304765224456787,Pong1PCB2L336P__seed_8_1763344785
6451200,1-Training-Losses/explained_variance,0.44735652208328247,Pong1PCB2L336P__seed_8_1763344785
6455296,1-Training-Losses/explained_variance,0.5199706554412842,Pong1PCB2L336P__seed_8_1763344785
6459392,1-Training-Losses/explained_variance,0.4051719307899475,Pong1PCB2L336P__seed_8_1763344785
6463488,1-Training-Losses/explained_variance,0.45859354734420776,Pong1PCB2L336P__seed_8_1763344785
6467584,1-Training-Losses/explained_variance,0.44346946477890015,Pong1PCB2L336P__seed_8_1763344785
6471680,1-Training-Losses/explained_variance,0.35280585289001465,Pong1PCB2L336P__seed_8_1763344785
6475776,1-Training-Losses/explained_variance,0.3847041726112366,Pong1PCB2L336P__seed_8_1763344785
6479872,1-Training-Losses/explained_variance,0.37111896276474,Pong1PCB2L336P__seed_8_1763344785
6483968,1-Training-Losses/explained_variance,0.49981480836868286,Pong1PCB2L336P__seed_8_1763344785
6488064,1-Training-Losses/explained_variance,0.4099661111831665,Pong1PCB2L336P__seed_8_1763344785
6492160,1-Training-Losses/explained_variance,0.4450015425682068,Pong1PCB2L336P__seed_8_1763344785
6496256,1-Training-Losses/explained_variance,0.4984946846961975,Pong1PCB2L336P__seed_8_1763344785
6500352,1-Training-Losses/explained_variance,0.41895169019699097,Pong1PCB2L336P__seed_8_1763344785
6504448,1-Training-Losses/explained_variance,0.4090954065322876,Pong1PCB2L336P__seed_8_1763344785
6508544,1-Training-Losses/explained_variance,0.4566792845726013,Pong1PCB2L336P__seed_8_1763344785
6512640,1-Training-Losses/explained_variance,0.41540104150772095,Pong1PCB2L336P__seed_8_1763344785
6516736,1-Training-Losses/explained_variance,0.30875301361083984,Pong1PCB2L336P__seed_8_1763344785
6520832,1-Training-Losses/explained_variance,0.3737793564796448,Pong1PCB2L336P__seed_8_1763344785
6524928,1-Training-Losses/explained_variance,0.4560658931732178,Pong1PCB2L336P__seed_8_1763344785
6529024,1-Training-Losses/explained_variance,0.5043233036994934,Pong1PCB2L336P__seed_8_1763344785
6533120,1-Training-Losses/explained_variance,0.4528106451034546,Pong1PCB2L336P__seed_8_1763344785
6537216,1-Training-Losses/explained_variance,0.3407749533653259,Pong1PCB2L336P__seed_8_1763344785
6541312,1-Training-Losses/explained_variance,0.41066986322402954,Pong1PCB2L336P__seed_8_1763344785
6545408,1-Training-Losses/explained_variance,0.4743104577064514,Pong1PCB2L336P__seed_8_1763344785
6549504,1-Training-Losses/explained_variance,0.500495195388794,Pong1PCB2L336P__seed_8_1763344785
6553600,1-Training-Losses/explained_variance,0.45601987838745117,Pong1PCB2L336P__seed_8_1763344785
6557696,1-Training-Losses/explained_variance,0.36855143308639526,Pong1PCB2L336P__seed_8_1763344785
6561792,1-Training-Losses/explained_variance,0.504900336265564,Pong1PCB2L336P__seed_8_1763344785
6565888,1-Training-Losses/explained_variance,0.4986882209777832,Pong1PCB2L336P__seed_8_1763344785
6569984,1-Training-Losses/explained_variance,0.38577133417129517,Pong1PCB2L336P__seed_8_1763344785
6574080,1-Training-Losses/explained_variance,0.3942398428916931,Pong1PCB2L336P__seed_8_1763344785
6578176,1-Training-Losses/explained_variance,0.47610050439834595,Pong1PCB2L336P__seed_8_1763344785
6582272,1-Training-Losses/explained_variance,0.45591914653778076,Pong1PCB2L336P__seed_8_1763344785
6586368,1-Training-Losses/explained_variance,0.4831836223602295,Pong1PCB2L336P__seed_8_1763344785
6590464,1-Training-Losses/explained_variance,0.4420973062515259,Pong1PCB2L336P__seed_8_1763344785
6594560,1-Training-Losses/explained_variance,0.43723148107528687,Pong1PCB2L336P__seed_8_1763344785
6598656,1-Training-Losses/explained_variance,0.4872913360595703,Pong1PCB2L336P__seed_8_1763344785
6602752,1-Training-Losses/explained_variance,0.4968896508216858,Pong1PCB2L336P__seed_8_1763344785
6606848,1-Training-Losses/explained_variance,0.5403039455413818,Pong1PCB2L336P__seed_8_1763344785
6610944,1-Training-Losses/explained_variance,0.4588950276374817,Pong1PCB2L336P__seed_8_1763344785
6615040,1-Training-Losses/explained_variance,0.4024617671966553,Pong1PCB2L336P__seed_8_1763344785
6619136,1-Training-Losses/explained_variance,0.4495638608932495,Pong1PCB2L336P__seed_8_1763344785
6623232,1-Training-Losses/explained_variance,0.40759897232055664,Pong1PCB2L336P__seed_8_1763344785
6627328,1-Training-Losses/explained_variance,0.3116947412490845,Pong1PCB2L336P__seed_8_1763344785
6631424,1-Training-Losses/explained_variance,0.3641805052757263,Pong1PCB2L336P__seed_8_1763344785
6635520,1-Training-Losses/explained_variance,0.3592175245285034,Pong1PCB2L336P__seed_8_1763344785
6639616,1-Training-Losses/explained_variance,0.4693143367767334,Pong1PCB2L336P__seed_8_1763344785
6643712,1-Training-Losses/explained_variance,0.3995339870452881,Pong1PCB2L336P__seed_8_1763344785
6647808,1-Training-Losses/explained_variance,0.4530196785926819,Pong1PCB2L336P__seed_8_1763344785
6651904,1-Training-Losses/explained_variance,0.34417402744293213,Pong1PCB2L336P__seed_8_1763344785
6656000,1-Training-Losses/explained_variance,0.5254344940185547,Pong1PCB2L336P__seed_8_1763344785
6660096,1-Training-Losses/explained_variance,0.35436350107192993,Pong1PCB2L336P__seed_8_1763344785
6664192,1-Training-Losses/explained_variance,0.5511711239814758,Pong1PCB2L336P__seed_8_1763344785
6668288,1-Training-Losses/explained_variance,0.4860754609107971,Pong1PCB2L336P__seed_8_1763344785
6672384,1-Training-Losses/explained_variance,0.3461308479309082,Pong1PCB2L336P__seed_8_1763344785
6676480,1-Training-Losses/explained_variance,0.492703914642334,Pong1PCB2L336P__seed_8_1763344785
6680576,1-Training-Losses/explained_variance,0.3627709746360779,Pong1PCB2L336P__seed_8_1763344785
6684672,1-Training-Losses/explained_variance,0.43189263343811035,Pong1PCB2L336P__seed_8_1763344785
6688768,1-Training-Losses/explained_variance,0.46288537979125977,Pong1PCB2L336P__seed_8_1763344785
6692864,1-Training-Losses/explained_variance,0.465481162071228,Pong1PCB2L336P__seed_8_1763344785
6696960,1-Training-Losses/explained_variance,0.38381803035736084,Pong1PCB2L336P__seed_8_1763344785
6701056,1-Training-Losses/explained_variance,0.33774685859680176,Pong1PCB2L336P__seed_8_1763344785
6705152,1-Training-Losses/explained_variance,0.47885680198669434,Pong1PCB2L336P__seed_8_1763344785
6709248,1-Training-Losses/explained_variance,0.4099763035774231,Pong1PCB2L336P__seed_8_1763344785
6713344,1-Training-Losses/explained_variance,0.47933101654052734,Pong1PCB2L336P__seed_8_1763344785
6717440,1-Training-Losses/explained_variance,0.36304330825805664,Pong1PCB2L336P__seed_8_1763344785
6721536,1-Training-Losses/explained_variance,0.38296568393707275,Pong1PCB2L336P__seed_8_1763344785
6725632,1-Training-Losses/explained_variance,0.4471263885498047,Pong1PCB2L336P__seed_8_1763344785
6729728,1-Training-Losses/explained_variance,0.33571499586105347,Pong1PCB2L336P__seed_8_1763344785
6733824,1-Training-Losses/explained_variance,0.46461111307144165,Pong1PCB2L336P__seed_8_1763344785
6737920,1-Training-Losses/explained_variance,0.45418643951416016,Pong1PCB2L336P__seed_8_1763344785
6742016,1-Training-Losses/explained_variance,0.44880419969558716,Pong1PCB2L336P__seed_8_1763344785
6746112,1-Training-Losses/explained_variance,0.4528919458389282,Pong1PCB2L336P__seed_8_1763344785
6750208,1-Training-Losses/explained_variance,0.36987215280532837,Pong1PCB2L336P__seed_8_1763344785
6754304,1-Training-Losses/explained_variance,0.43796032667160034,Pong1PCB2L336P__seed_8_1763344785
6758400,1-Training-Losses/explained_variance,0.32307499647140503,Pong1PCB2L336P__seed_8_1763344785
6762496,1-Training-Losses/explained_variance,0.399858295917511,Pong1PCB2L336P__seed_8_1763344785
6766592,1-Training-Losses/explained_variance,0.3924582600593567,Pong1PCB2L336P__seed_8_1763344785
6770688,1-Training-Losses/explained_variance,0.3518505096435547,Pong1PCB2L336P__seed_8_1763344785
6774784,1-Training-Losses/explained_variance,0.5017096400260925,Pong1PCB2L336P__seed_8_1763344785
6778880,1-Training-Losses/explained_variance,0.4670926332473755,Pong1PCB2L336P__seed_8_1763344785
6782976,1-Training-Losses/explained_variance,0.48984622955322266,Pong1PCB2L336P__seed_8_1763344785
6787072,1-Training-Losses/explained_variance,0.4169003963470459,Pong1PCB2L336P__seed_8_1763344785
6791168,1-Training-Losses/explained_variance,0.4557954668998718,Pong1PCB2L336P__seed_8_1763344785
6795264,1-Training-Losses/explained_variance,0.35183143615722656,Pong1PCB2L336P__seed_8_1763344785
6799360,1-Training-Losses/explained_variance,0.5109673738479614,Pong1PCB2L336P__seed_8_1763344785
6803456,1-Training-Losses/explained_variance,0.39390021562576294,Pong1PCB2L336P__seed_8_1763344785
6807552,1-Training-Losses/explained_variance,0.44074857234954834,Pong1PCB2L336P__seed_8_1763344785
6811648,1-Training-Losses/explained_variance,0.5226666927337646,Pong1PCB2L336P__seed_8_1763344785
6815744,1-Training-Losses/explained_variance,0.5218148827552795,Pong1PCB2L336P__seed_8_1763344785
6819840,1-Training-Losses/explained_variance,0.468109130859375,Pong1PCB2L336P__seed_8_1763344785
6823936,1-Training-Losses/explained_variance,0.43030446767807007,Pong1PCB2L336P__seed_8_1763344785
6828032,1-Training-Losses/explained_variance,0.505266547203064,Pong1PCB2L336P__seed_8_1763344785
6832128,1-Training-Losses/explained_variance,0.505962610244751,Pong1PCB2L336P__seed_8_1763344785
6836224,1-Training-Losses/explained_variance,0.4116753935813904,Pong1PCB2L336P__seed_8_1763344785
6840320,1-Training-Losses/explained_variance,0.4700341820716858,Pong1PCB2L336P__seed_8_1763344785
6844416,1-Training-Losses/explained_variance,0.48099952936172485,Pong1PCB2L336P__seed_8_1763344785
6848512,1-Training-Losses/explained_variance,0.43739432096481323,Pong1PCB2L336P__seed_8_1763344785
6852608,1-Training-Losses/explained_variance,0.41787612438201904,Pong1PCB2L336P__seed_8_1763344785
6856704,1-Training-Losses/explained_variance,0.5182198286056519,Pong1PCB2L336P__seed_8_1763344785
6860800,1-Training-Losses/explained_variance,0.3583805561065674,Pong1PCB2L336P__seed_8_1763344785
6864896,1-Training-Losses/explained_variance,0.45960843563079834,Pong1PCB2L336P__seed_8_1763344785
6868992,1-Training-Losses/explained_variance,0.3194911479949951,Pong1PCB2L336P__seed_8_1763344785
6873088,1-Training-Losses/explained_variance,0.3523062467575073,Pong1PCB2L336P__seed_8_1763344785
6877184,1-Training-Losses/explained_variance,0.4204975366592407,Pong1PCB2L336P__seed_8_1763344785
6881280,1-Training-Losses/explained_variance,0.38669437170028687,Pong1PCB2L336P__seed_8_1763344785
6885376,1-Training-Losses/explained_variance,0.5078784227371216,Pong1PCB2L336P__seed_8_1763344785
6889472,1-Training-Losses/explained_variance,0.44131654500961304,Pong1PCB2L336P__seed_8_1763344785
6893568,1-Training-Losses/explained_variance,0.4092838168144226,Pong1PCB2L336P__seed_8_1763344785
6897664,1-Training-Losses/explained_variance,0.3976874351501465,Pong1PCB2L336P__seed_8_1763344785
6901760,1-Training-Losses/explained_variance,0.44977593421936035,Pong1PCB2L336P__seed_8_1763344785
6905856,1-Training-Losses/explained_variance,0.49356889724731445,Pong1PCB2L336P__seed_8_1763344785
6909952,1-Training-Losses/explained_variance,0.3397221565246582,Pong1PCB2L336P__seed_8_1763344785
6914048,1-Training-Losses/explained_variance,0.3528090715408325,Pong1PCB2L336P__seed_8_1763344785
6918144,1-Training-Losses/explained_variance,0.4532390236854553,Pong1PCB2L336P__seed_8_1763344785
6922240,1-Training-Losses/explained_variance,0.4073946475982666,Pong1PCB2L336P__seed_8_1763344785
6926336,1-Training-Losses/explained_variance,0.5299608707427979,Pong1PCB2L336P__seed_8_1763344785
6930432,1-Training-Losses/explained_variance,0.4137682318687439,Pong1PCB2L336P__seed_8_1763344785
6934528,1-Training-Losses/explained_variance,0.3348076343536377,Pong1PCB2L336P__seed_8_1763344785
6938624,1-Training-Losses/explained_variance,0.4403935670852661,Pong1PCB2L336P__seed_8_1763344785
6942720,1-Training-Losses/explained_variance,0.44730162620544434,Pong1PCB2L336P__seed_8_1763344785
6946816,1-Training-Losses/explained_variance,0.4705604314804077,Pong1PCB2L336P__seed_8_1763344785
6950912,1-Training-Losses/explained_variance,0.4064711332321167,Pong1PCB2L336P__seed_8_1763344785
6955008,1-Training-Losses/explained_variance,0.5072483420372009,Pong1PCB2L336P__seed_8_1763344785
6959104,1-Training-Losses/explained_variance,0.4988778233528137,Pong1PCB2L336P__seed_8_1763344785
6963200,1-Training-Losses/explained_variance,0.49064069986343384,Pong1PCB2L336P__seed_8_1763344785
6967296,1-Training-Losses/explained_variance,0.49113720655441284,Pong1PCB2L336P__seed_8_1763344785
6971392,1-Training-Losses/explained_variance,0.4075511693954468,Pong1PCB2L336P__seed_8_1763344785
6975488,1-Training-Losses/explained_variance,0.4429882764816284,Pong1PCB2L336P__seed_8_1763344785
6979584,1-Training-Losses/explained_variance,0.44503140449523926,Pong1PCB2L336P__seed_8_1763344785
6983680,1-Training-Losses/explained_variance,0.5071255564689636,Pong1PCB2L336P__seed_8_1763344785
6987776,1-Training-Losses/explained_variance,0.3168390989303589,Pong1PCB2L336P__seed_8_1763344785
6991872,1-Training-Losses/explained_variance,0.42547595500946045,Pong1PCB2L336P__seed_8_1763344785
6995968,1-Training-Losses/explained_variance,0.4676046371459961,Pong1PCB2L336P__seed_8_1763344785
7000064,1-Training-Losses/explained_variance,0.41922348737716675,Pong1PCB2L336P__seed_8_1763344785
7004160,1-Training-Losses/explained_variance,0.41706258058547974,Pong1PCB2L336P__seed_8_1763344785
7008256,1-Training-Losses/explained_variance,0.5419586896896362,Pong1PCB2L336P__seed_8_1763344785
7012352,1-Training-Losses/explained_variance,0.42664140462875366,Pong1PCB2L336P__seed_8_1763344785
7016448,1-Training-Losses/explained_variance,0.47744548320770264,Pong1PCB2L336P__seed_8_1763344785
7020544,1-Training-Losses/explained_variance,0.3655850291252136,Pong1PCB2L336P__seed_8_1763344785
7024640,1-Training-Losses/explained_variance,0.4869762063026428,Pong1PCB2L336P__seed_8_1763344785
7028736,1-Training-Losses/explained_variance,0.4696335196495056,Pong1PCB2L336P__seed_8_1763344785
7032832,1-Training-Losses/explained_variance,0.5051954388618469,Pong1PCB2L336P__seed_8_1763344785
7036928,1-Training-Losses/explained_variance,0.4701728820800781,Pong1PCB2L336P__seed_8_1763344785
7041024,1-Training-Losses/explained_variance,0.24883073568344116,Pong1PCB2L336P__seed_8_1763344785
7045120,1-Training-Losses/explained_variance,0.5336893796920776,Pong1PCB2L336P__seed_8_1763344785
7049216,1-Training-Losses/explained_variance,0.3629799485206604,Pong1PCB2L336P__seed_8_1763344785
7053312,1-Training-Losses/explained_variance,0.4871528148651123,Pong1PCB2L336P__seed_8_1763344785
7057408,1-Training-Losses/explained_variance,0.48292380571365356,Pong1PCB2L336P__seed_8_1763344785
7061504,1-Training-Losses/explained_variance,0.49810147285461426,Pong1PCB2L336P__seed_8_1763344785
7065600,1-Training-Losses/explained_variance,0.5325963497161865,Pong1PCB2L336P__seed_8_1763344785
7069696,1-Training-Losses/explained_variance,0.46022629737854004,Pong1PCB2L336P__seed_8_1763344785
7073792,1-Training-Losses/explained_variance,0.5042272806167603,Pong1PCB2L336P__seed_8_1763344785
7077888,1-Training-Losses/explained_variance,0.42029768228530884,Pong1PCB2L336P__seed_8_1763344785
7081984,1-Training-Losses/explained_variance,0.2959766387939453,Pong1PCB2L336P__seed_8_1763344785
7086080,1-Training-Losses/explained_variance,0.2915663719177246,Pong1PCB2L336P__seed_8_1763344785
7090176,1-Training-Losses/explained_variance,0.3184916377067566,Pong1PCB2L336P__seed_8_1763344785
7094272,1-Training-Losses/explained_variance,0.4778321385383606,Pong1PCB2L336P__seed_8_1763344785
7098368,1-Training-Losses/explained_variance,0.4192269444465637,Pong1PCB2L336P__seed_8_1763344785
7102464,1-Training-Losses/explained_variance,0.44778507947921753,Pong1PCB2L336P__seed_8_1763344785
7106560,1-Training-Losses/explained_variance,0.42738068103790283,Pong1PCB2L336P__seed_8_1763344785
7110656,1-Training-Losses/explained_variance,0.46646833419799805,Pong1PCB2L336P__seed_8_1763344785
7114752,1-Training-Losses/explained_variance,0.4636226296424866,Pong1PCB2L336P__seed_8_1763344785
7118848,1-Training-Losses/explained_variance,0.41856229305267334,Pong1PCB2L336P__seed_8_1763344785
7122944,1-Training-Losses/explained_variance,0.46091175079345703,Pong1PCB2L336P__seed_8_1763344785
7127040,1-Training-Losses/explained_variance,0.39726346731185913,Pong1PCB2L336P__seed_8_1763344785
7131136,1-Training-Losses/explained_variance,0.42823249101638794,Pong1PCB2L336P__seed_8_1763344785
7135232,1-Training-Losses/explained_variance,0.3908956050872803,Pong1PCB2L336P__seed_8_1763344785
7139328,1-Training-Losses/explained_variance,0.4242200255393982,Pong1PCB2L336P__seed_8_1763344785
7143424,1-Training-Losses/explained_variance,0.41703492403030396,Pong1PCB2L336P__seed_8_1763344785
7147520,1-Training-Losses/explained_variance,0.3801147937774658,Pong1PCB2L336P__seed_8_1763344785
7151616,1-Training-Losses/explained_variance,0.46448206901550293,Pong1PCB2L336P__seed_8_1763344785
7155712,1-Training-Losses/explained_variance,0.3388122320175171,Pong1PCB2L336P__seed_8_1763344785
7159808,1-Training-Losses/explained_variance,0.4167090058326721,Pong1PCB2L336P__seed_8_1763344785
7163904,1-Training-Losses/explained_variance,0.5377750396728516,Pong1PCB2L336P__seed_8_1763344785
7168000,1-Training-Losses/explained_variance,0.4349021315574646,Pong1PCB2L336P__seed_8_1763344785
7172096,1-Training-Losses/explained_variance,0.27714061737060547,Pong1PCB2L336P__seed_8_1763344785
7176192,1-Training-Losses/explained_variance,0.3241273760795593,Pong1PCB2L336P__seed_8_1763344785
7180288,1-Training-Losses/explained_variance,0.3224474787712097,Pong1PCB2L336P__seed_8_1763344785
7184384,1-Training-Losses/explained_variance,0.4720589518547058,Pong1PCB2L336P__seed_8_1763344785
7188480,1-Training-Losses/explained_variance,0.39167362451553345,Pong1PCB2L336P__seed_8_1763344785
7192576,1-Training-Losses/explained_variance,0.4149967432022095,Pong1PCB2L336P__seed_8_1763344785
7196672,1-Training-Losses/explained_variance,0.4368283748626709,Pong1PCB2L336P__seed_8_1763344785
7200768,1-Training-Losses/explained_variance,0.4398922920227051,Pong1PCB2L336P__seed_8_1763344785
7204864,1-Training-Losses/explained_variance,0.42667287588119507,Pong1PCB2L336P__seed_8_1763344785
7208960,1-Training-Losses/explained_variance,0.47955650091171265,Pong1PCB2L336P__seed_8_1763344785
7213056,1-Training-Losses/explained_variance,0.3979843258857727,Pong1PCB2L336P__seed_8_1763344785
7217152,1-Training-Losses/explained_variance,0.41739821434020996,Pong1PCB2L336P__seed_8_1763344785
7221248,1-Training-Losses/explained_variance,0.40158432722091675,Pong1PCB2L336P__seed_8_1763344785
7225344,1-Training-Losses/explained_variance,0.44768255949020386,Pong1PCB2L336P__seed_8_1763344785
7229440,1-Training-Losses/explained_variance,0.4287453889846802,Pong1PCB2L336P__seed_8_1763344785
7233536,1-Training-Losses/explained_variance,0.4885724186897278,Pong1PCB2L336P__seed_8_1763344785
7237632,1-Training-Losses/explained_variance,0.3746505379676819,Pong1PCB2L336P__seed_8_1763344785
7241728,1-Training-Losses/explained_variance,0.4378396272659302,Pong1PCB2L336P__seed_8_1763344785
7245824,1-Training-Losses/explained_variance,0.5241199731826782,Pong1PCB2L336P__seed_8_1763344785
7249920,1-Training-Losses/explained_variance,0.5563548803329468,Pong1PCB2L336P__seed_8_1763344785
7254016,1-Training-Losses/explained_variance,0.49065345525741577,Pong1PCB2L336P__seed_8_1763344785
7258112,1-Training-Losses/explained_variance,0.5030114054679871,Pong1PCB2L336P__seed_8_1763344785
7262208,1-Training-Losses/explained_variance,0.36611902713775635,Pong1PCB2L336P__seed_8_1763344785
7266304,1-Training-Losses/explained_variance,0.43014848232269287,Pong1PCB2L336P__seed_8_1763344785
7270400,1-Training-Losses/explained_variance,0.508159875869751,Pong1PCB2L336P__seed_8_1763344785
7274496,1-Training-Losses/explained_variance,0.464224636554718,Pong1PCB2L336P__seed_8_1763344785
7278592,1-Training-Losses/explained_variance,0.4021807909011841,Pong1PCB2L336P__seed_8_1763344785
7282688,1-Training-Losses/explained_variance,0.47575879096984863,Pong1PCB2L336P__seed_8_1763344785
7286784,1-Training-Losses/explained_variance,0.46854400634765625,Pong1PCB2L336P__seed_8_1763344785
7290880,1-Training-Losses/explained_variance,0.5067179203033447,Pong1PCB2L336P__seed_8_1763344785
7294976,1-Training-Losses/explained_variance,0.4754788875579834,Pong1PCB2L336P__seed_8_1763344785
7299072,1-Training-Losses/explained_variance,0.5594991445541382,Pong1PCB2L336P__seed_8_1763344785
7303168,1-Training-Losses/explained_variance,0.46403467655181885,Pong1PCB2L336P__seed_8_1763344785
7307264,1-Training-Losses/explained_variance,0.4574114680290222,Pong1PCB2L336P__seed_8_1763344785
7311360,1-Training-Losses/explained_variance,0.46368658542633057,Pong1PCB2L336P__seed_8_1763344785
7315456,1-Training-Losses/explained_variance,0.3955773115158081,Pong1PCB2L336P__seed_8_1763344785
7319552,1-Training-Losses/explained_variance,0.4262548089027405,Pong1PCB2L336P__seed_8_1763344785
7323648,1-Training-Losses/explained_variance,0.5188943147659302,Pong1PCB2L336P__seed_8_1763344785
7327744,1-Training-Losses/explained_variance,0.41618824005126953,Pong1PCB2L336P__seed_8_1763344785
7331840,1-Training-Losses/explained_variance,0.4701545238494873,Pong1PCB2L336P__seed_8_1763344785
7335936,1-Training-Losses/explained_variance,0.5032283067703247,Pong1PCB2L336P__seed_8_1763344785
7340032,1-Training-Losses/explained_variance,0.4958510398864746,Pong1PCB2L336P__seed_8_1763344785
7344128,1-Training-Losses/explained_variance,0.4178623557090759,Pong1PCB2L336P__seed_8_1763344785
7348224,1-Training-Losses/explained_variance,0.4045732021331787,Pong1PCB2L336P__seed_8_1763344785
7352320,1-Training-Losses/explained_variance,0.288524866104126,Pong1PCB2L336P__seed_8_1763344785
7356416,1-Training-Losses/explained_variance,0.4693576693534851,Pong1PCB2L336P__seed_8_1763344785
7360512,1-Training-Losses/explained_variance,0.5326460599899292,Pong1PCB2L336P__seed_8_1763344785
7364608,1-Training-Losses/explained_variance,0.3717575669288635,Pong1PCB2L336P__seed_8_1763344785
7368704,1-Training-Losses/explained_variance,0.48261427879333496,Pong1PCB2L336P__seed_8_1763344785
7372800,1-Training-Losses/explained_variance,0.41932713985443115,Pong1PCB2L336P__seed_8_1763344785
7376896,1-Training-Losses/explained_variance,0.357583224773407,Pong1PCB2L336P__seed_8_1763344785
7380992,1-Training-Losses/explained_variance,0.36786240339279175,Pong1PCB2L336P__seed_8_1763344785
7385088,1-Training-Losses/explained_variance,0.4439489245414734,Pong1PCB2L336P__seed_8_1763344785
7389184,1-Training-Losses/explained_variance,0.41966474056243896,Pong1PCB2L336P__seed_8_1763344785
7393280,1-Training-Losses/explained_variance,0.45720523595809937,Pong1PCB2L336P__seed_8_1763344785
7397376,1-Training-Losses/explained_variance,0.4422939419746399,Pong1PCB2L336P__seed_8_1763344785
7401472,1-Training-Losses/explained_variance,0.45989227294921875,Pong1PCB2L336P__seed_8_1763344785
7405568,1-Training-Losses/explained_variance,0.4982782006263733,Pong1PCB2L336P__seed_8_1763344785
7409664,1-Training-Losses/explained_variance,0.3917008638381958,Pong1PCB2L336P__seed_8_1763344785
7413760,1-Training-Losses/explained_variance,0.48640912771224976,Pong1PCB2L336P__seed_8_1763344785
7417856,1-Training-Losses/explained_variance,0.5278598070144653,Pong1PCB2L336P__seed_8_1763344785
7421952,1-Training-Losses/explained_variance,0.4775044918060303,Pong1PCB2L336P__seed_8_1763344785
7426048,1-Training-Losses/explained_variance,0.4045548439025879,Pong1PCB2L336P__seed_8_1763344785
7430144,1-Training-Losses/explained_variance,0.3503143787384033,Pong1PCB2L336P__seed_8_1763344785
7434240,1-Training-Losses/explained_variance,0.500872015953064,Pong1PCB2L336P__seed_8_1763344785
7438336,1-Training-Losses/explained_variance,0.4697191119194031,Pong1PCB2L336P__seed_8_1763344785
7442432,1-Training-Losses/explained_variance,0.49222713708877563,Pong1PCB2L336P__seed_8_1763344785
7446528,1-Training-Losses/explained_variance,0.5536813139915466,Pong1PCB2L336P__seed_8_1763344785
7450624,1-Training-Losses/explained_variance,0.4598638415336609,Pong1PCB2L336P__seed_8_1763344785
7454720,1-Training-Losses/explained_variance,0.41555529832839966,Pong1PCB2L336P__seed_8_1763344785
7458816,1-Training-Losses/explained_variance,0.47061413526535034,Pong1PCB2L336P__seed_8_1763344785
7462912,1-Training-Losses/explained_variance,0.33230674266815186,Pong1PCB2L336P__seed_8_1763344785
7467008,1-Training-Losses/explained_variance,0.5105802416801453,Pong1PCB2L336P__seed_8_1763344785
7471104,1-Training-Losses/explained_variance,0.5428411364555359,Pong1PCB2L336P__seed_8_1763344785
7475200,1-Training-Losses/explained_variance,0.46950823068618774,Pong1PCB2L336P__seed_8_1763344785
7479296,1-Training-Losses/explained_variance,0.34040582180023193,Pong1PCB2L336P__seed_8_1763344785
7483392,1-Training-Losses/explained_variance,0.4420408606529236,Pong1PCB2L336P__seed_8_1763344785
7487488,1-Training-Losses/explained_variance,0.4727799892425537,Pong1PCB2L336P__seed_8_1763344785
7491584,1-Training-Losses/explained_variance,0.4162396192550659,Pong1PCB2L336P__seed_8_1763344785
7495680,1-Training-Losses/explained_variance,0.561048150062561,Pong1PCB2L336P__seed_8_1763344785
7499776,1-Training-Losses/explained_variance,0.20727872848510742,Pong1PCB2L336P__seed_8_1763344785
7503872,1-Training-Losses/explained_variance,0.43091243505477905,Pong1PCB2L336P__seed_8_1763344785
7507968,1-Training-Losses/explained_variance,0.5071451663970947,Pong1PCB2L336P__seed_8_1763344785
7512064,1-Training-Losses/explained_variance,0.4552047848701477,Pong1PCB2L336P__seed_8_1763344785
7516160,1-Training-Losses/explained_variance,0.4411282539367676,Pong1PCB2L336P__seed_8_1763344785
7520256,1-Training-Losses/explained_variance,0.5102272033691406,Pong1PCB2L336P__seed_8_1763344785
7524352,1-Training-Losses/explained_variance,0.4984309673309326,Pong1PCB2L336P__seed_8_1763344785
7528448,1-Training-Losses/explained_variance,0.35452336072921753,Pong1PCB2L336P__seed_8_1763344785
7532544,1-Training-Losses/explained_variance,0.4729103446006775,Pong1PCB2L336P__seed_8_1763344785
7536640,1-Training-Losses/explained_variance,0.43715643882751465,Pong1PCB2L336P__seed_8_1763344785
7540736,1-Training-Losses/explained_variance,0.48508375883102417,Pong1PCB2L336P__seed_8_1763344785
7544832,1-Training-Losses/explained_variance,0.34996122121810913,Pong1PCB2L336P__seed_8_1763344785
7548928,1-Training-Losses/explained_variance,0.4759345054626465,Pong1PCB2L336P__seed_8_1763344785
7553024,1-Training-Losses/explained_variance,0.36772507429122925,Pong1PCB2L336P__seed_8_1763344785
7557120,1-Training-Losses/explained_variance,0.4859216809272766,Pong1PCB2L336P__seed_8_1763344785
7561216,1-Training-Losses/explained_variance,0.5116366147994995,Pong1PCB2L336P__seed_8_1763344785
7565312,1-Training-Losses/explained_variance,0.49577587842941284,Pong1PCB2L336P__seed_8_1763344785
7569408,1-Training-Losses/explained_variance,0.49066030979156494,Pong1PCB2L336P__seed_8_1763344785
7573504,1-Training-Losses/explained_variance,0.44241511821746826,Pong1PCB2L336P__seed_8_1763344785
7577600,1-Training-Losses/explained_variance,0.4438140392303467,Pong1PCB2L336P__seed_8_1763344785
7581696,1-Training-Losses/explained_variance,0.4218147397041321,Pong1PCB2L336P__seed_8_1763344785
7585792,1-Training-Losses/explained_variance,0.4940263032913208,Pong1PCB2L336P__seed_8_1763344785
7589888,1-Training-Losses/explained_variance,0.4456942677497864,Pong1PCB2L336P__seed_8_1763344785
7593984,1-Training-Losses/explained_variance,0.5726758241653442,Pong1PCB2L336P__seed_8_1763344785
7598080,1-Training-Losses/explained_variance,0.5042273998260498,Pong1PCB2L336P__seed_8_1763344785
7602176,1-Training-Losses/explained_variance,0.4822028875350952,Pong1PCB2L336P__seed_8_1763344785
7606272,1-Training-Losses/explained_variance,0.43761712312698364,Pong1PCB2L336P__seed_8_1763344785
7610368,1-Training-Losses/explained_variance,0.3653116226196289,Pong1PCB2L336P__seed_8_1763344785
7614464,1-Training-Losses/explained_variance,0.5066447257995605,Pong1PCB2L336P__seed_8_1763344785
7618560,1-Training-Losses/explained_variance,0.4548097848892212,Pong1PCB2L336P__seed_8_1763344785
7622656,1-Training-Losses/explained_variance,0.3793668746948242,Pong1PCB2L336P__seed_8_1763344785
7626752,1-Training-Losses/explained_variance,0.48149269819259644,Pong1PCB2L336P__seed_8_1763344785
7630848,1-Training-Losses/explained_variance,0.44873952865600586,Pong1PCB2L336P__seed_8_1763344785
7634944,1-Training-Losses/explained_variance,0.43203771114349365,Pong1PCB2L336P__seed_8_1763344785
7639040,1-Training-Losses/explained_variance,0.48781710863113403,Pong1PCB2L336P__seed_8_1763344785
7643136,1-Training-Losses/explained_variance,0.4203214645385742,Pong1PCB2L336P__seed_8_1763344785
7647232,1-Training-Losses/explained_variance,0.3413529396057129,Pong1PCB2L336P__seed_8_1763344785
7651328,1-Training-Losses/explained_variance,0.3116438388824463,Pong1PCB2L336P__seed_8_1763344785
7655424,1-Training-Losses/explained_variance,0.45187824964523315,Pong1PCB2L336P__seed_8_1763344785
7659520,1-Training-Losses/explained_variance,0.4634694457054138,Pong1PCB2L336P__seed_8_1763344785
7663616,1-Training-Losses/explained_variance,0.39026111364364624,Pong1PCB2L336P__seed_8_1763344785
7667712,1-Training-Losses/explained_variance,0.4217839241027832,Pong1PCB2L336P__seed_8_1763344785
7671808,1-Training-Losses/explained_variance,0.4415360689163208,Pong1PCB2L336P__seed_8_1763344785
7675904,1-Training-Losses/explained_variance,0.4215624928474426,Pong1PCB2L336P__seed_8_1763344785
7680000,1-Training-Losses/explained_variance,0.4136376976966858,Pong1PCB2L336P__seed_8_1763344785
7684096,1-Training-Losses/explained_variance,0.46618205308914185,Pong1PCB2L336P__seed_8_1763344785
7688192,1-Training-Losses/explained_variance,0.45420384407043457,Pong1PCB2L336P__seed_8_1763344785
7692288,1-Training-Losses/explained_variance,0.40489500761032104,Pong1PCB2L336P__seed_8_1763344785
7696384,1-Training-Losses/explained_variance,0.3949781060218811,Pong1PCB2L336P__seed_8_1763344785
7700480,1-Training-Losses/explained_variance,0.39654022455215454,Pong1PCB2L336P__seed_8_1763344785
7704576,1-Training-Losses/explained_variance,0.34884113073349,Pong1PCB2L336P__seed_8_1763344785
7708672,1-Training-Losses/explained_variance,0.486083984375,Pong1PCB2L336P__seed_8_1763344785
7712768,1-Training-Losses/explained_variance,0.42771095037460327,Pong1PCB2L336P__seed_8_1763344785
7716864,1-Training-Losses/explained_variance,0.3943024277687073,Pong1PCB2L336P__seed_8_1763344785
7720960,1-Training-Losses/explained_variance,0.4955536723136902,Pong1PCB2L336P__seed_8_1763344785
7725056,1-Training-Losses/explained_variance,0.4543269872665405,Pong1PCB2L336P__seed_8_1763344785
7729152,1-Training-Losses/explained_variance,0.40066462755203247,Pong1PCB2L336P__seed_8_1763344785
7733248,1-Training-Losses/explained_variance,0.44556593894958496,Pong1PCB2L336P__seed_8_1763344785
7737344,1-Training-Losses/explained_variance,0.4143102169036865,Pong1PCB2L336P__seed_8_1763344785
7741440,1-Training-Losses/explained_variance,0.5083168745040894,Pong1PCB2L336P__seed_8_1763344785
7745536,1-Training-Losses/explained_variance,0.4471575617790222,Pong1PCB2L336P__seed_8_1763344785
7749632,1-Training-Losses/explained_variance,0.43292272090911865,Pong1PCB2L336P__seed_8_1763344785
7753728,1-Training-Losses/explained_variance,0.49975669384002686,Pong1PCB2L336P__seed_8_1763344785
7757824,1-Training-Losses/explained_variance,0.508445680141449,Pong1PCB2L336P__seed_8_1763344785
7761920,1-Training-Losses/explained_variance,0.396973192691803,Pong1PCB2L336P__seed_8_1763344785
7766016,1-Training-Losses/explained_variance,0.3852991461753845,Pong1PCB2L336P__seed_8_1763344785
7770112,1-Training-Losses/explained_variance,0.4355596899986267,Pong1PCB2L336P__seed_8_1763344785
7774208,1-Training-Losses/explained_variance,0.47503942251205444,Pong1PCB2L336P__seed_8_1763344785
7778304,1-Training-Losses/explained_variance,0.4312175512313843,Pong1PCB2L336P__seed_8_1763344785
7782400,1-Training-Losses/explained_variance,0.3989369869232178,Pong1PCB2L336P__seed_8_1763344785
7786496,1-Training-Losses/explained_variance,0.388126015663147,Pong1PCB2L336P__seed_8_1763344785
7790592,1-Training-Losses/explained_variance,0.4014849066734314,Pong1PCB2L336P__seed_8_1763344785
7794688,1-Training-Losses/explained_variance,0.3761337399482727,Pong1PCB2L336P__seed_8_1763344785
7798784,1-Training-Losses/explained_variance,0.4126296639442444,Pong1PCB2L336P__seed_8_1763344785
7802880,1-Training-Losses/explained_variance,0.43513238430023193,Pong1PCB2L336P__seed_8_1763344785
7806976,1-Training-Losses/explained_variance,0.3483780026435852,Pong1PCB2L336P__seed_8_1763344785
7811072,1-Training-Losses/explained_variance,0.39132583141326904,Pong1PCB2L336P__seed_8_1763344785
7815168,1-Training-Losses/explained_variance,0.528938889503479,Pong1PCB2L336P__seed_8_1763344785
7819264,1-Training-Losses/explained_variance,0.3569040894508362,Pong1PCB2L336P__seed_8_1763344785
7823360,1-Training-Losses/explained_variance,0.4355143904685974,Pong1PCB2L336P__seed_8_1763344785
7827456,1-Training-Losses/explained_variance,0.3049224019050598,Pong1PCB2L336P__seed_8_1763344785
7831552,1-Training-Losses/explained_variance,0.4874908924102783,Pong1PCB2L336P__seed_8_1763344785
7835648,1-Training-Losses/explained_variance,0.270169734954834,Pong1PCB2L336P__seed_8_1763344785
7839744,1-Training-Losses/explained_variance,0.3245130777359009,Pong1PCB2L336P__seed_8_1763344785
7843840,1-Training-Losses/explained_variance,0.3873368501663208,Pong1PCB2L336P__seed_8_1763344785
7847936,1-Training-Losses/explained_variance,0.38813793659210205,Pong1PCB2L336P__seed_8_1763344785
7852032,1-Training-Losses/explained_variance,0.4448333978652954,Pong1PCB2L336P__seed_8_1763344785
7856128,1-Training-Losses/explained_variance,0.3968597650527954,Pong1PCB2L336P__seed_8_1763344785
7860224,1-Training-Losses/explained_variance,0.47524911165237427,Pong1PCB2L336P__seed_8_1763344785
7864320,1-Training-Losses/explained_variance,0.47645998001098633,Pong1PCB2L336P__seed_8_1763344785
7868416,1-Training-Losses/explained_variance,0.5076097846031189,Pong1PCB2L336P__seed_8_1763344785
7872512,1-Training-Losses/explained_variance,0.32953739166259766,Pong1PCB2L336P__seed_8_1763344785
7876608,1-Training-Losses/explained_variance,0.5170859098434448,Pong1PCB2L336P__seed_8_1763344785
7880704,1-Training-Losses/explained_variance,0.3163697123527527,Pong1PCB2L336P__seed_8_1763344785
7884800,1-Training-Losses/explained_variance,0.5038663148880005,Pong1PCB2L336P__seed_8_1763344785
7888896,1-Training-Losses/explained_variance,0.4804333448410034,Pong1PCB2L336P__seed_8_1763344785
7892992,1-Training-Losses/explained_variance,0.4632786512374878,Pong1PCB2L336P__seed_8_1763344785
7897088,1-Training-Losses/explained_variance,0.4672926664352417,Pong1PCB2L336P__seed_8_1763344785
7901184,1-Training-Losses/explained_variance,0.37088918685913086,Pong1PCB2L336P__seed_8_1763344785
7905280,1-Training-Losses/explained_variance,0.47972261905670166,Pong1PCB2L336P__seed_8_1763344785
7909376,1-Training-Losses/explained_variance,0.34485161304473877,Pong1PCB2L336P__seed_8_1763344785
7913472,1-Training-Losses/explained_variance,0.4153662323951721,Pong1PCB2L336P__seed_8_1763344785
7917568,1-Training-Losses/explained_variance,0.38914281129837036,Pong1PCB2L336P__seed_8_1763344785
7921664,1-Training-Losses/explained_variance,0.3656800389289856,Pong1PCB2L336P__seed_8_1763344785
7925760,1-Training-Losses/explained_variance,0.5155805349349976,Pong1PCB2L336P__seed_8_1763344785
7929856,1-Training-Losses/explained_variance,0.38664108514785767,Pong1PCB2L336P__seed_8_1763344785
7933952,1-Training-Losses/explained_variance,0.4073147773742676,Pong1PCB2L336P__seed_8_1763344785
7938048,1-Training-Losses/explained_variance,0.34289872646331787,Pong1PCB2L336P__seed_8_1763344785
7942144,1-Training-Losses/explained_variance,0.47906988859176636,Pong1PCB2L336P__seed_8_1763344785
7946240,1-Training-Losses/explained_variance,0.4598070979118347,Pong1PCB2L336P__seed_8_1763344785
7950336,1-Training-Losses/explained_variance,0.36400800943374634,Pong1PCB2L336P__seed_8_1763344785
7954432,1-Training-Losses/explained_variance,0.3940906524658203,Pong1PCB2L336P__seed_8_1763344785
7958528,1-Training-Losses/explained_variance,0.3987519145011902,Pong1PCB2L336P__seed_8_1763344785
7962624,1-Training-Losses/explained_variance,0.43251144886016846,Pong1PCB2L336P__seed_8_1763344785
7966720,1-Training-Losses/explained_variance,0.31169313192367554,Pong1PCB2L336P__seed_8_1763344785
7970816,1-Training-Losses/explained_variance,0.26930803060531616,Pong1PCB2L336P__seed_8_1763344785
7974912,1-Training-Losses/explained_variance,0.2943717837333679,Pong1PCB2L336P__seed_8_1763344785
7979008,1-Training-Losses/explained_variance,0.427314817905426,Pong1PCB2L336P__seed_8_1763344785
7983104,1-Training-Losses/explained_variance,0.36437904834747314,Pong1PCB2L336P__seed_8_1763344785
7987200,1-Training-Losses/explained_variance,0.4522565007209778,Pong1PCB2L336P__seed_8_1763344785
7991296,1-Training-Losses/explained_variance,0.44623756408691406,Pong1PCB2L336P__seed_8_1763344785
7995392,1-Training-Losses/explained_variance,0.4301985502243042,Pong1PCB2L336P__seed_8_1763344785
7999488,1-Training-Losses/explained_variance,0.3940412402153015,Pong1PCB2L336P__seed_8_1763344785
8003584,1-Training-Losses/explained_variance,0.43682295083999634,Pong1PCB2L336P__seed_8_1763344785
8007680,1-Training-Losses/explained_variance,0.47029823064804077,Pong1PCB2L336P__seed_8_1763344785
8011776,1-Training-Losses/explained_variance,0.4454076290130615,Pong1PCB2L336P__seed_8_1763344785
8015872,1-Training-Losses/explained_variance,0.3628803491592407,Pong1PCB2L336P__seed_8_1763344785
8019968,1-Training-Losses/explained_variance,0.36418700218200684,Pong1PCB2L336P__seed_8_1763344785
8024064,1-Training-Losses/explained_variance,0.3742574453353882,Pong1PCB2L336P__seed_8_1763344785
8028160,1-Training-Losses/explained_variance,0.44090747833251953,Pong1PCB2L336P__seed_8_1763344785
8032256,1-Training-Losses/explained_variance,0.42665576934814453,Pong1PCB2L336P__seed_8_1763344785
8036352,1-Training-Losses/explained_variance,0.4264242649078369,Pong1PCB2L336P__seed_8_1763344785
8040448,1-Training-Losses/explained_variance,0.4222647547721863,Pong1PCB2L336P__seed_8_1763344785
8044544,1-Training-Losses/explained_variance,0.4148591160774231,Pong1PCB2L336P__seed_8_1763344785
8048640,1-Training-Losses/explained_variance,0.4839816093444824,Pong1PCB2L336P__seed_8_1763344785
8052736,1-Training-Losses/explained_variance,0.4290465712547302,Pong1PCB2L336P__seed_8_1763344785
8056832,1-Training-Losses/explained_variance,0.40012645721435547,Pong1PCB2L336P__seed_8_1763344785
8060928,1-Training-Losses/explained_variance,0.3794921636581421,Pong1PCB2L336P__seed_8_1763344785
8065024,1-Training-Losses/explained_variance,0.5339946746826172,Pong1PCB2L336P__seed_8_1763344785
8069120,1-Training-Losses/explained_variance,0.44445329904556274,Pong1PCB2L336P__seed_8_1763344785
8073216,1-Training-Losses/explained_variance,0.44455045461654663,Pong1PCB2L336P__seed_8_1763344785
8077312,1-Training-Losses/explained_variance,0.43398916721343994,Pong1PCB2L336P__seed_8_1763344785
8081408,1-Training-Losses/explained_variance,0.3221976161003113,Pong1PCB2L336P__seed_8_1763344785
8085504,1-Training-Losses/explained_variance,0.41883236169815063,Pong1PCB2L336P__seed_8_1763344785
8089600,1-Training-Losses/explained_variance,0.4389427900314331,Pong1PCB2L336P__seed_8_1763344785
8093696,1-Training-Losses/explained_variance,0.37152761220932007,Pong1PCB2L336P__seed_8_1763344785
8097792,1-Training-Losses/explained_variance,0.37894678115844727,Pong1PCB2L336P__seed_8_1763344785
8101888,1-Training-Losses/explained_variance,0.47261810302734375,Pong1PCB2L336P__seed_8_1763344785
8105984,1-Training-Losses/explained_variance,0.34369200468063354,Pong1PCB2L336P__seed_8_1763344785
8110080,1-Training-Losses/explained_variance,0.4699033498764038,Pong1PCB2L336P__seed_8_1763344785
8114176,1-Training-Losses/explained_variance,0.24073880910873413,Pong1PCB2L336P__seed_8_1763344785
8118272,1-Training-Losses/explained_variance,0.40312057733535767,Pong1PCB2L336P__seed_8_1763344785
8122368,1-Training-Losses/explained_variance,0.4767111539840698,Pong1PCB2L336P__seed_8_1763344785
8126464,1-Training-Losses/explained_variance,0.4879648685455322,Pong1PCB2L336P__seed_8_1763344785
8130560,1-Training-Losses/explained_variance,0.3609203100204468,Pong1PCB2L336P__seed_8_1763344785
8134656,1-Training-Losses/explained_variance,0.49528026580810547,Pong1PCB2L336P__seed_8_1763344785
8138752,1-Training-Losses/explained_variance,0.44898533821105957,Pong1PCB2L336P__seed_8_1763344785
8142848,1-Training-Losses/explained_variance,0.4346851706504822,Pong1PCB2L336P__seed_8_1763344785
8146944,1-Training-Losses/explained_variance,0.38054805994033813,Pong1PCB2L336P__seed_8_1763344785
8151040,1-Training-Losses/explained_variance,0.4576246738433838,Pong1PCB2L336P__seed_8_1763344785
8155136,1-Training-Losses/explained_variance,0.493244469165802,Pong1PCB2L336P__seed_8_1763344785
8159232,1-Training-Losses/explained_variance,0.39817917346954346,Pong1PCB2L336P__seed_8_1763344785
8163328,1-Training-Losses/explained_variance,0.4036499857902527,Pong1PCB2L336P__seed_8_1763344785
8167424,1-Training-Losses/explained_variance,0.4082654118537903,Pong1PCB2L336P__seed_8_1763344785
8171520,1-Training-Losses/explained_variance,0.4681534767150879,Pong1PCB2L336P__seed_8_1763344785
8175616,1-Training-Losses/explained_variance,0.4489437937736511,Pong1PCB2L336P__seed_8_1763344785
8179712,1-Training-Losses/explained_variance,0.45914703607559204,Pong1PCB2L336P__seed_8_1763344785
8183808,1-Training-Losses/explained_variance,0.44658994674682617,Pong1PCB2L336P__seed_8_1763344785
8187904,1-Training-Losses/explained_variance,0.41731876134872437,Pong1PCB2L336P__seed_8_1763344785
8192000,1-Training-Losses/explained_variance,0.4831879734992981,Pong1PCB2L336P__seed_8_1763344785
8196096,1-Training-Losses/explained_variance,0.5406149625778198,Pong1PCB2L336P__seed_8_1763344785
8200192,1-Training-Losses/explained_variance,0.49113786220550537,Pong1PCB2L336P__seed_8_1763344785
8204288,1-Training-Losses/explained_variance,0.47131645679473877,Pong1PCB2L336P__seed_8_1763344785
8208384,1-Training-Losses/explained_variance,0.40436673164367676,Pong1PCB2L336P__seed_8_1763344785
8212480,1-Training-Losses/explained_variance,0.4499437212944031,Pong1PCB2L336P__seed_8_1763344785
8216576,1-Training-Losses/explained_variance,0.5033329725265503,Pong1PCB2L336P__seed_8_1763344785
8220672,1-Training-Losses/explained_variance,0.47581666707992554,Pong1PCB2L336P__seed_8_1763344785
8224768,1-Training-Losses/explained_variance,0.47208184003829956,Pong1PCB2L336P__seed_8_1763344785
8228864,1-Training-Losses/explained_variance,0.46800434589385986,Pong1PCB2L336P__seed_8_1763344785
8232960,1-Training-Losses/explained_variance,0.4001193046569824,Pong1PCB2L336P__seed_8_1763344785
8237056,1-Training-Losses/explained_variance,0.522340714931488,Pong1PCB2L336P__seed_8_1763344785
8241152,1-Training-Losses/explained_variance,0.35625505447387695,Pong1PCB2L336P__seed_8_1763344785
8245248,1-Training-Losses/explained_variance,0.442630410194397,Pong1PCB2L336P__seed_8_1763344785
8249344,1-Training-Losses/explained_variance,0.5778839588165283,Pong1PCB2L336P__seed_8_1763344785
8253440,1-Training-Losses/explained_variance,0.4643492102622986,Pong1PCB2L336P__seed_8_1763344785
8257536,1-Training-Losses/explained_variance,0.415719211101532,Pong1PCB2L336P__seed_8_1763344785
8261632,1-Training-Losses/explained_variance,0.3439902067184448,Pong1PCB2L336P__seed_8_1763344785
8265728,1-Training-Losses/explained_variance,0.4293391704559326,Pong1PCB2L336P__seed_8_1763344785
8269824,1-Training-Losses/explained_variance,0.39636528491973877,Pong1PCB2L336P__seed_8_1763344785
8273920,1-Training-Losses/explained_variance,0.4315403699874878,Pong1PCB2L336P__seed_8_1763344785
8278016,1-Training-Losses/explained_variance,0.44267725944519043,Pong1PCB2L336P__seed_8_1763344785
8282112,1-Training-Losses/explained_variance,0.4056131839752197,Pong1PCB2L336P__seed_8_1763344785
8286208,1-Training-Losses/explained_variance,0.43492788076400757,Pong1PCB2L336P__seed_8_1763344785
8290304,1-Training-Losses/explained_variance,0.35696858167648315,Pong1PCB2L336P__seed_8_1763344785
8294400,1-Training-Losses/explained_variance,0.4191740155220032,Pong1PCB2L336P__seed_8_1763344785
8298496,1-Training-Losses/explained_variance,0.4481583833694458,Pong1PCB2L336P__seed_8_1763344785
8302592,1-Training-Losses/explained_variance,0.38451170921325684,Pong1PCB2L336P__seed_8_1763344785
8306688,1-Training-Losses/explained_variance,0.4497053623199463,Pong1PCB2L336P__seed_8_1763344785
8310784,1-Training-Losses/explained_variance,0.47306251525878906,Pong1PCB2L336P__seed_8_1763344785
8314880,1-Training-Losses/explained_variance,0.38831502199172974,Pong1PCB2L336P__seed_8_1763344785
8318976,1-Training-Losses/explained_variance,0.42374008893966675,Pong1PCB2L336P__seed_8_1763344785
8323072,1-Training-Losses/explained_variance,0.4550395607948303,Pong1PCB2L336P__seed_8_1763344785
8327168,1-Training-Losses/explained_variance,0.44763606786727905,Pong1PCB2L336P__seed_8_1763344785
8331264,1-Training-Losses/explained_variance,0.38005226850509644,Pong1PCB2L336P__seed_8_1763344785
8335360,1-Training-Losses/explained_variance,0.3718987703323364,Pong1PCB2L336P__seed_8_1763344785
8339456,1-Training-Losses/explained_variance,0.38028258085250854,Pong1PCB2L336P__seed_8_1763344785
8343552,1-Training-Losses/explained_variance,0.5104243755340576,Pong1PCB2L336P__seed_8_1763344785
8347648,1-Training-Losses/explained_variance,0.420010507106781,Pong1PCB2L336P__seed_8_1763344785
8351744,1-Training-Losses/explained_variance,0.4844571352005005,Pong1PCB2L336P__seed_8_1763344785
8355840,1-Training-Losses/explained_variance,0.41781747341156006,Pong1PCB2L336P__seed_8_1763344785
8359936,1-Training-Losses/explained_variance,0.3224754333496094,Pong1PCB2L336P__seed_8_1763344785
8364032,1-Training-Losses/explained_variance,0.5044001340866089,Pong1PCB2L336P__seed_8_1763344785
8368128,1-Training-Losses/explained_variance,0.43655121326446533,Pong1PCB2L336P__seed_8_1763344785
8372224,1-Training-Losses/explained_variance,0.41617172956466675,Pong1PCB2L336P__seed_8_1763344785
8376320,1-Training-Losses/explained_variance,0.45357513427734375,Pong1PCB2L336P__seed_8_1763344785
8380416,1-Training-Losses/explained_variance,0.40687185525894165,Pong1PCB2L336P__seed_8_1763344785
8384512,1-Training-Losses/explained_variance,0.46521830558776855,Pong1PCB2L336P__seed_8_1763344785
8388608,1-Training-Losses/explained_variance,0.4006460905075073,Pong1PCB2L336P__seed_8_1763344785
8392704,1-Training-Losses/explained_variance,0.4077944755554199,Pong1PCB2L336P__seed_8_1763344785
8396800,1-Training-Losses/explained_variance,0.3882383108139038,Pong1PCB2L336P__seed_8_1763344785
8400896,1-Training-Losses/explained_variance,0.4276711344718933,Pong1PCB2L336P__seed_8_1763344785
8404992,1-Training-Losses/explained_variance,0.4345208406448364,Pong1PCB2L336P__seed_8_1763344785
8409088,1-Training-Losses/explained_variance,0.4042162299156189,Pong1PCB2L336P__seed_8_1763344785
8413184,1-Training-Losses/explained_variance,0.43146687746047974,Pong1PCB2L336P__seed_8_1763344785
8417280,1-Training-Losses/explained_variance,0.4802762269973755,Pong1PCB2L336P__seed_8_1763344785
8421376,1-Training-Losses/explained_variance,0.4503405690193176,Pong1PCB2L336P__seed_8_1763344785
8425472,1-Training-Losses/explained_variance,0.4524414539337158,Pong1PCB2L336P__seed_8_1763344785
8429568,1-Training-Losses/explained_variance,0.4226135015487671,Pong1PCB2L336P__seed_8_1763344785
8433664,1-Training-Losses/explained_variance,0.3968857526779175,Pong1PCB2L336P__seed_8_1763344785
8437760,1-Training-Losses/explained_variance,0.4427170753479004,Pong1PCB2L336P__seed_8_1763344785
8441856,1-Training-Losses/explained_variance,0.3960149884223938,Pong1PCB2L336P__seed_8_1763344785
8445952,1-Training-Losses/explained_variance,0.4089059829711914,Pong1PCB2L336P__seed_8_1763344785
8450048,1-Training-Losses/explained_variance,0.3353935480117798,Pong1PCB2L336P__seed_8_1763344785
8454144,1-Training-Losses/explained_variance,0.39337819814682007,Pong1PCB2L336P__seed_8_1763344785
8458240,1-Training-Losses/explained_variance,0.45248621702194214,Pong1PCB2L336P__seed_8_1763344785
8462336,1-Training-Losses/explained_variance,0.3444226384162903,Pong1PCB2L336P__seed_8_1763344785
8466432,1-Training-Losses/explained_variance,0.43054378032684326,Pong1PCB2L336P__seed_8_1763344785
8470528,1-Training-Losses/explained_variance,0.48333632946014404,Pong1PCB2L336P__seed_8_1763344785
8474624,1-Training-Losses/explained_variance,0.4548976421356201,Pong1PCB2L336P__seed_8_1763344785
8478720,1-Training-Losses/explained_variance,0.380840539932251,Pong1PCB2L336P__seed_8_1763344785
8482816,1-Training-Losses/explained_variance,0.42623960971832275,Pong1PCB2L336P__seed_8_1763344785
8486912,1-Training-Losses/explained_variance,0.3976140022277832,Pong1PCB2L336P__seed_8_1763344785
8491008,1-Training-Losses/explained_variance,0.41520118713378906,Pong1PCB2L336P__seed_8_1763344785
8495104,1-Training-Losses/explained_variance,0.41968703269958496,Pong1PCB2L336P__seed_8_1763344785
8499200,1-Training-Losses/explained_variance,0.3896627426147461,Pong1PCB2L336P__seed_8_1763344785
8503296,1-Training-Losses/explained_variance,0.534424364566803,Pong1PCB2L336P__seed_8_1763344785
8507392,1-Training-Losses/explained_variance,0.4435993432998657,Pong1PCB2L336P__seed_8_1763344785
8511488,1-Training-Losses/explained_variance,0.4533752202987671,Pong1PCB2L336P__seed_8_1763344785
8515584,1-Training-Losses/explained_variance,0.29961180686950684,Pong1PCB2L336P__seed_8_1763344785
8519680,1-Training-Losses/explained_variance,0.4573376774787903,Pong1PCB2L336P__seed_8_1763344785
8523776,1-Training-Losses/explained_variance,0.46615856885910034,Pong1PCB2L336P__seed_8_1763344785
8527872,1-Training-Losses/explained_variance,0.41854560375213623,Pong1PCB2L336P__seed_8_1763344785
8531968,1-Training-Losses/explained_variance,0.4514985680580139,Pong1PCB2L336P__seed_8_1763344785
8536064,1-Training-Losses/explained_variance,0.3592851758003235,Pong1PCB2L336P__seed_8_1763344785
8540160,1-Training-Losses/explained_variance,0.5011418461799622,Pong1PCB2L336P__seed_8_1763344785
8544256,1-Training-Losses/explained_variance,0.29974037408828735,Pong1PCB2L336P__seed_8_1763344785
8548352,1-Training-Losses/explained_variance,0.43650150299072266,Pong1PCB2L336P__seed_8_1763344785
8552448,1-Training-Losses/explained_variance,0.2503873109817505,Pong1PCB2L336P__seed_8_1763344785
8556544,1-Training-Losses/explained_variance,0.414811909198761,Pong1PCB2L336P__seed_8_1763344785
8560640,1-Training-Losses/explained_variance,0.4783228635787964,Pong1PCB2L336P__seed_8_1763344785
8564736,1-Training-Losses/explained_variance,0.4217853546142578,Pong1PCB2L336P__seed_8_1763344785
8568832,1-Training-Losses/explained_variance,0.3724295496940613,Pong1PCB2L336P__seed_8_1763344785
8572928,1-Training-Losses/explained_variance,0.39809679985046387,Pong1PCB2L336P__seed_8_1763344785
8577024,1-Training-Losses/explained_variance,0.41513925790786743,Pong1PCB2L336P__seed_8_1763344785
8581120,1-Training-Losses/explained_variance,0.44220536947250366,Pong1PCB2L336P__seed_8_1763344785
8585216,1-Training-Losses/explained_variance,0.47999560832977295,Pong1PCB2L336P__seed_8_1763344785
8589312,1-Training-Losses/explained_variance,0.4340934753417969,Pong1PCB2L336P__seed_8_1763344785
8593408,1-Training-Losses/explained_variance,0.4230160713195801,Pong1PCB2L336P__seed_8_1763344785
8597504,1-Training-Losses/explained_variance,0.4053502082824707,Pong1PCB2L336P__seed_8_1763344785
8601600,1-Training-Losses/explained_variance,0.4378173351287842,Pong1PCB2L336P__seed_8_1763344785
8605696,1-Training-Losses/explained_variance,0.45361006259918213,Pong1PCB2L336P__seed_8_1763344785
8609792,1-Training-Losses/explained_variance,0.5121216773986816,Pong1PCB2L336P__seed_8_1763344785
8613888,1-Training-Losses/explained_variance,0.4439626932144165,Pong1PCB2L336P__seed_8_1763344785
8617984,1-Training-Losses/explained_variance,0.4346776604652405,Pong1PCB2L336P__seed_8_1763344785
8622080,1-Training-Losses/explained_variance,0.44612932205200195,Pong1PCB2L336P__seed_8_1763344785
8626176,1-Training-Losses/explained_variance,0.37897926568984985,Pong1PCB2L336P__seed_8_1763344785
8630272,1-Training-Losses/explained_variance,0.37789976596832275,Pong1PCB2L336P__seed_8_1763344785
8634368,1-Training-Losses/explained_variance,0.4288367033004761,Pong1PCB2L336P__seed_8_1763344785
8638464,1-Training-Losses/explained_variance,0.4067516326904297,Pong1PCB2L336P__seed_8_1763344785
8642560,1-Training-Losses/explained_variance,0.42380887269973755,Pong1PCB2L336P__seed_8_1763344785
8646656,1-Training-Losses/explained_variance,0.3238159418106079,Pong1PCB2L336P__seed_8_1763344785
8650752,1-Training-Losses/explained_variance,0.1804148554801941,Pong1PCB2L336P__seed_8_1763344785
8654848,1-Training-Losses/explained_variance,0.49890363216400146,Pong1PCB2L336P__seed_8_1763344785
8658944,1-Training-Losses/explained_variance,0.43280911445617676,Pong1PCB2L336P__seed_8_1763344785
8663040,1-Training-Losses/explained_variance,0.4196476936340332,Pong1PCB2L336P__seed_8_1763344785
8667136,1-Training-Losses/explained_variance,0.3492899537086487,Pong1PCB2L336P__seed_8_1763344785
8671232,1-Training-Losses/explained_variance,0.38115084171295166,Pong1PCB2L336P__seed_8_1763344785
8675328,1-Training-Losses/explained_variance,0.372344970703125,Pong1PCB2L336P__seed_8_1763344785
8679424,1-Training-Losses/explained_variance,0.332661509513855,Pong1PCB2L336P__seed_8_1763344785
8683520,1-Training-Losses/explained_variance,0.45798301696777344,Pong1PCB2L336P__seed_8_1763344785
8687616,1-Training-Losses/explained_variance,0.4018864631652832,Pong1PCB2L336P__seed_8_1763344785
8691712,1-Training-Losses/explained_variance,0.36268651485443115,Pong1PCB2L336P__seed_8_1763344785
8695808,1-Training-Losses/explained_variance,0.43790167570114136,Pong1PCB2L336P__seed_8_1763344785
8699904,1-Training-Losses/explained_variance,0.3341808319091797,Pong1PCB2L336P__seed_8_1763344785
8704000,1-Training-Losses/explained_variance,0.44233250617980957,Pong1PCB2L336P__seed_8_1763344785
8708096,1-Training-Losses/explained_variance,0.3851519227027893,Pong1PCB2L336P__seed_8_1763344785
8712192,1-Training-Losses/explained_variance,0.49095451831817627,Pong1PCB2L336P__seed_8_1763344785
8716288,1-Training-Losses/explained_variance,0.3772810697555542,Pong1PCB2L336P__seed_8_1763344785
8720384,1-Training-Losses/explained_variance,0.4403882622718811,Pong1PCB2L336P__seed_8_1763344785
8724480,1-Training-Losses/explained_variance,0.4993671774864197,Pong1PCB2L336P__seed_8_1763344785
8728576,1-Training-Losses/explained_variance,0.4510332942008972,Pong1PCB2L336P__seed_8_1763344785
8732672,1-Training-Losses/explained_variance,0.4647432565689087,Pong1PCB2L336P__seed_8_1763344785
8736768,1-Training-Losses/explained_variance,0.4550272822380066,Pong1PCB2L336P__seed_8_1763344785
8740864,1-Training-Losses/explained_variance,0.3678227663040161,Pong1PCB2L336P__seed_8_1763344785
8744960,1-Training-Losses/explained_variance,0.35310882329940796,Pong1PCB2L336P__seed_8_1763344785
8749056,1-Training-Losses/explained_variance,0.4183841943740845,Pong1PCB2L336P__seed_8_1763344785
8753152,1-Training-Losses/explained_variance,0.4313310980796814,Pong1PCB2L336P__seed_8_1763344785
8757248,1-Training-Losses/explained_variance,0.38123834133148193,Pong1PCB2L336P__seed_8_1763344785
8761344,1-Training-Losses/explained_variance,0.4285508990287781,Pong1PCB2L336P__seed_8_1763344785
8765440,1-Training-Losses/explained_variance,0.3179972767829895,Pong1PCB2L336P__seed_8_1763344785
8769536,1-Training-Losses/explained_variance,0.40470290184020996,Pong1PCB2L336P__seed_8_1763344785
8773632,1-Training-Losses/explained_variance,0.40499168634414673,Pong1PCB2L336P__seed_8_1763344785
8777728,1-Training-Losses/explained_variance,0.33091747760772705,Pong1PCB2L336P__seed_8_1763344785
8781824,1-Training-Losses/explained_variance,0.45755481719970703,Pong1PCB2L336P__seed_8_1763344785
8785920,1-Training-Losses/explained_variance,0.4704110026359558,Pong1PCB2L336P__seed_8_1763344785
8790016,1-Training-Losses/explained_variance,0.5378601551055908,Pong1PCB2L336P__seed_8_1763344785
8794112,1-Training-Losses/explained_variance,0.3384723663330078,Pong1PCB2L336P__seed_8_1763344785
8798208,1-Training-Losses/explained_variance,0.4375203251838684,Pong1PCB2L336P__seed_8_1763344785
8802304,1-Training-Losses/explained_variance,0.35294198989868164,Pong1PCB2L336P__seed_8_1763344785
8806400,1-Training-Losses/explained_variance,0.38045865297317505,Pong1PCB2L336P__seed_8_1763344785
8810496,1-Training-Losses/explained_variance,0.40960562229156494,Pong1PCB2L336P__seed_8_1763344785
8814592,1-Training-Losses/explained_variance,0.3575054407119751,Pong1PCB2L336P__seed_8_1763344785
8818688,1-Training-Losses/explained_variance,0.4925636053085327,Pong1PCB2L336P__seed_8_1763344785
8822784,1-Training-Losses/explained_variance,0.4655378460884094,Pong1PCB2L336P__seed_8_1763344785
8826880,1-Training-Losses/explained_variance,0.37302255630493164,Pong1PCB2L336P__seed_8_1763344785
8830976,1-Training-Losses/explained_variance,0.49686479568481445,Pong1PCB2L336P__seed_8_1763344785
8835072,1-Training-Losses/explained_variance,0.37846338748931885,Pong1PCB2L336P__seed_8_1763344785
8839168,1-Training-Losses/explained_variance,0.36007362604141235,Pong1PCB2L336P__seed_8_1763344785
8843264,1-Training-Losses/explained_variance,0.3631044626235962,Pong1PCB2L336P__seed_8_1763344785
8847360,1-Training-Losses/explained_variance,0.41153866052627563,Pong1PCB2L336P__seed_8_1763344785
8851456,1-Training-Losses/explained_variance,0.41381925344467163,Pong1PCB2L336P__seed_8_1763344785
8855552,1-Training-Losses/explained_variance,0.4993177056312561,Pong1PCB2L336P__seed_8_1763344785
8859648,1-Training-Losses/explained_variance,0.37069588899612427,Pong1PCB2L336P__seed_8_1763344785
8863744,1-Training-Losses/explained_variance,0.4071500897407532,Pong1PCB2L336P__seed_8_1763344785
8867840,1-Training-Losses/explained_variance,0.47489309310913086,Pong1PCB2L336P__seed_8_1763344785
8871936,1-Training-Losses/explained_variance,0.44009464979171753,Pong1PCB2L336P__seed_8_1763344785
8876032,1-Training-Losses/explained_variance,0.4305676221847534,Pong1PCB2L336P__seed_8_1763344785
8880128,1-Training-Losses/explained_variance,0.4300164580345154,Pong1PCB2L336P__seed_8_1763344785
8884224,1-Training-Losses/explained_variance,0.4232257008552551,Pong1PCB2L336P__seed_8_1763344785
8888320,1-Training-Losses/explained_variance,0.40243273973464966,Pong1PCB2L336P__seed_8_1763344785
8892416,1-Training-Losses/explained_variance,0.42080074548721313,Pong1PCB2L336P__seed_8_1763344785
8896512,1-Training-Losses/explained_variance,0.26469045877456665,Pong1PCB2L336P__seed_8_1763344785
8900608,1-Training-Losses/explained_variance,0.3986375331878662,Pong1PCB2L336P__seed_8_1763344785
8904704,1-Training-Losses/explained_variance,0.30131977796554565,Pong1PCB2L336P__seed_8_1763344785
8908800,1-Training-Losses/explained_variance,0.5126183032989502,Pong1PCB2L336P__seed_8_1763344785
8912896,1-Training-Losses/explained_variance,0.26513075828552246,Pong1PCB2L336P__seed_8_1763344785
8916992,1-Training-Losses/explained_variance,0.4664183259010315,Pong1PCB2L336P__seed_8_1763344785
8921088,1-Training-Losses/explained_variance,0.3915417790412903,Pong1PCB2L336P__seed_8_1763344785
8925184,1-Training-Losses/explained_variance,0.39539599418640137,Pong1PCB2L336P__seed_8_1763344785
8929280,1-Training-Losses/explained_variance,0.2958609461784363,Pong1PCB2L336P__seed_8_1763344785
8933376,1-Training-Losses/explained_variance,0.41412508487701416,Pong1PCB2L336P__seed_8_1763344785
8937472,1-Training-Losses/explained_variance,0.41935253143310547,Pong1PCB2L336P__seed_8_1763344785
8941568,1-Training-Losses/explained_variance,0.4564995765686035,Pong1PCB2L336P__seed_8_1763344785
8945664,1-Training-Losses/explained_variance,0.49406176805496216,Pong1PCB2L336P__seed_8_1763344785
8949760,1-Training-Losses/explained_variance,0.4429236650466919,Pong1PCB2L336P__seed_8_1763344785
8953856,1-Training-Losses/explained_variance,0.4082602858543396,Pong1PCB2L336P__seed_8_1763344785
8957952,1-Training-Losses/explained_variance,0.21859955787658691,Pong1PCB2L336P__seed_8_1763344785
8962048,1-Training-Losses/explained_variance,0.5199886560440063,Pong1PCB2L336P__seed_8_1763344785
8966144,1-Training-Losses/explained_variance,0.42385464906692505,Pong1PCB2L336P__seed_8_1763344785
8970240,1-Training-Losses/explained_variance,0.46350330114364624,Pong1PCB2L336P__seed_8_1763344785
8974336,1-Training-Losses/explained_variance,0.44259023666381836,Pong1PCB2L336P__seed_8_1763344785
8978432,1-Training-Losses/explained_variance,0.4369872212409973,Pong1PCB2L336P__seed_8_1763344785
8982528,1-Training-Losses/explained_variance,0.4341472387313843,Pong1PCB2L336P__seed_8_1763344785
8986624,1-Training-Losses/explained_variance,0.3599082827568054,Pong1PCB2L336P__seed_8_1763344785
8990720,1-Training-Losses/explained_variance,0.4327492117881775,Pong1PCB2L336P__seed_8_1763344785
8994816,1-Training-Losses/explained_variance,0.381277859210968,Pong1PCB2L336P__seed_8_1763344785
8998912,1-Training-Losses/explained_variance,0.38729697465896606,Pong1PCB2L336P__seed_8_1763344785
9003008,1-Training-Losses/explained_variance,0.367887020111084,Pong1PCB2L336P__seed_8_1763344785
9007104,1-Training-Losses/explained_variance,0.4317265748977661,Pong1PCB2L336P__seed_8_1763344785
9011200,1-Training-Losses/explained_variance,0.3264179229736328,Pong1PCB2L336P__seed_8_1763344785
9015296,1-Training-Losses/explained_variance,0.43828076124191284,Pong1PCB2L336P__seed_8_1763344785
9019392,1-Training-Losses/explained_variance,0.5356670618057251,Pong1PCB2L336P__seed_8_1763344785
9023488,1-Training-Losses/explained_variance,0.40799546241760254,Pong1PCB2L336P__seed_8_1763344785
9027584,1-Training-Losses/explained_variance,0.36132359504699707,Pong1PCB2L336P__seed_8_1763344785
9031680,1-Training-Losses/explained_variance,0.4126480221748352,Pong1PCB2L336P__seed_8_1763344785
9035776,1-Training-Losses/explained_variance,0.37647509574890137,Pong1PCB2L336P__seed_8_1763344785
9039872,1-Training-Losses/explained_variance,0.38186073303222656,Pong1PCB2L336P__seed_8_1763344785
9043968,1-Training-Losses/explained_variance,0.4006861448287964,Pong1PCB2L336P__seed_8_1763344785
9048064,1-Training-Losses/explained_variance,0.31943029165267944,Pong1PCB2L336P__seed_8_1763344785
9052160,1-Training-Losses/explained_variance,0.37052929401397705,Pong1PCB2L336P__seed_8_1763344785
9056256,1-Training-Losses/explained_variance,0.4451932907104492,Pong1PCB2L336P__seed_8_1763344785
9060352,1-Training-Losses/explained_variance,0.4116922616958618,Pong1PCB2L336P__seed_8_1763344785
9064448,1-Training-Losses/explained_variance,0.4801371097564697,Pong1PCB2L336P__seed_8_1763344785
9068544,1-Training-Losses/explained_variance,0.37060844898223877,Pong1PCB2L336P__seed_8_1763344785
9072640,1-Training-Losses/explained_variance,0.475688099861145,Pong1PCB2L336P__seed_8_1763344785
9076736,1-Training-Losses/explained_variance,0.4237775206565857,Pong1PCB2L336P__seed_8_1763344785
9080832,1-Training-Losses/explained_variance,0.49809956550598145,Pong1PCB2L336P__seed_8_1763344785
9084928,1-Training-Losses/explained_variance,0.37525105476379395,Pong1PCB2L336P__seed_8_1763344785
9089024,1-Training-Losses/explained_variance,0.3749914765357971,Pong1PCB2L336P__seed_8_1763344785
9093120,1-Training-Losses/explained_variance,0.39037251472473145,Pong1PCB2L336P__seed_8_1763344785
9097216,1-Training-Losses/explained_variance,0.3803490996360779,Pong1PCB2L336P__seed_8_1763344785
9101312,1-Training-Losses/explained_variance,0.5107951760292053,Pong1PCB2L336P__seed_8_1763344785
9105408,1-Training-Losses/explained_variance,0.40851783752441406,Pong1PCB2L336P__seed_8_1763344785
9109504,1-Training-Losses/explained_variance,0.44141674041748047,Pong1PCB2L336P__seed_8_1763344785
9113600,1-Training-Losses/explained_variance,0.3872581124305725,Pong1PCB2L336P__seed_8_1763344785
9117696,1-Training-Losses/explained_variance,0.425285279750824,Pong1PCB2L336P__seed_8_1763344785
9121792,1-Training-Losses/explained_variance,0.36370736360549927,Pong1PCB2L336P__seed_8_1763344785
9125888,1-Training-Losses/explained_variance,0.3186601996421814,Pong1PCB2L336P__seed_8_1763344785
9129984,1-Training-Losses/explained_variance,0.344180703163147,Pong1PCB2L336P__seed_8_1763344785
9134080,1-Training-Losses/explained_variance,0.3749315142631531,Pong1PCB2L336P__seed_8_1763344785
9138176,1-Training-Losses/explained_variance,0.39211124181747437,Pong1PCB2L336P__seed_8_1763344785
9142272,1-Training-Losses/explained_variance,0.4010024666786194,Pong1PCB2L336P__seed_8_1763344785
9146368,1-Training-Losses/explained_variance,0.37016457319259644,Pong1PCB2L336P__seed_8_1763344785
9150464,1-Training-Losses/explained_variance,0.42445558309555054,Pong1PCB2L336P__seed_8_1763344785
9154560,1-Training-Losses/explained_variance,0.3409960865974426,Pong1PCB2L336P__seed_8_1763344785
9158656,1-Training-Losses/explained_variance,0.4746893644332886,Pong1PCB2L336P__seed_8_1763344785
9162752,1-Training-Losses/explained_variance,0.4645615816116333,Pong1PCB2L336P__seed_8_1763344785
9166848,1-Training-Losses/explained_variance,0.3136959671974182,Pong1PCB2L336P__seed_8_1763344785
9170944,1-Training-Losses/explained_variance,0.38221776485443115,Pong1PCB2L336P__seed_8_1763344785
9175040,1-Training-Losses/explained_variance,0.2913280129432678,Pong1PCB2L336P__seed_8_1763344785
9179136,1-Training-Losses/explained_variance,0.378562331199646,Pong1PCB2L336P__seed_8_1763344785
9183232,1-Training-Losses/explained_variance,0.3186069130897522,Pong1PCB2L336P__seed_8_1763344785
9187328,1-Training-Losses/explained_variance,0.37267833948135376,Pong1PCB2L336P__seed_8_1763344785
9191424,1-Training-Losses/explained_variance,0.40070080757141113,Pong1PCB2L336P__seed_8_1763344785
9195520,1-Training-Losses/explained_variance,0.2960800528526306,Pong1PCB2L336P__seed_8_1763344785
9199616,1-Training-Losses/explained_variance,0.42863184213638306,Pong1PCB2L336P__seed_8_1763344785
9203712,1-Training-Losses/explained_variance,0.4622267484664917,Pong1PCB2L336P__seed_8_1763344785
9207808,1-Training-Losses/explained_variance,0.37445068359375,Pong1PCB2L336P__seed_8_1763344785
9211904,1-Training-Losses/explained_variance,0.2909387946128845,Pong1PCB2L336P__seed_8_1763344785
9216000,1-Training-Losses/explained_variance,0.45419156551361084,Pong1PCB2L336P__seed_8_1763344785
9220096,1-Training-Losses/explained_variance,0.39721202850341797,Pong1PCB2L336P__seed_8_1763344785
9224192,1-Training-Losses/explained_variance,0.4569302201271057,Pong1PCB2L336P__seed_8_1763344785
9228288,1-Training-Losses/explained_variance,0.2871953845024109,Pong1PCB2L336P__seed_8_1763344785
9232384,1-Training-Losses/explained_variance,0.42565643787384033,Pong1PCB2L336P__seed_8_1763344785
9236480,1-Training-Losses/explained_variance,0.44895583391189575,Pong1PCB2L336P__seed_8_1763344785
9240576,1-Training-Losses/explained_variance,0.3504655957221985,Pong1PCB2L336P__seed_8_1763344785
9244672,1-Training-Losses/explained_variance,0.3526899814605713,Pong1PCB2L336P__seed_8_1763344785
9248768,1-Training-Losses/explained_variance,0.3696635961532593,Pong1PCB2L336P__seed_8_1763344785
9252864,1-Training-Losses/explained_variance,0.3688514828681946,Pong1PCB2L336P__seed_8_1763344785
9256960,1-Training-Losses/explained_variance,0.30795013904571533,Pong1PCB2L336P__seed_8_1763344785
9261056,1-Training-Losses/explained_variance,0.4389381408691406,Pong1PCB2L336P__seed_8_1763344785
9265152,1-Training-Losses/explained_variance,0.29687827825546265,Pong1PCB2L336P__seed_8_1763344785
9269248,1-Training-Losses/explained_variance,0.38007622957229614,Pong1PCB2L336P__seed_8_1763344785
9273344,1-Training-Losses/explained_variance,0.44327348470687866,Pong1PCB2L336P__seed_8_1763344785
9277440,1-Training-Losses/explained_variance,0.38651299476623535,Pong1PCB2L336P__seed_8_1763344785
9281536,1-Training-Losses/explained_variance,0.4237297773361206,Pong1PCB2L336P__seed_8_1763344785
9285632,1-Training-Losses/explained_variance,0.3719538450241089,Pong1PCB2L336P__seed_8_1763344785
9289728,1-Training-Losses/explained_variance,0.4754856824874878,Pong1PCB2L336P__seed_8_1763344785
9293824,1-Training-Losses/explained_variance,0.4278410077095032,Pong1PCB2L336P__seed_8_1763344785
9297920,1-Training-Losses/explained_variance,0.35991573333740234,Pong1PCB2L336P__seed_8_1763344785
9302016,1-Training-Losses/explained_variance,0.3749169707298279,Pong1PCB2L336P__seed_8_1763344785
9306112,1-Training-Losses/explained_variance,0.46697336435317993,Pong1PCB2L336P__seed_8_1763344785
9310208,1-Training-Losses/explained_variance,0.36050403118133545,Pong1PCB2L336P__seed_8_1763344785
9314304,1-Training-Losses/explained_variance,0.3933776021003723,Pong1PCB2L336P__seed_8_1763344785
9318400,1-Training-Losses/explained_variance,0.28739768266677856,Pong1PCB2L336P__seed_8_1763344785
9322496,1-Training-Losses/explained_variance,0.4618598222732544,Pong1PCB2L336P__seed_8_1763344785
9326592,1-Training-Losses/explained_variance,0.43639618158340454,Pong1PCB2L336P__seed_8_1763344785
9330688,1-Training-Losses/explained_variance,0.45262813568115234,Pong1PCB2L336P__seed_8_1763344785
9334784,1-Training-Losses/explained_variance,0.4140931963920593,Pong1PCB2L336P__seed_8_1763344785
9338880,1-Training-Losses/explained_variance,0.49102896451950073,Pong1PCB2L336P__seed_8_1763344785
9342976,1-Training-Losses/explained_variance,0.4450390338897705,Pong1PCB2L336P__seed_8_1763344785
9347072,1-Training-Losses/explained_variance,0.4820725917816162,Pong1PCB2L336P__seed_8_1763344785
9351168,1-Training-Losses/explained_variance,0.4707266092300415,Pong1PCB2L336P__seed_8_1763344785
9355264,1-Training-Losses/explained_variance,0.43107420206069946,Pong1PCB2L336P__seed_8_1763344785
9359360,1-Training-Losses/explained_variance,0.30519384145736694,Pong1PCB2L336P__seed_8_1763344785
9363456,1-Training-Losses/explained_variance,0.3757978677749634,Pong1PCB2L336P__seed_8_1763344785
9367552,1-Training-Losses/explained_variance,0.3880982995033264,Pong1PCB2L336P__seed_8_1763344785
9371648,1-Training-Losses/explained_variance,0.36729896068573,Pong1PCB2L336P__seed_8_1763344785
9375744,1-Training-Losses/explained_variance,0.4514031410217285,Pong1PCB2L336P__seed_8_1763344785
9379840,1-Training-Losses/explained_variance,0.45086294412612915,Pong1PCB2L336P__seed_8_1763344785
9383936,1-Training-Losses/explained_variance,0.2988858222961426,Pong1PCB2L336P__seed_8_1763344785
9388032,1-Training-Losses/explained_variance,0.4267716407775879,Pong1PCB2L336P__seed_8_1763344785
9392128,1-Training-Losses/explained_variance,0.4402312636375427,Pong1PCB2L336P__seed_8_1763344785
9396224,1-Training-Losses/explained_variance,0.4813954830169678,Pong1PCB2L336P__seed_8_1763344785
9400320,1-Training-Losses/explained_variance,0.4821288585662842,Pong1PCB2L336P__seed_8_1763344785
9404416,1-Training-Losses/explained_variance,0.36417990922927856,Pong1PCB2L336P__seed_8_1763344785
9408512,1-Training-Losses/explained_variance,0.4069107174873352,Pong1PCB2L336P__seed_8_1763344785
9412608,1-Training-Losses/explained_variance,0.4473952054977417,Pong1PCB2L336P__seed_8_1763344785
9416704,1-Training-Losses/explained_variance,0.3877970576286316,Pong1PCB2L336P__seed_8_1763344785
9420800,1-Training-Losses/explained_variance,0.15290629863739014,Pong1PCB2L336P__seed_8_1763344785
9424896,1-Training-Losses/explained_variance,0.4183569550514221,Pong1PCB2L336P__seed_8_1763344785
9428992,1-Training-Losses/explained_variance,0.3854219317436218,Pong1PCB2L336P__seed_8_1763344785
9433088,1-Training-Losses/explained_variance,0.3600674271583557,Pong1PCB2L336P__seed_8_1763344785
9437184,1-Training-Losses/explained_variance,0.3205006718635559,Pong1PCB2L336P__seed_8_1763344785
9441280,1-Training-Losses/explained_variance,0.44448208808898926,Pong1PCB2L336P__seed_8_1763344785
9445376,1-Training-Losses/explained_variance,0.5012122988700867,Pong1PCB2L336P__seed_8_1763344785
9449472,1-Training-Losses/explained_variance,0.40381860733032227,Pong1PCB2L336P__seed_8_1763344785
9453568,1-Training-Losses/explained_variance,0.3714972734451294,Pong1PCB2L336P__seed_8_1763344785
9457664,1-Training-Losses/explained_variance,0.3424719572067261,Pong1PCB2L336P__seed_8_1763344785
9461760,1-Training-Losses/explained_variance,0.43497365713119507,Pong1PCB2L336P__seed_8_1763344785
9465856,1-Training-Losses/explained_variance,0.3548234701156616,Pong1PCB2L336P__seed_8_1763344785
9469952,1-Training-Losses/explained_variance,0.3846324682235718,Pong1PCB2L336P__seed_8_1763344785
9474048,1-Training-Losses/explained_variance,0.4748014807701111,Pong1PCB2L336P__seed_8_1763344785
9478144,1-Training-Losses/explained_variance,0.4377427101135254,Pong1PCB2L336P__seed_8_1763344785
9482240,1-Training-Losses/explained_variance,0.47826772928237915,Pong1PCB2L336P__seed_8_1763344785
9486336,1-Training-Losses/explained_variance,0.45576775074005127,Pong1PCB2L336P__seed_8_1763344785
9490432,1-Training-Losses/explained_variance,0.5200356245040894,Pong1PCB2L336P__seed_8_1763344785
9494528,1-Training-Losses/explained_variance,0.4891853928565979,Pong1PCB2L336P__seed_8_1763344785
9498624,1-Training-Losses/explained_variance,0.46977663040161133,Pong1PCB2L336P__seed_8_1763344785
9502720,1-Training-Losses/explained_variance,0.4612239599227905,Pong1PCB2L336P__seed_8_1763344785
9506816,1-Training-Losses/explained_variance,0.34778767824172974,Pong1PCB2L336P__seed_8_1763344785
9510912,1-Training-Losses/explained_variance,0.4788901209831238,Pong1PCB2L336P__seed_8_1763344785
9515008,1-Training-Losses/explained_variance,0.3905271887779236,Pong1PCB2L336P__seed_8_1763344785
9519104,1-Training-Losses/explained_variance,0.40190374851226807,Pong1PCB2L336P__seed_8_1763344785
9523200,1-Training-Losses/explained_variance,0.428300678730011,Pong1PCB2L336P__seed_8_1763344785
9527296,1-Training-Losses/explained_variance,0.40629082918167114,Pong1PCB2L336P__seed_8_1763344785
9531392,1-Training-Losses/explained_variance,0.43743467330932617,Pong1PCB2L336P__seed_8_1763344785
9535488,1-Training-Losses/explained_variance,0.47175318002700806,Pong1PCB2L336P__seed_8_1763344785
9539584,1-Training-Losses/explained_variance,0.4862043857574463,Pong1PCB2L336P__seed_8_1763344785
9543680,1-Training-Losses/explained_variance,0.4881640076637268,Pong1PCB2L336P__seed_8_1763344785
9547776,1-Training-Losses/explained_variance,0.4240420460700989,Pong1PCB2L336P__seed_8_1763344785
9551872,1-Training-Losses/explained_variance,0.42139554023742676,Pong1PCB2L336P__seed_8_1763344785
9555968,1-Training-Losses/explained_variance,0.37676262855529785,Pong1PCB2L336P__seed_8_1763344785
9560064,1-Training-Losses/explained_variance,0.37136727571487427,Pong1PCB2L336P__seed_8_1763344785
9564160,1-Training-Losses/explained_variance,0.4353852868080139,Pong1PCB2L336P__seed_8_1763344785
9568256,1-Training-Losses/explained_variance,0.4714280366897583,Pong1PCB2L336P__seed_8_1763344785
9572352,1-Training-Losses/explained_variance,0.4061890244483948,Pong1PCB2L336P__seed_8_1763344785
9576448,1-Training-Losses/explained_variance,0.37085431814193726,Pong1PCB2L336P__seed_8_1763344785
9580544,1-Training-Losses/explained_variance,0.3877546787261963,Pong1PCB2L336P__seed_8_1763344785
9584640,1-Training-Losses/explained_variance,0.44769543409347534,Pong1PCB2L336P__seed_8_1763344785
9588736,1-Training-Losses/explained_variance,0.31776273250579834,Pong1PCB2L336P__seed_8_1763344785
9592832,1-Training-Losses/explained_variance,0.4042752981185913,Pong1PCB2L336P__seed_8_1763344785
9596928,1-Training-Losses/explained_variance,0.4504085183143616,Pong1PCB2L336P__seed_8_1763344785
9601024,1-Training-Losses/explained_variance,0.4233434200286865,Pong1PCB2L336P__seed_8_1763344785
9605120,1-Training-Losses/explained_variance,0.46394944190979004,Pong1PCB2L336P__seed_8_1763344785
9609216,1-Training-Losses/explained_variance,0.3947267532348633,Pong1PCB2L336P__seed_8_1763344785
9613312,1-Training-Losses/explained_variance,0.421686589717865,Pong1PCB2L336P__seed_8_1763344785
9617408,1-Training-Losses/explained_variance,0.4422188401222229,Pong1PCB2L336P__seed_8_1763344785
9621504,1-Training-Losses/explained_variance,0.4212402105331421,Pong1PCB2L336P__seed_8_1763344785
9625600,1-Training-Losses/explained_variance,0.5246168375015259,Pong1PCB2L336P__seed_8_1763344785
9629696,1-Training-Losses/explained_variance,0.4226360321044922,Pong1PCB2L336P__seed_8_1763344785
9633792,1-Training-Losses/explained_variance,0.41175657510757446,Pong1PCB2L336P__seed_8_1763344785
9637888,1-Training-Losses/explained_variance,0.4373869299888611,Pong1PCB2L336P__seed_8_1763344785
9641984,1-Training-Losses/explained_variance,0.4716326594352722,Pong1PCB2L336P__seed_8_1763344785
9646080,1-Training-Losses/explained_variance,0.35184329748153687,Pong1PCB2L336P__seed_8_1763344785
9650176,1-Training-Losses/explained_variance,0.39293771982192993,Pong1PCB2L336P__seed_8_1763344785
9654272,1-Training-Losses/explained_variance,0.25596922636032104,Pong1PCB2L336P__seed_8_1763344785
9658368,1-Training-Losses/explained_variance,0.49019932746887207,Pong1PCB2L336P__seed_8_1763344785
9662464,1-Training-Losses/explained_variance,0.3747060298919678,Pong1PCB2L336P__seed_8_1763344785
9666560,1-Training-Losses/explained_variance,0.4423009753227234,Pong1PCB2L336P__seed_8_1763344785
9670656,1-Training-Losses/explained_variance,0.355445921421051,Pong1PCB2L336P__seed_8_1763344785
9674752,1-Training-Losses/explained_variance,0.4343084692955017,Pong1PCB2L336P__seed_8_1763344785
9678848,1-Training-Losses/explained_variance,0.4538440704345703,Pong1PCB2L336P__seed_8_1763344785
9682944,1-Training-Losses/explained_variance,0.4878501296043396,Pong1PCB2L336P__seed_8_1763344785
9687040,1-Training-Losses/explained_variance,0.3829272985458374,Pong1PCB2L336P__seed_8_1763344785
9691136,1-Training-Losses/explained_variance,0.3888513445854187,Pong1PCB2L336P__seed_8_1763344785
9695232,1-Training-Losses/explained_variance,0.37355220317840576,Pong1PCB2L336P__seed_8_1763344785
9699328,1-Training-Losses/explained_variance,0.42769545316696167,Pong1PCB2L336P__seed_8_1763344785
9703424,1-Training-Losses/explained_variance,0.4745849370956421,Pong1PCB2L336P__seed_8_1763344785
9707520,1-Training-Losses/explained_variance,0.4428536295890808,Pong1PCB2L336P__seed_8_1763344785
9711616,1-Training-Losses/explained_variance,0.46486955881118774,Pong1PCB2L336P__seed_8_1763344785
9715712,1-Training-Losses/explained_variance,0.3732956647872925,Pong1PCB2L336P__seed_8_1763344785
9719808,1-Training-Losses/explained_variance,0.4998905062675476,Pong1PCB2L336P__seed_8_1763344785
9723904,1-Training-Losses/explained_variance,0.4292615056037903,Pong1PCB2L336P__seed_8_1763344785
9728000,1-Training-Losses/explained_variance,0.46014654636383057,Pong1PCB2L336P__seed_8_1763344785
9732096,1-Training-Losses/explained_variance,0.423950731754303,Pong1PCB2L336P__seed_8_1763344785
9736192,1-Training-Losses/explained_variance,0.391947865486145,Pong1PCB2L336P__seed_8_1763344785
9740288,1-Training-Losses/explained_variance,0.31604915857315063,Pong1PCB2L336P__seed_8_1763344785
9744384,1-Training-Losses/explained_variance,0.46841961145401,Pong1PCB2L336P__seed_8_1763344785
9748480,1-Training-Losses/explained_variance,0.4065726399421692,Pong1PCB2L336P__seed_8_1763344785
9752576,1-Training-Losses/explained_variance,0.42089152336120605,Pong1PCB2L336P__seed_8_1763344785
9756672,1-Training-Losses/explained_variance,0.47823870182037354,Pong1PCB2L336P__seed_8_1763344785
9760768,1-Training-Losses/explained_variance,0.4045794606208801,Pong1PCB2L336P__seed_8_1763344785
9764864,1-Training-Losses/explained_variance,0.3363613486289978,Pong1PCB2L336P__seed_8_1763344785
9768960,1-Training-Losses/explained_variance,0.35837626457214355,Pong1PCB2L336P__seed_8_1763344785
9773056,1-Training-Losses/explained_variance,0.41638392210006714,Pong1PCB2L336P__seed_8_1763344785
9777152,1-Training-Losses/explained_variance,0.4343298077583313,Pong1PCB2L336P__seed_8_1763344785
9781248,1-Training-Losses/explained_variance,0.46440577507019043,Pong1PCB2L336P__seed_8_1763344785
9785344,1-Training-Losses/explained_variance,0.3486112356185913,Pong1PCB2L336P__seed_8_1763344785
9789440,1-Training-Losses/explained_variance,0.3891682028770447,Pong1PCB2L336P__seed_8_1763344785
9793536,1-Training-Losses/explained_variance,0.3761695623397827,Pong1PCB2L336P__seed_8_1763344785
9797632,1-Training-Losses/explained_variance,0.4726135730743408,Pong1PCB2L336P__seed_8_1763344785
9801728,1-Training-Losses/explained_variance,0.40562504529953003,Pong1PCB2L336P__seed_8_1763344785
9805824,1-Training-Losses/explained_variance,0.36168813705444336,Pong1PCB2L336P__seed_8_1763344785
9809920,1-Training-Losses/explained_variance,0.47732090950012207,Pong1PCB2L336P__seed_8_1763344785
9814016,1-Training-Losses/explained_variance,0.3486611843109131,Pong1PCB2L336P__seed_8_1763344785
9818112,1-Training-Losses/explained_variance,0.3167974352836609,Pong1PCB2L336P__seed_8_1763344785
9822208,1-Training-Losses/explained_variance,0.36903977394104004,Pong1PCB2L336P__seed_8_1763344785
9826304,1-Training-Losses/explained_variance,0.38081037998199463,Pong1PCB2L336P__seed_8_1763344785
9830400,1-Training-Losses/explained_variance,0.4807121157646179,Pong1PCB2L336P__seed_8_1763344785
9834496,1-Training-Losses/explained_variance,0.4891257882118225,Pong1PCB2L336P__seed_8_1763344785
9838592,1-Training-Losses/explained_variance,0.3978864550590515,Pong1PCB2L336P__seed_8_1763344785
9842688,1-Training-Losses/explained_variance,0.4154912233352661,Pong1PCB2L336P__seed_8_1763344785
9846784,1-Training-Losses/explained_variance,0.4515243172645569,Pong1PCB2L336P__seed_8_1763344785
9850880,1-Training-Losses/explained_variance,0.32993924617767334,Pong1PCB2L336P__seed_8_1763344785
9854976,1-Training-Losses/explained_variance,0.24513453245162964,Pong1PCB2L336P__seed_8_1763344785
9859072,1-Training-Losses/explained_variance,0.3189595341682434,Pong1PCB2L336P__seed_8_1763344785
9863168,1-Training-Losses/explained_variance,0.4697294235229492,Pong1PCB2L336P__seed_8_1763344785
9867264,1-Training-Losses/explained_variance,0.5611729621887207,Pong1PCB2L336P__seed_8_1763344785
9871360,1-Training-Losses/explained_variance,0.4775145649909973,Pong1PCB2L336P__seed_8_1763344785
9875456,1-Training-Losses/explained_variance,0.3386279344558716,Pong1PCB2L336P__seed_8_1763344785
9879552,1-Training-Losses/explained_variance,0.44320040941238403,Pong1PCB2L336P__seed_8_1763344785
9883648,1-Training-Losses/explained_variance,0.4819284677505493,Pong1PCB2L336P__seed_8_1763344785
9887744,1-Training-Losses/explained_variance,0.4323466420173645,Pong1PCB2L336P__seed_8_1763344785
9891840,1-Training-Losses/explained_variance,0.4304901361465454,Pong1PCB2L336P__seed_8_1763344785
9895936,1-Training-Losses/explained_variance,0.3653191924095154,Pong1PCB2L336P__seed_8_1763344785
9900032,1-Training-Losses/explained_variance,0.4050356149673462,Pong1PCB2L336P__seed_8_1763344785
9904128,1-Training-Losses/explained_variance,0.46219128370285034,Pong1PCB2L336P__seed_8_1763344785
9908224,1-Training-Losses/explained_variance,0.5037894248962402,Pong1PCB2L336P__seed_8_1763344785
9912320,1-Training-Losses/explained_variance,0.43081921339035034,Pong1PCB2L336P__seed_8_1763344785
9916416,1-Training-Losses/explained_variance,0.36169493198394775,Pong1PCB2L336P__seed_8_1763344785
9920512,1-Training-Losses/explained_variance,0.40446722507476807,Pong1PCB2L336P__seed_8_1763344785
9924608,1-Training-Losses/explained_variance,0.40587085485458374,Pong1PCB2L336P__seed_8_1763344785
9928704,1-Training-Losses/explained_variance,0.44900262355804443,Pong1PCB2L336P__seed_8_1763344785
9932800,1-Training-Losses/explained_variance,0.38433611392974854,Pong1PCB2L336P__seed_8_1763344785
9936896,1-Training-Losses/explained_variance,0.38314253091812134,Pong1PCB2L336P__seed_8_1763344785
9940992,1-Training-Losses/explained_variance,0.25537705421447754,Pong1PCB2L336P__seed_8_1763344785
9945088,1-Training-Losses/explained_variance,0.45330262184143066,Pong1PCB2L336P__seed_8_1763344785
9949184,1-Training-Losses/explained_variance,0.424183189868927,Pong1PCB2L336P__seed_8_1763344785
9953280,1-Training-Losses/explained_variance,0.47403138875961304,Pong1PCB2L336P__seed_8_1763344785
9957376,1-Training-Losses/explained_variance,0.45936304330825806,Pong1PCB2L336P__seed_8_1763344785
9961472,1-Training-Losses/explained_variance,0.46356290578842163,Pong1PCB2L336P__seed_8_1763344785
9965568,1-Training-Losses/explained_variance,0.45895951986312866,Pong1PCB2L336P__seed_8_1763344785
9969664,1-Training-Losses/explained_variance,0.3619903326034546,Pong1PCB2L336P__seed_8_1763344785
9973760,1-Training-Losses/explained_variance,0.4232024550437927,Pong1PCB2L336P__seed_8_1763344785
9977856,1-Training-Losses/explained_variance,0.48417019844055176,Pong1PCB2L336P__seed_8_1763344785
9981952,1-Training-Losses/explained_variance,0.4277697801589966,Pong1PCB2L336P__seed_8_1763344785
9986048,1-Training-Losses/explained_variance,0.42732447385787964,Pong1PCB2L336P__seed_8_1763344785
9990144,1-Training-Losses/explained_variance,0.44187283515930176,Pong1PCB2L336P__seed_8_1763344785
9994240,1-Training-Losses/explained_variance,0.43605685234069824,Pong1PCB2L336P__seed_8_1763344785
9998336,1-Training-Losses/explained_variance,0.4311148524284363,Pong1PCB2L336P__seed_8_1763344785
4096,1-Training-Losses/policy_loss,-0.0006491579115390778,Pong1PCB2L336P__seed_8_1763344785
8192,1-Training-Losses/policy_loss,-0.0007317950949072838,Pong1PCB2L336P__seed_8_1763344785
12288,1-Training-Losses/policy_loss,-0.0005612699314951897,Pong1PCB2L336P__seed_8_1763344785
16384,1-Training-Losses/policy_loss,-0.00037235021591186523,Pong1PCB2L336P__seed_8_1763344785
20480,1-Training-Losses/policy_loss,-7.24615529179573e-05,Pong1PCB2L336P__seed_8_1763344785
24576,1-Training-Losses/policy_loss,5.610380321741104e-05,Pong1PCB2L336P__seed_8_1763344785
28672,1-Training-Losses/policy_loss,-9.248638525605202e-05,Pong1PCB2L336P__seed_8_1763344785
32768,1-Training-Losses/policy_loss,-8.467445150017738e-05,Pong1PCB2L336P__seed_8_1763344785
36864,1-Training-Losses/policy_loss,1.453794538974762e-05,Pong1PCB2L336P__seed_8_1763344785
40960,1-Training-Losses/policy_loss,-0.00010780012235045433,Pong1PCB2L336P__seed_8_1763344785
45056,1-Training-Losses/policy_loss,-0.00023776013404130936,Pong1PCB2L336P__seed_8_1763344785
49152,1-Training-Losses/policy_loss,-0.0003525037318468094,Pong1PCB2L336P__seed_8_1763344785
53248,1-Training-Losses/policy_loss,-0.00020603323355317116,Pong1PCB2L336P__seed_8_1763344785
57344,1-Training-Losses/policy_loss,-5.730055272579193e-05,Pong1PCB2L336P__seed_8_1763344785
61440,1-Training-Losses/policy_loss,-0.00011552590876817703,Pong1PCB2L336P__seed_8_1763344785
65536,1-Training-Losses/policy_loss,-9.390152990818024e-05,Pong1PCB2L336P__seed_8_1763344785
69632,1-Training-Losses/policy_loss,-0.0001221965067088604,Pong1PCB2L336P__seed_8_1763344785
73728,1-Training-Losses/policy_loss,-0.00019274861551821232,Pong1PCB2L336P__seed_8_1763344785
77824,1-Training-Losses/policy_loss,0.00011152715887874365,Pong1PCB2L336P__seed_8_1763344785
81920,1-Training-Losses/policy_loss,-8.725165389478207e-05,Pong1PCB2L336P__seed_8_1763344785
86016,1-Training-Losses/policy_loss,3.6254641599953175e-05,Pong1PCB2L336P__seed_8_1763344785
90112,1-Training-Losses/policy_loss,-7.698312401771545e-06,Pong1PCB2L336P__seed_8_1763344785
94208,1-Training-Losses/policy_loss,-5.230773240327835e-06,Pong1PCB2L336P__seed_8_1763344785
98304,1-Training-Losses/policy_loss,-8.379854261875153e-05,Pong1PCB2L336P__seed_8_1763344785
102400,1-Training-Losses/policy_loss,-2.9336661100387573e-07,Pong1PCB2L336P__seed_8_1763344785
106496,1-Training-Losses/policy_loss,-0.00012978003360331059,Pong1PCB2L336P__seed_8_1763344785
110592,1-Training-Losses/policy_loss,-1.5663914382457733e-05,Pong1PCB2L336P__seed_8_1763344785
114688,1-Training-Losses/policy_loss,-7.079169154167175e-05,Pong1PCB2L336P__seed_8_1763344785
118784,1-Training-Losses/policy_loss,-7.056724280118942e-05,Pong1PCB2L336P__seed_8_1763344785
122880,1-Training-Losses/policy_loss,7.71600753068924e-06,Pong1PCB2L336P__seed_8_1763344785
126976,1-Training-Losses/policy_loss,-9.32435505092144e-05,Pong1PCB2L336P__seed_8_1763344785
131072,1-Training-Losses/policy_loss,-0.00024273432791233063,Pong1PCB2L336P__seed_8_1763344785
135168,1-Training-Losses/policy_loss,-8.738040924072266e-05,Pong1PCB2L336P__seed_8_1763344785
139264,1-Training-Losses/policy_loss,-7.13719055056572e-05,Pong1PCB2L336P__seed_8_1763344785
143360,1-Training-Losses/policy_loss,-7.769744843244553e-05,Pong1PCB2L336P__seed_8_1763344785
147456,1-Training-Losses/policy_loss,-9.436951950192451e-05,Pong1PCB2L336P__seed_8_1763344785
151552,1-Training-Losses/policy_loss,2.4508917704224586e-05,Pong1PCB2L336P__seed_8_1763344785
155648,1-Training-Losses/policy_loss,1.0390998795628548e-05,Pong1PCB2L336P__seed_8_1763344785
159744,1-Training-Losses/policy_loss,6.666406989097595e-06,Pong1PCB2L336P__seed_8_1763344785
163840,1-Training-Losses/policy_loss,-0.00018705101683735847,Pong1PCB2L336P__seed_8_1763344785
167936,1-Training-Losses/policy_loss,-0.000192148145288229,Pong1PCB2L336P__seed_8_1763344785
172032,1-Training-Losses/policy_loss,4.672212526202202e-05,Pong1PCB2L336P__seed_8_1763344785
176128,1-Training-Losses/policy_loss,-3.306753933429718e-05,Pong1PCB2L336P__seed_8_1763344785
180224,1-Training-Losses/policy_loss,-0.00020059291273355484,Pong1PCB2L336P__seed_8_1763344785
184320,1-Training-Losses/policy_loss,5.4498203098773956e-05,Pong1PCB2L336P__seed_8_1763344785
188416,1-Training-Losses/policy_loss,-3.3956021070480347e-06,Pong1PCB2L336P__seed_8_1763344785
192512,1-Training-Losses/policy_loss,-4.969676956534386e-05,Pong1PCB2L336P__seed_8_1763344785
196608,1-Training-Losses/policy_loss,-6.238976493477821e-05,Pong1PCB2L336P__seed_8_1763344785
200704,1-Training-Losses/policy_loss,-1.9577331840991974e-05,Pong1PCB2L336P__seed_8_1763344785
204800,1-Training-Losses/policy_loss,-9.386800229549408e-06,Pong1PCB2L336P__seed_8_1763344785
208896,1-Training-Losses/policy_loss,-6.71660527586937e-05,Pong1PCB2L336P__seed_8_1763344785
212992,1-Training-Losses/policy_loss,3.549107350409031e-05,Pong1PCB2L336P__seed_8_1763344785
217088,1-Training-Losses/policy_loss,-4.517845809459686e-05,Pong1PCB2L336P__seed_8_1763344785
221184,1-Training-Losses/policy_loss,-2.372264862060547e-05,Pong1PCB2L336P__seed_8_1763344785
225280,1-Training-Losses/policy_loss,-0.00021076248958706856,Pong1PCB2L336P__seed_8_1763344785
229376,1-Training-Losses/policy_loss,-0.00014686770737171173,Pong1PCB2L336P__seed_8_1763344785
233472,1-Training-Losses/policy_loss,-0.00023095682263374329,Pong1PCB2L336P__seed_8_1763344785
237568,1-Training-Losses/policy_loss,-9.602378122508526e-05,Pong1PCB2L336P__seed_8_1763344785
241664,1-Training-Losses/policy_loss,-0.00015984568744897842,Pong1PCB2L336P__seed_8_1763344785
245760,1-Training-Losses/policy_loss,0.00011916528455913067,Pong1PCB2L336P__seed_8_1763344785
249856,1-Training-Losses/policy_loss,-1.4321878552436829e-05,Pong1PCB2L336P__seed_8_1763344785
253952,1-Training-Losses/policy_loss,6.634043529629707e-06,Pong1PCB2L336P__seed_8_1763344785
258048,1-Training-Losses/policy_loss,-6.710924208164215e-05,Pong1PCB2L336P__seed_8_1763344785
262144,1-Training-Losses/policy_loss,-0.00012551178224384785,Pong1PCB2L336P__seed_8_1763344785
266240,1-Training-Losses/policy_loss,5.460623651742935e-05,Pong1PCB2L336P__seed_8_1763344785
270336,1-Training-Losses/policy_loss,-6.639957427978516e-05,Pong1PCB2L336P__seed_8_1763344785
274432,1-Training-Losses/policy_loss,5.081994459033012e-06,Pong1PCB2L336P__seed_8_1763344785
278528,1-Training-Losses/policy_loss,-0.00013049691915512085,Pong1PCB2L336P__seed_8_1763344785
282624,1-Training-Losses/policy_loss,6.636511534452438e-05,Pong1PCB2L336P__seed_8_1763344785
286720,1-Training-Losses/policy_loss,-0.00010070018470287323,Pong1PCB2L336P__seed_8_1763344785
290816,1-Training-Losses/policy_loss,-5.3476542234420776e-05,Pong1PCB2L336P__seed_8_1763344785
294912,1-Training-Losses/policy_loss,-5.1732175052165985e-05,Pong1PCB2L336P__seed_8_1763344785
299008,1-Training-Losses/policy_loss,-7.725274190306664e-05,Pong1PCB2L336P__seed_8_1763344785
303104,1-Training-Losses/policy_loss,-9.772181510925293e-05,Pong1PCB2L336P__seed_8_1763344785
307200,1-Training-Losses/policy_loss,-3.531109541654587e-05,Pong1PCB2L336P__seed_8_1763344785
311296,1-Training-Losses/policy_loss,7.199123501777649e-06,Pong1PCB2L336P__seed_8_1763344785
315392,1-Training-Losses/policy_loss,-1.2788455933332443e-05,Pong1PCB2L336P__seed_8_1763344785
319488,1-Training-Losses/policy_loss,-0.00029344111680984497,Pong1PCB2L336P__seed_8_1763344785
323584,1-Training-Losses/policy_loss,0.00010090763680636883,Pong1PCB2L336P__seed_8_1763344785
327680,1-Training-Losses/policy_loss,1.6846926882863045e-05,Pong1PCB2L336P__seed_8_1763344785
331776,1-Training-Losses/policy_loss,-4.900805652141571e-05,Pong1PCB2L336P__seed_8_1763344785
335872,1-Training-Losses/policy_loss,-6.580585613846779e-05,Pong1PCB2L336P__seed_8_1763344785
339968,1-Training-Losses/policy_loss,-0.00018017739057540894,Pong1PCB2L336P__seed_8_1763344785
344064,1-Training-Losses/policy_loss,-4.300090949982405e-05,Pong1PCB2L336P__seed_8_1763344785
348160,1-Training-Losses/policy_loss,3.182562068104744e-05,Pong1PCB2L336P__seed_8_1763344785
352256,1-Training-Losses/policy_loss,-6.752461194992065e-05,Pong1PCB2L336P__seed_8_1763344785
356352,1-Training-Losses/policy_loss,-4.889443516731262e-08,Pong1PCB2L336P__seed_8_1763344785
360448,1-Training-Losses/policy_loss,-1.0293442755937576e-05,Pong1PCB2L336P__seed_8_1763344785
364544,1-Training-Losses/policy_loss,-1.3671815395355225e-05,Pong1PCB2L336P__seed_8_1763344785
368640,1-Training-Losses/policy_loss,-0.00012919725850224495,Pong1PCB2L336P__seed_8_1763344785
372736,1-Training-Losses/policy_loss,-0.0002458870876580477,Pong1PCB2L336P__seed_8_1763344785
376832,1-Training-Losses/policy_loss,1.4774501323699951e-05,Pong1PCB2L336P__seed_8_1763344785
380928,1-Training-Losses/policy_loss,-0.00015570875257253647,Pong1PCB2L336P__seed_8_1763344785
385024,1-Training-Losses/policy_loss,-0.0001283762976527214,Pong1PCB2L336P__seed_8_1763344785
389120,1-Training-Losses/policy_loss,6.353482604026794e-05,Pong1PCB2L336P__seed_8_1763344785
393216,1-Training-Losses/policy_loss,2.5999266654253006e-05,Pong1PCB2L336P__seed_8_1763344785
397312,1-Training-Losses/policy_loss,-0.00019209971651434898,Pong1PCB2L336P__seed_8_1763344785
401408,1-Training-Losses/policy_loss,-0.00029704906046390533,Pong1PCB2L336P__seed_8_1763344785
405504,1-Training-Losses/policy_loss,9.31895337998867e-05,Pong1PCB2L336P__seed_8_1763344785
409600,1-Training-Losses/policy_loss,1.0269694030284882e-05,Pong1PCB2L336P__seed_8_1763344785
413696,1-Training-Losses/policy_loss,-0.00010357645805925131,Pong1PCB2L336P__seed_8_1763344785
417792,1-Training-Losses/policy_loss,5.314452573657036e-05,Pong1PCB2L336P__seed_8_1763344785
421888,1-Training-Losses/policy_loss,-0.00023106858134269714,Pong1PCB2L336P__seed_8_1763344785
425984,1-Training-Losses/policy_loss,-1.3544224202632904e-05,Pong1PCB2L336P__seed_8_1763344785
430080,1-Training-Losses/policy_loss,-0.00017519458197057247,Pong1PCB2L336P__seed_8_1763344785
434176,1-Training-Losses/policy_loss,4.99943271279335e-05,Pong1PCB2L336P__seed_8_1763344785
438272,1-Training-Losses/policy_loss,-9.221956133842468e-06,Pong1PCB2L336P__seed_8_1763344785
442368,1-Training-Losses/policy_loss,-4.090741276741028e-05,Pong1PCB2L336P__seed_8_1763344785
446464,1-Training-Losses/policy_loss,-0.00010530650615692139,Pong1PCB2L336P__seed_8_1763344785
450560,1-Training-Losses/policy_loss,6.024213507771492e-05,Pong1PCB2L336P__seed_8_1763344785
454656,1-Training-Losses/policy_loss,-4.4140033423900604e-05,Pong1PCB2L336P__seed_8_1763344785
458752,1-Training-Losses/policy_loss,-3.3657997846603394e-06,Pong1PCB2L336P__seed_8_1763344785
462848,1-Training-Losses/policy_loss,-1.8440186977386475e-05,Pong1PCB2L336P__seed_8_1763344785
466944,1-Training-Losses/policy_loss,7.30808824300766e-06,Pong1PCB2L336P__seed_8_1763344785
471040,1-Training-Losses/policy_loss,-2.7303118258714676e-05,Pong1PCB2L336P__seed_8_1763344785
475136,1-Training-Losses/policy_loss,-0.00018243561498820782,Pong1PCB2L336P__seed_8_1763344785
479232,1-Training-Losses/policy_loss,-0.00035904720425605774,Pong1PCB2L336P__seed_8_1763344785
483328,1-Training-Losses/policy_loss,-1.4845747500658035e-05,Pong1PCB2L336P__seed_8_1763344785
487424,1-Training-Losses/policy_loss,2.125278115272522e-06,Pong1PCB2L336P__seed_8_1763344785
491520,1-Training-Losses/policy_loss,-0.00027239928022027016,Pong1PCB2L336P__seed_8_1763344785
495616,1-Training-Losses/policy_loss,-0.00012234225869178772,Pong1PCB2L336P__seed_8_1763344785
499712,1-Training-Losses/policy_loss,5.829567089676857e-05,Pong1PCB2L336P__seed_8_1763344785
503808,1-Training-Losses/policy_loss,-0.00012146402150392532,Pong1PCB2L336P__seed_8_1763344785
507904,1-Training-Losses/policy_loss,5.8766454458236694e-06,Pong1PCB2L336P__seed_8_1763344785
512000,1-Training-Losses/policy_loss,-0.0002735548187047243,Pong1PCB2L336P__seed_8_1763344785
516096,1-Training-Losses/policy_loss,-0.0002134065143764019,Pong1PCB2L336P__seed_8_1763344785
520192,1-Training-Losses/policy_loss,-9.083561599254608e-05,Pong1PCB2L336P__seed_8_1763344785
524288,1-Training-Losses/policy_loss,-0.0003466689959168434,Pong1PCB2L336P__seed_8_1763344785
528384,1-Training-Losses/policy_loss,-0.00013564899563789368,Pong1PCB2L336P__seed_8_1763344785
532480,1-Training-Losses/policy_loss,-8.89357179403305e-05,Pong1PCB2L336P__seed_8_1763344785
536576,1-Training-Losses/policy_loss,-1.5033408999443054e-05,Pong1PCB2L336P__seed_8_1763344785
540672,1-Training-Losses/policy_loss,-0.0002774239983409643,Pong1PCB2L336P__seed_8_1763344785
544768,1-Training-Losses/policy_loss,-0.00010889116674661636,Pong1PCB2L336P__seed_8_1763344785
548864,1-Training-Losses/policy_loss,-0.00020027649588882923,Pong1PCB2L336P__seed_8_1763344785
552960,1-Training-Losses/policy_loss,9.18051227927208e-06,Pong1PCB2L336P__seed_8_1763344785
557056,1-Training-Losses/policy_loss,-7.263198494911194e-05,Pong1PCB2L336P__seed_8_1763344785
561152,1-Training-Losses/policy_loss,-3.130990080535412e-05,Pong1PCB2L336P__seed_8_1763344785
565248,1-Training-Losses/policy_loss,-3.9653386920690536e-05,Pong1PCB2L336P__seed_8_1763344785
569344,1-Training-Losses/policy_loss,-1.2225471436977386e-05,Pong1PCB2L336P__seed_8_1763344785
573440,1-Training-Losses/policy_loss,-1.3255048543214798e-06,Pong1PCB2L336P__seed_8_1763344785
577536,1-Training-Losses/policy_loss,1.1418014764785767e-06,Pong1PCB2L336P__seed_8_1763344785
581632,1-Training-Losses/policy_loss,-1.0670628398656845e-05,Pong1PCB2L336P__seed_8_1763344785
585728,1-Training-Losses/policy_loss,-0.00011327490210533142,Pong1PCB2L336P__seed_8_1763344785
589824,1-Training-Losses/policy_loss,-0.00021088076755404472,Pong1PCB2L336P__seed_8_1763344785
593920,1-Training-Losses/policy_loss,-8.615385740995407e-05,Pong1PCB2L336P__seed_8_1763344785
598016,1-Training-Losses/policy_loss,5.8166682720184326e-05,Pong1PCB2L336P__seed_8_1763344785
602112,1-Training-Losses/policy_loss,-3.962195478379726e-06,Pong1PCB2L336P__seed_8_1763344785
606208,1-Training-Losses/policy_loss,-0.0001809387467801571,Pong1PCB2L336P__seed_8_1763344785
610304,1-Training-Losses/policy_loss,4.674773663282394e-06,Pong1PCB2L336P__seed_8_1763344785
614400,1-Training-Losses/policy_loss,-8.631311357021332e-05,Pong1PCB2L336P__seed_8_1763344785
618496,1-Training-Losses/policy_loss,5.830777809023857e-06,Pong1PCB2L336P__seed_8_1763344785
622592,1-Training-Losses/policy_loss,-0.00010127294808626175,Pong1PCB2L336P__seed_8_1763344785
626688,1-Training-Losses/policy_loss,-1.8619000911712646e-05,Pong1PCB2L336P__seed_8_1763344785
630784,1-Training-Losses/policy_loss,-8.807238191366196e-05,Pong1PCB2L336P__seed_8_1763344785
634880,1-Training-Losses/policy_loss,-2.7074012905359268e-05,Pong1PCB2L336P__seed_8_1763344785
638976,1-Training-Losses/policy_loss,-4.664342850446701e-05,Pong1PCB2L336P__seed_8_1763344785
643072,1-Training-Losses/policy_loss,-4.68716025352478e-05,Pong1PCB2L336P__seed_8_1763344785
647168,1-Training-Losses/policy_loss,-7.85021111369133e-05,Pong1PCB2L336P__seed_8_1763344785
651264,1-Training-Losses/policy_loss,-0.00012135785073041916,Pong1PCB2L336P__seed_8_1763344785
655360,1-Training-Losses/policy_loss,-8.610449731349945e-05,Pong1PCB2L336P__seed_8_1763344785
659456,1-Training-Losses/policy_loss,2.9406510293483734e-06,Pong1PCB2L336P__seed_8_1763344785
663552,1-Training-Losses/policy_loss,-5.096476525068283e-05,Pong1PCB2L336P__seed_8_1763344785
667648,1-Training-Losses/policy_loss,-8.601881563663483e-05,Pong1PCB2L336P__seed_8_1763344785
671744,1-Training-Losses/policy_loss,-7.176620420068502e-05,Pong1PCB2L336P__seed_8_1763344785
675840,1-Training-Losses/policy_loss,-0.00012707198038697243,Pong1PCB2L336P__seed_8_1763344785
679936,1-Training-Losses/policy_loss,-5.483906716108322e-05,Pong1PCB2L336P__seed_8_1763344785
684032,1-Training-Losses/policy_loss,-8.175801485776901e-05,Pong1PCB2L336P__seed_8_1763344785
688128,1-Training-Losses/policy_loss,-9.339908137917519e-05,Pong1PCB2L336P__seed_8_1763344785
692224,1-Training-Losses/policy_loss,-2.9842136427760124e-05,Pong1PCB2L336P__seed_8_1763344785
696320,1-Training-Losses/policy_loss,-2.41757370531559e-05,Pong1PCB2L336P__seed_8_1763344785
700416,1-Training-Losses/policy_loss,-1.6321660950779915e-05,Pong1PCB2L336P__seed_8_1763344785
704512,1-Training-Losses/policy_loss,-8.093006908893585e-05,Pong1PCB2L336P__seed_8_1763344785
708608,1-Training-Losses/policy_loss,-2.201087772846222e-05,Pong1PCB2L336P__seed_8_1763344785
712704,1-Training-Losses/policy_loss,-2.4425331503152847e-05,Pong1PCB2L336P__seed_8_1763344785
716800,1-Training-Losses/policy_loss,-8.798902854323387e-05,Pong1PCB2L336P__seed_8_1763344785
720896,1-Training-Losses/policy_loss,-0.00030361092649400234,Pong1PCB2L336P__seed_8_1763344785
724992,1-Training-Losses/policy_loss,-0.00013797683641314507,Pong1PCB2L336P__seed_8_1763344785
729088,1-Training-Losses/policy_loss,3.1041563488543034e-05,Pong1PCB2L336P__seed_8_1763344785
733184,1-Training-Losses/policy_loss,-0.0001266002655029297,Pong1PCB2L336P__seed_8_1763344785
737280,1-Training-Losses/policy_loss,-4.117656499147415e-05,Pong1PCB2L336P__seed_8_1763344785
741376,1-Training-Losses/policy_loss,-0.0002001458778977394,Pong1PCB2L336P__seed_8_1763344785
745472,1-Training-Losses/policy_loss,-6.855092942714691e-05,Pong1PCB2L336P__seed_8_1763344785
749568,1-Training-Losses/policy_loss,-6.585009396076202e-05,Pong1PCB2L336P__seed_8_1763344785
753664,1-Training-Losses/policy_loss,-0.00015378650277853012,Pong1PCB2L336P__seed_8_1763344785
757760,1-Training-Losses/policy_loss,-0.00010993098840117455,Pong1PCB2L336P__seed_8_1763344785
761856,1-Training-Losses/policy_loss,-0.00011538411490619183,Pong1PCB2L336P__seed_8_1763344785
765952,1-Training-Losses/policy_loss,-0.00014484161511063576,Pong1PCB2L336P__seed_8_1763344785
770048,1-Training-Losses/policy_loss,-3.167707473039627e-05,Pong1PCB2L336P__seed_8_1763344785
774144,1-Training-Losses/policy_loss,-7.300172001123428e-05,Pong1PCB2L336P__seed_8_1763344785
778240,1-Training-Losses/policy_loss,-0.00013392511755228043,Pong1PCB2L336P__seed_8_1763344785
782336,1-Training-Losses/policy_loss,-0.0001603681594133377,Pong1PCB2L336P__seed_8_1763344785
786432,1-Training-Losses/policy_loss,-0.00013115955516695976,Pong1PCB2L336P__seed_8_1763344785
790528,1-Training-Losses/policy_loss,-0.00029252655804157257,Pong1PCB2L336P__seed_8_1763344785
794624,1-Training-Losses/policy_loss,-0.00015210616402328014,Pong1PCB2L336P__seed_8_1763344785
798720,1-Training-Losses/policy_loss,-7.157004438340664e-05,Pong1PCB2L336P__seed_8_1763344785
802816,1-Training-Losses/policy_loss,-0.00025182683020830154,Pong1PCB2L336P__seed_8_1763344785
806912,1-Training-Losses/policy_loss,-0.00017710868269205093,Pong1PCB2L336P__seed_8_1763344785
811008,1-Training-Losses/policy_loss,-0.00011799857020378113,Pong1PCB2L336P__seed_8_1763344785
815104,1-Training-Losses/policy_loss,-0.00031829020008444786,Pong1PCB2L336P__seed_8_1763344785
819200,1-Training-Losses/policy_loss,-0.0001391936093568802,Pong1PCB2L336P__seed_8_1763344785
823296,1-Training-Losses/policy_loss,-0.00036661606281995773,Pong1PCB2L336P__seed_8_1763344785
827392,1-Training-Losses/policy_loss,-8.048024028539658e-05,Pong1PCB2L336P__seed_8_1763344785
831488,1-Training-Losses/policy_loss,-0.00011291168630123138,Pong1PCB2L336P__seed_8_1763344785
835584,1-Training-Losses/policy_loss,-0.00014603324234485626,Pong1PCB2L336P__seed_8_1763344785
839680,1-Training-Losses/policy_loss,-0.00013177189975976944,Pong1PCB2L336P__seed_8_1763344785
843776,1-Training-Losses/policy_loss,-0.0003544175997376442,Pong1PCB2L336P__seed_8_1763344785
847872,1-Training-Losses/policy_loss,-0.00030714739114046097,Pong1PCB2L336P__seed_8_1763344785
851968,1-Training-Losses/policy_loss,-5.821138620376587e-05,Pong1PCB2L336P__seed_8_1763344785
856064,1-Training-Losses/policy_loss,-0.0005177296698093414,Pong1PCB2L336P__seed_8_1763344785
860160,1-Training-Losses/policy_loss,-0.0002855495549738407,Pong1PCB2L336P__seed_8_1763344785
864256,1-Training-Losses/policy_loss,-0.0004338913131505251,Pong1PCB2L336P__seed_8_1763344785
868352,1-Training-Losses/policy_loss,-0.0006203232333064079,Pong1PCB2L336P__seed_8_1763344785
872448,1-Training-Losses/policy_loss,-0.0002211267128586769,Pong1PCB2L336P__seed_8_1763344785
876544,1-Training-Losses/policy_loss,-0.00021576788276433945,Pong1PCB2L336P__seed_8_1763344785
880640,1-Training-Losses/policy_loss,-0.00025264080613851547,Pong1PCB2L336P__seed_8_1763344785
884736,1-Training-Losses/policy_loss,-0.00015951413661241531,Pong1PCB2L336P__seed_8_1763344785
888832,1-Training-Losses/policy_loss,-0.0002484200522303581,Pong1PCB2L336P__seed_8_1763344785
892928,1-Training-Losses/policy_loss,-0.0001869797706604004,Pong1PCB2L336P__seed_8_1763344785
897024,1-Training-Losses/policy_loss,-0.00024860259145498276,Pong1PCB2L336P__seed_8_1763344785
901120,1-Training-Losses/policy_loss,-0.0005182316526770592,Pong1PCB2L336P__seed_8_1763344785
905216,1-Training-Losses/policy_loss,-6.76899217069149e-05,Pong1PCB2L336P__seed_8_1763344785
909312,1-Training-Losses/policy_loss,-0.00022825016640126705,Pong1PCB2L336P__seed_8_1763344785
913408,1-Training-Losses/policy_loss,-0.00015898910351097584,Pong1PCB2L336P__seed_8_1763344785
917504,1-Training-Losses/policy_loss,-0.000955446157604456,Pong1PCB2L336P__seed_8_1763344785
921600,1-Training-Losses/policy_loss,-3.2782554626464844e-05,Pong1PCB2L336P__seed_8_1763344785
925696,1-Training-Losses/policy_loss,-9.09753143787384e-05,Pong1PCB2L336P__seed_8_1763344785
929792,1-Training-Losses/policy_loss,-0.00015198532491922379,Pong1PCB2L336P__seed_8_1763344785
933888,1-Training-Losses/policy_loss,-0.00033368635922670364,Pong1PCB2L336P__seed_8_1763344785
937984,1-Training-Losses/policy_loss,-0.0007264935411512852,Pong1PCB2L336P__seed_8_1763344785
942080,1-Training-Losses/policy_loss,-0.00022996868938207626,Pong1PCB2L336P__seed_8_1763344785
946176,1-Training-Losses/policy_loss,-0.0003515477292239666,Pong1PCB2L336P__seed_8_1763344785
950272,1-Training-Losses/policy_loss,-0.0007585156708955765,Pong1PCB2L336P__seed_8_1763344785
954368,1-Training-Losses/policy_loss,0.00023829331621527672,Pong1PCB2L336P__seed_8_1763344785
958464,1-Training-Losses/policy_loss,-0.0002527814358472824,Pong1PCB2L336P__seed_8_1763344785
962560,1-Training-Losses/policy_loss,-0.00022247899323701859,Pong1PCB2L336P__seed_8_1763344785
966656,1-Training-Losses/policy_loss,4.974612966179848e-05,Pong1PCB2L336P__seed_8_1763344785
970752,1-Training-Losses/policy_loss,-0.00012286333367228508,Pong1PCB2L336P__seed_8_1763344785
974848,1-Training-Losses/policy_loss,-0.00014742976054549217,Pong1PCB2L336P__seed_8_1763344785
978944,1-Training-Losses/policy_loss,-3.385823220014572e-05,Pong1PCB2L336P__seed_8_1763344785
983040,1-Training-Losses/policy_loss,-0.0005684096831828356,Pong1PCB2L336P__seed_8_1763344785
987136,1-Training-Losses/policy_loss,-0.00030951201915740967,Pong1PCB2L336P__seed_8_1763344785
991232,1-Training-Losses/policy_loss,-0.0003757886588573456,Pong1PCB2L336P__seed_8_1763344785
995328,1-Training-Losses/policy_loss,-0.00019600242376327515,Pong1PCB2L336P__seed_8_1763344785
999424,1-Training-Losses/policy_loss,2.6727328076958656e-05,Pong1PCB2L336P__seed_8_1763344785
1003520,1-Training-Losses/policy_loss,-0.0008182041347026825,Pong1PCB2L336P__seed_8_1763344785
1007616,1-Training-Losses/policy_loss,9.907013736665249e-05,Pong1PCB2L336P__seed_8_1763344785
1011712,1-Training-Losses/policy_loss,-2.550007775425911e-05,Pong1PCB2L336P__seed_8_1763344785
1015808,1-Training-Losses/policy_loss,-0.0005121007561683655,Pong1PCB2L336P__seed_8_1763344785
1019904,1-Training-Losses/policy_loss,-0.0002679242752492428,Pong1PCB2L336P__seed_8_1763344785
1024000,1-Training-Losses/policy_loss,3.849365748465061e-05,Pong1PCB2L336P__seed_8_1763344785
1028096,1-Training-Losses/policy_loss,-0.0002461154945194721,Pong1PCB2L336P__seed_8_1763344785
1032192,1-Training-Losses/policy_loss,-0.0003324802964925766,Pong1PCB2L336P__seed_8_1763344785
1036288,1-Training-Losses/policy_loss,-0.0001159480307251215,Pong1PCB2L336P__seed_8_1763344785
1040384,1-Training-Losses/policy_loss,-8.645560592412949e-05,Pong1PCB2L336P__seed_8_1763344785
1044480,1-Training-Losses/policy_loss,-0.00026238197460770607,Pong1PCB2L336P__seed_8_1763344785
1048576,1-Training-Losses/policy_loss,-7.517845369875431e-05,Pong1PCB2L336P__seed_8_1763344785
1052672,1-Training-Losses/policy_loss,-0.00024954439140856266,Pong1PCB2L336P__seed_8_1763344785
1056768,1-Training-Losses/policy_loss,-9.901076555252075e-05,Pong1PCB2L336P__seed_8_1763344785
1060864,1-Training-Losses/policy_loss,-0.00012524845078587532,Pong1PCB2L336P__seed_8_1763344785
1064960,1-Training-Losses/policy_loss,-0.00022898055613040924,Pong1PCB2L336P__seed_8_1763344785
1069056,1-Training-Losses/policy_loss,-8.489284664392471e-05,Pong1PCB2L336P__seed_8_1763344785
1073152,1-Training-Losses/policy_loss,-0.00011482834815979004,Pong1PCB2L336P__seed_8_1763344785
1077248,1-Training-Losses/policy_loss,2.2059306502342224e-05,Pong1PCB2L336P__seed_8_1763344785
1081344,1-Training-Losses/policy_loss,-0.000166354700922966,Pong1PCB2L336P__seed_8_1763344785
1085440,1-Training-Losses/policy_loss,-0.0011043939739465714,Pong1PCB2L336P__seed_8_1763344785
1089536,1-Training-Losses/policy_loss,-0.0008863946422934532,Pong1PCB2L336P__seed_8_1763344785
1093632,1-Training-Losses/policy_loss,-0.00035463180392980576,Pong1PCB2L336P__seed_8_1763344785
1097728,1-Training-Losses/policy_loss,2.580881118774414e-05,Pong1PCB2L336P__seed_8_1763344785
1101824,1-Training-Losses/policy_loss,-0.00019893981516361237,Pong1PCB2L336P__seed_8_1763344785
1105920,1-Training-Losses/policy_loss,-0.001969503005966544,Pong1PCB2L336P__seed_8_1763344785
1110016,1-Training-Losses/policy_loss,-0.002164512872695923,Pong1PCB2L336P__seed_8_1763344785
1114112,1-Training-Losses/policy_loss,-0.0002975473180413246,Pong1PCB2L336P__seed_8_1763344785
1118208,1-Training-Losses/policy_loss,0.0001624932629056275,Pong1PCB2L336P__seed_8_1763344785
1122304,1-Training-Losses/policy_loss,-0.0003903433680534363,Pong1PCB2L336P__seed_8_1763344785
1126400,1-Training-Losses/policy_loss,-0.0006547104567289352,Pong1PCB2L336P__seed_8_1763344785
1130496,1-Training-Losses/policy_loss,-0.0007200511172413826,Pong1PCB2L336P__seed_8_1763344785
1134592,1-Training-Losses/policy_loss,-0.0004232432693243027,Pong1PCB2L336P__seed_8_1763344785
1138688,1-Training-Losses/policy_loss,0.0003274213522672653,Pong1PCB2L336P__seed_8_1763344785
1142784,1-Training-Losses/policy_loss,-0.00016877573216333985,Pong1PCB2L336P__seed_8_1763344785
1146880,1-Training-Losses/policy_loss,-0.00033719767816364765,Pong1PCB2L336P__seed_8_1763344785
1150976,1-Training-Losses/policy_loss,-1.1104857549071312e-05,Pong1PCB2L336P__seed_8_1763344785
1155072,1-Training-Losses/policy_loss,-0.000376866664737463,Pong1PCB2L336P__seed_8_1763344785
1159168,1-Training-Losses/policy_loss,-7.415236905217171e-05,Pong1PCB2L336P__seed_8_1763344785
1163264,1-Training-Losses/policy_loss,-0.00031665246933698654,Pong1PCB2L336P__seed_8_1763344785
1167360,1-Training-Losses/policy_loss,-0.000768634956330061,Pong1PCB2L336P__seed_8_1763344785
1171456,1-Training-Losses/policy_loss,0.00024080369621515274,Pong1PCB2L336P__seed_8_1763344785
1175552,1-Training-Losses/policy_loss,-0.00029251910746097565,Pong1PCB2L336P__seed_8_1763344785
1179648,1-Training-Losses/policy_loss,-0.0001709209755063057,Pong1PCB2L336P__seed_8_1763344785
1183744,1-Training-Losses/policy_loss,-0.0010466009844094515,Pong1PCB2L336P__seed_8_1763344785
1187840,1-Training-Losses/policy_loss,0.0004888800904154778,Pong1PCB2L336P__seed_8_1763344785
1191936,1-Training-Losses/policy_loss,-0.00012330664321780205,Pong1PCB2L336P__seed_8_1763344785
1196032,1-Training-Losses/policy_loss,-0.0003383592702448368,Pong1PCB2L336P__seed_8_1763344785
1200128,1-Training-Losses/policy_loss,-0.00020635593682527542,Pong1PCB2L336P__seed_8_1763344785
1204224,1-Training-Losses/policy_loss,-0.00021634530276060104,Pong1PCB2L336P__seed_8_1763344785
1208320,1-Training-Losses/policy_loss,-7.779430598020554e-05,Pong1PCB2L336P__seed_8_1763344785
1212416,1-Training-Losses/policy_loss,-9.532272815704346e-05,Pong1PCB2L336P__seed_8_1763344785
1216512,1-Training-Losses/policy_loss,-0.00016137678176164627,Pong1PCB2L336P__seed_8_1763344785
1220608,1-Training-Losses/policy_loss,-0.00020348094403743744,Pong1PCB2L336P__seed_8_1763344785
1224704,1-Training-Losses/policy_loss,-0.0005045291036367416,Pong1PCB2L336P__seed_8_1763344785
1228800,1-Training-Losses/policy_loss,-0.0004069264978170395,Pong1PCB2L336P__seed_8_1763344785
1232896,1-Training-Losses/policy_loss,-0.00010722799925133586,Pong1PCB2L336P__seed_8_1763344785
1236992,1-Training-Losses/policy_loss,-0.000156153691932559,Pong1PCB2L336P__seed_8_1763344785
1241088,1-Training-Losses/policy_loss,-7.872562855482101e-05,Pong1PCB2L336P__seed_8_1763344785
1245184,1-Training-Losses/policy_loss,-0.0002265297807753086,Pong1PCB2L336P__seed_8_1763344785
1249280,1-Training-Losses/policy_loss,-0.0010945526883006096,Pong1PCB2L336P__seed_8_1763344785
1253376,1-Training-Losses/policy_loss,0.00043028034269809723,Pong1PCB2L336P__seed_8_1763344785
1257472,1-Training-Losses/policy_loss,-4.587322473526001e-05,Pong1PCB2L336P__seed_8_1763344785
1261568,1-Training-Losses/policy_loss,-9.663053788244724e-05,Pong1PCB2L336P__seed_8_1763344785
1265664,1-Training-Losses/policy_loss,-0.0002678344026207924,Pong1PCB2L336P__seed_8_1763344785
1269760,1-Training-Losses/policy_loss,-0.0007468261756002903,Pong1PCB2L336P__seed_8_1763344785
1273856,1-Training-Losses/policy_loss,-3.651995211839676e-05,Pong1PCB2L336P__seed_8_1763344785
1277952,1-Training-Losses/policy_loss,-4.374375566840172e-05,Pong1PCB2L336P__seed_8_1763344785
1282048,1-Training-Losses/policy_loss,-0.0002807921264320612,Pong1PCB2L336P__seed_8_1763344785
1286144,1-Training-Losses/policy_loss,0.00010249670594930649,Pong1PCB2L336P__seed_8_1763344785
1290240,1-Training-Losses/policy_loss,-0.00031484290957450867,Pong1PCB2L336P__seed_8_1763344785
1294336,1-Training-Losses/policy_loss,8.917460218071938e-05,Pong1PCB2L336P__seed_8_1763344785
1298432,1-Training-Losses/policy_loss,-0.00029139965772628784,Pong1PCB2L336P__seed_8_1763344785
1302528,1-Training-Losses/policy_loss,-0.0003143139183521271,Pong1PCB2L336P__seed_8_1763344785
1306624,1-Training-Losses/policy_loss,-9.108707308769226e-05,Pong1PCB2L336P__seed_8_1763344785
1310720,1-Training-Losses/policy_loss,-0.000324442982673645,Pong1PCB2L336P__seed_8_1763344785
1314816,1-Training-Losses/policy_loss,-9.170081466436386e-05,Pong1PCB2L336P__seed_8_1763344785
1318912,1-Training-Losses/policy_loss,-0.0005728511605411768,Pong1PCB2L336P__seed_8_1763344785
1323008,1-Training-Losses/policy_loss,-0.00017952686175704002,Pong1PCB2L336P__seed_8_1763344785
1327104,1-Training-Losses/policy_loss,6.271759048104286e-05,Pong1PCB2L336P__seed_8_1763344785
1331200,1-Training-Losses/policy_loss,-0.00016365759074687958,Pong1PCB2L336P__seed_8_1763344785
1335296,1-Training-Losses/policy_loss,-0.0005057202652096748,Pong1PCB2L336P__seed_8_1763344785
1339392,1-Training-Losses/policy_loss,-0.00015512993559241295,Pong1PCB2L336P__seed_8_1763344785
1343488,1-Training-Losses/policy_loss,0.00013147806748747826,Pong1PCB2L336P__seed_8_1763344785
1347584,1-Training-Losses/policy_loss,-0.00010610464960336685,Pong1PCB2L336P__seed_8_1763344785
1351680,1-Training-Losses/policy_loss,-6.0252845287323e-05,Pong1PCB2L336P__seed_8_1763344785
1355776,1-Training-Losses/policy_loss,-8.913199417293072e-05,Pong1PCB2L336P__seed_8_1763344785
1359872,1-Training-Losses/policy_loss,-0.00031546875834465027,Pong1PCB2L336P__seed_8_1763344785
1363968,1-Training-Losses/policy_loss,-0.0002669794484972954,Pong1PCB2L336P__seed_8_1763344785
1368064,1-Training-Losses/policy_loss,-7.116980850696564e-05,Pong1PCB2L336P__seed_8_1763344785
1372160,1-Training-Losses/policy_loss,-0.0011347271502017975,Pong1PCB2L336P__seed_8_1763344785
1376256,1-Training-Losses/policy_loss,-0.00018832064233720303,Pong1PCB2L336P__seed_8_1763344785
1380352,1-Training-Losses/policy_loss,-1.4625955373048782e-05,Pong1PCB2L336P__seed_8_1763344785
1384448,1-Training-Losses/policy_loss,4.690932109951973e-05,Pong1PCB2L336P__seed_8_1763344785
1388544,1-Training-Losses/policy_loss,-9.493017569184303e-05,Pong1PCB2L336P__seed_8_1763344785
1392640,1-Training-Losses/policy_loss,-0.0009459983557462692,Pong1PCB2L336P__seed_8_1763344785
1396736,1-Training-Losses/policy_loss,-0.0002586953341960907,Pong1PCB2L336P__seed_8_1763344785
1400832,1-Training-Losses/policy_loss,4.095397889614105e-05,Pong1PCB2L336P__seed_8_1763344785
1404928,1-Training-Losses/policy_loss,-0.000385320745408535,Pong1PCB2L336P__seed_8_1763344785
1409024,1-Training-Losses/policy_loss,-6.463914178311825e-05,Pong1PCB2L336P__seed_8_1763344785
1413120,1-Training-Losses/policy_loss,-0.00017459411174058914,Pong1PCB2L336P__seed_8_1763344785
1417216,1-Training-Losses/policy_loss,-0.00012579374015331268,Pong1PCB2L336P__seed_8_1763344785
1421312,1-Training-Losses/policy_loss,-0.00026188138872385025,Pong1PCB2L336P__seed_8_1763344785
1425408,1-Training-Losses/policy_loss,-4.151882603764534e-05,Pong1PCB2L336P__seed_8_1763344785
1429504,1-Training-Losses/policy_loss,-0.0003447858616709709,Pong1PCB2L336P__seed_8_1763344785
1433600,1-Training-Losses/policy_loss,-0.00023197568953037262,Pong1PCB2L336P__seed_8_1763344785
1437696,1-Training-Losses/policy_loss,-0.0002153501845896244,Pong1PCB2L336P__seed_8_1763344785
1441792,1-Training-Losses/policy_loss,-0.0006539812311530113,Pong1PCB2L336P__seed_8_1763344785
1445888,1-Training-Losses/policy_loss,0.00019094999879598618,Pong1PCB2L336P__seed_8_1763344785
1449984,1-Training-Losses/policy_loss,-0.00011769775301218033,Pong1PCB2L336P__seed_8_1763344785
1454080,1-Training-Losses/policy_loss,-0.0003539659082889557,Pong1PCB2L336P__seed_8_1763344785
1458176,1-Training-Losses/policy_loss,-0.00042584165930747986,Pong1PCB2L336P__seed_8_1763344785
1462272,1-Training-Losses/policy_loss,-0.0005349151324480772,Pong1PCB2L336P__seed_8_1763344785
1466368,1-Training-Losses/policy_loss,-0.00017208699136972427,Pong1PCB2L336P__seed_8_1763344785
1470464,1-Training-Losses/policy_loss,-0.0004072333686053753,Pong1PCB2L336P__seed_8_1763344785
1474560,1-Training-Losses/policy_loss,-0.001179669052362442,Pong1PCB2L336P__seed_8_1763344785
1478656,1-Training-Losses/policy_loss,-0.0004360969178378582,Pong1PCB2L336P__seed_8_1763344785
1482752,1-Training-Losses/policy_loss,-0.0007906639948487282,Pong1PCB2L336P__seed_8_1763344785
1486848,1-Training-Losses/policy_loss,-0.0010165441781282425,Pong1PCB2L336P__seed_8_1763344785
1490944,1-Training-Losses/policy_loss,-0.0009211013093590736,Pong1PCB2L336P__seed_8_1763344785
1495040,1-Training-Losses/policy_loss,0.00031583080999553204,Pong1PCB2L336P__seed_8_1763344785
1499136,1-Training-Losses/policy_loss,-0.00031747762113809586,Pong1PCB2L336P__seed_8_1763344785
1503232,1-Training-Losses/policy_loss,-0.001352463848888874,Pong1PCB2L336P__seed_8_1763344785
1507328,1-Training-Losses/policy_loss,-0.0018088435754179955,Pong1PCB2L336P__seed_8_1763344785
1511424,1-Training-Losses/policy_loss,-0.00066785654053092,Pong1PCB2L336P__seed_8_1763344785
1515520,1-Training-Losses/policy_loss,4.73647378385067e-05,Pong1PCB2L336P__seed_8_1763344785
1519616,1-Training-Losses/policy_loss,-0.00010065827518701553,Pong1PCB2L336P__seed_8_1763344785
1523712,1-Training-Losses/policy_loss,-0.0004453863948583603,Pong1PCB2L336P__seed_8_1763344785
1527808,1-Training-Losses/policy_loss,-0.00013822223991155624,Pong1PCB2L336P__seed_8_1763344785
1531904,1-Training-Losses/policy_loss,-0.00014478107914328575,Pong1PCB2L336P__seed_8_1763344785
1536000,1-Training-Losses/policy_loss,-0.00021421629935503006,Pong1PCB2L336P__seed_8_1763344785
1540096,1-Training-Losses/policy_loss,-0.00027383025735616684,Pong1PCB2L336P__seed_8_1763344785
1544192,1-Training-Losses/policy_loss,-3.404892049729824e-05,Pong1PCB2L336P__seed_8_1763344785
1548288,1-Training-Losses/policy_loss,-0.00016196118667721748,Pong1PCB2L336P__seed_8_1763344785
1552384,1-Training-Losses/policy_loss,-0.0002704290673136711,Pong1PCB2L336P__seed_8_1763344785
1556480,1-Training-Losses/policy_loss,-0.00012268847785890102,Pong1PCB2L336P__seed_8_1763344785
1560576,1-Training-Losses/policy_loss,-0.0002600615844130516,Pong1PCB2L336P__seed_8_1763344785
1564672,1-Training-Losses/policy_loss,-6.277114152908325e-05,Pong1PCB2L336P__seed_8_1763344785
1568768,1-Training-Losses/policy_loss,-0.0006991047412157059,Pong1PCB2L336P__seed_8_1763344785
1572864,1-Training-Losses/policy_loss,0.00012947479262948036,Pong1PCB2L336P__seed_8_1763344785
1576960,1-Training-Losses/policy_loss,-0.0002366611734032631,Pong1PCB2L336P__seed_8_1763344785
1581056,1-Training-Losses/policy_loss,-0.00047878967598080635,Pong1PCB2L336P__seed_8_1763344785
1585152,1-Training-Losses/policy_loss,-0.0001736936392262578,Pong1PCB2L336P__seed_8_1763344785
1589248,1-Training-Losses/policy_loss,-0.0002908380702137947,Pong1PCB2L336P__seed_8_1763344785
1593344,1-Training-Losses/policy_loss,-0.0012817839160561562,Pong1PCB2L336P__seed_8_1763344785
1597440,1-Training-Losses/policy_loss,0.0006792875938117504,Pong1PCB2L336P__seed_8_1763344785
1601536,1-Training-Losses/policy_loss,-0.00015212967991828918,Pong1PCB2L336P__seed_8_1763344785
1605632,1-Training-Losses/policy_loss,-0.0005485555157065392,Pong1PCB2L336P__seed_8_1763344785
1609728,1-Training-Losses/policy_loss,-0.00039989128708839417,Pong1PCB2L336P__seed_8_1763344785
1613824,1-Training-Losses/policy_loss,-0.0006390630733221769,Pong1PCB2L336P__seed_8_1763344785
1617920,1-Training-Losses/policy_loss,-5.179038271307945e-05,Pong1PCB2L336P__seed_8_1763344785
1622016,1-Training-Losses/policy_loss,-5.529262125492096e-05,Pong1PCB2L336P__seed_8_1763344785
1626112,1-Training-Losses/policy_loss,-0.002399119548499584,Pong1PCB2L336P__seed_8_1763344785
1630208,1-Training-Losses/policy_loss,-9.86289232969284e-05,Pong1PCB2L336P__seed_8_1763344785
1634304,1-Training-Losses/policy_loss,-0.0008997330442070961,Pong1PCB2L336P__seed_8_1763344785
1638400,1-Training-Losses/policy_loss,-0.0002649528905749321,Pong1PCB2L336P__seed_8_1763344785
1642496,1-Training-Losses/policy_loss,-0.0001216372475028038,Pong1PCB2L336P__seed_8_1763344785
1646592,1-Training-Losses/policy_loss,-0.00015755649656057358,Pong1PCB2L336P__seed_8_1763344785
1650688,1-Training-Losses/policy_loss,-8.798949420452118e-05,Pong1PCB2L336P__seed_8_1763344785
1654784,1-Training-Losses/policy_loss,-0.0001750495284795761,Pong1PCB2L336P__seed_8_1763344785
1658880,1-Training-Losses/policy_loss,-0.0001227047760039568,Pong1PCB2L336P__seed_8_1763344785
1662976,1-Training-Losses/policy_loss,-0.00036781118251383305,Pong1PCB2L336P__seed_8_1763344785
1667072,1-Training-Losses/policy_loss,-0.00018873857334256172,Pong1PCB2L336P__seed_8_1763344785
1671168,1-Training-Losses/policy_loss,-0.0003585708327591419,Pong1PCB2L336P__seed_8_1763344785
1675264,1-Training-Losses/policy_loss,-0.001464560627937317,Pong1PCB2L336P__seed_8_1763344785
1679360,1-Training-Losses/policy_loss,-0.0001611919142305851,Pong1PCB2L336P__seed_8_1763344785
1683456,1-Training-Losses/policy_loss,9.542843326926231e-05,Pong1PCB2L336P__seed_8_1763344785
1687552,1-Training-Losses/policy_loss,-0.000995679758489132,Pong1PCB2L336P__seed_8_1763344785
1691648,1-Training-Losses/policy_loss,-0.0005316538736224174,Pong1PCB2L336P__seed_8_1763344785
1695744,1-Training-Losses/policy_loss,-0.00018655590247362852,Pong1PCB2L336P__seed_8_1763344785
1699840,1-Training-Losses/policy_loss,8.66851769387722e-05,Pong1PCB2L336P__seed_8_1763344785
1703936,1-Training-Losses/policy_loss,-0.00010207155719399452,Pong1PCB2L336P__seed_8_1763344785
1708032,1-Training-Losses/policy_loss,-0.00038581970147788525,Pong1PCB2L336P__seed_8_1763344785
1712128,1-Training-Losses/policy_loss,-0.0024002688005566597,Pong1PCB2L336P__seed_8_1763344785
1716224,1-Training-Losses/policy_loss,8.938554674386978e-05,Pong1PCB2L336P__seed_8_1763344785
1720320,1-Training-Losses/policy_loss,-0.000281553715467453,Pong1PCB2L336P__seed_8_1763344785
1724416,1-Training-Losses/policy_loss,-0.0008715549483895302,Pong1PCB2L336P__seed_8_1763344785
1728512,1-Training-Losses/policy_loss,0.0004058629274368286,Pong1PCB2L336P__seed_8_1763344785
1732608,1-Training-Losses/policy_loss,-0.0003675362095236778,Pong1PCB2L336P__seed_8_1763344785
1736704,1-Training-Losses/policy_loss,-0.0005480418913066387,Pong1PCB2L336P__seed_8_1763344785
1740800,1-Training-Losses/policy_loss,0.00010676123201847076,Pong1PCB2L336P__seed_8_1763344785
1744896,1-Training-Losses/policy_loss,-0.00022570230066776276,Pong1PCB2L336P__seed_8_1763344785
1748992,1-Training-Losses/policy_loss,-0.001270020380616188,Pong1PCB2L336P__seed_8_1763344785
1753088,1-Training-Losses/policy_loss,0.0002767033874988556,Pong1PCB2L336P__seed_8_1763344785
1757184,1-Training-Losses/policy_loss,-0.0005946292076259851,Pong1PCB2L336P__seed_8_1763344785
1761280,1-Training-Losses/policy_loss,-0.0025550005957484245,Pong1PCB2L336P__seed_8_1763344785
1765376,1-Training-Losses/policy_loss,-0.00044287671335041523,Pong1PCB2L336P__seed_8_1763344785
1769472,1-Training-Losses/policy_loss,-0.00033166934736073017,Pong1PCB2L336P__seed_8_1763344785
1773568,1-Training-Losses/policy_loss,-0.00010863179340958595,Pong1PCB2L336P__seed_8_1763344785
1777664,1-Training-Losses/policy_loss,-0.0018855221569538116,Pong1PCB2L336P__seed_8_1763344785
1781760,1-Training-Losses/policy_loss,-0.0005208244547247887,Pong1PCB2L336P__seed_8_1763344785
1785856,1-Training-Losses/policy_loss,-0.000454070046544075,Pong1PCB2L336P__seed_8_1763344785
1789952,1-Training-Losses/policy_loss,5.808146670460701e-05,Pong1PCB2L336P__seed_8_1763344785
1794048,1-Training-Losses/policy_loss,1.512886956334114e-05,Pong1PCB2L336P__seed_8_1763344785
1798144,1-Training-Losses/policy_loss,-5.259271711111069e-05,Pong1PCB2L336P__seed_8_1763344785
1802240,1-Training-Losses/policy_loss,-0.0010045506060123444,Pong1PCB2L336P__seed_8_1763344785
1806336,1-Training-Losses/policy_loss,-0.0011343341320753098,Pong1PCB2L336P__seed_8_1763344785
1810432,1-Training-Losses/policy_loss,0.00012014340609312057,Pong1PCB2L336P__seed_8_1763344785
1814528,1-Training-Losses/policy_loss,-0.00022408971562981606,Pong1PCB2L336P__seed_8_1763344785
1818624,1-Training-Losses/policy_loss,-0.0004419153556227684,Pong1PCB2L336P__seed_8_1763344785
1822720,1-Training-Losses/policy_loss,-0.0007051127031445503,Pong1PCB2L336P__seed_8_1763344785
1826816,1-Training-Losses/policy_loss,-0.0002543516457080841,Pong1PCB2L336P__seed_8_1763344785
1830912,1-Training-Losses/policy_loss,-0.0002987794578075409,Pong1PCB2L336P__seed_8_1763344785
1835008,1-Training-Losses/policy_loss,-0.00025134487077593803,Pong1PCB2L336P__seed_8_1763344785
1839104,1-Training-Losses/policy_loss,-0.0008922191336750984,Pong1PCB2L336P__seed_8_1763344785
1843200,1-Training-Losses/policy_loss,-0.00042927777394652367,Pong1PCB2L336P__seed_8_1763344785
1847296,1-Training-Losses/policy_loss,-0.00015401095151901245,Pong1PCB2L336P__seed_8_1763344785
1851392,1-Training-Losses/policy_loss,-0.0003778175450861454,Pong1PCB2L336P__seed_8_1763344785
1855488,1-Training-Losses/policy_loss,-8.620787411928177e-05,Pong1PCB2L336P__seed_8_1763344785
1859584,1-Training-Losses/policy_loss,-0.0017552886856719851,Pong1PCB2L336P__seed_8_1763344785
1863680,1-Training-Losses/policy_loss,0.00022061914205551147,Pong1PCB2L336P__seed_8_1763344785
1867776,1-Training-Losses/policy_loss,-0.0014072684571146965,Pong1PCB2L336P__seed_8_1763344785
1871872,1-Training-Losses/policy_loss,-0.00037408247590065,Pong1PCB2L336P__seed_8_1763344785
1875968,1-Training-Losses/policy_loss,-0.00036361953243613243,Pong1PCB2L336P__seed_8_1763344785
1880064,1-Training-Losses/policy_loss,-0.00045096781104803085,Pong1PCB2L336P__seed_8_1763344785
1884160,1-Training-Losses/policy_loss,-0.00018964894115924835,Pong1PCB2L336P__seed_8_1763344785
1888256,1-Training-Losses/policy_loss,-0.00022507598623633385,Pong1PCB2L336P__seed_8_1763344785
1892352,1-Training-Losses/policy_loss,-0.00024872622452676296,Pong1PCB2L336P__seed_8_1763344785
1896448,1-Training-Losses/policy_loss,-0.0012604943476617336,Pong1PCB2L336P__seed_8_1763344785
1900544,1-Training-Losses/policy_loss,-0.0006898341234773397,Pong1PCB2L336P__seed_8_1763344785
1904640,1-Training-Losses/policy_loss,0.00028251390904188156,Pong1PCB2L336P__seed_8_1763344785
1908736,1-Training-Losses/policy_loss,-0.00026668887585401535,Pong1PCB2L336P__seed_8_1763344785
1912832,1-Training-Losses/policy_loss,-0.0001563839614391327,Pong1PCB2L336P__seed_8_1763344785
1916928,1-Training-Losses/policy_loss,-0.00017965305596590042,Pong1PCB2L336P__seed_8_1763344785
1921024,1-Training-Losses/policy_loss,-0.0004773307591676712,Pong1PCB2L336P__seed_8_1763344785
1925120,1-Training-Losses/policy_loss,-0.00046893395483493805,Pong1PCB2L336P__seed_8_1763344785
1929216,1-Training-Losses/policy_loss,-2.2621825337409973e-05,Pong1PCB2L336P__seed_8_1763344785
1933312,1-Training-Losses/policy_loss,-0.0006232541054487228,Pong1PCB2L336P__seed_8_1763344785
1937408,1-Training-Losses/policy_loss,-0.0006964374333620071,Pong1PCB2L336P__seed_8_1763344785
1941504,1-Training-Losses/policy_loss,-0.0002878743689507246,Pong1PCB2L336P__seed_8_1763344785
1945600,1-Training-Losses/policy_loss,-0.0006489260122179985,Pong1PCB2L336P__seed_8_1763344785
1949696,1-Training-Losses/policy_loss,-0.0005589677020907402,Pong1PCB2L336P__seed_8_1763344785
1953792,1-Training-Losses/policy_loss,4.678405821323395e-05,Pong1PCB2L336P__seed_8_1763344785
1957888,1-Training-Losses/policy_loss,-0.0013173501938581467,Pong1PCB2L336P__seed_8_1763344785
1961984,1-Training-Losses/policy_loss,0.00025464268401265144,Pong1PCB2L336P__seed_8_1763344785
1966080,1-Training-Losses/policy_loss,-0.0009587584063410759,Pong1PCB2L336P__seed_8_1763344785
1970176,1-Training-Losses/policy_loss,-0.0006194999441504478,Pong1PCB2L336P__seed_8_1763344785
1974272,1-Training-Losses/policy_loss,-0.0004333723336458206,Pong1PCB2L336P__seed_8_1763344785
1978368,1-Training-Losses/policy_loss,-0.0005030191969126463,Pong1PCB2L336P__seed_8_1763344785
1982464,1-Training-Losses/policy_loss,-0.0003642141819000244,Pong1PCB2L336P__seed_8_1763344785
1986560,1-Training-Losses/policy_loss,-8.218968287110329e-05,Pong1PCB2L336P__seed_8_1763344785
1990656,1-Training-Losses/policy_loss,-0.0009585516527295113,Pong1PCB2L336P__seed_8_1763344785
1994752,1-Training-Losses/policy_loss,-0.0003738999366760254,Pong1PCB2L336P__seed_8_1763344785
1998848,1-Training-Losses/policy_loss,-0.0005956161767244339,Pong1PCB2L336P__seed_8_1763344785
2002944,1-Training-Losses/policy_loss,-0.0012100404128432274,Pong1PCB2L336P__seed_8_1763344785
2007040,1-Training-Losses/policy_loss,-0.0005959910340607166,Pong1PCB2L336P__seed_8_1763344785
2011136,1-Training-Losses/policy_loss,-0.00045749545097351074,Pong1PCB2L336P__seed_8_1763344785
2015232,1-Training-Losses/policy_loss,-0.00018979795277118683,Pong1PCB2L336P__seed_8_1763344785
2019328,1-Training-Losses/policy_loss,-0.00043802522122859955,Pong1PCB2L336P__seed_8_1763344785
2023424,1-Training-Losses/policy_loss,-0.002835069317370653,Pong1PCB2L336P__seed_8_1763344785
2027520,1-Training-Losses/policy_loss,-0.0004136543720960617,Pong1PCB2L336P__seed_8_1763344785
2031616,1-Training-Losses/policy_loss,-0.00021263654343783855,Pong1PCB2L336P__seed_8_1763344785
2035712,1-Training-Losses/policy_loss,-0.0008856626227498055,Pong1PCB2L336P__seed_8_1763344785
2039808,1-Training-Losses/policy_loss,-0.0005541604477912188,Pong1PCB2L336P__seed_8_1763344785
2043904,1-Training-Losses/policy_loss,-0.0005970140919089317,Pong1PCB2L336P__seed_8_1763344785
2048000,1-Training-Losses/policy_loss,-0.0010060756467282772,Pong1PCB2L336P__seed_8_1763344785
2052096,1-Training-Losses/policy_loss,-0.00036504119634628296,Pong1PCB2L336P__seed_8_1763344785
2056192,1-Training-Losses/policy_loss,-0.0019620517268776894,Pong1PCB2L336P__seed_8_1763344785
2060288,1-Training-Losses/policy_loss,-0.0002810889855027199,Pong1PCB2L336P__seed_8_1763344785
2064384,1-Training-Losses/policy_loss,-8.763046935200691e-05,Pong1PCB2L336P__seed_8_1763344785
2068480,1-Training-Losses/policy_loss,-0.0011915601789951324,Pong1PCB2L336P__seed_8_1763344785
2072576,1-Training-Losses/policy_loss,-0.0009373761713504791,Pong1PCB2L336P__seed_8_1763344785
2076672,1-Training-Losses/policy_loss,-5.811406299471855e-05,Pong1PCB2L336P__seed_8_1763344785
2080768,1-Training-Losses/policy_loss,-0.0019037616439163685,Pong1PCB2L336P__seed_8_1763344785
2084864,1-Training-Losses/policy_loss,-3.8831960409879684e-05,Pong1PCB2L336P__seed_8_1763344785
2088960,1-Training-Losses/policy_loss,-0.0005118430126458406,Pong1PCB2L336P__seed_8_1763344785
2093056,1-Training-Losses/policy_loss,-0.00046509038656949997,Pong1PCB2L336P__seed_8_1763344785
2097152,1-Training-Losses/policy_loss,-0.0006871093064546585,Pong1PCB2L336P__seed_8_1763344785
2101248,1-Training-Losses/policy_loss,-0.00042374059557914734,Pong1PCB2L336P__seed_8_1763344785
2105344,1-Training-Losses/policy_loss,-7.616542279720306e-05,Pong1PCB2L336P__seed_8_1763344785
2109440,1-Training-Losses/policy_loss,-0.00016050739213824272,Pong1PCB2L336P__seed_8_1763344785
2113536,1-Training-Losses/policy_loss,-0.0002527688629925251,Pong1PCB2L336P__seed_8_1763344785
2117632,1-Training-Losses/policy_loss,-9.392807260155678e-05,Pong1PCB2L336P__seed_8_1763344785
2121728,1-Training-Losses/policy_loss,-0.00031661195680499077,Pong1PCB2L336P__seed_8_1763344785
2125824,1-Training-Losses/policy_loss,-0.00016316398978233337,Pong1PCB2L336P__seed_8_1763344785
2129920,1-Training-Losses/policy_loss,-0.00033668987452983856,Pong1PCB2L336P__seed_8_1763344785
2134016,1-Training-Losses/policy_loss,-0.0012624915689229965,Pong1PCB2L336P__seed_8_1763344785
2138112,1-Training-Losses/policy_loss,-3.249943256378174e-05,Pong1PCB2L336P__seed_8_1763344785
2142208,1-Training-Losses/policy_loss,-0.0003632279112935066,Pong1PCB2L336P__seed_8_1763344785
2146304,1-Training-Losses/policy_loss,-0.0011260230094194412,Pong1PCB2L336P__seed_8_1763344785
2150400,1-Training-Losses/policy_loss,0.00014874059706926346,Pong1PCB2L336P__seed_8_1763344785
2154496,1-Training-Losses/policy_loss,-0.00048361998051404953,Pong1PCB2L336P__seed_8_1763344785
2158592,1-Training-Losses/policy_loss,2.2192485630512238e-05,Pong1PCB2L336P__seed_8_1763344785
2162688,1-Training-Losses/policy_loss,-9.64081846177578e-05,Pong1PCB2L336P__seed_8_1763344785
2166784,1-Training-Losses/policy_loss,-0.00039699580520391464,Pong1PCB2L336P__seed_8_1763344785
2170880,1-Training-Losses/policy_loss,-0.000262213870882988,Pong1PCB2L336P__seed_8_1763344785
2174976,1-Training-Losses/policy_loss,-0.0010068295523524284,Pong1PCB2L336P__seed_8_1763344785
2179072,1-Training-Losses/policy_loss,-7.419614121317863e-05,Pong1PCB2L336P__seed_8_1763344785
2183168,1-Training-Losses/policy_loss,-0.00022488832473754883,Pong1PCB2L336P__seed_8_1763344785
2187264,1-Training-Losses/policy_loss,-0.00036227330565452576,Pong1PCB2L336P__seed_8_1763344785
2191360,1-Training-Losses/policy_loss,-0.0008369865827262402,Pong1PCB2L336P__seed_8_1763344785
2195456,1-Training-Losses/policy_loss,-0.0006613773293793201,Pong1PCB2L336P__seed_8_1763344785
2199552,1-Training-Losses/policy_loss,-0.0001261322759091854,Pong1PCB2L336P__seed_8_1763344785
2203648,1-Training-Losses/policy_loss,-0.00014073122292757034,Pong1PCB2L336P__seed_8_1763344785
2207744,1-Training-Losses/policy_loss,-0.00015701819211244583,Pong1PCB2L336P__seed_8_1763344785
2211840,1-Training-Losses/policy_loss,-8.131610229611397e-05,Pong1PCB2L336P__seed_8_1763344785
2215936,1-Training-Losses/policy_loss,-5.403021350502968e-05,Pong1PCB2L336P__seed_8_1763344785
2220032,1-Training-Losses/policy_loss,-0.0008930331096053123,Pong1PCB2L336P__seed_8_1763344785
2224128,1-Training-Losses/policy_loss,-0.00010576983913779259,Pong1PCB2L336P__seed_8_1763344785
2228224,1-Training-Losses/policy_loss,-0.00036656158044934273,Pong1PCB2L336P__seed_8_1763344785
2232320,1-Training-Losses/policy_loss,-0.00018827710300683975,Pong1PCB2L336P__seed_8_1763344785
2236416,1-Training-Losses/policy_loss,-0.0003373227082192898,Pong1PCB2L336P__seed_8_1763344785
2240512,1-Training-Losses/policy_loss,-0.000376339303329587,Pong1PCB2L336P__seed_8_1763344785
2244608,1-Training-Losses/policy_loss,-0.0004961001686751842,Pong1PCB2L336P__seed_8_1763344785
2248704,1-Training-Losses/policy_loss,7.221847772598267e-05,Pong1PCB2L336P__seed_8_1763344785
2252800,1-Training-Losses/policy_loss,-7.681408897042274e-05,Pong1PCB2L336P__seed_8_1763344785
2256896,1-Training-Losses/policy_loss,-0.00011705886572599411,Pong1PCB2L336P__seed_8_1763344785
2260992,1-Training-Losses/policy_loss,-7.267110049724579e-05,Pong1PCB2L336P__seed_8_1763344785
2265088,1-Training-Losses/policy_loss,-7.636751979589462e-05,Pong1PCB2L336P__seed_8_1763344785
2269184,1-Training-Losses/policy_loss,-0.0004937071353197098,Pong1PCB2L336P__seed_8_1763344785
2273280,1-Training-Losses/policy_loss,-0.0006149343680590391,Pong1PCB2L336P__seed_8_1763344785
2277376,1-Training-Losses/policy_loss,1.798197627067566e-05,Pong1PCB2L336P__seed_8_1763344785
2281472,1-Training-Losses/policy_loss,-0.00011369073763489723,Pong1PCB2L336P__seed_8_1763344785
2285568,1-Training-Losses/policy_loss,-0.0003730645403265953,Pong1PCB2L336P__seed_8_1763344785
2289664,1-Training-Losses/policy_loss,-4.92751132696867e-05,Pong1PCB2L336P__seed_8_1763344785
2293760,1-Training-Losses/policy_loss,-0.00019373511895537376,Pong1PCB2L336P__seed_8_1763344785
2297856,1-Training-Losses/policy_loss,-0.000603153370320797,Pong1PCB2L336P__seed_8_1763344785
2301952,1-Training-Losses/policy_loss,-0.0002513118088245392,Pong1PCB2L336P__seed_8_1763344785
2306048,1-Training-Losses/policy_loss,2.745259553194046e-05,Pong1PCB2L336P__seed_8_1763344785
2310144,1-Training-Losses/policy_loss,-0.0005996217951178551,Pong1PCB2L336P__seed_8_1763344785
2314240,1-Training-Losses/policy_loss,3.2893382012844086e-05,Pong1PCB2L336P__seed_8_1763344785
2318336,1-Training-Losses/policy_loss,-9.968830272555351e-05,Pong1PCB2L336P__seed_8_1763344785
2322432,1-Training-Losses/policy_loss,-0.00019079959020018578,Pong1PCB2L336P__seed_8_1763344785
2326528,1-Training-Losses/policy_loss,-3.176741302013397e-05,Pong1PCB2L336P__seed_8_1763344785
2330624,1-Training-Losses/policy_loss,-0.00046889763325452805,Pong1PCB2L336P__seed_8_1763344785
2334720,1-Training-Losses/policy_loss,-0.0004266647156327963,Pong1PCB2L336P__seed_8_1763344785
2338816,1-Training-Losses/policy_loss,-3.258557990193367e-05,Pong1PCB2L336P__seed_8_1763344785
2342912,1-Training-Losses/policy_loss,-0.00017861230298876762,Pong1PCB2L336P__seed_8_1763344785
2347008,1-Training-Losses/policy_loss,-0.0005416017957031727,Pong1PCB2L336P__seed_8_1763344785
2351104,1-Training-Losses/policy_loss,-0.0002458784729242325,Pong1PCB2L336P__seed_8_1763344785
2355200,1-Training-Losses/policy_loss,-0.00017105042934417725,Pong1PCB2L336P__seed_8_1763344785
2359296,1-Training-Losses/policy_loss,-0.00021276716142892838,Pong1PCB2L336P__seed_8_1763344785
2363392,1-Training-Losses/policy_loss,-0.0002949456684291363,Pong1PCB2L336P__seed_8_1763344785
2367488,1-Training-Losses/policy_loss,-0.00022628437727689743,Pong1PCB2L336P__seed_8_1763344785
2371584,1-Training-Losses/policy_loss,-0.0011190269142389297,Pong1PCB2L336P__seed_8_1763344785
2375680,1-Training-Losses/policy_loss,-0.0001689608907327056,Pong1PCB2L336P__seed_8_1763344785
2379776,1-Training-Losses/policy_loss,7.25574791431427e-05,Pong1PCB2L336P__seed_8_1763344785
2383872,1-Training-Losses/policy_loss,-6.949435919523239e-05,Pong1PCB2L336P__seed_8_1763344785
2387968,1-Training-Losses/policy_loss,-8.78768041729927e-05,Pong1PCB2L336P__seed_8_1763344785
2392064,1-Training-Losses/policy_loss,-4.174886271357536e-05,Pong1PCB2L336P__seed_8_1763344785
2396160,1-Training-Losses/policy_loss,-7.986091077327728e-05,Pong1PCB2L336P__seed_8_1763344785
2400256,1-Training-Losses/policy_loss,-0.00018715951591730118,Pong1PCB2L336P__seed_8_1763344785
2404352,1-Training-Losses/policy_loss,-0.00010318867862224579,Pong1PCB2L336P__seed_8_1763344785
2408448,1-Training-Losses/policy_loss,-3.3743446692824364e-05,Pong1PCB2L336P__seed_8_1763344785
2412544,1-Training-Losses/policy_loss,-7.137656211853027e-05,Pong1PCB2L336P__seed_8_1763344785
2416640,1-Training-Losses/policy_loss,-0.0003380654379725456,Pong1PCB2L336P__seed_8_1763344785
2420736,1-Training-Losses/policy_loss,-4.713563248515129e-05,Pong1PCB2L336P__seed_8_1763344785
2424832,1-Training-Losses/policy_loss,-0.000439206138253212,Pong1PCB2L336P__seed_8_1763344785
2428928,1-Training-Losses/policy_loss,0.00010369718074798584,Pong1PCB2L336P__seed_8_1763344785
2433024,1-Training-Losses/policy_loss,-0.00027374783530831337,Pong1PCB2L336P__seed_8_1763344785
2437120,1-Training-Losses/policy_loss,-8.707679808139801e-05,Pong1PCB2L336P__seed_8_1763344785
2441216,1-Training-Losses/policy_loss,-3.939028829336166e-06,Pong1PCB2L336P__seed_8_1763344785
2445312,1-Training-Losses/policy_loss,-0.0009228093549609184,Pong1PCB2L336P__seed_8_1763344785
2449408,1-Training-Losses/policy_loss,1.954101026058197e-05,Pong1PCB2L336P__seed_8_1763344785
2453504,1-Training-Losses/policy_loss,-0.00020195776596665382,Pong1PCB2L336P__seed_8_1763344785
2457600,1-Training-Losses/policy_loss,-0.00016875658184289932,Pong1PCB2L336P__seed_8_1763344785
2461696,1-Training-Losses/policy_loss,-6.479257717728615e-05,Pong1PCB2L336P__seed_8_1763344785
2465792,1-Training-Losses/policy_loss,-0.0008265541400760412,Pong1PCB2L336P__seed_8_1763344785
2469888,1-Training-Losses/policy_loss,5.932105705142021e-05,Pong1PCB2L336P__seed_8_1763344785
2473984,1-Training-Losses/policy_loss,-1.4670658856630325e-06,Pong1PCB2L336P__seed_8_1763344785
2478080,1-Training-Losses/policy_loss,-0.0001741466112434864,Pong1PCB2L336P__seed_8_1763344785
2482176,1-Training-Losses/policy_loss,-0.0001221083803102374,Pong1PCB2L336P__seed_8_1763344785
2486272,1-Training-Losses/policy_loss,-0.00036601326428353786,Pong1PCB2L336P__seed_8_1763344785
2490368,1-Training-Losses/policy_loss,-2.00662761926651e-05,Pong1PCB2L336P__seed_8_1763344785
2494464,1-Training-Losses/policy_loss,-0.00015845755115151405,Pong1PCB2L336P__seed_8_1763344785
2498560,1-Training-Losses/policy_loss,-0.0005368632264435291,Pong1PCB2L336P__seed_8_1763344785
2502656,1-Training-Losses/policy_loss,-0.00013052159920334816,Pong1PCB2L336P__seed_8_1763344785
2506752,1-Training-Losses/policy_loss,-0.0002570452634245157,Pong1PCB2L336P__seed_8_1763344785
2510848,1-Training-Losses/policy_loss,-4.222337156534195e-05,Pong1PCB2L336P__seed_8_1763344785
2514944,1-Training-Losses/policy_loss,3.0353665351867676e-05,Pong1PCB2L336P__seed_8_1763344785
2519040,1-Training-Losses/policy_loss,-2.0740553736686707e-05,Pong1PCB2L336P__seed_8_1763344785
2523136,1-Training-Losses/policy_loss,-0.0001781722530722618,Pong1PCB2L336P__seed_8_1763344785
2527232,1-Training-Losses/policy_loss,-0.00015680002979934216,Pong1PCB2L336P__seed_8_1763344785
2531328,1-Training-Losses/policy_loss,-0.0007696188986301422,Pong1PCB2L336P__seed_8_1763344785
2535424,1-Training-Losses/policy_loss,0.0002518538385629654,Pong1PCB2L336P__seed_8_1763344785
2539520,1-Training-Losses/policy_loss,-6.907456554472446e-05,Pong1PCB2L336P__seed_8_1763344785
2543616,1-Training-Losses/policy_loss,-8.954480290412903e-05,Pong1PCB2L336P__seed_8_1763344785
2547712,1-Training-Losses/policy_loss,-9.434367530047894e-05,Pong1PCB2L336P__seed_8_1763344785
2551808,1-Training-Losses/policy_loss,-0.00016792258247733116,Pong1PCB2L336P__seed_8_1763344785
2555904,1-Training-Losses/policy_loss,-0.0005923062562942505,Pong1PCB2L336P__seed_8_1763344785
2560000,1-Training-Losses/policy_loss,0.00015670247375965118,Pong1PCB2L336P__seed_8_1763344785
2564096,1-Training-Losses/policy_loss,-0.0003759399987757206,Pong1PCB2L336P__seed_8_1763344785
2568192,1-Training-Losses/policy_loss,-0.0001242486760020256,Pong1PCB2L336P__seed_8_1763344785
2572288,1-Training-Losses/policy_loss,-0.00015995698049664497,Pong1PCB2L336P__seed_8_1763344785
2576384,1-Training-Losses/policy_loss,-4.550721496343613e-05,Pong1PCB2L336P__seed_8_1763344785
2580480,1-Training-Losses/policy_loss,-4.577450454235077e-06,Pong1PCB2L336P__seed_8_1763344785
2584576,1-Training-Losses/policy_loss,-0.0012909043580293655,Pong1PCB2L336P__seed_8_1763344785
2588672,1-Training-Losses/policy_loss,0.00035495299380272627,Pong1PCB2L336P__seed_8_1763344785
2592768,1-Training-Losses/policy_loss,-0.000202888622879982,Pong1PCB2L336P__seed_8_1763344785
2596864,1-Training-Losses/policy_loss,-0.0001740416046231985,Pong1PCB2L336P__seed_8_1763344785
2600960,1-Training-Losses/policy_loss,6.690714508295059e-05,Pong1PCB2L336P__seed_8_1763344785
2605056,1-Training-Losses/policy_loss,-2.887006849050522e-05,Pong1PCB2L336P__seed_8_1763344785
2609152,1-Training-Losses/policy_loss,-0.00032505765557289124,Pong1PCB2L336P__seed_8_1763344785
2613248,1-Training-Losses/policy_loss,-0.00029052142053842545,Pong1PCB2L336P__seed_8_1763344785
2617344,1-Training-Losses/policy_loss,-0.00013262592256069183,Pong1PCB2L336P__seed_8_1763344785
2621440,1-Training-Losses/policy_loss,-0.0010174601338803768,Pong1PCB2L336P__seed_8_1763344785
2625536,1-Training-Losses/policy_loss,0.0005091466009616852,Pong1PCB2L336P__seed_8_1763344785
2629632,1-Training-Losses/policy_loss,6.563961505889893e-06,Pong1PCB2L336P__seed_8_1763344785
2633728,1-Training-Losses/policy_loss,-0.00033643515780568123,Pong1PCB2L336P__seed_8_1763344785
2637824,1-Training-Losses/policy_loss,-0.0006530545651912689,Pong1PCB2L336P__seed_8_1763344785
2641920,1-Training-Losses/policy_loss,1.6802223399281502e-06,Pong1PCB2L336P__seed_8_1763344785
2646016,1-Training-Losses/policy_loss,-0.00046081608161330223,Pong1PCB2L336P__seed_8_1763344785
2650112,1-Training-Losses/policy_loss,0.00012412294745445251,Pong1PCB2L336P__seed_8_1763344785
2654208,1-Training-Losses/policy_loss,-2.4292152374982834e-05,Pong1PCB2L336P__seed_8_1763344785
2658304,1-Training-Losses/policy_loss,-4.4265296310186386e-05,Pong1PCB2L336P__seed_8_1763344785
2662400,1-Training-Losses/policy_loss,-7.911678403615952e-05,Pong1PCB2L336P__seed_8_1763344785
2666496,1-Training-Losses/policy_loss,-8.879334200173616e-05,Pong1PCB2L336P__seed_8_1763344785
2670592,1-Training-Losses/policy_loss,-3.783090505748987e-05,Pong1PCB2L336P__seed_8_1763344785
2674688,1-Training-Losses/policy_loss,-6.0149235650897026e-05,Pong1PCB2L336P__seed_8_1763344785
2678784,1-Training-Losses/policy_loss,-0.0010735206305980682,Pong1PCB2L336P__seed_8_1763344785
2682880,1-Training-Losses/policy_loss,-0.00015379860997200012,Pong1PCB2L336P__seed_8_1763344785
2686976,1-Training-Losses/policy_loss,-0.00032597221434116364,Pong1PCB2L336P__seed_8_1763344785
2691072,1-Training-Losses/policy_loss,2.9653310775756836e-06,Pong1PCB2L336P__seed_8_1763344785
2695168,1-Training-Losses/policy_loss,-0.00037454324774444103,Pong1PCB2L336P__seed_8_1763344785
2699264,1-Training-Losses/policy_loss,-0.0001024405937641859,Pong1PCB2L336P__seed_8_1763344785
2703360,1-Training-Losses/policy_loss,-0.00011230027303099632,Pong1PCB2L336P__seed_8_1763344785
2707456,1-Training-Losses/policy_loss,-0.0002800198271870613,Pong1PCB2L336P__seed_8_1763344785
2711552,1-Training-Losses/policy_loss,-0.00021295249462127686,Pong1PCB2L336P__seed_8_1763344785
2715648,1-Training-Losses/policy_loss,-0.00025545619428157806,Pong1PCB2L336P__seed_8_1763344785
2719744,1-Training-Losses/policy_loss,-0.00018619373440742493,Pong1PCB2L336P__seed_8_1763344785
2723840,1-Training-Losses/policy_loss,-0.000863024964928627,Pong1PCB2L336P__seed_8_1763344785
2727936,1-Training-Losses/policy_loss,-0.00035139359533786774,Pong1PCB2L336P__seed_8_1763344785
2732032,1-Training-Losses/policy_loss,6.506964564323425e-05,Pong1PCB2L336P__seed_8_1763344785
2736128,1-Training-Losses/policy_loss,-0.0005362904630601406,Pong1PCB2L336P__seed_8_1763344785
2740224,1-Training-Losses/policy_loss,-0.0005420220550149679,Pong1PCB2L336P__seed_8_1763344785
2744320,1-Training-Losses/policy_loss,-0.0006901134038344026,Pong1PCB2L336P__seed_8_1763344785
2748416,1-Training-Losses/policy_loss,-5.718600004911423e-05,Pong1PCB2L336P__seed_8_1763344785
2752512,1-Training-Losses/policy_loss,-0.0002023950219154358,Pong1PCB2L336P__seed_8_1763344785
2756608,1-Training-Losses/policy_loss,9.564682841300964e-05,Pong1PCB2L336P__seed_8_1763344785
2760704,1-Training-Losses/policy_loss,-6.586546078324318e-05,Pong1PCB2L336P__seed_8_1763344785
2764800,1-Training-Losses/policy_loss,-1.1333264410495758e-05,Pong1PCB2L336P__seed_8_1763344785
2768896,1-Training-Losses/policy_loss,-0.000413272762671113,Pong1PCB2L336P__seed_8_1763344785
2772992,1-Training-Losses/policy_loss,-0.00012503843754529953,Pong1PCB2L336P__seed_8_1763344785
2777088,1-Training-Losses/policy_loss,5.0156377255916595e-05,Pong1PCB2L336P__seed_8_1763344785
2781184,1-Training-Losses/policy_loss,1.3977289199829102e-05,Pong1PCB2L336P__seed_8_1763344785
2785280,1-Training-Losses/policy_loss,-5.315011367201805e-05,Pong1PCB2L336P__seed_8_1763344785
2789376,1-Training-Losses/policy_loss,-0.00031652278266847134,Pong1PCB2L336P__seed_8_1763344785
2793472,1-Training-Losses/policy_loss,-0.00013247737661004066,Pong1PCB2L336P__seed_8_1763344785
2797568,1-Training-Losses/policy_loss,-1.7126090824604034e-05,Pong1PCB2L336P__seed_8_1763344785
2801664,1-Training-Losses/policy_loss,-0.0001020519994199276,Pong1PCB2L336P__seed_8_1763344785
2805760,1-Training-Losses/policy_loss,-7.2085065767169e-05,Pong1PCB2L336P__seed_8_1763344785
2809856,1-Training-Losses/policy_loss,-0.00028006848879158497,Pong1PCB2L336P__seed_8_1763344785
2813952,1-Training-Losses/policy_loss,-0.0002850601449608803,Pong1PCB2L336P__seed_8_1763344785
2818048,1-Training-Losses/policy_loss,3.0125491321086884e-05,Pong1PCB2L336P__seed_8_1763344785
2822144,1-Training-Losses/policy_loss,-0.00010642176494002342,Pong1PCB2L336P__seed_8_1763344785
2826240,1-Training-Losses/policy_loss,-0.00017312262207269669,Pong1PCB2L336P__seed_8_1763344785
2830336,1-Training-Losses/policy_loss,9.573996067047119e-06,Pong1PCB2L336P__seed_8_1763344785
2834432,1-Training-Losses/policy_loss,-0.0001845909282565117,Pong1PCB2L336P__seed_8_1763344785
2838528,1-Training-Losses/policy_loss,-0.0002896105870604515,Pong1PCB2L336P__seed_8_1763344785
2842624,1-Training-Losses/policy_loss,-0.0010982276871800423,Pong1PCB2L336P__seed_8_1763344785
2846720,1-Training-Losses/policy_loss,-0.0003785346634685993,Pong1PCB2L336P__seed_8_1763344785
2850816,1-Training-Losses/policy_loss,-1.543085090816021e-05,Pong1PCB2L336P__seed_8_1763344785
2854912,1-Training-Losses/policy_loss,-0.001295529305934906,Pong1PCB2L336P__seed_8_1763344785
2859008,1-Training-Losses/policy_loss,-0.00024060311261564493,Pong1PCB2L336P__seed_8_1763344785
2863104,1-Training-Losses/policy_loss,-4.448741674423218e-05,Pong1PCB2L336P__seed_8_1763344785
2867200,1-Training-Losses/policy_loss,8.761370554566383e-05,Pong1PCB2L336P__seed_8_1763344785
2871296,1-Training-Losses/policy_loss,-3.321445547044277e-05,Pong1PCB2L336P__seed_8_1763344785
2875392,1-Training-Losses/policy_loss,-5.706283263862133e-05,Pong1PCB2L336P__seed_8_1763344785
2879488,1-Training-Losses/policy_loss,-0.00046241702511906624,Pong1PCB2L336P__seed_8_1763344785
2883584,1-Training-Losses/policy_loss,2.1794112399220467e-05,Pong1PCB2L336P__seed_8_1763344785
2887680,1-Training-Losses/policy_loss,-0.00022251612972468138,Pong1PCB2L336P__seed_8_1763344785
2891776,1-Training-Losses/policy_loss,-2.253800630569458e-05,Pong1PCB2L336P__seed_8_1763344785
2895872,1-Training-Losses/policy_loss,-5.5788084864616394e-05,Pong1PCB2L336P__seed_8_1763344785
2899968,1-Training-Losses/policy_loss,-7.527880370616913e-05,Pong1PCB2L336P__seed_8_1763344785
2904064,1-Training-Losses/policy_loss,-0.0008211038075387478,Pong1PCB2L336P__seed_8_1763344785
2908160,1-Training-Losses/policy_loss,-0.0003480801824480295,Pong1PCB2L336P__seed_8_1763344785
2912256,1-Training-Losses/policy_loss,-1.6672536730766296e-05,Pong1PCB2L336P__seed_8_1763344785
2916352,1-Training-Losses/policy_loss,-0.00031929928809404373,Pong1PCB2L336P__seed_8_1763344785
2920448,1-Training-Losses/policy_loss,-0.00023277988657355309,Pong1PCB2L336P__seed_8_1763344785
2924544,1-Training-Losses/policy_loss,-5.50542026758194e-05,Pong1PCB2L336P__seed_8_1763344785
2928640,1-Training-Losses/policy_loss,1.6298377886414528e-05,Pong1PCB2L336P__seed_8_1763344785
2932736,1-Training-Losses/policy_loss,-0.0008548321202397346,Pong1PCB2L336P__seed_8_1763344785
2936832,1-Training-Losses/policy_loss,-0.0010517251212149858,Pong1PCB2L336P__seed_8_1763344785
2940928,1-Training-Losses/policy_loss,0.00012376811355352402,Pong1PCB2L336P__seed_8_1763344785
2945024,1-Training-Losses/policy_loss,-0.0001492062583565712,Pong1PCB2L336P__seed_8_1763344785
2949120,1-Training-Losses/policy_loss,6.802123971283436e-05,Pong1PCB2L336P__seed_8_1763344785
2953216,1-Training-Losses/policy_loss,-3.9907172322273254e-06,Pong1PCB2L336P__seed_8_1763344785
2957312,1-Training-Losses/policy_loss,-0.00010976730845868587,Pong1PCB2L336P__seed_8_1763344785
2961408,1-Training-Losses/policy_loss,-0.00015772785991430283,Pong1PCB2L336P__seed_8_1763344785
2965504,1-Training-Losses/policy_loss,1.8426217138767242e-05,Pong1PCB2L336P__seed_8_1763344785
2969600,1-Training-Losses/policy_loss,-0.00042505632154643536,Pong1PCB2L336P__seed_8_1763344785
2973696,1-Training-Losses/policy_loss,0.00013071252033114433,Pong1PCB2L336P__seed_8_1763344785
2977792,1-Training-Losses/policy_loss,-5.348771810531616e-05,Pong1PCB2L336P__seed_8_1763344785
2981888,1-Training-Losses/policy_loss,-0.0002870946191251278,Pong1PCB2L336P__seed_8_1763344785
2985984,1-Training-Losses/policy_loss,-0.0001142667606472969,Pong1PCB2L336P__seed_8_1763344785
2990080,1-Training-Losses/policy_loss,-1.533888280391693e-05,Pong1PCB2L336P__seed_8_1763344785
2994176,1-Training-Losses/policy_loss,-0.0005702320486307144,Pong1PCB2L336P__seed_8_1763344785
2998272,1-Training-Losses/policy_loss,6.148684769868851e-05,Pong1PCB2L336P__seed_8_1763344785
3002368,1-Training-Losses/policy_loss,-0.00012443913146853447,Pong1PCB2L336P__seed_8_1763344785
3006464,1-Training-Losses/policy_loss,-4.217633977532387e-05,Pong1PCB2L336P__seed_8_1763344785
3010560,1-Training-Losses/policy_loss,2.648786175996065e-05,Pong1PCB2L336P__seed_8_1763344785
3014656,1-Training-Losses/policy_loss,-4.808511584997177e-05,Pong1PCB2L336P__seed_8_1763344785
3018752,1-Training-Losses/policy_loss,-0.0003343643620610237,Pong1PCB2L336P__seed_8_1763344785
3022848,1-Training-Losses/policy_loss,0.00010900245979428291,Pong1PCB2L336P__seed_8_1763344785
3026944,1-Training-Losses/policy_loss,-0.0001899495255202055,Pong1PCB2L336P__seed_8_1763344785
3031040,1-Training-Losses/policy_loss,-0.0001929858699440956,Pong1PCB2L336P__seed_8_1763344785
3035136,1-Training-Losses/policy_loss,-1.3094395399093628e-05,Pong1PCB2L336P__seed_8_1763344785
3039232,1-Training-Losses/policy_loss,-0.0007259370759129524,Pong1PCB2L336P__seed_8_1763344785
3043328,1-Training-Losses/policy_loss,0.0001380115281790495,Pong1PCB2L336P__seed_8_1763344785
3047424,1-Training-Losses/policy_loss,-0.00029284367337822914,Pong1PCB2L336P__seed_8_1763344785
3051520,1-Training-Losses/policy_loss,-0.0002552722580730915,Pong1PCB2L336P__seed_8_1763344785
3055616,1-Training-Losses/policy_loss,-0.0002008926821872592,Pong1PCB2L336P__seed_8_1763344785
3059712,1-Training-Losses/policy_loss,-0.0018055681139230728,Pong1PCB2L336P__seed_8_1763344785
3063808,1-Training-Losses/policy_loss,-4.170695319771767e-06,Pong1PCB2L336P__seed_8_1763344785
3067904,1-Training-Losses/policy_loss,-7.07495491951704e-05,Pong1PCB2L336P__seed_8_1763344785
3072000,1-Training-Losses/policy_loss,-5.011074244976044e-05,Pong1PCB2L336P__seed_8_1763344785
3076096,1-Training-Losses/policy_loss,-0.00022687576711177826,Pong1PCB2L336P__seed_8_1763344785
3080192,1-Training-Losses/policy_loss,1.7647165805101395e-05,Pong1PCB2L336P__seed_8_1763344785
3084288,1-Training-Losses/policy_loss,-4.714867100119591e-05,Pong1PCB2L336P__seed_8_1763344785
3088384,1-Training-Losses/policy_loss,7.644295692443848e-06,Pong1PCB2L336P__seed_8_1763344785
3092480,1-Training-Losses/policy_loss,-8.208793587982655e-05,Pong1PCB2L336P__seed_8_1763344785
3096576,1-Training-Losses/policy_loss,-0.00021308893337845802,Pong1PCB2L336P__seed_8_1763344785
3100672,1-Training-Losses/policy_loss,-4.18173149228096e-05,Pong1PCB2L336P__seed_8_1763344785
3104768,1-Training-Losses/policy_loss,-0.000342298299074173,Pong1PCB2L336P__seed_8_1763344785
3108864,1-Training-Losses/policy_loss,8.636899292469025e-05,Pong1PCB2L336P__seed_8_1763344785
3112960,1-Training-Losses/policy_loss,-8.311821147799492e-05,Pong1PCB2L336P__seed_8_1763344785
3117056,1-Training-Losses/policy_loss,2.848636358976364e-05,Pong1PCB2L336P__seed_8_1763344785
3121152,1-Training-Losses/policy_loss,-0.0001263655722141266,Pong1PCB2L336P__seed_8_1763344785
3125248,1-Training-Losses/policy_loss,-0.0003950120881199837,Pong1PCB2L336P__seed_8_1763344785
3129344,1-Training-Losses/policy_loss,-0.0003167996183037758,Pong1PCB2L336P__seed_8_1763344785
3133440,1-Training-Losses/policy_loss,-0.0002061768900603056,Pong1PCB2L336P__seed_8_1763344785
3137536,1-Training-Losses/policy_loss,-3.138580359518528e-05,Pong1PCB2L336P__seed_8_1763344785
3141632,1-Training-Losses/policy_loss,-0.0001632461789995432,Pong1PCB2L336P__seed_8_1763344785
3145728,1-Training-Losses/policy_loss,-0.0004955753684043884,Pong1PCB2L336P__seed_8_1763344785
3149824,1-Training-Losses/policy_loss,-0.0002782801166176796,Pong1PCB2L336P__seed_8_1763344785
3153920,1-Training-Losses/policy_loss,0.00016921665519475937,Pong1PCB2L336P__seed_8_1763344785
3158016,1-Training-Losses/policy_loss,-2.9805582016706467e-05,Pong1PCB2L336P__seed_8_1763344785
3162112,1-Training-Losses/policy_loss,-8.658529259264469e-05,Pong1PCB2L336P__seed_8_1763344785
3166208,1-Training-Losses/policy_loss,-0.0002756156027317047,Pong1PCB2L336P__seed_8_1763344785
3170304,1-Training-Losses/policy_loss,-0.00045490916818380356,Pong1PCB2L336P__seed_8_1763344785
3174400,1-Training-Losses/policy_loss,-0.00043091271072626114,Pong1PCB2L336P__seed_8_1763344785
3178496,1-Training-Losses/policy_loss,1.3719545677304268e-05,Pong1PCB2L336P__seed_8_1763344785
3182592,1-Training-Losses/policy_loss,7.15767964720726e-06,Pong1PCB2L336P__seed_8_1763344785
3186688,1-Training-Losses/policy_loss,-0.00027574319392442703,Pong1PCB2L336P__seed_8_1763344785
3190784,1-Training-Losses/policy_loss,-0.00024581141769886017,Pong1PCB2L336P__seed_8_1763344785
3194880,1-Training-Losses/policy_loss,2.5661662220954895e-05,Pong1PCB2L336P__seed_8_1763344785
3198976,1-Training-Losses/policy_loss,-0.0030597480945289135,Pong1PCB2L336P__seed_8_1763344785
3203072,1-Training-Losses/policy_loss,0.00012928619980812073,Pong1PCB2L336P__seed_8_1763344785
3207168,1-Training-Losses/policy_loss,-8.217291906476021e-05,Pong1PCB2L336P__seed_8_1763344785
3211264,1-Training-Losses/policy_loss,6.678886711597443e-05,Pong1PCB2L336P__seed_8_1763344785
3215360,1-Training-Losses/policy_loss,-0.00029072724282741547,Pong1PCB2L336P__seed_8_1763344785
3219456,1-Training-Losses/policy_loss,-0.00013719592243433,Pong1PCB2L336P__seed_8_1763344785
3223552,1-Training-Losses/policy_loss,-0.0002686465159058571,Pong1PCB2L336P__seed_8_1763344785
3227648,1-Training-Losses/policy_loss,-2.3084692656993866e-05,Pong1PCB2L336P__seed_8_1763344785
3231744,1-Training-Losses/policy_loss,-0.00022596074268221855,Pong1PCB2L336P__seed_8_1763344785
3235840,1-Training-Losses/policy_loss,-8.909404277801514e-05,Pong1PCB2L336P__seed_8_1763344785
3239936,1-Training-Losses/policy_loss,-0.00010261218994855881,Pong1PCB2L336P__seed_8_1763344785
3244032,1-Training-Losses/policy_loss,-2.15102918446064e-05,Pong1PCB2L336P__seed_8_1763344785
3248128,1-Training-Losses/policy_loss,2.353265881538391e-05,Pong1PCB2L336P__seed_8_1763344785
3252224,1-Training-Losses/policy_loss,-1.318659633398056e-05,Pong1PCB2L336P__seed_8_1763344785
3256320,1-Training-Losses/policy_loss,-0.00016300613060593605,Pong1PCB2L336P__seed_8_1763344785
3260416,1-Training-Losses/policy_loss,3.3642398193478584e-05,Pong1PCB2L336P__seed_8_1763344785
3264512,1-Training-Losses/policy_loss,-2.2535212337970734e-05,Pong1PCB2L336P__seed_8_1763344785
3268608,1-Training-Losses/policy_loss,-0.0002087075263261795,Pong1PCB2L336P__seed_8_1763344785
3272704,1-Training-Losses/policy_loss,-0.0006076875142753124,Pong1PCB2L336P__seed_8_1763344785
3276800,1-Training-Losses/policy_loss,-0.0008715186268091202,Pong1PCB2L336P__seed_8_1763344785
3280896,1-Training-Losses/policy_loss,-0.00025437050499022007,Pong1PCB2L336P__seed_8_1763344785
3284992,1-Training-Losses/policy_loss,-5.6281976867467165e-05,Pong1PCB2L336P__seed_8_1763344785
3289088,1-Training-Losses/policy_loss,-0.00010453746654093266,Pong1PCB2L336P__seed_8_1763344785
3293184,1-Training-Losses/policy_loss,-3.790808841586113e-05,Pong1PCB2L336P__seed_8_1763344785
3297280,1-Training-Losses/policy_loss,-0.0001679845154285431,Pong1PCB2L336P__seed_8_1763344785
3301376,1-Training-Losses/policy_loss,-0.0005478370003402233,Pong1PCB2L336P__seed_8_1763344785
3305472,1-Training-Losses/policy_loss,4.3665990233421326e-05,Pong1PCB2L336P__seed_8_1763344785
3309568,1-Training-Losses/policy_loss,-0.0016340715810656548,Pong1PCB2L336P__seed_8_1763344785
3313664,1-Training-Losses/policy_loss,0.00014009280130267143,Pong1PCB2L336P__seed_8_1763344785
3317760,1-Training-Losses/policy_loss,2.9000453650951385e-05,Pong1PCB2L336P__seed_8_1763344785
3321856,1-Training-Losses/policy_loss,-0.000256870174780488,Pong1PCB2L336P__seed_8_1763344785
3325952,1-Training-Losses/policy_loss,-1.7231330275535583e-05,Pong1PCB2L336P__seed_8_1763344785
3330048,1-Training-Losses/policy_loss,-3.6724843084812164e-05,Pong1PCB2L336P__seed_8_1763344785
3334144,1-Training-Losses/policy_loss,-5.247630178928375e-05,Pong1PCB2L336P__seed_8_1763344785
3338240,1-Training-Losses/policy_loss,-0.00019564945250749588,Pong1PCB2L336P__seed_8_1763344785
3342336,1-Training-Losses/policy_loss,1.295376569032669e-05,Pong1PCB2L336P__seed_8_1763344785
3346432,1-Training-Losses/policy_loss,-0.00014270376414060593,Pong1PCB2L336P__seed_8_1763344785
3350528,1-Training-Losses/policy_loss,-0.00017794780433177948,Pong1PCB2L336P__seed_8_1763344785
3354624,1-Training-Losses/policy_loss,-0.0007709795609116554,Pong1PCB2L336P__seed_8_1763344785
3358720,1-Training-Losses/policy_loss,0.000170096755027771,Pong1PCB2L336P__seed_8_1763344785
3362816,1-Training-Losses/policy_loss,-3.411644138395786e-05,Pong1PCB2L336P__seed_8_1763344785
3366912,1-Training-Losses/policy_loss,-0.00010560359805822372,Pong1PCB2L336P__seed_8_1763344785
3371008,1-Training-Losses/policy_loss,-2.922024577856064e-05,Pong1PCB2L336P__seed_8_1763344785
3375104,1-Training-Losses/policy_loss,-0.00030651967972517014,Pong1PCB2L336P__seed_8_1763344785
3379200,1-Training-Losses/policy_loss,-0.00011990871280431747,Pong1PCB2L336P__seed_8_1763344785
3383296,1-Training-Losses/policy_loss,-0.0001485031098127365,Pong1PCB2L336P__seed_8_1763344785
3387392,1-Training-Losses/policy_loss,-0.0013589630834758282,Pong1PCB2L336P__seed_8_1763344785
3391488,1-Training-Losses/policy_loss,9.592436254024506e-05,Pong1PCB2L336P__seed_8_1763344785
3395584,1-Training-Losses/policy_loss,-0.00012247543781995773,Pong1PCB2L336P__seed_8_1763344785
3399680,1-Training-Losses/policy_loss,-0.0004951618611812592,Pong1PCB2L336P__seed_8_1763344785
3403776,1-Training-Losses/policy_loss,0.0001605483703315258,Pong1PCB2L336P__seed_8_1763344785
3407872,1-Training-Losses/policy_loss,-0.0001532919704914093,Pong1PCB2L336P__seed_8_1763344785
3411968,1-Training-Losses/policy_loss,-0.00026024412363767624,Pong1PCB2L336P__seed_8_1763344785
3416064,1-Training-Losses/policy_loss,-1.4967285096645355e-05,Pong1PCB2L336P__seed_8_1763344785
3420160,1-Training-Losses/policy_loss,-0.00025678472593426704,Pong1PCB2L336P__seed_8_1763344785
3424256,1-Training-Losses/policy_loss,-8.138606790453196e-05,Pong1PCB2L336P__seed_8_1763344785
3428352,1-Training-Losses/policy_loss,-0.00024182558991014957,Pong1PCB2L336P__seed_8_1763344785
3432448,1-Training-Losses/policy_loss,-0.0018987287767231464,Pong1PCB2L336P__seed_8_1763344785
3436544,1-Training-Losses/policy_loss,0.0002747010439634323,Pong1PCB2L336P__seed_8_1763344785
3440640,1-Training-Losses/policy_loss,-0.0002569712232798338,Pong1PCB2L336P__seed_8_1763344785
3444736,1-Training-Losses/policy_loss,-0.0009142195340245962,Pong1PCB2L336P__seed_8_1763344785
3448832,1-Training-Losses/policy_loss,-0.0002263793721795082,Pong1PCB2L336P__seed_8_1763344785
3452928,1-Training-Losses/policy_loss,-0.00022809626534581184,Pong1PCB2L336P__seed_8_1763344785
3457024,1-Training-Losses/policy_loss,-0.0007865987718105316,Pong1PCB2L336P__seed_8_1763344785
3461120,1-Training-Losses/policy_loss,-0.0003436179831624031,Pong1PCB2L336P__seed_8_1763344785
3465216,1-Training-Losses/policy_loss,-0.000265694223344326,Pong1PCB2L336P__seed_8_1763344785
3469312,1-Training-Losses/policy_loss,7.804017513990402e-06,Pong1PCB2L336P__seed_8_1763344785
3473408,1-Training-Losses/policy_loss,-7.554306648671627e-05,Pong1PCB2L336P__seed_8_1763344785
3477504,1-Training-Losses/policy_loss,-0.00015287334099411964,Pong1PCB2L336P__seed_8_1763344785
3481600,1-Training-Losses/policy_loss,-0.00013040797784924507,Pong1PCB2L336P__seed_8_1763344785
3485696,1-Training-Losses/policy_loss,2.4137087166309357e-05,Pong1PCB2L336P__seed_8_1763344785
3489792,1-Training-Losses/policy_loss,-1.9713304936885834e-05,Pong1PCB2L336P__seed_8_1763344785
3493888,1-Training-Losses/policy_loss,-0.0004833163693547249,Pong1PCB2L336P__seed_8_1763344785
3497984,1-Training-Losses/policy_loss,-8.408725261688232e-05,Pong1PCB2L336P__seed_8_1763344785
3502080,1-Training-Losses/policy_loss,-3.911973908543587e-05,Pong1PCB2L336P__seed_8_1763344785
3506176,1-Training-Losses/policy_loss,-0.0005898571107536554,Pong1PCB2L336P__seed_8_1763344785
3510272,1-Training-Losses/policy_loss,-6.160978227853775e-05,Pong1PCB2L336P__seed_8_1763344785
3514368,1-Training-Losses/policy_loss,-1.6514677554368973e-05,Pong1PCB2L336P__seed_8_1763344785
3518464,1-Training-Losses/policy_loss,-5.0758011639118195e-05,Pong1PCB2L336P__seed_8_1763344785
3522560,1-Training-Losses/policy_loss,-0.00012522144243121147,Pong1PCB2L336P__seed_8_1763344785
3526656,1-Training-Losses/policy_loss,-0.000129754189401865,Pong1PCB2L336P__seed_8_1763344785
3530752,1-Training-Losses/policy_loss,-0.0002444218844175339,Pong1PCB2L336P__seed_8_1763344785
3534848,1-Training-Losses/policy_loss,-0.000695250928401947,Pong1PCB2L336P__seed_8_1763344785
3538944,1-Training-Losses/policy_loss,0.0002656120341271162,Pong1PCB2L336P__seed_8_1763344785
3543040,1-Training-Losses/policy_loss,-1.8933555111289024e-05,Pong1PCB2L336P__seed_8_1763344785
3547136,1-Training-Losses/policy_loss,-0.00012609362602233887,Pong1PCB2L336P__seed_8_1763344785
3551232,1-Training-Losses/policy_loss,-7.731805089861155e-05,Pong1PCB2L336P__seed_8_1763344785
3555328,1-Training-Losses/policy_loss,-0.0001300368458032608,Pong1PCB2L336P__seed_8_1763344785
3559424,1-Training-Losses/policy_loss,-4.081381484866142e-05,Pong1PCB2L336P__seed_8_1763344785
3563520,1-Training-Losses/policy_loss,-6.492249667644501e-05,Pong1PCB2L336P__seed_8_1763344785
3567616,1-Training-Losses/policy_loss,-0.0001927986741065979,Pong1PCB2L336P__seed_8_1763344785
3571712,1-Training-Losses/policy_loss,-0.0003829151391983032,Pong1PCB2L336P__seed_8_1763344785
3575808,1-Training-Losses/policy_loss,-0.0005241949111223221,Pong1PCB2L336P__seed_8_1763344785
3579904,1-Training-Losses/policy_loss,-0.0005531907081604004,Pong1PCB2L336P__seed_8_1763344785
3584000,1-Training-Losses/policy_loss,-0.000584765337407589,Pong1PCB2L336P__seed_8_1763344785
3588096,1-Training-Losses/policy_loss,-0.000639044214040041,Pong1PCB2L336P__seed_8_1763344785
3592192,1-Training-Losses/policy_loss,-9.709969162940979e-06,Pong1PCB2L336P__seed_8_1763344785
3596288,1-Training-Losses/policy_loss,-0.0004457235336303711,Pong1PCB2L336P__seed_8_1763344785
3600384,1-Training-Losses/policy_loss,-2.8886832296848297e-05,Pong1PCB2L336P__seed_8_1763344785
3604480,1-Training-Losses/policy_loss,1.999828964471817e-05,Pong1PCB2L336P__seed_8_1763344785
3608576,1-Training-Losses/policy_loss,-0.0005917930975556374,Pong1PCB2L336P__seed_8_1763344785
3612672,1-Training-Losses/policy_loss,-0.0002475115470588207,Pong1PCB2L336P__seed_8_1763344785
3616768,1-Training-Losses/policy_loss,-0.0002614026889204979,Pong1PCB2L336P__seed_8_1763344785
3620864,1-Training-Losses/policy_loss,-0.000624743290245533,Pong1PCB2L336P__seed_8_1763344785
3624960,1-Training-Losses/policy_loss,8.392333984375e-05,Pong1PCB2L336P__seed_8_1763344785
3629056,1-Training-Losses/policy_loss,-0.00020199548453092575,Pong1PCB2L336P__seed_8_1763344785
3633152,1-Training-Losses/policy_loss,-1.7043203115463257e-06,Pong1PCB2L336P__seed_8_1763344785
3637248,1-Training-Losses/policy_loss,-6.743567064404488e-05,Pong1PCB2L336P__seed_8_1763344785
3641344,1-Training-Losses/policy_loss,-0.00041223596781492233,Pong1PCB2L336P__seed_8_1763344785
3645440,1-Training-Losses/policy_loss,-0.0001881602220237255,Pong1PCB2L336P__seed_8_1763344785
3649536,1-Training-Losses/policy_loss,4.024803638458252e-05,Pong1PCB2L336P__seed_8_1763344785
3653632,1-Training-Losses/policy_loss,-0.0007322691380977631,Pong1PCB2L336P__seed_8_1763344785
3657728,1-Training-Losses/policy_loss,-1.2489967048168182e-05,Pong1PCB2L336P__seed_8_1763344785
3661824,1-Training-Losses/policy_loss,-0.0008088571485131979,Pong1PCB2L336P__seed_8_1763344785
3665920,1-Training-Losses/policy_loss,-0.0001676473766565323,Pong1PCB2L336P__seed_8_1763344785
3670016,1-Training-Losses/policy_loss,-5.800975486636162e-05,Pong1PCB2L336P__seed_8_1763344785
3674112,1-Training-Losses/policy_loss,2.4093547835946083e-05,Pong1PCB2L336P__seed_8_1763344785
3678208,1-Training-Losses/policy_loss,-8.974643424153328e-05,Pong1PCB2L336P__seed_8_1763344785
3682304,1-Training-Losses/policy_loss,-0.00019430089741945267,Pong1PCB2L336P__seed_8_1763344785
3686400,1-Training-Losses/policy_loss,-0.00030103628523647785,Pong1PCB2L336P__seed_8_1763344785
3690496,1-Training-Losses/policy_loss,-5.1287002861499786e-05,Pong1PCB2L336P__seed_8_1763344785
3694592,1-Training-Losses/policy_loss,-7.421709597110748e-05,Pong1PCB2L336P__seed_8_1763344785
3698688,1-Training-Losses/policy_loss,-3.938749432563782e-05,Pong1PCB2L336P__seed_8_1763344785
3702784,1-Training-Losses/policy_loss,-2.1702377125620842e-05,Pong1PCB2L336P__seed_8_1763344785
3706880,1-Training-Losses/policy_loss,-0.0017136288806796074,Pong1PCB2L336P__seed_8_1763344785
3710976,1-Training-Losses/policy_loss,-2.479320392012596e-05,Pong1PCB2L336P__seed_8_1763344785
3715072,1-Training-Losses/policy_loss,0.0001034718006849289,Pong1PCB2L336P__seed_8_1763344785
3719168,1-Training-Losses/policy_loss,-0.0010372493416070938,Pong1PCB2L336P__seed_8_1763344785
3723264,1-Training-Losses/policy_loss,-6.7858025431633e-05,Pong1PCB2L336P__seed_8_1763344785
3727360,1-Training-Losses/policy_loss,-0.0006705634295940399,Pong1PCB2L336P__seed_8_1763344785
3731456,1-Training-Losses/policy_loss,0.0002851891331374645,Pong1PCB2L336P__seed_8_1763344785
3735552,1-Training-Losses/policy_loss,-0.0001710113137960434,Pong1PCB2L336P__seed_8_1763344785
3739648,1-Training-Losses/policy_loss,-0.0005575492978096008,Pong1PCB2L336P__seed_8_1763344785
3743744,1-Training-Losses/policy_loss,-0.00014700088649988174,Pong1PCB2L336P__seed_8_1763344785
3747840,1-Training-Losses/policy_loss,-0.000937657430768013,Pong1PCB2L336P__seed_8_1763344785
3751936,1-Training-Losses/policy_loss,-0.0005849041044712067,Pong1PCB2L336P__seed_8_1763344785
3756032,1-Training-Losses/policy_loss,-8.662231266498566e-06,Pong1PCB2L336P__seed_8_1763344785
3760128,1-Training-Losses/policy_loss,-0.00027982983738183975,Pong1PCB2L336P__seed_8_1763344785
3764224,1-Training-Losses/policy_loss,0.0001398869790136814,Pong1PCB2L336P__seed_8_1763344785
3768320,1-Training-Losses/policy_loss,-8.905958384275436e-05,Pong1PCB2L336P__seed_8_1763344785
3772416,1-Training-Losses/policy_loss,-0.0005155978724360466,Pong1PCB2L336P__seed_8_1763344785
3776512,1-Training-Losses/policy_loss,-1.9004568457603455e-05,Pong1PCB2L336P__seed_8_1763344785
3780608,1-Training-Losses/policy_loss,-6.13657757639885e-05,Pong1PCB2L336P__seed_8_1763344785
3784704,1-Training-Losses/policy_loss,-0.0001646336168050766,Pong1PCB2L336P__seed_8_1763344785
3788800,1-Training-Losses/policy_loss,-0.0003756936639547348,Pong1PCB2L336P__seed_8_1763344785
3792896,1-Training-Losses/policy_loss,-0.00080840103328228,Pong1PCB2L336P__seed_8_1763344785
3796992,1-Training-Losses/policy_loss,-0.0006622616201639175,Pong1PCB2L336P__seed_8_1763344785
3801088,1-Training-Losses/policy_loss,0.0003413297235965729,Pong1PCB2L336P__seed_8_1763344785
3805184,1-Training-Losses/policy_loss,-0.0011333497241139412,Pong1PCB2L336P__seed_8_1763344785
3809280,1-Training-Losses/policy_loss,-9.223446249961853e-05,Pong1PCB2L336P__seed_8_1763344785
3813376,1-Training-Losses/policy_loss,-0.00013170158490538597,Pong1PCB2L336P__seed_8_1763344785
3817472,1-Training-Losses/policy_loss,-0.0004882439970970154,Pong1PCB2L336P__seed_8_1763344785
3821568,1-Training-Losses/policy_loss,0.00019735470414161682,Pong1PCB2L336P__seed_8_1763344785
3825664,1-Training-Losses/policy_loss,-0.00023890542797744274,Pong1PCB2L336P__seed_8_1763344785
3829760,1-Training-Losses/policy_loss,-2.6039546355605125e-05,Pong1PCB2L336P__seed_8_1763344785
3833856,1-Training-Losses/policy_loss,9.692274034023285e-06,Pong1PCB2L336P__seed_8_1763344785
3837952,1-Training-Losses/policy_loss,-0.00014809705317020416,Pong1PCB2L336P__seed_8_1763344785
3842048,1-Training-Losses/policy_loss,-0.00014686561189591885,Pong1PCB2L336P__seed_8_1763344785
3846144,1-Training-Losses/policy_loss,-0.0005659114103764296,Pong1PCB2L336P__seed_8_1763344785
3850240,1-Training-Losses/policy_loss,7.8592449426651e-05,Pong1PCB2L336P__seed_8_1763344785
3854336,1-Training-Losses/policy_loss,-7.418077439069748e-05,Pong1PCB2L336P__seed_8_1763344785
3858432,1-Training-Losses/policy_loss,-0.0008761538192629814,Pong1PCB2L336P__seed_8_1763344785
3862528,1-Training-Losses/policy_loss,-6.547756493091583e-05,Pong1PCB2L336P__seed_8_1763344785
3866624,1-Training-Losses/policy_loss,-0.0015997570008039474,Pong1PCB2L336P__seed_8_1763344785
3870720,1-Training-Losses/policy_loss,-6.6515058279037476e-06,Pong1PCB2L336P__seed_8_1763344785
3874816,1-Training-Losses/policy_loss,9.630154818296432e-05,Pong1PCB2L336P__seed_8_1763344785
3878912,1-Training-Losses/policy_loss,-0.00011410471051931381,Pong1PCB2L336P__seed_8_1763344785
3883008,1-Training-Losses/policy_loss,-0.00010240357369184494,Pong1PCB2L336P__seed_8_1763344785
3887104,1-Training-Losses/policy_loss,-3.256648778915405e-05,Pong1PCB2L336P__seed_8_1763344785
3891200,1-Training-Losses/policy_loss,-0.00037878844887018204,Pong1PCB2L336P__seed_8_1763344785
3895296,1-Training-Losses/policy_loss,-0.00010557984933257103,Pong1PCB2L336P__seed_8_1763344785
3899392,1-Training-Losses/policy_loss,-7.41221010684967e-05,Pong1PCB2L336P__seed_8_1763344785
3903488,1-Training-Losses/policy_loss,-3.907643258571625e-05,Pong1PCB2L336P__seed_8_1763344785
3907584,1-Training-Losses/policy_loss,-5.4727308452129364e-05,Pong1PCB2L336P__seed_8_1763344785
3911680,1-Training-Losses/policy_loss,-0.00014144880697131157,Pong1PCB2L336P__seed_8_1763344785
3915776,1-Training-Losses/policy_loss,-0.0004614889621734619,Pong1PCB2L336P__seed_8_1763344785
3919872,1-Training-Losses/policy_loss,-5.178060382604599e-05,Pong1PCB2L336P__seed_8_1763344785
3923968,1-Training-Losses/policy_loss,7.320567965507507e-05,Pong1PCB2L336P__seed_8_1763344785
3928064,1-Training-Losses/policy_loss,-0.00027212430723011494,Pong1PCB2L336P__seed_8_1763344785
3932160,1-Training-Losses/policy_loss,-0.00037868693470954895,Pong1PCB2L336P__seed_8_1763344785
3936256,1-Training-Losses/policy_loss,-5.50542026758194e-05,Pong1PCB2L336P__seed_8_1763344785
3940352,1-Training-Losses/policy_loss,1.7187558114528656e-05,Pong1PCB2L336P__seed_8_1763344785
3944448,1-Training-Losses/policy_loss,-0.000141204334795475,Pong1PCB2L336P__seed_8_1763344785
3948544,1-Training-Losses/policy_loss,-0.0009148642420768738,Pong1PCB2L336P__seed_8_1763344785
3952640,1-Training-Losses/policy_loss,-0.000425201840698719,Pong1PCB2L336P__seed_8_1763344785
3956736,1-Training-Losses/policy_loss,0.00012165028601884842,Pong1PCB2L336P__seed_8_1763344785
3960832,1-Training-Losses/policy_loss,7.991679012775421e-06,Pong1PCB2L336P__seed_8_1763344785
3964928,1-Training-Losses/policy_loss,-1.625996083021164e-05,Pong1PCB2L336P__seed_8_1763344785
3969024,1-Training-Losses/policy_loss,1.141335815191269e-05,Pong1PCB2L336P__seed_8_1763344785
3973120,1-Training-Losses/policy_loss,-0.0009951405227184296,Pong1PCB2L336P__seed_8_1763344785
3977216,1-Training-Losses/policy_loss,0.00010256515815854073,Pong1PCB2L336P__seed_8_1763344785
3981312,1-Training-Losses/policy_loss,-2.145487815141678e-05,Pong1PCB2L336P__seed_8_1763344785
3985408,1-Training-Losses/policy_loss,-0.00034170597791671753,Pong1PCB2L336P__seed_8_1763344785
3989504,1-Training-Losses/policy_loss,-9.914580732584e-05,Pong1PCB2L336P__seed_8_1763344785
3993600,1-Training-Losses/policy_loss,-3.502052277326584e-05,Pong1PCB2L336P__seed_8_1763344785
3997696,1-Training-Losses/policy_loss,2.458132803440094e-05,Pong1PCB2L336P__seed_8_1763344785
4001792,1-Training-Losses/policy_loss,-3.4559983760118484e-05,Pong1PCB2L336P__seed_8_1763344785
4005888,1-Training-Losses/policy_loss,-0.00012221955694258213,Pong1PCB2L336P__seed_8_1763344785
4009984,1-Training-Losses/policy_loss,-0.0002767886035144329,Pong1PCB2L336P__seed_8_1763344785
4014080,1-Training-Losses/policy_loss,-0.00031958508770912886,Pong1PCB2L336P__seed_8_1763344785
4018176,1-Training-Losses/policy_loss,-5.9719663113355637e-05,Pong1PCB2L336P__seed_8_1763344785
4022272,1-Training-Losses/policy_loss,-3.837700933218002e-05,Pong1PCB2L336P__seed_8_1763344785
4026368,1-Training-Losses/policy_loss,-0.0002500256523489952,Pong1PCB2L336P__seed_8_1763344785
4030464,1-Training-Losses/policy_loss,-7.555587217211723e-05,Pong1PCB2L336P__seed_8_1763344785
4034560,1-Training-Losses/policy_loss,-5.900813266634941e-05,Pong1PCB2L336P__seed_8_1763344785
4038656,1-Training-Losses/policy_loss,-0.00030993949621915817,Pong1PCB2L336P__seed_8_1763344785
4042752,1-Training-Losses/policy_loss,-7.840478792786598e-05,Pong1PCB2L336P__seed_8_1763344785
4046848,1-Training-Losses/policy_loss,-0.0001612883061170578,Pong1PCB2L336P__seed_8_1763344785
4050944,1-Training-Losses/policy_loss,-0.00012964289635419846,Pong1PCB2L336P__seed_8_1763344785
4055040,1-Training-Losses/policy_loss,-0.00011526874732226133,Pong1PCB2L336P__seed_8_1763344785
4059136,1-Training-Losses/policy_loss,-6.600981578230858e-05,Pong1PCB2L336P__seed_8_1763344785
4063232,1-Training-Losses/policy_loss,-0.00010537717025727034,Pong1PCB2L336P__seed_8_1763344785
4067328,1-Training-Losses/policy_loss,-4.45852056145668e-05,Pong1PCB2L336P__seed_8_1763344785
4071424,1-Training-Losses/policy_loss,-4.545855335891247e-05,Pong1PCB2L336P__seed_8_1763344785
4075520,1-Training-Losses/policy_loss,-1.876428723335266e-05,Pong1PCB2L336P__seed_8_1763344785
4079616,1-Training-Losses/policy_loss,-2.435920760035515e-05,Pong1PCB2L336P__seed_8_1763344785
4083712,1-Training-Losses/policy_loss,-4.37125563621521e-05,Pong1PCB2L336P__seed_8_1763344785
4087808,1-Training-Losses/policy_loss,-0.00020230375230312347,Pong1PCB2L336P__seed_8_1763344785
4091904,1-Training-Losses/policy_loss,1.704646274447441e-05,Pong1PCB2L336P__seed_8_1763344785
4096000,1-Training-Losses/policy_loss,-0.0006006285548210144,Pong1PCB2L336P__seed_8_1763344785
4100096,1-Training-Losses/policy_loss,0.0002971417270600796,Pong1PCB2L336P__seed_8_1763344785
4104192,1-Training-Losses/policy_loss,-0.00010529998689889908,Pong1PCB2L336P__seed_8_1763344785
4108288,1-Training-Losses/policy_loss,-9.449338540434837e-05,Pong1PCB2L336P__seed_8_1763344785
4112384,1-Training-Losses/policy_loss,-9.147776290774345e-05,Pong1PCB2L336P__seed_8_1763344785
4116480,1-Training-Losses/policy_loss,3.036484122276306e-05,Pong1PCB2L336P__seed_8_1763344785
4120576,1-Training-Losses/policy_loss,-4.5093242079019547e-05,Pong1PCB2L336P__seed_8_1763344785
4124672,1-Training-Losses/policy_loss,-0.00021469593048095703,Pong1PCB2L336P__seed_8_1763344785
4128768,1-Training-Losses/policy_loss,-0.0002316613681614399,Pong1PCB2L336P__seed_8_1763344785
4132864,1-Training-Losses/policy_loss,-0.00012396182864904404,Pong1PCB2L336P__seed_8_1763344785
4136960,1-Training-Losses/policy_loss,-2.667214721441269e-05,Pong1PCB2L336P__seed_8_1763344785
4141056,1-Training-Losses/policy_loss,-1.833587884902954e-05,Pong1PCB2L336P__seed_8_1763344785
4145152,1-Training-Losses/policy_loss,-4.5647844672203064e-05,Pong1PCB2L336P__seed_8_1763344785
4149248,1-Training-Losses/policy_loss,9.853392839431763e-06,Pong1PCB2L336P__seed_8_1763344785
4153344,1-Training-Losses/policy_loss,-4.6584755182266235e-05,Pong1PCB2L336P__seed_8_1763344785
4157440,1-Training-Losses/policy_loss,-5.864165723323822e-05,Pong1PCB2L336P__seed_8_1763344785
4161536,1-Training-Losses/policy_loss,-0.0009247055277228355,Pong1PCB2L336P__seed_8_1763344785
4165632,1-Training-Losses/policy_loss,-4.3713487684726715e-05,Pong1PCB2L336P__seed_8_1763344785
4169728,1-Training-Losses/policy_loss,-9.278766810894012e-05,Pong1PCB2L336P__seed_8_1763344785
4173824,1-Training-Losses/policy_loss,-0.00012960704043507576,Pong1PCB2L336P__seed_8_1763344785
4177920,1-Training-Losses/policy_loss,-0.0024372506886720657,Pong1PCB2L336P__seed_8_1763344785
4182016,1-Training-Losses/policy_loss,0.0006776861846446991,Pong1PCB2L336P__seed_8_1763344785
4186112,1-Training-Losses/policy_loss,-8.501717820763588e-05,Pong1PCB2L336P__seed_8_1763344785
4190208,1-Training-Losses/policy_loss,-0.00022427178919315338,Pong1PCB2L336P__seed_8_1763344785
4194304,1-Training-Losses/policy_loss,7.299007847905159e-05,Pong1PCB2L336P__seed_8_1763344785
4198400,1-Training-Losses/policy_loss,-0.00024448230396956205,Pong1PCB2L336P__seed_8_1763344785
4202496,1-Training-Losses/policy_loss,-0.00010753399692475796,Pong1PCB2L336P__seed_8_1763344785
4206592,1-Training-Losses/policy_loss,-8.269469253718853e-05,Pong1PCB2L336P__seed_8_1763344785
4210688,1-Training-Losses/policy_loss,-0.00010771304368972778,Pong1PCB2L336P__seed_8_1763344785
4214784,1-Training-Losses/policy_loss,-2.4167820811271667e-06,Pong1PCB2L336P__seed_8_1763344785
4218880,1-Training-Losses/policy_loss,-4.3536536395549774e-05,Pong1PCB2L336P__seed_8_1763344785
4222976,1-Training-Losses/policy_loss,-9.834673255681992e-05,Pong1PCB2L336P__seed_8_1763344785
4227072,1-Training-Losses/policy_loss,-5.379645153880119e-05,Pong1PCB2L336P__seed_8_1763344785
4231168,1-Training-Losses/policy_loss,-0.0002426058053970337,Pong1PCB2L336P__seed_8_1763344785
4235264,1-Training-Losses/policy_loss,-1.373235136270523e-05,Pong1PCB2L336P__seed_8_1763344785
4239360,1-Training-Losses/policy_loss,-0.00010653818026185036,Pong1PCB2L336P__seed_8_1763344785
4243456,1-Training-Losses/policy_loss,-0.00013370229862630367,Pong1PCB2L336P__seed_8_1763344785
4247552,1-Training-Losses/policy_loss,-8.467026054859161e-05,Pong1PCB2L336P__seed_8_1763344785
4251648,1-Training-Losses/policy_loss,-1.1175870895385742e-08,Pong1PCB2L336P__seed_8_1763344785
4255744,1-Training-Losses/policy_loss,-3.2984185963869095e-05,Pong1PCB2L336P__seed_8_1763344785
4259840,1-Training-Losses/policy_loss,-7.726717740297318e-05,Pong1PCB2L336P__seed_8_1763344785
4263936,1-Training-Losses/policy_loss,-0.00020691798999905586,Pong1PCB2L336P__seed_8_1763344785
4268032,1-Training-Losses/policy_loss,-0.0003106433432549238,Pong1PCB2L336P__seed_8_1763344785
4272128,1-Training-Losses/policy_loss,7.548648864030838e-05,Pong1PCB2L336P__seed_8_1763344785
4276224,1-Training-Losses/policy_loss,-0.00016513746231794357,Pong1PCB2L336P__seed_8_1763344785
4280320,1-Training-Losses/policy_loss,-0.0004734979011118412,Pong1PCB2L336P__seed_8_1763344785
4284416,1-Training-Losses/policy_loss,-0.001114068552851677,Pong1PCB2L336P__seed_8_1763344785
4288512,1-Training-Losses/policy_loss,0.00013654213398694992,Pong1PCB2L336P__seed_8_1763344785
4292608,1-Training-Losses/policy_loss,-0.00025781895965337753,Pong1PCB2L336P__seed_8_1763344785
4296704,1-Training-Losses/policy_loss,-0.0005093244835734367,Pong1PCB2L336P__seed_8_1763344785
4300800,1-Training-Losses/policy_loss,0.00017978204414248466,Pong1PCB2L336P__seed_8_1763344785
4304896,1-Training-Losses/policy_loss,-0.0006469739601016045,Pong1PCB2L336P__seed_8_1763344785
4308992,1-Training-Losses/policy_loss,-0.0005515229422599077,Pong1PCB2L336P__seed_8_1763344785
4313088,1-Training-Losses/policy_loss,0.00026534684002399445,Pong1PCB2L336P__seed_8_1763344785
4317184,1-Training-Losses/policy_loss,-2.4440232664346695e-05,Pong1PCB2L336P__seed_8_1763344785
4321280,1-Training-Losses/policy_loss,-6.153015419840813e-06,Pong1PCB2L336P__seed_8_1763344785
4325376,1-Training-Losses/policy_loss,-4.608090966939926e-05,Pong1PCB2L336P__seed_8_1763344785
4329472,1-Training-Losses/policy_loss,-0.00012799142859876156,Pong1PCB2L336P__seed_8_1763344785
4333568,1-Training-Losses/policy_loss,-3.091245889663696e-05,Pong1PCB2L336P__seed_8_1763344785
4337664,1-Training-Losses/policy_loss,-0.0008197829592972994,Pong1PCB2L336P__seed_8_1763344785
4341760,1-Training-Losses/policy_loss,-0.0001400727778673172,Pong1PCB2L336P__seed_8_1763344785
4345856,1-Training-Losses/policy_loss,0.00010761432349681854,Pong1PCB2L336P__seed_8_1763344785
4349952,1-Training-Losses/policy_loss,-0.0006541591137647629,Pong1PCB2L336P__seed_8_1763344785
4354048,1-Training-Losses/policy_loss,-0.0004914868623018265,Pong1PCB2L336P__seed_8_1763344785
4358144,1-Training-Losses/policy_loss,-5.00483438372612e-05,Pong1PCB2L336P__seed_8_1763344785
4362240,1-Training-Losses/policy_loss,-0.0001699700951576233,Pong1PCB2L336P__seed_8_1763344785
4366336,1-Training-Losses/policy_loss,-0.00034430529922246933,Pong1PCB2L336P__seed_8_1763344785
4370432,1-Training-Losses/policy_loss,-0.00016385549679398537,Pong1PCB2L336P__seed_8_1763344785
4374528,1-Training-Losses/policy_loss,2.0417850464582443e-05,Pong1PCB2L336P__seed_8_1763344785
4378624,1-Training-Losses/policy_loss,-7.0156529545784e-05,Pong1PCB2L336P__seed_8_1763344785
4382720,1-Training-Losses/policy_loss,-1.9062310457229614e-05,Pong1PCB2L336P__seed_8_1763344785
4386816,1-Training-Losses/policy_loss,-3.0125491321086884e-05,Pong1PCB2L336P__seed_8_1763344785
4390912,1-Training-Losses/policy_loss,-2.2635329514741898e-05,Pong1PCB2L336P__seed_8_1763344785
4395008,1-Training-Losses/policy_loss,-0.00022234255447983742,Pong1PCB2L336P__seed_8_1763344785
4399104,1-Training-Losses/policy_loss,-0.0004709511995315552,Pong1PCB2L336P__seed_8_1763344785
4403200,1-Training-Losses/policy_loss,-0.0003463737666606903,Pong1PCB2L336P__seed_8_1763344785
4407296,1-Training-Losses/policy_loss,-0.00023937644436955452,Pong1PCB2L336P__seed_8_1763344785
4411392,1-Training-Losses/policy_loss,-0.0019928733818233013,Pong1PCB2L336P__seed_8_1763344785
4415488,1-Training-Losses/policy_loss,-0.00046388828195631504,Pong1PCB2L336P__seed_8_1763344785
4419584,1-Training-Losses/policy_loss,-0.0007732496596872807,Pong1PCB2L336P__seed_8_1763344785
4423680,1-Training-Losses/policy_loss,0.00012974883429706097,Pong1PCB2L336P__seed_8_1763344785
4427776,1-Training-Losses/policy_loss,-0.00018022814765572548,Pong1PCB2L336P__seed_8_1763344785
4431872,1-Training-Losses/policy_loss,-4.540616646409035e-05,Pong1PCB2L336P__seed_8_1763344785
4435968,1-Training-Losses/policy_loss,-0.00015383725985884666,Pong1PCB2L336P__seed_8_1763344785
4440064,1-Training-Losses/policy_loss,1.5012919902801514e-05,Pong1PCB2L336P__seed_8_1763344785
4444160,1-Training-Losses/policy_loss,-4.37665730714798e-05,Pong1PCB2L336P__seed_8_1763344785
4448256,1-Training-Losses/policy_loss,-1.87065452337265e-05,Pong1PCB2L336P__seed_8_1763344785
4452352,1-Training-Losses/policy_loss,-4.425458610057831e-05,Pong1PCB2L336P__seed_8_1763344785
4456448,1-Training-Losses/policy_loss,-0.00039156991988420486,Pong1PCB2L336P__seed_8_1763344785
4460544,1-Training-Losses/policy_loss,-0.0009473962709307671,Pong1PCB2L336P__seed_8_1763344785
4464640,1-Training-Losses/policy_loss,4.279427230358124e-07,Pong1PCB2L336P__seed_8_1763344785
4468736,1-Training-Losses/policy_loss,-0.00028276629745960236,Pong1PCB2L336P__seed_8_1763344785
4472832,1-Training-Losses/policy_loss,-0.0003730165772140026,Pong1PCB2L336P__seed_8_1763344785
4476928,1-Training-Losses/policy_loss,-0.00010228622704744339,Pong1PCB2L336P__seed_8_1763344785
4481024,1-Training-Losses/policy_loss,-0.00016763154417276382,Pong1PCB2L336P__seed_8_1763344785
4485120,1-Training-Losses/policy_loss,-7.919315248727798e-05,Pong1PCB2L336P__seed_8_1763344785
4489216,1-Training-Losses/policy_loss,-0.0001490442082285881,Pong1PCB2L336P__seed_8_1763344785
4493312,1-Training-Losses/policy_loss,-0.00021189264953136444,Pong1PCB2L336P__seed_8_1763344785
4497408,1-Training-Losses/policy_loss,-0.0007061325013637543,Pong1PCB2L336P__seed_8_1763344785
4501504,1-Training-Losses/policy_loss,-7.841549813747406e-05,Pong1PCB2L336P__seed_8_1763344785
4505600,1-Training-Losses/policy_loss,-6.766943261027336e-05,Pong1PCB2L336P__seed_8_1763344785
4509696,1-Training-Losses/policy_loss,-1.7677433788776398e-05,Pong1PCB2L336P__seed_8_1763344785
4513792,1-Training-Losses/policy_loss,-0.0007758890278637409,Pong1PCB2L336P__seed_8_1763344785
4517888,1-Training-Losses/policy_loss,-0.00026631541550159454,Pong1PCB2L336P__seed_8_1763344785
4521984,1-Training-Losses/policy_loss,-0.0005204903427511454,Pong1PCB2L336P__seed_8_1763344785
4526080,1-Training-Losses/policy_loss,-5.2755698561668396e-05,Pong1PCB2L336P__seed_8_1763344785
4530176,1-Training-Losses/policy_loss,4.5211054384708405e-05,Pong1PCB2L336P__seed_8_1763344785
4534272,1-Training-Losses/policy_loss,-0.00022794771939516068,Pong1PCB2L336P__seed_8_1763344785
4538368,1-Training-Losses/policy_loss,-1.0890886187553406e-05,Pong1PCB2L336P__seed_8_1763344785
4542464,1-Training-Losses/policy_loss,-0.00012076413258910179,Pong1PCB2L336P__seed_8_1763344785
4546560,1-Training-Losses/policy_loss,-0.0007145879790186882,Pong1PCB2L336P__seed_8_1763344785
4550656,1-Training-Losses/policy_loss,-0.00027476996183395386,Pong1PCB2L336P__seed_8_1763344785
4554752,1-Training-Losses/policy_loss,0.00021008029580116272,Pong1PCB2L336P__seed_8_1763344785
4558848,1-Training-Losses/policy_loss,-0.0001869555562734604,Pong1PCB2L336P__seed_8_1763344785
4562944,1-Training-Losses/policy_loss,-0.00015569105744361877,Pong1PCB2L336P__seed_8_1763344785
4567040,1-Training-Losses/policy_loss,-0.0002382192760705948,Pong1PCB2L336P__seed_8_1763344785
4571136,1-Training-Losses/policy_loss,-0.0003727395087480545,Pong1PCB2L336P__seed_8_1763344785
4575232,1-Training-Losses/policy_loss,1.1624768376350403e-05,Pong1PCB2L336P__seed_8_1763344785
4579328,1-Training-Losses/policy_loss,-0.00039205700159072876,Pong1PCB2L336P__seed_8_1763344785
4583424,1-Training-Losses/policy_loss,-1.2229196727275848e-05,Pong1PCB2L336P__seed_8_1763344785
4587520,1-Training-Losses/policy_loss,-2.8403475880622864e-05,Pong1PCB2L336P__seed_8_1763344785
4591616,1-Training-Losses/policy_loss,-0.00036440929397940636,Pong1PCB2L336P__seed_8_1763344785
4595712,1-Training-Losses/policy_loss,-4.6722590923309326e-05,Pong1PCB2L336P__seed_8_1763344785
4599808,1-Training-Losses/policy_loss,-9.09753143787384e-05,Pong1PCB2L336P__seed_8_1763344785
4603904,1-Training-Losses/policy_loss,-6.461469456553459e-05,Pong1PCB2L336P__seed_8_1763344785
4608000,1-Training-Losses/policy_loss,-0.00021036434918642044,Pong1PCB2L336P__seed_8_1763344785
4612096,1-Training-Losses/policy_loss,1.2372620403766632e-05,Pong1PCB2L336P__seed_8_1763344785
4616192,1-Training-Losses/policy_loss,-0.0010518431663513184,Pong1PCB2L336P__seed_8_1763344785
4620288,1-Training-Losses/policy_loss,-0.000340199563652277,Pong1PCB2L336P__seed_8_1763344785
4624384,1-Training-Losses/policy_loss,0.00011332950089126825,Pong1PCB2L336P__seed_8_1763344785
4628480,1-Training-Losses/policy_loss,-2.5539658963680267e-05,Pong1PCB2L336P__seed_8_1763344785
4632576,1-Training-Losses/policy_loss,-3.336789086461067e-05,Pong1PCB2L336P__seed_8_1763344785
4636672,1-Training-Losses/policy_loss,-0.00020471611060202122,Pong1PCB2L336P__seed_8_1763344785
4640768,1-Training-Losses/policy_loss,-0.00023561622947454453,Pong1PCB2L336P__seed_8_1763344785
4644864,1-Training-Losses/policy_loss,-9.880890138447285e-05,Pong1PCB2L336P__seed_8_1763344785
4648960,1-Training-Losses/policy_loss,-0.00012612948194146156,Pong1PCB2L336P__seed_8_1763344785
4653056,1-Training-Losses/policy_loss,-0.00039278995245695114,Pong1PCB2L336P__seed_8_1763344785
4657152,1-Training-Losses/policy_loss,-0.00021535903215408325,Pong1PCB2L336P__seed_8_1763344785
4661248,1-Training-Losses/policy_loss,0.00012105843052268028,Pong1PCB2L336P__seed_8_1763344785
4665344,1-Training-Losses/policy_loss,-0.0002524550072848797,Pong1PCB2L336P__seed_8_1763344785
4669440,1-Training-Losses/policy_loss,-4.798406735062599e-05,Pong1PCB2L336P__seed_8_1763344785
4673536,1-Training-Losses/policy_loss,-0.00045027583837509155,Pong1PCB2L336P__seed_8_1763344785
4677632,1-Training-Losses/policy_loss,-3.4159980714321136e-05,Pong1PCB2L336P__seed_8_1763344785
4681728,1-Training-Losses/policy_loss,-0.00022847764194011688,Pong1PCB2L336P__seed_8_1763344785
4685824,1-Training-Losses/policy_loss,-0.0001521119847893715,Pong1PCB2L336P__seed_8_1763344785
4689920,1-Training-Losses/policy_loss,-0.00020630145445466042,Pong1PCB2L336P__seed_8_1763344785
4694016,1-Training-Losses/policy_loss,-9.321002289652824e-05,Pong1PCB2L336P__seed_8_1763344785
4698112,1-Training-Losses/policy_loss,-0.00013902410864830017,Pong1PCB2L336P__seed_8_1763344785
4702208,1-Training-Losses/policy_loss,1.829909160733223e-05,Pong1PCB2L336P__seed_8_1763344785
4706304,1-Training-Losses/policy_loss,-6.059184670448303e-06,Pong1PCB2L336P__seed_8_1763344785
4710400,1-Training-Losses/policy_loss,-9.592017158865929e-05,Pong1PCB2L336P__seed_8_1763344785
4714496,1-Training-Losses/policy_loss,-3.2806769013404846e-05,Pong1PCB2L336P__seed_8_1763344785
4718592,1-Training-Losses/policy_loss,-6.125681102275848e-05,Pong1PCB2L336P__seed_8_1763344785
4722688,1-Training-Losses/policy_loss,-8.434150367975235e-05,Pong1PCB2L336P__seed_8_1763344785
4726784,1-Training-Losses/policy_loss,-0.00022767949849367142,Pong1PCB2L336P__seed_8_1763344785
4730880,1-Training-Losses/policy_loss,1.694587990641594e-05,Pong1PCB2L336P__seed_8_1763344785
4734976,1-Training-Losses/policy_loss,-6.890110671520233e-05,Pong1PCB2L336P__seed_8_1763344785
4739072,1-Training-Losses/policy_loss,-0.00028097559697926044,Pong1PCB2L336P__seed_8_1763344785
4743168,1-Training-Losses/policy_loss,-0.00032390980049967766,Pong1PCB2L336P__seed_8_1763344785
4747264,1-Training-Losses/policy_loss,-0.00021192245185375214,Pong1PCB2L336P__seed_8_1763344785
4751360,1-Training-Losses/policy_loss,-0.0002888706512749195,Pong1PCB2L336P__seed_8_1763344785
4755456,1-Training-Losses/policy_loss,-0.0001680813729763031,Pong1PCB2L336P__seed_8_1763344785
4759552,1-Training-Losses/policy_loss,8.867867290973663e-05,Pong1PCB2L336P__seed_8_1763344785
4763648,1-Training-Losses/policy_loss,-0.0009735245257616043,Pong1PCB2L336P__seed_8_1763344785
4767744,1-Training-Losses/policy_loss,-3.692624159157276e-05,Pong1PCB2L336P__seed_8_1763344785
4771840,1-Training-Losses/policy_loss,-6.654160097241402e-05,Pong1PCB2L336P__seed_8_1763344785
4775936,1-Training-Losses/policy_loss,9.17632132768631e-06,Pong1PCB2L336P__seed_8_1763344785
4780032,1-Training-Losses/policy_loss,-7.924158126115799e-05,Pong1PCB2L336P__seed_8_1763344785
4784128,1-Training-Losses/policy_loss,-4.233513027429581e-05,Pong1PCB2L336P__seed_8_1763344785
4788224,1-Training-Losses/policy_loss,-9.226799011230469e-05,Pong1PCB2L336P__seed_8_1763344785
4792320,1-Training-Losses/policy_loss,-0.00032154424116015434,Pong1PCB2L336P__seed_8_1763344785
4796416,1-Training-Losses/policy_loss,0.00010562827810645103,Pong1PCB2L336P__seed_8_1763344785
4800512,1-Training-Losses/policy_loss,-0.00011222204193472862,Pong1PCB2L336P__seed_8_1763344785
4804608,1-Training-Losses/policy_loss,-3.6185141652822495e-05,Pong1PCB2L336P__seed_8_1763344785
4808704,1-Training-Losses/policy_loss,-3.771064803004265e-05,Pong1PCB2L336P__seed_8_1763344785
4812800,1-Training-Losses/policy_loss,-0.0001474934397265315,Pong1PCB2L336P__seed_8_1763344785
4816896,1-Training-Losses/policy_loss,-9.328499436378479e-05,Pong1PCB2L336P__seed_8_1763344785
4820992,1-Training-Losses/policy_loss,-5.2876072004437447e-05,Pong1PCB2L336P__seed_8_1763344785
4825088,1-Training-Losses/policy_loss,-0.00017959624528884888,Pong1PCB2L336P__seed_8_1763344785
4829184,1-Training-Losses/policy_loss,-0.00010611931793391705,Pong1PCB2L336P__seed_8_1763344785
4833280,1-Training-Losses/policy_loss,-0.00012392608914524317,Pong1PCB2L336P__seed_8_1763344785
4837376,1-Training-Losses/policy_loss,-4.764925688505173e-05,Pong1PCB2L336P__seed_8_1763344785
4841472,1-Training-Losses/policy_loss,-0.0002225274220108986,Pong1PCB2L336P__seed_8_1763344785
4845568,1-Training-Losses/policy_loss,-0.0001649081241339445,Pong1PCB2L336P__seed_8_1763344785
4849664,1-Training-Losses/policy_loss,-0.00037044938653707504,Pong1PCB2L336P__seed_8_1763344785
4853760,1-Training-Losses/policy_loss,-7.907534018158913e-05,Pong1PCB2L336P__seed_8_1763344785
4857856,1-Training-Losses/policy_loss,-0.0003894064575433731,Pong1PCB2L336P__seed_8_1763344785
4861952,1-Training-Losses/policy_loss,-0.0010137970093637705,Pong1PCB2L336P__seed_8_1763344785
4866048,1-Training-Losses/policy_loss,-0.00016993563622236252,Pong1PCB2L336P__seed_8_1763344785
4870144,1-Training-Losses/policy_loss,0.0001572467153891921,Pong1PCB2L336P__seed_8_1763344785
4874240,1-Training-Losses/policy_loss,-7.934775203466415e-05,Pong1PCB2L336P__seed_8_1763344785
4878336,1-Training-Losses/policy_loss,-4.796520806849003e-05,Pong1PCB2L336P__seed_8_1763344785
4882432,1-Training-Losses/policy_loss,-0.001068593468517065,Pong1PCB2L336P__seed_8_1763344785
4886528,1-Training-Losses/policy_loss,5.891174077987671e-05,Pong1PCB2L336P__seed_8_1763344785
4890624,1-Training-Losses/policy_loss,-0.00033360300585627556,Pong1PCB2L336P__seed_8_1763344785
4894720,1-Training-Losses/policy_loss,6.424169987440109e-05,Pong1PCB2L336P__seed_8_1763344785
4898816,1-Training-Losses/policy_loss,-0.00010102358646690845,Pong1PCB2L336P__seed_8_1763344785
4902912,1-Training-Losses/policy_loss,-6.481073796749115e-05,Pong1PCB2L336P__seed_8_1763344785
4907008,1-Training-Losses/policy_loss,-0.00033392757177352905,Pong1PCB2L336P__seed_8_1763344785
4911104,1-Training-Losses/policy_loss,0.00014707865193486214,Pong1PCB2L336P__seed_8_1763344785
4915200,1-Training-Losses/policy_loss,-0.000196180772036314,Pong1PCB2L336P__seed_8_1763344785
4919296,1-Training-Losses/policy_loss,-0.00032338756136596203,Pong1PCB2L336P__seed_8_1763344785
4923392,1-Training-Losses/policy_loss,-6.754929199814796e-05,Pong1PCB2L336P__seed_8_1763344785
4927488,1-Training-Losses/policy_loss,-0.00044547952711582184,Pong1PCB2L336P__seed_8_1763344785
4931584,1-Training-Losses/policy_loss,2.2110063582658768e-05,Pong1PCB2L336P__seed_8_1763344785
4935680,1-Training-Losses/policy_loss,-4.769442602992058e-05,Pong1PCB2L336P__seed_8_1763344785
4939776,1-Training-Losses/policy_loss,-0.0009518421720713377,Pong1PCB2L336P__seed_8_1763344785
4943872,1-Training-Losses/policy_loss,0.00017743464559316635,Pong1PCB2L336P__seed_8_1763344785
4947968,1-Training-Losses/policy_loss,-7.062731310725212e-05,Pong1PCB2L336P__seed_8_1763344785
4952064,1-Training-Losses/policy_loss,-1.999642699956894e-05,Pong1PCB2L336P__seed_8_1763344785
4956160,1-Training-Losses/policy_loss,-0.0001714443787932396,Pong1PCB2L336P__seed_8_1763344785
4960256,1-Training-Losses/policy_loss,-0.00017406092956662178,Pong1PCB2L336P__seed_8_1763344785
4964352,1-Training-Losses/policy_loss,-2.734549343585968e-05,Pong1PCB2L336P__seed_8_1763344785
4968448,1-Training-Losses/policy_loss,-7.524085231125355e-05,Pong1PCB2L336P__seed_8_1763344785
4972544,1-Training-Losses/policy_loss,-0.00012346869334578514,Pong1PCB2L336P__seed_8_1763344785
4976640,1-Training-Losses/policy_loss,-0.0004384070634841919,Pong1PCB2L336P__seed_8_1763344785
4980736,1-Training-Losses/policy_loss,-6.512459367513657e-05,Pong1PCB2L336P__seed_8_1763344785
4984832,1-Training-Losses/policy_loss,-0.0001799045130610466,Pong1PCB2L336P__seed_8_1763344785
4988928,1-Training-Losses/policy_loss,-0.0002807157579809427,Pong1PCB2L336P__seed_8_1763344785
4993024,1-Training-Losses/policy_loss,-0.00016632862389087677,Pong1PCB2L336P__seed_8_1763344785
4997120,1-Training-Losses/policy_loss,-2.0541250705718994e-05,Pong1PCB2L336P__seed_8_1763344785
5001216,1-Training-Losses/policy_loss,-0.00024025607854127884,Pong1PCB2L336P__seed_8_1763344785
5005312,1-Training-Losses/policy_loss,-0.00015911925584077835,Pong1PCB2L336P__seed_8_1763344785
5009408,1-Training-Losses/policy_loss,-0.000525129958987236,Pong1PCB2L336P__seed_8_1763344785
5013504,1-Training-Losses/policy_loss,-7.5623393058776855e-06,Pong1PCB2L336P__seed_8_1763344785
5017600,1-Training-Losses/policy_loss,-0.0008463412523269653,Pong1PCB2L336P__seed_8_1763344785
5021696,1-Training-Losses/policy_loss,-0.00022895447909832,Pong1PCB2L336P__seed_8_1763344785
5025792,1-Training-Losses/policy_loss,2.1490734070539474e-05,Pong1PCB2L336P__seed_8_1763344785
5029888,1-Training-Losses/policy_loss,-0.0005905339494347572,Pong1PCB2L336P__seed_8_1763344785
5033984,1-Training-Losses/policy_loss,0.0002299104817211628,Pong1PCB2L336P__seed_8_1763344785
5038080,1-Training-Losses/policy_loss,-0.00011304020881652832,Pong1PCB2L336P__seed_8_1763344785
5042176,1-Training-Losses/policy_loss,-0.00023378152400255203,Pong1PCB2L336P__seed_8_1763344785
5046272,1-Training-Losses/policy_loss,-2.2932887077331543e-05,Pong1PCB2L336P__seed_8_1763344785
5050368,1-Training-Losses/policy_loss,-0.00015811994671821594,Pong1PCB2L336P__seed_8_1763344785
5054464,1-Training-Losses/policy_loss,3.275927156209946e-05,Pong1PCB2L336P__seed_8_1763344785
5058560,1-Training-Losses/policy_loss,-0.00017941463738679886,Pong1PCB2L336P__seed_8_1763344785
5062656,1-Training-Losses/policy_loss,-0.0001004817895591259,Pong1PCB2L336P__seed_8_1763344785
5066752,1-Training-Losses/policy_loss,-7.002800703048706e-05,Pong1PCB2L336P__seed_8_1763344785
5070848,1-Training-Losses/policy_loss,-2.22083181142807e-05,Pong1PCB2L336P__seed_8_1763344785
5074944,1-Training-Losses/policy_loss,-7.232651114463806e-05,Pong1PCB2L336P__seed_8_1763344785
5079040,1-Training-Losses/policy_loss,-7.083173841238022e-06,Pong1PCB2L336P__seed_8_1763344785
5083136,1-Training-Losses/policy_loss,-0.0001548267900943756,Pong1PCB2L336P__seed_8_1763344785
5087232,1-Training-Losses/policy_loss,-0.0001569441519677639,Pong1PCB2L336P__seed_8_1763344785
5091328,1-Training-Losses/policy_loss,-0.00013399793533608317,Pong1PCB2L336P__seed_8_1763344785
5095424,1-Training-Losses/policy_loss,-4.227273166179657e-05,Pong1PCB2L336P__seed_8_1763344785
5099520,1-Training-Losses/policy_loss,-0.000803864561021328,Pong1PCB2L336P__seed_8_1763344785
5103616,1-Training-Losses/policy_loss,-0.000472300685942173,Pong1PCB2L336P__seed_8_1763344785
5107712,1-Training-Losses/policy_loss,0.00019340310245752335,Pong1PCB2L336P__seed_8_1763344785
5111808,1-Training-Losses/policy_loss,-0.00018416624516248703,Pong1PCB2L336P__seed_8_1763344785
5115904,1-Training-Losses/policy_loss,-0.00017892802134156227,Pong1PCB2L336P__seed_8_1763344785
5120000,1-Training-Losses/policy_loss,-5.097128450870514e-05,Pong1PCB2L336P__seed_8_1763344785
5124096,1-Training-Losses/policy_loss,-0.0005632427055388689,Pong1PCB2L336P__seed_8_1763344785
5128192,1-Training-Losses/policy_loss,7.29542225599289e-05,Pong1PCB2L336P__seed_8_1763344785
5132288,1-Training-Losses/policy_loss,-1.3821292668581009e-05,Pong1PCB2L336P__seed_8_1763344785
5136384,1-Training-Losses/policy_loss,-7.533933967351913e-05,Pong1PCB2L336P__seed_8_1763344785
5140480,1-Training-Losses/policy_loss,-0.000497833825647831,Pong1PCB2L336P__seed_8_1763344785
5144576,1-Training-Losses/policy_loss,-0.00016199517995119095,Pong1PCB2L336P__seed_8_1763344785
5148672,1-Training-Losses/policy_loss,0.00011833547614514828,Pong1PCB2L336P__seed_8_1763344785
5152768,1-Training-Losses/policy_loss,-0.0006774021312594414,Pong1PCB2L336P__seed_8_1763344785
5156864,1-Training-Losses/policy_loss,-0.0010643736459314823,Pong1PCB2L336P__seed_8_1763344785
5160960,1-Training-Losses/policy_loss,-0.00014685560017824173,Pong1PCB2L336P__seed_8_1763344785
5165056,1-Training-Losses/policy_loss,-0.00032014306634664536,Pong1PCB2L336P__seed_8_1763344785
5169152,1-Training-Losses/policy_loss,-0.0006602322682738304,Pong1PCB2L336P__seed_8_1763344785
5173248,1-Training-Losses/policy_loss,0.0001866798847913742,Pong1PCB2L336P__seed_8_1763344785
5177344,1-Training-Losses/policy_loss,-0.00033416785299777985,Pong1PCB2L336P__seed_8_1763344785
5181440,1-Training-Losses/policy_loss,-3.481470048427582e-05,Pong1PCB2L336P__seed_8_1763344785
5185536,1-Training-Losses/policy_loss,-0.0005710958503186703,Pong1PCB2L336P__seed_8_1763344785
5189632,1-Training-Losses/policy_loss,0.000180157832801342,Pong1PCB2L336P__seed_8_1763344785
5193728,1-Training-Losses/policy_loss,-2.278946340084076e-05,Pong1PCB2L336P__seed_8_1763344785
5197824,1-Training-Losses/policy_loss,-4.343688488006592e-05,Pong1PCB2L336P__seed_8_1763344785
5201920,1-Training-Losses/policy_loss,-6.001116707921028e-05,Pong1PCB2L336P__seed_8_1763344785
5206016,1-Training-Losses/policy_loss,-0.00013396097347140312,Pong1PCB2L336P__seed_8_1763344785
5210112,1-Training-Losses/policy_loss,-1.8089544028043747e-05,Pong1PCB2L336P__seed_8_1763344785
5214208,1-Training-Losses/policy_loss,-0.00016970932483673096,Pong1PCB2L336P__seed_8_1763344785
5218304,1-Training-Losses/policy_loss,-0.00028113462030887604,Pong1PCB2L336P__seed_8_1763344785
5222400,1-Training-Losses/policy_loss,-0.00010388949885964394,Pong1PCB2L336P__seed_8_1763344785
5226496,1-Training-Losses/policy_loss,7.131509482860565e-05,Pong1PCB2L336P__seed_8_1763344785
5230592,1-Training-Losses/policy_loss,-0.0009272978641092777,Pong1PCB2L336P__seed_8_1763344785
5234688,1-Training-Losses/policy_loss,-0.000250411219894886,Pong1PCB2L336P__seed_8_1763344785
5238784,1-Training-Losses/policy_loss,7.782597094774246e-05,Pong1PCB2L336P__seed_8_1763344785
5242880,1-Training-Losses/policy_loss,-0.0005027493461966515,Pong1PCB2L336P__seed_8_1763344785
5246976,1-Training-Losses/policy_loss,-2.44947150349617e-05,Pong1PCB2L336P__seed_8_1763344785
5251072,1-Training-Losses/policy_loss,-0.0002995692193508148,Pong1PCB2L336P__seed_8_1763344785
5255168,1-Training-Losses/policy_loss,-1.8477439880371094e-05,Pong1PCB2L336P__seed_8_1763344785
5259264,1-Training-Losses/policy_loss,-0.00010623224079608917,Pong1PCB2L336P__seed_8_1763344785
5263360,1-Training-Losses/policy_loss,-5.978904664516449e-05,Pong1PCB2L336P__seed_8_1763344785
5267456,1-Training-Losses/policy_loss,-3.2742973417043686e-05,Pong1PCB2L336P__seed_8_1763344785
5271552,1-Training-Losses/policy_loss,-0.0002683037891983986,Pong1PCB2L336P__seed_8_1763344785
5275648,1-Training-Losses/policy_loss,-0.00011506909504532814,Pong1PCB2L336P__seed_8_1763344785
5279744,1-Training-Losses/policy_loss,4.45488840341568e-05,Pong1PCB2L336P__seed_8_1763344785
5283840,1-Training-Losses/policy_loss,-0.00015753554180264473,Pong1PCB2L336P__seed_8_1763344785
5287936,1-Training-Losses/policy_loss,-0.00024034827947616577,Pong1PCB2L336P__seed_8_1763344785
5292032,1-Training-Losses/policy_loss,-0.00017547374591231346,Pong1PCB2L336P__seed_8_1763344785
5296128,1-Training-Losses/policy_loss,1.987256109714508e-05,Pong1PCB2L336P__seed_8_1763344785
5300224,1-Training-Losses/policy_loss,-1.6029924154281616e-05,Pong1PCB2L336P__seed_8_1763344785
5304320,1-Training-Losses/policy_loss,-0.0002448006998747587,Pong1PCB2L336P__seed_8_1763344785
5308416,1-Training-Losses/policy_loss,-0.00032706279307603836,Pong1PCB2L336P__seed_8_1763344785
5312512,1-Training-Losses/policy_loss,0.00012094154953956604,Pong1PCB2L336P__seed_8_1763344785
5316608,1-Training-Losses/policy_loss,-0.0002722679637372494,Pong1PCB2L336P__seed_8_1763344785
5320704,1-Training-Losses/policy_loss,-5.878973752260208e-06,Pong1PCB2L336P__seed_8_1763344785
5324800,1-Training-Losses/policy_loss,-3.376975655555725e-06,Pong1PCB2L336P__seed_8_1763344785
5328896,1-Training-Losses/policy_loss,-3.3076852560043335e-05,Pong1PCB2L336P__seed_8_1763344785
5332992,1-Training-Losses/policy_loss,-7.6336320489645e-05,Pong1PCB2L336P__seed_8_1763344785
5337088,1-Training-Losses/policy_loss,-0.00012937933206558228,Pong1PCB2L336P__seed_8_1763344785
5341184,1-Training-Losses/policy_loss,-0.0001378944143652916,Pong1PCB2L336P__seed_8_1763344785
5345280,1-Training-Losses/policy_loss,-0.00015672354493290186,Pong1PCB2L336P__seed_8_1763344785
5349376,1-Training-Losses/policy_loss,-6.323959678411484e-05,Pong1PCB2L336P__seed_8_1763344785
5353472,1-Training-Losses/policy_loss,-7.31050968170166e-05,Pong1PCB2L336P__seed_8_1763344785
5357568,1-Training-Losses/policy_loss,-0.00010211393237113953,Pong1PCB2L336P__seed_8_1763344785
5361664,1-Training-Losses/policy_loss,-3.9078062400221825e-05,Pong1PCB2L336P__seed_8_1763344785
5365760,1-Training-Losses/policy_loss,-5.1551032811403275e-05,Pong1PCB2L336P__seed_8_1763344785
5369856,1-Training-Losses/policy_loss,-1.3452721759676933e-05,Pong1PCB2L336P__seed_8_1763344785
5373952,1-Training-Losses/policy_loss,-0.0001443775836378336,Pong1PCB2L336P__seed_8_1763344785
5378048,1-Training-Losses/policy_loss,-0.00012489128857851028,Pong1PCB2L336P__seed_8_1763344785
5382144,1-Training-Losses/policy_loss,-0.00020044948905706406,Pong1PCB2L336P__seed_8_1763344785
5386240,1-Training-Losses/policy_loss,-0.0001395856961607933,Pong1PCB2L336P__seed_8_1763344785
5390336,1-Training-Losses/policy_loss,-0.0003314386121928692,Pong1PCB2L336P__seed_8_1763344785
5394432,1-Training-Losses/policy_loss,8.959323167800903e-07,Pong1PCB2L336P__seed_8_1763344785
5398528,1-Training-Losses/policy_loss,-0.0001496034674346447,Pong1PCB2L336P__seed_8_1763344785
5402624,1-Training-Losses/policy_loss,9.054318070411682e-06,Pong1PCB2L336P__seed_8_1763344785
5406720,1-Training-Losses/policy_loss,-4.993332549929619e-05,Pong1PCB2L336P__seed_8_1763344785
5410816,1-Training-Losses/policy_loss,-0.00015520863234996796,Pong1PCB2L336P__seed_8_1763344785
5414912,1-Training-Losses/policy_loss,-3.1900592148303986e-05,Pong1PCB2L336P__seed_8_1763344785
5419008,1-Training-Losses/policy_loss,-2.3422762751579285e-07,Pong1PCB2L336P__seed_8_1763344785
5423104,1-Training-Losses/policy_loss,-1.2326054275035858e-05,Pong1PCB2L336P__seed_8_1763344785
5427200,1-Training-Losses/policy_loss,-0.00041848327964544296,Pong1PCB2L336P__seed_8_1763344785
5431296,1-Training-Losses/policy_loss,-0.00018886616453528404,Pong1PCB2L336P__seed_8_1763344785
5435392,1-Training-Losses/policy_loss,-6.338022649288177e-05,Pong1PCB2L336P__seed_8_1763344785
5439488,1-Training-Losses/policy_loss,-1.299101859331131e-05,Pong1PCB2L336P__seed_8_1763344785
5443584,1-Training-Losses/policy_loss,-0.00018398696556687355,Pong1PCB2L336P__seed_8_1763344785
5447680,1-Training-Losses/policy_loss,-0.00011413265019655228,Pong1PCB2L336P__seed_8_1763344785
5451776,1-Training-Losses/policy_loss,-0.0006646926049143076,Pong1PCB2L336P__seed_8_1763344785
5455872,1-Training-Losses/policy_loss,-0.00011031702160835266,Pong1PCB2L336P__seed_8_1763344785
5459968,1-Training-Losses/policy_loss,-6.200093775987625e-05,Pong1PCB2L336P__seed_8_1763344785
5464064,1-Training-Losses/policy_loss,-0.00026851892471313477,Pong1PCB2L336P__seed_8_1763344785
5468160,1-Training-Losses/policy_loss,-0.00013400381430983543,Pong1PCB2L336P__seed_8_1763344785
5472256,1-Training-Losses/policy_loss,-0.00018939189612865448,Pong1PCB2L336P__seed_8_1763344785
5476352,1-Training-Losses/policy_loss,0.00012884289026260376,Pong1PCB2L336P__seed_8_1763344785
5480448,1-Training-Losses/policy_loss,-0.0001776302233338356,Pong1PCB2L336P__seed_8_1763344785
5484544,1-Training-Losses/policy_loss,-3.5334378480911255e-05,Pong1PCB2L336P__seed_8_1763344785
5488640,1-Training-Losses/policy_loss,-0.0001751999370753765,Pong1PCB2L336P__seed_8_1763344785
5492736,1-Training-Losses/policy_loss,-3.993744030594826e-05,Pong1PCB2L336P__seed_8_1763344785
5496832,1-Training-Losses/policy_loss,-9.056925773620605e-05,Pong1PCB2L336P__seed_8_1763344785
5500928,1-Training-Losses/policy_loss,-1.930445432662964e-05,Pong1PCB2L336P__seed_8_1763344785
5505024,1-Training-Losses/policy_loss,-4.207249730825424e-05,Pong1PCB2L336P__seed_8_1763344785
5509120,1-Training-Losses/policy_loss,-4.6079978346824646e-05,Pong1PCB2L336P__seed_8_1763344785
5513216,1-Training-Losses/policy_loss,-3.7521589547395706e-05,Pong1PCB2L336P__seed_8_1763344785
5517312,1-Training-Losses/policy_loss,-6.620772182941437e-05,Pong1PCB2L336P__seed_8_1763344785
5521408,1-Training-Losses/policy_loss,-0.00011620530858635902,Pong1PCB2L336P__seed_8_1763344785
5525504,1-Training-Losses/policy_loss,-0.00013815239071846008,Pong1PCB2L336P__seed_8_1763344785
5529600,1-Training-Losses/policy_loss,-1.1818483471870422e-06,Pong1PCB2L336P__seed_8_1763344785
5533696,1-Training-Losses/policy_loss,-4.338542930781841e-05,Pong1PCB2L336P__seed_8_1763344785
5537792,1-Training-Losses/policy_loss,-7.413746789097786e-05,Pong1PCB2L336P__seed_8_1763344785
5541888,1-Training-Losses/policy_loss,-1.711677759885788e-05,Pong1PCB2L336P__seed_8_1763344785
5545984,1-Training-Losses/policy_loss,-0.00025849929079413414,Pong1PCB2L336P__seed_8_1763344785
5550080,1-Training-Losses/policy_loss,-0.0001005241647362709,Pong1PCB2L336P__seed_8_1763344785
5554176,1-Training-Losses/policy_loss,-5.332892760634422e-05,Pong1PCB2L336P__seed_8_1763344785
5558272,1-Training-Losses/policy_loss,-0.00039791036397218704,Pong1PCB2L336P__seed_8_1763344785
5562368,1-Training-Losses/policy_loss,-0.0001301020383834839,Pong1PCB2L336P__seed_8_1763344785
5566464,1-Training-Losses/policy_loss,2.938695251941681e-05,Pong1PCB2L336P__seed_8_1763344785
5570560,1-Training-Losses/policy_loss,-0.0005975924432277679,Pong1PCB2L336P__seed_8_1763344785
5574656,1-Training-Losses/policy_loss,5.615409463644028e-06,Pong1PCB2L336P__seed_8_1763344785
5578752,1-Training-Losses/policy_loss,-0.00010921014472842216,Pong1PCB2L336P__seed_8_1763344785
5582848,1-Training-Losses/policy_loss,-8.022412657737732e-05,Pong1PCB2L336P__seed_8_1763344785
5586944,1-Training-Losses/policy_loss,1.9111204892396927e-05,Pong1PCB2L336P__seed_8_1763344785
5591040,1-Training-Losses/policy_loss,-1.4821882359683514e-05,Pong1PCB2L336P__seed_8_1763344785
5595136,1-Training-Losses/policy_loss,-6.795511581003666e-05,Pong1PCB2L336P__seed_8_1763344785
5599232,1-Training-Losses/policy_loss,-0.00013376958668231964,Pong1PCB2L336P__seed_8_1763344785
5603328,1-Training-Losses/policy_loss,-6.958656013011932e-05,Pong1PCB2L336P__seed_8_1763344785
5607424,1-Training-Losses/policy_loss,-2.2413209080696106e-05,Pong1PCB2L336P__seed_8_1763344785
5611520,1-Training-Losses/policy_loss,-0.00017472903709858656,Pong1PCB2L336P__seed_8_1763344785
5615616,1-Training-Losses/policy_loss,-0.001391526311635971,Pong1PCB2L336P__seed_8_1763344785
5619712,1-Training-Losses/policy_loss,0.00012196972966194153,Pong1PCB2L336P__seed_8_1763344785
5623808,1-Training-Losses/policy_loss,-0.00014813803136348724,Pong1PCB2L336P__seed_8_1763344785
5627904,1-Training-Losses/policy_loss,1.10650435090065e-05,Pong1PCB2L336P__seed_8_1763344785
5632000,1-Training-Losses/policy_loss,-9.409897029399872e-05,Pong1PCB2L336P__seed_8_1763344785
5636096,1-Training-Losses/policy_loss,-0.0006505805067718029,Pong1PCB2L336P__seed_8_1763344785
5640192,1-Training-Losses/policy_loss,-0.0006384421139955521,Pong1PCB2L336P__seed_8_1763344785
5644288,1-Training-Losses/policy_loss,-0.0004560593515634537,Pong1PCB2L336P__seed_8_1763344785
5648384,1-Training-Losses/policy_loss,-0.0005905414000153542,Pong1PCB2L336P__seed_8_1763344785
5652480,1-Training-Losses/policy_loss,-0.00019676145166158676,Pong1PCB2L336P__seed_8_1763344785
5656576,1-Training-Losses/policy_loss,-0.00024242582730948925,Pong1PCB2L336P__seed_8_1763344785
5660672,1-Training-Losses/policy_loss,3.400631248950958e-05,Pong1PCB2L336P__seed_8_1763344785
5664768,1-Training-Losses/policy_loss,-0.00023956154473125935,Pong1PCB2L336P__seed_8_1763344785
5668864,1-Training-Losses/policy_loss,-0.001382678048685193,Pong1PCB2L336P__seed_8_1763344785
5672960,1-Training-Losses/policy_loss,-0.0006539067253470421,Pong1PCB2L336P__seed_8_1763344785
5677056,1-Training-Losses/policy_loss,-0.0005490747280418873,Pong1PCB2L336P__seed_8_1763344785
5681152,1-Training-Losses/policy_loss,8.6227897554636e-05,Pong1PCB2L336P__seed_8_1763344785
5685248,1-Training-Losses/policy_loss,1.1279713362455368e-05,Pong1PCB2L336P__seed_8_1763344785
5689344,1-Training-Losses/policy_loss,-0.00043264124542474747,Pong1PCB2L336P__seed_8_1763344785
5693440,1-Training-Losses/policy_loss,-0.0005977391265332699,Pong1PCB2L336P__seed_8_1763344785
5697536,1-Training-Losses/policy_loss,0.0001286978367716074,Pong1PCB2L336P__seed_8_1763344785
5701632,1-Training-Losses/policy_loss,-0.0001990627497434616,Pong1PCB2L336P__seed_8_1763344785
5705728,1-Training-Losses/policy_loss,1.820642501115799e-05,Pong1PCB2L336P__seed_8_1763344785
5709824,1-Training-Losses/policy_loss,-0.0004697968252003193,Pong1PCB2L336P__seed_8_1763344785
5713920,1-Training-Losses/policy_loss,-0.0004468965344130993,Pong1PCB2L336P__seed_8_1763344785
5718016,1-Training-Losses/policy_loss,-0.0005777720361948013,Pong1PCB2L336P__seed_8_1763344785
5722112,1-Training-Losses/policy_loss,0.00020782137289643288,Pong1PCB2L336P__seed_8_1763344785
5726208,1-Training-Losses/policy_loss,-0.00010522175580263138,Pong1PCB2L336P__seed_8_1763344785
5730304,1-Training-Losses/policy_loss,-5.814339965581894e-05,Pong1PCB2L336P__seed_8_1763344785
5734400,1-Training-Losses/policy_loss,-0.0001729903742671013,Pong1PCB2L336P__seed_8_1763344785
5738496,1-Training-Losses/policy_loss,-0.00024796556681394577,Pong1PCB2L336P__seed_8_1763344785
5742592,1-Training-Losses/policy_loss,-0.00012063467875123024,Pong1PCB2L336P__seed_8_1763344785
5746688,1-Training-Losses/policy_loss,-0.0004348801448941231,Pong1PCB2L336P__seed_8_1763344785
5750784,1-Training-Losses/policy_loss,0.00020651798695325851,Pong1PCB2L336P__seed_8_1763344785
5754880,1-Training-Losses/policy_loss,-0.0001103552058339119,Pong1PCB2L336P__seed_8_1763344785
5758976,1-Training-Losses/policy_loss,-2.8363429009914398e-05,Pong1PCB2L336P__seed_8_1763344785
5763072,1-Training-Losses/policy_loss,-7.953494787216187e-05,Pong1PCB2L336P__seed_8_1763344785
5767168,1-Training-Losses/policy_loss,-0.00012181722559034824,Pong1PCB2L336P__seed_8_1763344785
5771264,1-Training-Losses/policy_loss,4.472164437174797e-05,Pong1PCB2L336P__seed_8_1763344785
5775360,1-Training-Losses/policy_loss,-0.0010431548580527306,Pong1PCB2L336P__seed_8_1763344785
5779456,1-Training-Losses/policy_loss,0.0002945065498352051,Pong1PCB2L336P__seed_8_1763344785
5783552,1-Training-Losses/policy_loss,-0.000218141358345747,Pong1PCB2L336P__seed_8_1763344785
5787648,1-Training-Losses/policy_loss,-0.00023687025532126427,Pong1PCB2L336P__seed_8_1763344785
5791744,1-Training-Losses/policy_loss,0.00014343159273266792,Pong1PCB2L336P__seed_8_1763344785
5795840,1-Training-Losses/policy_loss,-0.00010779011063277721,Pong1PCB2L336P__seed_8_1763344785
5799936,1-Training-Losses/policy_loss,-0.00020968075841665268,Pong1PCB2L336P__seed_8_1763344785
5804032,1-Training-Losses/policy_loss,-0.0005947109311819077,Pong1PCB2L336P__seed_8_1763344785
5808128,1-Training-Losses/policy_loss,0.0001922869123518467,Pong1PCB2L336P__seed_8_1763344785
5812224,1-Training-Losses/policy_loss,-0.0003911699168384075,Pong1PCB2L336P__seed_8_1763344785
5816320,1-Training-Losses/policy_loss,5.7542696595191956e-05,Pong1PCB2L336P__seed_8_1763344785
5820416,1-Training-Losses/policy_loss,-0.0002819611690938473,Pong1PCB2L336P__seed_8_1763344785
5824512,1-Training-Losses/policy_loss,-0.0003251028247177601,Pong1PCB2L336P__seed_8_1763344785
5828608,1-Training-Losses/policy_loss,-9.190291166305542e-06,Pong1PCB2L336P__seed_8_1763344785
5832704,1-Training-Losses/policy_loss,-0.00010819535236805677,Pong1PCB2L336P__seed_8_1763344785
5836800,1-Training-Losses/policy_loss,-0.00016931351274251938,Pong1PCB2L336P__seed_8_1763344785
5840896,1-Training-Losses/policy_loss,9.767897427082062e-05,Pong1PCB2L336P__seed_8_1763344785
5844992,1-Training-Losses/policy_loss,-0.00010348926298320293,Pong1PCB2L336P__seed_8_1763344785
5849088,1-Training-Losses/policy_loss,-0.0001811385154724121,Pong1PCB2L336P__seed_8_1763344785
5853184,1-Training-Losses/policy_loss,-8.136127144098282e-05,Pong1PCB2L336P__seed_8_1763344785
5857280,1-Training-Losses/policy_loss,-0.00011641159653663635,Pong1PCB2L336P__seed_8_1763344785
5861376,1-Training-Losses/policy_loss,-0.0003761595580726862,Pong1PCB2L336P__seed_8_1763344785
5865472,1-Training-Losses/policy_loss,-0.00010807951912283897,Pong1PCB2L336P__seed_8_1763344785
5869568,1-Training-Losses/policy_loss,-8.914340287446976e-05,Pong1PCB2L336P__seed_8_1763344785
5873664,1-Training-Losses/policy_loss,-7.629860192537308e-06,Pong1PCB2L336P__seed_8_1763344785
5877760,1-Training-Losses/policy_loss,-0.00014255917631089687,Pong1PCB2L336P__seed_8_1763344785
5881856,1-Training-Losses/policy_loss,-0.00010169669985771179,Pong1PCB2L336P__seed_8_1763344785
5885952,1-Training-Losses/policy_loss,-3.409339115023613e-05,Pong1PCB2L336P__seed_8_1763344785
5890048,1-Training-Losses/policy_loss,-7.574260234832764e-05,Pong1PCB2L336P__seed_8_1763344785
5894144,1-Training-Losses/policy_loss,-0.0003981497138738632,Pong1PCB2L336P__seed_8_1763344785
5898240,1-Training-Losses/policy_loss,8.986098691821098e-05,Pong1PCB2L336P__seed_8_1763344785
5902336,1-Training-Losses/policy_loss,-0.00030834833160042763,Pong1PCB2L336P__seed_8_1763344785
5906432,1-Training-Losses/policy_loss,4.60668234154582e-05,Pong1PCB2L336P__seed_8_1763344785
5910528,1-Training-Losses/policy_loss,-6.344681605696678e-05,Pong1PCB2L336P__seed_8_1763344785
5914624,1-Training-Losses/policy_loss,-0.000110298627987504,Pong1PCB2L336P__seed_8_1763344785
5918720,1-Training-Losses/policy_loss,-0.00012538349255919456,Pong1PCB2L336P__seed_8_1763344785
5922816,1-Training-Losses/policy_loss,3.470899537205696e-05,Pong1PCB2L336P__seed_8_1763344785
5926912,1-Training-Losses/policy_loss,-3.766873851418495e-05,Pong1PCB2L336P__seed_8_1763344785
5931008,1-Training-Losses/policy_loss,-0.00011964421719312668,Pong1PCB2L336P__seed_8_1763344785
5935104,1-Training-Losses/policy_loss,-0.00013090483844280243,Pong1PCB2L336P__seed_8_1763344785
5939200,1-Training-Losses/policy_loss,-1.0697171092033386e-05,Pong1PCB2L336P__seed_8_1763344785
5943296,1-Training-Losses/policy_loss,-0.00016927439719438553,Pong1PCB2L336P__seed_8_1763344785
5947392,1-Training-Losses/policy_loss,-5.404045805335045e-05,Pong1PCB2L336P__seed_8_1763344785
5951488,1-Training-Losses/policy_loss,-3.867154009640217e-05,Pong1PCB2L336P__seed_8_1763344785
5955584,1-Training-Losses/policy_loss,-5.866214632987976e-05,Pong1PCB2L336P__seed_8_1763344785
5959680,1-Training-Losses/policy_loss,-0.0003451928496360779,Pong1PCB2L336P__seed_8_1763344785
5963776,1-Training-Losses/policy_loss,-0.00025485805235803127,Pong1PCB2L336P__seed_8_1763344785
5967872,1-Training-Losses/policy_loss,-0.0010327044874429703,Pong1PCB2L336P__seed_8_1763344785
5971968,1-Training-Losses/policy_loss,-0.0007799300365149975,Pong1PCB2L336P__seed_8_1763344785
5976064,1-Training-Losses/policy_loss,0.0003147553652524948,Pong1PCB2L336P__seed_8_1763344785
5980160,1-Training-Losses/policy_loss,-0.00016751536168158054,Pong1PCB2L336P__seed_8_1763344785
5984256,1-Training-Losses/policy_loss,-8.871220052242279e-05,Pong1PCB2L336P__seed_8_1763344785
5988352,1-Training-Losses/policy_loss,-0.0004772762767970562,Pong1PCB2L336P__seed_8_1763344785
5992448,1-Training-Losses/policy_loss,0.00016360590234398842,Pong1PCB2L336P__seed_8_1763344785
5996544,1-Training-Losses/policy_loss,1.040194183588028e-05,Pong1PCB2L336P__seed_8_1763344785
6000640,1-Training-Losses/policy_loss,-0.0006540969479829073,Pong1PCB2L336P__seed_8_1763344785
6004736,1-Training-Losses/policy_loss,0.00016349460929632187,Pong1PCB2L336P__seed_8_1763344785
6008832,1-Training-Losses/policy_loss,-3.80445271730423e-05,Pong1PCB2L336P__seed_8_1763344785
6012928,1-Training-Losses/policy_loss,-6.012129597365856e-05,Pong1PCB2L336P__seed_8_1763344785
6017024,1-Training-Losses/policy_loss,-0.00010728556662797928,Pong1PCB2L336P__seed_8_1763344785
6021120,1-Training-Losses/policy_loss,-0.00017825327813625336,Pong1PCB2L336P__seed_8_1763344785
6025216,1-Training-Losses/policy_loss,-0.00025819987058639526,Pong1PCB2L336P__seed_8_1763344785
6029312,1-Training-Losses/policy_loss,5.582347512245178e-05,Pong1PCB2L336P__seed_8_1763344785
6033408,1-Training-Losses/policy_loss,-4.591234028339386e-05,Pong1PCB2L336P__seed_8_1763344785
6037504,1-Training-Losses/policy_loss,-0.00035822181962430477,Pong1PCB2L336P__seed_8_1763344785
6041600,1-Training-Losses/policy_loss,-0.00018793903291225433,Pong1PCB2L336P__seed_8_1763344785
6045696,1-Training-Losses/policy_loss,-0.00015833787620067596,Pong1PCB2L336P__seed_8_1763344785
6049792,1-Training-Losses/policy_loss,-0.00019178073853254318,Pong1PCB2L336P__seed_8_1763344785
6053888,1-Training-Losses/policy_loss,-0.00016375025734305382,Pong1PCB2L336P__seed_8_1763344785
6057984,1-Training-Losses/policy_loss,-0.0001878731418401003,Pong1PCB2L336P__seed_8_1763344785
6062080,1-Training-Losses/policy_loss,-6.942078471183777e-05,Pong1PCB2L336P__seed_8_1763344785
6066176,1-Training-Losses/policy_loss,-7.992004975676537e-05,Pong1PCB2L336P__seed_8_1763344785
6070272,1-Training-Losses/policy_loss,-0.00018285447731614113,Pong1PCB2L336P__seed_8_1763344785
6074368,1-Training-Losses/policy_loss,-0.00010466435924172401,Pong1PCB2L336P__seed_8_1763344785
6078464,1-Training-Losses/policy_loss,-8.047465234994888e-05,Pong1PCB2L336P__seed_8_1763344785
6082560,1-Training-Losses/policy_loss,-0.0004950924776494503,Pong1PCB2L336P__seed_8_1763344785
6086656,1-Training-Losses/policy_loss,-9.833485819399357e-05,Pong1PCB2L336P__seed_8_1763344785
6090752,1-Training-Losses/policy_loss,4.8159854486584663e-05,Pong1PCB2L336P__seed_8_1763344785
6094848,1-Training-Losses/policy_loss,-5.0556380301713943e-05,Pong1PCB2L336P__seed_8_1763344785
6098944,1-Training-Losses/policy_loss,-0.00011192634701728821,Pong1PCB2L336P__seed_8_1763344785
6103040,1-Training-Losses/policy_loss,-0.00032694428227841854,Pong1PCB2L336P__seed_8_1763344785
6107136,1-Training-Losses/policy_loss,-2.1154992282390594e-05,Pong1PCB2L336P__seed_8_1763344785
6111232,1-Training-Losses/policy_loss,6.223097443580627e-05,Pong1PCB2L336P__seed_8_1763344785
6115328,1-Training-Losses/policy_loss,-4.772655665874481e-05,Pong1PCB2L336P__seed_8_1763344785
6119424,1-Training-Losses/policy_loss,-0.00037697539664804935,Pong1PCB2L336P__seed_8_1763344785
6123520,1-Training-Losses/policy_loss,1.019984483718872e-05,Pong1PCB2L336P__seed_8_1763344785
6127616,1-Training-Losses/policy_loss,-5.685747601091862e-05,Pong1PCB2L336P__seed_8_1763344785
6131712,1-Training-Losses/policy_loss,-0.0002168063074350357,Pong1PCB2L336P__seed_8_1763344785
6135808,1-Training-Losses/policy_loss,-0.000207449309527874,Pong1PCB2L336P__seed_8_1763344785
6139904,1-Training-Losses/policy_loss,-0.00015315786004066467,Pong1PCB2L336P__seed_8_1763344785
6144000,1-Training-Losses/policy_loss,-0.0002254880964756012,Pong1PCB2L336P__seed_8_1763344785
6148096,1-Training-Losses/policy_loss,-0.0001405563671141863,Pong1PCB2L336P__seed_8_1763344785
6152192,1-Training-Losses/policy_loss,0.00011841580271720886,Pong1PCB2L336P__seed_8_1763344785
6156288,1-Training-Losses/policy_loss,-7.734540849924088e-05,Pong1PCB2L336P__seed_8_1763344785
6160384,1-Training-Losses/policy_loss,-0.00015900051221251488,Pong1PCB2L336P__seed_8_1763344785
6164480,1-Training-Losses/policy_loss,-5.2325427532196045e-05,Pong1PCB2L336P__seed_8_1763344785
6168576,1-Training-Losses/policy_loss,-0.00012979889288544655,Pong1PCB2L336P__seed_8_1763344785
6172672,1-Training-Losses/policy_loss,-0.00018984638154506683,Pong1PCB2L336P__seed_8_1763344785
6176768,1-Training-Losses/policy_loss,4.524365067481995e-06,Pong1PCB2L336P__seed_8_1763344785
6180864,1-Training-Losses/policy_loss,3.151618875563145e-05,Pong1PCB2L336P__seed_8_1763344785
6184960,1-Training-Losses/policy_loss,-0.00012189068365842104,Pong1PCB2L336P__seed_8_1763344785
6189056,1-Training-Losses/policy_loss,-9.850319474935532e-05,Pong1PCB2L336P__seed_8_1763344785
6193152,1-Training-Losses/policy_loss,-1.4077406376600266e-05,Pong1PCB2L336P__seed_8_1763344785
6197248,1-Training-Losses/policy_loss,-5.11854887008667e-05,Pong1PCB2L336P__seed_8_1763344785
6201344,1-Training-Losses/policy_loss,-0.00012911483645439148,Pong1PCB2L336P__seed_8_1763344785
6205440,1-Training-Losses/policy_loss,-6.252340972423553e-05,Pong1PCB2L336P__seed_8_1763344785
6209536,1-Training-Losses/policy_loss,-6.062164902687073e-05,Pong1PCB2L336P__seed_8_1763344785
6213632,1-Training-Losses/policy_loss,-6.215088069438934e-05,Pong1PCB2L336P__seed_8_1763344785
6217728,1-Training-Losses/policy_loss,2.6945257559418678e-05,Pong1PCB2L336P__seed_8_1763344785
6221824,1-Training-Losses/policy_loss,-3.153365105390549e-05,Pong1PCB2L336P__seed_8_1763344785
6225920,1-Training-Losses/policy_loss,-8.996296674013138e-05,Pong1PCB2L336P__seed_8_1763344785
6230016,1-Training-Losses/policy_loss,-5.5009499192237854e-05,Pong1PCB2L336P__seed_8_1763344785
6234112,1-Training-Losses/policy_loss,-3.3125514164566994e-05,Pong1PCB2L336P__seed_8_1763344785
6238208,1-Training-Losses/policy_loss,-2.095010131597519e-05,Pong1PCB2L336P__seed_8_1763344785
6242304,1-Training-Losses/policy_loss,-0.00022532185539603233,Pong1PCB2L336P__seed_8_1763344785
6246400,1-Training-Losses/policy_loss,8.500553667545319e-05,Pong1PCB2L336P__seed_8_1763344785
6250496,1-Training-Losses/policy_loss,-0.0004774210974574089,Pong1PCB2L336P__seed_8_1763344785
6254592,1-Training-Losses/policy_loss,8.90584196895361e-05,Pong1PCB2L336P__seed_8_1763344785
6258688,1-Training-Losses/policy_loss,2.4393200874328613e-05,Pong1PCB2L336P__seed_8_1763344785
6262784,1-Training-Losses/policy_loss,-0.0003477269783616066,Pong1PCB2L336P__seed_8_1763344785
6266880,1-Training-Losses/policy_loss,1.9857659935951233e-05,Pong1PCB2L336P__seed_8_1763344785
6270976,1-Training-Losses/policy_loss,-1.979246735572815e-05,Pong1PCB2L336P__seed_8_1763344785
6275072,1-Training-Losses/policy_loss,-0.00014017615467309952,Pong1PCB2L336P__seed_8_1763344785
6279168,1-Training-Losses/policy_loss,2.6849564164876938e-05,Pong1PCB2L336P__seed_8_1763344785
6283264,1-Training-Losses/policy_loss,-9.537395089864731e-05,Pong1PCB2L336P__seed_8_1763344785
6287360,1-Training-Losses/policy_loss,-6.39474019408226e-05,Pong1PCB2L336P__seed_8_1763344785
6291456,1-Training-Losses/policy_loss,5.201902240514755e-06,Pong1PCB2L336P__seed_8_1763344785
6295552,1-Training-Losses/policy_loss,-7.43083655834198e-05,Pong1PCB2L336P__seed_8_1763344785
6299648,1-Training-Losses/policy_loss,1.6087666153907776e-05,Pong1PCB2L336P__seed_8_1763344785
6303744,1-Training-Losses/policy_loss,-2.2238120436668396e-05,Pong1PCB2L336P__seed_8_1763344785
6307840,1-Training-Losses/policy_loss,-0.00013175420463085175,Pong1PCB2L336P__seed_8_1763344785
6311936,1-Training-Losses/policy_loss,-0.00010998593643307686,Pong1PCB2L336P__seed_8_1763344785
6316032,1-Training-Losses/policy_loss,8.742790669202805e-06,Pong1PCB2L336P__seed_8_1763344785
6320128,1-Training-Losses/policy_loss,-0.0002833055332303047,Pong1PCB2L336P__seed_8_1763344785
6324224,1-Training-Losses/policy_loss,8.747214451432228e-05,Pong1PCB2L336P__seed_8_1763344785
6328320,1-Training-Losses/policy_loss,-0.00011509470641613007,Pong1PCB2L336P__seed_8_1763344785
6332416,1-Training-Losses/policy_loss,-0.00014862790703773499,Pong1PCB2L336P__seed_8_1763344785
6336512,1-Training-Losses/policy_loss,-0.0001903099473565817,Pong1PCB2L336P__seed_8_1763344785
6340608,1-Training-Losses/policy_loss,-0.0001717759296298027,Pong1PCB2L336P__seed_8_1763344785
6344704,1-Training-Losses/policy_loss,-0.0001604165881872177,Pong1PCB2L336P__seed_8_1763344785
6348800,1-Training-Losses/policy_loss,-0.0004305317997932434,Pong1PCB2L336P__seed_8_1763344785
6352896,1-Training-Losses/policy_loss,-0.00031763501465320587,Pong1PCB2L336P__seed_8_1763344785
6356992,1-Training-Losses/policy_loss,0.0001333160325884819,Pong1PCB2L336P__seed_8_1763344785
6361088,1-Training-Losses/policy_loss,-0.00014287512749433517,Pong1PCB2L336P__seed_8_1763344785
6365184,1-Training-Losses/policy_loss,-2.5385990738868713e-05,Pong1PCB2L336P__seed_8_1763344785
6369280,1-Training-Losses/policy_loss,-3.5187695175409317e-06,Pong1PCB2L336P__seed_8_1763344785
6373376,1-Training-Losses/policy_loss,-0.0005482900887727737,Pong1PCB2L336P__seed_8_1763344785
6377472,1-Training-Losses/policy_loss,-0.0003093332052230835,Pong1PCB2L336P__seed_8_1763344785
6381568,1-Training-Losses/policy_loss,-0.0004598698578774929,Pong1PCB2L336P__seed_8_1763344785
6385664,1-Training-Losses/policy_loss,-0.00027391035109758377,Pong1PCB2L336P__seed_8_1763344785
6389760,1-Training-Losses/policy_loss,-0.00020559318363666534,Pong1PCB2L336P__seed_8_1763344785
6393856,1-Training-Losses/policy_loss,2.754759043455124e-05,Pong1PCB2L336P__seed_8_1763344785
6397952,1-Training-Losses/policy_loss,-3.16728837788105e-05,Pong1PCB2L336P__seed_8_1763344785
6402048,1-Training-Losses/policy_loss,-3.680214285850525e-05,Pong1PCB2L336P__seed_8_1763344785
6406144,1-Training-Losses/policy_loss,-2.8437236323952675e-05,Pong1PCB2L336P__seed_8_1763344785
6410240,1-Training-Losses/policy_loss,-0.0006799637340009212,Pong1PCB2L336P__seed_8_1763344785
6414336,1-Training-Losses/policy_loss,0.000128141138702631,Pong1PCB2L336P__seed_8_1763344785
6418432,1-Training-Losses/policy_loss,5.864538252353668e-06,Pong1PCB2L336P__seed_8_1763344785
6422528,1-Training-Losses/policy_loss,-0.0003122454509139061,Pong1PCB2L336P__seed_8_1763344785
6426624,1-Training-Losses/policy_loss,-9.915884584188461e-05,Pong1PCB2L336P__seed_8_1763344785
6430720,1-Training-Losses/policy_loss,2.3283064365386963e-08,Pong1PCB2L336P__seed_8_1763344785
6434816,1-Training-Losses/policy_loss,-0.0002793779131025076,Pong1PCB2L336P__seed_8_1763344785
6438912,1-Training-Losses/policy_loss,2.8691720217466354e-05,Pong1PCB2L336P__seed_8_1763344785
6443008,1-Training-Losses/policy_loss,-0.0002565360628068447,Pong1PCB2L336P__seed_8_1763344785
6447104,1-Training-Losses/policy_loss,-0.000864117406308651,Pong1PCB2L336P__seed_8_1763344785
6451200,1-Training-Losses/policy_loss,0.000341284554451704,Pong1PCB2L336P__seed_8_1763344785
6455296,1-Training-Losses/policy_loss,-3.606081008911133e-05,Pong1PCB2L336P__seed_8_1763344785
6459392,1-Training-Losses/policy_loss,-6.113946437835693e-05,Pong1PCB2L336P__seed_8_1763344785
6463488,1-Training-Losses/policy_loss,-0.00013063568621873856,Pong1PCB2L336P__seed_8_1763344785
6467584,1-Training-Losses/policy_loss,-0.00032928911969065666,Pong1PCB2L336P__seed_8_1763344785
6471680,1-Training-Losses/policy_loss,-5.22867776453495e-05,Pong1PCB2L336P__seed_8_1763344785
6475776,1-Training-Losses/policy_loss,-0.00013324525207281113,Pong1PCB2L336P__seed_8_1763344785
6479872,1-Training-Losses/policy_loss,3.381725400686264e-05,Pong1PCB2L336P__seed_8_1763344785
6483968,1-Training-Losses/policy_loss,-5.5913347750902176e-05,Pong1PCB2L336P__seed_8_1763344785
6488064,1-Training-Losses/policy_loss,-5.037849768996239e-05,Pong1PCB2L336P__seed_8_1763344785
6492160,1-Training-Losses/policy_loss,-0.0003644907847046852,Pong1PCB2L336P__seed_8_1763344785
6496256,1-Training-Losses/policy_loss,-4.168599843978882e-06,Pong1PCB2L336P__seed_8_1763344785
6500352,1-Training-Losses/policy_loss,-0.0002464139834046364,Pong1PCB2L336P__seed_8_1763344785
6504448,1-Training-Losses/policy_loss,-0.000263419933617115,Pong1PCB2L336P__seed_8_1763344785
6508544,1-Training-Losses/policy_loss,-0.00021335226483643055,Pong1PCB2L336P__seed_8_1763344785
6512640,1-Training-Losses/policy_loss,1.7810845747590065e-05,Pong1PCB2L336P__seed_8_1763344785
6516736,1-Training-Losses/policy_loss,-0.00045458879321813583,Pong1PCB2L336P__seed_8_1763344785
6520832,1-Training-Losses/policy_loss,-0.000373239628970623,Pong1PCB2L336P__seed_8_1763344785
6524928,1-Training-Losses/policy_loss,-5.9194862842559814e-06,Pong1PCB2L336P__seed_8_1763344785
6529024,1-Training-Losses/policy_loss,4.205387085676193e-05,Pong1PCB2L336P__seed_8_1763344785
6533120,1-Training-Losses/policy_loss,-0.00024866359308362007,Pong1PCB2L336P__seed_8_1763344785
6537216,1-Training-Losses/policy_loss,-0.0012852209620177746,Pong1PCB2L336P__seed_8_1763344785
6541312,1-Training-Losses/policy_loss,3.675650805234909e-05,Pong1PCB2L336P__seed_8_1763344785
6545408,1-Training-Losses/policy_loss,-0.00013422779738903046,Pong1PCB2L336P__seed_8_1763344785
6549504,1-Training-Losses/policy_loss,-0.00010015815496444702,Pong1PCB2L336P__seed_8_1763344785
6553600,1-Training-Losses/policy_loss,-0.00011726794764399529,Pong1PCB2L336P__seed_8_1763344785
6557696,1-Training-Losses/policy_loss,-0.00031470414251089096,Pong1PCB2L336P__seed_8_1763344785
6561792,1-Training-Losses/policy_loss,-8.354918099939823e-05,Pong1PCB2L336P__seed_8_1763344785
6565888,1-Training-Losses/policy_loss,-0.00021323002874851227,Pong1PCB2L336P__seed_8_1763344785
6569984,1-Training-Losses/policy_loss,-0.00018479395657777786,Pong1PCB2L336P__seed_8_1763344785
6574080,1-Training-Losses/policy_loss,5.957204848527908e-06,Pong1PCB2L336P__seed_8_1763344785
6578176,1-Training-Losses/policy_loss,-0.00011406978592276573,Pong1PCB2L336P__seed_8_1763344785
6582272,1-Training-Losses/policy_loss,-0.000598435290157795,Pong1PCB2L336P__seed_8_1763344785
6586368,1-Training-Losses/policy_loss,0.00011381227523088455,Pong1PCB2L336P__seed_8_1763344785
6590464,1-Training-Losses/policy_loss,6.064772605895996e-05,Pong1PCB2L336P__seed_8_1763344785
6594560,1-Training-Losses/policy_loss,-0.00014259107410907745,Pong1PCB2L336P__seed_8_1763344785
6598656,1-Training-Losses/policy_loss,-0.00033282162621617317,Pong1PCB2L336P__seed_8_1763344785
6602752,1-Training-Losses/policy_loss,-0.0003198874182999134,Pong1PCB2L336P__seed_8_1763344785
6606848,1-Training-Losses/policy_loss,-3.261747770011425e-05,Pong1PCB2L336P__seed_8_1763344785
6610944,1-Training-Losses/policy_loss,-0.0003978600725531578,Pong1PCB2L336P__seed_8_1763344785
6615040,1-Training-Losses/policy_loss,-6.206240504980087e-05,Pong1PCB2L336P__seed_8_1763344785
6619136,1-Training-Losses/policy_loss,-0.00015831668861210346,Pong1PCB2L336P__seed_8_1763344785
6623232,1-Training-Losses/policy_loss,-0.0005051065236330032,Pong1PCB2L336P__seed_8_1763344785
6627328,1-Training-Losses/policy_loss,1.8491409718990326e-06,Pong1PCB2L336P__seed_8_1763344785
6631424,1-Training-Losses/policy_loss,-0.0003875289112329483,Pong1PCB2L336P__seed_8_1763344785
6635520,1-Training-Losses/policy_loss,0.000147263053804636,Pong1PCB2L336P__seed_8_1763344785
6639616,1-Training-Losses/policy_loss,1.898501068353653e-06,Pong1PCB2L336P__seed_8_1763344785
6643712,1-Training-Losses/policy_loss,-7.785949856042862e-05,Pong1PCB2L336P__seed_8_1763344785
6647808,1-Training-Losses/policy_loss,-5.4523348808288574e-05,Pong1PCB2L336P__seed_8_1763344785
6651904,1-Training-Losses/policy_loss,-0.0005692522972822189,Pong1PCB2L336P__seed_8_1763344785
6656000,1-Training-Losses/policy_loss,-3.902055323123932e-05,Pong1PCB2L336P__seed_8_1763344785
6660096,1-Training-Losses/policy_loss,-2.616620622575283e-05,Pong1PCB2L336P__seed_8_1763344785
6664192,1-Training-Losses/policy_loss,-1.6179867088794708e-05,Pong1PCB2L336P__seed_8_1763344785
6668288,1-Training-Losses/policy_loss,8.568167686462402e-07,Pong1PCB2L336P__seed_8_1763344785
6672384,1-Training-Losses/policy_loss,-0.00015719514340162277,Pong1PCB2L336P__seed_8_1763344785
6676480,1-Training-Losses/policy_loss,-0.0005674529820680618,Pong1PCB2L336P__seed_8_1763344785
6680576,1-Training-Losses/policy_loss,8.17757099866867e-05,Pong1PCB2L336P__seed_8_1763344785
6684672,1-Training-Losses/policy_loss,-0.00031329039484262466,Pong1PCB2L336P__seed_8_1763344785
6688768,1-Training-Losses/policy_loss,-0.00046960916370153427,Pong1PCB2L336P__seed_8_1763344785
6692864,1-Training-Losses/policy_loss,-9.357184171676636e-05,Pong1PCB2L336P__seed_8_1763344785
6696960,1-Training-Losses/policy_loss,-0.0008209436200559139,Pong1PCB2L336P__seed_8_1763344785
6701056,1-Training-Losses/policy_loss,0.00029073539189994335,Pong1PCB2L336P__seed_8_1763344785
6705152,1-Training-Losses/policy_loss,-0.00010735262185335159,Pong1PCB2L336P__seed_8_1763344785
6709248,1-Training-Losses/policy_loss,-0.000690491171553731,Pong1PCB2L336P__seed_8_1763344785
6713344,1-Training-Losses/policy_loss,-5.026627331972122e-05,Pong1PCB2L336P__seed_8_1763344785
6717440,1-Training-Losses/policy_loss,-0.00025961175560951233,Pong1PCB2L336P__seed_8_1763344785
6721536,1-Training-Losses/policy_loss,-0.0009326441213488579,Pong1PCB2L336P__seed_8_1763344785
6725632,1-Training-Losses/policy_loss,9.26721841096878e-05,Pong1PCB2L336P__seed_8_1763344785
6729728,1-Training-Losses/policy_loss,-0.0002760430797934532,Pong1PCB2L336P__seed_8_1763344785
6733824,1-Training-Losses/policy_loss,-0.00011998740956187248,Pong1PCB2L336P__seed_8_1763344785
6737920,1-Training-Losses/policy_loss,-0.0002632926916703582,Pong1PCB2L336P__seed_8_1763344785
6742016,1-Training-Losses/policy_loss,-0.00020692963153123856,Pong1PCB2L336P__seed_8_1763344785
6746112,1-Training-Losses/policy_loss,-9.149499237537384e-05,Pong1PCB2L336P__seed_8_1763344785
6750208,1-Training-Losses/policy_loss,-0.0005507124587893486,Pong1PCB2L336P__seed_8_1763344785
6754304,1-Training-Losses/policy_loss,-0.00028594210743904114,Pong1PCB2L336P__seed_8_1763344785
6758400,1-Training-Losses/policy_loss,3.709644079208374e-05,Pong1PCB2L336P__seed_8_1763344785
6762496,1-Training-Losses/policy_loss,-5.9983693063259125e-05,Pong1PCB2L336P__seed_8_1763344785
6766592,1-Training-Losses/policy_loss,-3.42060811817646e-05,Pong1PCB2L336P__seed_8_1763344785
6770688,1-Training-Losses/policy_loss,-0.00024363631382584572,Pong1PCB2L336P__seed_8_1763344785
6774784,1-Training-Losses/policy_loss,7.78883695602417e-05,Pong1PCB2L336P__seed_8_1763344785
6778880,1-Training-Losses/policy_loss,-0.0001778099685907364,Pong1PCB2L336P__seed_8_1763344785
6782976,1-Training-Losses/policy_loss,-0.0005409140139818192,Pong1PCB2L336P__seed_8_1763344785
6787072,1-Training-Losses/policy_loss,0.00018989061936736107,Pong1PCB2L336P__seed_8_1763344785
6791168,1-Training-Losses/policy_loss,-3.103259950876236e-05,Pong1PCB2L336P__seed_8_1763344785
6795264,1-Training-Losses/policy_loss,-0.0010197730734944344,Pong1PCB2L336P__seed_8_1763344785
6799360,1-Training-Losses/policy_loss,0.00017945049330592155,Pong1PCB2L336P__seed_8_1763344785
6803456,1-Training-Losses/policy_loss,-7.868488319218159e-05,Pong1PCB2L336P__seed_8_1763344785
6807552,1-Training-Losses/policy_loss,-3.390852361917496e-05,Pong1PCB2L336P__seed_8_1763344785
6811648,1-Training-Losses/policy_loss,-7.017422467470169e-05,Pong1PCB2L336P__seed_8_1763344785
6815744,1-Training-Losses/policy_loss,-8.396990597248077e-05,Pong1PCB2L336P__seed_8_1763344785
6819840,1-Training-Losses/policy_loss,-0.0001620347611606121,Pong1PCB2L336P__seed_8_1763344785
6823936,1-Training-Losses/policy_loss,-0.0001652240753173828,Pong1PCB2L336P__seed_8_1763344785
6828032,1-Training-Losses/policy_loss,-3.32430936396122e-05,Pong1PCB2L336P__seed_8_1763344785
6832128,1-Training-Losses/policy_loss,-0.0003501330502331257,Pong1PCB2L336P__seed_8_1763344785
6836224,1-Training-Losses/policy_loss,-0.0003422098234295845,Pong1PCB2L336P__seed_8_1763344785
6840320,1-Training-Losses/policy_loss,1.386646181344986e-05,Pong1PCB2L336P__seed_8_1763344785
6844416,1-Training-Losses/policy_loss,-0.0003165355883538723,Pong1PCB2L336P__seed_8_1763344785
6848512,1-Training-Losses/policy_loss,-0.0006015822291374207,Pong1PCB2L336P__seed_8_1763344785
6852608,1-Training-Losses/policy_loss,-0.00036196038126945496,Pong1PCB2L336P__seed_8_1763344785
6856704,1-Training-Losses/policy_loss,-0.0001736984122544527,Pong1PCB2L336P__seed_8_1763344785
6860800,1-Training-Losses/policy_loss,-0.0002637137658894062,Pong1PCB2L336P__seed_8_1763344785
6864896,1-Training-Losses/policy_loss,4.0162354707717896e-05,Pong1PCB2L336P__seed_8_1763344785
6868992,1-Training-Losses/policy_loss,-6.62882812321186e-05,Pong1PCB2L336P__seed_8_1763344785
6873088,1-Training-Losses/policy_loss,-0.0009953072294592857,Pong1PCB2L336P__seed_8_1763344785
6877184,1-Training-Losses/policy_loss,-0.00026869308203458786,Pong1PCB2L336P__seed_8_1763344785
6881280,1-Training-Losses/policy_loss,1.1550262570381165e-05,Pong1PCB2L336P__seed_8_1763344785
6885376,1-Training-Losses/policy_loss,-9.8393764346838e-05,Pong1PCB2L336P__seed_8_1763344785
6889472,1-Training-Losses/policy_loss,-0.00031754467636346817,Pong1PCB2L336P__seed_8_1763344785
6893568,1-Training-Losses/policy_loss,-8.900091052055359e-05,Pong1PCB2L336P__seed_8_1763344785
6897664,1-Training-Losses/policy_loss,-0.00016918405890464783,Pong1PCB2L336P__seed_8_1763344785
6901760,1-Training-Losses/policy_loss,-0.0003677625209093094,Pong1PCB2L336P__seed_8_1763344785
6905856,1-Training-Losses/policy_loss,0.0001045912504196167,Pong1PCB2L336P__seed_8_1763344785
6909952,1-Training-Losses/policy_loss,-2.2339168936014175e-05,Pong1PCB2L336P__seed_8_1763344785
6914048,1-Training-Losses/policy_loss,-0.00021558068692684174,Pong1PCB2L336P__seed_8_1763344785
6918144,1-Training-Losses/policy_loss,-4.550209268927574e-05,Pong1PCB2L336P__seed_8_1763344785
6922240,1-Training-Losses/policy_loss,-4.8898160457611084e-05,Pong1PCB2L336P__seed_8_1763344785
6926336,1-Training-Losses/policy_loss,-0.00016319844871759415,Pong1PCB2L336P__seed_8_1763344785
6930432,1-Training-Losses/policy_loss,-0.0002972283400595188,Pong1PCB2L336P__seed_8_1763344785
6934528,1-Training-Losses/policy_loss,-0.00018390431068837643,Pong1PCB2L336P__seed_8_1763344785
6938624,1-Training-Losses/policy_loss,8.564162999391556e-05,Pong1PCB2L336P__seed_8_1763344785
6942720,1-Training-Losses/policy_loss,-9.208172559738159e-05,Pong1PCB2L336P__seed_8_1763344785
6946816,1-Training-Losses/policy_loss,-7.103802636265755e-05,Pong1PCB2L336P__seed_8_1763344785
6950912,1-Training-Losses/policy_loss,-6.738118827342987e-05,Pong1PCB2L336P__seed_8_1763344785
6955008,1-Training-Losses/policy_loss,-7.67870806157589e-05,Pong1PCB2L336P__seed_8_1763344785
6959104,1-Training-Losses/policy_loss,-1.2841075658798218e-05,Pong1PCB2L336P__seed_8_1763344785
6963200,1-Training-Losses/policy_loss,-4.782341420650482e-05,Pong1PCB2L336P__seed_8_1763344785
6967296,1-Training-Losses/policy_loss,-9.148381650447845e-05,Pong1PCB2L336P__seed_8_1763344785
6971392,1-Training-Losses/policy_loss,-1.241639256477356e-05,Pong1PCB2L336P__seed_8_1763344785
6975488,1-Training-Losses/policy_loss,-3.9040111005306244e-05,Pong1PCB2L336P__seed_8_1763344785
6979584,1-Training-Losses/policy_loss,-9.109592065215111e-05,Pong1PCB2L336P__seed_8_1763344785
6983680,1-Training-Losses/policy_loss,-5.950033664703369e-05,Pong1PCB2L336P__seed_8_1763344785
6987776,1-Training-Losses/policy_loss,-0.0001462399959564209,Pong1PCB2L336P__seed_8_1763344785
6991872,1-Training-Losses/policy_loss,-0.000510921236127615,Pong1PCB2L336P__seed_8_1763344785
6995968,1-Training-Losses/policy_loss,0.0001550484448671341,Pong1PCB2L336P__seed_8_1763344785
7000064,1-Training-Losses/policy_loss,-0.0006684707477688789,Pong1PCB2L336P__seed_8_1763344785
7004160,1-Training-Losses/policy_loss,7.10231252014637e-05,Pong1PCB2L336P__seed_8_1763344785
7008256,1-Training-Losses/policy_loss,-1.5056459233164787e-05,Pong1PCB2L336P__seed_8_1763344785
7012352,1-Training-Losses/policy_loss,-0.00048469891771674156,Pong1PCB2L336P__seed_8_1763344785
7016448,1-Training-Losses/policy_loss,-0.0003641066141426563,Pong1PCB2L336P__seed_8_1763344785
7020544,1-Training-Losses/policy_loss,-0.00022134650498628616,Pong1PCB2L336P__seed_8_1763344785
7024640,1-Training-Losses/policy_loss,0.00012137088924646378,Pong1PCB2L336P__seed_8_1763344785
7028736,1-Training-Losses/policy_loss,-2.707540988922119e-05,Pong1PCB2L336P__seed_8_1763344785
7032832,1-Training-Losses/policy_loss,-0.00016260240226984024,Pong1PCB2L336P__seed_8_1763344785
7036928,1-Training-Losses/policy_loss,-7.960479706525803e-05,Pong1PCB2L336P__seed_8_1763344785
7041024,1-Training-Losses/policy_loss,4.675425589084625e-05,Pong1PCB2L336P__seed_8_1763344785
7045120,1-Training-Losses/policy_loss,-0.00016961037181317806,Pong1PCB2L336P__seed_8_1763344785
7049216,1-Training-Losses/policy_loss,-5.2288174629211426e-05,Pong1PCB2L336P__seed_8_1763344785
7053312,1-Training-Losses/policy_loss,-7.050111889839172e-05,Pong1PCB2L336P__seed_8_1763344785
7057408,1-Training-Losses/policy_loss,-2.381717786192894e-05,Pong1PCB2L336P__seed_8_1763344785
7061504,1-Training-Losses/policy_loss,-3.0155759304761887e-05,Pong1PCB2L336P__seed_8_1763344785
7065600,1-Training-Losses/policy_loss,-0.00018336810171604156,Pong1PCB2L336P__seed_8_1763344785
7069696,1-Training-Losses/policy_loss,-0.00019266805611550808,Pong1PCB2L336P__seed_8_1763344785
7073792,1-Training-Losses/policy_loss,-0.0005855876952409744,Pong1PCB2L336P__seed_8_1763344785
7077888,1-Training-Losses/policy_loss,0.0001066727563738823,Pong1PCB2L336P__seed_8_1763344785
7081984,1-Training-Losses/policy_loss,-0.00034731440246105194,Pong1PCB2L336P__seed_8_1763344785
7086080,1-Training-Losses/policy_loss,-0.0006513996049761772,Pong1PCB2L336P__seed_8_1763344785
7090176,1-Training-Losses/policy_loss,-2.8987880796194077e-05,Pong1PCB2L336P__seed_8_1763344785
7094272,1-Training-Losses/policy_loss,-0.0001235567033290863,Pong1PCB2L336P__seed_8_1763344785
7098368,1-Training-Losses/policy_loss,-0.00012254156172275543,Pong1PCB2L336P__seed_8_1763344785
7102464,1-Training-Losses/policy_loss,-2.127140760421753e-06,Pong1PCB2L336P__seed_8_1763344785
7106560,1-Training-Losses/policy_loss,-5.8317556977272034e-05,Pong1PCB2L336P__seed_8_1763344785
7110656,1-Training-Losses/policy_loss,-1.3354700058698654e-05,Pong1PCB2L336P__seed_8_1763344785
7114752,1-Training-Losses/policy_loss,-0.00015760958194732666,Pong1PCB2L336P__seed_8_1763344785
7118848,1-Training-Losses/policy_loss,-0.0002553267404437065,Pong1PCB2L336P__seed_8_1763344785
7122944,1-Training-Losses/policy_loss,-8.060969412326813e-05,Pong1PCB2L336P__seed_8_1763344785
7127040,1-Training-Losses/policy_loss,-0.00041917525231838226,Pong1PCB2L336P__seed_8_1763344785
7131136,1-Training-Losses/policy_loss,-7.80625268816948e-05,Pong1PCB2L336P__seed_8_1763344785
7135232,1-Training-Losses/policy_loss,-0.0002438873052597046,Pong1PCB2L336P__seed_8_1763344785
7139328,1-Training-Losses/policy_loss,-0.0006029019132256508,Pong1PCB2L336P__seed_8_1763344785
7143424,1-Training-Losses/policy_loss,-0.0005078320391476154,Pong1PCB2L336P__seed_8_1763344785
7147520,1-Training-Losses/policy_loss,8.470658212900162e-05,Pong1PCB2L336P__seed_8_1763344785
7151616,1-Training-Losses/policy_loss,-8.427910506725311e-05,Pong1PCB2L336P__seed_8_1763344785
7155712,1-Training-Losses/policy_loss,-0.00010022008791565895,Pong1PCB2L336P__seed_8_1763344785
7159808,1-Training-Losses/policy_loss,-0.0007636444643139839,Pong1PCB2L336P__seed_8_1763344785
7163904,1-Training-Losses/policy_loss,-0.000325152650475502,Pong1PCB2L336P__seed_8_1763344785
7168000,1-Training-Losses/policy_loss,-0.0003313235938549042,Pong1PCB2L336P__seed_8_1763344785
7172096,1-Training-Losses/policy_loss,-0.0003155467566102743,Pong1PCB2L336P__seed_8_1763344785
7176192,1-Training-Losses/policy_loss,-0.00012768246233463287,Pong1PCB2L336P__seed_8_1763344785
7180288,1-Training-Losses/policy_loss,-6.325403228402138e-05,Pong1PCB2L336P__seed_8_1763344785
7184384,1-Training-Losses/policy_loss,-0.0004514992469921708,Pong1PCB2L336P__seed_8_1763344785
7188480,1-Training-Losses/policy_loss,4.665181040763855e-05,Pong1PCB2L336P__seed_8_1763344785
7192576,1-Training-Losses/policy_loss,-2.2705644369125366e-06,Pong1PCB2L336P__seed_8_1763344785
7196672,1-Training-Losses/policy_loss,-0.0006563854403793812,Pong1PCB2L336P__seed_8_1763344785
7200768,1-Training-Losses/policy_loss,2.304092049598694e-06,Pong1PCB2L336P__seed_8_1763344785
7204864,1-Training-Losses/policy_loss,-7.363967597484589e-05,Pong1PCB2L336P__seed_8_1763344785
7208960,1-Training-Losses/policy_loss,-5.1700975745916367e-05,Pong1PCB2L336P__seed_8_1763344785
7213056,1-Training-Losses/policy_loss,-0.00010927021503448486,Pong1PCB2L336P__seed_8_1763344785
7217152,1-Training-Losses/policy_loss,3.621727228164673e-05,Pong1PCB2L336P__seed_8_1763344785
7221248,1-Training-Losses/policy_loss,-4.137004725635052e-05,Pong1PCB2L336P__seed_8_1763344785
7225344,1-Training-Losses/policy_loss,-3.3173710107803345e-06,Pong1PCB2L336P__seed_8_1763344785
7229440,1-Training-Losses/policy_loss,-0.00023361947387456894,Pong1PCB2L336P__seed_8_1763344785
7233536,1-Training-Losses/policy_loss,-5.084555596113205e-05,Pong1PCB2L336P__seed_8_1763344785
7237632,1-Training-Losses/policy_loss,-7.005361840128899e-05,Pong1PCB2L336P__seed_8_1763344785
7241728,1-Training-Losses/policy_loss,-7.5499527156353e-05,Pong1PCB2L336P__seed_8_1763344785
7245824,1-Training-Losses/policy_loss,-0.0002676500007510185,Pong1PCB2L336P__seed_8_1763344785
7249920,1-Training-Losses/policy_loss,-0.00025851093232631683,Pong1PCB2L336P__seed_8_1763344785
7254016,1-Training-Losses/policy_loss,-0.00024699000641703606,Pong1PCB2L336P__seed_8_1763344785
7258112,1-Training-Losses/policy_loss,1.7238780856132507e-05,Pong1PCB2L336P__seed_8_1763344785
7262208,1-Training-Losses/policy_loss,9.448733180761337e-06,Pong1PCB2L336P__seed_8_1763344785
7266304,1-Training-Losses/policy_loss,-5.284789949655533e-05,Pong1PCB2L336P__seed_8_1763344785
7270400,1-Training-Losses/policy_loss,-1.1976808309555054e-05,Pong1PCB2L336P__seed_8_1763344785
7274496,1-Training-Losses/policy_loss,-3.6094337701797485e-05,Pong1PCB2L336P__seed_8_1763344785
7278592,1-Training-Losses/policy_loss,-0.00021286995615810156,Pong1PCB2L336P__seed_8_1763344785
7282688,1-Training-Losses/policy_loss,2.46330164372921e-05,Pong1PCB2L336P__seed_8_1763344785
7286784,1-Training-Losses/policy_loss,-5.5594369769096375e-05,Pong1PCB2L336P__seed_8_1763344785
7290880,1-Training-Losses/policy_loss,-0.0001164805144071579,Pong1PCB2L336P__seed_8_1763344785
7294976,1-Training-Losses/policy_loss,-6.313435733318329e-05,Pong1PCB2L336P__seed_8_1763344785
7299072,1-Training-Losses/policy_loss,-0.00017013400793075562,Pong1PCB2L336P__seed_8_1763344785
7303168,1-Training-Losses/policy_loss,-1.1879950761795044e-05,Pong1PCB2L336P__seed_8_1763344785
7307264,1-Training-Losses/policy_loss,-1.1625932529568672e-05,Pong1PCB2L336P__seed_8_1763344785
7311360,1-Training-Losses/policy_loss,-1.9496306777000427e-05,Pong1PCB2L336P__seed_8_1763344785
7315456,1-Training-Losses/policy_loss,-8.411984890699387e-05,Pong1PCB2L336P__seed_8_1763344785
7319552,1-Training-Losses/policy_loss,-3.0026771128177643e-05,Pong1PCB2L336P__seed_8_1763344785
7323648,1-Training-Losses/policy_loss,-6.305845454335213e-05,Pong1PCB2L336P__seed_8_1763344785
7327744,1-Training-Losses/policy_loss,-4.763249307870865e-05,Pong1PCB2L336P__seed_8_1763344785
7331840,1-Training-Losses/policy_loss,-0.00011906272266060114,Pong1PCB2L336P__seed_8_1763344785
7335936,1-Training-Losses/policy_loss,-0.0001550843007862568,Pong1PCB2L336P__seed_8_1763344785
7340032,1-Training-Losses/policy_loss,-0.0001361072063446045,Pong1PCB2L336P__seed_8_1763344785
7344128,1-Training-Losses/policy_loss,-0.00014604174066334963,Pong1PCB2L336P__seed_8_1763344785
7348224,1-Training-Losses/policy_loss,-6.777350790798664e-05,Pong1PCB2L336P__seed_8_1763344785
7352320,1-Training-Losses/policy_loss,3.632763400673866e-05,Pong1PCB2L336P__seed_8_1763344785
7356416,1-Training-Losses/policy_loss,-2.009328454732895e-05,Pong1PCB2L336P__seed_8_1763344785
7360512,1-Training-Losses/policy_loss,-0.0002859674859791994,Pong1PCB2L336P__seed_8_1763344785
7364608,1-Training-Losses/policy_loss,-0.00027963146567344666,Pong1PCB2L336P__seed_8_1763344785
7368704,1-Training-Losses/policy_loss,-6.326939910650253e-06,Pong1PCB2L336P__seed_8_1763344785
7372800,1-Training-Losses/policy_loss,-9.30149108171463e-05,Pong1PCB2L336P__seed_8_1763344785
7376896,1-Training-Losses/policy_loss,-6.50426372885704e-05,Pong1PCB2L336P__seed_8_1763344785
7380992,1-Training-Losses/policy_loss,-1.774681732058525e-05,Pong1PCB2L336P__seed_8_1763344785
7385088,1-Training-Losses/policy_loss,-6.279908120632172e-06,Pong1PCB2L336P__seed_8_1763344785
7389184,1-Training-Losses/policy_loss,-3.032013773918152e-05,Pong1PCB2L336P__seed_8_1763344785
7393280,1-Training-Losses/policy_loss,-2.727936953306198e-05,Pong1PCB2L336P__seed_8_1763344785
7397376,1-Training-Losses/policy_loss,-7.82734714448452e-05,Pong1PCB2L336P__seed_8_1763344785
7401472,1-Training-Losses/policy_loss,-0.0004014461301267147,Pong1PCB2L336P__seed_8_1763344785
7405568,1-Training-Losses/policy_loss,0.00012023840099573135,Pong1PCB2L336P__seed_8_1763344785
7409664,1-Training-Losses/policy_loss,-6.383424624800682e-05,Pong1PCB2L336P__seed_8_1763344785
7413760,1-Training-Losses/policy_loss,3.0339229851961136e-05,Pong1PCB2L336P__seed_8_1763344785
7417856,1-Training-Losses/policy_loss,-0.00010773888789117336,Pong1PCB2L336P__seed_8_1763344785
7421952,1-Training-Losses/policy_loss,-8.512171916663647e-05,Pong1PCB2L336P__seed_8_1763344785
7426048,1-Training-Losses/policy_loss,-0.00010880641639232635,Pong1PCB2L336P__seed_8_1763344785
7430144,1-Training-Losses/policy_loss,-6.644940003752708e-05,Pong1PCB2L336P__seed_8_1763344785
7434240,1-Training-Losses/policy_loss,-0.00010112440213561058,Pong1PCB2L336P__seed_8_1763344785
7438336,1-Training-Losses/policy_loss,-3.352668136358261e-05,Pong1PCB2L336P__seed_8_1763344785
7442432,1-Training-Losses/policy_loss,-9.705498814582825e-05,Pong1PCB2L336P__seed_8_1763344785
7446528,1-Training-Losses/policy_loss,-0.00017511274199932814,Pong1PCB2L336P__seed_8_1763344785
7450624,1-Training-Losses/policy_loss,-9.840726852416992e-05,Pong1PCB2L336P__seed_8_1763344785
7454720,1-Training-Losses/policy_loss,-0.00029861554503440857,Pong1PCB2L336P__seed_8_1763344785
7458816,1-Training-Losses/policy_loss,-0.00026773102581501007,Pong1PCB2L336P__seed_8_1763344785
7462912,1-Training-Losses/policy_loss,-7.052812725305557e-05,Pong1PCB2L336P__seed_8_1763344785
7467008,1-Training-Losses/policy_loss,-7.352931424975395e-05,Pong1PCB2L336P__seed_8_1763344785
7471104,1-Training-Losses/policy_loss,-8.032098412513733e-05,Pong1PCB2L336P__seed_8_1763344785
7475200,1-Training-Losses/policy_loss,-6.021559238433838e-05,Pong1PCB2L336P__seed_8_1763344785
7479296,1-Training-Losses/policy_loss,-0.00015866104513406754,Pong1PCB2L336P__seed_8_1763344785
7483392,1-Training-Losses/policy_loss,-0.0003796238452196121,Pong1PCB2L336P__seed_8_1763344785
7487488,1-Training-Losses/policy_loss,-5.129724740982056e-06,Pong1PCB2L336P__seed_8_1763344785
7491584,1-Training-Losses/policy_loss,4.856381565332413e-05,Pong1PCB2L336P__seed_8_1763344785
7495680,1-Training-Losses/policy_loss,-3.7072692066431046e-05,Pong1PCB2L336P__seed_8_1763344785
7499776,1-Training-Losses/policy_loss,-0.0004638936370611191,Pong1PCB2L336P__seed_8_1763344785
7503872,1-Training-Losses/policy_loss,7.243221625685692e-05,Pong1PCB2L336P__seed_8_1763344785
7507968,1-Training-Losses/policy_loss,-1.5964731574058533e-05,Pong1PCB2L336P__seed_8_1763344785
7512064,1-Training-Losses/policy_loss,-0.0003454536199569702,Pong1PCB2L336P__seed_8_1763344785
7516160,1-Training-Losses/policy_loss,-0.00011893501505255699,Pong1PCB2L336P__seed_8_1763344785
7520256,1-Training-Losses/policy_loss,-1.5191268175840378e-05,Pong1PCB2L336P__seed_8_1763344785
7524352,1-Training-Losses/policy_loss,-4.025525413453579e-05,Pong1PCB2L336P__seed_8_1763344785
7528448,1-Training-Losses/policy_loss,-7.038284093141556e-05,Pong1PCB2L336P__seed_8_1763344785
7532544,1-Training-Losses/policy_loss,-0.00010123103857040405,Pong1PCB2L336P__seed_8_1763344785
7536640,1-Training-Losses/policy_loss,-6.234226748347282e-05,Pong1PCB2L336P__seed_8_1763344785
7540736,1-Training-Losses/policy_loss,-3.2864976674318314e-05,Pong1PCB2L336P__seed_8_1763344785
7544832,1-Training-Losses/policy_loss,-0.0001122690737247467,Pong1PCB2L336P__seed_8_1763344785
7548928,1-Training-Losses/policy_loss,-0.00030281441286206245,Pong1PCB2L336P__seed_8_1763344785
7553024,1-Training-Losses/policy_loss,-4.7472305595874786e-05,Pong1PCB2L336P__seed_8_1763344785
7557120,1-Training-Losses/policy_loss,-4.337402060627937e-05,Pong1PCB2L336P__seed_8_1763344785
7561216,1-Training-Losses/policy_loss,-3.7411926314234734e-05,Pong1PCB2L336P__seed_8_1763344785
7565312,1-Training-Losses/policy_loss,-0.00012136809527873993,Pong1PCB2L336P__seed_8_1763344785
7569408,1-Training-Losses/policy_loss,-0.00023258663713932037,Pong1PCB2L336P__seed_8_1763344785
7573504,1-Training-Losses/policy_loss,4.9021560698747635e-05,Pong1PCB2L336P__seed_8_1763344785
7577600,1-Training-Losses/policy_loss,-0.00018872134387493134,Pong1PCB2L336P__seed_8_1763344785
7581696,1-Training-Losses/policy_loss,3.4824246540665627e-05,Pong1PCB2L336P__seed_8_1763344785
7585792,1-Training-Losses/policy_loss,-4.1173771023750305e-05,Pong1PCB2L336P__seed_8_1763344785
7589888,1-Training-Losses/policy_loss,-0.00011909357272088528,Pong1PCB2L336P__seed_8_1763344785
7593984,1-Training-Losses/policy_loss,5.8244913816452026e-05,Pong1PCB2L336P__seed_8_1763344785
7598080,1-Training-Losses/policy_loss,-0.00010853423736989498,Pong1PCB2L336P__seed_8_1763344785
7602176,1-Training-Losses/policy_loss,-5.569867789745331e-05,Pong1PCB2L336P__seed_8_1763344785
7606272,1-Training-Losses/policy_loss,-7.706228643655777e-05,Pong1PCB2L336P__seed_8_1763344785
7610368,1-Training-Losses/policy_loss,-8.92486423254013e-05,Pong1PCB2L336P__seed_8_1763344785
7614464,1-Training-Losses/policy_loss,-9.208545088768005e-05,Pong1PCB2L336P__seed_8_1763344785
7618560,1-Training-Losses/policy_loss,-0.0002677571028470993,Pong1PCB2L336P__seed_8_1763344785
7622656,1-Training-Losses/policy_loss,1.5934929251670837e-05,Pong1PCB2L336P__seed_8_1763344785
7626752,1-Training-Losses/policy_loss,1.5390105545520782e-05,Pong1PCB2L336P__seed_8_1763344785
7630848,1-Training-Losses/policy_loss,-0.00014769774861633778,Pong1PCB2L336P__seed_8_1763344785
7634944,1-Training-Losses/policy_loss,-3.7746503949165344e-05,Pong1PCB2L336P__seed_8_1763344785
7639040,1-Training-Losses/policy_loss,-0.00012838328257203102,Pong1PCB2L336P__seed_8_1763344785
7643136,1-Training-Losses/policy_loss,-2.1507032215595245e-05,Pong1PCB2L336P__seed_8_1763344785
7647232,1-Training-Losses/policy_loss,-0.0002591107040643692,Pong1PCB2L336P__seed_8_1763344785
7651328,1-Training-Losses/policy_loss,-0.00022847834043204784,Pong1PCB2L336P__seed_8_1763344785
7655424,1-Training-Losses/policy_loss,1.4188699424266815e-05,Pong1PCB2L336P__seed_8_1763344785
7659520,1-Training-Losses/policy_loss,2.5406479835510254e-06,Pong1PCB2L336P__seed_8_1763344785
7663616,1-Training-Losses/policy_loss,-0.0007088314741849899,Pong1PCB2L336P__seed_8_1763344785
7667712,1-Training-Losses/policy_loss,-6.35683536529541e-05,Pong1PCB2L336P__seed_8_1763344785
7671808,1-Training-Losses/policy_loss,-3.3549265936017036e-05,Pong1PCB2L336P__seed_8_1763344785
7675904,1-Training-Losses/policy_loss,-0.0001191999763250351,Pong1PCB2L336P__seed_8_1763344785
7680000,1-Training-Losses/policy_loss,3.679445944726467e-05,Pong1PCB2L336P__seed_8_1763344785
7684096,1-Training-Losses/policy_loss,-5.15645369887352e-05,Pong1PCB2L336P__seed_8_1763344785
7688192,1-Training-Losses/policy_loss,-0.00010792131070047617,Pong1PCB2L336P__seed_8_1763344785
7692288,1-Training-Losses/policy_loss,-8.245697245001793e-05,Pong1PCB2L336P__seed_8_1763344785
7696384,1-Training-Losses/policy_loss,1.9422033801674843e-05,Pong1PCB2L336P__seed_8_1763344785
7700480,1-Training-Losses/policy_loss,-7.566343992948532e-05,Pong1PCB2L336P__seed_8_1763344785
7704576,1-Training-Losses/policy_loss,-0.00014140363782644272,Pong1PCB2L336P__seed_8_1763344785
7708672,1-Training-Losses/policy_loss,-5.8537814766168594e-05,Pong1PCB2L336P__seed_8_1763344785
7712768,1-Training-Losses/policy_loss,-4.202406853437424e-05,Pong1PCB2L336P__seed_8_1763344785
7716864,1-Training-Losses/policy_loss,-4.598824307322502e-05,Pong1PCB2L336P__seed_8_1763344785
7720960,1-Training-Losses/policy_loss,-4.798173904418945e-06,Pong1PCB2L336P__seed_8_1763344785
7725056,1-Training-Losses/policy_loss,-0.00025025196373462677,Pong1PCB2L336P__seed_8_1763344785
7729152,1-Training-Losses/policy_loss,-0.0002256117295473814,Pong1PCB2L336P__seed_8_1763344785
7733248,1-Training-Losses/policy_loss,-0.00022213300690054893,Pong1PCB2L336P__seed_8_1763344785
7737344,1-Training-Losses/policy_loss,-7.759686559438705e-05,Pong1PCB2L336P__seed_8_1763344785
7741440,1-Training-Losses/policy_loss,-5.574990063905716e-05,Pong1PCB2L336P__seed_8_1763344785
7745536,1-Training-Losses/policy_loss,-0.00021064095199108124,Pong1PCB2L336P__seed_8_1763344785
7749632,1-Training-Losses/policy_loss,-0.00011036568321287632,Pong1PCB2L336P__seed_8_1763344785
7753728,1-Training-Losses/policy_loss,7.498636841773987e-05,Pong1PCB2L336P__seed_8_1763344785
7757824,1-Training-Losses/policy_loss,-9.534589480608702e-05,Pong1PCB2L336P__seed_8_1763344785
7761920,1-Training-Losses/policy_loss,-8.056685328483582e-05,Pong1PCB2L336P__seed_8_1763344785
7766016,1-Training-Losses/policy_loss,-5.930755287408829e-05,Pong1PCB2L336P__seed_8_1763344785
7770112,1-Training-Losses/policy_loss,-0.0001930596772581339,Pong1PCB2L336P__seed_8_1763344785
7774208,1-Training-Losses/policy_loss,-5.916273221373558e-05,Pong1PCB2L336P__seed_8_1763344785
7778304,1-Training-Losses/policy_loss,-0.00012941122986376286,Pong1PCB2L336P__seed_8_1763344785
7782400,1-Training-Losses/policy_loss,1.0540243238210678e-05,Pong1PCB2L336P__seed_8_1763344785
7786496,1-Training-Losses/policy_loss,-1.0310672223567963e-05,Pong1PCB2L336P__seed_8_1763344785
7790592,1-Training-Losses/policy_loss,-0.000374368391931057,Pong1PCB2L336P__seed_8_1763344785
7794688,1-Training-Losses/policy_loss,-0.00025990279391407967,Pong1PCB2L336P__seed_8_1763344785
7798784,1-Training-Losses/policy_loss,-0.00029886839911341667,Pong1PCB2L336P__seed_8_1763344785
7802880,1-Training-Losses/policy_loss,-0.0005708741955459118,Pong1PCB2L336P__seed_8_1763344785
7806976,1-Training-Losses/policy_loss,2.9323622584342957e-05,Pong1PCB2L336P__seed_8_1763344785
7811072,1-Training-Losses/policy_loss,-0.00017031654715538025,Pong1PCB2L336P__seed_8_1763344785
7815168,1-Training-Losses/policy_loss,-2.6405788958072662e-05,Pong1PCB2L336P__seed_8_1763344785
7819264,1-Training-Losses/policy_loss,-1.0864809155464172e-05,Pong1PCB2L336P__seed_8_1763344785
7823360,1-Training-Losses/policy_loss,-3.667781129479408e-05,Pong1PCB2L336P__seed_8_1763344785
7827456,1-Training-Losses/policy_loss,-1.0098330676555634e-05,Pong1PCB2L336P__seed_8_1763344785
7831552,1-Training-Losses/policy_loss,-0.0004802141338586807,Pong1PCB2L336P__seed_8_1763344785
7835648,1-Training-Losses/policy_loss,2.167630009353161e-05,Pong1PCB2L336P__seed_8_1763344785
7839744,1-Training-Losses/policy_loss,-6.007961928844452e-05,Pong1PCB2L336P__seed_8_1763344785
7843840,1-Training-Losses/policy_loss,-7.21607357263565e-05,Pong1PCB2L336P__seed_8_1763344785
7847936,1-Training-Losses/policy_loss,-9.613391011953354e-05,Pong1PCB2L336P__seed_8_1763344785
7852032,1-Training-Losses/policy_loss,-7.859454490244389e-05,Pong1PCB2L336P__seed_8_1763344785
7856128,1-Training-Losses/policy_loss,-0.00011066114529967308,Pong1PCB2L336P__seed_8_1763344785
7860224,1-Training-Losses/policy_loss,-2.7762725949287415e-06,Pong1PCB2L336P__seed_8_1763344785
7864320,1-Training-Losses/policy_loss,8.224043995141983e-06,Pong1PCB2L336P__seed_8_1763344785
7868416,1-Training-Losses/policy_loss,-9.223166853189468e-05,Pong1PCB2L336P__seed_8_1763344785
7872512,1-Training-Losses/policy_loss,-0.00012583285570144653,Pong1PCB2L336P__seed_8_1763344785
7876608,1-Training-Losses/policy_loss,2.9458373319357634e-05,Pong1PCB2L336P__seed_8_1763344785
7880704,1-Training-Losses/policy_loss,-6.879330612719059e-06,Pong1PCB2L336P__seed_8_1763344785
7884800,1-Training-Losses/policy_loss,-6.086379289627075e-05,Pong1PCB2L336P__seed_8_1763344785
7888896,1-Training-Losses/policy_loss,-1.698080450296402e-05,Pong1PCB2L336P__seed_8_1763344785
7892992,1-Training-Losses/policy_loss,-0.000103384954854846,Pong1PCB2L336P__seed_8_1763344785
7897088,1-Training-Losses/policy_loss,-0.0002692161360755563,Pong1PCB2L336P__seed_8_1763344785
7901184,1-Training-Losses/policy_loss,8.789077401161194e-05,Pong1PCB2L336P__seed_8_1763344785
7905280,1-Training-Losses/policy_loss,-0.00016516400501132011,Pong1PCB2L336P__seed_8_1763344785
7909376,1-Training-Losses/policy_loss,-9.909272193908691e-06,Pong1PCB2L336P__seed_8_1763344785
7913472,1-Training-Losses/policy_loss,-4.855357110500336e-05,Pong1PCB2L336P__seed_8_1763344785
7917568,1-Training-Losses/policy_loss,-8.130539208650589e-05,Pong1PCB2L336P__seed_8_1763344785
7921664,1-Training-Losses/policy_loss,-0.00015864381566643715,Pong1PCB2L336P__seed_8_1763344785
7925760,1-Training-Losses/policy_loss,-0.00043077487498521805,Pong1PCB2L336P__seed_8_1763344785
7929856,1-Training-Losses/policy_loss,5.837529897689819e-06,Pong1PCB2L336P__seed_8_1763344785
7933952,1-Training-Losses/policy_loss,-0.00026058871299028397,Pong1PCB2L336P__seed_8_1763344785
7938048,1-Training-Losses/policy_loss,0.0001325402408838272,Pong1PCB2L336P__seed_8_1763344785
7942144,1-Training-Losses/policy_loss,-1.4162622392177582e-05,Pong1PCB2L336P__seed_8_1763344785
7946240,1-Training-Losses/policy_loss,-3.295810893177986e-05,Pong1PCB2L336P__seed_8_1763344785
7950336,1-Training-Losses/policy_loss,-0.0003165309317409992,Pong1PCB2L336P__seed_8_1763344785
7954432,1-Training-Losses/policy_loss,2.230145037174225e-05,Pong1PCB2L336P__seed_8_1763344785
7958528,1-Training-Losses/policy_loss,1.485086977481842e-05,Pong1PCB2L336P__seed_8_1763344785
7962624,1-Training-Losses/policy_loss,-9.933300316333771e-05,Pong1PCB2L336P__seed_8_1763344785
7966720,1-Training-Losses/policy_loss,-3.5084085538983345e-05,Pong1PCB2L336P__seed_8_1763344785
7970816,1-Training-Losses/policy_loss,2.5428365916013718e-05,Pong1PCB2L336P__seed_8_1763344785
7974912,1-Training-Losses/policy_loss,-3.238394856452942e-05,Pong1PCB2L336P__seed_8_1763344785
7979008,1-Training-Losses/policy_loss,-0.0005040746182203293,Pong1PCB2L336P__seed_8_1763344785
7983104,1-Training-Losses/policy_loss,-4.199240356683731e-05,Pong1PCB2L336P__seed_8_1763344785
7987200,1-Training-Losses/policy_loss,-0.0005375891923904419,Pong1PCB2L336P__seed_8_1763344785
7991296,1-Training-Losses/policy_loss,6.497150752693415e-05,Pong1PCB2L336P__seed_8_1763344785
7995392,1-Training-Losses/policy_loss,-7.528322748839855e-05,Pong1PCB2L336P__seed_8_1763344785
7999488,1-Training-Losses/policy_loss,5.222577601671219e-05,Pong1PCB2L336P__seed_8_1763344785
8003584,1-Training-Losses/policy_loss,-0.00011258292943239212,Pong1PCB2L336P__seed_8_1763344785
8007680,1-Training-Losses/policy_loss,-7.99223780632019e-05,Pong1PCB2L336P__seed_8_1763344785
8011776,1-Training-Losses/policy_loss,-1.45789235830307e-05,Pong1PCB2L336P__seed_8_1763344785
8015872,1-Training-Losses/policy_loss,-0.0002046944573521614,Pong1PCB2L336P__seed_8_1763344785
8019968,1-Training-Losses/policy_loss,-9.80873592197895e-05,Pong1PCB2L336P__seed_8_1763344785
8024064,1-Training-Losses/policy_loss,-0.0003150543197989464,Pong1PCB2L336P__seed_8_1763344785
8028160,1-Training-Losses/policy_loss,-0.0002016015350818634,Pong1PCB2L336P__seed_8_1763344785
8032256,1-Training-Losses/policy_loss,-0.000260614906437695,Pong1PCB2L336P__seed_8_1763344785
8036352,1-Training-Losses/policy_loss,6.109965033829212e-05,Pong1PCB2L336P__seed_8_1763344785
8040448,1-Training-Losses/policy_loss,-2.9765069484710693e-06,Pong1PCB2L336P__seed_8_1763344785
8044544,1-Training-Losses/policy_loss,-3.3223070204257965e-05,Pong1PCB2L336P__seed_8_1763344785
8048640,1-Training-Losses/policy_loss,-0.00013155699707567692,Pong1PCB2L336P__seed_8_1763344785
8052736,1-Training-Losses/policy_loss,4.677381366491318e-05,Pong1PCB2L336P__seed_8_1763344785
8056832,1-Training-Losses/policy_loss,-6.507616490125656e-05,Pong1PCB2L336P__seed_8_1763344785
8060928,1-Training-Losses/policy_loss,-2.0219478756189346e-05,Pong1PCB2L336P__seed_8_1763344785
8065024,1-Training-Losses/policy_loss,4.1690655052661896e-06,Pong1PCB2L336P__seed_8_1763344785
8069120,1-Training-Losses/policy_loss,-5.358923226594925e-05,Pong1PCB2L336P__seed_8_1763344785
8073216,1-Training-Losses/policy_loss,-1.432374119758606e-05,Pong1PCB2L336P__seed_8_1763344785
8077312,1-Training-Losses/policy_loss,7.735565304756165e-06,Pong1PCB2L336P__seed_8_1763344785
8081408,1-Training-Losses/policy_loss,-0.00011541880667209625,Pong1PCB2L336P__seed_8_1763344785
8085504,1-Training-Losses/policy_loss,-1.6369507648050785e-05,Pong1PCB2L336P__seed_8_1763344785
8089600,1-Training-Losses/policy_loss,-9.00663435459137e-05,Pong1PCB2L336P__seed_8_1763344785
8093696,1-Training-Losses/policy_loss,-0.00017539551481604576,Pong1PCB2L336P__seed_8_1763344785
8097792,1-Training-Losses/policy_loss,-8.853897452354431e-05,Pong1PCB2L336P__seed_8_1763344785
8101888,1-Training-Losses/policy_loss,-0.0002314755693078041,Pong1PCB2L336P__seed_8_1763344785
8105984,1-Training-Losses/policy_loss,-0.00040878960862755775,Pong1PCB2L336P__seed_8_1763344785
8110080,1-Training-Losses/policy_loss,-9.800773113965988e-06,Pong1PCB2L336P__seed_8_1763344785
8114176,1-Training-Losses/policy_loss,9.686453267931938e-05,Pong1PCB2L336P__seed_8_1763344785
8118272,1-Training-Losses/policy_loss,-9.293435141444206e-06,Pong1PCB2L336P__seed_8_1763344785
8122368,1-Training-Losses/policy_loss,-8.031167089939117e-05,Pong1PCB2L336P__seed_8_1763344785
8126464,1-Training-Losses/policy_loss,-9.541958570480347e-05,Pong1PCB2L336P__seed_8_1763344785
8130560,1-Training-Losses/policy_loss,-0.0003262241370975971,Pong1PCB2L336P__seed_8_1763344785
8134656,1-Training-Losses/policy_loss,-4.433281719684601e-05,Pong1PCB2L336P__seed_8_1763344785
8138752,1-Training-Losses/policy_loss,-5.6596240028738976e-05,Pong1PCB2L336P__seed_8_1763344785
8142848,1-Training-Losses/policy_loss,-0.0002530943602323532,Pong1PCB2L336P__seed_8_1763344785
8146944,1-Training-Losses/policy_loss,-3.812182694673538e-05,Pong1PCB2L336P__seed_8_1763344785
8151040,1-Training-Losses/policy_loss,-4.840083420276642e-05,Pong1PCB2L336P__seed_8_1763344785
8155136,1-Training-Losses/policy_loss,-0.00011344370432198048,Pong1PCB2L336P__seed_8_1763344785
8159232,1-Training-Losses/policy_loss,6.2515027821063995e-06,Pong1PCB2L336P__seed_8_1763344785
8163328,1-Training-Losses/policy_loss,2.1593645215034485e-05,Pong1PCB2L336P__seed_8_1763344785
8167424,1-Training-Losses/policy_loss,-1.215166412293911e-05,Pong1PCB2L336P__seed_8_1763344785
8171520,1-Training-Losses/policy_loss,-5.73527067899704e-05,Pong1PCB2L336P__seed_8_1763344785
8175616,1-Training-Losses/policy_loss,-0.0002884473651647568,Pong1PCB2L336P__seed_8_1763344785
8179712,1-Training-Losses/policy_loss,6.288825534284115e-05,Pong1PCB2L336P__seed_8_1763344785
8183808,1-Training-Losses/policy_loss,-4.4260174036026e-05,Pong1PCB2L336P__seed_8_1763344785
8187904,1-Training-Losses/policy_loss,-8.125335443764925e-05,Pong1PCB2L336P__seed_8_1763344785
8192000,1-Training-Losses/policy_loss,-0.0004108995199203491,Pong1PCB2L336P__seed_8_1763344785
8196096,1-Training-Losses/policy_loss,-0.00012759491801261902,Pong1PCB2L336P__seed_8_1763344785
8200192,1-Training-Losses/policy_loss,5.6148506700992584e-05,Pong1PCB2L336P__seed_8_1763344785
8204288,1-Training-Losses/policy_loss,-7.72085040807724e-05,Pong1PCB2L336P__seed_8_1763344785
8208384,1-Training-Losses/policy_loss,-6.463378667831421e-06,Pong1PCB2L336P__seed_8_1763344785
8212480,1-Training-Losses/policy_loss,-0.00014868099242448807,Pong1PCB2L336P__seed_8_1763344785
8216576,1-Training-Losses/policy_loss,-0.00020740879699587822,Pong1PCB2L336P__seed_8_1763344785
8220672,1-Training-Losses/policy_loss,-0.00021601305343210697,Pong1PCB2L336P__seed_8_1763344785
8224768,1-Training-Losses/policy_loss,2.0980602130293846e-05,Pong1PCB2L336P__seed_8_1763344785
8228864,1-Training-Losses/policy_loss,-0.00017309305258095264,Pong1PCB2L336P__seed_8_1763344785
8232960,1-Training-Losses/policy_loss,-0.00010406412184238434,Pong1PCB2L336P__seed_8_1763344785
8237056,1-Training-Losses/policy_loss,-0.00010696519166231155,Pong1PCB2L336P__seed_8_1763344785
8241152,1-Training-Losses/policy_loss,-8.25691968202591e-05,Pong1PCB2L336P__seed_8_1763344785
8245248,1-Training-Losses/policy_loss,1.005362719297409e-05,Pong1PCB2L336P__seed_8_1763344785
8249344,1-Training-Losses/policy_loss,6.6123902797698975e-06,Pong1PCB2L336P__seed_8_1763344785
8253440,1-Training-Losses/policy_loss,-2.0147301256656647e-05,Pong1PCB2L336P__seed_8_1763344785
8257536,1-Training-Losses/policy_loss,-1.405365765094757e-05,Pong1PCB2L336P__seed_8_1763344785
8261632,1-Training-Losses/policy_loss,-0.00012523122131824493,Pong1PCB2L336P__seed_8_1763344785
8265728,1-Training-Losses/policy_loss,2.0863953977823257e-05,Pong1PCB2L336P__seed_8_1763344785
8269824,1-Training-Losses/policy_loss,-0.0001206172164529562,Pong1PCB2L336P__seed_8_1763344785
8273920,1-Training-Losses/policy_loss,-8.983584120869637e-05,Pong1PCB2L336P__seed_8_1763344785
8278016,1-Training-Losses/policy_loss,-5.1312148571014404e-05,Pong1PCB2L336P__seed_8_1763344785
8282112,1-Training-Losses/policy_loss,-8.806586265563965e-06,Pong1PCB2L336P__seed_8_1763344785
8286208,1-Training-Losses/policy_loss,-5.724700167775154e-05,Pong1PCB2L336P__seed_8_1763344785
8290304,1-Training-Losses/policy_loss,-0.0003800629638135433,Pong1PCB2L336P__seed_8_1763344785
8294400,1-Training-Losses/policy_loss,5.273055285215378e-05,Pong1PCB2L336P__seed_8_1763344785
8298496,1-Training-Losses/policy_loss,-2.6995781809091568e-05,Pong1PCB2L336P__seed_8_1763344785
8302592,1-Training-Losses/policy_loss,-0.00017895177006721497,Pong1PCB2L336P__seed_8_1763344785
8306688,1-Training-Losses/policy_loss,-5.4218340665102005e-05,Pong1PCB2L336P__seed_8_1763344785
8310784,1-Training-Losses/policy_loss,-0.0003434298560023308,Pong1PCB2L336P__seed_8_1763344785
8314880,1-Training-Losses/policy_loss,-2.9710354283452034e-05,Pong1PCB2L336P__seed_8_1763344785
8318976,1-Training-Losses/policy_loss,4.1201943531632423e-05,Pong1PCB2L336P__seed_8_1763344785
8323072,1-Training-Losses/policy_loss,-9.685289114713669e-05,Pong1PCB2L336P__seed_8_1763344785
8327168,1-Training-Losses/policy_loss,-0.00036041904240846634,Pong1PCB2L336P__seed_8_1763344785
8331264,1-Training-Losses/policy_loss,8.375337347388268e-05,Pong1PCB2L336P__seed_8_1763344785
8335360,1-Training-Losses/policy_loss,-0.00024350127205252647,Pong1PCB2L336P__seed_8_1763344785
8339456,1-Training-Losses/policy_loss,-3.3381395041942596e-05,Pong1PCB2L336P__seed_8_1763344785
8343552,1-Training-Losses/policy_loss,-1.4915596693754196e-05,Pong1PCB2L336P__seed_8_1763344785
8347648,1-Training-Losses/policy_loss,-0.00013034651055932045,Pong1PCB2L336P__seed_8_1763344785
8351744,1-Training-Losses/policy_loss,-6.348872557282448e-05,Pong1PCB2L336P__seed_8_1763344785
8355840,1-Training-Losses/policy_loss,-2.6778317987918854e-05,Pong1PCB2L336P__seed_8_1763344785
8359936,1-Training-Losses/policy_loss,-0.0001280754804611206,Pong1PCB2L336P__seed_8_1763344785
8364032,1-Training-Losses/policy_loss,-0.00024523399770259857,Pong1PCB2L336P__seed_8_1763344785
8368128,1-Training-Losses/policy_loss,-0.00017834454774856567,Pong1PCB2L336P__seed_8_1763344785
8372224,1-Training-Losses/policy_loss,4.805251955986023e-05,Pong1PCB2L336P__seed_8_1763344785
8376320,1-Training-Losses/policy_loss,-0.00015101884491741657,Pong1PCB2L336P__seed_8_1763344785
8380416,1-Training-Losses/policy_loss,-0.00029460713267326355,Pong1PCB2L336P__seed_8_1763344785
8384512,1-Training-Losses/policy_loss,-4.409812390804291e-06,Pong1PCB2L336P__seed_8_1763344785
8388608,1-Training-Losses/policy_loss,-0.00034354254603385925,Pong1PCB2L336P__seed_8_1763344785
8392704,1-Training-Losses/policy_loss,5.924701690673828e-05,Pong1PCB2L336P__seed_8_1763344785
8396800,1-Training-Losses/policy_loss,-0.000247221440076828,Pong1PCB2L336P__seed_8_1763344785
8400896,1-Training-Losses/policy_loss,8.917413651943207e-08,Pong1PCB2L336P__seed_8_1763344785
8404992,1-Training-Losses/policy_loss,1.8876511603593826e-05,Pong1PCB2L336P__seed_8_1763344785
8409088,1-Training-Losses/policy_loss,-2.324860543012619e-05,Pong1PCB2L336P__seed_8_1763344785
8413184,1-Training-Losses/policy_loss,-7.508322596549988e-06,Pong1PCB2L336P__seed_8_1763344785
8417280,1-Training-Losses/policy_loss,-5.3036026656627655e-05,Pong1PCB2L336P__seed_8_1763344785
8421376,1-Training-Losses/policy_loss,-0.00010920781642198563,Pong1PCB2L336P__seed_8_1763344785
8425472,1-Training-Losses/policy_loss,4.326086491346359e-05,Pong1PCB2L336P__seed_8_1763344785
8429568,1-Training-Losses/policy_loss,-0.0001750157680362463,Pong1PCB2L336P__seed_8_1763344785
8433664,1-Training-Losses/policy_loss,6.869388744235039e-05,Pong1PCB2L336P__seed_8_1763344785
8437760,1-Training-Losses/policy_loss,-3.109592944383621e-05,Pong1PCB2L336P__seed_8_1763344785
8441856,1-Training-Losses/policy_loss,-4.557706415653229e-05,Pong1PCB2L336P__seed_8_1763344785
8445952,1-Training-Losses/policy_loss,-2.6652123779058456e-06,Pong1PCB2L336P__seed_8_1763344785
8450048,1-Training-Losses/policy_loss,-1.3830605894327164e-05,Pong1PCB2L336P__seed_8_1763344785
8454144,1-Training-Losses/policy_loss,-2.4454668164253235e-05,Pong1PCB2L336P__seed_8_1763344785
8458240,1-Training-Losses/policy_loss,-7.036561146378517e-05,Pong1PCB2L336P__seed_8_1763344785
8462336,1-Training-Losses/policy_loss,-9.308941662311554e-05,Pong1PCB2L336P__seed_8_1763344785
8466432,1-Training-Losses/policy_loss,-3.588269464671612e-05,Pong1PCB2L336P__seed_8_1763344785
8470528,1-Training-Losses/policy_loss,-8.458644151687622e-05,Pong1PCB2L336P__seed_8_1763344785
8474624,1-Training-Losses/policy_loss,-3.691529855132103e-05,Pong1PCB2L336P__seed_8_1763344785
8478720,1-Training-Losses/policy_loss,1.129182055592537e-05,Pong1PCB2L336P__seed_8_1763344785
8482816,1-Training-Losses/policy_loss,-1.7428770661354065e-05,Pong1PCB2L336P__seed_8_1763344785
8486912,1-Training-Losses/policy_loss,-2.66185961663723e-05,Pong1PCB2L336P__seed_8_1763344785
8491008,1-Training-Losses/policy_loss,-2.7617206797003746e-05,Pong1PCB2L336P__seed_8_1763344785
8495104,1-Training-Losses/policy_loss,-4.40073199570179e-05,Pong1PCB2L336P__seed_8_1763344785
8499200,1-Training-Losses/policy_loss,-5.238968878984451e-05,Pong1PCB2L336P__seed_8_1763344785
8503296,1-Training-Losses/policy_loss,-4.5779161155223846e-05,Pong1PCB2L336P__seed_8_1763344785
8507392,1-Training-Losses/policy_loss,-0.00011078780516982079,Pong1PCB2L336P__seed_8_1763344785
8511488,1-Training-Losses/policy_loss,-8.990778587758541e-05,Pong1PCB2L336P__seed_8_1763344785
8515584,1-Training-Losses/policy_loss,-0.00013906555250287056,Pong1PCB2L336P__seed_8_1763344785
8519680,1-Training-Losses/policy_loss,4.9406662583351135e-06,Pong1PCB2L336P__seed_8_1763344785
8523776,1-Training-Losses/policy_loss,7.256632670760155e-06,Pong1PCB2L336P__seed_8_1763344785
8527872,1-Training-Losses/policy_loss,-1.1356314644217491e-05,Pong1PCB2L336P__seed_8_1763344785
8531968,1-Training-Losses/policy_loss,-2.9637478291988373e-05,Pong1PCB2L336P__seed_8_1763344785
8536064,1-Training-Losses/policy_loss,-1.7230864614248276e-05,Pong1PCB2L336P__seed_8_1763344785
8540160,1-Training-Losses/policy_loss,-8.99704173207283e-05,Pong1PCB2L336P__seed_8_1763344785
8544256,1-Training-Losses/policy_loss,-0.00014724768698215485,Pong1PCB2L336P__seed_8_1763344785
8548352,1-Training-Losses/policy_loss,5.099177360534668e-05,Pong1PCB2L336P__seed_8_1763344785
8552448,1-Training-Losses/policy_loss,-0.00032446300610899925,Pong1PCB2L336P__seed_8_1763344785
8556544,1-Training-Losses/policy_loss,-0.00015128962695598602,Pong1PCB2L336P__seed_8_1763344785
8560640,1-Training-Losses/policy_loss,3.729062154889107e-05,Pong1PCB2L336P__seed_8_1763344785
8564736,1-Training-Losses/policy_loss,-0.0001036706380546093,Pong1PCB2L336P__seed_8_1763344785
8568832,1-Training-Losses/policy_loss,-0.00014937762171030045,Pong1PCB2L336P__seed_8_1763344785
8572928,1-Training-Losses/policy_loss,6.430968642234802e-05,Pong1PCB2L336P__seed_8_1763344785
8577024,1-Training-Losses/policy_loss,-1.443084329366684e-05,Pong1PCB2L336P__seed_8_1763344785
8581120,1-Training-Losses/policy_loss,-3.5707373172044754e-05,Pong1PCB2L336P__seed_8_1763344785
8585216,1-Training-Losses/policy_loss,-2.1210405975580215e-05,Pong1PCB2L336P__seed_8_1763344785
8589312,1-Training-Losses/policy_loss,-5.817576311528683e-05,Pong1PCB2L336P__seed_8_1763344785
8593408,1-Training-Losses/policy_loss,-7.682107388973236e-05,Pong1PCB2L336P__seed_8_1763344785
8597504,1-Training-Losses/policy_loss,-0.00025655701756477356,Pong1PCB2L336P__seed_8_1763344785
8601600,1-Training-Losses/policy_loss,1.986837014555931e-05,Pong1PCB2L336P__seed_8_1763344785
8605696,1-Training-Losses/policy_loss,-3.399723209440708e-05,Pong1PCB2L336P__seed_8_1763344785
8609792,1-Training-Losses/policy_loss,1.2212898582220078e-05,Pong1PCB2L336P__seed_8_1763344785
8613888,1-Training-Losses/policy_loss,3.855675458908081e-07,Pong1PCB2L336P__seed_8_1763344785
8617984,1-Training-Losses/policy_loss,-8.004717528820038e-06,Pong1PCB2L336P__seed_8_1763344785
8622080,1-Training-Losses/policy_loss,-6.69439323246479e-05,Pong1PCB2L336P__seed_8_1763344785
8626176,1-Training-Losses/policy_loss,-0.00015735439956188202,Pong1PCB2L336P__seed_8_1763344785
8630272,1-Training-Losses/policy_loss,-6.534112617373466e-05,Pong1PCB2L336P__seed_8_1763344785
8634368,1-Training-Losses/policy_loss,2.1762214601039886e-05,Pong1PCB2L336P__seed_8_1763344785
8638464,1-Training-Losses/policy_loss,-6.15343451499939e-05,Pong1PCB2L336P__seed_8_1763344785
8642560,1-Training-Losses/policy_loss,1.917942427098751e-05,Pong1PCB2L336P__seed_8_1763344785
8646656,1-Training-Losses/policy_loss,-2.9774848371744156e-05,Pong1PCB2L336P__seed_8_1763344785
8650752,1-Training-Losses/policy_loss,-5.466258153319359e-05,Pong1PCB2L336P__seed_8_1763344785
8654848,1-Training-Losses/policy_loss,-6.631296128034592e-05,Pong1PCB2L336P__seed_8_1763344785
8658944,1-Training-Losses/policy_loss,-2.9904302209615707e-05,Pong1PCB2L336P__seed_8_1763344785
8663040,1-Training-Losses/policy_loss,-1.7061829566955566e-06,Pong1PCB2L336P__seed_8_1763344785
8667136,1-Training-Losses/policy_loss,-7.693609222769737e-05,Pong1PCB2L336P__seed_8_1763344785
8671232,1-Training-Losses/policy_loss,2.837739884853363e-06,Pong1PCB2L336P__seed_8_1763344785
8675328,1-Training-Losses/policy_loss,-0.00026112981140613556,Pong1PCB2L336P__seed_8_1763344785
8679424,1-Training-Losses/policy_loss,6.635463796555996e-05,Pong1PCB2L336P__seed_8_1763344785
8683520,1-Training-Losses/policy_loss,-0.00011046533472836018,Pong1PCB2L336P__seed_8_1763344785
8687616,1-Training-Losses/policy_loss,-3.1002797186374664e-05,Pong1PCB2L336P__seed_8_1763344785
8691712,1-Training-Losses/policy_loss,-0.0001575099304318428,Pong1PCB2L336P__seed_8_1763344785
8695808,1-Training-Losses/policy_loss,-0.0002788108540698886,Pong1PCB2L336P__seed_8_1763344785
8699904,1-Training-Losses/policy_loss,-0.00010654982179403305,Pong1PCB2L336P__seed_8_1763344785
8704000,1-Training-Losses/policy_loss,3.5812146961688995e-05,Pong1PCB2L336P__seed_8_1763344785
8708096,1-Training-Losses/policy_loss,-0.00010118167847394943,Pong1PCB2L336P__seed_8_1763344785
8712192,1-Training-Losses/policy_loss,-6.39115460216999e-05,Pong1PCB2L336P__seed_8_1763344785
8716288,1-Training-Losses/policy_loss,-5.63962385058403e-06,Pong1PCB2L336P__seed_8_1763344785
8720384,1-Training-Losses/policy_loss,-9.241048246622086e-06,Pong1PCB2L336P__seed_8_1763344785
8724480,1-Training-Losses/policy_loss,-3.1232135370373726e-05,Pong1PCB2L336P__seed_8_1763344785
8728576,1-Training-Losses/policy_loss,-2.002716064453125e-05,Pong1PCB2L336P__seed_8_1763344785
8732672,1-Training-Losses/policy_loss,-2.5927787646651268e-05,Pong1PCB2L336P__seed_8_1763344785
8736768,1-Training-Losses/policy_loss,-1.8291175365447998e-05,Pong1PCB2L336P__seed_8_1763344785
8740864,1-Training-Losses/policy_loss,-9.927898645401001e-06,Pong1PCB2L336P__seed_8_1763344785
8744960,1-Training-Losses/policy_loss,-1.1670403182506561e-05,Pong1PCB2L336P__seed_8_1763344785
8749056,1-Training-Losses/policy_loss,-1.3139564543962479e-05,Pong1PCB2L336P__seed_8_1763344785
8753152,1-Training-Losses/policy_loss,-4.189624451100826e-05,Pong1PCB2L336P__seed_8_1763344785
8757248,1-Training-Losses/policy_loss,-6.011337973177433e-06,Pong1PCB2L336P__seed_8_1763344785
8761344,1-Training-Losses/policy_loss,-4.3446198105812073e-07,Pong1PCB2L336P__seed_8_1763344785
8765440,1-Training-Losses/policy_loss,-8.482392877340317e-05,Pong1PCB2L336P__seed_8_1763344785
8769536,1-Training-Losses/policy_loss,-3.138510510325432e-05,Pong1PCB2L336P__seed_8_1763344785
8773632,1-Training-Losses/policy_loss,-1.6615260392427444e-05,Pong1PCB2L336P__seed_8_1763344785
8777728,1-Training-Losses/policy_loss,-5.904771387577057e-05,Pong1PCB2L336P__seed_8_1763344785
8781824,1-Training-Losses/policy_loss,-0.00015329383313655853,Pong1PCB2L336P__seed_8_1763344785
8785920,1-Training-Losses/policy_loss,2.422276884317398e-05,Pong1PCB2L336P__seed_8_1763344785
8790016,1-Training-Losses/policy_loss,7.369089871644974e-07,Pong1PCB2L336P__seed_8_1763344785
8794112,1-Training-Losses/policy_loss,-3.8414960727095604e-05,Pong1PCB2L336P__seed_8_1763344785
8798208,1-Training-Losses/policy_loss,1.9758008420467377e-06,Pong1PCB2L336P__seed_8_1763344785
8802304,1-Training-Losses/policy_loss,-4.947558045387268e-05,Pong1PCB2L336P__seed_8_1763344785
8806400,1-Training-Losses/policy_loss,-2.8629787266254425e-05,Pong1PCB2L336P__seed_8_1763344785
8810496,1-Training-Losses/policy_loss,-9.514950215816498e-05,Pong1PCB2L336P__seed_8_1763344785
8814592,1-Training-Losses/policy_loss,-7.544457912445068e-05,Pong1PCB2L336P__seed_8_1763344785
8818688,1-Training-Losses/policy_loss,-2.978462725877762e-05,Pong1PCB2L336P__seed_8_1763344785
8822784,1-Training-Losses/policy_loss,-1.8400372937321663e-05,Pong1PCB2L336P__seed_8_1763344785
8826880,1-Training-Losses/policy_loss,-5.6848861277103424e-05,Pong1PCB2L336P__seed_8_1763344785
8830976,1-Training-Losses/policy_loss,-3.8426369428634644e-05,Pong1PCB2L336P__seed_8_1763344785
8835072,1-Training-Losses/policy_loss,-3.897072747349739e-05,Pong1PCB2L336P__seed_8_1763344785
8839168,1-Training-Losses/policy_loss,-0.00011221040040254593,Pong1PCB2L336P__seed_8_1763344785
8843264,1-Training-Losses/policy_loss,-1.588475424796343e-05,Pong1PCB2L336P__seed_8_1763344785
8847360,1-Training-Losses/policy_loss,6.052665412425995e-06,Pong1PCB2L336P__seed_8_1763344785
8851456,1-Training-Losses/policy_loss,-7.61495903134346e-06,Pong1PCB2L336P__seed_8_1763344785
8855552,1-Training-Losses/policy_loss,-6.834976375102997e-06,Pong1PCB2L336P__seed_8_1763344785
8859648,1-Training-Losses/policy_loss,-4.192860797047615e-05,Pong1PCB2L336P__seed_8_1763344785
8863744,1-Training-Losses/policy_loss,-5.433894693851471e-05,Pong1PCB2L336P__seed_8_1763344785
8867840,1-Training-Losses/policy_loss,2.1618325263261795e-05,Pong1PCB2L336P__seed_8_1763344785
8871936,1-Training-Losses/policy_loss,-2.2036954760551453e-05,Pong1PCB2L336P__seed_8_1763344785
8876032,1-Training-Losses/policy_loss,-0.00022683502174913883,Pong1PCB2L336P__seed_8_1763344785
8880128,1-Training-Losses/policy_loss,-6.066635251045227e-06,Pong1PCB2L336P__seed_8_1763344785
8884224,1-Training-Losses/policy_loss,2.3229047656059265e-05,Pong1PCB2L336P__seed_8_1763344785
8888320,1-Training-Losses/policy_loss,-0.00028689950704574585,Pong1PCB2L336P__seed_8_1763344785
8892416,1-Training-Losses/policy_loss,8.298177272081375e-05,Pong1PCB2L336P__seed_8_1763344785
8896512,1-Training-Losses/policy_loss,-7.490953430533409e-05,Pong1PCB2L336P__seed_8_1763344785
8900608,1-Training-Losses/policy_loss,-5.793757736682892e-06,Pong1PCB2L336P__seed_8_1763344785
8904704,1-Training-Losses/policy_loss,-6.163236685097218e-05,Pong1PCB2L336P__seed_8_1763344785
8908800,1-Training-Losses/policy_loss,-2.4720560759305954e-05,Pong1PCB2L336P__seed_8_1763344785
8912896,1-Training-Losses/policy_loss,8.077360689640045e-06,Pong1PCB2L336P__seed_8_1763344785
8916992,1-Training-Losses/policy_loss,-8.380040526390076e-06,Pong1PCB2L336P__seed_8_1763344785
8921088,1-Training-Losses/policy_loss,-0.00012946361675858498,Pong1PCB2L336P__seed_8_1763344785
8925184,1-Training-Losses/policy_loss,-7.008993998169899e-05,Pong1PCB2L336P__seed_8_1763344785
8929280,1-Training-Losses/policy_loss,2.782326191663742e-06,Pong1PCB2L336P__seed_8_1763344785
8933376,1-Training-Losses/policy_loss,-0.00015177298337221146,Pong1PCB2L336P__seed_8_1763344785
8937472,1-Training-Losses/policy_loss,4.977989010512829e-05,Pong1PCB2L336P__seed_8_1763344785
8941568,1-Training-Losses/policy_loss,3.6461278796195984e-07,Pong1PCB2L336P__seed_8_1763344785
8945664,1-Training-Losses/policy_loss,-6.902031600475311e-06,Pong1PCB2L336P__seed_8_1763344785
8949760,1-Training-Losses/policy_loss,-6.134621798992157e-06,Pong1PCB2L336P__seed_8_1763344785
8953856,1-Training-Losses/policy_loss,-2.183998003602028e-05,Pong1PCB2L336P__seed_8_1763344785
8957952,1-Training-Losses/policy_loss,-7.043872028589249e-05,Pong1PCB2L336P__seed_8_1763344785
8962048,1-Training-Losses/policy_loss,-4.07523475587368e-05,Pong1PCB2L336P__seed_8_1763344785
8966144,1-Training-Losses/policy_loss,-4.669465124607086e-05,Pong1PCB2L336P__seed_8_1763344785
8970240,1-Training-Losses/policy_loss,2.2314488887786865e-05,Pong1PCB2L336P__seed_8_1763344785
8974336,1-Training-Losses/policy_loss,-2.195197157561779e-05,Pong1PCB2L336P__seed_8_1763344785
8978432,1-Training-Losses/policy_loss,-5.7931290939450264e-05,Pong1PCB2L336P__seed_8_1763344785
8982528,1-Training-Losses/policy_loss,-7.506320253014565e-05,Pong1PCB2L336P__seed_8_1763344785
8986624,1-Training-Losses/policy_loss,-0.0001109093427658081,Pong1PCB2L336P__seed_8_1763344785
8990720,1-Training-Losses/policy_loss,-4.106294363737106e-05,Pong1PCB2L336P__seed_8_1763344785
8994816,1-Training-Losses/policy_loss,5.69317489862442e-06,Pong1PCB2L336P__seed_8_1763344785
8998912,1-Training-Losses/policy_loss,-2.1310988813638687e-05,Pong1PCB2L336P__seed_8_1763344785
9003008,1-Training-Losses/policy_loss,-5.136243999004364e-05,Pong1PCB2L336P__seed_8_1763344785
9007104,1-Training-Losses/policy_loss,1.734355464577675e-05,Pong1PCB2L336P__seed_8_1763344785
9011200,1-Training-Losses/policy_loss,-0.0001328699290752411,Pong1PCB2L336P__seed_8_1763344785
9015296,1-Training-Losses/policy_loss,-5.892431363463402e-05,Pong1PCB2L336P__seed_8_1763344785
9019392,1-Training-Losses/policy_loss,-0.00010771304368972778,Pong1PCB2L336P__seed_8_1763344785
9023488,1-Training-Losses/policy_loss,-7.291417568922043e-05,Pong1PCB2L336P__seed_8_1763344785
9027584,1-Training-Losses/policy_loss,2.8301961719989777e-05,Pong1PCB2L336P__seed_8_1763344785
9031680,1-Training-Losses/policy_loss,-5.5686105042696e-06,Pong1PCB2L336P__seed_8_1763344785
9035776,1-Training-Losses/policy_loss,-9.725615382194519e-05,Pong1PCB2L336P__seed_8_1763344785
9039872,1-Training-Losses/policy_loss,7.65826553106308e-06,Pong1PCB2L336P__seed_8_1763344785
9043968,1-Training-Losses/policy_loss,-6.474694237112999e-05,Pong1PCB2L336P__seed_8_1763344785
9048064,1-Training-Losses/policy_loss,-6.068451330065727e-05,Pong1PCB2L336P__seed_8_1763344785
9052160,1-Training-Losses/policy_loss,-6.963731721043587e-05,Pong1PCB2L336P__seed_8_1763344785
9056256,1-Training-Losses/policy_loss,-2.2075138986110687e-05,Pong1PCB2L336P__seed_8_1763344785
9060352,1-Training-Losses/policy_loss,-9.157694876194e-06,Pong1PCB2L336P__seed_8_1763344785
9064448,1-Training-Losses/policy_loss,-9.644310921430588e-06,Pong1PCB2L336P__seed_8_1763344785
9068544,1-Training-Losses/policy_loss,-0.00012944871559739113,Pong1PCB2L336P__seed_8_1763344785
9072640,1-Training-Losses/policy_loss,-3.2735057175159454e-05,Pong1PCB2L336P__seed_8_1763344785
9076736,1-Training-Losses/policy_loss,-8.584931492805481e-06,Pong1PCB2L336P__seed_8_1763344785
9080832,1-Training-Losses/policy_loss,-4.792679101228714e-05,Pong1PCB2L336P__seed_8_1763344785
9084928,1-Training-Losses/policy_loss,-0.00014884117990732193,Pong1PCB2L336P__seed_8_1763344785
9089024,1-Training-Losses/policy_loss,-6.027892231941223e-05,Pong1PCB2L336P__seed_8_1763344785
9093120,1-Training-Losses/policy_loss,1.3484619557857513e-05,Pong1PCB2L336P__seed_8_1763344785
9097216,1-Training-Losses/policy_loss,-7.742922753095627e-05,Pong1PCB2L336P__seed_8_1763344785
9101312,1-Training-Losses/policy_loss,-4.291767254471779e-06,Pong1PCB2L336P__seed_8_1763344785
9105408,1-Training-Losses/policy_loss,-3.962451592087746e-05,Pong1PCB2L336P__seed_8_1763344785
9109504,1-Training-Losses/policy_loss,-8.389167487621307e-05,Pong1PCB2L336P__seed_8_1763344785
9113600,1-Training-Losses/policy_loss,3.53129580616951e-05,Pong1PCB2L336P__seed_8_1763344785
9117696,1-Training-Losses/policy_loss,-4.33032400906086e-05,Pong1PCB2L336P__seed_8_1763344785
9121792,1-Training-Losses/policy_loss,-3.17329540848732e-05,Pong1PCB2L336P__seed_8_1763344785
9125888,1-Training-Losses/policy_loss,-0.00010273605585098267,Pong1PCB2L336P__seed_8_1763344785
9129984,1-Training-Losses/policy_loss,-8.868984878063202e-06,Pong1PCB2L336P__seed_8_1763344785
9134080,1-Training-Losses/policy_loss,-4.163477569818497e-06,Pong1PCB2L336P__seed_8_1763344785
9138176,1-Training-Losses/policy_loss,-0.00011719577014446259,Pong1PCB2L336P__seed_8_1763344785
9142272,1-Training-Losses/policy_loss,4.169624298810959e-05,Pong1PCB2L336P__seed_8_1763344785
9146368,1-Training-Losses/policy_loss,-9.571202099323273e-06,Pong1PCB2L336P__seed_8_1763344785
9150464,1-Training-Losses/policy_loss,-1.9821804016828537e-05,Pong1PCB2L336P__seed_8_1763344785
9154560,1-Training-Losses/policy_loss,3.6507844924926758e-06,Pong1PCB2L336P__seed_8_1763344785
9158656,1-Training-Losses/policy_loss,-2.592802047729492e-06,Pong1PCB2L336P__seed_8_1763344785
9162752,1-Training-Losses/policy_loss,-2.027209848165512e-05,Pong1PCB2L336P__seed_8_1763344785
9166848,1-Training-Losses/policy_loss,-1.984182745218277e-05,Pong1PCB2L336P__seed_8_1763344785
9170944,1-Training-Losses/policy_loss,-2.8298702090978622e-05,Pong1PCB2L336P__seed_8_1763344785
9175040,1-Training-Losses/policy_loss,-4.96995635330677e-05,Pong1PCB2L336P__seed_8_1763344785
9179136,1-Training-Losses/policy_loss,-0.00011068256571888924,Pong1PCB2L336P__seed_8_1763344785
9183232,1-Training-Losses/policy_loss,2.0228326320648193e-06,Pong1PCB2L336P__seed_8_1763344785
9187328,1-Training-Losses/policy_loss,-1.609697937965393e-05,Pong1PCB2L336P__seed_8_1763344785
9191424,1-Training-Losses/policy_loss,-2.887798473238945e-06,Pong1PCB2L336P__seed_8_1763344785
9195520,1-Training-Losses/policy_loss,-4.1247811168432236e-05,Pong1PCB2L336P__seed_8_1763344785
9199616,1-Training-Losses/policy_loss,-4.849163815379143e-06,Pong1PCB2L336P__seed_8_1763344785
9203712,1-Training-Losses/policy_loss,-3.787991590797901e-05,Pong1PCB2L336P__seed_8_1763344785
9207808,1-Training-Losses/policy_loss,-1.2332573533058167e-05,Pong1PCB2L336P__seed_8_1763344785
9211904,1-Training-Losses/policy_loss,-1.3464130461215973e-05,Pong1PCB2L336P__seed_8_1763344785
9216000,1-Training-Losses/policy_loss,2.346932888031006e-06,Pong1PCB2L336P__seed_8_1763344785
9220096,1-Training-Losses/policy_loss,-6.653927266597748e-05,Pong1PCB2L336P__seed_8_1763344785
9224192,1-Training-Losses/policy_loss,-3.8660597056150436e-05,Pong1PCB2L336P__seed_8_1763344785
9228288,1-Training-Losses/policy_loss,1.5882309526205063e-05,Pong1PCB2L336P__seed_8_1763344785
9232384,1-Training-Losses/policy_loss,-2.1618325263261795e-05,Pong1PCB2L336P__seed_8_1763344785
9236480,1-Training-Losses/policy_loss,-1.6641570255160332e-05,Pong1PCB2L336P__seed_8_1763344785
9240576,1-Training-Losses/policy_loss,8.568167686462402e-08,Pong1PCB2L336P__seed_8_1763344785
9244672,1-Training-Losses/policy_loss,-8.730683475732803e-05,Pong1PCB2L336P__seed_8_1763344785
9248768,1-Training-Losses/policy_loss,1.1415686458349228e-05,Pong1PCB2L336P__seed_8_1763344785
9252864,1-Training-Losses/policy_loss,-4.802364856004715e-06,Pong1PCB2L336P__seed_8_1763344785
9256960,1-Training-Losses/policy_loss,-0.00010020425543189049,Pong1PCB2L336P__seed_8_1763344785
9261056,1-Training-Losses/policy_loss,1.0274350643157959e-05,Pong1PCB2L336P__seed_8_1763344785
9265152,1-Training-Losses/policy_loss,-0.00011246465146541595,Pong1PCB2L336P__seed_8_1763344785
9269248,1-Training-Losses/policy_loss,2.974504604935646e-05,Pong1PCB2L336P__seed_8_1763344785
9273344,1-Training-Losses/policy_loss,3.39653342962265e-06,Pong1PCB2L336P__seed_8_1763344785
9277440,1-Training-Losses/policy_loss,-8.80751758813858e-06,Pong1PCB2L336P__seed_8_1763344785
9281536,1-Training-Losses/policy_loss,-7.478520274162292e-07,Pong1PCB2L336P__seed_8_1763344785
9285632,1-Training-Losses/policy_loss,-4.593469202518463e-05,Pong1PCB2L336P__seed_8_1763344785
9289728,1-Training-Losses/policy_loss,-5.3641386330127716e-05,Pong1PCB2L336P__seed_8_1763344785
9293824,1-Training-Losses/policy_loss,-0.00011552521027624607,Pong1PCB2L336P__seed_8_1763344785
9297920,1-Training-Losses/policy_loss,-7.754191756248474e-06,Pong1PCB2L336P__seed_8_1763344785
9302016,1-Training-Losses/policy_loss,-2.9753660783171654e-05,Pong1PCB2L336P__seed_8_1763344785
9306112,1-Training-Losses/policy_loss,-1.0630348697304726e-05,Pong1PCB2L336P__seed_8_1763344785
9310208,1-Training-Losses/policy_loss,-2.4520326405763626e-05,Pong1PCB2L336P__seed_8_1763344785
9314304,1-Training-Losses/policy_loss,-6.0721999034285545e-05,Pong1PCB2L336P__seed_8_1763344785
9318400,1-Training-Losses/policy_loss,-2.2819265723228455e-05,Pong1PCB2L336P__seed_8_1763344785
9322496,1-Training-Losses/policy_loss,-2.979440614581108e-05,Pong1PCB2L336P__seed_8_1763344785
9326592,1-Training-Losses/policy_loss,-0.00014904700219631195,Pong1PCB2L336P__seed_8_1763344785
9330688,1-Training-Losses/policy_loss,2.1855346858501434e-05,Pong1PCB2L336P__seed_8_1763344785
9334784,1-Training-Losses/policy_loss,-0.0002670418471097946,Pong1PCB2L336P__seed_8_1763344785
9338880,1-Training-Losses/policy_loss,-1.560710370540619e-05,Pong1PCB2L336P__seed_8_1763344785
9342976,1-Training-Losses/policy_loss,-1.611746847629547e-05,Pong1PCB2L336P__seed_8_1763344785
9347072,1-Training-Losses/policy_loss,-1.477077603340149e-06,Pong1PCB2L336P__seed_8_1763344785
9351168,1-Training-Losses/policy_loss,-3.129243850708008e-07,Pong1PCB2L336P__seed_8_1763344785
9355264,1-Training-Losses/policy_loss,-5.166977643966675e-06,Pong1PCB2L336P__seed_8_1763344785
9359360,1-Training-Losses/policy_loss,-1.845788210630417e-05,Pong1PCB2L336P__seed_8_1763344785
9363456,1-Training-Losses/policy_loss,-1.835264265537262e-05,Pong1PCB2L336P__seed_8_1763344785
9367552,1-Training-Losses/policy_loss,-5.1856040954589844e-05,Pong1PCB2L336P__seed_8_1763344785
9371648,1-Training-Losses/policy_loss,-2.198386937379837e-05,Pong1PCB2L336P__seed_8_1763344785
9375744,1-Training-Losses/policy_loss,-2.4322886019945145e-05,Pong1PCB2L336P__seed_8_1763344785
9379840,1-Training-Losses/policy_loss,7.14324414730072e-06,Pong1PCB2L336P__seed_8_1763344785
9383936,1-Training-Losses/policy_loss,-0.00022868230007588863,Pong1PCB2L336P__seed_8_1763344785
9388032,1-Training-Losses/policy_loss,-2.240017056465149e-05,Pong1PCB2L336P__seed_8_1763344785
9392128,1-Training-Losses/policy_loss,2.0546838641166687e-05,Pong1PCB2L336P__seed_8_1763344785
9396224,1-Training-Losses/policy_loss,-1.4730729162693024e-05,Pong1PCB2L336P__seed_8_1763344785
9400320,1-Training-Losses/policy_loss,-2.0889565348625183e-06,Pong1PCB2L336P__seed_8_1763344785
9404416,1-Training-Losses/policy_loss,-2.1636486053466797e-05,Pong1PCB2L336P__seed_8_1763344785
9408512,1-Training-Losses/policy_loss,-3.120768815279007e-05,Pong1PCB2L336P__seed_8_1763344785
9412608,1-Training-Losses/policy_loss,-3.7496909499168396e-05,Pong1PCB2L336P__seed_8_1763344785
9416704,1-Training-Losses/policy_loss,-4.262663424015045e-06,Pong1PCB2L336P__seed_8_1763344785
9420800,1-Training-Losses/policy_loss,-3.879424184560776e-06,Pong1PCB2L336P__seed_8_1763344785
9424896,1-Training-Losses/policy_loss,-3.91639769077301e-05,Pong1PCB2L336P__seed_8_1763344785
9428992,1-Training-Losses/policy_loss,-8.316710591316223e-06,Pong1PCB2L336P__seed_8_1763344785
9433088,1-Training-Losses/policy_loss,-2.4558044970035553e-05,Pong1PCB2L336P__seed_8_1763344785
9437184,1-Training-Losses/policy_loss,-1.8059276044368744e-05,Pong1PCB2L336P__seed_8_1763344785
9441280,1-Training-Losses/policy_loss,-6.459816358983517e-05,Pong1PCB2L336P__seed_8_1763344785
9445376,1-Training-Losses/policy_loss,-4.450976848602295e-05,Pong1PCB2L336P__seed_8_1763344785
9449472,1-Training-Losses/policy_loss,3.682449460029602e-06,Pong1PCB2L336P__seed_8_1763344785
9453568,1-Training-Losses/policy_loss,-5.704350769519806e-07,Pong1PCB2L336P__seed_8_1763344785
9457664,1-Training-Losses/policy_loss,-4.804693162441254e-06,Pong1PCB2L336P__seed_8_1763344785
9461760,1-Training-Losses/policy_loss,-3.016088157892227e-06,Pong1PCB2L336P__seed_8_1763344785
9465856,1-Training-Losses/policy_loss,-1.8330290913581848e-05,Pong1PCB2L336P__seed_8_1763344785
9469952,1-Training-Losses/policy_loss,-0.00012916699051856995,Pong1PCB2L336P__seed_8_1763344785
9474048,1-Training-Losses/policy_loss,2.6309862732887268e-05,Pong1PCB2L336P__seed_8_1763344785
9478144,1-Training-Losses/policy_loss,1.0099727660417557e-05,Pong1PCB2L336P__seed_8_1763344785
9482240,1-Training-Losses/policy_loss,-4.9318186938762665e-06,Pong1PCB2L336P__seed_8_1763344785
9486336,1-Training-Losses/policy_loss,-2.3482367396354675e-05,Pong1PCB2L336P__seed_8_1763344785
9490432,1-Training-Losses/policy_loss,-2.8285197913646698e-05,Pong1PCB2L336P__seed_8_1763344785
9494528,1-Training-Losses/policy_loss,-5.790963768959045e-06,Pong1PCB2L336P__seed_8_1763344785
9498624,1-Training-Losses/policy_loss,-3.600958734750748e-05,Pong1PCB2L336P__seed_8_1763344785
9502720,1-Training-Losses/policy_loss,-7.828930392861366e-06,Pong1PCB2L336P__seed_8_1763344785
9506816,1-Training-Losses/policy_loss,-8.946284651756287e-06,Pong1PCB2L336P__seed_8_1763344785
9510912,1-Training-Losses/policy_loss,-3.2708048820495605e-06,Pong1PCB2L336P__seed_8_1763344785
9515008,1-Training-Losses/policy_loss,-1.3072974979877472e-05,Pong1PCB2L336P__seed_8_1763344785
9519104,1-Training-Losses/policy_loss,-4.86886128783226e-05,Pong1PCB2L336P__seed_8_1763344785
9523200,1-Training-Losses/policy_loss,-3.962777554988861e-07,Pong1PCB2L336P__seed_8_1763344785
9527296,1-Training-Losses/policy_loss,-4.708766937255859e-06,Pong1PCB2L336P__seed_8_1763344785
9531392,1-Training-Losses/policy_loss,-3.3602118492126465e-05,Pong1PCB2L336P__seed_8_1763344785
9535488,1-Training-Losses/policy_loss,3.865920007228851e-06,Pong1PCB2L336P__seed_8_1763344785
9539584,1-Training-Losses/policy_loss,-5.314662121236324e-05,Pong1PCB2L336P__seed_8_1763344785
9543680,1-Training-Losses/policy_loss,-8.271541446447372e-06,Pong1PCB2L336P__seed_8_1763344785
9547776,1-Training-Losses/policy_loss,-2.0345207303762436e-05,Pong1PCB2L336P__seed_8_1763344785
9551872,1-Training-Losses/policy_loss,-1.7229467630386353e-06,Pong1PCB2L336P__seed_8_1763344785
9555968,1-Training-Losses/policy_loss,-1.9055791199207306e-05,Pong1PCB2L336P__seed_8_1763344785
9560064,1-Training-Losses/policy_loss,-1.1085765436291695e-05,Pong1PCB2L336P__seed_8_1763344785
9564160,1-Training-Losses/policy_loss,-1.07642263174057e-05,Pong1PCB2L336P__seed_8_1763344785
9568256,1-Training-Losses/policy_loss,-1.813657581806183e-05,Pong1PCB2L336P__seed_8_1763344785
9572352,1-Training-Losses/policy_loss,-6.744638085365295e-06,Pong1PCB2L336P__seed_8_1763344785
9576448,1-Training-Losses/policy_loss,-3.4794211387634277e-06,Pong1PCB2L336P__seed_8_1763344785
9580544,1-Training-Losses/policy_loss,-9.980984032154083e-06,Pong1PCB2L336P__seed_8_1763344785
9584640,1-Training-Losses/policy_loss,9.043142199516296e-07,Pong1PCB2L336P__seed_8_1763344785
9588736,1-Training-Losses/policy_loss,-8.676201105117798e-06,Pong1PCB2L336P__seed_8_1763344785
9592832,1-Training-Losses/policy_loss,-2.426840364933014e-05,Pong1PCB2L336P__seed_8_1763344785
9596928,1-Training-Losses/policy_loss,-3.806315362453461e-05,Pong1PCB2L336P__seed_8_1763344785
9601024,1-Training-Losses/policy_loss,-2.841837704181671e-05,Pong1PCB2L336P__seed_8_1763344785
9605120,1-Training-Losses/policy_loss,-1.2963544577360153e-05,Pong1PCB2L336P__seed_8_1763344785
9609216,1-Training-Losses/policy_loss,-5.547492764890194e-05,Pong1PCB2L336P__seed_8_1763344785
9613312,1-Training-Losses/policy_loss,-2.1865591406822205e-05,Pong1PCB2L336P__seed_8_1763344785
9617408,1-Training-Losses/policy_loss,-5.3816474974155426e-05,Pong1PCB2L336P__seed_8_1763344785
9621504,1-Training-Losses/policy_loss,-4.0539074689149857e-05,Pong1PCB2L336P__seed_8_1763344785
9625600,1-Training-Losses/policy_loss,-6.159779150038958e-05,Pong1PCB2L336P__seed_8_1763344785
9629696,1-Training-Losses/policy_loss,-2.429913729429245e-05,Pong1PCB2L336P__seed_8_1763344785
9633792,1-Training-Losses/policy_loss,-7.079634815454483e-05,Pong1PCB2L336P__seed_8_1763344785
9637888,1-Training-Losses/policy_loss,3.4621916711330414e-06,Pong1PCB2L336P__seed_8_1763344785
9641984,1-Training-Losses/policy_loss,-2.1893996745347977e-05,Pong1PCB2L336P__seed_8_1763344785
9646080,1-Training-Losses/policy_loss,-9.206216782331467e-05,Pong1PCB2L336P__seed_8_1763344785
9650176,1-Training-Losses/policy_loss,1.5327241271734238e-05,Pong1PCB2L336P__seed_8_1763344785
9654272,1-Training-Losses/policy_loss,-0.00015566963702440262,Pong1PCB2L336P__seed_8_1763344785
9658368,1-Training-Losses/policy_loss,-2.263719215989113e-05,Pong1PCB2L336P__seed_8_1763344785
9662464,1-Training-Losses/policy_loss,1.9973143935203552e-05,Pong1PCB2L336P__seed_8_1763344785
9666560,1-Training-Losses/policy_loss,-3.034248948097229e-06,Pong1PCB2L336P__seed_8_1763344785
9670656,1-Training-Losses/policy_loss,-1.5629921108484268e-05,Pong1PCB2L336P__seed_8_1763344785
9674752,1-Training-Losses/policy_loss,2.975109964609146e-06,Pong1PCB2L336P__seed_8_1763344785
9678848,1-Training-Losses/policy_loss,-6.875954568386078e-06,Pong1PCB2L336P__seed_8_1763344785
9682944,1-Training-Losses/policy_loss,-6.845220923423767e-06,Pong1PCB2L336P__seed_8_1763344785
9687040,1-Training-Losses/policy_loss,-6.885267794132233e-06,Pong1PCB2L336P__seed_8_1763344785
9691136,1-Training-Losses/policy_loss,-7.924390956759453e-06,Pong1PCB2L336P__seed_8_1763344785
9695232,1-Training-Losses/policy_loss,1.1906959116458893e-06,Pong1PCB2L336P__seed_8_1763344785
9699328,1-Training-Losses/policy_loss,-2.2131484001874924e-05,Pong1PCB2L336P__seed_8_1763344785
9703424,1-Training-Losses/policy_loss,4.302710294723511e-07,Pong1PCB2L336P__seed_8_1763344785
9707520,1-Training-Losses/policy_loss,-1.1350959539413452e-05,Pong1PCB2L336P__seed_8_1763344785
9711616,1-Training-Losses/policy_loss,3.1660310924053192e-06,Pong1PCB2L336P__seed_8_1763344785
9715712,1-Training-Losses/policy_loss,-6.2927138060331345e-06,Pong1PCB2L336P__seed_8_1763344785
9719808,1-Training-Losses/policy_loss,-1.0451767593622208e-05,Pong1PCB2L336P__seed_8_1763344785
9723904,1-Training-Losses/policy_loss,-6.980262696743011e-07,Pong1PCB2L336P__seed_8_1763344785
9728000,1-Training-Losses/policy_loss,-6.9765374064445496e-06,Pong1PCB2L336P__seed_8_1763344785
9732096,1-Training-Losses/policy_loss,-1.9189901649951935e-06,Pong1PCB2L336P__seed_8_1763344785
9736192,1-Training-Losses/policy_loss,-2.3300526663661003e-05,Pong1PCB2L336P__seed_8_1763344785
9740288,1-Training-Losses/policy_loss,-8.556991815567017e-06,Pong1PCB2L336P__seed_8_1763344785
9744384,1-Training-Losses/policy_loss,-8.626841008663177e-06,Pong1PCB2L336P__seed_8_1763344785
9748480,1-Training-Losses/policy_loss,-3.375904634594917e-05,Pong1PCB2L336P__seed_8_1763344785
9752576,1-Training-Losses/policy_loss,-8.659902960062027e-06,Pong1PCB2L336P__seed_8_1763344785
9756672,1-Training-Losses/policy_loss,-1.3960525393486023e-05,Pong1PCB2L336P__seed_8_1763344785
9760768,1-Training-Losses/policy_loss,8.270144462585449e-07,Pong1PCB2L336P__seed_8_1763344785
9764864,1-Training-Losses/policy_loss,-1.7857179045677185e-05,Pong1PCB2L336P__seed_8_1763344785
9768960,1-Training-Losses/policy_loss,-8.102506399154663e-07,Pong1PCB2L336P__seed_8_1763344785
9773056,1-Training-Losses/policy_loss,-8.322298526763916e-06,Pong1PCB2L336P__seed_8_1763344785
9777152,1-Training-Losses/policy_loss,-3.2866373658180237e-06,Pong1PCB2L336P__seed_8_1763344785
9781248,1-Training-Losses/policy_loss,1.9436702132225037e-06,Pong1PCB2L336P__seed_8_1763344785
9785344,1-Training-Losses/policy_loss,-1.7734244465827942e-05,Pong1PCB2L336P__seed_8_1763344785
9789440,1-Training-Losses/policy_loss,6.071757525205612e-06,Pong1PCB2L336P__seed_8_1763344785
9793536,1-Training-Losses/policy_loss,-1.0637566447257996e-05,Pong1PCB2L336P__seed_8_1763344785
9797632,1-Training-Losses/policy_loss,-2.626795321702957e-06,Pong1PCB2L336P__seed_8_1763344785
9801728,1-Training-Losses/policy_loss,-6.9802626967430115e-06,Pong1PCB2L336P__seed_8_1763344785
9805824,1-Training-Losses/policy_loss,-1.0195653885602951e-05,Pong1PCB2L336P__seed_8_1763344785
9809920,1-Training-Losses/policy_loss,-3.470107913017273e-06,Pong1PCB2L336P__seed_8_1763344785
9814016,1-Training-Losses/policy_loss,-4.57223504781723e-05,Pong1PCB2L336P__seed_8_1763344785
9818112,1-Training-Losses/policy_loss,1.2792414054274559e-05,Pong1PCB2L336P__seed_8_1763344785
9822208,1-Training-Losses/policy_loss,-2.572266384959221e-05,Pong1PCB2L336P__seed_8_1763344785
9826304,1-Training-Losses/policy_loss,4.115048795938492e-06,Pong1PCB2L336P__seed_8_1763344785
9830400,1-Training-Losses/policy_loss,-3.247056156396866e-06,Pong1PCB2L336P__seed_8_1763344785
9834496,1-Training-Losses/policy_loss,-4.419824108481407e-06,Pong1PCB2L336P__seed_8_1763344785
9838592,1-Training-Losses/policy_loss,-6.154179573059082e-06,Pong1PCB2L336P__seed_8_1763344785
9842688,1-Training-Losses/policy_loss,-1.983542460948229e-05,Pong1PCB2L336P__seed_8_1763344785
9846784,1-Training-Losses/policy_loss,1.2943055480718613e-06,Pong1PCB2L336P__seed_8_1763344785
9850880,1-Training-Losses/policy_loss,-2.3636966943740845e-05,Pong1PCB2L336P__seed_8_1763344785
9854976,1-Training-Losses/policy_loss,4.266737960278988e-06,Pong1PCB2L336P__seed_8_1763344785
9859072,1-Training-Losses/policy_loss,-7.691094651818275e-06,Pong1PCB2L336P__seed_8_1763344785
9863168,1-Training-Losses/policy_loss,-1.1249212548136711e-05,Pong1PCB2L336P__seed_8_1763344785
9867264,1-Training-Losses/policy_loss,-1.8112361431121826e-05,Pong1PCB2L336P__seed_8_1763344785
9871360,1-Training-Losses/policy_loss,6.82310201227665e-07,Pong1PCB2L336P__seed_8_1763344785
9875456,1-Training-Losses/policy_loss,-3.334134817123413e-07,Pong1PCB2L336P__seed_8_1763344785
9879552,1-Training-Losses/policy_loss,-3.291293978691101e-06,Pong1PCB2L336P__seed_8_1763344785
9883648,1-Training-Losses/policy_loss,-5.479902029037476e-06,Pong1PCB2L336P__seed_8_1763344785
9887744,1-Training-Losses/policy_loss,-1.2676231563091278e-05,Pong1PCB2L336P__seed_8_1763344785
9891840,1-Training-Losses/policy_loss,-1.3755634427070618e-06,Pong1PCB2L336P__seed_8_1763344785
9895936,1-Training-Losses/policy_loss,4.5355409383773804e-07,Pong1PCB2L336P__seed_8_1763344785
9900032,1-Training-Losses/policy_loss,-2.0368024706840515e-06,Pong1PCB2L336P__seed_8_1763344785
9904128,1-Training-Losses/policy_loss,-3.1203962862491608e-06,Pong1PCB2L336P__seed_8_1763344785
9908224,1-Training-Losses/policy_loss,4.624016582965851e-07,Pong1PCB2L336P__seed_8_1763344785
9912320,1-Training-Losses/policy_loss,-3.6744168028235435e-06,Pong1PCB2L336P__seed_8_1763344785
9916416,1-Training-Losses/policy_loss,-1.766253262758255e-06,Pong1PCB2L336P__seed_8_1763344785
9920512,1-Training-Losses/policy_loss,-1.6540288925170898e-06,Pong1PCB2L336P__seed_8_1763344785
9924608,1-Training-Losses/policy_loss,-8.139526471495628e-06,Pong1PCB2L336P__seed_8_1763344785
9928704,1-Training-Losses/policy_loss,-2.576969563961029e-06,Pong1PCB2L336P__seed_8_1763344785
9932800,1-Training-Losses/policy_loss,-6.984919309616089e-08,Pong1PCB2L336P__seed_8_1763344785
9936896,1-Training-Losses/policy_loss,-5.341134965419769e-07,Pong1PCB2L336P__seed_8_1763344785
9940992,1-Training-Losses/policy_loss,-1.1995434761047363e-06,Pong1PCB2L336P__seed_8_1763344785
9945088,1-Training-Losses/policy_loss,4.819594323635101e-08,Pong1PCB2L336P__seed_8_1763344785
9949184,1-Training-Losses/policy_loss,-3.755558282136917e-07,Pong1PCB2L336P__seed_8_1763344785
9953280,1-Training-Losses/policy_loss,-6.509944796562195e-07,Pong1PCB2L336P__seed_8_1763344785
9957376,1-Training-Losses/policy_loss,1.1315569281578064e-07,Pong1PCB2L336P__seed_8_1763344785
9961472,1-Training-Losses/policy_loss,-2.4996697902679443e-06,Pong1PCB2L336P__seed_8_1763344785
9965568,1-Training-Losses/policy_loss,-1.1632218956947327e-06,Pong1PCB2L336P__seed_8_1763344785
9969664,1-Training-Losses/policy_loss,-1.3485550880432129e-06,Pong1PCB2L336P__seed_8_1763344785
9973760,1-Training-Losses/policy_loss,-1.1362135410308838e-07,Pong1PCB2L336P__seed_8_1763344785
9977856,1-Training-Losses/policy_loss,-1.3490207493305206e-06,Pong1PCB2L336P__seed_8_1763344785
9981952,1-Training-Losses/policy_loss,-2.8219074010849e-07,Pong1PCB2L336P__seed_8_1763344785
9986048,1-Training-Losses/policy_loss,-7.236376404762268e-07,Pong1PCB2L336P__seed_8_1763344785
9990144,1-Training-Losses/policy_loss,-3.771856427192688e-07,Pong1PCB2L336P__seed_8_1763344785
9994240,1-Training-Losses/policy_loss,1.564621925354004e-07,Pong1PCB2L336P__seed_8_1763344785
9998336,1-Training-Losses/policy_loss,-2.0477455109357834e-07,Pong1PCB2L336P__seed_8_1763344785
4096,1-Training-Losses/value_loss,0.009359675459563732,Pong1PCB2L336P__seed_8_1763344785
8192,1-Training-Losses/value_loss,0.042883314192295074,Pong1PCB2L336P__seed_8_1763344785
12288,1-Training-Losses/value_loss,0.029809270054101944,Pong1PCB2L336P__seed_8_1763344785
16384,1-Training-Losses/value_loss,0.03923115134239197,Pong1PCB2L336P__seed_8_1763344785
20480,1-Training-Losses/value_loss,0.040149252861738205,Pong1PCB2L336P__seed_8_1763344785
24576,1-Training-Losses/value_loss,0.0284488033503294,Pong1PCB2L336P__seed_8_1763344785
28672,1-Training-Losses/value_loss,0.03546106070280075,Pong1PCB2L336P__seed_8_1763344785
32768,1-Training-Losses/value_loss,0.03317263722419739,Pong1PCB2L336P__seed_8_1763344785
36864,1-Training-Losses/value_loss,0.030439753085374832,Pong1PCB2L336P__seed_8_1763344785
40960,1-Training-Losses/value_loss,0.03387962281703949,Pong1PCB2L336P__seed_8_1763344785
45056,1-Training-Losses/value_loss,0.027182703837752342,Pong1PCB2L336P__seed_8_1763344785
49152,1-Training-Losses/value_loss,0.040729351341724396,Pong1PCB2L336P__seed_8_1763344785
53248,1-Training-Losses/value_loss,0.02671651542186737,Pong1PCB2L336P__seed_8_1763344785
57344,1-Training-Losses/value_loss,0.03286191076040268,Pong1PCB2L336P__seed_8_1763344785
61440,1-Training-Losses/value_loss,0.024184929206967354,Pong1PCB2L336P__seed_8_1763344785
65536,1-Training-Losses/value_loss,0.02840505912899971,Pong1PCB2L336P__seed_8_1763344785
69632,1-Training-Losses/value_loss,0.028644243255257607,Pong1PCB2L336P__seed_8_1763344785
73728,1-Training-Losses/value_loss,0.029682785272598267,Pong1PCB2L336P__seed_8_1763344785
77824,1-Training-Losses/value_loss,0.028830742463469505,Pong1PCB2L336P__seed_8_1763344785
81920,1-Training-Losses/value_loss,0.020563682541251183,Pong1PCB2L336P__seed_8_1763344785
86016,1-Training-Losses/value_loss,0.025810202583670616,Pong1PCB2L336P__seed_8_1763344785
90112,1-Training-Losses/value_loss,0.026667620986700058,Pong1PCB2L336P__seed_8_1763344785
94208,1-Training-Losses/value_loss,0.02465786039829254,Pong1PCB2L336P__seed_8_1763344785
98304,1-Training-Losses/value_loss,0.02443988248705864,Pong1PCB2L336P__seed_8_1763344785
102400,1-Training-Losses/value_loss,0.0250350683927536,Pong1PCB2L336P__seed_8_1763344785
106496,1-Training-Losses/value_loss,0.030191607773303986,Pong1PCB2L336P__seed_8_1763344785
110592,1-Training-Losses/value_loss,0.029727982357144356,Pong1PCB2L336P__seed_8_1763344785
114688,1-Training-Losses/value_loss,0.03143801540136337,Pong1PCB2L336P__seed_8_1763344785
118784,1-Training-Losses/value_loss,0.028345119208097458,Pong1PCB2L336P__seed_8_1763344785
122880,1-Training-Losses/value_loss,0.028177928179502487,Pong1PCB2L336P__seed_8_1763344785
126976,1-Training-Losses/value_loss,0.024790756404399872,Pong1PCB2L336P__seed_8_1763344785
131072,1-Training-Losses/value_loss,0.032806143164634705,Pong1PCB2L336P__seed_8_1763344785
135168,1-Training-Losses/value_loss,0.024636024609208107,Pong1PCB2L336P__seed_8_1763344785
139264,1-Training-Losses/value_loss,0.025251872837543488,Pong1PCB2L336P__seed_8_1763344785
143360,1-Training-Losses/value_loss,0.02391873300075531,Pong1PCB2L336P__seed_8_1763344785
147456,1-Training-Losses/value_loss,0.026008326560258865,Pong1PCB2L336P__seed_8_1763344785
151552,1-Training-Losses/value_loss,0.02596724033355713,Pong1PCB2L336P__seed_8_1763344785
155648,1-Training-Losses/value_loss,0.025921817868947983,Pong1PCB2L336P__seed_8_1763344785
159744,1-Training-Losses/value_loss,0.01961354725062847,Pong1PCB2L336P__seed_8_1763344785
163840,1-Training-Losses/value_loss,0.02210135944187641,Pong1PCB2L336P__seed_8_1763344785
167936,1-Training-Losses/value_loss,0.027700280770659447,Pong1PCB2L336P__seed_8_1763344785
172032,1-Training-Losses/value_loss,0.024775579571723938,Pong1PCB2L336P__seed_8_1763344785
176128,1-Training-Losses/value_loss,0.026278577744960785,Pong1PCB2L336P__seed_8_1763344785
180224,1-Training-Losses/value_loss,0.02278589829802513,Pong1PCB2L336P__seed_8_1763344785
184320,1-Training-Losses/value_loss,0.023402584716677666,Pong1PCB2L336P__seed_8_1763344785
188416,1-Training-Losses/value_loss,0.02447163313627243,Pong1PCB2L336P__seed_8_1763344785
192512,1-Training-Losses/value_loss,0.02602827176451683,Pong1PCB2L336P__seed_8_1763344785
196608,1-Training-Losses/value_loss,0.025483254343271255,Pong1PCB2L336P__seed_8_1763344785
200704,1-Training-Losses/value_loss,0.030473139137029648,Pong1PCB2L336P__seed_8_1763344785
204800,1-Training-Losses/value_loss,0.0250442773103714,Pong1PCB2L336P__seed_8_1763344785
208896,1-Training-Losses/value_loss,0.026575151830911636,Pong1PCB2L336P__seed_8_1763344785
212992,1-Training-Losses/value_loss,0.025479085743427277,Pong1PCB2L336P__seed_8_1763344785
217088,1-Training-Losses/value_loss,0.0243239626288414,Pong1PCB2L336P__seed_8_1763344785
221184,1-Training-Losses/value_loss,0.02297479659318924,Pong1PCB2L336P__seed_8_1763344785
225280,1-Training-Losses/value_loss,0.02475527860224247,Pong1PCB2L336P__seed_8_1763344785
229376,1-Training-Losses/value_loss,0.02642112784087658,Pong1PCB2L336P__seed_8_1763344785
233472,1-Training-Losses/value_loss,0.027826379984617233,Pong1PCB2L336P__seed_8_1763344785
237568,1-Training-Losses/value_loss,0.028577812016010284,Pong1PCB2L336P__seed_8_1763344785
241664,1-Training-Losses/value_loss,0.026980213820934296,Pong1PCB2L336P__seed_8_1763344785
245760,1-Training-Losses/value_loss,0.02399350143969059,Pong1PCB2L336P__seed_8_1763344785
249856,1-Training-Losses/value_loss,0.024265911430120468,Pong1PCB2L336P__seed_8_1763344785
253952,1-Training-Losses/value_loss,0.023343730717897415,Pong1PCB2L336P__seed_8_1763344785
258048,1-Training-Losses/value_loss,0.026227513328194618,Pong1PCB2L336P__seed_8_1763344785
262144,1-Training-Losses/value_loss,0.02827872708439827,Pong1PCB2L336P__seed_8_1763344785
266240,1-Training-Losses/value_loss,0.028070788830518723,Pong1PCB2L336P__seed_8_1763344785
270336,1-Training-Losses/value_loss,0.027635861188173294,Pong1PCB2L336P__seed_8_1763344785
274432,1-Training-Losses/value_loss,0.031181059777736664,Pong1PCB2L336P__seed_8_1763344785
278528,1-Training-Losses/value_loss,0.026546522974967957,Pong1PCB2L336P__seed_8_1763344785
282624,1-Training-Losses/value_loss,0.023728784173727036,Pong1PCB2L336P__seed_8_1763344785
286720,1-Training-Losses/value_loss,0.02867951989173889,Pong1PCB2L336P__seed_8_1763344785
290816,1-Training-Losses/value_loss,0.030192285776138306,Pong1PCB2L336P__seed_8_1763344785
294912,1-Training-Losses/value_loss,0.030339298769831657,Pong1PCB2L336P__seed_8_1763344785
299008,1-Training-Losses/value_loss,0.027014829218387604,Pong1PCB2L336P__seed_8_1763344785
303104,1-Training-Losses/value_loss,0.0295244287699461,Pong1PCB2L336P__seed_8_1763344785
307200,1-Training-Losses/value_loss,0.02746221236884594,Pong1PCB2L336P__seed_8_1763344785
311296,1-Training-Losses/value_loss,0.026311509311199188,Pong1PCB2L336P__seed_8_1763344785
315392,1-Training-Losses/value_loss,0.02980617620050907,Pong1PCB2L336P__seed_8_1763344785
319488,1-Training-Losses/value_loss,0.02887236885726452,Pong1PCB2L336P__seed_8_1763344785
323584,1-Training-Losses/value_loss,0.02855687402188778,Pong1PCB2L336P__seed_8_1763344785
327680,1-Training-Losses/value_loss,0.02491213008761406,Pong1PCB2L336P__seed_8_1763344785
331776,1-Training-Losses/value_loss,0.025248698890209198,Pong1PCB2L336P__seed_8_1763344785
335872,1-Training-Losses/value_loss,0.026913467794656754,Pong1PCB2L336P__seed_8_1763344785
339968,1-Training-Losses/value_loss,0.028430785983800888,Pong1PCB2L336P__seed_8_1763344785
344064,1-Training-Losses/value_loss,0.028275853022933006,Pong1PCB2L336P__seed_8_1763344785
348160,1-Training-Losses/value_loss,0.024288970977067947,Pong1PCB2L336P__seed_8_1763344785
352256,1-Training-Losses/value_loss,0.027584141120314598,Pong1PCB2L336P__seed_8_1763344785
356352,1-Training-Losses/value_loss,0.027280937880277634,Pong1PCB2L336P__seed_8_1763344785
360448,1-Training-Losses/value_loss,0.02607768401503563,Pong1PCB2L336P__seed_8_1763344785
364544,1-Training-Losses/value_loss,0.031297873705625534,Pong1PCB2L336P__seed_8_1763344785
368640,1-Training-Losses/value_loss,0.02339523285627365,Pong1PCB2L336P__seed_8_1763344785
372736,1-Training-Losses/value_loss,0.03078276664018631,Pong1PCB2L336P__seed_8_1763344785
376832,1-Training-Losses/value_loss,0.029875973239541054,Pong1PCB2L336P__seed_8_1763344785
380928,1-Training-Losses/value_loss,0.02842208370566368,Pong1PCB2L336P__seed_8_1763344785
385024,1-Training-Losses/value_loss,0.026980329304933548,Pong1PCB2L336P__seed_8_1763344785
389120,1-Training-Losses/value_loss,0.026092112064361572,Pong1PCB2L336P__seed_8_1763344785
393216,1-Training-Losses/value_loss,0.025387486442923546,Pong1PCB2L336P__seed_8_1763344785
397312,1-Training-Losses/value_loss,0.02894022688269615,Pong1PCB2L336P__seed_8_1763344785
401408,1-Training-Losses/value_loss,0.0267462357878685,Pong1PCB2L336P__seed_8_1763344785
405504,1-Training-Losses/value_loss,0.026622848585247993,Pong1PCB2L336P__seed_8_1763344785
409600,1-Training-Losses/value_loss,0.024954482913017273,Pong1PCB2L336P__seed_8_1763344785
413696,1-Training-Losses/value_loss,0.0229264535009861,Pong1PCB2L336P__seed_8_1763344785
417792,1-Training-Losses/value_loss,0.027050703763961792,Pong1PCB2L336P__seed_8_1763344785
421888,1-Training-Losses/value_loss,0.02612621709704399,Pong1PCB2L336P__seed_8_1763344785
425984,1-Training-Losses/value_loss,0.026294348761439323,Pong1PCB2L336P__seed_8_1763344785
430080,1-Training-Losses/value_loss,0.022967509925365448,Pong1PCB2L336P__seed_8_1763344785
434176,1-Training-Losses/value_loss,0.025677211582660675,Pong1PCB2L336P__seed_8_1763344785
438272,1-Training-Losses/value_loss,0.026263397186994553,Pong1PCB2L336P__seed_8_1763344785
442368,1-Training-Losses/value_loss,0.027648217976093292,Pong1PCB2L336P__seed_8_1763344785
446464,1-Training-Losses/value_loss,0.025748925283551216,Pong1PCB2L336P__seed_8_1763344785
450560,1-Training-Losses/value_loss,0.025349603965878487,Pong1PCB2L336P__seed_8_1763344785
454656,1-Training-Losses/value_loss,0.02638174034655094,Pong1PCB2L336P__seed_8_1763344785
458752,1-Training-Losses/value_loss,0.027369923889636993,Pong1PCB2L336P__seed_8_1763344785
462848,1-Training-Losses/value_loss,0.02209058403968811,Pong1PCB2L336P__seed_8_1763344785
466944,1-Training-Losses/value_loss,0.023858755826950073,Pong1PCB2L336P__seed_8_1763344785
471040,1-Training-Losses/value_loss,0.024824487045407295,Pong1PCB2L336P__seed_8_1763344785
475136,1-Training-Losses/value_loss,0.023303888738155365,Pong1PCB2L336P__seed_8_1763344785
479232,1-Training-Losses/value_loss,0.028373926877975464,Pong1PCB2L336P__seed_8_1763344785
483328,1-Training-Losses/value_loss,0.02133706584572792,Pong1PCB2L336P__seed_8_1763344785
487424,1-Training-Losses/value_loss,0.024617254734039307,Pong1PCB2L336P__seed_8_1763344785
491520,1-Training-Losses/value_loss,0.022918740287423134,Pong1PCB2L336P__seed_8_1763344785
495616,1-Training-Losses/value_loss,0.02317676693201065,Pong1PCB2L336P__seed_8_1763344785
499712,1-Training-Losses/value_loss,0.02405700832605362,Pong1PCB2L336P__seed_8_1763344785
503808,1-Training-Losses/value_loss,0.02523099258542061,Pong1PCB2L336P__seed_8_1763344785
507904,1-Training-Losses/value_loss,0.021848201751708984,Pong1PCB2L336P__seed_8_1763344785
512000,1-Training-Losses/value_loss,0.022640880197286606,Pong1PCB2L336P__seed_8_1763344785
516096,1-Training-Losses/value_loss,0.023912958800792694,Pong1PCB2L336P__seed_8_1763344785
520192,1-Training-Losses/value_loss,0.020745079964399338,Pong1PCB2L336P__seed_8_1763344785
524288,1-Training-Losses/value_loss,0.01987762376666069,Pong1PCB2L336P__seed_8_1763344785
528384,1-Training-Losses/value_loss,0.025325274094939232,Pong1PCB2L336P__seed_8_1763344785
532480,1-Training-Losses/value_loss,0.021075790748000145,Pong1PCB2L336P__seed_8_1763344785
536576,1-Training-Losses/value_loss,0.022292299196124077,Pong1PCB2L336P__seed_8_1763344785
540672,1-Training-Losses/value_loss,0.024060770869255066,Pong1PCB2L336P__seed_8_1763344785
544768,1-Training-Losses/value_loss,0.01983979530632496,Pong1PCB2L336P__seed_8_1763344785
548864,1-Training-Losses/value_loss,0.021261081099510193,Pong1PCB2L336P__seed_8_1763344785
552960,1-Training-Losses/value_loss,0.020380236208438873,Pong1PCB2L336P__seed_8_1763344785
557056,1-Training-Losses/value_loss,0.020269013941287994,Pong1PCB2L336P__seed_8_1763344785
561152,1-Training-Losses/value_loss,0.022071851417422295,Pong1PCB2L336P__seed_8_1763344785
565248,1-Training-Losses/value_loss,0.021154142916202545,Pong1PCB2L336P__seed_8_1763344785
569344,1-Training-Losses/value_loss,0.020513027906417847,Pong1PCB2L336P__seed_8_1763344785
573440,1-Training-Losses/value_loss,0.01945481076836586,Pong1PCB2L336P__seed_8_1763344785
577536,1-Training-Losses/value_loss,0.019731950014829636,Pong1PCB2L336P__seed_8_1763344785
581632,1-Training-Losses/value_loss,0.02286069095134735,Pong1PCB2L336P__seed_8_1763344785
585728,1-Training-Losses/value_loss,0.01646556705236435,Pong1PCB2L336P__seed_8_1763344785
589824,1-Training-Losses/value_loss,0.021918483078479767,Pong1PCB2L336P__seed_8_1763344785
593920,1-Training-Losses/value_loss,0.02392500638961792,Pong1PCB2L336P__seed_8_1763344785
598016,1-Training-Losses/value_loss,0.02078452706336975,Pong1PCB2L336P__seed_8_1763344785
602112,1-Training-Losses/value_loss,0.017300298437476158,Pong1PCB2L336P__seed_8_1763344785
606208,1-Training-Losses/value_loss,0.021572154015302658,Pong1PCB2L336P__seed_8_1763344785
610304,1-Training-Losses/value_loss,0.020104169845581055,Pong1PCB2L336P__seed_8_1763344785
614400,1-Training-Losses/value_loss,0.01870676502585411,Pong1PCB2L336P__seed_8_1763344785
618496,1-Training-Losses/value_loss,0.022030679509043694,Pong1PCB2L336P__seed_8_1763344785
622592,1-Training-Losses/value_loss,0.02360137738287449,Pong1PCB2L336P__seed_8_1763344785
626688,1-Training-Losses/value_loss,0.021842749789357185,Pong1PCB2L336P__seed_8_1763344785
630784,1-Training-Losses/value_loss,0.021378768607974052,Pong1PCB2L336P__seed_8_1763344785
634880,1-Training-Losses/value_loss,0.02042352966964245,Pong1PCB2L336P__seed_8_1763344785
638976,1-Training-Losses/value_loss,0.018574070185422897,Pong1PCB2L336P__seed_8_1763344785
643072,1-Training-Losses/value_loss,0.01540307141840458,Pong1PCB2L336P__seed_8_1763344785
647168,1-Training-Losses/value_loss,0.019916988909244537,Pong1PCB2L336P__seed_8_1763344785
651264,1-Training-Losses/value_loss,0.018252339214086533,Pong1PCB2L336P__seed_8_1763344785
655360,1-Training-Losses/value_loss,0.020484838634729385,Pong1PCB2L336P__seed_8_1763344785
659456,1-Training-Losses/value_loss,0.017471864819526672,Pong1PCB2L336P__seed_8_1763344785
663552,1-Training-Losses/value_loss,0.020100627094507217,Pong1PCB2L336P__seed_8_1763344785
667648,1-Training-Losses/value_loss,0.018006006255745888,Pong1PCB2L336P__seed_8_1763344785
671744,1-Training-Losses/value_loss,0.02333107218146324,Pong1PCB2L336P__seed_8_1763344785
675840,1-Training-Losses/value_loss,0.017942696809768677,Pong1PCB2L336P__seed_8_1763344785
679936,1-Training-Losses/value_loss,0.020847395062446594,Pong1PCB2L336P__seed_8_1763344785
684032,1-Training-Losses/value_loss,0.01697414368391037,Pong1PCB2L336P__seed_8_1763344785
688128,1-Training-Losses/value_loss,0.020713824778795242,Pong1PCB2L336P__seed_8_1763344785
692224,1-Training-Losses/value_loss,0.01995491422712803,Pong1PCB2L336P__seed_8_1763344785
696320,1-Training-Losses/value_loss,0.017777742817997932,Pong1PCB2L336P__seed_8_1763344785
700416,1-Training-Losses/value_loss,0.018877794966101646,Pong1PCB2L336P__seed_8_1763344785
704512,1-Training-Losses/value_loss,0.01571616902947426,Pong1PCB2L336P__seed_8_1763344785
708608,1-Training-Losses/value_loss,0.018237359821796417,Pong1PCB2L336P__seed_8_1763344785
712704,1-Training-Losses/value_loss,0.023439615964889526,Pong1PCB2L336P__seed_8_1763344785
716800,1-Training-Losses/value_loss,0.01723918691277504,Pong1PCB2L336P__seed_8_1763344785
720896,1-Training-Losses/value_loss,0.018359646201133728,Pong1PCB2L336P__seed_8_1763344785
724992,1-Training-Losses/value_loss,0.0210123173892498,Pong1PCB2L336P__seed_8_1763344785
729088,1-Training-Losses/value_loss,0.019482318311929703,Pong1PCB2L336P__seed_8_1763344785
733184,1-Training-Losses/value_loss,0.01900794543325901,Pong1PCB2L336P__seed_8_1763344785
737280,1-Training-Losses/value_loss,0.017249805852770805,Pong1PCB2L336P__seed_8_1763344785
741376,1-Training-Losses/value_loss,0.017184890806674957,Pong1PCB2L336P__seed_8_1763344785
745472,1-Training-Losses/value_loss,0.01757935807108879,Pong1PCB2L336P__seed_8_1763344785
749568,1-Training-Losses/value_loss,0.021465346217155457,Pong1PCB2L336P__seed_8_1763344785
753664,1-Training-Losses/value_loss,0.01893959380686283,Pong1PCB2L336P__seed_8_1763344785
757760,1-Training-Losses/value_loss,0.018644414842128754,Pong1PCB2L336P__seed_8_1763344785
761856,1-Training-Losses/value_loss,0.017101429402828217,Pong1PCB2L336P__seed_8_1763344785
765952,1-Training-Losses/value_loss,0.019558463245630264,Pong1PCB2L336P__seed_8_1763344785
770048,1-Training-Losses/value_loss,0.021187448874115944,Pong1PCB2L336P__seed_8_1763344785
774144,1-Training-Losses/value_loss,0.017442118376493454,Pong1PCB2L336P__seed_8_1763344785
778240,1-Training-Losses/value_loss,0.017947755753993988,Pong1PCB2L336P__seed_8_1763344785
782336,1-Training-Losses/value_loss,0.02432330884039402,Pong1PCB2L336P__seed_8_1763344785
786432,1-Training-Losses/value_loss,0.021258099004626274,Pong1PCB2L336P__seed_8_1763344785
790528,1-Training-Losses/value_loss,0.018197808414697647,Pong1PCB2L336P__seed_8_1763344785
794624,1-Training-Losses/value_loss,0.018804598599672318,Pong1PCB2L336P__seed_8_1763344785
798720,1-Training-Losses/value_loss,0.021813802421092987,Pong1PCB2L336P__seed_8_1763344785
802816,1-Training-Losses/value_loss,0.019634805619716644,Pong1PCB2L336P__seed_8_1763344785
806912,1-Training-Losses/value_loss,0.0183832049369812,Pong1PCB2L336P__seed_8_1763344785
811008,1-Training-Losses/value_loss,0.022103577852249146,Pong1PCB2L336P__seed_8_1763344785
815104,1-Training-Losses/value_loss,0.02160489931702614,Pong1PCB2L336P__seed_8_1763344785
819200,1-Training-Losses/value_loss,0.018482830375432968,Pong1PCB2L336P__seed_8_1763344785
823296,1-Training-Losses/value_loss,0.020452726632356644,Pong1PCB2L336P__seed_8_1763344785
827392,1-Training-Losses/value_loss,0.017132502049207687,Pong1PCB2L336P__seed_8_1763344785
831488,1-Training-Losses/value_loss,0.02370702475309372,Pong1PCB2L336P__seed_8_1763344785
835584,1-Training-Losses/value_loss,0.0233432836830616,Pong1PCB2L336P__seed_8_1763344785
839680,1-Training-Losses/value_loss,0.02006443962454796,Pong1PCB2L336P__seed_8_1763344785
843776,1-Training-Losses/value_loss,0.018640603870153427,Pong1PCB2L336P__seed_8_1763344785
847872,1-Training-Losses/value_loss,0.018285613507032394,Pong1PCB2L336P__seed_8_1763344785
851968,1-Training-Losses/value_loss,0.024393415078520775,Pong1PCB2L336P__seed_8_1763344785
856064,1-Training-Losses/value_loss,0.017854910343885422,Pong1PCB2L336P__seed_8_1763344785
860160,1-Training-Losses/value_loss,0.023357665166258812,Pong1PCB2L336P__seed_8_1763344785
864256,1-Training-Losses/value_loss,0.021246790885925293,Pong1PCB2L336P__seed_8_1763344785
868352,1-Training-Losses/value_loss,0.02084910124540329,Pong1PCB2L336P__seed_8_1763344785
872448,1-Training-Losses/value_loss,0.02427840046584606,Pong1PCB2L336P__seed_8_1763344785
876544,1-Training-Losses/value_loss,0.016586478799581528,Pong1PCB2L336P__seed_8_1763344785
880640,1-Training-Losses/value_loss,0.022288907319307327,Pong1PCB2L336P__seed_8_1763344785
884736,1-Training-Losses/value_loss,0.020436210557818413,Pong1PCB2L336P__seed_8_1763344785
888832,1-Training-Losses/value_loss,0.018106546252965927,Pong1PCB2L336P__seed_8_1763344785
892928,1-Training-Losses/value_loss,0.019621115177869797,Pong1PCB2L336P__seed_8_1763344785
897024,1-Training-Losses/value_loss,0.021507883444428444,Pong1PCB2L336P__seed_8_1763344785
901120,1-Training-Losses/value_loss,0.019767800346016884,Pong1PCB2L336P__seed_8_1763344785
905216,1-Training-Losses/value_loss,0.020566444844007492,Pong1PCB2L336P__seed_8_1763344785
909312,1-Training-Losses/value_loss,0.019550122320652008,Pong1PCB2L336P__seed_8_1763344785
913408,1-Training-Losses/value_loss,0.022527892142534256,Pong1PCB2L336P__seed_8_1763344785
917504,1-Training-Losses/value_loss,0.018398374319076538,Pong1PCB2L336P__seed_8_1763344785
921600,1-Training-Losses/value_loss,0.023670412600040436,Pong1PCB2L336P__seed_8_1763344785
925696,1-Training-Losses/value_loss,0.02142719179391861,Pong1PCB2L336P__seed_8_1763344785
929792,1-Training-Losses/value_loss,0.01644883304834366,Pong1PCB2L336P__seed_8_1763344785
933888,1-Training-Losses/value_loss,0.016829947009682655,Pong1PCB2L336P__seed_8_1763344785
937984,1-Training-Losses/value_loss,0.020524324849247932,Pong1PCB2L336P__seed_8_1763344785
942080,1-Training-Losses/value_loss,0.019494280219078064,Pong1PCB2L336P__seed_8_1763344785
946176,1-Training-Losses/value_loss,0.023330284282565117,Pong1PCB2L336P__seed_8_1763344785
950272,1-Training-Losses/value_loss,0.021766457706689835,Pong1PCB2L336P__seed_8_1763344785
954368,1-Training-Losses/value_loss,0.01776539906859398,Pong1PCB2L336P__seed_8_1763344785
958464,1-Training-Losses/value_loss,0.020876407623291016,Pong1PCB2L336P__seed_8_1763344785
962560,1-Training-Losses/value_loss,0.016206122934818268,Pong1PCB2L336P__seed_8_1763344785
966656,1-Training-Losses/value_loss,0.021656960248947144,Pong1PCB2L336P__seed_8_1763344785
970752,1-Training-Losses/value_loss,0.016941122710704803,Pong1PCB2L336P__seed_8_1763344785
974848,1-Training-Losses/value_loss,0.013613521121442318,Pong1PCB2L336P__seed_8_1763344785
978944,1-Training-Losses/value_loss,0.019541921094059944,Pong1PCB2L336P__seed_8_1763344785
983040,1-Training-Losses/value_loss,0.014557883143424988,Pong1PCB2L336P__seed_8_1763344785
987136,1-Training-Losses/value_loss,0.019218960776925087,Pong1PCB2L336P__seed_8_1763344785
991232,1-Training-Losses/value_loss,0.017080068588256836,Pong1PCB2L336P__seed_8_1763344785
995328,1-Training-Losses/value_loss,0.019354049116373062,Pong1PCB2L336P__seed_8_1763344785
999424,1-Training-Losses/value_loss,0.02457796037197113,Pong1PCB2L336P__seed_8_1763344785
1003520,1-Training-Losses/value_loss,0.01960662752389908,Pong1PCB2L336P__seed_8_1763344785
1007616,1-Training-Losses/value_loss,0.015675920993089676,Pong1PCB2L336P__seed_8_1763344785
1011712,1-Training-Losses/value_loss,0.01778508350253105,Pong1PCB2L336P__seed_8_1763344785
1015808,1-Training-Losses/value_loss,0.017288759350776672,Pong1PCB2L336P__seed_8_1763344785
1019904,1-Training-Losses/value_loss,0.01648763194680214,Pong1PCB2L336P__seed_8_1763344785
1024000,1-Training-Losses/value_loss,0.021860811859369278,Pong1PCB2L336P__seed_8_1763344785
1028096,1-Training-Losses/value_loss,0.01626175455749035,Pong1PCB2L336P__seed_8_1763344785
1032192,1-Training-Losses/value_loss,0.016157854348421097,Pong1PCB2L336P__seed_8_1763344785
1036288,1-Training-Losses/value_loss,0.01734575442969799,Pong1PCB2L336P__seed_8_1763344785
1040384,1-Training-Losses/value_loss,0.01782994344830513,Pong1PCB2L336P__seed_8_1763344785
1044480,1-Training-Losses/value_loss,0.017457034438848495,Pong1PCB2L336P__seed_8_1763344785
1048576,1-Training-Losses/value_loss,0.014011661522090435,Pong1PCB2L336P__seed_8_1763344785
1052672,1-Training-Losses/value_loss,0.022775832563638687,Pong1PCB2L336P__seed_8_1763344785
1056768,1-Training-Losses/value_loss,0.01785278134047985,Pong1PCB2L336P__seed_8_1763344785
1060864,1-Training-Losses/value_loss,0.014584091491997242,Pong1PCB2L336P__seed_8_1763344785
1064960,1-Training-Losses/value_loss,0.012545893900096416,Pong1PCB2L336P__seed_8_1763344785
1069056,1-Training-Losses/value_loss,0.013033417984843254,Pong1PCB2L336P__seed_8_1763344785
1073152,1-Training-Losses/value_loss,0.015091018751263618,Pong1PCB2L336P__seed_8_1763344785
1077248,1-Training-Losses/value_loss,0.014398920349776745,Pong1PCB2L336P__seed_8_1763344785
1081344,1-Training-Losses/value_loss,0.012606777250766754,Pong1PCB2L336P__seed_8_1763344785
1085440,1-Training-Losses/value_loss,0.01766105368733406,Pong1PCB2L336P__seed_8_1763344785
1089536,1-Training-Losses/value_loss,0.017556732520461082,Pong1PCB2L336P__seed_8_1763344785
1093632,1-Training-Losses/value_loss,0.015818141400814056,Pong1PCB2L336P__seed_8_1763344785
1097728,1-Training-Losses/value_loss,0.016407892107963562,Pong1PCB2L336P__seed_8_1763344785
1101824,1-Training-Losses/value_loss,0.018639717251062393,Pong1PCB2L336P__seed_8_1763344785
1105920,1-Training-Losses/value_loss,0.021660028025507927,Pong1PCB2L336P__seed_8_1763344785
1110016,1-Training-Losses/value_loss,0.017977148294448853,Pong1PCB2L336P__seed_8_1763344785
1114112,1-Training-Losses/value_loss,0.0206049382686615,Pong1PCB2L336P__seed_8_1763344785
1118208,1-Training-Losses/value_loss,0.010623142123222351,Pong1PCB2L336P__seed_8_1763344785
1122304,1-Training-Losses/value_loss,0.019080299884080887,Pong1PCB2L336P__seed_8_1763344785
1126400,1-Training-Losses/value_loss,0.014038639143109322,Pong1PCB2L336P__seed_8_1763344785
1130496,1-Training-Losses/value_loss,0.016170170158147812,Pong1PCB2L336P__seed_8_1763344785
1134592,1-Training-Losses/value_loss,0.017597725614905357,Pong1PCB2L336P__seed_8_1763344785
1138688,1-Training-Losses/value_loss,0.014784494414925575,Pong1PCB2L336P__seed_8_1763344785
1142784,1-Training-Losses/value_loss,0.01729341223835945,Pong1PCB2L336P__seed_8_1763344785
1146880,1-Training-Losses/value_loss,0.019930152222514153,Pong1PCB2L336P__seed_8_1763344785
1150976,1-Training-Losses/value_loss,0.017351875081658363,Pong1PCB2L336P__seed_8_1763344785
1155072,1-Training-Losses/value_loss,0.01913834549486637,Pong1PCB2L336P__seed_8_1763344785
1159168,1-Training-Losses/value_loss,0.01836640015244484,Pong1PCB2L336P__seed_8_1763344785
1163264,1-Training-Losses/value_loss,0.015993911772966385,Pong1PCB2L336P__seed_8_1763344785
1167360,1-Training-Losses/value_loss,0.017627961933612823,Pong1PCB2L336P__seed_8_1763344785
1171456,1-Training-Losses/value_loss,0.01622827537357807,Pong1PCB2L336P__seed_8_1763344785
1175552,1-Training-Losses/value_loss,0.014294002205133438,Pong1PCB2L336P__seed_8_1763344785
1179648,1-Training-Losses/value_loss,0.013115212321281433,Pong1PCB2L336P__seed_8_1763344785
1183744,1-Training-Losses/value_loss,0.015014901757240295,Pong1PCB2L336P__seed_8_1763344785
1187840,1-Training-Losses/value_loss,0.022616323083639145,Pong1PCB2L336P__seed_8_1763344785
1191936,1-Training-Losses/value_loss,0.016675885766744614,Pong1PCB2L336P__seed_8_1763344785
1196032,1-Training-Losses/value_loss,0.01931428164243698,Pong1PCB2L336P__seed_8_1763344785
1200128,1-Training-Losses/value_loss,0.018569469451904297,Pong1PCB2L336P__seed_8_1763344785
1204224,1-Training-Losses/value_loss,0.015742693096399307,Pong1PCB2L336P__seed_8_1763344785
1208320,1-Training-Losses/value_loss,0.01789681985974312,Pong1PCB2L336P__seed_8_1763344785
1212416,1-Training-Losses/value_loss,0.01831642910838127,Pong1PCB2L336P__seed_8_1763344785
1216512,1-Training-Losses/value_loss,0.012667553499341011,Pong1PCB2L336P__seed_8_1763344785
1220608,1-Training-Losses/value_loss,0.017909543588757515,Pong1PCB2L336P__seed_8_1763344785
1224704,1-Training-Losses/value_loss,0.01797458343207836,Pong1PCB2L336P__seed_8_1763344785
1228800,1-Training-Losses/value_loss,0.018717026337981224,Pong1PCB2L336P__seed_8_1763344785
1232896,1-Training-Losses/value_loss,0.012645692564547062,Pong1PCB2L336P__seed_8_1763344785
1236992,1-Training-Losses/value_loss,0.01831747218966484,Pong1PCB2L336P__seed_8_1763344785
1241088,1-Training-Losses/value_loss,0.016696613281965256,Pong1PCB2L336P__seed_8_1763344785
1245184,1-Training-Losses/value_loss,0.014336938038468361,Pong1PCB2L336P__seed_8_1763344785
1249280,1-Training-Losses/value_loss,0.016241852194070816,Pong1PCB2L336P__seed_8_1763344785
1253376,1-Training-Losses/value_loss,0.016909083351492882,Pong1PCB2L336P__seed_8_1763344785
1257472,1-Training-Losses/value_loss,0.016132894903421402,Pong1PCB2L336P__seed_8_1763344785
1261568,1-Training-Losses/value_loss,0.014186309650540352,Pong1PCB2L336P__seed_8_1763344785
1265664,1-Training-Losses/value_loss,0.016142889857292175,Pong1PCB2L336P__seed_8_1763344785
1269760,1-Training-Losses/value_loss,0.018055669963359833,Pong1PCB2L336P__seed_8_1763344785
1273856,1-Training-Losses/value_loss,0.018264248967170715,Pong1PCB2L336P__seed_8_1763344785
1277952,1-Training-Losses/value_loss,0.017290890216827393,Pong1PCB2L336P__seed_8_1763344785
1282048,1-Training-Losses/value_loss,0.015178633853793144,Pong1PCB2L336P__seed_8_1763344785
1286144,1-Training-Losses/value_loss,0.013294311240315437,Pong1PCB2L336P__seed_8_1763344785
1290240,1-Training-Losses/value_loss,0.01711307466030121,Pong1PCB2L336P__seed_8_1763344785
1294336,1-Training-Losses/value_loss,0.01563551090657711,Pong1PCB2L336P__seed_8_1763344785
1298432,1-Training-Losses/value_loss,0.016021382063627243,Pong1PCB2L336P__seed_8_1763344785
1302528,1-Training-Losses/value_loss,0.013262806460261345,Pong1PCB2L336P__seed_8_1763344785
1306624,1-Training-Losses/value_loss,0.01849314011633396,Pong1PCB2L336P__seed_8_1763344785
1310720,1-Training-Losses/value_loss,0.013151982799172401,Pong1PCB2L336P__seed_8_1763344785
1314816,1-Training-Losses/value_loss,0.02008327841758728,Pong1PCB2L336P__seed_8_1763344785
1318912,1-Training-Losses/value_loss,0.018216341733932495,Pong1PCB2L336P__seed_8_1763344785
1323008,1-Training-Losses/value_loss,0.014903553761541843,Pong1PCB2L336P__seed_8_1763344785
1327104,1-Training-Losses/value_loss,0.014766446314752102,Pong1PCB2L336P__seed_8_1763344785
1331200,1-Training-Losses/value_loss,0.01222330890595913,Pong1PCB2L336P__seed_8_1763344785
1335296,1-Training-Losses/value_loss,0.010706051252782345,Pong1PCB2L336P__seed_8_1763344785
1339392,1-Training-Losses/value_loss,0.014573416672647,Pong1PCB2L336P__seed_8_1763344785
1343488,1-Training-Losses/value_loss,0.018975328654050827,Pong1PCB2L336P__seed_8_1763344785
1347584,1-Training-Losses/value_loss,0.0171060748398304,Pong1PCB2L336P__seed_8_1763344785
1351680,1-Training-Losses/value_loss,0.015261758118867874,Pong1PCB2L336P__seed_8_1763344785
1355776,1-Training-Losses/value_loss,0.019619170576334,Pong1PCB2L336P__seed_8_1763344785
1359872,1-Training-Losses/value_loss,0.013156038708984852,Pong1PCB2L336P__seed_8_1763344785
1363968,1-Training-Losses/value_loss,0.0156719833612442,Pong1PCB2L336P__seed_8_1763344785
1368064,1-Training-Losses/value_loss,0.014451349154114723,Pong1PCB2L336P__seed_8_1763344785
1372160,1-Training-Losses/value_loss,0.01532968133687973,Pong1PCB2L336P__seed_8_1763344785
1376256,1-Training-Losses/value_loss,0.0133400559425354,Pong1PCB2L336P__seed_8_1763344785
1380352,1-Training-Losses/value_loss,0.015420541167259216,Pong1PCB2L336P__seed_8_1763344785
1384448,1-Training-Losses/value_loss,0.014249029569327831,Pong1PCB2L336P__seed_8_1763344785
1388544,1-Training-Losses/value_loss,0.018829822540283203,Pong1PCB2L336P__seed_8_1763344785
1392640,1-Training-Losses/value_loss,0.013223588466644287,Pong1PCB2L336P__seed_8_1763344785
1396736,1-Training-Losses/value_loss,0.01240445300936699,Pong1PCB2L336P__seed_8_1763344785
1400832,1-Training-Losses/value_loss,0.013871870934963226,Pong1PCB2L336P__seed_8_1763344785
1404928,1-Training-Losses/value_loss,0.01880153827369213,Pong1PCB2L336P__seed_8_1763344785
1409024,1-Training-Losses/value_loss,0.01704723760485649,Pong1PCB2L336P__seed_8_1763344785
1413120,1-Training-Losses/value_loss,0.012037193402647972,Pong1PCB2L336P__seed_8_1763344785
1417216,1-Training-Losses/value_loss,0.01746402494609356,Pong1PCB2L336P__seed_8_1763344785
1421312,1-Training-Losses/value_loss,0.011393291875720024,Pong1PCB2L336P__seed_8_1763344785
1425408,1-Training-Losses/value_loss,0.013788770884275436,Pong1PCB2L336P__seed_8_1763344785
1429504,1-Training-Losses/value_loss,0.01725151762366295,Pong1PCB2L336P__seed_8_1763344785
1433600,1-Training-Losses/value_loss,0.01410948857665062,Pong1PCB2L336P__seed_8_1763344785
1437696,1-Training-Losses/value_loss,0.011890728026628494,Pong1PCB2L336P__seed_8_1763344785
1441792,1-Training-Losses/value_loss,0.014721418730914593,Pong1PCB2L336P__seed_8_1763344785
1445888,1-Training-Losses/value_loss,0.015390966087579727,Pong1PCB2L336P__seed_8_1763344785
1449984,1-Training-Losses/value_loss,0.012201553210616112,Pong1PCB2L336P__seed_8_1763344785
1454080,1-Training-Losses/value_loss,0.01740022748708725,Pong1PCB2L336P__seed_8_1763344785
1458176,1-Training-Losses/value_loss,0.015634307637810707,Pong1PCB2L336P__seed_8_1763344785
1462272,1-Training-Losses/value_loss,0.013731710612773895,Pong1PCB2L336P__seed_8_1763344785
1466368,1-Training-Losses/value_loss,0.012170229107141495,Pong1PCB2L336P__seed_8_1763344785
1470464,1-Training-Losses/value_loss,0.014140702784061432,Pong1PCB2L336P__seed_8_1763344785
1474560,1-Training-Losses/value_loss,0.013205206952989101,Pong1PCB2L336P__seed_8_1763344785
1478656,1-Training-Losses/value_loss,0.010085015557706356,Pong1PCB2L336P__seed_8_1763344785
1482752,1-Training-Losses/value_loss,0.020463082939386368,Pong1PCB2L336P__seed_8_1763344785
1486848,1-Training-Losses/value_loss,0.014345617033541203,Pong1PCB2L336P__seed_8_1763344785
1490944,1-Training-Losses/value_loss,0.012508129701018333,Pong1PCB2L336P__seed_8_1763344785
1495040,1-Training-Losses/value_loss,0.013623555190861225,Pong1PCB2L336P__seed_8_1763344785
1499136,1-Training-Losses/value_loss,0.008994120173156261,Pong1PCB2L336P__seed_8_1763344785
1503232,1-Training-Losses/value_loss,0.014116148464381695,Pong1PCB2L336P__seed_8_1763344785
1507328,1-Training-Losses/value_loss,0.015426309779286385,Pong1PCB2L336P__seed_8_1763344785
1511424,1-Training-Losses/value_loss,0.012216225266456604,Pong1PCB2L336P__seed_8_1763344785
1515520,1-Training-Losses/value_loss,0.013062596321105957,Pong1PCB2L336P__seed_8_1763344785
1519616,1-Training-Losses/value_loss,0.018773090094327927,Pong1PCB2L336P__seed_8_1763344785
1523712,1-Training-Losses/value_loss,0.017407502979040146,Pong1PCB2L336P__seed_8_1763344785
1527808,1-Training-Losses/value_loss,0.012589141726493835,Pong1PCB2L336P__seed_8_1763344785
1531904,1-Training-Losses/value_loss,0.013433057814836502,Pong1PCB2L336P__seed_8_1763344785
1536000,1-Training-Losses/value_loss,0.012747332453727722,Pong1PCB2L336P__seed_8_1763344785
1540096,1-Training-Losses/value_loss,0.016947593539953232,Pong1PCB2L336P__seed_8_1763344785
1544192,1-Training-Losses/value_loss,0.014184484258294106,Pong1PCB2L336P__seed_8_1763344785
1548288,1-Training-Losses/value_loss,0.014350123703479767,Pong1PCB2L336P__seed_8_1763344785
1552384,1-Training-Losses/value_loss,0.013121284544467926,Pong1PCB2L336P__seed_8_1763344785
1556480,1-Training-Losses/value_loss,0.014851134270429611,Pong1PCB2L336P__seed_8_1763344785
1560576,1-Training-Losses/value_loss,0.010471224784851074,Pong1PCB2L336P__seed_8_1763344785
1564672,1-Training-Losses/value_loss,0.01680738851428032,Pong1PCB2L336P__seed_8_1763344785
1568768,1-Training-Losses/value_loss,0.011743650771677494,Pong1PCB2L336P__seed_8_1763344785
1572864,1-Training-Losses/value_loss,0.012503569014370441,Pong1PCB2L336P__seed_8_1763344785
1576960,1-Training-Losses/value_loss,0.011773192323744297,Pong1PCB2L336P__seed_8_1763344785
1581056,1-Training-Losses/value_loss,0.010889431461691856,Pong1PCB2L336P__seed_8_1763344785
1585152,1-Training-Losses/value_loss,0.013319885358214378,Pong1PCB2L336P__seed_8_1763344785
1589248,1-Training-Losses/value_loss,0.017478905618190765,Pong1PCB2L336P__seed_8_1763344785
1593344,1-Training-Losses/value_loss,0.014906630851328373,Pong1PCB2L336P__seed_8_1763344785
1597440,1-Training-Losses/value_loss,0.014847381971776485,Pong1PCB2L336P__seed_8_1763344785
1601536,1-Training-Losses/value_loss,0.011360900476574898,Pong1PCB2L336P__seed_8_1763344785
1605632,1-Training-Losses/value_loss,0.01248820498585701,Pong1PCB2L336P__seed_8_1763344785
1609728,1-Training-Losses/value_loss,0.011474923230707645,Pong1PCB2L336P__seed_8_1763344785
1613824,1-Training-Losses/value_loss,0.014672651886940002,Pong1PCB2L336P__seed_8_1763344785
1617920,1-Training-Losses/value_loss,0.012194747105240822,Pong1PCB2L336P__seed_8_1763344785
1622016,1-Training-Losses/value_loss,0.016583584249019623,Pong1PCB2L336P__seed_8_1763344785
1626112,1-Training-Losses/value_loss,0.012287218123674393,Pong1PCB2L336P__seed_8_1763344785
1630208,1-Training-Losses/value_loss,0.011917317286133766,Pong1PCB2L336P__seed_8_1763344785
1634304,1-Training-Losses/value_loss,0.011688594706356525,Pong1PCB2L336P__seed_8_1763344785
1638400,1-Training-Losses/value_loss,0.012855966575443745,Pong1PCB2L336P__seed_8_1763344785
1642496,1-Training-Losses/value_loss,0.013703017495572567,Pong1PCB2L336P__seed_8_1763344785
1646592,1-Training-Losses/value_loss,0.012401523068547249,Pong1PCB2L336P__seed_8_1763344785
1650688,1-Training-Losses/value_loss,0.014595849439501762,Pong1PCB2L336P__seed_8_1763344785
1654784,1-Training-Losses/value_loss,0.015286235138773918,Pong1PCB2L336P__seed_8_1763344785
1658880,1-Training-Losses/value_loss,0.011035552248358727,Pong1PCB2L336P__seed_8_1763344785
1662976,1-Training-Losses/value_loss,0.010021131485700607,Pong1PCB2L336P__seed_8_1763344785
1667072,1-Training-Losses/value_loss,0.011754898354411125,Pong1PCB2L336P__seed_8_1763344785
1671168,1-Training-Losses/value_loss,0.014897985383868217,Pong1PCB2L336P__seed_8_1763344785
1675264,1-Training-Losses/value_loss,0.011993559077382088,Pong1PCB2L336P__seed_8_1763344785
1679360,1-Training-Losses/value_loss,0.012585166841745377,Pong1PCB2L336P__seed_8_1763344785
1683456,1-Training-Losses/value_loss,0.012057851999998093,Pong1PCB2L336P__seed_8_1763344785
1687552,1-Training-Losses/value_loss,0.013250339776277542,Pong1PCB2L336P__seed_8_1763344785
1691648,1-Training-Losses/value_loss,0.011644366197288036,Pong1PCB2L336P__seed_8_1763344785
1695744,1-Training-Losses/value_loss,0.012155530974268913,Pong1PCB2L336P__seed_8_1763344785
1699840,1-Training-Losses/value_loss,0.013878458179533482,Pong1PCB2L336P__seed_8_1763344785
1703936,1-Training-Losses/value_loss,0.0128199253231287,Pong1PCB2L336P__seed_8_1763344785
1708032,1-Training-Losses/value_loss,0.012290474027395248,Pong1PCB2L336P__seed_8_1763344785
1712128,1-Training-Losses/value_loss,0.014760942198336124,Pong1PCB2L336P__seed_8_1763344785
1716224,1-Training-Losses/value_loss,0.01044053677469492,Pong1PCB2L336P__seed_8_1763344785
1720320,1-Training-Losses/value_loss,0.012320367619395256,Pong1PCB2L336P__seed_8_1763344785
1724416,1-Training-Losses/value_loss,0.014490511268377304,Pong1PCB2L336P__seed_8_1763344785
1728512,1-Training-Losses/value_loss,0.009138374589383602,Pong1PCB2L336P__seed_8_1763344785
1732608,1-Training-Losses/value_loss,0.012861027382314205,Pong1PCB2L336P__seed_8_1763344785
1736704,1-Training-Losses/value_loss,0.013041955418884754,Pong1PCB2L336P__seed_8_1763344785
1740800,1-Training-Losses/value_loss,0.01222414243966341,Pong1PCB2L336P__seed_8_1763344785
1744896,1-Training-Losses/value_loss,0.012727422639727592,Pong1PCB2L336P__seed_8_1763344785
1748992,1-Training-Losses/value_loss,0.011317189782857895,Pong1PCB2L336P__seed_8_1763344785
1753088,1-Training-Losses/value_loss,0.011655835434794426,Pong1PCB2L336P__seed_8_1763344785
1757184,1-Training-Losses/value_loss,0.011518357321619987,Pong1PCB2L336P__seed_8_1763344785
1761280,1-Training-Losses/value_loss,0.015301917679607868,Pong1PCB2L336P__seed_8_1763344785
1765376,1-Training-Losses/value_loss,0.01126091368496418,Pong1PCB2L336P__seed_8_1763344785
1769472,1-Training-Losses/value_loss,0.011637498624622822,Pong1PCB2L336P__seed_8_1763344785
1773568,1-Training-Losses/value_loss,0.01295422948896885,Pong1PCB2L336P__seed_8_1763344785
1777664,1-Training-Losses/value_loss,0.013156699948012829,Pong1PCB2L336P__seed_8_1763344785
1781760,1-Training-Losses/value_loss,0.01237395964562893,Pong1PCB2L336P__seed_8_1763344785
1785856,1-Training-Losses/value_loss,0.01017705537378788,Pong1PCB2L336P__seed_8_1763344785
1789952,1-Training-Losses/value_loss,0.010240718722343445,Pong1PCB2L336P__seed_8_1763344785
1794048,1-Training-Losses/value_loss,0.01318883802741766,Pong1PCB2L336P__seed_8_1763344785
1798144,1-Training-Losses/value_loss,0.012609506025910378,Pong1PCB2L336P__seed_8_1763344785
1802240,1-Training-Losses/value_loss,0.0099704060703516,Pong1PCB2L336P__seed_8_1763344785
1806336,1-Training-Losses/value_loss,0.009845119901001453,Pong1PCB2L336P__seed_8_1763344785
1810432,1-Training-Losses/value_loss,0.013352081179618835,Pong1PCB2L336P__seed_8_1763344785
1814528,1-Training-Losses/value_loss,0.013009140267968178,Pong1PCB2L336P__seed_8_1763344785
1818624,1-Training-Losses/value_loss,0.010333066806197166,Pong1PCB2L336P__seed_8_1763344785
1822720,1-Training-Losses/value_loss,0.011588005349040031,Pong1PCB2L336P__seed_8_1763344785
1826816,1-Training-Losses/value_loss,0.011350936256349087,Pong1PCB2L336P__seed_8_1763344785
1830912,1-Training-Losses/value_loss,0.011608489789068699,Pong1PCB2L336P__seed_8_1763344785
1835008,1-Training-Losses/value_loss,0.009000872261822224,Pong1PCB2L336P__seed_8_1763344785
1839104,1-Training-Losses/value_loss,0.013294297270476818,Pong1PCB2L336P__seed_8_1763344785
1843200,1-Training-Losses/value_loss,0.011877220124006271,Pong1PCB2L336P__seed_8_1763344785
1847296,1-Training-Losses/value_loss,0.010393858887255192,Pong1PCB2L336P__seed_8_1763344785
1851392,1-Training-Losses/value_loss,0.01180260255932808,Pong1PCB2L336P__seed_8_1763344785
1855488,1-Training-Losses/value_loss,0.009930283762514591,Pong1PCB2L336P__seed_8_1763344785
1859584,1-Training-Losses/value_loss,0.010114027187228203,Pong1PCB2L336P__seed_8_1763344785
1863680,1-Training-Losses/value_loss,0.011189966462552547,Pong1PCB2L336P__seed_8_1763344785
1867776,1-Training-Losses/value_loss,0.01184139959514141,Pong1PCB2L336P__seed_8_1763344785
1871872,1-Training-Losses/value_loss,0.0083241555839777,Pong1PCB2L336P__seed_8_1763344785
1875968,1-Training-Losses/value_loss,0.010061835870146751,Pong1PCB2L336P__seed_8_1763344785
1880064,1-Training-Losses/value_loss,0.012741297483444214,Pong1PCB2L336P__seed_8_1763344785
1884160,1-Training-Losses/value_loss,0.012123177759349346,Pong1PCB2L336P__seed_8_1763344785
1888256,1-Training-Losses/value_loss,0.01126721128821373,Pong1PCB2L336P__seed_8_1763344785
1892352,1-Training-Losses/value_loss,0.011833417229354382,Pong1PCB2L336P__seed_8_1763344785
1896448,1-Training-Losses/value_loss,0.011977736838161945,Pong1PCB2L336P__seed_8_1763344785
1900544,1-Training-Losses/value_loss,0.011318651027977467,Pong1PCB2L336P__seed_8_1763344785
1904640,1-Training-Losses/value_loss,0.010396136902272701,Pong1PCB2L336P__seed_8_1763344785
1908736,1-Training-Losses/value_loss,0.012447134591639042,Pong1PCB2L336P__seed_8_1763344785
1912832,1-Training-Losses/value_loss,0.009439367800951004,Pong1PCB2L336P__seed_8_1763344785
1916928,1-Training-Losses/value_loss,0.010226737707853317,Pong1PCB2L336P__seed_8_1763344785
1921024,1-Training-Losses/value_loss,0.010572344996035099,Pong1PCB2L336P__seed_8_1763344785
1925120,1-Training-Losses/value_loss,0.009941291064023972,Pong1PCB2L336P__seed_8_1763344785
1929216,1-Training-Losses/value_loss,0.010138479992747307,Pong1PCB2L336P__seed_8_1763344785
1933312,1-Training-Losses/value_loss,0.009328650310635567,Pong1PCB2L336P__seed_8_1763344785
1937408,1-Training-Losses/value_loss,0.010980699211359024,Pong1PCB2L336P__seed_8_1763344785
1941504,1-Training-Losses/value_loss,0.014069234021008015,Pong1PCB2L336P__seed_8_1763344785
1945600,1-Training-Losses/value_loss,0.011260095983743668,Pong1PCB2L336P__seed_8_1763344785
1949696,1-Training-Losses/value_loss,0.013087593019008636,Pong1PCB2L336P__seed_8_1763344785
1953792,1-Training-Losses/value_loss,0.014162201434373856,Pong1PCB2L336P__seed_8_1763344785
1957888,1-Training-Losses/value_loss,0.015085350722074509,Pong1PCB2L336P__seed_8_1763344785
1961984,1-Training-Losses/value_loss,0.01046966202557087,Pong1PCB2L336P__seed_8_1763344785
1966080,1-Training-Losses/value_loss,0.01348769012838602,Pong1PCB2L336P__seed_8_1763344785
1970176,1-Training-Losses/value_loss,0.007457979954779148,Pong1PCB2L336P__seed_8_1763344785
1974272,1-Training-Losses/value_loss,0.014618806540966034,Pong1PCB2L336P__seed_8_1763344785
1978368,1-Training-Losses/value_loss,0.013095029629766941,Pong1PCB2L336P__seed_8_1763344785
1982464,1-Training-Losses/value_loss,0.009466823190450668,Pong1PCB2L336P__seed_8_1763344785
1986560,1-Training-Losses/value_loss,0.012259041890501976,Pong1PCB2L336P__seed_8_1763344785
1990656,1-Training-Losses/value_loss,0.013232339173555374,Pong1PCB2L336P__seed_8_1763344785
1994752,1-Training-Losses/value_loss,0.013826357200741768,Pong1PCB2L336P__seed_8_1763344785
1998848,1-Training-Losses/value_loss,0.012763338163495064,Pong1PCB2L336P__seed_8_1763344785
2002944,1-Training-Losses/value_loss,0.010582506656646729,Pong1PCB2L336P__seed_8_1763344785
2007040,1-Training-Losses/value_loss,0.014006118290126324,Pong1PCB2L336P__seed_8_1763344785
2011136,1-Training-Losses/value_loss,0.010176505893468857,Pong1PCB2L336P__seed_8_1763344785
2015232,1-Training-Losses/value_loss,0.012092428281903267,Pong1PCB2L336P__seed_8_1763344785
2019328,1-Training-Losses/value_loss,0.016543839126825333,Pong1PCB2L336P__seed_8_1763344785
2023424,1-Training-Losses/value_loss,0.01806575059890747,Pong1PCB2L336P__seed_8_1763344785
2027520,1-Training-Losses/value_loss,0.01263153925538063,Pong1PCB2L336P__seed_8_1763344785
2031616,1-Training-Losses/value_loss,0.013361471705138683,Pong1PCB2L336P__seed_8_1763344785
2035712,1-Training-Losses/value_loss,0.013092066161334515,Pong1PCB2L336P__seed_8_1763344785
2039808,1-Training-Losses/value_loss,0.013078615069389343,Pong1PCB2L336P__seed_8_1763344785
2043904,1-Training-Losses/value_loss,0.010719694197177887,Pong1PCB2L336P__seed_8_1763344785
2048000,1-Training-Losses/value_loss,0.012899952009320259,Pong1PCB2L336P__seed_8_1763344785
2052096,1-Training-Losses/value_loss,0.013835549354553223,Pong1PCB2L336P__seed_8_1763344785
2056192,1-Training-Losses/value_loss,0.011109080165624619,Pong1PCB2L336P__seed_8_1763344785
2060288,1-Training-Losses/value_loss,0.01676889695227146,Pong1PCB2L336P__seed_8_1763344785
2064384,1-Training-Losses/value_loss,0.01254231482744217,Pong1PCB2L336P__seed_8_1763344785
2068480,1-Training-Losses/value_loss,0.011988269165158272,Pong1PCB2L336P__seed_8_1763344785
2072576,1-Training-Losses/value_loss,0.015308509580790997,Pong1PCB2L336P__seed_8_1763344785
2076672,1-Training-Losses/value_loss,0.013857947662472725,Pong1PCB2L336P__seed_8_1763344785
2080768,1-Training-Losses/value_loss,0.013854386284947395,Pong1PCB2L336P__seed_8_1763344785
2084864,1-Training-Losses/value_loss,0.012758780270814896,Pong1PCB2L336P__seed_8_1763344785
2088960,1-Training-Losses/value_loss,0.0066391178406775,Pong1PCB2L336P__seed_8_1763344785
2093056,1-Training-Losses/value_loss,0.011986453086137772,Pong1PCB2L336P__seed_8_1763344785
2097152,1-Training-Losses/value_loss,0.012333843857049942,Pong1PCB2L336P__seed_8_1763344785
2101248,1-Training-Losses/value_loss,0.009382539428770542,Pong1PCB2L336P__seed_8_1763344785
2105344,1-Training-Losses/value_loss,0.012005683034658432,Pong1PCB2L336P__seed_8_1763344785
2109440,1-Training-Losses/value_loss,0.00948641449213028,Pong1PCB2L336P__seed_8_1763344785
2113536,1-Training-Losses/value_loss,0.012414398603141308,Pong1PCB2L336P__seed_8_1763344785
2117632,1-Training-Losses/value_loss,0.012796711176633835,Pong1PCB2L336P__seed_8_1763344785
2121728,1-Training-Losses/value_loss,0.008942926302552223,Pong1PCB2L336P__seed_8_1763344785
2125824,1-Training-Losses/value_loss,0.01602834090590477,Pong1PCB2L336P__seed_8_1763344785
2129920,1-Training-Losses/value_loss,0.013178840279579163,Pong1PCB2L336P__seed_8_1763344785
2134016,1-Training-Losses/value_loss,0.014638103544712067,Pong1PCB2L336P__seed_8_1763344785
2138112,1-Training-Losses/value_loss,0.01302969828248024,Pong1PCB2L336P__seed_8_1763344785
2142208,1-Training-Losses/value_loss,0.009408826008439064,Pong1PCB2L336P__seed_8_1763344785
2146304,1-Training-Losses/value_loss,0.012255393899977207,Pong1PCB2L336P__seed_8_1763344785
2150400,1-Training-Losses/value_loss,0.011188765987753868,Pong1PCB2L336P__seed_8_1763344785
2154496,1-Training-Losses/value_loss,0.0057290783151984215,Pong1PCB2L336P__seed_8_1763344785
2158592,1-Training-Losses/value_loss,0.014777004718780518,Pong1PCB2L336P__seed_8_1763344785
2162688,1-Training-Losses/value_loss,0.010837217792868614,Pong1PCB2L336P__seed_8_1763344785
2166784,1-Training-Losses/value_loss,0.014815977774560452,Pong1PCB2L336P__seed_8_1763344785
2170880,1-Training-Losses/value_loss,0.01349636260420084,Pong1PCB2L336P__seed_8_1763344785
2174976,1-Training-Losses/value_loss,0.010059448890388012,Pong1PCB2L336P__seed_8_1763344785
2179072,1-Training-Losses/value_loss,0.013412613421678543,Pong1PCB2L336P__seed_8_1763344785
2183168,1-Training-Losses/value_loss,0.012449901551008224,Pong1PCB2L336P__seed_8_1763344785
2187264,1-Training-Losses/value_loss,0.012160251848399639,Pong1PCB2L336P__seed_8_1763344785
2191360,1-Training-Losses/value_loss,0.008121405728161335,Pong1PCB2L336P__seed_8_1763344785
2195456,1-Training-Losses/value_loss,0.009226384572684765,Pong1PCB2L336P__seed_8_1763344785
2199552,1-Training-Losses/value_loss,0.01034308597445488,Pong1PCB2L336P__seed_8_1763344785
2203648,1-Training-Losses/value_loss,0.010819673538208008,Pong1PCB2L336P__seed_8_1763344785
2207744,1-Training-Losses/value_loss,0.012373996898531914,Pong1PCB2L336P__seed_8_1763344785
2211840,1-Training-Losses/value_loss,0.013338588178157806,Pong1PCB2L336P__seed_8_1763344785
2215936,1-Training-Losses/value_loss,0.011607926338911057,Pong1PCB2L336P__seed_8_1763344785
2220032,1-Training-Losses/value_loss,0.0126124806702137,Pong1PCB2L336P__seed_8_1763344785
2224128,1-Training-Losses/value_loss,0.012819844298064709,Pong1PCB2L336P__seed_8_1763344785
2228224,1-Training-Losses/value_loss,0.00895843654870987,Pong1PCB2L336P__seed_8_1763344785
2232320,1-Training-Losses/value_loss,0.017472919076681137,Pong1PCB2L336P__seed_8_1763344785
2236416,1-Training-Losses/value_loss,0.003957745619118214,Pong1PCB2L336P__seed_8_1763344785
2240512,1-Training-Losses/value_loss,0.014366036280989647,Pong1PCB2L336P__seed_8_1763344785
2244608,1-Training-Losses/value_loss,0.011837669648230076,Pong1PCB2L336P__seed_8_1763344785
2248704,1-Training-Losses/value_loss,0.01122958306223154,Pong1PCB2L336P__seed_8_1763344785
2252800,1-Training-Losses/value_loss,0.010301673784852028,Pong1PCB2L336P__seed_8_1763344785
2256896,1-Training-Losses/value_loss,0.011947042308747768,Pong1PCB2L336P__seed_8_1763344785
2260992,1-Training-Losses/value_loss,0.010949209332466125,Pong1PCB2L336P__seed_8_1763344785
2265088,1-Training-Losses/value_loss,0.01217842660844326,Pong1PCB2L336P__seed_8_1763344785
2269184,1-Training-Losses/value_loss,0.006579100154340267,Pong1PCB2L336P__seed_8_1763344785
2273280,1-Training-Losses/value_loss,0.01237889751791954,Pong1PCB2L336P__seed_8_1763344785
2277376,1-Training-Losses/value_loss,0.012198038399219513,Pong1PCB2L336P__seed_8_1763344785
2281472,1-Training-Losses/value_loss,0.009358901530504227,Pong1PCB2L336P__seed_8_1763344785
2285568,1-Training-Losses/value_loss,0.009135738015174866,Pong1PCB2L336P__seed_8_1763344785
2289664,1-Training-Losses/value_loss,0.008942743763327599,Pong1PCB2L336P__seed_8_1763344785
2293760,1-Training-Losses/value_loss,0.01266875583678484,Pong1PCB2L336P__seed_8_1763344785
2297856,1-Training-Losses/value_loss,0.012648209929466248,Pong1PCB2L336P__seed_8_1763344785
2301952,1-Training-Losses/value_loss,0.005397921893745661,Pong1PCB2L336P__seed_8_1763344785
2306048,1-Training-Losses/value_loss,0.010880980640649796,Pong1PCB2L336P__seed_8_1763344785
2310144,1-Training-Losses/value_loss,0.008645153604447842,Pong1PCB2L336P__seed_8_1763344785
2314240,1-Training-Losses/value_loss,0.006353308446705341,Pong1PCB2L336P__seed_8_1763344785
2318336,1-Training-Losses/value_loss,0.009298186749219894,Pong1PCB2L336P__seed_8_1763344785
2322432,1-Training-Losses/value_loss,0.010821801610291004,Pong1PCB2L336P__seed_8_1763344785
2326528,1-Training-Losses/value_loss,0.007220643572509289,Pong1PCB2L336P__seed_8_1763344785
2330624,1-Training-Losses/value_loss,0.012501468881964684,Pong1PCB2L336P__seed_8_1763344785
2334720,1-Training-Losses/value_loss,0.008940637111663818,Pong1PCB2L336P__seed_8_1763344785
2338816,1-Training-Losses/value_loss,0.010493774898350239,Pong1PCB2L336P__seed_8_1763344785
2342912,1-Training-Losses/value_loss,0.007946140132844448,Pong1PCB2L336P__seed_8_1763344785
2347008,1-Training-Losses/value_loss,0.011926315724849701,Pong1PCB2L336P__seed_8_1763344785
2351104,1-Training-Losses/value_loss,0.0070487260818481445,Pong1PCB2L336P__seed_8_1763344785
2355200,1-Training-Losses/value_loss,0.014074376784265041,Pong1PCB2L336P__seed_8_1763344785
2359296,1-Training-Losses/value_loss,0.013159692287445068,Pong1PCB2L336P__seed_8_1763344785
2363392,1-Training-Losses/value_loss,0.010333660058677197,Pong1PCB2L336P__seed_8_1763344785
2367488,1-Training-Losses/value_loss,0.009660817682743073,Pong1PCB2L336P__seed_8_1763344785
2371584,1-Training-Losses/value_loss,0.010756198316812515,Pong1PCB2L336P__seed_8_1763344785
2375680,1-Training-Losses/value_loss,0.010517630726099014,Pong1PCB2L336P__seed_8_1763344785
2379776,1-Training-Losses/value_loss,0.011277721263468266,Pong1PCB2L336P__seed_8_1763344785
2383872,1-Training-Losses/value_loss,0.013861453160643578,Pong1PCB2L336P__seed_8_1763344785
2387968,1-Training-Losses/value_loss,0.010003536939620972,Pong1PCB2L336P__seed_8_1763344785
2392064,1-Training-Losses/value_loss,0.0046163154765963554,Pong1PCB2L336P__seed_8_1763344785
2396160,1-Training-Losses/value_loss,0.008642204105854034,Pong1PCB2L336P__seed_8_1763344785
2400256,1-Training-Losses/value_loss,0.01293023768812418,Pong1PCB2L336P__seed_8_1763344785
2404352,1-Training-Losses/value_loss,0.005871332250535488,Pong1PCB2L336P__seed_8_1763344785
2408448,1-Training-Losses/value_loss,0.013424466364085674,Pong1PCB2L336P__seed_8_1763344785
2412544,1-Training-Losses/value_loss,0.010149238631129265,Pong1PCB2L336P__seed_8_1763344785
2416640,1-Training-Losses/value_loss,0.005074270535260439,Pong1PCB2L336P__seed_8_1763344785
2420736,1-Training-Losses/value_loss,0.011593986302614212,Pong1PCB2L336P__seed_8_1763344785
2424832,1-Training-Losses/value_loss,0.011285078711807728,Pong1PCB2L336P__seed_8_1763344785
2428928,1-Training-Losses/value_loss,0.01061629131436348,Pong1PCB2L336P__seed_8_1763344785
2433024,1-Training-Losses/value_loss,0.012409886345267296,Pong1PCB2L336P__seed_8_1763344785
2437120,1-Training-Losses/value_loss,0.00836576335132122,Pong1PCB2L336P__seed_8_1763344785
2441216,1-Training-Losses/value_loss,0.008477209135890007,Pong1PCB2L336P__seed_8_1763344785
2445312,1-Training-Losses/value_loss,0.013868974521756172,Pong1PCB2L336P__seed_8_1763344785
2449408,1-Training-Losses/value_loss,0.009045213460922241,Pong1PCB2L336P__seed_8_1763344785
2453504,1-Training-Losses/value_loss,0.011096582747995853,Pong1PCB2L336P__seed_8_1763344785
2457600,1-Training-Losses/value_loss,0.00567440502345562,Pong1PCB2L336P__seed_8_1763344785
2461696,1-Training-Losses/value_loss,0.015648528933525085,Pong1PCB2L336P__seed_8_1763344785
2465792,1-Training-Losses/value_loss,0.005473266821354628,Pong1PCB2L336P__seed_8_1763344785
2469888,1-Training-Losses/value_loss,0.017369870096445084,Pong1PCB2L336P__seed_8_1763344785
2473984,1-Training-Losses/value_loss,0.007957717403769493,Pong1PCB2L336P__seed_8_1763344785
2478080,1-Training-Losses/value_loss,0.009760817512869835,Pong1PCB2L336P__seed_8_1763344785
2482176,1-Training-Losses/value_loss,0.009255670011043549,Pong1PCB2L336P__seed_8_1763344785
2486272,1-Training-Losses/value_loss,0.009626904502511024,Pong1PCB2L336P__seed_8_1763344785
2490368,1-Training-Losses/value_loss,0.011249258182942867,Pong1PCB2L336P__seed_8_1763344785
2494464,1-Training-Losses/value_loss,0.008988019078969955,Pong1PCB2L336P__seed_8_1763344785
2498560,1-Training-Losses/value_loss,0.009286385029554367,Pong1PCB2L336P__seed_8_1763344785
2502656,1-Training-Losses/value_loss,0.010269688442349434,Pong1PCB2L336P__seed_8_1763344785
2506752,1-Training-Losses/value_loss,0.005535502918064594,Pong1PCB2L336P__seed_8_1763344785
2510848,1-Training-Losses/value_loss,0.007932081818580627,Pong1PCB2L336P__seed_8_1763344785
2514944,1-Training-Losses/value_loss,0.00855686329305172,Pong1PCB2L336P__seed_8_1763344785
2519040,1-Training-Losses/value_loss,0.013475460931658745,Pong1PCB2L336P__seed_8_1763344785
2523136,1-Training-Losses/value_loss,0.008074069395661354,Pong1PCB2L336P__seed_8_1763344785
2527232,1-Training-Losses/value_loss,0.011931844055652618,Pong1PCB2L336P__seed_8_1763344785
2531328,1-Training-Losses/value_loss,0.011805929243564606,Pong1PCB2L336P__seed_8_1763344785
2535424,1-Training-Losses/value_loss,0.007784595713019371,Pong1PCB2L336P__seed_8_1763344785
2539520,1-Training-Losses/value_loss,0.00993572548031807,Pong1PCB2L336P__seed_8_1763344785
2543616,1-Training-Losses/value_loss,0.007533215917646885,Pong1PCB2L336P__seed_8_1763344785
2547712,1-Training-Losses/value_loss,0.012658687308430672,Pong1PCB2L336P__seed_8_1763344785
2551808,1-Training-Losses/value_loss,0.005026760511100292,Pong1PCB2L336P__seed_8_1763344785
2555904,1-Training-Losses/value_loss,0.009519621729850769,Pong1PCB2L336P__seed_8_1763344785
2560000,1-Training-Losses/value_loss,0.011371981352567673,Pong1PCB2L336P__seed_8_1763344785
2564096,1-Training-Losses/value_loss,0.009858399629592896,Pong1PCB2L336P__seed_8_1763344785
2568192,1-Training-Losses/value_loss,0.008710341528058052,Pong1PCB2L336P__seed_8_1763344785
2572288,1-Training-Losses/value_loss,0.009657295420765877,Pong1PCB2L336P__seed_8_1763344785
2576384,1-Training-Losses/value_loss,0.011330274865031242,Pong1PCB2L336P__seed_8_1763344785
2580480,1-Training-Losses/value_loss,0.011148890480399132,Pong1PCB2L336P__seed_8_1763344785
2584576,1-Training-Losses/value_loss,0.010679480619728565,Pong1PCB2L336P__seed_8_1763344785
2588672,1-Training-Losses/value_loss,0.007864716462790966,Pong1PCB2L336P__seed_8_1763344785
2592768,1-Training-Losses/value_loss,0.014172213152050972,Pong1PCB2L336P__seed_8_1763344785
2596864,1-Training-Losses/value_loss,0.00835885014384985,Pong1PCB2L336P__seed_8_1763344785
2600960,1-Training-Losses/value_loss,0.008044257760047913,Pong1PCB2L336P__seed_8_1763344785
2605056,1-Training-Losses/value_loss,0.015224950388073921,Pong1PCB2L336P__seed_8_1763344785
2609152,1-Training-Losses/value_loss,0.009325559251010418,Pong1PCB2L336P__seed_8_1763344785
2613248,1-Training-Losses/value_loss,0.008222273550927639,Pong1PCB2L336P__seed_8_1763344785
2617344,1-Training-Losses/value_loss,0.011386401951313019,Pong1PCB2L336P__seed_8_1763344785
2621440,1-Training-Losses/value_loss,0.0075460197404026985,Pong1PCB2L336P__seed_8_1763344785
2625536,1-Training-Losses/value_loss,0.006378901191055775,Pong1PCB2L336P__seed_8_1763344785
2629632,1-Training-Losses/value_loss,0.007975115440785885,Pong1PCB2L336P__seed_8_1763344785
2633728,1-Training-Losses/value_loss,0.012015635147690773,Pong1PCB2L336P__seed_8_1763344785
2637824,1-Training-Losses/value_loss,0.006983811967074871,Pong1PCB2L336P__seed_8_1763344785
2641920,1-Training-Losses/value_loss,0.01250002533197403,Pong1PCB2L336P__seed_8_1763344785
2646016,1-Training-Losses/value_loss,0.01178159099072218,Pong1PCB2L336P__seed_8_1763344785
2650112,1-Training-Losses/value_loss,0.006979888770729303,Pong1PCB2L336P__seed_8_1763344785
2654208,1-Training-Losses/value_loss,0.009783608838915825,Pong1PCB2L336P__seed_8_1763344785
2658304,1-Training-Losses/value_loss,0.009556977078318596,Pong1PCB2L336P__seed_8_1763344785
2662400,1-Training-Losses/value_loss,0.011440984904766083,Pong1PCB2L336P__seed_8_1763344785
2666496,1-Training-Losses/value_loss,0.00690630404278636,Pong1PCB2L336P__seed_8_1763344785
2670592,1-Training-Losses/value_loss,0.011542974039912224,Pong1PCB2L336P__seed_8_1763344785
2674688,1-Training-Losses/value_loss,0.00876697339117527,Pong1PCB2L336P__seed_8_1763344785
2678784,1-Training-Losses/value_loss,0.009537842124700546,Pong1PCB2L336P__seed_8_1763344785
2682880,1-Training-Losses/value_loss,0.01038067415356636,Pong1PCB2L336P__seed_8_1763344785
2686976,1-Training-Losses/value_loss,0.006365363486111164,Pong1PCB2L336P__seed_8_1763344785
2691072,1-Training-Losses/value_loss,0.008010901510715485,Pong1PCB2L336P__seed_8_1763344785
2695168,1-Training-Losses/value_loss,0.010747037827968597,Pong1PCB2L336P__seed_8_1763344785
2699264,1-Training-Losses/value_loss,0.010929001495242119,Pong1PCB2L336P__seed_8_1763344785
2703360,1-Training-Losses/value_loss,0.006159118376672268,Pong1PCB2L336P__seed_8_1763344785
2707456,1-Training-Losses/value_loss,0.007018870674073696,Pong1PCB2L336P__seed_8_1763344785
2711552,1-Training-Losses/value_loss,0.008610635995864868,Pong1PCB2L336P__seed_8_1763344785
2715648,1-Training-Losses/value_loss,0.010768227279186249,Pong1PCB2L336P__seed_8_1763344785
2719744,1-Training-Losses/value_loss,0.007979962043464184,Pong1PCB2L336P__seed_8_1763344785
2723840,1-Training-Losses/value_loss,0.009588994085788727,Pong1PCB2L336P__seed_8_1763344785
2727936,1-Training-Losses/value_loss,0.011956559494137764,Pong1PCB2L336P__seed_8_1763344785
2732032,1-Training-Losses/value_loss,0.007325266022235155,Pong1PCB2L336P__seed_8_1763344785
2736128,1-Training-Losses/value_loss,0.005859768018126488,Pong1PCB2L336P__seed_8_1763344785
2740224,1-Training-Losses/value_loss,0.009109285660088062,Pong1PCB2L336P__seed_8_1763344785
2744320,1-Training-Losses/value_loss,0.009678427129983902,Pong1PCB2L336P__seed_8_1763344785
2748416,1-Training-Losses/value_loss,0.009483668953180313,Pong1PCB2L336P__seed_8_1763344785
2752512,1-Training-Losses/value_loss,0.008578565903007984,Pong1PCB2L336P__seed_8_1763344785
2756608,1-Training-Losses/value_loss,0.009654806926846504,Pong1PCB2L336P__seed_8_1763344785
2760704,1-Training-Losses/value_loss,0.009493422694504261,Pong1PCB2L336P__seed_8_1763344785
2764800,1-Training-Losses/value_loss,0.011134997010231018,Pong1PCB2L336P__seed_8_1763344785
2768896,1-Training-Losses/value_loss,0.007153213955461979,Pong1PCB2L336P__seed_8_1763344785
2772992,1-Training-Losses/value_loss,0.007998039945960045,Pong1PCB2L336P__seed_8_1763344785
2777088,1-Training-Losses/value_loss,0.013308568857610226,Pong1PCB2L336P__seed_8_1763344785
2781184,1-Training-Losses/value_loss,0.00725448876619339,Pong1PCB2L336P__seed_8_1763344785
2785280,1-Training-Losses/value_loss,0.006328865885734558,Pong1PCB2L336P__seed_8_1763344785
2789376,1-Training-Losses/value_loss,0.0073732659220695496,Pong1PCB2L336P__seed_8_1763344785
2793472,1-Training-Losses/value_loss,0.008314616978168488,Pong1PCB2L336P__seed_8_1763344785
2797568,1-Training-Losses/value_loss,0.011667601764202118,Pong1PCB2L336P__seed_8_1763344785
2801664,1-Training-Losses/value_loss,0.007039863150566816,Pong1PCB2L336P__seed_8_1763344785
2805760,1-Training-Losses/value_loss,0.005577656906098127,Pong1PCB2L336P__seed_8_1763344785
2809856,1-Training-Losses/value_loss,0.008534010499715805,Pong1PCB2L336P__seed_8_1763344785
2813952,1-Training-Losses/value_loss,0.009513972327113152,Pong1PCB2L336P__seed_8_1763344785
2818048,1-Training-Losses/value_loss,0.008783916011452675,Pong1PCB2L336P__seed_8_1763344785
2822144,1-Training-Losses/value_loss,0.008791368454694748,Pong1PCB2L336P__seed_8_1763344785
2826240,1-Training-Losses/value_loss,0.0141660887748003,Pong1PCB2L336P__seed_8_1763344785
2830336,1-Training-Losses/value_loss,0.00801686942577362,Pong1PCB2L336P__seed_8_1763344785
2834432,1-Training-Losses/value_loss,0.009009052067995071,Pong1PCB2L336P__seed_8_1763344785
2838528,1-Training-Losses/value_loss,0.006924694869667292,Pong1PCB2L336P__seed_8_1763344785
2842624,1-Training-Losses/value_loss,0.009751287288963795,Pong1PCB2L336P__seed_8_1763344785
2846720,1-Training-Losses/value_loss,0.010813475586473942,Pong1PCB2L336P__seed_8_1763344785
2850816,1-Training-Losses/value_loss,0.010617503896355629,Pong1PCB2L336P__seed_8_1763344785
2854912,1-Training-Losses/value_loss,0.0124567411839962,Pong1PCB2L336P__seed_8_1763344785
2859008,1-Training-Losses/value_loss,0.007561458274722099,Pong1PCB2L336P__seed_8_1763344785
2863104,1-Training-Losses/value_loss,0.008067418821156025,Pong1PCB2L336P__seed_8_1763344785
2867200,1-Training-Losses/value_loss,0.011317756026983261,Pong1PCB2L336P__seed_8_1763344785
2871296,1-Training-Losses/value_loss,0.010451337322592735,Pong1PCB2L336P__seed_8_1763344785
2875392,1-Training-Losses/value_loss,0.009513196535408497,Pong1PCB2L336P__seed_8_1763344785
2879488,1-Training-Losses/value_loss,0.010167717933654785,Pong1PCB2L336P__seed_8_1763344785
2883584,1-Training-Losses/value_loss,0.006155948620289564,Pong1PCB2L336P__seed_8_1763344785
2887680,1-Training-Losses/value_loss,0.013241194188594818,Pong1PCB2L336P__seed_8_1763344785
2891776,1-Training-Losses/value_loss,0.006451927125453949,Pong1PCB2L336P__seed_8_1763344785
2895872,1-Training-Losses/value_loss,0.006355913355946541,Pong1PCB2L336P__seed_8_1763344785
2899968,1-Training-Losses/value_loss,0.009277239441871643,Pong1PCB2L336P__seed_8_1763344785
2904064,1-Training-Losses/value_loss,0.009779466316103935,Pong1PCB2L336P__seed_8_1763344785
2908160,1-Training-Losses/value_loss,0.007344522513449192,Pong1PCB2L336P__seed_8_1763344785
2912256,1-Training-Losses/value_loss,0.008918208070099354,Pong1PCB2L336P__seed_8_1763344785
2916352,1-Training-Losses/value_loss,0.012551520019769669,Pong1PCB2L336P__seed_8_1763344785
2920448,1-Training-Losses/value_loss,0.0044222441501915455,Pong1PCB2L336P__seed_8_1763344785
2924544,1-Training-Losses/value_loss,0.01336083747446537,Pong1PCB2L336P__seed_8_1763344785
2928640,1-Training-Losses/value_loss,0.00823840033262968,Pong1PCB2L336P__seed_8_1763344785
2932736,1-Training-Losses/value_loss,0.011220665648579597,Pong1PCB2L336P__seed_8_1763344785
2936832,1-Training-Losses/value_loss,0.008944094181060791,Pong1PCB2L336P__seed_8_1763344785
2940928,1-Training-Losses/value_loss,0.012014690786600113,Pong1PCB2L336P__seed_8_1763344785
2945024,1-Training-Losses/value_loss,0.008041799999773502,Pong1PCB2L336P__seed_8_1763344785
2949120,1-Training-Losses/value_loss,0.010568712837994099,Pong1PCB2L336P__seed_8_1763344785
2953216,1-Training-Losses/value_loss,0.009288350120186806,Pong1PCB2L336P__seed_8_1763344785
2957312,1-Training-Losses/value_loss,0.010760577395558357,Pong1PCB2L336P__seed_8_1763344785
2961408,1-Training-Losses/value_loss,0.008572517894208431,Pong1PCB2L336P__seed_8_1763344785
2965504,1-Training-Losses/value_loss,0.008013710379600525,Pong1PCB2L336P__seed_8_1763344785
2969600,1-Training-Losses/value_loss,0.007383154705166817,Pong1PCB2L336P__seed_8_1763344785
2973696,1-Training-Losses/value_loss,0.004511895589530468,Pong1PCB2L336P__seed_8_1763344785
2977792,1-Training-Losses/value_loss,0.011884462088346481,Pong1PCB2L336P__seed_8_1763344785
2981888,1-Training-Losses/value_loss,0.00904540903866291,Pong1PCB2L336P__seed_8_1763344785
2985984,1-Training-Losses/value_loss,0.010936109349131584,Pong1PCB2L336P__seed_8_1763344785
2990080,1-Training-Losses/value_loss,0.009801739826798439,Pong1PCB2L336P__seed_8_1763344785
2994176,1-Training-Losses/value_loss,0.005651677027344704,Pong1PCB2L336P__seed_8_1763344785
2998272,1-Training-Losses/value_loss,0.009487575851380825,Pong1PCB2L336P__seed_8_1763344785
3002368,1-Training-Losses/value_loss,0.009765304625034332,Pong1PCB2L336P__seed_8_1763344785
3006464,1-Training-Losses/value_loss,0.006032140925526619,Pong1PCB2L336P__seed_8_1763344785
3010560,1-Training-Losses/value_loss,0.007776525802910328,Pong1PCB2L336P__seed_8_1763344785
3014656,1-Training-Losses/value_loss,0.009102312847971916,Pong1PCB2L336P__seed_8_1763344785
3018752,1-Training-Losses/value_loss,0.010134182870388031,Pong1PCB2L336P__seed_8_1763344785
3022848,1-Training-Losses/value_loss,0.009972607716917992,Pong1PCB2L336P__seed_8_1763344785
3026944,1-Training-Losses/value_loss,0.007220707833766937,Pong1PCB2L336P__seed_8_1763344785
3031040,1-Training-Losses/value_loss,0.008024761453270912,Pong1PCB2L336P__seed_8_1763344785
3035136,1-Training-Losses/value_loss,0.011507771909236908,Pong1PCB2L336P__seed_8_1763344785
3039232,1-Training-Losses/value_loss,0.0051734489388763905,Pong1PCB2L336P__seed_8_1763344785
3043328,1-Training-Losses/value_loss,0.009625764563679695,Pong1PCB2L336P__seed_8_1763344785
3047424,1-Training-Losses/value_loss,0.009373954497277737,Pong1PCB2L336P__seed_8_1763344785
3051520,1-Training-Losses/value_loss,0.010380178689956665,Pong1PCB2L336P__seed_8_1763344785
3055616,1-Training-Losses/value_loss,0.008065440692007542,Pong1PCB2L336P__seed_8_1763344785
3059712,1-Training-Losses/value_loss,0.01044416707009077,Pong1PCB2L336P__seed_8_1763344785
3063808,1-Training-Losses/value_loss,0.005556210409849882,Pong1PCB2L336P__seed_8_1763344785
3067904,1-Training-Losses/value_loss,0.005608163308352232,Pong1PCB2L336P__seed_8_1763344785
3072000,1-Training-Losses/value_loss,0.011237172409892082,Pong1PCB2L336P__seed_8_1763344785
3076096,1-Training-Losses/value_loss,0.0071101197972893715,Pong1PCB2L336P__seed_8_1763344785
3080192,1-Training-Losses/value_loss,0.011659245006740093,Pong1PCB2L336P__seed_8_1763344785
3084288,1-Training-Losses/value_loss,0.008705422282218933,Pong1PCB2L336P__seed_8_1763344785
3088384,1-Training-Losses/value_loss,0.007823564112186432,Pong1PCB2L336P__seed_8_1763344785
3092480,1-Training-Losses/value_loss,0.009127221070230007,Pong1PCB2L336P__seed_8_1763344785
3096576,1-Training-Losses/value_loss,0.010761967860162258,Pong1PCB2L336P__seed_8_1763344785
3100672,1-Training-Losses/value_loss,0.011255409568548203,Pong1PCB2L336P__seed_8_1763344785
3104768,1-Training-Losses/value_loss,0.010639382526278496,Pong1PCB2L336P__seed_8_1763344785
3108864,1-Training-Losses/value_loss,0.011963555589318275,Pong1PCB2L336P__seed_8_1763344785
3112960,1-Training-Losses/value_loss,0.005809261929243803,Pong1PCB2L336P__seed_8_1763344785
3117056,1-Training-Losses/value_loss,0.011239671148359776,Pong1PCB2L336P__seed_8_1763344785
3121152,1-Training-Losses/value_loss,0.005356832407414913,Pong1PCB2L336P__seed_8_1763344785
3125248,1-Training-Losses/value_loss,0.009421653114259243,Pong1PCB2L336P__seed_8_1763344785
3129344,1-Training-Losses/value_loss,0.007903415709733963,Pong1PCB2L336P__seed_8_1763344785
3133440,1-Training-Losses/value_loss,0.007891912013292313,Pong1PCB2L336P__seed_8_1763344785
3137536,1-Training-Losses/value_loss,0.011385586112737656,Pong1PCB2L336P__seed_8_1763344785
3141632,1-Training-Losses/value_loss,0.00622571399435401,Pong1PCB2L336P__seed_8_1763344785
3145728,1-Training-Losses/value_loss,0.01055207010358572,Pong1PCB2L336P__seed_8_1763344785
3149824,1-Training-Losses/value_loss,0.009115984663367271,Pong1PCB2L336P__seed_8_1763344785
3153920,1-Training-Losses/value_loss,0.007882067933678627,Pong1PCB2L336P__seed_8_1763344785
3158016,1-Training-Losses/value_loss,0.006764904595911503,Pong1PCB2L336P__seed_8_1763344785
3162112,1-Training-Losses/value_loss,0.012827010825276375,Pong1PCB2L336P__seed_8_1763344785
3166208,1-Training-Losses/value_loss,0.007026245351880789,Pong1PCB2L336P__seed_8_1763344785
3170304,1-Training-Losses/value_loss,0.010955443605780602,Pong1PCB2L336P__seed_8_1763344785
3174400,1-Training-Losses/value_loss,0.00747623760253191,Pong1PCB2L336P__seed_8_1763344785
3178496,1-Training-Losses/value_loss,0.004774987697601318,Pong1PCB2L336P__seed_8_1763344785
3182592,1-Training-Losses/value_loss,0.014306925237178802,Pong1PCB2L336P__seed_8_1763344785
3186688,1-Training-Losses/value_loss,0.008108725771307945,Pong1PCB2L336P__seed_8_1763344785
3190784,1-Training-Losses/value_loss,0.0047895647585392,Pong1PCB2L336P__seed_8_1763344785
3194880,1-Training-Losses/value_loss,0.010731860995292664,Pong1PCB2L336P__seed_8_1763344785
3198976,1-Training-Losses/value_loss,0.014599733054637909,Pong1PCB2L336P__seed_8_1763344785
3203072,1-Training-Losses/value_loss,0.0064278095960617065,Pong1PCB2L336P__seed_8_1763344785
3207168,1-Training-Losses/value_loss,0.011088317260146141,Pong1PCB2L336P__seed_8_1763344785
3211264,1-Training-Losses/value_loss,0.007566183339804411,Pong1PCB2L336P__seed_8_1763344785
3215360,1-Training-Losses/value_loss,0.009160028770565987,Pong1PCB2L336P__seed_8_1763344785
3219456,1-Training-Losses/value_loss,0.009971247054636478,Pong1PCB2L336P__seed_8_1763344785
3223552,1-Training-Losses/value_loss,0.006619208492338657,Pong1PCB2L336P__seed_8_1763344785
3227648,1-Training-Losses/value_loss,0.007546634878963232,Pong1PCB2L336P__seed_8_1763344785
3231744,1-Training-Losses/value_loss,0.007997879758477211,Pong1PCB2L336P__seed_8_1763344785
3235840,1-Training-Losses/value_loss,0.009752275422215462,Pong1PCB2L336P__seed_8_1763344785
3239936,1-Training-Losses/value_loss,0.010780207812786102,Pong1PCB2L336P__seed_8_1763344785
3244032,1-Training-Losses/value_loss,0.007483844645321369,Pong1PCB2L336P__seed_8_1763344785
3248128,1-Training-Losses/value_loss,0.008779061026871204,Pong1PCB2L336P__seed_8_1763344785
3252224,1-Training-Losses/value_loss,0.008621138520538807,Pong1PCB2L336P__seed_8_1763344785
3256320,1-Training-Losses/value_loss,0.010192614048719406,Pong1PCB2L336P__seed_8_1763344785
3260416,1-Training-Losses/value_loss,0.008477899245917797,Pong1PCB2L336P__seed_8_1763344785
3264512,1-Training-Losses/value_loss,0.009222589433193207,Pong1PCB2L336P__seed_8_1763344785
3268608,1-Training-Losses/value_loss,0.00913909636437893,Pong1PCB2L336P__seed_8_1763344785
3272704,1-Training-Losses/value_loss,0.009348006919026375,Pong1PCB2L336P__seed_8_1763344785
3276800,1-Training-Losses/value_loss,0.011411009356379509,Pong1PCB2L336P__seed_8_1763344785
3280896,1-Training-Losses/value_loss,0.008010338991880417,Pong1PCB2L336P__seed_8_1763344785
3284992,1-Training-Losses/value_loss,0.006429389119148254,Pong1PCB2L336P__seed_8_1763344785
3289088,1-Training-Losses/value_loss,0.011068115942180157,Pong1PCB2L336P__seed_8_1763344785
3293184,1-Training-Losses/value_loss,0.006584574468433857,Pong1PCB2L336P__seed_8_1763344785
3297280,1-Training-Losses/value_loss,0.007407256402075291,Pong1PCB2L336P__seed_8_1763344785
3301376,1-Training-Losses/value_loss,0.00792945921421051,Pong1PCB2L336P__seed_8_1763344785
3305472,1-Training-Losses/value_loss,0.013231461867690086,Pong1PCB2L336P__seed_8_1763344785
3309568,1-Training-Losses/value_loss,0.011443866416811943,Pong1PCB2L336P__seed_8_1763344785
3313664,1-Training-Losses/value_loss,0.00703144958242774,Pong1PCB2L336P__seed_8_1763344785
3317760,1-Training-Losses/value_loss,0.008450190536677837,Pong1PCB2L336P__seed_8_1763344785
3321856,1-Training-Losses/value_loss,0.009616808034479618,Pong1PCB2L336P__seed_8_1763344785
3325952,1-Training-Losses/value_loss,0.012257584370672703,Pong1PCB2L336P__seed_8_1763344785
3330048,1-Training-Losses/value_loss,0.0039331973530352116,Pong1PCB2L336P__seed_8_1763344785
3334144,1-Training-Losses/value_loss,0.008620155975222588,Pong1PCB2L336P__seed_8_1763344785
3338240,1-Training-Losses/value_loss,0.008444765582680702,Pong1PCB2L336P__seed_8_1763344785
3342336,1-Training-Losses/value_loss,0.007719812914729118,Pong1PCB2L336P__seed_8_1763344785
3346432,1-Training-Losses/value_loss,0.004961959086358547,Pong1PCB2L336P__seed_8_1763344785
3350528,1-Training-Losses/value_loss,0.011485290713608265,Pong1PCB2L336P__seed_8_1763344785
3354624,1-Training-Losses/value_loss,0.011674603447318077,Pong1PCB2L336P__seed_8_1763344785
3358720,1-Training-Losses/value_loss,0.005866317078471184,Pong1PCB2L336P__seed_8_1763344785
3362816,1-Training-Losses/value_loss,0.008978082798421383,Pong1PCB2L336P__seed_8_1763344785
3366912,1-Training-Losses/value_loss,0.005863055121153593,Pong1PCB2L336P__seed_8_1763344785
3371008,1-Training-Losses/value_loss,0.009984513744711876,Pong1PCB2L336P__seed_8_1763344785
3375104,1-Training-Losses/value_loss,0.00921272300183773,Pong1PCB2L336P__seed_8_1763344785
3379200,1-Training-Losses/value_loss,0.007694431114941835,Pong1PCB2L336P__seed_8_1763344785
3383296,1-Training-Losses/value_loss,0.011323654092848301,Pong1PCB2L336P__seed_8_1763344785
3387392,1-Training-Losses/value_loss,0.0059183137491345406,Pong1PCB2L336P__seed_8_1763344785
3391488,1-Training-Losses/value_loss,0.007042981684207916,Pong1PCB2L336P__seed_8_1763344785
3395584,1-Training-Losses/value_loss,0.009060540236532688,Pong1PCB2L336P__seed_8_1763344785
3399680,1-Training-Losses/value_loss,0.012105025351047516,Pong1PCB2L336P__seed_8_1763344785
3403776,1-Training-Losses/value_loss,0.008000053465366364,Pong1PCB2L336P__seed_8_1763344785
3407872,1-Training-Losses/value_loss,0.006972507573664188,Pong1PCB2L336P__seed_8_1763344785
3411968,1-Training-Losses/value_loss,0.010129611939191818,Pong1PCB2L336P__seed_8_1763344785
3416064,1-Training-Losses/value_loss,0.009268497116863728,Pong1PCB2L336P__seed_8_1763344785
3420160,1-Training-Losses/value_loss,0.009276633150875568,Pong1PCB2L336P__seed_8_1763344785
3424256,1-Training-Losses/value_loss,0.01002830546349287,Pong1PCB2L336P__seed_8_1763344785
3428352,1-Training-Losses/value_loss,0.009787017479538918,Pong1PCB2L336P__seed_8_1763344785
3432448,1-Training-Losses/value_loss,0.011392536573112011,Pong1PCB2L336P__seed_8_1763344785
3436544,1-Training-Losses/value_loss,0.0051044318825006485,Pong1PCB2L336P__seed_8_1763344785
3440640,1-Training-Losses/value_loss,0.011761046946048737,Pong1PCB2L336P__seed_8_1763344785
3444736,1-Training-Losses/value_loss,0.008711480535566807,Pong1PCB2L336P__seed_8_1763344785
3448832,1-Training-Losses/value_loss,0.0061302222311496735,Pong1PCB2L336P__seed_8_1763344785
3452928,1-Training-Losses/value_loss,0.0044253431260585785,Pong1PCB2L336P__seed_8_1763344785
3457024,1-Training-Losses/value_loss,0.01022743433713913,Pong1PCB2L336P__seed_8_1763344785
3461120,1-Training-Losses/value_loss,0.008815525099635124,Pong1PCB2L336P__seed_8_1763344785
3465216,1-Training-Losses/value_loss,0.009645361453294754,Pong1PCB2L336P__seed_8_1763344785
3469312,1-Training-Losses/value_loss,0.009223946370184422,Pong1PCB2L336P__seed_8_1763344785
3473408,1-Training-Losses/value_loss,0.008629970252513885,Pong1PCB2L336P__seed_8_1763344785
3477504,1-Training-Losses/value_loss,0.005155049730092287,Pong1PCB2L336P__seed_8_1763344785
3481600,1-Training-Losses/value_loss,0.009878525510430336,Pong1PCB2L336P__seed_8_1763344785
3485696,1-Training-Losses/value_loss,0.007972520776093006,Pong1PCB2L336P__seed_8_1763344785
3489792,1-Training-Losses/value_loss,0.00832632090896368,Pong1PCB2L336P__seed_8_1763344785
3493888,1-Training-Losses/value_loss,0.009283910505473614,Pong1PCB2L336P__seed_8_1763344785
3497984,1-Training-Losses/value_loss,0.009924700483679771,Pong1PCB2L336P__seed_8_1763344785
3502080,1-Training-Losses/value_loss,0.006452054716646671,Pong1PCB2L336P__seed_8_1763344785
3506176,1-Training-Losses/value_loss,0.008682265877723694,Pong1PCB2L336P__seed_8_1763344785
3510272,1-Training-Losses/value_loss,0.008542902767658234,Pong1PCB2L336P__seed_8_1763344785
3514368,1-Training-Losses/value_loss,0.009262273088097572,Pong1PCB2L336P__seed_8_1763344785
3518464,1-Training-Losses/value_loss,0.009690899401903152,Pong1PCB2L336P__seed_8_1763344785
3522560,1-Training-Losses/value_loss,0.006516217719763517,Pong1PCB2L336P__seed_8_1763344785
3526656,1-Training-Losses/value_loss,0.00796075351536274,Pong1PCB2L336P__seed_8_1763344785
3530752,1-Training-Losses/value_loss,0.0064599765464663506,Pong1PCB2L336P__seed_8_1763344785
3534848,1-Training-Losses/value_loss,0.012241948395967484,Pong1PCB2L336P__seed_8_1763344785
3538944,1-Training-Losses/value_loss,0.0061135427094995975,Pong1PCB2L336P__seed_8_1763344785
3543040,1-Training-Losses/value_loss,0.007022036239504814,Pong1PCB2L336P__seed_8_1763344785
3547136,1-Training-Losses/value_loss,0.013163425959646702,Pong1PCB2L336P__seed_8_1763344785
3551232,1-Training-Losses/value_loss,0.010586336255073547,Pong1PCB2L336P__seed_8_1763344785
3555328,1-Training-Losses/value_loss,0.004906794987618923,Pong1PCB2L336P__seed_8_1763344785
3559424,1-Training-Losses/value_loss,0.013645470142364502,Pong1PCB2L336P__seed_8_1763344785
3563520,1-Training-Losses/value_loss,0.004099998623132706,Pong1PCB2L336P__seed_8_1763344785
3567616,1-Training-Losses/value_loss,0.008312285877764225,Pong1PCB2L336P__seed_8_1763344785
3571712,1-Training-Losses/value_loss,0.00782667938619852,Pong1PCB2L336P__seed_8_1763344785
3575808,1-Training-Losses/value_loss,0.008636053651571274,Pong1PCB2L336P__seed_8_1763344785
3579904,1-Training-Losses/value_loss,0.00577944703400135,Pong1PCB2L336P__seed_8_1763344785
3584000,1-Training-Losses/value_loss,0.014113624580204487,Pong1PCB2L336P__seed_8_1763344785
3588096,1-Training-Losses/value_loss,0.009892931208014488,Pong1PCB2L336P__seed_8_1763344785
3592192,1-Training-Losses/value_loss,0.006498664151877165,Pong1PCB2L336P__seed_8_1763344785
3596288,1-Training-Losses/value_loss,0.011875012889504433,Pong1PCB2L336P__seed_8_1763344785
3600384,1-Training-Losses/value_loss,0.0065081422217190266,Pong1PCB2L336P__seed_8_1763344785
3604480,1-Training-Losses/value_loss,0.008507730439305305,Pong1PCB2L336P__seed_8_1763344785
3608576,1-Training-Losses/value_loss,0.007906687445938587,Pong1PCB2L336P__seed_8_1763344785
3612672,1-Training-Losses/value_loss,0.006144838407635689,Pong1PCB2L336P__seed_8_1763344785
3616768,1-Training-Losses/value_loss,0.010225145146250725,Pong1PCB2L336P__seed_8_1763344785
3620864,1-Training-Losses/value_loss,0.00914764404296875,Pong1PCB2L336P__seed_8_1763344785
3624960,1-Training-Losses/value_loss,0.011053375899791718,Pong1PCB2L336P__seed_8_1763344785
3629056,1-Training-Losses/value_loss,0.008444476872682571,Pong1PCB2L336P__seed_8_1763344785
3633152,1-Training-Losses/value_loss,0.009111965075135231,Pong1PCB2L336P__seed_8_1763344785
3637248,1-Training-Losses/value_loss,0.00710668321698904,Pong1PCB2L336P__seed_8_1763344785
3641344,1-Training-Losses/value_loss,0.007962092757225037,Pong1PCB2L336P__seed_8_1763344785
3645440,1-Training-Losses/value_loss,0.01025448739528656,Pong1PCB2L336P__seed_8_1763344785
3649536,1-Training-Losses/value_loss,0.008158734068274498,Pong1PCB2L336P__seed_8_1763344785
3653632,1-Training-Losses/value_loss,0.00616456987336278,Pong1PCB2L336P__seed_8_1763344785
3657728,1-Training-Losses/value_loss,0.009908365085721016,Pong1PCB2L336P__seed_8_1763344785
3661824,1-Training-Losses/value_loss,0.00709215784445405,Pong1PCB2L336P__seed_8_1763344785
3665920,1-Training-Losses/value_loss,0.007577994838356972,Pong1PCB2L336P__seed_8_1763344785
3670016,1-Training-Losses/value_loss,0.005071777384728193,Pong1PCB2L336P__seed_8_1763344785
3674112,1-Training-Losses/value_loss,0.01120130717754364,Pong1PCB2L336P__seed_8_1763344785
3678208,1-Training-Losses/value_loss,0.009516511112451553,Pong1PCB2L336P__seed_8_1763344785
3682304,1-Training-Losses/value_loss,0.004431290086358786,Pong1PCB2L336P__seed_8_1763344785
3686400,1-Training-Losses/value_loss,0.012076213955879211,Pong1PCB2L336P__seed_8_1763344785
3690496,1-Training-Losses/value_loss,0.006178364623337984,Pong1PCB2L336P__seed_8_1763344785
3694592,1-Training-Losses/value_loss,0.007351694628596306,Pong1PCB2L336P__seed_8_1763344785
3698688,1-Training-Losses/value_loss,0.00472252257168293,Pong1PCB2L336P__seed_8_1763344785
3702784,1-Training-Losses/value_loss,0.010003278031945229,Pong1PCB2L336P__seed_8_1763344785
3706880,1-Training-Losses/value_loss,0.009777119383215904,Pong1PCB2L336P__seed_8_1763344785
3710976,1-Training-Losses/value_loss,0.007748765870928764,Pong1PCB2L336P__seed_8_1763344785
3715072,1-Training-Losses/value_loss,0.01322880294173956,Pong1PCB2L336P__seed_8_1763344785
3719168,1-Training-Losses/value_loss,0.007186566479504108,Pong1PCB2L336P__seed_8_1763344785
3723264,1-Training-Losses/value_loss,0.005688769742846489,Pong1PCB2L336P__seed_8_1763344785
3727360,1-Training-Losses/value_loss,0.009694144129753113,Pong1PCB2L336P__seed_8_1763344785
3731456,1-Training-Losses/value_loss,0.008082736283540726,Pong1PCB2L336P__seed_8_1763344785
3735552,1-Training-Losses/value_loss,0.007786954753100872,Pong1PCB2L336P__seed_8_1763344785
3739648,1-Training-Losses/value_loss,0.01008530706167221,Pong1PCB2L336P__seed_8_1763344785
3743744,1-Training-Losses/value_loss,0.006692769471555948,Pong1PCB2L336P__seed_8_1763344785
3747840,1-Training-Losses/value_loss,0.011495523154735565,Pong1PCB2L336P__seed_8_1763344785
3751936,1-Training-Losses/value_loss,0.006658539175987244,Pong1PCB2L336P__seed_8_1763344785
3756032,1-Training-Losses/value_loss,0.00925084762275219,Pong1PCB2L336P__seed_8_1763344785
3760128,1-Training-Losses/value_loss,0.00812873151153326,Pong1PCB2L336P__seed_8_1763344785
3764224,1-Training-Losses/value_loss,0.011283915489912033,Pong1PCB2L336P__seed_8_1763344785
3768320,1-Training-Losses/value_loss,0.0035582224372774363,Pong1PCB2L336P__seed_8_1763344785
3772416,1-Training-Losses/value_loss,0.006192412227392197,Pong1PCB2L336P__seed_8_1763344785
3776512,1-Training-Losses/value_loss,0.010529579594731331,Pong1PCB2L336P__seed_8_1763344785
3780608,1-Training-Losses/value_loss,0.008355272002518177,Pong1PCB2L336P__seed_8_1763344785
3784704,1-Training-Losses/value_loss,0.00793476402759552,Pong1PCB2L336P__seed_8_1763344785
3788800,1-Training-Losses/value_loss,0.008141746744513512,Pong1PCB2L336P__seed_8_1763344785
3792896,1-Training-Losses/value_loss,0.011679206043481827,Pong1PCB2L336P__seed_8_1763344785
3796992,1-Training-Losses/value_loss,0.007237264420837164,Pong1PCB2L336P__seed_8_1763344785
3801088,1-Training-Losses/value_loss,0.00897771306335926,Pong1PCB2L336P__seed_8_1763344785
3805184,1-Training-Losses/value_loss,0.010486023500561714,Pong1PCB2L336P__seed_8_1763344785
3809280,1-Training-Losses/value_loss,0.00734079722315073,Pong1PCB2L336P__seed_8_1763344785
3813376,1-Training-Losses/value_loss,0.006216234527528286,Pong1PCB2L336P__seed_8_1763344785
3817472,1-Training-Losses/value_loss,0.009981213137507439,Pong1PCB2L336P__seed_8_1763344785
3821568,1-Training-Losses/value_loss,0.010392488911747932,Pong1PCB2L336P__seed_8_1763344785
3825664,1-Training-Losses/value_loss,0.007872035726904869,Pong1PCB2L336P__seed_8_1763344785
3829760,1-Training-Losses/value_loss,0.005948517471551895,Pong1PCB2L336P__seed_8_1763344785
3833856,1-Training-Losses/value_loss,0.01041108276695013,Pong1PCB2L336P__seed_8_1763344785
3837952,1-Training-Losses/value_loss,0.010145941749215126,Pong1PCB2L336P__seed_8_1763344785
3842048,1-Training-Losses/value_loss,0.0065041882917284966,Pong1PCB2L336P__seed_8_1763344785
3846144,1-Training-Losses/value_loss,0.009907523170113564,Pong1PCB2L336P__seed_8_1763344785
3850240,1-Training-Losses/value_loss,0.006523513235151768,Pong1PCB2L336P__seed_8_1763344785
3854336,1-Training-Losses/value_loss,0.010587725788354874,Pong1PCB2L336P__seed_8_1763344785
3858432,1-Training-Losses/value_loss,0.009007171727716923,Pong1PCB2L336P__seed_8_1763344785
3862528,1-Training-Losses/value_loss,0.008480994962155819,Pong1PCB2L336P__seed_8_1763344785
3866624,1-Training-Losses/value_loss,0.010878406465053558,Pong1PCB2L336P__seed_8_1763344785
3870720,1-Training-Losses/value_loss,0.004372166004031897,Pong1PCB2L336P__seed_8_1763344785
3874816,1-Training-Losses/value_loss,0.007542043924331665,Pong1PCB2L336P__seed_8_1763344785
3878912,1-Training-Losses/value_loss,0.007880942896008492,Pong1PCB2L336P__seed_8_1763344785
3883008,1-Training-Losses/value_loss,0.011684575118124485,Pong1PCB2L336P__seed_8_1763344785
3887104,1-Training-Losses/value_loss,0.00551092904061079,Pong1PCB2L336P__seed_8_1763344785
3891200,1-Training-Losses/value_loss,0.0061353836208581924,Pong1PCB2L336P__seed_8_1763344785
3895296,1-Training-Losses/value_loss,0.010596415027976036,Pong1PCB2L336P__seed_8_1763344785
3899392,1-Training-Losses/value_loss,0.007832435891032219,Pong1PCB2L336P__seed_8_1763344785
3903488,1-Training-Losses/value_loss,0.008082883432507515,Pong1PCB2L336P__seed_8_1763344785
3907584,1-Training-Losses/value_loss,0.005533070769160986,Pong1PCB2L336P__seed_8_1763344785
3911680,1-Training-Losses/value_loss,0.009414473548531532,Pong1PCB2L336P__seed_8_1763344785
3915776,1-Training-Losses/value_loss,0.008075535297393799,Pong1PCB2L336P__seed_8_1763344785
3919872,1-Training-Losses/value_loss,0.00913045834749937,Pong1PCB2L336P__seed_8_1763344785
3923968,1-Training-Losses/value_loss,0.008363624103367329,Pong1PCB2L336P__seed_8_1763344785
3928064,1-Training-Losses/value_loss,0.008479151874780655,Pong1PCB2L336P__seed_8_1763344785
3932160,1-Training-Losses/value_loss,0.007734915241599083,Pong1PCB2L336P__seed_8_1763344785
3936256,1-Training-Losses/value_loss,0.00818590447306633,Pong1PCB2L336P__seed_8_1763344785
3940352,1-Training-Losses/value_loss,0.008431009948253632,Pong1PCB2L336P__seed_8_1763344785
3944448,1-Training-Losses/value_loss,0.011935526505112648,Pong1PCB2L336P__seed_8_1763344785
3948544,1-Training-Losses/value_loss,0.007929897867143154,Pong1PCB2L336P__seed_8_1763344785
3952640,1-Training-Losses/value_loss,0.009065311402082443,Pong1PCB2L336P__seed_8_1763344785
3956736,1-Training-Losses/value_loss,0.00586309377104044,Pong1PCB2L336P__seed_8_1763344785
3960832,1-Training-Losses/value_loss,0.007966771721839905,Pong1PCB2L336P__seed_8_1763344785
3964928,1-Training-Losses/value_loss,0.007820364087820053,Pong1PCB2L336P__seed_8_1763344785
3969024,1-Training-Losses/value_loss,0.008575748652219772,Pong1PCB2L336P__seed_8_1763344785
3973120,1-Training-Losses/value_loss,0.007814676500856876,Pong1PCB2L336P__seed_8_1763344785
3977216,1-Training-Losses/value_loss,0.005383468233048916,Pong1PCB2L336P__seed_8_1763344785
3981312,1-Training-Losses/value_loss,0.0038597576785832644,Pong1PCB2L336P__seed_8_1763344785
3985408,1-Training-Losses/value_loss,0.010396856814622879,Pong1PCB2L336P__seed_8_1763344785
3989504,1-Training-Losses/value_loss,0.008684416301548481,Pong1PCB2L336P__seed_8_1763344785
3993600,1-Training-Losses/value_loss,0.004153617657721043,Pong1PCB2L336P__seed_8_1763344785
3997696,1-Training-Losses/value_loss,0.007258139085024595,Pong1PCB2L336P__seed_8_1763344785
4001792,1-Training-Losses/value_loss,0.008384401910007,Pong1PCB2L336P__seed_8_1763344785
4005888,1-Training-Losses/value_loss,0.009564029052853584,Pong1PCB2L336P__seed_8_1763344785
4009984,1-Training-Losses/value_loss,0.007817027159035206,Pong1PCB2L336P__seed_8_1763344785
4014080,1-Training-Losses/value_loss,0.011557647958397865,Pong1PCB2L336P__seed_8_1763344785
4018176,1-Training-Losses/value_loss,0.004959608428180218,Pong1PCB2L336P__seed_8_1763344785
4022272,1-Training-Losses/value_loss,0.01222971174865961,Pong1PCB2L336P__seed_8_1763344785
4026368,1-Training-Losses/value_loss,0.004675659351050854,Pong1PCB2L336P__seed_8_1763344785
4030464,1-Training-Losses/value_loss,0.005899112205952406,Pong1PCB2L336P__seed_8_1763344785
4034560,1-Training-Losses/value_loss,0.010011079721152782,Pong1PCB2L336P__seed_8_1763344785
4038656,1-Training-Losses/value_loss,0.003405850613489747,Pong1PCB2L336P__seed_8_1763344785
4042752,1-Training-Losses/value_loss,0.013679235242307186,Pong1PCB2L336P__seed_8_1763344785
4046848,1-Training-Losses/value_loss,0.007155681028962135,Pong1PCB2L336P__seed_8_1763344785
4050944,1-Training-Losses/value_loss,0.0052944659255445,Pong1PCB2L336P__seed_8_1763344785
4055040,1-Training-Losses/value_loss,0.009412446990609169,Pong1PCB2L336P__seed_8_1763344785
4059136,1-Training-Losses/value_loss,0.008149690926074982,Pong1PCB2L336P__seed_8_1763344785
4063232,1-Training-Losses/value_loss,0.006140860728919506,Pong1PCB2L336P__seed_8_1763344785
4067328,1-Training-Losses/value_loss,0.008751113899052143,Pong1PCB2L336P__seed_8_1763344785
4071424,1-Training-Losses/value_loss,0.007235458120703697,Pong1PCB2L336P__seed_8_1763344785
4075520,1-Training-Losses/value_loss,0.005104325711727142,Pong1PCB2L336P__seed_8_1763344785
4079616,1-Training-Losses/value_loss,0.008384033106267452,Pong1PCB2L336P__seed_8_1763344785
4083712,1-Training-Losses/value_loss,0.012944599613547325,Pong1PCB2L336P__seed_8_1763344785
4087808,1-Training-Losses/value_loss,0.0043980758637189865,Pong1PCB2L336P__seed_8_1763344785
4091904,1-Training-Losses/value_loss,0.006338507868349552,Pong1PCB2L336P__seed_8_1763344785
4096000,1-Training-Losses/value_loss,0.006727420259267092,Pong1PCB2L336P__seed_8_1763344785
4100096,1-Training-Losses/value_loss,0.0068339086137712,Pong1PCB2L336P__seed_8_1763344785
4104192,1-Training-Losses/value_loss,0.012449889443814754,Pong1PCB2L336P__seed_8_1763344785
4108288,1-Training-Losses/value_loss,0.005398344248533249,Pong1PCB2L336P__seed_8_1763344785
4112384,1-Training-Losses/value_loss,0.006192394066601992,Pong1PCB2L336P__seed_8_1763344785
4116480,1-Training-Losses/value_loss,0.011391271837055683,Pong1PCB2L336P__seed_8_1763344785
4120576,1-Training-Losses/value_loss,0.00421446468681097,Pong1PCB2L336P__seed_8_1763344785
4124672,1-Training-Losses/value_loss,0.006999177858233452,Pong1PCB2L336P__seed_8_1763344785
4128768,1-Training-Losses/value_loss,0.010364111512899399,Pong1PCB2L336P__seed_8_1763344785
4132864,1-Training-Losses/value_loss,0.007716379128396511,Pong1PCB2L336P__seed_8_1763344785
4136960,1-Training-Losses/value_loss,0.005187300965189934,Pong1PCB2L336P__seed_8_1763344785
4141056,1-Training-Losses/value_loss,0.009483693167567253,Pong1PCB2L336P__seed_8_1763344785
4145152,1-Training-Losses/value_loss,0.0060330345295369625,Pong1PCB2L336P__seed_8_1763344785
4149248,1-Training-Losses/value_loss,0.007104161195456982,Pong1PCB2L336P__seed_8_1763344785
4153344,1-Training-Losses/value_loss,0.005990940611809492,Pong1PCB2L336P__seed_8_1763344785
4157440,1-Training-Losses/value_loss,0.010872392915189266,Pong1PCB2L336P__seed_8_1763344785
4161536,1-Training-Losses/value_loss,0.009863059967756271,Pong1PCB2L336P__seed_8_1763344785
4165632,1-Training-Losses/value_loss,0.007390896789729595,Pong1PCB2L336P__seed_8_1763344785
4169728,1-Training-Losses/value_loss,0.006630482152104378,Pong1PCB2L336P__seed_8_1763344785
4173824,1-Training-Losses/value_loss,0.00815239455550909,Pong1PCB2L336P__seed_8_1763344785
4177920,1-Training-Losses/value_loss,0.006467694416642189,Pong1PCB2L336P__seed_8_1763344785
4182016,1-Training-Losses/value_loss,0.008326968178153038,Pong1PCB2L336P__seed_8_1763344785
4186112,1-Training-Losses/value_loss,0.00935658160597086,Pong1PCB2L336P__seed_8_1763344785
4190208,1-Training-Losses/value_loss,0.009136822074651718,Pong1PCB2L336P__seed_8_1763344785
4194304,1-Training-Losses/value_loss,0.003775510471314192,Pong1PCB2L336P__seed_8_1763344785
4198400,1-Training-Losses/value_loss,0.010651974007487297,Pong1PCB2L336P__seed_8_1763344785
4202496,1-Training-Losses/value_loss,0.011651783250272274,Pong1PCB2L336P__seed_8_1763344785
4206592,1-Training-Losses/value_loss,0.00518959853798151,Pong1PCB2L336P__seed_8_1763344785
4210688,1-Training-Losses/value_loss,0.007758967578411102,Pong1PCB2L336P__seed_8_1763344785
4214784,1-Training-Losses/value_loss,0.009248074144124985,Pong1PCB2L336P__seed_8_1763344785
4218880,1-Training-Losses/value_loss,0.010932999663054943,Pong1PCB2L336P__seed_8_1763344785
4222976,1-Training-Losses/value_loss,0.005433360114693642,Pong1PCB2L336P__seed_8_1763344785
4227072,1-Training-Losses/value_loss,0.00618142681196332,Pong1PCB2L336P__seed_8_1763344785
4231168,1-Training-Losses/value_loss,0.009859294630587101,Pong1PCB2L336P__seed_8_1763344785
4235264,1-Training-Losses/value_loss,0.0068086315877735615,Pong1PCB2L336P__seed_8_1763344785
4239360,1-Training-Losses/value_loss,0.008898206986486912,Pong1PCB2L336P__seed_8_1763344785
4243456,1-Training-Losses/value_loss,0.00548431696370244,Pong1PCB2L336P__seed_8_1763344785
4247552,1-Training-Losses/value_loss,0.00717642717063427,Pong1PCB2L336P__seed_8_1763344785
4251648,1-Training-Losses/value_loss,0.010700039565563202,Pong1PCB2L336P__seed_8_1763344785
4255744,1-Training-Losses/value_loss,0.005997485015541315,Pong1PCB2L336P__seed_8_1763344785
4259840,1-Training-Losses/value_loss,0.010524353012442589,Pong1PCB2L336P__seed_8_1763344785
4263936,1-Training-Losses/value_loss,0.006208881735801697,Pong1PCB2L336P__seed_8_1763344785
4268032,1-Training-Losses/value_loss,0.00703063840046525,Pong1PCB2L336P__seed_8_1763344785
4272128,1-Training-Losses/value_loss,0.007289990782737732,Pong1PCB2L336P__seed_8_1763344785
4276224,1-Training-Losses/value_loss,0.006472308188676834,Pong1PCB2L336P__seed_8_1763344785
4280320,1-Training-Losses/value_loss,0.009520091116428375,Pong1PCB2L336P__seed_8_1763344785
4284416,1-Training-Losses/value_loss,0.01195564679801464,Pong1PCB2L336P__seed_8_1763344785
4288512,1-Training-Losses/value_loss,0.007558927871286869,Pong1PCB2L336P__seed_8_1763344785
4292608,1-Training-Losses/value_loss,0.00482989102602005,Pong1PCB2L336P__seed_8_1763344785
4296704,1-Training-Losses/value_loss,0.008835049346089363,Pong1PCB2L336P__seed_8_1763344785
4300800,1-Training-Losses/value_loss,0.010993012227118015,Pong1PCB2L336P__seed_8_1763344785
4304896,1-Training-Losses/value_loss,0.0060103656724095345,Pong1PCB2L336P__seed_8_1763344785
4308992,1-Training-Losses/value_loss,0.006996974814683199,Pong1PCB2L336P__seed_8_1763344785
4313088,1-Training-Losses/value_loss,0.009784615598618984,Pong1PCB2L336P__seed_8_1763344785
4317184,1-Training-Losses/value_loss,0.006391437724232674,Pong1PCB2L336P__seed_8_1763344785
4321280,1-Training-Losses/value_loss,0.006472434848546982,Pong1PCB2L336P__seed_8_1763344785
4325376,1-Training-Losses/value_loss,0.006956692785024643,Pong1PCB2L336P__seed_8_1763344785
4329472,1-Training-Losses/value_loss,0.00839806254953146,Pong1PCB2L336P__seed_8_1763344785
4333568,1-Training-Losses/value_loss,0.010189217515289783,Pong1PCB2L336P__seed_8_1763344785
4337664,1-Training-Losses/value_loss,0.010312512516975403,Pong1PCB2L336P__seed_8_1763344785
4341760,1-Training-Losses/value_loss,0.005446940194815397,Pong1PCB2L336P__seed_8_1763344785
4345856,1-Training-Losses/value_loss,0.009575724601745605,Pong1PCB2L336P__seed_8_1763344785
4349952,1-Training-Losses/value_loss,0.007616938091814518,Pong1PCB2L336P__seed_8_1763344785
4354048,1-Training-Losses/value_loss,0.007415339350700378,Pong1PCB2L336P__seed_8_1763344785
4358144,1-Training-Losses/value_loss,0.006672358140349388,Pong1PCB2L336P__seed_8_1763344785
4362240,1-Training-Losses/value_loss,0.006565527990460396,Pong1PCB2L336P__seed_8_1763344785
4366336,1-Training-Losses/value_loss,0.009475422091782093,Pong1PCB2L336P__seed_8_1763344785
4370432,1-Training-Losses/value_loss,0.005457206629216671,Pong1PCB2L336P__seed_8_1763344785
4374528,1-Training-Losses/value_loss,0.009993381798267365,Pong1PCB2L336P__seed_8_1763344785
4378624,1-Training-Losses/value_loss,0.007668957579880953,Pong1PCB2L336P__seed_8_1763344785
4382720,1-Training-Losses/value_loss,0.009453466162085533,Pong1PCB2L336P__seed_8_1763344785
4386816,1-Training-Losses/value_loss,0.007672341074794531,Pong1PCB2L336P__seed_8_1763344785
4390912,1-Training-Losses/value_loss,0.006975281052291393,Pong1PCB2L336P__seed_8_1763344785
4395008,1-Training-Losses/value_loss,0.005731033161282539,Pong1PCB2L336P__seed_8_1763344785
4399104,1-Training-Losses/value_loss,0.00771750183776021,Pong1PCB2L336P__seed_8_1763344785
4403200,1-Training-Losses/value_loss,0.0073396749794483185,Pong1PCB2L336P__seed_8_1763344785
4407296,1-Training-Losses/value_loss,0.012011973187327385,Pong1PCB2L336P__seed_8_1763344785
4411392,1-Training-Losses/value_loss,0.008791077882051468,Pong1PCB2L336P__seed_8_1763344785
4415488,1-Training-Losses/value_loss,0.0078434394672513,Pong1PCB2L336P__seed_8_1763344785
4419584,1-Training-Losses/value_loss,0.011178662069141865,Pong1PCB2L336P__seed_8_1763344785
4423680,1-Training-Losses/value_loss,0.007698478642851114,Pong1PCB2L336P__seed_8_1763344785
4427776,1-Training-Losses/value_loss,0.006655259057879448,Pong1PCB2L336P__seed_8_1763344785
4431872,1-Training-Losses/value_loss,0.009654013440012932,Pong1PCB2L336P__seed_8_1763344785
4435968,1-Training-Losses/value_loss,0.01026532705873251,Pong1PCB2L336P__seed_8_1763344785
4440064,1-Training-Losses/value_loss,0.0048388270661234856,Pong1PCB2L336P__seed_8_1763344785
4444160,1-Training-Losses/value_loss,0.009769570082426071,Pong1PCB2L336P__seed_8_1763344785
4448256,1-Training-Losses/value_loss,0.005585473030805588,Pong1PCB2L336P__seed_8_1763344785
4452352,1-Training-Losses/value_loss,0.011210402473807335,Pong1PCB2L336P__seed_8_1763344785
4456448,1-Training-Losses/value_loss,0.007769457064568996,Pong1PCB2L336P__seed_8_1763344785
4460544,1-Training-Losses/value_loss,0.0072415778413414955,Pong1PCB2L336P__seed_8_1763344785
4464640,1-Training-Losses/value_loss,0.009012503549456596,Pong1PCB2L336P__seed_8_1763344785
4468736,1-Training-Losses/value_loss,0.00854264385998249,Pong1PCB2L336P__seed_8_1763344785
4472832,1-Training-Losses/value_loss,0.0058450475335121155,Pong1PCB2L336P__seed_8_1763344785
4476928,1-Training-Losses/value_loss,0.008333268575370312,Pong1PCB2L336P__seed_8_1763344785
4481024,1-Training-Losses/value_loss,0.010908487252891064,Pong1PCB2L336P__seed_8_1763344785
4485120,1-Training-Losses/value_loss,0.005758422426879406,Pong1PCB2L336P__seed_8_1763344785
4489216,1-Training-Losses/value_loss,0.009732388891279697,Pong1PCB2L336P__seed_8_1763344785
4493312,1-Training-Losses/value_loss,0.009192275814712048,Pong1PCB2L336P__seed_8_1763344785
4497408,1-Training-Losses/value_loss,0.005051745101809502,Pong1PCB2L336P__seed_8_1763344785
4501504,1-Training-Losses/value_loss,0.008324012160301208,Pong1PCB2L336P__seed_8_1763344785
4505600,1-Training-Losses/value_loss,0.010657330974936485,Pong1PCB2L336P__seed_8_1763344785
4509696,1-Training-Losses/value_loss,0.008509200066328049,Pong1PCB2L336P__seed_8_1763344785
4513792,1-Training-Losses/value_loss,0.008201822638511658,Pong1PCB2L336P__seed_8_1763344785
4517888,1-Training-Losses/value_loss,0.009362095966935158,Pong1PCB2L336P__seed_8_1763344785
4521984,1-Training-Losses/value_loss,0.006656107027083635,Pong1PCB2L336P__seed_8_1763344785
4526080,1-Training-Losses/value_loss,0.008401807397603989,Pong1PCB2L336P__seed_8_1763344785
4530176,1-Training-Losses/value_loss,0.004229891579598188,Pong1PCB2L336P__seed_8_1763344785
4534272,1-Training-Losses/value_loss,0.010678730905056,Pong1PCB2L336P__seed_8_1763344785
4538368,1-Training-Losses/value_loss,0.006499212700873613,Pong1PCB2L336P__seed_8_1763344785
4542464,1-Training-Losses/value_loss,0.006559624336659908,Pong1PCB2L336P__seed_8_1763344785
4546560,1-Training-Losses/value_loss,0.010236317291855812,Pong1PCB2L336P__seed_8_1763344785
4550656,1-Training-Losses/value_loss,0.010500773787498474,Pong1PCB2L336P__seed_8_1763344785
4554752,1-Training-Losses/value_loss,0.0070772357285022736,Pong1PCB2L336P__seed_8_1763344785
4558848,1-Training-Losses/value_loss,0.006371381692588329,Pong1PCB2L336P__seed_8_1763344785
4562944,1-Training-Losses/value_loss,0.010206646285951138,Pong1PCB2L336P__seed_8_1763344785
4567040,1-Training-Losses/value_loss,0.00662477221339941,Pong1PCB2L336P__seed_8_1763344785
4571136,1-Training-Losses/value_loss,0.009215317666530609,Pong1PCB2L336P__seed_8_1763344785
4575232,1-Training-Losses/value_loss,0.00972466729581356,Pong1PCB2L336P__seed_8_1763344785
4579328,1-Training-Losses/value_loss,0.007230706512928009,Pong1PCB2L336P__seed_8_1763344785
4583424,1-Training-Losses/value_loss,0.008338071405887604,Pong1PCB2L336P__seed_8_1763344785
4587520,1-Training-Losses/value_loss,0.012146060355007648,Pong1PCB2L336P__seed_8_1763344785
4591616,1-Training-Losses/value_loss,0.010166546329855919,Pong1PCB2L336P__seed_8_1763344785
4595712,1-Training-Losses/value_loss,0.004872409626841545,Pong1PCB2L336P__seed_8_1763344785
4599808,1-Training-Losses/value_loss,0.00705560389906168,Pong1PCB2L336P__seed_8_1763344785
4603904,1-Training-Losses/value_loss,0.011419294402003288,Pong1PCB2L336P__seed_8_1763344785
4608000,1-Training-Losses/value_loss,0.007270993199199438,Pong1PCB2L336P__seed_8_1763344785
4612096,1-Training-Losses/value_loss,0.008649321272969246,Pong1PCB2L336P__seed_8_1763344785
4616192,1-Training-Losses/value_loss,0.0044354661367833614,Pong1PCB2L336P__seed_8_1763344785
4620288,1-Training-Losses/value_loss,0.0036996235139667988,Pong1PCB2L336P__seed_8_1763344785
4624384,1-Training-Losses/value_loss,0.013941090553998947,Pong1PCB2L336P__seed_8_1763344785
4628480,1-Training-Losses/value_loss,0.0074282679706811905,Pong1PCB2L336P__seed_8_1763344785
4632576,1-Training-Losses/value_loss,0.009466389194130898,Pong1PCB2L336P__seed_8_1763344785
4636672,1-Training-Losses/value_loss,0.008406553417444229,Pong1PCB2L336P__seed_8_1763344785
4640768,1-Training-Losses/value_loss,0.007953574880957603,Pong1PCB2L336P__seed_8_1763344785
4644864,1-Training-Losses/value_loss,0.009916454553604126,Pong1PCB2L336P__seed_8_1763344785
4648960,1-Training-Losses/value_loss,0.007607539650052786,Pong1PCB2L336P__seed_8_1763344785
4653056,1-Training-Losses/value_loss,0.009711799211800098,Pong1PCB2L336P__seed_8_1763344785
4657152,1-Training-Losses/value_loss,0.005842513404786587,Pong1PCB2L336P__seed_8_1763344785
4661248,1-Training-Losses/value_loss,0.007413463667035103,Pong1PCB2L336P__seed_8_1763344785
4665344,1-Training-Losses/value_loss,0.011036179028451443,Pong1PCB2L336P__seed_8_1763344785
4669440,1-Training-Losses/value_loss,0.006555600557476282,Pong1PCB2L336P__seed_8_1763344785
4673536,1-Training-Losses/value_loss,0.008985226973891258,Pong1PCB2L336P__seed_8_1763344785
4677632,1-Training-Losses/value_loss,0.010209275409579277,Pong1PCB2L336P__seed_8_1763344785
4681728,1-Training-Losses/value_loss,0.0073592280969023705,Pong1PCB2L336P__seed_8_1763344785
4685824,1-Training-Losses/value_loss,0.01104261726140976,Pong1PCB2L336P__seed_8_1763344785
4689920,1-Training-Losses/value_loss,0.007975136861205101,Pong1PCB2L336P__seed_8_1763344785
4694016,1-Training-Losses/value_loss,0.006245685275644064,Pong1PCB2L336P__seed_8_1763344785
4698112,1-Training-Losses/value_loss,0.010357987135648727,Pong1PCB2L336P__seed_8_1763344785
4702208,1-Training-Losses/value_loss,0.009116657078266144,Pong1PCB2L336P__seed_8_1763344785
4706304,1-Training-Losses/value_loss,0.008485572412610054,Pong1PCB2L336P__seed_8_1763344785
4710400,1-Training-Losses/value_loss,0.009325242601335049,Pong1PCB2L336P__seed_8_1763344785
4714496,1-Training-Losses/value_loss,0.008805977180600166,Pong1PCB2L336P__seed_8_1763344785
4718592,1-Training-Losses/value_loss,0.010317092761397362,Pong1PCB2L336P__seed_8_1763344785
4722688,1-Training-Losses/value_loss,0.006898721680045128,Pong1PCB2L336P__seed_8_1763344785
4726784,1-Training-Losses/value_loss,0.010434853844344616,Pong1PCB2L336P__seed_8_1763344785
4730880,1-Training-Losses/value_loss,0.0073441872373223305,Pong1PCB2L336P__seed_8_1763344785
4734976,1-Training-Losses/value_loss,0.008113197982311249,Pong1PCB2L336P__seed_8_1763344785
4739072,1-Training-Losses/value_loss,0.008273407816886902,Pong1PCB2L336P__seed_8_1763344785
4743168,1-Training-Losses/value_loss,0.006679500453174114,Pong1PCB2L336P__seed_8_1763344785
4747264,1-Training-Losses/value_loss,0.006490589119493961,Pong1PCB2L336P__seed_8_1763344785
4751360,1-Training-Losses/value_loss,0.009557746350765228,Pong1PCB2L336P__seed_8_1763344785
4755456,1-Training-Losses/value_loss,0.006768594495952129,Pong1PCB2L336P__seed_8_1763344785
4759552,1-Training-Losses/value_loss,0.013669764623045921,Pong1PCB2L336P__seed_8_1763344785
4763648,1-Training-Losses/value_loss,0.005947865080088377,Pong1PCB2L336P__seed_8_1763344785
4767744,1-Training-Losses/value_loss,0.0037952717393636703,Pong1PCB2L336P__seed_8_1763344785
4771840,1-Training-Losses/value_loss,0.008753529749810696,Pong1PCB2L336P__seed_8_1763344785
4775936,1-Training-Losses/value_loss,0.007990004494786263,Pong1PCB2L336P__seed_8_1763344785
4780032,1-Training-Losses/value_loss,0.007217969745397568,Pong1PCB2L336P__seed_8_1763344785
4784128,1-Training-Losses/value_loss,0.007501489017158747,Pong1PCB2L336P__seed_8_1763344785
4788224,1-Training-Losses/value_loss,0.008312482386827469,Pong1PCB2L336P__seed_8_1763344785
4792320,1-Training-Losses/value_loss,0.010059236548841,Pong1PCB2L336P__seed_8_1763344785
4796416,1-Training-Losses/value_loss,0.01000896468758583,Pong1PCB2L336P__seed_8_1763344785
4800512,1-Training-Losses/value_loss,0.004439429845660925,Pong1PCB2L336P__seed_8_1763344785
4804608,1-Training-Losses/value_loss,0.007616568356752396,Pong1PCB2L336P__seed_8_1763344785
4808704,1-Training-Losses/value_loss,0.010504105128347874,Pong1PCB2L336P__seed_8_1763344785
4812800,1-Training-Losses/value_loss,0.007589646149426699,Pong1PCB2L336P__seed_8_1763344785
4816896,1-Training-Losses/value_loss,0.007559368386864662,Pong1PCB2L336P__seed_8_1763344785
4820992,1-Training-Losses/value_loss,0.0038222819566726685,Pong1PCB2L336P__seed_8_1763344785
4825088,1-Training-Losses/value_loss,0.008938943967223167,Pong1PCB2L336P__seed_8_1763344785
4829184,1-Training-Losses/value_loss,0.011048585176467896,Pong1PCB2L336P__seed_8_1763344785
4833280,1-Training-Losses/value_loss,0.006727137137204409,Pong1PCB2L336P__seed_8_1763344785
4837376,1-Training-Losses/value_loss,0.00842735730111599,Pong1PCB2L336P__seed_8_1763344785
4841472,1-Training-Losses/value_loss,0.009624971076846123,Pong1PCB2L336P__seed_8_1763344785
4845568,1-Training-Losses/value_loss,0.009143980219960213,Pong1PCB2L336P__seed_8_1763344785
4849664,1-Training-Losses/value_loss,0.005284473299980164,Pong1PCB2L336P__seed_8_1763344785
4853760,1-Training-Losses/value_loss,0.008284665644168854,Pong1PCB2L336P__seed_8_1763344785
4857856,1-Training-Losses/value_loss,0.006190261337906122,Pong1PCB2L336P__seed_8_1763344785
4861952,1-Training-Losses/value_loss,0.010510104708373547,Pong1PCB2L336P__seed_8_1763344785
4866048,1-Training-Losses/value_loss,0.00836281105875969,Pong1PCB2L336P__seed_8_1763344785
4870144,1-Training-Losses/value_loss,0.009460577741265297,Pong1PCB2L336P__seed_8_1763344785
4874240,1-Training-Losses/value_loss,0.0060859015211462975,Pong1PCB2L336P__seed_8_1763344785
4878336,1-Training-Losses/value_loss,0.011335750110447407,Pong1PCB2L336P__seed_8_1763344785
4882432,1-Training-Losses/value_loss,0.008469164371490479,Pong1PCB2L336P__seed_8_1763344785
4886528,1-Training-Losses/value_loss,0.007524875458329916,Pong1PCB2L336P__seed_8_1763344785
4890624,1-Training-Losses/value_loss,0.006308580283075571,Pong1PCB2L336P__seed_8_1763344785
4894720,1-Training-Losses/value_loss,0.010855390690267086,Pong1PCB2L336P__seed_8_1763344785
4898816,1-Training-Losses/value_loss,0.006858705542981625,Pong1PCB2L336P__seed_8_1763344785
4902912,1-Training-Losses/value_loss,0.006344095803797245,Pong1PCB2L336P__seed_8_1763344785
4907008,1-Training-Losses/value_loss,0.011795537546277046,Pong1PCB2L336P__seed_8_1763344785
4911104,1-Training-Losses/value_loss,0.011495888233184814,Pong1PCB2L336P__seed_8_1763344785
4915200,1-Training-Losses/value_loss,0.0026423586532473564,Pong1PCB2L336P__seed_8_1763344785
4919296,1-Training-Losses/value_loss,0.007712784688919783,Pong1PCB2L336P__seed_8_1763344785
4923392,1-Training-Losses/value_loss,0.011023169383406639,Pong1PCB2L336P__seed_8_1763344785
4927488,1-Training-Losses/value_loss,0.007510123774409294,Pong1PCB2L336P__seed_8_1763344785
4931584,1-Training-Losses/value_loss,0.008771185763180256,Pong1PCB2L336P__seed_8_1763344785
4935680,1-Training-Losses/value_loss,0.009901933372020721,Pong1PCB2L336P__seed_8_1763344785
4939776,1-Training-Losses/value_loss,0.00963007565587759,Pong1PCB2L336P__seed_8_1763344785
4943872,1-Training-Losses/value_loss,0.008576711639761925,Pong1PCB2L336P__seed_8_1763344785
4947968,1-Training-Losses/value_loss,0.007678297348320484,Pong1PCB2L336P__seed_8_1763344785
4952064,1-Training-Losses/value_loss,0.008008457720279694,Pong1PCB2L336P__seed_8_1763344785
4956160,1-Training-Losses/value_loss,0.008217539638280869,Pong1PCB2L336P__seed_8_1763344785
4960256,1-Training-Losses/value_loss,0.005077195353806019,Pong1PCB2L336P__seed_8_1763344785
4964352,1-Training-Losses/value_loss,0.01326141320168972,Pong1PCB2L336P__seed_8_1763344785
4968448,1-Training-Losses/value_loss,0.0039819227531552315,Pong1PCB2L336P__seed_8_1763344785
4972544,1-Training-Losses/value_loss,0.010127528570592403,Pong1PCB2L336P__seed_8_1763344785
4976640,1-Training-Losses/value_loss,0.008715862408280373,Pong1PCB2L336P__seed_8_1763344785
4980736,1-Training-Losses/value_loss,0.008212846703827381,Pong1PCB2L336P__seed_8_1763344785
4984832,1-Training-Losses/value_loss,0.007432391867041588,Pong1PCB2L336P__seed_8_1763344785
4988928,1-Training-Losses/value_loss,0.009163705632090569,Pong1PCB2L336P__seed_8_1763344785
4993024,1-Training-Losses/value_loss,0.007210670039057732,Pong1PCB2L336P__seed_8_1763344785
4997120,1-Training-Losses/value_loss,0.011679209768772125,Pong1PCB2L336P__seed_8_1763344785
5001216,1-Training-Losses/value_loss,0.008421811275184155,Pong1PCB2L336P__seed_8_1763344785
5005312,1-Training-Losses/value_loss,0.010165199637413025,Pong1PCB2L336P__seed_8_1763344785
5009408,1-Training-Losses/value_loss,0.007247690111398697,Pong1PCB2L336P__seed_8_1763344785
5013504,1-Training-Losses/value_loss,0.010108035057783127,Pong1PCB2L336P__seed_8_1763344785
5017600,1-Training-Losses/value_loss,0.007641478441655636,Pong1PCB2L336P__seed_8_1763344785
5021696,1-Training-Losses/value_loss,0.011509768664836884,Pong1PCB2L336P__seed_8_1763344785
5025792,1-Training-Losses/value_loss,0.007570574525743723,Pong1PCB2L336P__seed_8_1763344785
5029888,1-Training-Losses/value_loss,0.010795781388878822,Pong1PCB2L336P__seed_8_1763344785
5033984,1-Training-Losses/value_loss,0.005100489594042301,Pong1PCB2L336P__seed_8_1763344785
5038080,1-Training-Losses/value_loss,0.009432019665837288,Pong1PCB2L336P__seed_8_1763344785
5042176,1-Training-Losses/value_loss,0.0116507513448596,Pong1PCB2L336P__seed_8_1763344785
5046272,1-Training-Losses/value_loss,0.009160985238850117,Pong1PCB2L336P__seed_8_1763344785
5050368,1-Training-Losses/value_loss,0.006726451218128204,Pong1PCB2L336P__seed_8_1763344785
5054464,1-Training-Losses/value_loss,0.008278993889689445,Pong1PCB2L336P__seed_8_1763344785
5058560,1-Training-Losses/value_loss,0.005806210450828075,Pong1PCB2L336P__seed_8_1763344785
5062656,1-Training-Losses/value_loss,0.009931018576025963,Pong1PCB2L336P__seed_8_1763344785
5066752,1-Training-Losses/value_loss,0.009473868645727634,Pong1PCB2L336P__seed_8_1763344785
5070848,1-Training-Losses/value_loss,0.007947360165417194,Pong1PCB2L336P__seed_8_1763344785
5074944,1-Training-Losses/value_loss,0.005568843334913254,Pong1PCB2L336P__seed_8_1763344785
5079040,1-Training-Losses/value_loss,0.00989195890724659,Pong1PCB2L336P__seed_8_1763344785
5083136,1-Training-Losses/value_loss,0.005308503285050392,Pong1PCB2L336P__seed_8_1763344785
5087232,1-Training-Losses/value_loss,0.005410355515778065,Pong1PCB2L336P__seed_8_1763344785
5091328,1-Training-Losses/value_loss,0.008901776745915413,Pong1PCB2L336P__seed_8_1763344785
5095424,1-Training-Losses/value_loss,0.00962849147617817,Pong1PCB2L336P__seed_8_1763344785
5099520,1-Training-Losses/value_loss,0.007916653528809547,Pong1PCB2L336P__seed_8_1763344785
5103616,1-Training-Losses/value_loss,0.008232677355408669,Pong1PCB2L336P__seed_8_1763344785
5107712,1-Training-Losses/value_loss,0.008662769570946693,Pong1PCB2L336P__seed_8_1763344785
5111808,1-Training-Losses/value_loss,0.006255453452467918,Pong1PCB2L336P__seed_8_1763344785
5115904,1-Training-Losses/value_loss,0.008160969242453575,Pong1PCB2L336P__seed_8_1763344785
5120000,1-Training-Losses/value_loss,0.008548242971301079,Pong1PCB2L336P__seed_8_1763344785
5124096,1-Training-Losses/value_loss,0.007167501375079155,Pong1PCB2L336P__seed_8_1763344785
5128192,1-Training-Losses/value_loss,0.007599830627441406,Pong1PCB2L336P__seed_8_1763344785
5132288,1-Training-Losses/value_loss,0.006713809445500374,Pong1PCB2L336P__seed_8_1763344785
5136384,1-Training-Losses/value_loss,0.00987695250660181,Pong1PCB2L336P__seed_8_1763344785
5140480,1-Training-Losses/value_loss,0.008651608601212502,Pong1PCB2L336P__seed_8_1763344785
5144576,1-Training-Losses/value_loss,0.011449895799160004,Pong1PCB2L336P__seed_8_1763344785
5148672,1-Training-Losses/value_loss,0.004940276965498924,Pong1PCB2L336P__seed_8_1763344785
5152768,1-Training-Losses/value_loss,0.01247781328856945,Pong1PCB2L336P__seed_8_1763344785
5156864,1-Training-Losses/value_loss,0.007964531891047955,Pong1PCB2L336P__seed_8_1763344785
5160960,1-Training-Losses/value_loss,0.009227055124938488,Pong1PCB2L336P__seed_8_1763344785
5165056,1-Training-Losses/value_loss,0.0077906581573188305,Pong1PCB2L336P__seed_8_1763344785
5169152,1-Training-Losses/value_loss,0.010187186300754547,Pong1PCB2L336P__seed_8_1763344785
5173248,1-Training-Losses/value_loss,0.005070335231721401,Pong1PCB2L336P__seed_8_1763344785
5177344,1-Training-Losses/value_loss,0.011784322559833527,Pong1PCB2L336P__seed_8_1763344785
5181440,1-Training-Losses/value_loss,0.008469373919069767,Pong1PCB2L336P__seed_8_1763344785
5185536,1-Training-Losses/value_loss,0.009677471593022346,Pong1PCB2L336P__seed_8_1763344785
5189632,1-Training-Losses/value_loss,0.006710947025567293,Pong1PCB2L336P__seed_8_1763344785
5193728,1-Training-Losses/value_loss,0.008945757523179054,Pong1PCB2L336P__seed_8_1763344785
5197824,1-Training-Losses/value_loss,0.006727146916091442,Pong1PCB2L336P__seed_8_1763344785
5201920,1-Training-Losses/value_loss,0.011846939101815224,Pong1PCB2L336P__seed_8_1763344785
5206016,1-Training-Losses/value_loss,0.01102527417242527,Pong1PCB2L336P__seed_8_1763344785
5210112,1-Training-Losses/value_loss,0.007790120784193277,Pong1PCB2L336P__seed_8_1763344785
5214208,1-Training-Losses/value_loss,0.009555647149682045,Pong1PCB2L336P__seed_8_1763344785
5218304,1-Training-Losses/value_loss,0.009112944826483727,Pong1PCB2L336P__seed_8_1763344785
5222400,1-Training-Losses/value_loss,0.009590393863618374,Pong1PCB2L336P__seed_8_1763344785
5226496,1-Training-Losses/value_loss,0.008585022762417793,Pong1PCB2L336P__seed_8_1763344785
5230592,1-Training-Losses/value_loss,0.008263825438916683,Pong1PCB2L336P__seed_8_1763344785
5234688,1-Training-Losses/value_loss,0.008022429421544075,Pong1PCB2L336P__seed_8_1763344785
5238784,1-Training-Losses/value_loss,0.009986208751797676,Pong1PCB2L336P__seed_8_1763344785
5242880,1-Training-Losses/value_loss,0.008527795784175396,Pong1PCB2L336P__seed_8_1763344785
5246976,1-Training-Losses/value_loss,0.006167917512357235,Pong1PCB2L336P__seed_8_1763344785
5251072,1-Training-Losses/value_loss,0.010775964707136154,Pong1PCB2L336P__seed_8_1763344785
5255168,1-Training-Losses/value_loss,0.007112874183803797,Pong1PCB2L336P__seed_8_1763344785
5259264,1-Training-Losses/value_loss,0.009231610223650932,Pong1PCB2L336P__seed_8_1763344785
5263360,1-Training-Losses/value_loss,0.007351008243858814,Pong1PCB2L336P__seed_8_1763344785
5267456,1-Training-Losses/value_loss,0.00709704402834177,Pong1PCB2L336P__seed_8_1763344785
5271552,1-Training-Losses/value_loss,0.007009974680840969,Pong1PCB2L336P__seed_8_1763344785
5275648,1-Training-Losses/value_loss,0.00648758327588439,Pong1PCB2L336P__seed_8_1763344785
5279744,1-Training-Losses/value_loss,0.011489765718579292,Pong1PCB2L336P__seed_8_1763344785
5283840,1-Training-Losses/value_loss,0.007735206745564938,Pong1PCB2L336P__seed_8_1763344785
5287936,1-Training-Losses/value_loss,0.006928547285497189,Pong1PCB2L336P__seed_8_1763344785
5292032,1-Training-Losses/value_loss,0.007311247289180756,Pong1PCB2L336P__seed_8_1763344785
5296128,1-Training-Losses/value_loss,0.009821800515055656,Pong1PCB2L336P__seed_8_1763344785
5300224,1-Training-Losses/value_loss,0.007638397626578808,Pong1PCB2L336P__seed_8_1763344785
5304320,1-Training-Losses/value_loss,0.006913268007338047,Pong1PCB2L336P__seed_8_1763344785
5308416,1-Training-Losses/value_loss,0.00677962601184845,Pong1PCB2L336P__seed_8_1763344785
5312512,1-Training-Losses/value_loss,0.011819365434348583,Pong1PCB2L336P__seed_8_1763344785
5316608,1-Training-Losses/value_loss,0.007550529204308987,Pong1PCB2L336P__seed_8_1763344785
5320704,1-Training-Losses/value_loss,0.0056288582272827625,Pong1PCB2L336P__seed_8_1763344785
5324800,1-Training-Losses/value_loss,0.006082146894186735,Pong1PCB2L336P__seed_8_1763344785
5328896,1-Training-Losses/value_loss,0.010321192443370819,Pong1PCB2L336P__seed_8_1763344785
5332992,1-Training-Losses/value_loss,0.007117473985999823,Pong1PCB2L336P__seed_8_1763344785
5337088,1-Training-Losses/value_loss,0.008590050041675568,Pong1PCB2L336P__seed_8_1763344785
5341184,1-Training-Losses/value_loss,0.007349759805947542,Pong1PCB2L336P__seed_8_1763344785
5345280,1-Training-Losses/value_loss,0.006963150575757027,Pong1PCB2L336P__seed_8_1763344785
5349376,1-Training-Losses/value_loss,0.011398416012525558,Pong1PCB2L336P__seed_8_1763344785
5353472,1-Training-Losses/value_loss,0.00794636458158493,Pong1PCB2L336P__seed_8_1763344785
5357568,1-Training-Losses/value_loss,0.007160943932831287,Pong1PCB2L336P__seed_8_1763344785
5361664,1-Training-Losses/value_loss,0.006804240867495537,Pong1PCB2L336P__seed_8_1763344785
5365760,1-Training-Losses/value_loss,0.01036057062447071,Pong1PCB2L336P__seed_8_1763344785
5369856,1-Training-Losses/value_loss,0.006043334491550922,Pong1PCB2L336P__seed_8_1763344785
5373952,1-Training-Losses/value_loss,0.010071407072246075,Pong1PCB2L336P__seed_8_1763344785
5378048,1-Training-Losses/value_loss,0.009157167747616768,Pong1PCB2L336P__seed_8_1763344785
5382144,1-Training-Losses/value_loss,0.007107374724000692,Pong1PCB2L336P__seed_8_1763344785
5386240,1-Training-Losses/value_loss,0.010895604267716408,Pong1PCB2L336P__seed_8_1763344785
5390336,1-Training-Losses/value_loss,0.013093674555420876,Pong1PCB2L336P__seed_8_1763344785
5394432,1-Training-Losses/value_loss,0.008863456547260284,Pong1PCB2L336P__seed_8_1763344785
5398528,1-Training-Losses/value_loss,0.008504154160618782,Pong1PCB2L336P__seed_8_1763344785
5402624,1-Training-Losses/value_loss,0.008304137736558914,Pong1PCB2L336P__seed_8_1763344785
5406720,1-Training-Losses/value_loss,0.006609332747757435,Pong1PCB2L336P__seed_8_1763344785
5410816,1-Training-Losses/value_loss,0.008690400049090385,Pong1PCB2L336P__seed_8_1763344785
5414912,1-Training-Losses/value_loss,0.009760556742548943,Pong1PCB2L336P__seed_8_1763344785
5419008,1-Training-Losses/value_loss,0.009409788064658642,Pong1PCB2L336P__seed_8_1763344785
5423104,1-Training-Losses/value_loss,0.010214710608124733,Pong1PCB2L336P__seed_8_1763344785
5427200,1-Training-Losses/value_loss,0.007571020629256964,Pong1PCB2L336P__seed_8_1763344785
5431296,1-Training-Losses/value_loss,0.005441982299089432,Pong1PCB2L336P__seed_8_1763344785
5435392,1-Training-Losses/value_loss,0.012608341872692108,Pong1PCB2L336P__seed_8_1763344785
5439488,1-Training-Losses/value_loss,0.0076990555971860886,Pong1PCB2L336P__seed_8_1763344785
5443584,1-Training-Losses/value_loss,0.008545683696866035,Pong1PCB2L336P__seed_8_1763344785
5447680,1-Training-Losses/value_loss,0.009214951656758785,Pong1PCB2L336P__seed_8_1763344785
5451776,1-Training-Losses/value_loss,0.0072279260493814945,Pong1PCB2L336P__seed_8_1763344785
5455872,1-Training-Losses/value_loss,0.010903283953666687,Pong1PCB2L336P__seed_8_1763344785
5459968,1-Training-Losses/value_loss,0.010139772668480873,Pong1PCB2L336P__seed_8_1763344785
5464064,1-Training-Losses/value_loss,0.008098296821117401,Pong1PCB2L336P__seed_8_1763344785
5468160,1-Training-Losses/value_loss,0.009658142924308777,Pong1PCB2L336P__seed_8_1763344785
5472256,1-Training-Losses/value_loss,0.00983579270541668,Pong1PCB2L336P__seed_8_1763344785
5476352,1-Training-Losses/value_loss,0.009465462528169155,Pong1PCB2L336P__seed_8_1763344785
5480448,1-Training-Losses/value_loss,0.0076940031722188,Pong1PCB2L336P__seed_8_1763344785
5484544,1-Training-Losses/value_loss,0.006588759832084179,Pong1PCB2L336P__seed_8_1763344785
5488640,1-Training-Losses/value_loss,0.008083825930953026,Pong1PCB2L336P__seed_8_1763344785
5492736,1-Training-Losses/value_loss,0.007506845518946648,Pong1PCB2L336P__seed_8_1763344785
5496832,1-Training-Losses/value_loss,0.00906253233551979,Pong1PCB2L336P__seed_8_1763344785
5500928,1-Training-Losses/value_loss,0.010099443607032299,Pong1PCB2L336P__seed_8_1763344785
5505024,1-Training-Losses/value_loss,0.007280430290848017,Pong1PCB2L336P__seed_8_1763344785
5509120,1-Training-Losses/value_loss,0.008812068961560726,Pong1PCB2L336P__seed_8_1763344785
5513216,1-Training-Losses/value_loss,0.008015003055334091,Pong1PCB2L336P__seed_8_1763344785
5517312,1-Training-Losses/value_loss,0.008040586486458778,Pong1PCB2L336P__seed_8_1763344785
5521408,1-Training-Losses/value_loss,0.0075401486828923225,Pong1PCB2L336P__seed_8_1763344785
5525504,1-Training-Losses/value_loss,0.005407942924648523,Pong1PCB2L336P__seed_8_1763344785
5529600,1-Training-Losses/value_loss,0.01018417440354824,Pong1PCB2L336P__seed_8_1763344785
5533696,1-Training-Losses/value_loss,0.008399512618780136,Pong1PCB2L336P__seed_8_1763344785
5537792,1-Training-Losses/value_loss,0.008200420998036861,Pong1PCB2L336P__seed_8_1763344785
5541888,1-Training-Losses/value_loss,0.007819192484021187,Pong1PCB2L336P__seed_8_1763344785
5545984,1-Training-Losses/value_loss,0.007771777454763651,Pong1PCB2L336P__seed_8_1763344785
5550080,1-Training-Losses/value_loss,0.008735702373087406,Pong1PCB2L336P__seed_8_1763344785
5554176,1-Training-Losses/value_loss,0.0072083137929439545,Pong1PCB2L336P__seed_8_1763344785
5558272,1-Training-Losses/value_loss,0.010459808632731438,Pong1PCB2L336P__seed_8_1763344785
5562368,1-Training-Losses/value_loss,0.00926542840898037,Pong1PCB2L336P__seed_8_1763344785
5566464,1-Training-Losses/value_loss,0.008916250430047512,Pong1PCB2L336P__seed_8_1763344785
5570560,1-Training-Losses/value_loss,0.009128338657319546,Pong1PCB2L336P__seed_8_1763344785
5574656,1-Training-Losses/value_loss,0.007662302814424038,Pong1PCB2L336P__seed_8_1763344785
5578752,1-Training-Losses/value_loss,0.010299235582351685,Pong1PCB2L336P__seed_8_1763344785
5582848,1-Training-Losses/value_loss,0.008076466619968414,Pong1PCB2L336P__seed_8_1763344785
5586944,1-Training-Losses/value_loss,0.006869829259812832,Pong1PCB2L336P__seed_8_1763344785
5591040,1-Training-Losses/value_loss,0.00905347615480423,Pong1PCB2L336P__seed_8_1763344785
5595136,1-Training-Losses/value_loss,0.007226346060633659,Pong1PCB2L336P__seed_8_1763344785
5599232,1-Training-Losses/value_loss,0.009674347937107086,Pong1PCB2L336P__seed_8_1763344785
5603328,1-Training-Losses/value_loss,0.00892433151602745,Pong1PCB2L336P__seed_8_1763344785
5607424,1-Training-Losses/value_loss,0.013723557814955711,Pong1PCB2L336P__seed_8_1763344785
5611520,1-Training-Losses/value_loss,0.009195705875754356,Pong1PCB2L336P__seed_8_1763344785
5615616,1-Training-Losses/value_loss,0.009593598544597626,Pong1PCB2L336P__seed_8_1763344785
5619712,1-Training-Losses/value_loss,0.0067307655699551105,Pong1PCB2L336P__seed_8_1763344785
5623808,1-Training-Losses/value_loss,0.006646252237260342,Pong1PCB2L336P__seed_8_1763344785
5627904,1-Training-Losses/value_loss,0.006841686554253101,Pong1PCB2L336P__seed_8_1763344785
5632000,1-Training-Losses/value_loss,0.012710453011095524,Pong1PCB2L336P__seed_8_1763344785
5636096,1-Training-Losses/value_loss,0.007342670112848282,Pong1PCB2L336P__seed_8_1763344785
5640192,1-Training-Losses/value_loss,0.009115155786275864,Pong1PCB2L336P__seed_8_1763344785
5644288,1-Training-Losses/value_loss,0.0073263878002762794,Pong1PCB2L336P__seed_8_1763344785
5648384,1-Training-Losses/value_loss,0.011396588757634163,Pong1PCB2L336P__seed_8_1763344785
5652480,1-Training-Losses/value_loss,0.004693946335464716,Pong1PCB2L336P__seed_8_1763344785
5656576,1-Training-Losses/value_loss,0.009494022466242313,Pong1PCB2L336P__seed_8_1763344785
5660672,1-Training-Losses/value_loss,0.013471239246428013,Pong1PCB2L336P__seed_8_1763344785
5664768,1-Training-Losses/value_loss,0.008550754748284817,Pong1PCB2L336P__seed_8_1763344785
5668864,1-Training-Losses/value_loss,0.011525562033057213,Pong1PCB2L336P__seed_8_1763344785
5672960,1-Training-Losses/value_loss,0.010890746489167213,Pong1PCB2L336P__seed_8_1763344785
5677056,1-Training-Losses/value_loss,0.009770018979907036,Pong1PCB2L336P__seed_8_1763344785
5681152,1-Training-Losses/value_loss,0.008362709544599056,Pong1PCB2L336P__seed_8_1763344785
5685248,1-Training-Losses/value_loss,0.0070451730862259865,Pong1PCB2L336P__seed_8_1763344785
5689344,1-Training-Losses/value_loss,0.007407707627862692,Pong1PCB2L336P__seed_8_1763344785
5693440,1-Training-Losses/value_loss,0.00988646037876606,Pong1PCB2L336P__seed_8_1763344785
5697536,1-Training-Losses/value_loss,0.006167206913232803,Pong1PCB2L336P__seed_8_1763344785
5701632,1-Training-Losses/value_loss,0.010709431953728199,Pong1PCB2L336P__seed_8_1763344785
5705728,1-Training-Losses/value_loss,0.009022668935358524,Pong1PCB2L336P__seed_8_1763344785
5709824,1-Training-Losses/value_loss,0.008427537977695465,Pong1PCB2L336P__seed_8_1763344785
5713920,1-Training-Losses/value_loss,0.008253419771790504,Pong1PCB2L336P__seed_8_1763344785
5718016,1-Training-Losses/value_loss,0.008882330730557442,Pong1PCB2L336P__seed_8_1763344785
5722112,1-Training-Losses/value_loss,0.010005952790379524,Pong1PCB2L336P__seed_8_1763344785
5726208,1-Training-Losses/value_loss,0.009244360961019993,Pong1PCB2L336P__seed_8_1763344785
5730304,1-Training-Losses/value_loss,0.009137040004134178,Pong1PCB2L336P__seed_8_1763344785
5734400,1-Training-Losses/value_loss,0.0069123199209570885,Pong1PCB2L336P__seed_8_1763344785
5738496,1-Training-Losses/value_loss,0.007408440578728914,Pong1PCB2L336P__seed_8_1763344785
5742592,1-Training-Losses/value_loss,0.005489646457135677,Pong1PCB2L336P__seed_8_1763344785
5746688,1-Training-Losses/value_loss,0.009973417967557907,Pong1PCB2L336P__seed_8_1763344785
5750784,1-Training-Losses/value_loss,0.010670745745301247,Pong1PCB2L336P__seed_8_1763344785
5754880,1-Training-Losses/value_loss,0.009965213015675545,Pong1PCB2L336P__seed_8_1763344785
5758976,1-Training-Losses/value_loss,0.005750090815126896,Pong1PCB2L336P__seed_8_1763344785
5763072,1-Training-Losses/value_loss,0.00786503404378891,Pong1PCB2L336P__seed_8_1763344785
5767168,1-Training-Losses/value_loss,0.008372537791728973,Pong1PCB2L336P__seed_8_1763344785
5771264,1-Training-Losses/value_loss,0.008931860327720642,Pong1PCB2L336P__seed_8_1763344785
5775360,1-Training-Losses/value_loss,0.01175960898399353,Pong1PCB2L336P__seed_8_1763344785
5779456,1-Training-Losses/value_loss,0.008967189118266106,Pong1PCB2L336P__seed_8_1763344785
5783552,1-Training-Losses/value_loss,0.0039163390174508095,Pong1PCB2L336P__seed_8_1763344785
5787648,1-Training-Losses/value_loss,0.013462548144161701,Pong1PCB2L336P__seed_8_1763344785
5791744,1-Training-Losses/value_loss,0.008465982973575592,Pong1PCB2L336P__seed_8_1763344785
5795840,1-Training-Losses/value_loss,0.008572451770305634,Pong1PCB2L336P__seed_8_1763344785
5799936,1-Training-Losses/value_loss,0.009870870038866997,Pong1PCB2L336P__seed_8_1763344785
5804032,1-Training-Losses/value_loss,0.004657668061554432,Pong1PCB2L336P__seed_8_1763344785
5808128,1-Training-Losses/value_loss,0.011686735786497593,Pong1PCB2L336P__seed_8_1763344785
5812224,1-Training-Losses/value_loss,0.00697983568534255,Pong1PCB2L336P__seed_8_1763344785
5816320,1-Training-Losses/value_loss,0.008997451514005661,Pong1PCB2L336P__seed_8_1763344785
5820416,1-Training-Losses/value_loss,0.007671404629945755,Pong1PCB2L336P__seed_8_1763344785
5824512,1-Training-Losses/value_loss,0.009854273870587349,Pong1PCB2L336P__seed_8_1763344785
5828608,1-Training-Losses/value_loss,0.007269000168889761,Pong1PCB2L336P__seed_8_1763344785
5832704,1-Training-Losses/value_loss,0.006081308238208294,Pong1PCB2L336P__seed_8_1763344785
5836800,1-Training-Losses/value_loss,0.01204863004386425,Pong1PCB2L336P__seed_8_1763344785
5840896,1-Training-Losses/value_loss,0.008817867375910282,Pong1PCB2L336P__seed_8_1763344785
5844992,1-Training-Losses/value_loss,0.007202371954917908,Pong1PCB2L336P__seed_8_1763344785
5849088,1-Training-Losses/value_loss,0.01208469457924366,Pong1PCB2L336P__seed_8_1763344785
5853184,1-Training-Losses/value_loss,0.007561845239251852,Pong1PCB2L336P__seed_8_1763344785
5857280,1-Training-Losses/value_loss,0.0094046201556921,Pong1PCB2L336P__seed_8_1763344785
5861376,1-Training-Losses/value_loss,0.005580410826951265,Pong1PCB2L336P__seed_8_1763344785
5865472,1-Training-Losses/value_loss,0.00798806268721819,Pong1PCB2L336P__seed_8_1763344785
5869568,1-Training-Losses/value_loss,0.006121892482042313,Pong1PCB2L336P__seed_8_1763344785
5873664,1-Training-Losses/value_loss,0.010449906811118126,Pong1PCB2L336P__seed_8_1763344785
5877760,1-Training-Losses/value_loss,0.0074073015712201595,Pong1PCB2L336P__seed_8_1763344785
5881856,1-Training-Losses/value_loss,0.009729725308716297,Pong1PCB2L336P__seed_8_1763344785
5885952,1-Training-Losses/value_loss,0.00978253223001957,Pong1PCB2L336P__seed_8_1763344785
5890048,1-Training-Losses/value_loss,0.009755704551935196,Pong1PCB2L336P__seed_8_1763344785
5894144,1-Training-Losses/value_loss,0.009021637961268425,Pong1PCB2L336P__seed_8_1763344785
5898240,1-Training-Losses/value_loss,0.007889389991760254,Pong1PCB2L336P__seed_8_1763344785
5902336,1-Training-Losses/value_loss,0.011140016838908195,Pong1PCB2L336P__seed_8_1763344785
5906432,1-Training-Losses/value_loss,0.007966600358486176,Pong1PCB2L336P__seed_8_1763344785
5910528,1-Training-Losses/value_loss,0.009773589670658112,Pong1PCB2L336P__seed_8_1763344785
5914624,1-Training-Losses/value_loss,0.0066131409257650375,Pong1PCB2L336P__seed_8_1763344785
5918720,1-Training-Losses/value_loss,0.007971469312906265,Pong1PCB2L336P__seed_8_1763344785
5922816,1-Training-Losses/value_loss,0.006127316504716873,Pong1PCB2L336P__seed_8_1763344785
5926912,1-Training-Losses/value_loss,0.008417625911533833,Pong1PCB2L336P__seed_8_1763344785
5931008,1-Training-Losses/value_loss,0.007781696505844593,Pong1PCB2L336P__seed_8_1763344785
5935104,1-Training-Losses/value_loss,0.00839448906481266,Pong1PCB2L336P__seed_8_1763344785
5939200,1-Training-Losses/value_loss,0.009436940774321556,Pong1PCB2L336P__seed_8_1763344785
5943296,1-Training-Losses/value_loss,0.008763973601162434,Pong1PCB2L336P__seed_8_1763344785
5947392,1-Training-Losses/value_loss,0.012617592699825764,Pong1PCB2L336P__seed_8_1763344785
5951488,1-Training-Losses/value_loss,0.006611905060708523,Pong1PCB2L336P__seed_8_1763344785
5955584,1-Training-Losses/value_loss,0.005559394136071205,Pong1PCB2L336P__seed_8_1763344785
5959680,1-Training-Losses/value_loss,0.009288542903959751,Pong1PCB2L336P__seed_8_1763344785
5963776,1-Training-Losses/value_loss,0.008714769035577774,Pong1PCB2L336P__seed_8_1763344785
5967872,1-Training-Losses/value_loss,0.009916294366121292,Pong1PCB2L336P__seed_8_1763344785
5971968,1-Training-Losses/value_loss,0.0070116580463945866,Pong1PCB2L336P__seed_8_1763344785
5976064,1-Training-Losses/value_loss,0.00956657063215971,Pong1PCB2L336P__seed_8_1763344785
5980160,1-Training-Losses/value_loss,0.00850783009082079,Pong1PCB2L336P__seed_8_1763344785
5984256,1-Training-Losses/value_loss,0.010192979127168655,Pong1PCB2L336P__seed_8_1763344785
5988352,1-Training-Losses/value_loss,0.008049041032791138,Pong1PCB2L336P__seed_8_1763344785
5992448,1-Training-Losses/value_loss,0.0071103861555457115,Pong1PCB2L336P__seed_8_1763344785
5996544,1-Training-Losses/value_loss,0.009847690351307392,Pong1PCB2L336P__seed_8_1763344785
6000640,1-Training-Losses/value_loss,0.0074776653200387955,Pong1PCB2L336P__seed_8_1763344785
6004736,1-Training-Losses/value_loss,0.008207898586988449,Pong1PCB2L336P__seed_8_1763344785
6008832,1-Training-Losses/value_loss,0.011176222935318947,Pong1PCB2L336P__seed_8_1763344785
6012928,1-Training-Losses/value_loss,0.011945931240916252,Pong1PCB2L336P__seed_8_1763344785
6017024,1-Training-Losses/value_loss,0.005634968169033527,Pong1PCB2L336P__seed_8_1763344785
6021120,1-Training-Losses/value_loss,0.008185752667486668,Pong1PCB2L336P__seed_8_1763344785
6025216,1-Training-Losses/value_loss,0.010923335328698158,Pong1PCB2L336P__seed_8_1763344785
6029312,1-Training-Losses/value_loss,0.0048043616116046906,Pong1PCB2L336P__seed_8_1763344785
6033408,1-Training-Losses/value_loss,0.012815041467547417,Pong1PCB2L336P__seed_8_1763344785
6037504,1-Training-Losses/value_loss,0.007286557927727699,Pong1PCB2L336P__seed_8_1763344785
6041600,1-Training-Losses/value_loss,0.006521603092551231,Pong1PCB2L336P__seed_8_1763344785
6045696,1-Training-Losses/value_loss,0.009814757853746414,Pong1PCB2L336P__seed_8_1763344785
6049792,1-Training-Losses/value_loss,0.0068565858528018,Pong1PCB2L336P__seed_8_1763344785
6053888,1-Training-Losses/value_loss,0.007289125118404627,Pong1PCB2L336P__seed_8_1763344785
6057984,1-Training-Losses/value_loss,0.008537758141756058,Pong1PCB2L336P__seed_8_1763344785
6062080,1-Training-Losses/value_loss,0.008483498357236385,Pong1PCB2L336P__seed_8_1763344785
6066176,1-Training-Losses/value_loss,0.007641224656254053,Pong1PCB2L336P__seed_8_1763344785
6070272,1-Training-Losses/value_loss,0.009314335882663727,Pong1PCB2L336P__seed_8_1763344785
6074368,1-Training-Losses/value_loss,0.010677103884518147,Pong1PCB2L336P__seed_8_1763344785
6078464,1-Training-Losses/value_loss,0.0058221761137247086,Pong1PCB2L336P__seed_8_1763344785
6082560,1-Training-Losses/value_loss,0.01326525304466486,Pong1PCB2L336P__seed_8_1763344785
6086656,1-Training-Losses/value_loss,0.005399132613092661,Pong1PCB2L336P__seed_8_1763344785
6090752,1-Training-Losses/value_loss,0.009519477374851704,Pong1PCB2L336P__seed_8_1763344785
6094848,1-Training-Losses/value_loss,0.006408704444766045,Pong1PCB2L336P__seed_8_1763344785
6098944,1-Training-Losses/value_loss,0.010996620170772076,Pong1PCB2L336P__seed_8_1763344785
6103040,1-Training-Losses/value_loss,0.005900513846427202,Pong1PCB2L336P__seed_8_1763344785
6107136,1-Training-Losses/value_loss,0.008308611810207367,Pong1PCB2L336P__seed_8_1763344785
6111232,1-Training-Losses/value_loss,0.007200540974736214,Pong1PCB2L336P__seed_8_1763344785
6115328,1-Training-Losses/value_loss,0.011151883751153946,Pong1PCB2L336P__seed_8_1763344785
6119424,1-Training-Losses/value_loss,0.010001115500926971,Pong1PCB2L336P__seed_8_1763344785
6123520,1-Training-Losses/value_loss,0.008044116199016571,Pong1PCB2L336P__seed_8_1763344785
6127616,1-Training-Losses/value_loss,0.00936017744243145,Pong1PCB2L336P__seed_8_1763344785
6131712,1-Training-Losses/value_loss,0.007760230451822281,Pong1PCB2L336P__seed_8_1763344785
6135808,1-Training-Losses/value_loss,0.008205260150134563,Pong1PCB2L336P__seed_8_1763344785
6139904,1-Training-Losses/value_loss,0.010179917328059673,Pong1PCB2L336P__seed_8_1763344785
6144000,1-Training-Losses/value_loss,0.008179240860044956,Pong1PCB2L336P__seed_8_1763344785
6148096,1-Training-Losses/value_loss,0.007650728337466717,Pong1PCB2L336P__seed_8_1763344785
6152192,1-Training-Losses/value_loss,0.009493503719568253,Pong1PCB2L336P__seed_8_1763344785
6156288,1-Training-Losses/value_loss,0.009650422260165215,Pong1PCB2L336P__seed_8_1763344785
6160384,1-Training-Losses/value_loss,0.006764369085431099,Pong1PCB2L336P__seed_8_1763344785
6164480,1-Training-Losses/value_loss,0.012042839080095291,Pong1PCB2L336P__seed_8_1763344785
6168576,1-Training-Losses/value_loss,0.007158121559768915,Pong1PCB2L336P__seed_8_1763344785
6172672,1-Training-Losses/value_loss,0.007456989958882332,Pong1PCB2L336P__seed_8_1763344785
6176768,1-Training-Losses/value_loss,0.005012113600969315,Pong1PCB2L336P__seed_8_1763344785
6180864,1-Training-Losses/value_loss,0.009083406999707222,Pong1PCB2L336P__seed_8_1763344785
6184960,1-Training-Losses/value_loss,0.007536556571722031,Pong1PCB2L336P__seed_8_1763344785
6189056,1-Training-Losses/value_loss,0.007219190243631601,Pong1PCB2L336P__seed_8_1763344785
6193152,1-Training-Losses/value_loss,0.008455147966742516,Pong1PCB2L336P__seed_8_1763344785
6197248,1-Training-Losses/value_loss,0.007688604295253754,Pong1PCB2L336P__seed_8_1763344785
6201344,1-Training-Losses/value_loss,0.009605958126485348,Pong1PCB2L336P__seed_8_1763344785
6205440,1-Training-Losses/value_loss,0.0069316779263317585,Pong1PCB2L336P__seed_8_1763344785
6209536,1-Training-Losses/value_loss,0.010479474440217018,Pong1PCB2L336P__seed_8_1763344785
6213632,1-Training-Losses/value_loss,0.008329967968165874,Pong1PCB2L336P__seed_8_1763344785
6217728,1-Training-Losses/value_loss,0.006326428614556789,Pong1PCB2L336P__seed_8_1763344785
6221824,1-Training-Losses/value_loss,0.01027313806116581,Pong1PCB2L336P__seed_8_1763344785
6225920,1-Training-Losses/value_loss,0.010424431413412094,Pong1PCB2L336P__seed_8_1763344785
6230016,1-Training-Losses/value_loss,0.006316478364169598,Pong1PCB2L336P__seed_8_1763344785
6234112,1-Training-Losses/value_loss,0.0072863781824707985,Pong1PCB2L336P__seed_8_1763344785
6238208,1-Training-Losses/value_loss,0.014378633350133896,Pong1PCB2L336P__seed_8_1763344785
6242304,1-Training-Losses/value_loss,0.008099492639303207,Pong1PCB2L336P__seed_8_1763344785
6246400,1-Training-Losses/value_loss,0.011229921132326126,Pong1PCB2L336P__seed_8_1763344785
6250496,1-Training-Losses/value_loss,0.01246212050318718,Pong1PCB2L336P__seed_8_1763344785
6254592,1-Training-Losses/value_loss,0.006080973893404007,Pong1PCB2L336P__seed_8_1763344785
6258688,1-Training-Losses/value_loss,0.009836561977863312,Pong1PCB2L336P__seed_8_1763344785
6262784,1-Training-Losses/value_loss,0.00905909389257431,Pong1PCB2L336P__seed_8_1763344785
6266880,1-Training-Losses/value_loss,0.009938448667526245,Pong1PCB2L336P__seed_8_1763344785
6270976,1-Training-Losses/value_loss,0.008731478825211525,Pong1PCB2L336P__seed_8_1763344785
6275072,1-Training-Losses/value_loss,0.0067329611629247665,Pong1PCB2L336P__seed_8_1763344785
6279168,1-Training-Losses/value_loss,0.006239620968699455,Pong1PCB2L336P__seed_8_1763344785
6283264,1-Training-Losses/value_loss,0.010666154325008392,Pong1PCB2L336P__seed_8_1763344785
6287360,1-Training-Losses/value_loss,0.007182572036981583,Pong1PCB2L336P__seed_8_1763344785
6291456,1-Training-Losses/value_loss,0.008437283337116241,Pong1PCB2L336P__seed_8_1763344785
6295552,1-Training-Losses/value_loss,0.009685950353741646,Pong1PCB2L336P__seed_8_1763344785
6299648,1-Training-Losses/value_loss,0.0109821492806077,Pong1PCB2L336P__seed_8_1763344785
6303744,1-Training-Losses/value_loss,0.009139453992247581,Pong1PCB2L336P__seed_8_1763344785
6307840,1-Training-Losses/value_loss,0.008169479668140411,Pong1PCB2L336P__seed_8_1763344785
6311936,1-Training-Losses/value_loss,0.011207523755729198,Pong1PCB2L336P__seed_8_1763344785
6316032,1-Training-Losses/value_loss,0.010709164664149284,Pong1PCB2L336P__seed_8_1763344785
6320128,1-Training-Losses/value_loss,0.00753701850771904,Pong1PCB2L336P__seed_8_1763344785
6324224,1-Training-Losses/value_loss,0.01033953670412302,Pong1PCB2L336P__seed_8_1763344785
6328320,1-Training-Losses/value_loss,0.0061434488743543625,Pong1PCB2L336P__seed_8_1763344785
6332416,1-Training-Losses/value_loss,0.007115701679140329,Pong1PCB2L336P__seed_8_1763344785
6336512,1-Training-Losses/value_loss,0.010691673494875431,Pong1PCB2L336P__seed_8_1763344785
6340608,1-Training-Losses/value_loss,0.010311640799045563,Pong1PCB2L336P__seed_8_1763344785
6344704,1-Training-Losses/value_loss,0.0073172179982066154,Pong1PCB2L336P__seed_8_1763344785
6348800,1-Training-Losses/value_loss,0.007368905935436487,Pong1PCB2L336P__seed_8_1763344785
6352896,1-Training-Losses/value_loss,0.012800897471606731,Pong1PCB2L336P__seed_8_1763344785
6356992,1-Training-Losses/value_loss,0.007467550225555897,Pong1PCB2L336P__seed_8_1763344785
6361088,1-Training-Losses/value_loss,0.008028268814086914,Pong1PCB2L336P__seed_8_1763344785
6365184,1-Training-Losses/value_loss,0.010308286175131798,Pong1PCB2L336P__seed_8_1763344785
6369280,1-Training-Losses/value_loss,0.00840271171182394,Pong1PCB2L336P__seed_8_1763344785
6373376,1-Training-Losses/value_loss,0.008490820415318012,Pong1PCB2L336P__seed_8_1763344785
6377472,1-Training-Losses/value_loss,0.008207423612475395,Pong1PCB2L336P__seed_8_1763344785
6381568,1-Training-Losses/value_loss,0.008301808498799801,Pong1PCB2L336P__seed_8_1763344785
6385664,1-Training-Losses/value_loss,0.008276357315480709,Pong1PCB2L336P__seed_8_1763344785
6389760,1-Training-Losses/value_loss,0.01006990298628807,Pong1PCB2L336P__seed_8_1763344785
6393856,1-Training-Losses/value_loss,0.007960261777043343,Pong1PCB2L336P__seed_8_1763344785
6397952,1-Training-Losses/value_loss,0.009384674951434135,Pong1PCB2L336P__seed_8_1763344785
6402048,1-Training-Losses/value_loss,0.008082867600023746,Pong1PCB2L336P__seed_8_1763344785
6406144,1-Training-Losses/value_loss,0.009628240950405598,Pong1PCB2L336P__seed_8_1763344785
6410240,1-Training-Losses/value_loss,0.010277308523654938,Pong1PCB2L336P__seed_8_1763344785
6414336,1-Training-Losses/value_loss,0.008815654553472996,Pong1PCB2L336P__seed_8_1763344785
6418432,1-Training-Losses/value_loss,0.011293655261397362,Pong1PCB2L336P__seed_8_1763344785
6422528,1-Training-Losses/value_loss,0.0070142606273293495,Pong1PCB2L336P__seed_8_1763344785
6426624,1-Training-Losses/value_loss,0.011027857661247253,Pong1PCB2L336P__seed_8_1763344785
6430720,1-Training-Losses/value_loss,0.006817375309765339,Pong1PCB2L336P__seed_8_1763344785
6434816,1-Training-Losses/value_loss,0.00841071642935276,Pong1PCB2L336P__seed_8_1763344785
6438912,1-Training-Losses/value_loss,0.008619608357548714,Pong1PCB2L336P__seed_8_1763344785
6443008,1-Training-Losses/value_loss,0.01137509848922491,Pong1PCB2L336P__seed_8_1763344785
6447104,1-Training-Losses/value_loss,0.006336241029202938,Pong1PCB2L336P__seed_8_1763344785
6451200,1-Training-Losses/value_loss,0.00741179846227169,Pong1PCB2L336P__seed_8_1763344785
6455296,1-Training-Losses/value_loss,0.007220766041427851,Pong1PCB2L336P__seed_8_1763344785
6459392,1-Training-Losses/value_loss,0.0060288188979029655,Pong1PCB2L336P__seed_8_1763344785
6463488,1-Training-Losses/value_loss,0.009190110489726067,Pong1PCB2L336P__seed_8_1763344785
6467584,1-Training-Losses/value_loss,0.00855719018727541,Pong1PCB2L336P__seed_8_1763344785
6471680,1-Training-Losses/value_loss,0.007034234702587128,Pong1PCB2L336P__seed_8_1763344785
6475776,1-Training-Losses/value_loss,0.007351397071033716,Pong1PCB2L336P__seed_8_1763344785
6479872,1-Training-Losses/value_loss,0.0059532406739890575,Pong1PCB2L336P__seed_8_1763344785
6483968,1-Training-Losses/value_loss,0.006900985259562731,Pong1PCB2L336P__seed_8_1763344785
6488064,1-Training-Losses/value_loss,0.008526384830474854,Pong1PCB2L336P__seed_8_1763344785
6492160,1-Training-Losses/value_loss,0.009908377192914486,Pong1PCB2L336P__seed_8_1763344785
6496256,1-Training-Losses/value_loss,0.008693262003362179,Pong1PCB2L336P__seed_8_1763344785
6500352,1-Training-Losses/value_loss,0.005157580599188805,Pong1PCB2L336P__seed_8_1763344785
6504448,1-Training-Losses/value_loss,0.008049546740949154,Pong1PCB2L336P__seed_8_1763344785
6508544,1-Training-Losses/value_loss,0.009307721629738808,Pong1PCB2L336P__seed_8_1763344785
6512640,1-Training-Losses/value_loss,0.010687699541449547,Pong1PCB2L336P__seed_8_1763344785
6516736,1-Training-Losses/value_loss,0.010169095359742641,Pong1PCB2L336P__seed_8_1763344785
6520832,1-Training-Losses/value_loss,0.006730344146490097,Pong1PCB2L336P__seed_8_1763344785
6524928,1-Training-Losses/value_loss,0.007777887862175703,Pong1PCB2L336P__seed_8_1763344785
6529024,1-Training-Losses/value_loss,0.007041317410767078,Pong1PCB2L336P__seed_8_1763344785
6533120,1-Training-Losses/value_loss,0.006834807340055704,Pong1PCB2L336P__seed_8_1763344785
6537216,1-Training-Losses/value_loss,0.005476279184222221,Pong1PCB2L336P__seed_8_1763344785
6541312,1-Training-Losses/value_loss,0.010028929449617863,Pong1PCB2L336P__seed_8_1763344785
6545408,1-Training-Losses/value_loss,0.007819708436727524,Pong1PCB2L336P__seed_8_1763344785
6549504,1-Training-Losses/value_loss,0.007696323562413454,Pong1PCB2L336P__seed_8_1763344785
6553600,1-Training-Losses/value_loss,0.0077172135934233665,Pong1PCB2L336P__seed_8_1763344785
6557696,1-Training-Losses/value_loss,0.007266182918101549,Pong1PCB2L336P__seed_8_1763344785
6561792,1-Training-Losses/value_loss,0.008228346705436707,Pong1PCB2L336P__seed_8_1763344785
6565888,1-Training-Losses/value_loss,0.00881368201225996,Pong1PCB2L336P__seed_8_1763344785
6569984,1-Training-Losses/value_loss,0.008095516823232174,Pong1PCB2L336P__seed_8_1763344785
6574080,1-Training-Losses/value_loss,0.009237216785550117,Pong1PCB2L336P__seed_8_1763344785
6578176,1-Training-Losses/value_loss,0.00805865228176117,Pong1PCB2L336P__seed_8_1763344785
6582272,1-Training-Losses/value_loss,0.009205866605043411,Pong1PCB2L336P__seed_8_1763344785
6586368,1-Training-Losses/value_loss,0.006511411629617214,Pong1PCB2L336P__seed_8_1763344785
6590464,1-Training-Losses/value_loss,0.010134264826774597,Pong1PCB2L336P__seed_8_1763344785
6594560,1-Training-Losses/value_loss,0.008258357644081116,Pong1PCB2L336P__seed_8_1763344785
6598656,1-Training-Losses/value_loss,0.008248642086982727,Pong1PCB2L336P__seed_8_1763344785
6602752,1-Training-Losses/value_loss,0.009898612275719643,Pong1PCB2L336P__seed_8_1763344785
6606848,1-Training-Losses/value_loss,0.006163430865854025,Pong1PCB2L336P__seed_8_1763344785
6610944,1-Training-Losses/value_loss,0.005966697819530964,Pong1PCB2L336P__seed_8_1763344785
6615040,1-Training-Losses/value_loss,0.007931075058877468,Pong1PCB2L336P__seed_8_1763344785
6619136,1-Training-Losses/value_loss,0.006735237315297127,Pong1PCB2L336P__seed_8_1763344785
6623232,1-Training-Losses/value_loss,0.009711386635899544,Pong1PCB2L336P__seed_8_1763344785
6627328,1-Training-Losses/value_loss,0.007875507697463036,Pong1PCB2L336P__seed_8_1763344785
6631424,1-Training-Losses/value_loss,0.010379367507994175,Pong1PCB2L336P__seed_8_1763344785
6635520,1-Training-Losses/value_loss,0.010652242228388786,Pong1PCB2L336P__seed_8_1763344785
6639616,1-Training-Losses/value_loss,0.007371081039309502,Pong1PCB2L336P__seed_8_1763344785
6643712,1-Training-Losses/value_loss,0.010839730501174927,Pong1PCB2L336P__seed_8_1763344785
6647808,1-Training-Losses/value_loss,0.00955602154135704,Pong1PCB2L336P__seed_8_1763344785
6651904,1-Training-Losses/value_loss,0.008152289316058159,Pong1PCB2L336P__seed_8_1763344785
6656000,1-Training-Losses/value_loss,0.01021297462284565,Pong1PCB2L336P__seed_8_1763344785
6660096,1-Training-Losses/value_loss,0.008640979416668415,Pong1PCB2L336P__seed_8_1763344785
6664192,1-Training-Losses/value_loss,0.008969856426119804,Pong1PCB2L336P__seed_8_1763344785
6668288,1-Training-Losses/value_loss,0.007472142577171326,Pong1PCB2L336P__seed_8_1763344785
6672384,1-Training-Losses/value_loss,0.008575835265219212,Pong1PCB2L336P__seed_8_1763344785
6676480,1-Training-Losses/value_loss,0.0091490987688303,Pong1PCB2L336P__seed_8_1763344785
6680576,1-Training-Losses/value_loss,0.007928877137601376,Pong1PCB2L336P__seed_8_1763344785
6684672,1-Training-Losses/value_loss,0.00893491879105568,Pong1PCB2L336P__seed_8_1763344785
6688768,1-Training-Losses/value_loss,0.00985411275178194,Pong1PCB2L336P__seed_8_1763344785
6692864,1-Training-Losses/value_loss,0.008120364509522915,Pong1PCB2L336P__seed_8_1763344785
6696960,1-Training-Losses/value_loss,0.007560687139630318,Pong1PCB2L336P__seed_8_1763344785
6701056,1-Training-Losses/value_loss,0.007550271227955818,Pong1PCB2L336P__seed_8_1763344785
6705152,1-Training-Losses/value_loss,0.009561335667967796,Pong1PCB2L336P__seed_8_1763344785
6709248,1-Training-Losses/value_loss,0.008421318605542183,Pong1PCB2L336P__seed_8_1763344785
6713344,1-Training-Losses/value_loss,0.00979307945817709,Pong1PCB2L336P__seed_8_1763344785
6717440,1-Training-Losses/value_loss,0.012262370437383652,Pong1PCB2L336P__seed_8_1763344785
6721536,1-Training-Losses/value_loss,0.011895216070115566,Pong1PCB2L336P__seed_8_1763344785
6725632,1-Training-Losses/value_loss,0.011685408651828766,Pong1PCB2L336P__seed_8_1763344785
6729728,1-Training-Losses/value_loss,0.0073982407338917255,Pong1PCB2L336P__seed_8_1763344785
6733824,1-Training-Losses/value_loss,0.011835277080535889,Pong1PCB2L336P__seed_8_1763344785
6737920,1-Training-Losses/value_loss,0.006473446264863014,Pong1PCB2L336P__seed_8_1763344785
6742016,1-Training-Losses/value_loss,0.004301678854972124,Pong1PCB2L336P__seed_8_1763344785
6746112,1-Training-Losses/value_loss,0.009274072013795376,Pong1PCB2L336P__seed_8_1763344785
6750208,1-Training-Losses/value_loss,0.010515393689274788,Pong1PCB2L336P__seed_8_1763344785
6754304,1-Training-Losses/value_loss,0.008084454573690891,Pong1PCB2L336P__seed_8_1763344785
6758400,1-Training-Losses/value_loss,0.01097379345446825,Pong1PCB2L336P__seed_8_1763344785
6762496,1-Training-Losses/value_loss,0.009557277895510197,Pong1PCB2L336P__seed_8_1763344785
6766592,1-Training-Losses/value_loss,0.008099891245365143,Pong1PCB2L336P__seed_8_1763344785
6770688,1-Training-Losses/value_loss,0.008202780038118362,Pong1PCB2L336P__seed_8_1763344785
6774784,1-Training-Losses/value_loss,0.005153669975697994,Pong1PCB2L336P__seed_8_1763344785
6778880,1-Training-Losses/value_loss,0.008933584205806255,Pong1PCB2L336P__seed_8_1763344785
6782976,1-Training-Losses/value_loss,0.009764326736330986,Pong1PCB2L336P__seed_8_1763344785
6787072,1-Training-Losses/value_loss,0.006253848783671856,Pong1PCB2L336P__seed_8_1763344785
6791168,1-Training-Losses/value_loss,0.00744724040850997,Pong1PCB2L336P__seed_8_1763344785
6795264,1-Training-Losses/value_loss,0.011043696664273739,Pong1PCB2L336P__seed_8_1763344785
6799360,1-Training-Losses/value_loss,0.006516716443002224,Pong1PCB2L336P__seed_8_1763344785
6803456,1-Training-Losses/value_loss,0.010000619105994701,Pong1PCB2L336P__seed_8_1763344785
6807552,1-Training-Losses/value_loss,0.009943366050720215,Pong1PCB2L336P__seed_8_1763344785
6811648,1-Training-Losses/value_loss,0.009320893324911594,Pong1PCB2L336P__seed_8_1763344785
6815744,1-Training-Losses/value_loss,0.006648124195635319,Pong1PCB2L336P__seed_8_1763344785
6819840,1-Training-Losses/value_loss,0.009889877401292324,Pong1PCB2L336P__seed_8_1763344785
6823936,1-Training-Losses/value_loss,0.006823042873293161,Pong1PCB2L336P__seed_8_1763344785
6828032,1-Training-Losses/value_loss,0.0088006891310215,Pong1PCB2L336P__seed_8_1763344785
6832128,1-Training-Losses/value_loss,0.008949832059442997,Pong1PCB2L336P__seed_8_1763344785
6836224,1-Training-Losses/value_loss,0.0069862063974142075,Pong1PCB2L336P__seed_8_1763344785
6840320,1-Training-Losses/value_loss,0.00898419413715601,Pong1PCB2L336P__seed_8_1763344785
6844416,1-Training-Losses/value_loss,0.008902417495846748,Pong1PCB2L336P__seed_8_1763344785
6848512,1-Training-Losses/value_loss,0.009345322847366333,Pong1PCB2L336P__seed_8_1763344785
6852608,1-Training-Losses/value_loss,0.005449807737022638,Pong1PCB2L336P__seed_8_1763344785
6856704,1-Training-Losses/value_loss,0.010940569452941418,Pong1PCB2L336P__seed_8_1763344785
6860800,1-Training-Losses/value_loss,0.00670044869184494,Pong1PCB2L336P__seed_8_1763344785
6864896,1-Training-Losses/value_loss,0.012612651102244854,Pong1PCB2L336P__seed_8_1763344785
6868992,1-Training-Losses/value_loss,0.011601870879530907,Pong1PCB2L336P__seed_8_1763344785
6873088,1-Training-Losses/value_loss,0.009698910638689995,Pong1PCB2L336P__seed_8_1763344785
6877184,1-Training-Losses/value_loss,0.008978334255516529,Pong1PCB2L336P__seed_8_1763344785
6881280,1-Training-Losses/value_loss,0.005780395586043596,Pong1PCB2L336P__seed_8_1763344785
6885376,1-Training-Losses/value_loss,0.007644361816346645,Pong1PCB2L336P__seed_8_1763344785
6889472,1-Training-Losses/value_loss,0.011561133898794651,Pong1PCB2L336P__seed_8_1763344785
6893568,1-Training-Losses/value_loss,0.008056536316871643,Pong1PCB2L336P__seed_8_1763344785
6897664,1-Training-Losses/value_loss,0.010687860660254955,Pong1PCB2L336P__seed_8_1763344785
6901760,1-Training-Losses/value_loss,0.009243220090866089,Pong1PCB2L336P__seed_8_1763344785
6905856,1-Training-Losses/value_loss,0.0072245411574840546,Pong1PCB2L336P__seed_8_1763344785
6909952,1-Training-Losses/value_loss,0.007244405336678028,Pong1PCB2L336P__seed_8_1763344785
6914048,1-Training-Losses/value_loss,0.010441798716783524,Pong1PCB2L336P__seed_8_1763344785
6918144,1-Training-Losses/value_loss,0.00864977203309536,Pong1PCB2L336P__seed_8_1763344785
6922240,1-Training-Losses/value_loss,0.009015089832246304,Pong1PCB2L336P__seed_8_1763344785
6926336,1-Training-Losses/value_loss,0.006723841652274132,Pong1PCB2L336P__seed_8_1763344785
6930432,1-Training-Losses/value_loss,0.009378970600664616,Pong1PCB2L336P__seed_8_1763344785
6934528,1-Training-Losses/value_loss,0.009241138584911823,Pong1PCB2L336P__seed_8_1763344785
6938624,1-Training-Losses/value_loss,0.00911795999854803,Pong1PCB2L336P__seed_8_1763344785
6942720,1-Training-Losses/value_loss,0.009362611919641495,Pong1PCB2L336P__seed_8_1763344785
6946816,1-Training-Losses/value_loss,0.009610380977392197,Pong1PCB2L336P__seed_8_1763344785
6950912,1-Training-Losses/value_loss,0.008635475300252438,Pong1PCB2L336P__seed_8_1763344785
6955008,1-Training-Losses/value_loss,0.009750476107001305,Pong1PCB2L336P__seed_8_1763344785
6959104,1-Training-Losses/value_loss,0.006383691448718309,Pong1PCB2L336P__seed_8_1763344785
6963200,1-Training-Losses/value_loss,0.008920389227569103,Pong1PCB2L336P__seed_8_1763344785
6967296,1-Training-Losses/value_loss,0.007020274642854929,Pong1PCB2L336P__seed_8_1763344785
6971392,1-Training-Losses/value_loss,0.009818093851208687,Pong1PCB2L336P__seed_8_1763344785
6975488,1-Training-Losses/value_loss,0.009216006845235825,Pong1PCB2L336P__seed_8_1763344785
6979584,1-Training-Losses/value_loss,0.0062307617627084255,Pong1PCB2L336P__seed_8_1763344785
6983680,1-Training-Losses/value_loss,0.009678881615400314,Pong1PCB2L336P__seed_8_1763344785
6987776,1-Training-Losses/value_loss,0.009919358417391777,Pong1PCB2L336P__seed_8_1763344785
6991872,1-Training-Losses/value_loss,0.008803395554423332,Pong1PCB2L336P__seed_8_1763344785
6995968,1-Training-Losses/value_loss,0.00909459963440895,Pong1PCB2L336P__seed_8_1763344785
7000064,1-Training-Losses/value_loss,0.0047623394057154655,Pong1PCB2L336P__seed_8_1763344785
7004160,1-Training-Losses/value_loss,0.008597414940595627,Pong1PCB2L336P__seed_8_1763344785
7008256,1-Training-Losses/value_loss,0.010166803374886513,Pong1PCB2L336P__seed_8_1763344785
7012352,1-Training-Losses/value_loss,0.009435740299522877,Pong1PCB2L336P__seed_8_1763344785
7016448,1-Training-Losses/value_loss,0.009026038460433483,Pong1PCB2L336P__seed_8_1763344785
7020544,1-Training-Losses/value_loss,0.007753708865493536,Pong1PCB2L336P__seed_8_1763344785
7024640,1-Training-Losses/value_loss,0.009776324033737183,Pong1PCB2L336P__seed_8_1763344785
7028736,1-Training-Losses/value_loss,0.007476027123630047,Pong1PCB2L336P__seed_8_1763344785
7032832,1-Training-Losses/value_loss,0.006834547966718674,Pong1PCB2L336P__seed_8_1763344785
7036928,1-Training-Losses/value_loss,0.0107582351192832,Pong1PCB2L336P__seed_8_1763344785
7041024,1-Training-Losses/value_loss,0.007970701903104782,Pong1PCB2L336P__seed_8_1763344785
7045120,1-Training-Losses/value_loss,0.007152350153774023,Pong1PCB2L336P__seed_8_1763344785
7049216,1-Training-Losses/value_loss,0.011688278056681156,Pong1PCB2L336P__seed_8_1763344785
7053312,1-Training-Losses/value_loss,0.010226063430309296,Pong1PCB2L336P__seed_8_1763344785
7057408,1-Training-Losses/value_loss,0.012128417380154133,Pong1PCB2L336P__seed_8_1763344785
7061504,1-Training-Losses/value_loss,0.00905300211161375,Pong1PCB2L336P__seed_8_1763344785
7065600,1-Training-Losses/value_loss,0.007740248925983906,Pong1PCB2L336P__seed_8_1763344785
7069696,1-Training-Losses/value_loss,0.010808354243636131,Pong1PCB2L336P__seed_8_1763344785
7073792,1-Training-Losses/value_loss,0.00479716993868351,Pong1PCB2L336P__seed_8_1763344785
7077888,1-Training-Losses/value_loss,0.0135011812672019,Pong1PCB2L336P__seed_8_1763344785
7081984,1-Training-Losses/value_loss,0.010681281797587872,Pong1PCB2L336P__seed_8_1763344785
7086080,1-Training-Losses/value_loss,0.010264566168189049,Pong1PCB2L336P__seed_8_1763344785
7090176,1-Training-Losses/value_loss,0.009214967489242554,Pong1PCB2L336P__seed_8_1763344785
7094272,1-Training-Losses/value_loss,0.012334315106272697,Pong1PCB2L336P__seed_8_1763344785
7098368,1-Training-Losses/value_loss,0.006519784219563007,Pong1PCB2L336P__seed_8_1763344785
7102464,1-Training-Losses/value_loss,0.007692502811551094,Pong1PCB2L336P__seed_8_1763344785
7106560,1-Training-Losses/value_loss,0.010048272088170052,Pong1PCB2L336P__seed_8_1763344785
7110656,1-Training-Losses/value_loss,0.01104607805609703,Pong1PCB2L336P__seed_8_1763344785
7114752,1-Training-Losses/value_loss,0.010104557499289513,Pong1PCB2L336P__seed_8_1763344785
7118848,1-Training-Losses/value_loss,0.009302657097578049,Pong1PCB2L336P__seed_8_1763344785
7122944,1-Training-Losses/value_loss,0.011388399638235569,Pong1PCB2L336P__seed_8_1763344785
7127040,1-Training-Losses/value_loss,0.00743595277890563,Pong1PCB2L336P__seed_8_1763344785
7131136,1-Training-Losses/value_loss,0.01039961539208889,Pong1PCB2L336P__seed_8_1763344785
7135232,1-Training-Losses/value_loss,0.009732885286211967,Pong1PCB2L336P__seed_8_1763344785
7139328,1-Training-Losses/value_loss,0.010329224169254303,Pong1PCB2L336P__seed_8_1763344785
7143424,1-Training-Losses/value_loss,0.009628486819565296,Pong1PCB2L336P__seed_8_1763344785
7147520,1-Training-Losses/value_loss,0.007057306356728077,Pong1PCB2L336P__seed_8_1763344785
7151616,1-Training-Losses/value_loss,0.010084494948387146,Pong1PCB2L336P__seed_8_1763344785
7155712,1-Training-Losses/value_loss,0.009985681623220444,Pong1PCB2L336P__seed_8_1763344785
7159808,1-Training-Losses/value_loss,0.010734032839536667,Pong1PCB2L336P__seed_8_1763344785
7163904,1-Training-Losses/value_loss,0.007234514690935612,Pong1PCB2L336P__seed_8_1763344785
7168000,1-Training-Losses/value_loss,0.006087872665375471,Pong1PCB2L336P__seed_8_1763344785
7172096,1-Training-Losses/value_loss,0.009350215084850788,Pong1PCB2L336P__seed_8_1763344785
7176192,1-Training-Losses/value_loss,0.010212195105850697,Pong1PCB2L336P__seed_8_1763344785
7180288,1-Training-Losses/value_loss,0.012796646915376186,Pong1PCB2L336P__seed_8_1763344785
7184384,1-Training-Losses/value_loss,0.007186320144683123,Pong1PCB2L336P__seed_8_1763344785
7188480,1-Training-Losses/value_loss,0.006566081196069717,Pong1PCB2L336P__seed_8_1763344785
7192576,1-Training-Losses/value_loss,0.009940167888998985,Pong1PCB2L336P__seed_8_1763344785
7196672,1-Training-Losses/value_loss,0.008206124417483807,Pong1PCB2L336P__seed_8_1763344785
7200768,1-Training-Losses/value_loss,0.007113469298928976,Pong1PCB2L336P__seed_8_1763344785
7204864,1-Training-Losses/value_loss,0.00852586142718792,Pong1PCB2L336P__seed_8_1763344785
7208960,1-Training-Losses/value_loss,0.0094061940908432,Pong1PCB2L336P__seed_8_1763344785
7213056,1-Training-Losses/value_loss,0.009216644801199436,Pong1PCB2L336P__seed_8_1763344785
7217152,1-Training-Losses/value_loss,0.009485292248427868,Pong1PCB2L336P__seed_8_1763344785
7221248,1-Training-Losses/value_loss,0.006574459373950958,Pong1PCB2L336P__seed_8_1763344785
7225344,1-Training-Losses/value_loss,0.00746616255491972,Pong1PCB2L336P__seed_8_1763344785
7229440,1-Training-Losses/value_loss,0.007933547720313072,Pong1PCB2L336P__seed_8_1763344785
7233536,1-Training-Losses/value_loss,0.005919975694268942,Pong1PCB2L336P__seed_8_1763344785
7237632,1-Training-Losses/value_loss,0.00715212756767869,Pong1PCB2L336P__seed_8_1763344785
7241728,1-Training-Losses/value_loss,0.007365169934928417,Pong1PCB2L336P__seed_8_1763344785
7245824,1-Training-Losses/value_loss,0.006879093125462532,Pong1PCB2L336P__seed_8_1763344785
7249920,1-Training-Losses/value_loss,0.007809325587004423,Pong1PCB2L336P__seed_8_1763344785
7254016,1-Training-Losses/value_loss,0.006051196251064539,Pong1PCB2L336P__seed_8_1763344785
7258112,1-Training-Losses/value_loss,0.010682258754968643,Pong1PCB2L336P__seed_8_1763344785
7262208,1-Training-Losses/value_loss,0.007550964131951332,Pong1PCB2L336P__seed_8_1763344785
7266304,1-Training-Losses/value_loss,0.009087957441806793,Pong1PCB2L336P__seed_8_1763344785
7270400,1-Training-Losses/value_loss,0.010080058127641678,Pong1PCB2L336P__seed_8_1763344785
7274496,1-Training-Losses/value_loss,0.006204498000442982,Pong1PCB2L336P__seed_8_1763344785
7278592,1-Training-Losses/value_loss,0.008140718564391136,Pong1PCB2L336P__seed_8_1763344785
7282688,1-Training-Losses/value_loss,0.007348585873842239,Pong1PCB2L336P__seed_8_1763344785
7286784,1-Training-Losses/value_loss,0.00912305898964405,Pong1PCB2L336P__seed_8_1763344785
7290880,1-Training-Losses/value_loss,0.009595917537808418,Pong1PCB2L336P__seed_8_1763344785
7294976,1-Training-Losses/value_loss,0.007834145799279213,Pong1PCB2L336P__seed_8_1763344785
7299072,1-Training-Losses/value_loss,0.007140913046896458,Pong1PCB2L336P__seed_8_1763344785
7303168,1-Training-Losses/value_loss,0.009067092090845108,Pong1PCB2L336P__seed_8_1763344785
7307264,1-Training-Losses/value_loss,0.008047430776059628,Pong1PCB2L336P__seed_8_1763344785
7311360,1-Training-Losses/value_loss,0.008192954584956169,Pong1PCB2L336P__seed_8_1763344785
7315456,1-Training-Losses/value_loss,0.00830787979066372,Pong1PCB2L336P__seed_8_1763344785
7319552,1-Training-Losses/value_loss,0.007939867675304413,Pong1PCB2L336P__seed_8_1763344785
7323648,1-Training-Losses/value_loss,0.00940476730465889,Pong1PCB2L336P__seed_8_1763344785
7327744,1-Training-Losses/value_loss,0.006085249595344067,Pong1PCB2L336P__seed_8_1763344785
7331840,1-Training-Losses/value_loss,0.007648447994142771,Pong1PCB2L336P__seed_8_1763344785
7335936,1-Training-Losses/value_loss,0.006592435762286186,Pong1PCB2L336P__seed_8_1763344785
7340032,1-Training-Losses/value_loss,0.006412492133677006,Pong1PCB2L336P__seed_8_1763344785
7344128,1-Training-Losses/value_loss,0.009442017413675785,Pong1PCB2L336P__seed_8_1763344785
7348224,1-Training-Losses/value_loss,0.008194070309400558,Pong1PCB2L336P__seed_8_1763344785
7352320,1-Training-Losses/value_loss,0.002980330493301153,Pong1PCB2L336P__seed_8_1763344785
7356416,1-Training-Losses/value_loss,0.008237514644861221,Pong1PCB2L336P__seed_8_1763344785
7360512,1-Training-Losses/value_loss,0.008182751014828682,Pong1PCB2L336P__seed_8_1763344785
7364608,1-Training-Losses/value_loss,0.007296021096408367,Pong1PCB2L336P__seed_8_1763344785
7368704,1-Training-Losses/value_loss,0.010820964351296425,Pong1PCB2L336P__seed_8_1763344785
7372800,1-Training-Losses/value_loss,0.008223431184887886,Pong1PCB2L336P__seed_8_1763344785
7376896,1-Training-Losses/value_loss,0.005887612700462341,Pong1PCB2L336P__seed_8_1763344785
7380992,1-Training-Losses/value_loss,0.010021982714533806,Pong1PCB2L336P__seed_8_1763344785
7385088,1-Training-Losses/value_loss,0.013163422234356403,Pong1PCB2L336P__seed_8_1763344785
7389184,1-Training-Losses/value_loss,0.003397173248231411,Pong1PCB2L336P__seed_8_1763344785
7393280,1-Training-Losses/value_loss,0.0109325610101223,Pong1PCB2L336P__seed_8_1763344785
7397376,1-Training-Losses/value_loss,0.008621202781796455,Pong1PCB2L336P__seed_8_1763344785
7401472,1-Training-Losses/value_loss,0.0127326138317585,Pong1PCB2L336P__seed_8_1763344785
7405568,1-Training-Losses/value_loss,0.0074305301532149315,Pong1PCB2L336P__seed_8_1763344785
7409664,1-Training-Losses/value_loss,0.00715340580791235,Pong1PCB2L336P__seed_8_1763344785
7413760,1-Training-Losses/value_loss,0.009010089561343193,Pong1PCB2L336P__seed_8_1763344785
7417856,1-Training-Losses/value_loss,0.007624832913279533,Pong1PCB2L336P__seed_8_1763344785
7421952,1-Training-Losses/value_loss,0.007559257093816996,Pong1PCB2L336P__seed_8_1763344785
7426048,1-Training-Losses/value_loss,0.01293298788368702,Pong1PCB2L336P__seed_8_1763344785
7430144,1-Training-Losses/value_loss,0.00828422699123621,Pong1PCB2L336P__seed_8_1763344785
7434240,1-Training-Losses/value_loss,0.010119626298546791,Pong1PCB2L336P__seed_8_1763344785
7438336,1-Training-Losses/value_loss,0.00535891018807888,Pong1PCB2L336P__seed_8_1763344785
7442432,1-Training-Losses/value_loss,0.011934187263250351,Pong1PCB2L336P__seed_8_1763344785
7446528,1-Training-Losses/value_loss,0.006803818978369236,Pong1PCB2L336P__seed_8_1763344785
7450624,1-Training-Losses/value_loss,0.009129495359957218,Pong1PCB2L336P__seed_8_1763344785
7454720,1-Training-Losses/value_loss,0.007326814346015453,Pong1PCB2L336P__seed_8_1763344785
7458816,1-Training-Losses/value_loss,0.010005231946706772,Pong1PCB2L336P__seed_8_1763344785
7462912,1-Training-Losses/value_loss,0.007107439450919628,Pong1PCB2L336P__seed_8_1763344785
7467008,1-Training-Losses/value_loss,0.011601541191339493,Pong1PCB2L336P__seed_8_1763344785
7471104,1-Training-Losses/value_loss,0.00687218364328146,Pong1PCB2L336P__seed_8_1763344785
7475200,1-Training-Losses/value_loss,0.009733958169817924,Pong1PCB2L336P__seed_8_1763344785
7479296,1-Training-Losses/value_loss,0.012105019763112068,Pong1PCB2L336P__seed_8_1763344785
7483392,1-Training-Losses/value_loss,0.011358399875462055,Pong1PCB2L336P__seed_8_1763344785
7487488,1-Training-Losses/value_loss,0.006570011377334595,Pong1PCB2L336P__seed_8_1763344785
7491584,1-Training-Losses/value_loss,0.005909815896302462,Pong1PCB2L336P__seed_8_1763344785
7495680,1-Training-Losses/value_loss,0.007493647746741772,Pong1PCB2L336P__seed_8_1763344785
7499776,1-Training-Losses/value_loss,0.009382606483995914,Pong1PCB2L336P__seed_8_1763344785
7503872,1-Training-Losses/value_loss,0.010153776034712791,Pong1PCB2L336P__seed_8_1763344785
7507968,1-Training-Losses/value_loss,0.00850486010313034,Pong1PCB2L336P__seed_8_1763344785
7512064,1-Training-Losses/value_loss,0.010198543779551983,Pong1PCB2L336P__seed_8_1763344785
7516160,1-Training-Losses/value_loss,0.009718929417431355,Pong1PCB2L336P__seed_8_1763344785
7520256,1-Training-Losses/value_loss,0.011232607997953892,Pong1PCB2L336P__seed_8_1763344785
7524352,1-Training-Losses/value_loss,0.008464732207357883,Pong1PCB2L336P__seed_8_1763344785
7528448,1-Training-Losses/value_loss,0.010461515747010708,Pong1PCB2L336P__seed_8_1763344785
7532544,1-Training-Losses/value_loss,0.008872246369719505,Pong1PCB2L336P__seed_8_1763344785
7536640,1-Training-Losses/value_loss,0.011323999613523483,Pong1PCB2L336P__seed_8_1763344785
7540736,1-Training-Losses/value_loss,0.007811208721250296,Pong1PCB2L336P__seed_8_1763344785
7544832,1-Training-Losses/value_loss,0.007281527854502201,Pong1PCB2L336P__seed_8_1763344785
7548928,1-Training-Losses/value_loss,0.01001802273094654,Pong1PCB2L336P__seed_8_1763344785
7553024,1-Training-Losses/value_loss,0.010625459253787994,Pong1PCB2L336P__seed_8_1763344785
7557120,1-Training-Losses/value_loss,0.008020535111427307,Pong1PCB2L336P__seed_8_1763344785
7561216,1-Training-Losses/value_loss,0.00893816165626049,Pong1PCB2L336P__seed_8_1763344785
7565312,1-Training-Losses/value_loss,0.005726845934987068,Pong1PCB2L336P__seed_8_1763344785
7569408,1-Training-Losses/value_loss,0.011655304580926895,Pong1PCB2L336P__seed_8_1763344785
7573504,1-Training-Losses/value_loss,0.006718552205711603,Pong1PCB2L336P__seed_8_1763344785
7577600,1-Training-Losses/value_loss,0.010920279659330845,Pong1PCB2L336P__seed_8_1763344785
7581696,1-Training-Losses/value_loss,0.012176115065813065,Pong1PCB2L336P__seed_8_1763344785
7585792,1-Training-Losses/value_loss,0.009760333225131035,Pong1PCB2L336P__seed_8_1763344785
7589888,1-Training-Losses/value_loss,0.00865870714187622,Pong1PCB2L336P__seed_8_1763344785
7593984,1-Training-Losses/value_loss,0.006317211780697107,Pong1PCB2L336P__seed_8_1763344785
7598080,1-Training-Losses/value_loss,0.00575504032894969,Pong1PCB2L336P__seed_8_1763344785
7602176,1-Training-Losses/value_loss,0.011821643449366093,Pong1PCB2L336P__seed_8_1763344785
7606272,1-Training-Losses/value_loss,0.008326815441250801,Pong1PCB2L336P__seed_8_1763344785
7610368,1-Training-Losses/value_loss,0.012209312058985233,Pong1PCB2L336P__seed_8_1763344785
7614464,1-Training-Losses/value_loss,0.007967345416545868,Pong1PCB2L336P__seed_8_1763344785
7618560,1-Training-Losses/value_loss,0.006927981972694397,Pong1PCB2L336P__seed_8_1763344785
7622656,1-Training-Losses/value_loss,0.0076797716319561005,Pong1PCB2L336P__seed_8_1763344785
7626752,1-Training-Losses/value_loss,0.008102170191705227,Pong1PCB2L336P__seed_8_1763344785
7630848,1-Training-Losses/value_loss,0.010283228009939194,Pong1PCB2L336P__seed_8_1763344785
7634944,1-Training-Losses/value_loss,0.0065880706533789635,Pong1PCB2L336P__seed_8_1763344785
7639040,1-Training-Losses/value_loss,0.008922884240746498,Pong1PCB2L336P__seed_8_1763344785
7643136,1-Training-Losses/value_loss,0.007680124137550592,Pong1PCB2L336P__seed_8_1763344785
7647232,1-Training-Losses/value_loss,0.007490442134439945,Pong1PCB2L336P__seed_8_1763344785
7651328,1-Training-Losses/value_loss,0.012356561608612537,Pong1PCB2L336P__seed_8_1763344785
7655424,1-Training-Losses/value_loss,0.008533472195267677,Pong1PCB2L336P__seed_8_1763344785
7659520,1-Training-Losses/value_loss,0.008152935653924942,Pong1PCB2L336P__seed_8_1763344785
7663616,1-Training-Losses/value_loss,0.011064307764172554,Pong1PCB2L336P__seed_8_1763344785
7667712,1-Training-Losses/value_loss,0.010530324652791023,Pong1PCB2L336P__seed_8_1763344785
7671808,1-Training-Losses/value_loss,0.009623291902244091,Pong1PCB2L336P__seed_8_1763344785
7675904,1-Training-Losses/value_loss,0.009284522384405136,Pong1PCB2L336P__seed_8_1763344785
7680000,1-Training-Losses/value_loss,0.009330512024462223,Pong1PCB2L336P__seed_8_1763344785
7684096,1-Training-Losses/value_loss,0.007639964111149311,Pong1PCB2L336P__seed_8_1763344785
7688192,1-Training-Losses/value_loss,0.008025061339139938,Pong1PCB2L336P__seed_8_1763344785
7692288,1-Training-Losses/value_loss,0.007838786579668522,Pong1PCB2L336P__seed_8_1763344785
7696384,1-Training-Losses/value_loss,0.009333999827504158,Pong1PCB2L336P__seed_8_1763344785
7700480,1-Training-Losses/value_loss,0.01194760575890541,Pong1PCB2L336P__seed_8_1763344785
7704576,1-Training-Losses/value_loss,0.0052846940234303474,Pong1PCB2L336P__seed_8_1763344785
7708672,1-Training-Losses/value_loss,0.007827134802937508,Pong1PCB2L336P__seed_8_1763344785
7712768,1-Training-Losses/value_loss,0.009367840364575386,Pong1PCB2L336P__seed_8_1763344785
7716864,1-Training-Losses/value_loss,0.011630376800894737,Pong1PCB2L336P__seed_8_1763344785
7720960,1-Training-Losses/value_loss,0.006974904797971249,Pong1PCB2L336P__seed_8_1763344785
7725056,1-Training-Losses/value_loss,0.008682738989591599,Pong1PCB2L336P__seed_8_1763344785
7729152,1-Training-Losses/value_loss,0.008478774689137936,Pong1PCB2L336P__seed_8_1763344785
7733248,1-Training-Losses/value_loss,0.008795661851763725,Pong1PCB2L336P__seed_8_1763344785
7737344,1-Training-Losses/value_loss,0.010086070746183395,Pong1PCB2L336P__seed_8_1763344785
7741440,1-Training-Losses/value_loss,0.010027287527918816,Pong1PCB2L336P__seed_8_1763344785
7745536,1-Training-Losses/value_loss,0.008375812321901321,Pong1PCB2L336P__seed_8_1763344785
7749632,1-Training-Losses/value_loss,0.007763131055980921,Pong1PCB2L336P__seed_8_1763344785
7753728,1-Training-Losses/value_loss,0.01024774182587862,Pong1PCB2L336P__seed_8_1763344785
7757824,1-Training-Losses/value_loss,0.0065665761940181255,Pong1PCB2L336P__seed_8_1763344785
7761920,1-Training-Losses/value_loss,0.011406229808926582,Pong1PCB2L336P__seed_8_1763344785
7766016,1-Training-Losses/value_loss,0.009117040783166885,Pong1PCB2L336P__seed_8_1763344785
7770112,1-Training-Losses/value_loss,0.008783928118646145,Pong1PCB2L336P__seed_8_1763344785
7774208,1-Training-Losses/value_loss,0.008942127227783203,Pong1PCB2L336P__seed_8_1763344785
7778304,1-Training-Losses/value_loss,0.007924194447696209,Pong1PCB2L336P__seed_8_1763344785
7782400,1-Training-Losses/value_loss,0.0073416633531451225,Pong1PCB2L336P__seed_8_1763344785
7786496,1-Training-Losses/value_loss,0.011188561096787453,Pong1PCB2L336P__seed_8_1763344785
7790592,1-Training-Losses/value_loss,0.011845732107758522,Pong1PCB2L336P__seed_8_1763344785
7794688,1-Training-Losses/value_loss,0.008931128308176994,Pong1PCB2L336P__seed_8_1763344785
7798784,1-Training-Losses/value_loss,0.01077282801270485,Pong1PCB2L336P__seed_8_1763344785
7802880,1-Training-Losses/value_loss,0.009061215445399284,Pong1PCB2L336P__seed_8_1763344785
7806976,1-Training-Losses/value_loss,0.010451742447912693,Pong1PCB2L336P__seed_8_1763344785
7811072,1-Training-Losses/value_loss,0.0076377815566957,Pong1PCB2L336P__seed_8_1763344785
7815168,1-Training-Losses/value_loss,0.009240688756108284,Pong1PCB2L336P__seed_8_1763344785
7819264,1-Training-Losses/value_loss,0.008383766748011112,Pong1PCB2L336P__seed_8_1763344785
7823360,1-Training-Losses/value_loss,0.01206195168197155,Pong1PCB2L336P__seed_8_1763344785
7827456,1-Training-Losses/value_loss,0.009378370828926563,Pong1PCB2L336P__seed_8_1763344785
7831552,1-Training-Losses/value_loss,0.011610972695052624,Pong1PCB2L336P__seed_8_1763344785
7835648,1-Training-Losses/value_loss,0.009534466080367565,Pong1PCB2L336P__seed_8_1763344785
7839744,1-Training-Losses/value_loss,0.008970300666987896,Pong1PCB2L336P__seed_8_1763344785
7843840,1-Training-Losses/value_loss,0.012121383100748062,Pong1PCB2L336P__seed_8_1763344785
7847936,1-Training-Losses/value_loss,0.010109455324709415,Pong1PCB2L336P__seed_8_1763344785
7852032,1-Training-Losses/value_loss,0.010683590546250343,Pong1PCB2L336P__seed_8_1763344785
7856128,1-Training-Losses/value_loss,0.005665888078510761,Pong1PCB2L336P__seed_8_1763344785
7860224,1-Training-Losses/value_loss,0.008659454062581062,Pong1PCB2L336P__seed_8_1763344785
7864320,1-Training-Losses/value_loss,0.006737369112670422,Pong1PCB2L336P__seed_8_1763344785
7868416,1-Training-Losses/value_loss,0.009734800085425377,Pong1PCB2L336P__seed_8_1763344785
7872512,1-Training-Losses/value_loss,0.00674446253105998,Pong1PCB2L336P__seed_8_1763344785
7876608,1-Training-Losses/value_loss,0.007270549423992634,Pong1PCB2L336P__seed_8_1763344785
7880704,1-Training-Losses/value_loss,0.00945163331925869,Pong1PCB2L336P__seed_8_1763344785
7884800,1-Training-Losses/value_loss,0.009227321483194828,Pong1PCB2L336P__seed_8_1763344785
7888896,1-Training-Losses/value_loss,0.007555109448730946,Pong1PCB2L336P__seed_8_1763344785
7892992,1-Training-Losses/value_loss,0.009770385921001434,Pong1PCB2L336P__seed_8_1763344785
7897088,1-Training-Losses/value_loss,0.012933500111103058,Pong1PCB2L336P__seed_8_1763344785
7901184,1-Training-Losses/value_loss,0.00590952392667532,Pong1PCB2L336P__seed_8_1763344785
7905280,1-Training-Losses/value_loss,0.008740464225411415,Pong1PCB2L336P__seed_8_1763344785
7909376,1-Training-Losses/value_loss,0.007819613441824913,Pong1PCB2L336P__seed_8_1763344785
7913472,1-Training-Losses/value_loss,0.010212114080786705,Pong1PCB2L336P__seed_8_1763344785
7917568,1-Training-Losses/value_loss,0.0072623565793037415,Pong1PCB2L336P__seed_8_1763344785
7921664,1-Training-Losses/value_loss,0.006089971866458654,Pong1PCB2L336P__seed_8_1763344785
7925760,1-Training-Losses/value_loss,0.009209740906953812,Pong1PCB2L336P__seed_8_1763344785
7929856,1-Training-Losses/value_loss,0.0077563137747347355,Pong1PCB2L336P__seed_8_1763344785
7933952,1-Training-Losses/value_loss,0.011111147701740265,Pong1PCB2L336P__seed_8_1763344785
7938048,1-Training-Losses/value_loss,0.010314344428479671,Pong1PCB2L336P__seed_8_1763344785
7942144,1-Training-Losses/value_loss,0.01006951555609703,Pong1PCB2L336P__seed_8_1763344785
7946240,1-Training-Losses/value_loss,0.010500390082597733,Pong1PCB2L336P__seed_8_1763344785
7950336,1-Training-Losses/value_loss,0.009043008089065552,Pong1PCB2L336P__seed_8_1763344785
7954432,1-Training-Losses/value_loss,0.007117145694792271,Pong1PCB2L336P__seed_8_1763344785
7958528,1-Training-Losses/value_loss,0.006654579192399979,Pong1PCB2L336P__seed_8_1763344785
7962624,1-Training-Losses/value_loss,0.010343125090003014,Pong1PCB2L336P__seed_8_1763344785
7966720,1-Training-Losses/value_loss,0.009055398404598236,Pong1PCB2L336P__seed_8_1763344785
7970816,1-Training-Losses/value_loss,0.008503473363816738,Pong1PCB2L336P__seed_8_1763344785
7974912,1-Training-Losses/value_loss,0.013693371787667274,Pong1PCB2L336P__seed_8_1763344785
7979008,1-Training-Losses/value_loss,0.010302137583494186,Pong1PCB2L336P__seed_8_1763344785
7983104,1-Training-Losses/value_loss,0.009376553818583488,Pong1PCB2L336P__seed_8_1763344785
7987200,1-Training-Losses/value_loss,0.011620048433542252,Pong1PCB2L336P__seed_8_1763344785
7991296,1-Training-Losses/value_loss,0.009979471564292908,Pong1PCB2L336P__seed_8_1763344785
7995392,1-Training-Losses/value_loss,0.010100181214511395,Pong1PCB2L336P__seed_8_1763344785
7999488,1-Training-Losses/value_loss,0.009397785179316998,Pong1PCB2L336P__seed_8_1763344785
8003584,1-Training-Losses/value_loss,0.008674289099872112,Pong1PCB2L336P__seed_8_1763344785
8007680,1-Training-Losses/value_loss,0.007837601006031036,Pong1PCB2L336P__seed_8_1763344785
8011776,1-Training-Losses/value_loss,0.0076603153720498085,Pong1PCB2L336P__seed_8_1763344785
8015872,1-Training-Losses/value_loss,0.010270090773701668,Pong1PCB2L336P__seed_8_1763344785
8019968,1-Training-Losses/value_loss,0.00833788700401783,Pong1PCB2L336P__seed_8_1763344785
8024064,1-Training-Losses/value_loss,0.008596118539571762,Pong1PCB2L336P__seed_8_1763344785
8028160,1-Training-Losses/value_loss,0.01042298786342144,Pong1PCB2L336P__seed_8_1763344785
8032256,1-Training-Losses/value_loss,0.008333701640367508,Pong1PCB2L336P__seed_8_1763344785
8036352,1-Training-Losses/value_loss,0.008370387367904186,Pong1PCB2L336P__seed_8_1763344785
8040448,1-Training-Losses/value_loss,0.01041029766201973,Pong1PCB2L336P__seed_8_1763344785
8044544,1-Training-Losses/value_loss,0.008320428431034088,Pong1PCB2L336P__seed_8_1763344785
8048640,1-Training-Losses/value_loss,0.008273170329630375,Pong1PCB2L336P__seed_8_1763344785
8052736,1-Training-Losses/value_loss,0.011295792646706104,Pong1PCB2L336P__seed_8_1763344785
8056832,1-Training-Losses/value_loss,0.005947242025285959,Pong1PCB2L336P__seed_8_1763344785
8060928,1-Training-Losses/value_loss,0.00902760960161686,Pong1PCB2L336P__seed_8_1763344785
8065024,1-Training-Losses/value_loss,0.009583829902112484,Pong1PCB2L336P__seed_8_1763344785
8069120,1-Training-Losses/value_loss,0.007341150660067797,Pong1PCB2L336P__seed_8_1763344785
8073216,1-Training-Losses/value_loss,0.010179665870964527,Pong1PCB2L336P__seed_8_1763344785
8077312,1-Training-Losses/value_loss,0.008154175244271755,Pong1PCB2L336P__seed_8_1763344785
8081408,1-Training-Losses/value_loss,0.007915008813142776,Pong1PCB2L336P__seed_8_1763344785
8085504,1-Training-Losses/value_loss,0.012215249240398407,Pong1PCB2L336P__seed_8_1763344785
8089600,1-Training-Losses/value_loss,0.008528640493750572,Pong1PCB2L336P__seed_8_1763344785
8093696,1-Training-Losses/value_loss,0.01257358305156231,Pong1PCB2L336P__seed_8_1763344785
8097792,1-Training-Losses/value_loss,0.007326231338083744,Pong1PCB2L336P__seed_8_1763344785
8101888,1-Training-Losses/value_loss,0.009862832725048065,Pong1PCB2L336P__seed_8_1763344785
8105984,1-Training-Losses/value_loss,0.007678867317736149,Pong1PCB2L336P__seed_8_1763344785
8110080,1-Training-Losses/value_loss,0.008231704123318195,Pong1PCB2L336P__seed_8_1763344785
8114176,1-Training-Losses/value_loss,0.01015697792172432,Pong1PCB2L336P__seed_8_1763344785
8118272,1-Training-Losses/value_loss,0.008832497522234917,Pong1PCB2L336P__seed_8_1763344785
8122368,1-Training-Losses/value_loss,0.009361973963677883,Pong1PCB2L336P__seed_8_1763344785
8126464,1-Training-Losses/value_loss,0.01039040181785822,Pong1PCB2L336P__seed_8_1763344785
8130560,1-Training-Losses/value_loss,0.011551018804311752,Pong1PCB2L336P__seed_8_1763344785
8134656,1-Training-Losses/value_loss,0.007803528103977442,Pong1PCB2L336P__seed_8_1763344785
8138752,1-Training-Losses/value_loss,0.007951104082167149,Pong1PCB2L336P__seed_8_1763344785
8142848,1-Training-Losses/value_loss,0.012104816734790802,Pong1PCB2L336P__seed_8_1763344785
8146944,1-Training-Losses/value_loss,0.0074198804795742035,Pong1PCB2L336P__seed_8_1763344785
8151040,1-Training-Losses/value_loss,0.008959673345088959,Pong1PCB2L336P__seed_8_1763344785
8155136,1-Training-Losses/value_loss,0.007383105345070362,Pong1PCB2L336P__seed_8_1763344785
8159232,1-Training-Losses/value_loss,0.010633274912834167,Pong1PCB2L336P__seed_8_1763344785
8163328,1-Training-Losses/value_loss,0.009221121668815613,Pong1PCB2L336P__seed_8_1763344785
8167424,1-Training-Losses/value_loss,0.010218115523457527,Pong1PCB2L336P__seed_8_1763344785
8171520,1-Training-Losses/value_loss,0.008365855552256107,Pong1PCB2L336P__seed_8_1763344785
8175616,1-Training-Losses/value_loss,0.009273018687963486,Pong1PCB2L336P__seed_8_1763344785
8179712,1-Training-Losses/value_loss,0.0072419298812747,Pong1PCB2L336P__seed_8_1763344785
8183808,1-Training-Losses/value_loss,0.00908602960407734,Pong1PCB2L336P__seed_8_1763344785
8187904,1-Training-Losses/value_loss,0.005874784663319588,Pong1PCB2L336P__seed_8_1763344785
8192000,1-Training-Losses/value_loss,0.012876378372311592,Pong1PCB2L336P__seed_8_1763344785
8196096,1-Training-Losses/value_loss,0.008117076009511948,Pong1PCB2L336P__seed_8_1763344785
8200192,1-Training-Losses/value_loss,0.008085399866104126,Pong1PCB2L336P__seed_8_1763344785
8204288,1-Training-Losses/value_loss,0.007651082240045071,Pong1PCB2L336P__seed_8_1763344785
8208384,1-Training-Losses/value_loss,0.008894558995962143,Pong1PCB2L336P__seed_8_1763344785
8212480,1-Training-Losses/value_loss,0.008905531838536263,Pong1PCB2L336P__seed_8_1763344785
8216576,1-Training-Losses/value_loss,0.01188530120998621,Pong1PCB2L336P__seed_8_1763344785
8220672,1-Training-Losses/value_loss,0.0074518234468996525,Pong1PCB2L336P__seed_8_1763344785
8224768,1-Training-Losses/value_loss,0.011635784059762955,Pong1PCB2L336P__seed_8_1763344785
8228864,1-Training-Losses/value_loss,0.006089802831411362,Pong1PCB2L336P__seed_8_1763344785
8232960,1-Training-Losses/value_loss,0.01167810708284378,Pong1PCB2L336P__seed_8_1763344785
8237056,1-Training-Losses/value_loss,0.007840462028980255,Pong1PCB2L336P__seed_8_1763344785
8241152,1-Training-Losses/value_loss,0.009011748246848583,Pong1PCB2L336P__seed_8_1763344785
8245248,1-Training-Losses/value_loss,0.011415853165090084,Pong1PCB2L336P__seed_8_1763344785
8249344,1-Training-Losses/value_loss,0.006544457748532295,Pong1PCB2L336P__seed_8_1763344785
8253440,1-Training-Losses/value_loss,0.006186552345752716,Pong1PCB2L336P__seed_8_1763344785
8257536,1-Training-Losses/value_loss,0.010591519996523857,Pong1PCB2L336P__seed_8_1763344785
8261632,1-Training-Losses/value_loss,0.009500518441200256,Pong1PCB2L336P__seed_8_1763344785
8265728,1-Training-Losses/value_loss,0.008237632922828197,Pong1PCB2L336P__seed_8_1763344785
8269824,1-Training-Losses/value_loss,0.009749193675816059,Pong1PCB2L336P__seed_8_1763344785
8273920,1-Training-Losses/value_loss,0.006681561470031738,Pong1PCB2L336P__seed_8_1763344785
8278016,1-Training-Losses/value_loss,0.014092912897467613,Pong1PCB2L336P__seed_8_1763344785
8282112,1-Training-Losses/value_loss,0.009789103642106056,Pong1PCB2L336P__seed_8_1763344785
8286208,1-Training-Losses/value_loss,0.008330488577485085,Pong1PCB2L336P__seed_8_1763344785
8290304,1-Training-Losses/value_loss,0.01080227643251419,Pong1PCB2L336P__seed_8_1763344785
8294400,1-Training-Losses/value_loss,0.009393277578055859,Pong1PCB2L336P__seed_8_1763344785
8298496,1-Training-Losses/value_loss,0.012074083089828491,Pong1PCB2L336P__seed_8_1763344785
8302592,1-Training-Losses/value_loss,0.014147072099149227,Pong1PCB2L336P__seed_8_1763344785
8306688,1-Training-Losses/value_loss,0.01001689676195383,Pong1PCB2L336P__seed_8_1763344785
8310784,1-Training-Losses/value_loss,0.01073023583739996,Pong1PCB2L336P__seed_8_1763344785
8314880,1-Training-Losses/value_loss,0.00954964105039835,Pong1PCB2L336P__seed_8_1763344785
8318976,1-Training-Losses/value_loss,0.00942823477089405,Pong1PCB2L336P__seed_8_1763344785
8323072,1-Training-Losses/value_loss,0.009349874220788479,Pong1PCB2L336P__seed_8_1763344785
8327168,1-Training-Losses/value_loss,0.011937737464904785,Pong1PCB2L336P__seed_8_1763344785
8331264,1-Training-Losses/value_loss,0.008047952316701412,Pong1PCB2L336P__seed_8_1763344785
8335360,1-Training-Losses/value_loss,0.012224189005792141,Pong1PCB2L336P__seed_8_1763344785
8339456,1-Training-Losses/value_loss,0.007987435907125473,Pong1PCB2L336P__seed_8_1763344785
8343552,1-Training-Losses/value_loss,0.011905651539564133,Pong1PCB2L336P__seed_8_1763344785
8347648,1-Training-Losses/value_loss,0.008474420756101608,Pong1PCB2L336P__seed_8_1763344785
8351744,1-Training-Losses/value_loss,0.008624495938420296,Pong1PCB2L336P__seed_8_1763344785
8355840,1-Training-Losses/value_loss,0.011507939547300339,Pong1PCB2L336P__seed_8_1763344785
8359936,1-Training-Losses/value_loss,0.010779340751469135,Pong1PCB2L336P__seed_8_1763344785
8364032,1-Training-Losses/value_loss,0.007528293877840042,Pong1PCB2L336P__seed_8_1763344785
8368128,1-Training-Losses/value_loss,0.008378667756915092,Pong1PCB2L336P__seed_8_1763344785
8372224,1-Training-Losses/value_loss,0.008164838887751102,Pong1PCB2L336P__seed_8_1763344785
8376320,1-Training-Losses/value_loss,0.008323993533849716,Pong1PCB2L336P__seed_8_1763344785
8380416,1-Training-Losses/value_loss,0.010704887099564075,Pong1PCB2L336P__seed_8_1763344785
8384512,1-Training-Losses/value_loss,0.008387522771954536,Pong1PCB2L336P__seed_8_1763344785
8388608,1-Training-Losses/value_loss,0.009964054450392723,Pong1PCB2L336P__seed_8_1763344785
8392704,1-Training-Losses/value_loss,0.008706353604793549,Pong1PCB2L336P__seed_8_1763344785
8396800,1-Training-Losses/value_loss,0.010402672924101353,Pong1PCB2L336P__seed_8_1763344785
8400896,1-Training-Losses/value_loss,0.008905937895178795,Pong1PCB2L336P__seed_8_1763344785
8404992,1-Training-Losses/value_loss,0.00902019813656807,Pong1PCB2L336P__seed_8_1763344785
8409088,1-Training-Losses/value_loss,0.01040695607662201,Pong1PCB2L336P__seed_8_1763344785
8413184,1-Training-Losses/value_loss,0.009250165894627571,Pong1PCB2L336P__seed_8_1763344785
8417280,1-Training-Losses/value_loss,0.009403694421052933,Pong1PCB2L336P__seed_8_1763344785
8421376,1-Training-Losses/value_loss,0.010948645882308483,Pong1PCB2L336P__seed_8_1763344785
8425472,1-Training-Losses/value_loss,0.007953617721796036,Pong1PCB2L336P__seed_8_1763344785
8429568,1-Training-Losses/value_loss,0.01204429566860199,Pong1PCB2L336P__seed_8_1763344785
8433664,1-Training-Losses/value_loss,0.006564072333276272,Pong1PCB2L336P__seed_8_1763344785
8437760,1-Training-Losses/value_loss,0.01141914539039135,Pong1PCB2L336P__seed_8_1763344785
8441856,1-Training-Losses/value_loss,0.011348863132297993,Pong1PCB2L336P__seed_8_1763344785
8445952,1-Training-Losses/value_loss,0.010539114475250244,Pong1PCB2L336P__seed_8_1763344785
8450048,1-Training-Losses/value_loss,0.005865335464477539,Pong1PCB2L336P__seed_8_1763344785
8454144,1-Training-Losses/value_loss,0.011023342609405518,Pong1PCB2L336P__seed_8_1763344785
8458240,1-Training-Losses/value_loss,0.009838184341788292,Pong1PCB2L336P__seed_8_1763344785
8462336,1-Training-Losses/value_loss,0.008045833557844162,Pong1PCB2L336P__seed_8_1763344785
8466432,1-Training-Losses/value_loss,0.011298676952719688,Pong1PCB2L336P__seed_8_1763344785
8470528,1-Training-Losses/value_loss,0.008510864339768887,Pong1PCB2L336P__seed_8_1763344785
8474624,1-Training-Losses/value_loss,0.01063793245702982,Pong1PCB2L336P__seed_8_1763344785
8478720,1-Training-Losses/value_loss,0.007732752710580826,Pong1PCB2L336P__seed_8_1763344785
8482816,1-Training-Losses/value_loss,0.011949634179472923,Pong1PCB2L336P__seed_8_1763344785
8486912,1-Training-Losses/value_loss,0.006894763559103012,Pong1PCB2L336P__seed_8_1763344785
8491008,1-Training-Losses/value_loss,0.008712347596883774,Pong1PCB2L336P__seed_8_1763344785
8495104,1-Training-Losses/value_loss,0.010005712509155273,Pong1PCB2L336P__seed_8_1763344785
8499200,1-Training-Losses/value_loss,0.006720439996570349,Pong1PCB2L336P__seed_8_1763344785
8503296,1-Training-Losses/value_loss,0.009810226038098335,Pong1PCB2L336P__seed_8_1763344785
8507392,1-Training-Losses/value_loss,0.009034343995153904,Pong1PCB2L336P__seed_8_1763344785
8511488,1-Training-Losses/value_loss,0.006757421884685755,Pong1PCB2L336P__seed_8_1763344785
8515584,1-Training-Losses/value_loss,0.008227761834859848,Pong1PCB2L336P__seed_8_1763344785
8519680,1-Training-Losses/value_loss,0.006512378808110952,Pong1PCB2L336P__seed_8_1763344785
8523776,1-Training-Losses/value_loss,0.008616374805569649,Pong1PCB2L336P__seed_8_1763344785
8527872,1-Training-Losses/value_loss,0.0093254828825593,Pong1PCB2L336P__seed_8_1763344785
8531968,1-Training-Losses/value_loss,0.008302498608827591,Pong1PCB2L336P__seed_8_1763344785
8536064,1-Training-Losses/value_loss,0.01122395507991314,Pong1PCB2L336P__seed_8_1763344785
8540160,1-Training-Losses/value_loss,0.009865179657936096,Pong1PCB2L336P__seed_8_1763344785
8544256,1-Training-Losses/value_loss,0.009733795188367367,Pong1PCB2L336P__seed_8_1763344785
8548352,1-Training-Losses/value_loss,0.00862877443432808,Pong1PCB2L336P__seed_8_1763344785
8552448,1-Training-Losses/value_loss,0.00830296240746975,Pong1PCB2L336P__seed_8_1763344785
8556544,1-Training-Losses/value_loss,0.009411185048520565,Pong1PCB2L336P__seed_8_1763344785
8560640,1-Training-Losses/value_loss,0.007105506490916014,Pong1PCB2L336P__seed_8_1763344785
8564736,1-Training-Losses/value_loss,0.006946630775928497,Pong1PCB2L336P__seed_8_1763344785
8568832,1-Training-Losses/value_loss,0.010542124509811401,Pong1PCB2L336P__seed_8_1763344785
8572928,1-Training-Losses/value_loss,0.009141119197010994,Pong1PCB2L336P__seed_8_1763344785
8577024,1-Training-Losses/value_loss,0.00742521183565259,Pong1PCB2L336P__seed_8_1763344785
8581120,1-Training-Losses/value_loss,0.008544716984033585,Pong1PCB2L336P__seed_8_1763344785
8585216,1-Training-Losses/value_loss,0.009832173585891724,Pong1PCB2L336P__seed_8_1763344785
8589312,1-Training-Losses/value_loss,0.007029683329164982,Pong1PCB2L336P__seed_8_1763344785
8593408,1-Training-Losses/value_loss,0.0073540969751775265,Pong1PCB2L336P__seed_8_1763344785
8597504,1-Training-Losses/value_loss,0.008124757558107376,Pong1PCB2L336P__seed_8_1763344785
8601600,1-Training-Losses/value_loss,0.010465183295309544,Pong1PCB2L336P__seed_8_1763344785
8605696,1-Training-Losses/value_loss,0.008445742540061474,Pong1PCB2L336P__seed_8_1763344785
8609792,1-Training-Losses/value_loss,0.009889794513583183,Pong1PCB2L336P__seed_8_1763344785
8613888,1-Training-Losses/value_loss,0.007231605239212513,Pong1PCB2L336P__seed_8_1763344785
8617984,1-Training-Losses/value_loss,0.01034758985042572,Pong1PCB2L336P__seed_8_1763344785
8622080,1-Training-Losses/value_loss,0.010605225339531898,Pong1PCB2L336P__seed_8_1763344785
8626176,1-Training-Losses/value_loss,0.011878260411322117,Pong1PCB2L336P__seed_8_1763344785
8630272,1-Training-Losses/value_loss,0.012525121681392193,Pong1PCB2L336P__seed_8_1763344785
8634368,1-Training-Losses/value_loss,0.006348995491862297,Pong1PCB2L336P__seed_8_1763344785
8638464,1-Training-Losses/value_loss,0.010726386681199074,Pong1PCB2L336P__seed_8_1763344785
8642560,1-Training-Losses/value_loss,0.008848652243614197,Pong1PCB2L336P__seed_8_1763344785
8646656,1-Training-Losses/value_loss,0.006233645603060722,Pong1PCB2L336P__seed_8_1763344785
8650752,1-Training-Losses/value_loss,0.008433973416686058,Pong1PCB2L336P__seed_8_1763344785
8654848,1-Training-Losses/value_loss,0.012121587991714478,Pong1PCB2L336P__seed_8_1763344785
8658944,1-Training-Losses/value_loss,0.009496609680354595,Pong1PCB2L336P__seed_8_1763344785
8663040,1-Training-Losses/value_loss,0.009602127596735954,Pong1PCB2L336P__seed_8_1763344785
8667136,1-Training-Losses/value_loss,0.010241128504276276,Pong1PCB2L336P__seed_8_1763344785
8671232,1-Training-Losses/value_loss,0.006874317303299904,Pong1PCB2L336P__seed_8_1763344785
8675328,1-Training-Losses/value_loss,0.009966825135052204,Pong1PCB2L336P__seed_8_1763344785
8679424,1-Training-Losses/value_loss,0.00856729969382286,Pong1PCB2L336P__seed_8_1763344785
8683520,1-Training-Losses/value_loss,0.012914730235934258,Pong1PCB2L336P__seed_8_1763344785
8687616,1-Training-Losses/value_loss,0.007817806676030159,Pong1PCB2L336P__seed_8_1763344785
8691712,1-Training-Losses/value_loss,0.008414195850491524,Pong1PCB2L336P__seed_8_1763344785
8695808,1-Training-Losses/value_loss,0.011806788854300976,Pong1PCB2L336P__seed_8_1763344785
8699904,1-Training-Losses/value_loss,0.008259650319814682,Pong1PCB2L336P__seed_8_1763344785
8704000,1-Training-Losses/value_loss,0.010676047764718533,Pong1PCB2L336P__seed_8_1763344785
8708096,1-Training-Losses/value_loss,0.008524902164936066,Pong1PCB2L336P__seed_8_1763344785
8712192,1-Training-Losses/value_loss,0.011316009797155857,Pong1PCB2L336P__seed_8_1763344785
8716288,1-Training-Losses/value_loss,0.006430812180042267,Pong1PCB2L336P__seed_8_1763344785
8720384,1-Training-Losses/value_loss,0.010505829937756062,Pong1PCB2L336P__seed_8_1763344785
8724480,1-Training-Losses/value_loss,0.005995849147439003,Pong1PCB2L336P__seed_8_1763344785
8728576,1-Training-Losses/value_loss,0.008794499561190605,Pong1PCB2L336P__seed_8_1763344785
8732672,1-Training-Losses/value_loss,0.01096399873495102,Pong1PCB2L336P__seed_8_1763344785
8736768,1-Training-Losses/value_loss,0.007456256076693535,Pong1PCB2L336P__seed_8_1763344785
8740864,1-Training-Losses/value_loss,0.008474636822938919,Pong1PCB2L336P__seed_8_1763344785
8744960,1-Training-Losses/value_loss,0.008849838748574257,Pong1PCB2L336P__seed_8_1763344785
8749056,1-Training-Losses/value_loss,0.007565614767372608,Pong1PCB2L336P__seed_8_1763344785
8753152,1-Training-Losses/value_loss,0.013111291453242302,Pong1PCB2L336P__seed_8_1763344785
8757248,1-Training-Losses/value_loss,0.00618570065125823,Pong1PCB2L336P__seed_8_1763344785
8761344,1-Training-Losses/value_loss,0.010622835718095303,Pong1PCB2L336P__seed_8_1763344785
8765440,1-Training-Losses/value_loss,0.008640602231025696,Pong1PCB2L336P__seed_8_1763344785
8769536,1-Training-Losses/value_loss,0.008330914191901684,Pong1PCB2L336P__seed_8_1763344785
8773632,1-Training-Losses/value_loss,0.011279039084911346,Pong1PCB2L336P__seed_8_1763344785
8777728,1-Training-Losses/value_loss,0.005590330343693495,Pong1PCB2L336P__seed_8_1763344785
8781824,1-Training-Losses/value_loss,0.007796174846589565,Pong1PCB2L336P__seed_8_1763344785
8785920,1-Training-Losses/value_loss,0.007943090051412582,Pong1PCB2L336P__seed_8_1763344785
8790016,1-Training-Losses/value_loss,0.00815870426595211,Pong1PCB2L336P__seed_8_1763344785
8794112,1-Training-Losses/value_loss,0.0091073764488101,Pong1PCB2L336P__seed_8_1763344785
8798208,1-Training-Losses/value_loss,0.009113192558288574,Pong1PCB2L336P__seed_8_1763344785
8802304,1-Training-Losses/value_loss,0.00832771509885788,Pong1PCB2L336P__seed_8_1763344785
8806400,1-Training-Losses/value_loss,0.011261128820478916,Pong1PCB2L336P__seed_8_1763344785
8810496,1-Training-Losses/value_loss,0.008750354871153831,Pong1PCB2L336P__seed_8_1763344785
8814592,1-Training-Losses/value_loss,0.00963878259062767,Pong1PCB2L336P__seed_8_1763344785
8818688,1-Training-Losses/value_loss,0.007609897293150425,Pong1PCB2L336P__seed_8_1763344785
8822784,1-Training-Losses/value_loss,0.010528878308832645,Pong1PCB2L336P__seed_8_1763344785
8826880,1-Training-Losses/value_loss,0.008469506166875362,Pong1PCB2L336P__seed_8_1763344785
8830976,1-Training-Losses/value_loss,0.007631685119122267,Pong1PCB2L336P__seed_8_1763344785
8835072,1-Training-Losses/value_loss,0.009737085551023483,Pong1PCB2L336P__seed_8_1763344785
8839168,1-Training-Losses/value_loss,0.011222918517887592,Pong1PCB2L336P__seed_8_1763344785
8843264,1-Training-Losses/value_loss,0.009877356700599194,Pong1PCB2L336P__seed_8_1763344785
8847360,1-Training-Losses/value_loss,0.007128176745027304,Pong1PCB2L336P__seed_8_1763344785
8851456,1-Training-Losses/value_loss,0.00999186746776104,Pong1PCB2L336P__seed_8_1763344785
8855552,1-Training-Losses/value_loss,0.008799359202384949,Pong1PCB2L336P__seed_8_1763344785
8859648,1-Training-Losses/value_loss,0.009790380485355854,Pong1PCB2L336P__seed_8_1763344785
8863744,1-Training-Losses/value_loss,0.007396195083856583,Pong1PCB2L336P__seed_8_1763344785
8867840,1-Training-Losses/value_loss,0.008067185059189796,Pong1PCB2L336P__seed_8_1763344785
8871936,1-Training-Losses/value_loss,0.009897426702082157,Pong1PCB2L336P__seed_8_1763344785
8876032,1-Training-Losses/value_loss,0.007424360141158104,Pong1PCB2L336P__seed_8_1763344785
8880128,1-Training-Losses/value_loss,0.007125472649931908,Pong1PCB2L336P__seed_8_1763344785
8884224,1-Training-Losses/value_loss,0.008535654284060001,Pong1PCB2L336P__seed_8_1763344785
8888320,1-Training-Losses/value_loss,0.009692717343568802,Pong1PCB2L336P__seed_8_1763344785
8892416,1-Training-Losses/value_loss,0.012410368770360947,Pong1PCB2L336P__seed_8_1763344785
8896512,1-Training-Losses/value_loss,0.008085537701845169,Pong1PCB2L336P__seed_8_1763344785
8900608,1-Training-Losses/value_loss,0.013436870649456978,Pong1PCB2L336P__seed_8_1763344785
8904704,1-Training-Losses/value_loss,0.009824326261878014,Pong1PCB2L336P__seed_8_1763344785
8908800,1-Training-Losses/value_loss,0.0085276048630476,Pong1PCB2L336P__seed_8_1763344785
8912896,1-Training-Losses/value_loss,0.005208735819905996,Pong1PCB2L336P__seed_8_1763344785
8916992,1-Training-Losses/value_loss,0.011218719184398651,Pong1PCB2L336P__seed_8_1763344785
8921088,1-Training-Losses/value_loss,0.009026587009429932,Pong1PCB2L336P__seed_8_1763344785
8925184,1-Training-Losses/value_loss,0.008514592424035072,Pong1PCB2L336P__seed_8_1763344785
8929280,1-Training-Losses/value_loss,0.008838605135679245,Pong1PCB2L336P__seed_8_1763344785
8933376,1-Training-Losses/value_loss,0.012197593227028847,Pong1PCB2L336P__seed_8_1763344785
8937472,1-Training-Losses/value_loss,0.007383710704743862,Pong1PCB2L336P__seed_8_1763344785
8941568,1-Training-Losses/value_loss,0.008202724158763885,Pong1PCB2L336P__seed_8_1763344785
8945664,1-Training-Losses/value_loss,0.00849563255906105,Pong1PCB2L336P__seed_8_1763344785
8949760,1-Training-Losses/value_loss,0.00754497991874814,Pong1PCB2L336P__seed_8_1763344785
8953856,1-Training-Losses/value_loss,0.009006445296108723,Pong1PCB2L336P__seed_8_1763344785
8957952,1-Training-Losses/value_loss,0.009737607091665268,Pong1PCB2L336P__seed_8_1763344785
8962048,1-Training-Losses/value_loss,0.007277296390384436,Pong1PCB2L336P__seed_8_1763344785
8966144,1-Training-Losses/value_loss,0.005246097221970558,Pong1PCB2L336P__seed_8_1763344785
8970240,1-Training-Losses/value_loss,0.011591633781790733,Pong1PCB2L336P__seed_8_1763344785
8974336,1-Training-Losses/value_loss,0.008557446300983429,Pong1PCB2L336P__seed_8_1763344785
8978432,1-Training-Losses/value_loss,0.010106698609888554,Pong1PCB2L336P__seed_8_1763344785
8982528,1-Training-Losses/value_loss,0.01088775135576725,Pong1PCB2L336P__seed_8_1763344785
8986624,1-Training-Losses/value_loss,0.007748499978333712,Pong1PCB2L336P__seed_8_1763344785
8990720,1-Training-Losses/value_loss,0.012692993506789207,Pong1PCB2L336P__seed_8_1763344785
8994816,1-Training-Losses/value_loss,0.008567052893340588,Pong1PCB2L336P__seed_8_1763344785
8998912,1-Training-Losses/value_loss,0.009695194661617279,Pong1PCB2L336P__seed_8_1763344785
9003008,1-Training-Losses/value_loss,0.010034305043518543,Pong1PCB2L336P__seed_8_1763344785
9007104,1-Training-Losses/value_loss,0.006371411494910717,Pong1PCB2L336P__seed_8_1763344785
9011200,1-Training-Losses/value_loss,0.010315039195120335,Pong1PCB2L336P__seed_8_1763344785
9015296,1-Training-Losses/value_loss,0.010426492430269718,Pong1PCB2L336P__seed_8_1763344785
9019392,1-Training-Losses/value_loss,0.008226163685321808,Pong1PCB2L336P__seed_8_1763344785
9023488,1-Training-Losses/value_loss,0.009216444566845894,Pong1PCB2L336P__seed_8_1763344785
9027584,1-Training-Losses/value_loss,0.00412379764020443,Pong1PCB2L336P__seed_8_1763344785
9031680,1-Training-Losses/value_loss,0.011289941146969795,Pong1PCB2L336P__seed_8_1763344785
9035776,1-Training-Losses/value_loss,0.009307562373578548,Pong1PCB2L336P__seed_8_1763344785
9039872,1-Training-Losses/value_loss,0.0068915532901883125,Pong1PCB2L336P__seed_8_1763344785
9043968,1-Training-Losses/value_loss,0.014715812169015408,Pong1PCB2L336P__seed_8_1763344785
9048064,1-Training-Losses/value_loss,0.00747963972389698,Pong1PCB2L336P__seed_8_1763344785
9052160,1-Training-Losses/value_loss,0.009065787307918072,Pong1PCB2L336P__seed_8_1763344785
9056256,1-Training-Losses/value_loss,0.013514741323888302,Pong1PCB2L336P__seed_8_1763344785
9060352,1-Training-Losses/value_loss,0.00799252837896347,Pong1PCB2L336P__seed_8_1763344785
9064448,1-Training-Losses/value_loss,0.008996253833174706,Pong1PCB2L336P__seed_8_1763344785
9068544,1-Training-Losses/value_loss,0.010265287011861801,Pong1PCB2L336P__seed_8_1763344785
9072640,1-Training-Losses/value_loss,0.009249179624021053,Pong1PCB2L336P__seed_8_1763344785
9076736,1-Training-Losses/value_loss,0.00708167115226388,Pong1PCB2L336P__seed_8_1763344785
9080832,1-Training-Losses/value_loss,0.009475423023104668,Pong1PCB2L336P__seed_8_1763344785
9084928,1-Training-Losses/value_loss,0.009665044024586678,Pong1PCB2L336P__seed_8_1763344785
9089024,1-Training-Losses/value_loss,0.008066151291131973,Pong1PCB2L336P__seed_8_1763344785
9093120,1-Training-Losses/value_loss,0.0077181532979011536,Pong1PCB2L336P__seed_8_1763344785
9097216,1-Training-Losses/value_loss,0.008247560821473598,Pong1PCB2L336P__seed_8_1763344785
9101312,1-Training-Losses/value_loss,0.010757273063063622,Pong1PCB2L336P__seed_8_1763344785
9105408,1-Training-Losses/value_loss,0.006932382006198168,Pong1PCB2L336P__seed_8_1763344785
9109504,1-Training-Losses/value_loss,0.010787885636091232,Pong1PCB2L336P__seed_8_1763344785
9113600,1-Training-Losses/value_loss,0.006282697431743145,Pong1PCB2L336P__seed_8_1763344785
9117696,1-Training-Losses/value_loss,0.009452428668737411,Pong1PCB2L336P__seed_8_1763344785
9121792,1-Training-Losses/value_loss,0.009646333754062653,Pong1PCB2L336P__seed_8_1763344785
9125888,1-Training-Losses/value_loss,0.009000335820019245,Pong1PCB2L336P__seed_8_1763344785
9129984,1-Training-Losses/value_loss,0.007546068634837866,Pong1PCB2L336P__seed_8_1763344785
9134080,1-Training-Losses/value_loss,0.012183384969830513,Pong1PCB2L336P__seed_8_1763344785
9138176,1-Training-Losses/value_loss,0.00881925504654646,Pong1PCB2L336P__seed_8_1763344785
9142272,1-Training-Losses/value_loss,0.009072747081518173,Pong1PCB2L336P__seed_8_1763344785
9146368,1-Training-Losses/value_loss,0.009686030447483063,Pong1PCB2L336P__seed_8_1763344785
9150464,1-Training-Losses/value_loss,0.00793860200792551,Pong1PCB2L336P__seed_8_1763344785
9154560,1-Training-Losses/value_loss,0.006377373356372118,Pong1PCB2L336P__seed_8_1763344785
9158656,1-Training-Losses/value_loss,0.00874672643840313,Pong1PCB2L336P__seed_8_1763344785
9162752,1-Training-Losses/value_loss,0.007642513606697321,Pong1PCB2L336P__seed_8_1763344785
9166848,1-Training-Losses/value_loss,0.007147965952754021,Pong1PCB2L336P__seed_8_1763344785
9170944,1-Training-Losses/value_loss,0.010897977277636528,Pong1PCB2L336P__seed_8_1763344785
9175040,1-Training-Losses/value_loss,0.008745799772441387,Pong1PCB2L336P__seed_8_1763344785
9179136,1-Training-Losses/value_loss,0.010331900790333748,Pong1PCB2L336P__seed_8_1763344785
9183232,1-Training-Losses/value_loss,0.011183349415659904,Pong1PCB2L336P__seed_8_1763344785
9187328,1-Training-Losses/value_loss,0.008335514925420284,Pong1PCB2L336P__seed_8_1763344785
9191424,1-Training-Losses/value_loss,0.010278410278260708,Pong1PCB2L336P__seed_8_1763344785
9195520,1-Training-Losses/value_loss,0.007236734963953495,Pong1PCB2L336P__seed_8_1763344785
9199616,1-Training-Losses/value_loss,0.013170026242733002,Pong1PCB2L336P__seed_8_1763344785
9203712,1-Training-Losses/value_loss,0.007874449715018272,Pong1PCB2L336P__seed_8_1763344785
9207808,1-Training-Losses/value_loss,0.01158787403255701,Pong1PCB2L336P__seed_8_1763344785
9211904,1-Training-Losses/value_loss,0.007800338789820671,Pong1PCB2L336P__seed_8_1763344785
9216000,1-Training-Losses/value_loss,0.00543348491191864,Pong1PCB2L336P__seed_8_1763344785
9220096,1-Training-Losses/value_loss,0.009943057782948017,Pong1PCB2L336P__seed_8_1763344785
9224192,1-Training-Losses/value_loss,0.009393377229571342,Pong1PCB2L336P__seed_8_1763344785
9228288,1-Training-Losses/value_loss,0.010211396031081676,Pong1PCB2L336P__seed_8_1763344785
9232384,1-Training-Losses/value_loss,0.006770123727619648,Pong1PCB2L336P__seed_8_1763344785
9236480,1-Training-Losses/value_loss,0.00882911216467619,Pong1PCB2L336P__seed_8_1763344785
9240576,1-Training-Losses/value_loss,0.008416363969445229,Pong1PCB2L336P__seed_8_1763344785
9244672,1-Training-Losses/value_loss,0.006021675653755665,Pong1PCB2L336P__seed_8_1763344785
9248768,1-Training-Losses/value_loss,0.008345263078808784,Pong1PCB2L336P__seed_8_1763344785
9252864,1-Training-Losses/value_loss,0.007154939230531454,Pong1PCB2L336P__seed_8_1763344785
9256960,1-Training-Losses/value_loss,0.011999817565083504,Pong1PCB2L336P__seed_8_1763344785
9261056,1-Training-Losses/value_loss,0.009168066084384918,Pong1PCB2L336P__seed_8_1763344785
9265152,1-Training-Losses/value_loss,0.00828329473733902,Pong1PCB2L336P__seed_8_1763344785
9269248,1-Training-Losses/value_loss,0.007628298364579678,Pong1PCB2L336P__seed_8_1763344785
9273344,1-Training-Losses/value_loss,0.008804857730865479,Pong1PCB2L336P__seed_8_1763344785
9277440,1-Training-Losses/value_loss,0.012778901495039463,Pong1PCB2L336P__seed_8_1763344785
9281536,1-Training-Losses/value_loss,0.004674938973039389,Pong1PCB2L336P__seed_8_1763344785
9285632,1-Training-Losses/value_loss,0.009920133277773857,Pong1PCB2L336P__seed_8_1763344785
9289728,1-Training-Losses/value_loss,0.009053822606801987,Pong1PCB2L336P__seed_8_1763344785
9293824,1-Training-Losses/value_loss,0.007935380563139915,Pong1PCB2L336P__seed_8_1763344785
9297920,1-Training-Losses/value_loss,0.006975868716835976,Pong1PCB2L336P__seed_8_1763344785
9302016,1-Training-Losses/value_loss,0.008462680503726006,Pong1PCB2L336P__seed_8_1763344785
9306112,1-Training-Losses/value_loss,0.008960392326116562,Pong1PCB2L336P__seed_8_1763344785
9310208,1-Training-Losses/value_loss,0.006383278872817755,Pong1PCB2L336P__seed_8_1763344785
9314304,1-Training-Losses/value_loss,0.009215758182108402,Pong1PCB2L336P__seed_8_1763344785
9318400,1-Training-Losses/value_loss,0.00752980075776577,Pong1PCB2L336P__seed_8_1763344785
9322496,1-Training-Losses/value_loss,0.010743817314505577,Pong1PCB2L336P__seed_8_1763344785
9326592,1-Training-Losses/value_loss,0.007604630663990974,Pong1PCB2L336P__seed_8_1763344785
9330688,1-Training-Losses/value_loss,0.009033936075866222,Pong1PCB2L336P__seed_8_1763344785
9334784,1-Training-Losses/value_loss,0.010808713734149933,Pong1PCB2L336P__seed_8_1763344785
9338880,1-Training-Losses/value_loss,0.009796659462153912,Pong1PCB2L336P__seed_8_1763344785
9342976,1-Training-Losses/value_loss,0.01077193208038807,Pong1PCB2L336P__seed_8_1763344785
9347072,1-Training-Losses/value_loss,0.01029268093407154,Pong1PCB2L336P__seed_8_1763344785
9351168,1-Training-Losses/value_loss,0.004952586255967617,Pong1PCB2L336P__seed_8_1763344785
9355264,1-Training-Losses/value_loss,0.01051595713943243,Pong1PCB2L336P__seed_8_1763344785
9359360,1-Training-Losses/value_loss,0.005843590945005417,Pong1PCB2L336P__seed_8_1763344785
9363456,1-Training-Losses/value_loss,0.009403201751410961,Pong1PCB2L336P__seed_8_1763344785
9367552,1-Training-Losses/value_loss,0.008216995745897293,Pong1PCB2L336P__seed_8_1763344785
9371648,1-Training-Losses/value_loss,0.01303640753030777,Pong1PCB2L336P__seed_8_1763344785
9375744,1-Training-Losses/value_loss,0.00953952968120575,Pong1PCB2L336P__seed_8_1763344785
9379840,1-Training-Losses/value_loss,0.0075297122821211815,Pong1PCB2L336P__seed_8_1763344785
9383936,1-Training-Losses/value_loss,0.008799276314675808,Pong1PCB2L336P__seed_8_1763344785
9388032,1-Training-Losses/value_loss,0.01178869791328907,Pong1PCB2L336P__seed_8_1763344785
9392128,1-Training-Losses/value_loss,0.008801933377981186,Pong1PCB2L336P__seed_8_1763344785
9396224,1-Training-Losses/value_loss,0.006449877750128508,Pong1PCB2L336P__seed_8_1763344785
9400320,1-Training-Losses/value_loss,0.00982387363910675,Pong1PCB2L336P__seed_8_1763344785
9404416,1-Training-Losses/value_loss,0.011156510561704636,Pong1PCB2L336P__seed_8_1763344785
9408512,1-Training-Losses/value_loss,0.009001076221466064,Pong1PCB2L336P__seed_8_1763344785
9412608,1-Training-Losses/value_loss,0.012625152245163918,Pong1PCB2L336P__seed_8_1763344785
9416704,1-Training-Losses/value_loss,0.007288075052201748,Pong1PCB2L336P__seed_8_1763344785
9420800,1-Training-Losses/value_loss,0.006428084336221218,Pong1PCB2L336P__seed_8_1763344785
9424896,1-Training-Losses/value_loss,0.012300807982683182,Pong1PCB2L336P__seed_8_1763344785
9428992,1-Training-Losses/value_loss,0.0063002388924360275,Pong1PCB2L336P__seed_8_1763344785
9433088,1-Training-Losses/value_loss,0.007031811401247978,Pong1PCB2L336P__seed_8_1763344785
9437184,1-Training-Losses/value_loss,0.013368170708417892,Pong1PCB2L336P__seed_8_1763344785
9441280,1-Training-Losses/value_loss,0.010529030114412308,Pong1PCB2L336P__seed_8_1763344785
9445376,1-Training-Losses/value_loss,0.009844979271292686,Pong1PCB2L336P__seed_8_1763344785
9449472,1-Training-Losses/value_loss,0.00883912667632103,Pong1PCB2L336P__seed_8_1763344785
9453568,1-Training-Losses/value_loss,0.011856036260724068,Pong1PCB2L336P__seed_8_1763344785
9457664,1-Training-Losses/value_loss,0.011207882314920425,Pong1PCB2L336P__seed_8_1763344785
9461760,1-Training-Losses/value_loss,0.010024492628872395,Pong1PCB2L336P__seed_8_1763344785
9465856,1-Training-Losses/value_loss,0.0076706381514668465,Pong1PCB2L336P__seed_8_1763344785
9469952,1-Training-Losses/value_loss,0.010646209120750427,Pong1PCB2L336P__seed_8_1763344785
9474048,1-Training-Losses/value_loss,0.009439608082175255,Pong1PCB2L336P__seed_8_1763344785
9478144,1-Training-Losses/value_loss,0.009402189403772354,Pong1PCB2L336P__seed_8_1763344785
9482240,1-Training-Losses/value_loss,0.00631624273955822,Pong1PCB2L336P__seed_8_1763344785
9486336,1-Training-Losses/value_loss,0.008547646924853325,Pong1PCB2L336P__seed_8_1763344785
9490432,1-Training-Losses/value_loss,0.008555597625672817,Pong1PCB2L336P__seed_8_1763344785
9494528,1-Training-Losses/value_loss,0.008752014487981796,Pong1PCB2L336P__seed_8_1763344785
9498624,1-Training-Losses/value_loss,0.007980461232364178,Pong1PCB2L336P__seed_8_1763344785
9502720,1-Training-Losses/value_loss,0.009973229840397835,Pong1PCB2L336P__seed_8_1763344785
9506816,1-Training-Losses/value_loss,0.006955327466130257,Pong1PCB2L336P__seed_8_1763344785
9510912,1-Training-Losses/value_loss,0.01052415743470192,Pong1PCB2L336P__seed_8_1763344785
9515008,1-Training-Losses/value_loss,0.008981314487755299,Pong1PCB2L336P__seed_8_1763344785
9519104,1-Training-Losses/value_loss,0.007826996967196465,Pong1PCB2L336P__seed_8_1763344785
9523200,1-Training-Losses/value_loss,0.010885791853070259,Pong1PCB2L336P__seed_8_1763344785
9527296,1-Training-Losses/value_loss,0.004325040616095066,Pong1PCB2L336P__seed_8_1763344785
9531392,1-Training-Losses/value_loss,0.010177351534366608,Pong1PCB2L336P__seed_8_1763344785
9535488,1-Training-Losses/value_loss,0.008289233781397343,Pong1PCB2L336P__seed_8_1763344785
9539584,1-Training-Losses/value_loss,0.008379366248846054,Pong1PCB2L336P__seed_8_1763344785
9543680,1-Training-Losses/value_loss,0.007143528666347265,Pong1PCB2L336P__seed_8_1763344785
9547776,1-Training-Losses/value_loss,0.011406718753278255,Pong1PCB2L336P__seed_8_1763344785
9551872,1-Training-Losses/value_loss,0.007187604904174805,Pong1PCB2L336P__seed_8_1763344785
9555968,1-Training-Losses/value_loss,0.00948726199567318,Pong1PCB2L336P__seed_8_1763344785
9560064,1-Training-Losses/value_loss,0.009782625362277031,Pong1PCB2L336P__seed_8_1763344785
9564160,1-Training-Losses/value_loss,0.009819417260587215,Pong1PCB2L336P__seed_8_1763344785
9568256,1-Training-Losses/value_loss,0.011432457715272903,Pong1PCB2L336P__seed_8_1763344785
9572352,1-Training-Losses/value_loss,0.011429853737354279,Pong1PCB2L336P__seed_8_1763344785
9576448,1-Training-Losses/value_loss,0.008871527388691902,Pong1PCB2L336P__seed_8_1763344785
9580544,1-Training-Losses/value_loss,0.008716042153537273,Pong1PCB2L336P__seed_8_1763344785
9584640,1-Training-Losses/value_loss,0.0086936354637146,Pong1PCB2L336P__seed_8_1763344785
9588736,1-Training-Losses/value_loss,0.008179849945008755,Pong1PCB2L336P__seed_8_1763344785
9592832,1-Training-Losses/value_loss,0.011735426262021065,Pong1PCB2L336P__seed_8_1763344785
9596928,1-Training-Losses/value_loss,0.008190424181520939,Pong1PCB2L336P__seed_8_1763344785
9601024,1-Training-Losses/value_loss,0.00794227421283722,Pong1PCB2L336P__seed_8_1763344785
9605120,1-Training-Losses/value_loss,0.009303392842411995,Pong1PCB2L336P__seed_8_1763344785
9609216,1-Training-Losses/value_loss,0.00759917963296175,Pong1PCB2L336P__seed_8_1763344785
9613312,1-Training-Losses/value_loss,0.007116946391761303,Pong1PCB2L336P__seed_8_1763344785
9617408,1-Training-Losses/value_loss,0.008437059819698334,Pong1PCB2L336P__seed_8_1763344785
9621504,1-Training-Losses/value_loss,0.010063574649393559,Pong1PCB2L336P__seed_8_1763344785
9625600,1-Training-Losses/value_loss,0.00902955699712038,Pong1PCB2L336P__seed_8_1763344785
9629696,1-Training-Losses/value_loss,0.008952188305556774,Pong1PCB2L336P__seed_8_1763344785
9633792,1-Training-Losses/value_loss,0.008457577787339687,Pong1PCB2L336P__seed_8_1763344785
9637888,1-Training-Losses/value_loss,0.007917264476418495,Pong1PCB2L336P__seed_8_1763344785
9641984,1-Training-Losses/value_loss,0.011629419401288033,Pong1PCB2L336P__seed_8_1763344785
9646080,1-Training-Losses/value_loss,0.009287994354963303,Pong1PCB2L336P__seed_8_1763344785
9650176,1-Training-Losses/value_loss,0.007277227938175201,Pong1PCB2L336P__seed_8_1763344785
9654272,1-Training-Losses/value_loss,0.006921559572219849,Pong1PCB2L336P__seed_8_1763344785
9658368,1-Training-Losses/value_loss,0.012613218277692795,Pong1PCB2L336P__seed_8_1763344785
9662464,1-Training-Losses/value_loss,0.009222988970577717,Pong1PCB2L336P__seed_8_1763344785
9666560,1-Training-Losses/value_loss,0.010667008347809315,Pong1PCB2L336P__seed_8_1763344785
9670656,1-Training-Losses/value_loss,0.01031763106584549,Pong1PCB2L336P__seed_8_1763344785
9674752,1-Training-Losses/value_loss,0.00849052146077156,Pong1PCB2L336P__seed_8_1763344785
9678848,1-Training-Losses/value_loss,0.01073811948299408,Pong1PCB2L336P__seed_8_1763344785
9682944,1-Training-Losses/value_loss,0.007430410943925381,Pong1PCB2L336P__seed_8_1763344785
9687040,1-Training-Losses/value_loss,0.00782481487840414,Pong1PCB2L336P__seed_8_1763344785
9691136,1-Training-Losses/value_loss,0.008890973404049873,Pong1PCB2L336P__seed_8_1763344785
9695232,1-Training-Losses/value_loss,0.011083751916885376,Pong1PCB2L336P__seed_8_1763344785
9699328,1-Training-Losses/value_loss,0.011102354153990746,Pong1PCB2L336P__seed_8_1763344785
9703424,1-Training-Losses/value_loss,0.008235180750489235,Pong1PCB2L336P__seed_8_1763344785
9707520,1-Training-Losses/value_loss,0.009227795526385307,Pong1PCB2L336P__seed_8_1763344785
9711616,1-Training-Losses/value_loss,0.0103873610496521,Pong1PCB2L336P__seed_8_1763344785
9715712,1-Training-Losses/value_loss,0.008951058611273766,Pong1PCB2L336P__seed_8_1763344785
9719808,1-Training-Losses/value_loss,0.010575981810688972,Pong1PCB2L336P__seed_8_1763344785
9723904,1-Training-Losses/value_loss,0.008173318579792976,Pong1PCB2L336P__seed_8_1763344785
9728000,1-Training-Losses/value_loss,0.010247167199850082,Pong1PCB2L336P__seed_8_1763344785
9732096,1-Training-Losses/value_loss,0.0079878531396389,Pong1PCB2L336P__seed_8_1763344785
9736192,1-Training-Losses/value_loss,0.006783276330679655,Pong1PCB2L336P__seed_8_1763344785
9740288,1-Training-Losses/value_loss,0.010970531031489372,Pong1PCB2L336P__seed_8_1763344785
9744384,1-Training-Losses/value_loss,0.009444104507565498,Pong1PCB2L336P__seed_8_1763344785
9748480,1-Training-Losses/value_loss,0.006330335978418589,Pong1PCB2L336P__seed_8_1763344785
9752576,1-Training-Losses/value_loss,0.012598009780049324,Pong1PCB2L336P__seed_8_1763344785
9756672,1-Training-Losses/value_loss,0.009909046813845634,Pong1PCB2L336P__seed_8_1763344785
9760768,1-Training-Losses/value_loss,0.006019115447998047,Pong1PCB2L336P__seed_8_1763344785
9764864,1-Training-Losses/value_loss,0.007239975966513157,Pong1PCB2L336P__seed_8_1763344785
9768960,1-Training-Losses/value_loss,0.011030877009034157,Pong1PCB2L336P__seed_8_1763344785
9773056,1-Training-Losses/value_loss,0.007545884698629379,Pong1PCB2L336P__seed_8_1763344785
9777152,1-Training-Losses/value_loss,0.009571879170835018,Pong1PCB2L336P__seed_8_1763344785
9781248,1-Training-Losses/value_loss,0.008781042881309986,Pong1PCB2L336P__seed_8_1763344785
9785344,1-Training-Losses/value_loss,0.010787534527480602,Pong1PCB2L336P__seed_8_1763344785
9789440,1-Training-Losses/value_loss,0.01041221059858799,Pong1PCB2L336P__seed_8_1763344785
9793536,1-Training-Losses/value_loss,0.008926629088819027,Pong1PCB2L336P__seed_8_1763344785
9797632,1-Training-Losses/value_loss,0.008729252964258194,Pong1PCB2L336P__seed_8_1763344785
9801728,1-Training-Losses/value_loss,0.010644925758242607,Pong1PCB2L336P__seed_8_1763344785
9805824,1-Training-Losses/value_loss,0.008929962292313576,Pong1PCB2L336P__seed_8_1763344785
9809920,1-Training-Losses/value_loss,0.011082859709858894,Pong1PCB2L336P__seed_8_1763344785
9814016,1-Training-Losses/value_loss,0.008068910799920559,Pong1PCB2L336P__seed_8_1763344785
9818112,1-Training-Losses/value_loss,0.009052982553839684,Pong1PCB2L336P__seed_8_1763344785
9822208,1-Training-Losses/value_loss,0.013626769185066223,Pong1PCB2L336P__seed_8_1763344785
9826304,1-Training-Losses/value_loss,0.0076781464740633965,Pong1PCB2L336P__seed_8_1763344785
9830400,1-Training-Losses/value_loss,0.009327853098511696,Pong1PCB2L336P__seed_8_1763344785
9834496,1-Training-Losses/value_loss,0.008326811715960503,Pong1PCB2L336P__seed_8_1763344785
9838592,1-Training-Losses/value_loss,0.008611886762082577,Pong1PCB2L336P__seed_8_1763344785
9842688,1-Training-Losses/value_loss,0.008968320675194263,Pong1PCB2L336P__seed_8_1763344785
9846784,1-Training-Losses/value_loss,0.009018187411129475,Pong1PCB2L336P__seed_8_1763344785
9850880,1-Training-Losses/value_loss,0.01092758309096098,Pong1PCB2L336P__seed_8_1763344785
9854976,1-Training-Losses/value_loss,0.0057319942861795425,Pong1PCB2L336P__seed_8_1763344785
9859072,1-Training-Losses/value_loss,0.010801204480230808,Pong1PCB2L336P__seed_8_1763344785
9863168,1-Training-Losses/value_loss,0.005747445859014988,Pong1PCB2L336P__seed_8_1763344785
9867264,1-Training-Losses/value_loss,0.007461797911673784,Pong1PCB2L336P__seed_8_1763344785
9871360,1-Training-Losses/value_loss,0.00782809592783451,Pong1PCB2L336P__seed_8_1763344785
9875456,1-Training-Losses/value_loss,0.009781751781702042,Pong1PCB2L336P__seed_8_1763344785
9879552,1-Training-Losses/value_loss,0.00925300270318985,Pong1PCB2L336P__seed_8_1763344785
9883648,1-Training-Losses/value_loss,0.00808099377900362,Pong1PCB2L336P__seed_8_1763344785
9887744,1-Training-Losses/value_loss,0.008466597646474838,Pong1PCB2L336P__seed_8_1763344785
9891840,1-Training-Losses/value_loss,0.010521313175559044,Pong1PCB2L336P__seed_8_1763344785
9895936,1-Training-Losses/value_loss,0.005867883563041687,Pong1PCB2L336P__seed_8_1763344785
9900032,1-Training-Losses/value_loss,0.0060004969127476215,Pong1PCB2L336P__seed_8_1763344785
9904128,1-Training-Losses/value_loss,0.008375021629035473,Pong1PCB2L336P__seed_8_1763344785
9908224,1-Training-Losses/value_loss,0.009087767452001572,Pong1PCB2L336P__seed_8_1763344785
9912320,1-Training-Losses/value_loss,0.007480901665985584,Pong1PCB2L336P__seed_8_1763344785
9916416,1-Training-Losses/value_loss,0.013137491419911385,Pong1PCB2L336P__seed_8_1763344785
9920512,1-Training-Losses/value_loss,0.008799770846962929,Pong1PCB2L336P__seed_8_1763344785
9924608,1-Training-Losses/value_loss,0.007929018698632717,Pong1PCB2L336P__seed_8_1763344785
9928704,1-Training-Losses/value_loss,0.012102551758289337,Pong1PCB2L336P__seed_8_1763344785
9932800,1-Training-Losses/value_loss,0.0067301103845238686,Pong1PCB2L336P__seed_8_1763344785
9936896,1-Training-Losses/value_loss,0.0070402966812253,Pong1PCB2L336P__seed_8_1763344785
9940992,1-Training-Losses/value_loss,0.008098985999822617,Pong1PCB2L336P__seed_8_1763344785
9945088,1-Training-Losses/value_loss,0.01030755415558815,Pong1PCB2L336P__seed_8_1763344785
9949184,1-Training-Losses/value_loss,0.009230704978108406,Pong1PCB2L336P__seed_8_1763344785
9953280,1-Training-Losses/value_loss,0.007509061135351658,Pong1PCB2L336P__seed_8_1763344785
9957376,1-Training-Losses/value_loss,0.008196275681257248,Pong1PCB2L336P__seed_8_1763344785
9961472,1-Training-Losses/value_loss,0.010670855641365051,Pong1PCB2L336P__seed_8_1763344785
9965568,1-Training-Losses/value_loss,0.010353479534387589,Pong1PCB2L336P__seed_8_1763344785
9969664,1-Training-Losses/value_loss,0.009569541551172733,Pong1PCB2L336P__seed_8_1763344785
9973760,1-Training-Losses/value_loss,0.008506465703248978,Pong1PCB2L336P__seed_8_1763344785
9977856,1-Training-Losses/value_loss,0.01045309379696846,Pong1PCB2L336P__seed_8_1763344785
9981952,1-Training-Losses/value_loss,0.0069505018182098866,Pong1PCB2L336P__seed_8_1763344785
9986048,1-Training-Losses/value_loss,0.00592799112200737,Pong1PCB2L336P__seed_8_1763344785
9990144,1-Training-Losses/value_loss,0.010578015819191933,Pong1PCB2L336P__seed_8_1763344785
9994240,1-Training-Losses/value_loss,0.009064249694347382,Pong1PCB2L336P__seed_8_1763344785
9998336,1-Training-Losses/value_loss,0.0092586949467659,Pong1PCB2L336P__seed_8_1763344785
4096,2-Training-Stats/SPS,3966.0,Pong1PCB2L336P__seed_8_1763344785
8192,2-Training-Stats/SPS,4733.0,Pong1PCB2L336P__seed_8_1763344785
12288,2-Training-Stats/SPS,4990.0,Pong1PCB2L336P__seed_8_1763344785
16384,2-Training-Stats/SPS,5124.0,Pong1PCB2L336P__seed_8_1763344785
20480,2-Training-Stats/SPS,5207.0,Pong1PCB2L336P__seed_8_1763344785
24576,2-Training-Stats/SPS,5265.0,Pong1PCB2L336P__seed_8_1763344785
28672,2-Training-Stats/SPS,5309.0,Pong1PCB2L336P__seed_8_1763344785
32768,2-Training-Stats/SPS,5341.0,Pong1PCB2L336P__seed_8_1763344785
36864,2-Training-Stats/SPS,5367.0,Pong1PCB2L336P__seed_8_1763344785
40960,2-Training-Stats/SPS,5389.0,Pong1PCB2L336P__seed_8_1763344785
45056,2-Training-Stats/SPS,5407.0,Pong1PCB2L336P__seed_8_1763344785
49152,2-Training-Stats/SPS,5421.0,Pong1PCB2L336P__seed_8_1763344785
53248,2-Training-Stats/SPS,5431.0,Pong1PCB2L336P__seed_8_1763344785
57344,2-Training-Stats/SPS,5441.0,Pong1PCB2L336P__seed_8_1763344785
61440,2-Training-Stats/SPS,5451.0,Pong1PCB2L336P__seed_8_1763344785
65536,2-Training-Stats/SPS,5456.0,Pong1PCB2L336P__seed_8_1763344785
69632,2-Training-Stats/SPS,5465.0,Pong1PCB2L336P__seed_8_1763344785
73728,2-Training-Stats/SPS,5471.0,Pong1PCB2L336P__seed_8_1763344785
77824,2-Training-Stats/SPS,5476.0,Pong1PCB2L336P__seed_8_1763344785
81920,2-Training-Stats/SPS,5482.0,Pong1PCB2L336P__seed_8_1763344785
86016,2-Training-Stats/SPS,5485.0,Pong1PCB2L336P__seed_8_1763344785
90112,2-Training-Stats/SPS,5488.0,Pong1PCB2L336P__seed_8_1763344785
94208,2-Training-Stats/SPS,5490.0,Pong1PCB2L336P__seed_8_1763344785
98304,2-Training-Stats/SPS,5493.0,Pong1PCB2L336P__seed_8_1763344785
102400,2-Training-Stats/SPS,5495.0,Pong1PCB2L336P__seed_8_1763344785
106496,2-Training-Stats/SPS,5498.0,Pong1PCB2L336P__seed_8_1763344785
110592,2-Training-Stats/SPS,5500.0,Pong1PCB2L336P__seed_8_1763344785
114688,2-Training-Stats/SPS,5501.0,Pong1PCB2L336P__seed_8_1763344785
118784,2-Training-Stats/SPS,5504.0,Pong1PCB2L336P__seed_8_1763344785
122880,2-Training-Stats/SPS,5505.0,Pong1PCB2L336P__seed_8_1763344785
126976,2-Training-Stats/SPS,5506.0,Pong1PCB2L336P__seed_8_1763344785
131072,2-Training-Stats/SPS,5508.0,Pong1PCB2L336P__seed_8_1763344785
135168,2-Training-Stats/SPS,5510.0,Pong1PCB2L336P__seed_8_1763344785
139264,2-Training-Stats/SPS,5511.0,Pong1PCB2L336P__seed_8_1763344785
143360,2-Training-Stats/SPS,5512.0,Pong1PCB2L336P__seed_8_1763344785
147456,2-Training-Stats/SPS,5512.0,Pong1PCB2L336P__seed_8_1763344785
151552,2-Training-Stats/SPS,5513.0,Pong1PCB2L336P__seed_8_1763344785
155648,2-Training-Stats/SPS,5514.0,Pong1PCB2L336P__seed_8_1763344785
159744,2-Training-Stats/SPS,5515.0,Pong1PCB2L336P__seed_8_1763344785
163840,2-Training-Stats/SPS,5515.0,Pong1PCB2L336P__seed_8_1763344785
167936,2-Training-Stats/SPS,5515.0,Pong1PCB2L336P__seed_8_1763344785
172032,2-Training-Stats/SPS,5516.0,Pong1PCB2L336P__seed_8_1763344785
176128,2-Training-Stats/SPS,5517.0,Pong1PCB2L336P__seed_8_1763344785
180224,2-Training-Stats/SPS,5518.0,Pong1PCB2L336P__seed_8_1763344785
184320,2-Training-Stats/SPS,5519.0,Pong1PCB2L336P__seed_8_1763344785
188416,2-Training-Stats/SPS,5519.0,Pong1PCB2L336P__seed_8_1763344785
192512,2-Training-Stats/SPS,5520.0,Pong1PCB2L336P__seed_8_1763344785
196608,2-Training-Stats/SPS,5521.0,Pong1PCB2L336P__seed_8_1763344785
200704,2-Training-Stats/SPS,5521.0,Pong1PCB2L336P__seed_8_1763344785
204800,2-Training-Stats/SPS,5522.0,Pong1PCB2L336P__seed_8_1763344785
208896,2-Training-Stats/SPS,5523.0,Pong1PCB2L336P__seed_8_1763344785
212992,2-Training-Stats/SPS,5524.0,Pong1PCB2L336P__seed_8_1763344785
217088,2-Training-Stats/SPS,5524.0,Pong1PCB2L336P__seed_8_1763344785
221184,2-Training-Stats/SPS,5524.0,Pong1PCB2L336P__seed_8_1763344785
225280,2-Training-Stats/SPS,5524.0,Pong1PCB2L336P__seed_8_1763344785
229376,2-Training-Stats/SPS,5524.0,Pong1PCB2L336P__seed_8_1763344785
233472,2-Training-Stats/SPS,5524.0,Pong1PCB2L336P__seed_8_1763344785
237568,2-Training-Stats/SPS,5524.0,Pong1PCB2L336P__seed_8_1763344785
241664,2-Training-Stats/SPS,5524.0,Pong1PCB2L336P__seed_8_1763344785
245760,2-Training-Stats/SPS,5524.0,Pong1PCB2L336P__seed_8_1763344785
249856,2-Training-Stats/SPS,5524.0,Pong1PCB2L336P__seed_8_1763344785
253952,2-Training-Stats/SPS,5524.0,Pong1PCB2L336P__seed_8_1763344785
258048,2-Training-Stats/SPS,5524.0,Pong1PCB2L336P__seed_8_1763344785
262144,2-Training-Stats/SPS,5525.0,Pong1PCB2L336P__seed_8_1763344785
266240,2-Training-Stats/SPS,5525.0,Pong1PCB2L336P__seed_8_1763344785
270336,2-Training-Stats/SPS,5525.0,Pong1PCB2L336P__seed_8_1763344785
274432,2-Training-Stats/SPS,5526.0,Pong1PCB2L336P__seed_8_1763344785
278528,2-Training-Stats/SPS,5526.0,Pong1PCB2L336P__seed_8_1763344785
282624,2-Training-Stats/SPS,5526.0,Pong1PCB2L336P__seed_8_1763344785
286720,2-Training-Stats/SPS,5526.0,Pong1PCB2L336P__seed_8_1763344785
290816,2-Training-Stats/SPS,5526.0,Pong1PCB2L336P__seed_8_1763344785
294912,2-Training-Stats/SPS,5527.0,Pong1PCB2L336P__seed_8_1763344785
299008,2-Training-Stats/SPS,5526.0,Pong1PCB2L336P__seed_8_1763344785
303104,2-Training-Stats/SPS,5526.0,Pong1PCB2L336P__seed_8_1763344785
307200,2-Training-Stats/SPS,5527.0,Pong1PCB2L336P__seed_8_1763344785
311296,2-Training-Stats/SPS,5527.0,Pong1PCB2L336P__seed_8_1763344785
315392,2-Training-Stats/SPS,5527.0,Pong1PCB2L336P__seed_8_1763344785
319488,2-Training-Stats/SPS,5527.0,Pong1PCB2L336P__seed_8_1763344785
323584,2-Training-Stats/SPS,5527.0,Pong1PCB2L336P__seed_8_1763344785
327680,2-Training-Stats/SPS,5527.0,Pong1PCB2L336P__seed_8_1763344785
331776,2-Training-Stats/SPS,5527.0,Pong1PCB2L336P__seed_8_1763344785
335872,2-Training-Stats/SPS,5527.0,Pong1PCB2L336P__seed_8_1763344785
339968,2-Training-Stats/SPS,5528.0,Pong1PCB2L336P__seed_8_1763344785
344064,2-Training-Stats/SPS,5528.0,Pong1PCB2L336P__seed_8_1763344785
348160,2-Training-Stats/SPS,5528.0,Pong1PCB2L336P__seed_8_1763344785
352256,2-Training-Stats/SPS,5528.0,Pong1PCB2L336P__seed_8_1763344785
356352,2-Training-Stats/SPS,5529.0,Pong1PCB2L336P__seed_8_1763344785
360448,2-Training-Stats/SPS,5529.0,Pong1PCB2L336P__seed_8_1763344785
364544,2-Training-Stats/SPS,5529.0,Pong1PCB2L336P__seed_8_1763344785
368640,2-Training-Stats/SPS,5529.0,Pong1PCB2L336P__seed_8_1763344785
372736,2-Training-Stats/SPS,5530.0,Pong1PCB2L336P__seed_8_1763344785
376832,2-Training-Stats/SPS,5530.0,Pong1PCB2L336P__seed_8_1763344785
380928,2-Training-Stats/SPS,5530.0,Pong1PCB2L336P__seed_8_1763344785
385024,2-Training-Stats/SPS,5530.0,Pong1PCB2L336P__seed_8_1763344785
389120,2-Training-Stats/SPS,5530.0,Pong1PCB2L336P__seed_8_1763344785
393216,2-Training-Stats/SPS,5530.0,Pong1PCB2L336P__seed_8_1763344785
397312,2-Training-Stats/SPS,5529.0,Pong1PCB2L336P__seed_8_1763344785
401408,2-Training-Stats/SPS,5530.0,Pong1PCB2L336P__seed_8_1763344785
405504,2-Training-Stats/SPS,5529.0,Pong1PCB2L336P__seed_8_1763344785
409600,2-Training-Stats/SPS,5529.0,Pong1PCB2L336P__seed_8_1763344785
413696,2-Training-Stats/SPS,5529.0,Pong1PCB2L336P__seed_8_1763344785
417792,2-Training-Stats/SPS,5529.0,Pong1PCB2L336P__seed_8_1763344785
421888,2-Training-Stats/SPS,5529.0,Pong1PCB2L336P__seed_8_1763344785
425984,2-Training-Stats/SPS,5529.0,Pong1PCB2L336P__seed_8_1763344785
430080,2-Training-Stats/SPS,5529.0,Pong1PCB2L336P__seed_8_1763344785
434176,2-Training-Stats/SPS,5529.0,Pong1PCB2L336P__seed_8_1763344785
438272,2-Training-Stats/SPS,5529.0,Pong1PCB2L336P__seed_8_1763344785
442368,2-Training-Stats/SPS,5529.0,Pong1PCB2L336P__seed_8_1763344785
446464,2-Training-Stats/SPS,5529.0,Pong1PCB2L336P__seed_8_1763344785
450560,2-Training-Stats/SPS,5529.0,Pong1PCB2L336P__seed_8_1763344785
454656,2-Training-Stats/SPS,5528.0,Pong1PCB2L336P__seed_8_1763344785
458752,2-Training-Stats/SPS,5528.0,Pong1PCB2L336P__seed_8_1763344785
462848,2-Training-Stats/SPS,5528.0,Pong1PCB2L336P__seed_8_1763344785
466944,2-Training-Stats/SPS,5528.0,Pong1PCB2L336P__seed_8_1763344785
471040,2-Training-Stats/SPS,5528.0,Pong1PCB2L336P__seed_8_1763344785
475136,2-Training-Stats/SPS,5527.0,Pong1PCB2L336P__seed_8_1763344785
479232,2-Training-Stats/SPS,5527.0,Pong1PCB2L336P__seed_8_1763344785
483328,2-Training-Stats/SPS,5527.0,Pong1PCB2L336P__seed_8_1763344785
487424,2-Training-Stats/SPS,5527.0,Pong1PCB2L336P__seed_8_1763344785
491520,2-Training-Stats/SPS,5527.0,Pong1PCB2L336P__seed_8_1763344785
495616,2-Training-Stats/SPS,5527.0,Pong1PCB2L336P__seed_8_1763344785
499712,2-Training-Stats/SPS,5527.0,Pong1PCB2L336P__seed_8_1763344785
503808,2-Training-Stats/SPS,5527.0,Pong1PCB2L336P__seed_8_1763344785
507904,2-Training-Stats/SPS,5527.0,Pong1PCB2L336P__seed_8_1763344785
512000,2-Training-Stats/SPS,5527.0,Pong1PCB2L336P__seed_8_1763344785
516096,2-Training-Stats/SPS,5527.0,Pong1PCB2L336P__seed_8_1763344785
520192,2-Training-Stats/SPS,5527.0,Pong1PCB2L336P__seed_8_1763344785
524288,2-Training-Stats/SPS,5526.0,Pong1PCB2L336P__seed_8_1763344785
528384,2-Training-Stats/SPS,5526.0,Pong1PCB2L336P__seed_8_1763344785
532480,2-Training-Stats/SPS,5527.0,Pong1PCB2L336P__seed_8_1763344785
536576,2-Training-Stats/SPS,5526.0,Pong1PCB2L336P__seed_8_1763344785
540672,2-Training-Stats/SPS,5526.0,Pong1PCB2L336P__seed_8_1763344785
544768,2-Training-Stats/SPS,5526.0,Pong1PCB2L336P__seed_8_1763344785
548864,2-Training-Stats/SPS,5526.0,Pong1PCB2L336P__seed_8_1763344785
552960,2-Training-Stats/SPS,5526.0,Pong1PCB2L336P__seed_8_1763344785
557056,2-Training-Stats/SPS,5526.0,Pong1PCB2L336P__seed_8_1763344785
561152,2-Training-Stats/SPS,5526.0,Pong1PCB2L336P__seed_8_1763344785
565248,2-Training-Stats/SPS,5526.0,Pong1PCB2L336P__seed_8_1763344785
569344,2-Training-Stats/SPS,5526.0,Pong1PCB2L336P__seed_8_1763344785
573440,2-Training-Stats/SPS,5526.0,Pong1PCB2L336P__seed_8_1763344785
577536,2-Training-Stats/SPS,5526.0,Pong1PCB2L336P__seed_8_1763344785
581632,2-Training-Stats/SPS,5525.0,Pong1PCB2L336P__seed_8_1763344785
585728,2-Training-Stats/SPS,5526.0,Pong1PCB2L336P__seed_8_1763344785
589824,2-Training-Stats/SPS,5525.0,Pong1PCB2L336P__seed_8_1763344785
593920,2-Training-Stats/SPS,5525.0,Pong1PCB2L336P__seed_8_1763344785
598016,2-Training-Stats/SPS,5525.0,Pong1PCB2L336P__seed_8_1763344785
602112,2-Training-Stats/SPS,5525.0,Pong1PCB2L336P__seed_8_1763344785
606208,2-Training-Stats/SPS,5525.0,Pong1PCB2L336P__seed_8_1763344785
610304,2-Training-Stats/SPS,5525.0,Pong1PCB2L336P__seed_8_1763344785
614400,2-Training-Stats/SPS,5525.0,Pong1PCB2L336P__seed_8_1763344785
618496,2-Training-Stats/SPS,5524.0,Pong1PCB2L336P__seed_8_1763344785
622592,2-Training-Stats/SPS,5524.0,Pong1PCB2L336P__seed_8_1763344785
626688,2-Training-Stats/SPS,5524.0,Pong1PCB2L336P__seed_8_1763344785
630784,2-Training-Stats/SPS,5524.0,Pong1PCB2L336P__seed_8_1763344785
634880,2-Training-Stats/SPS,5524.0,Pong1PCB2L336P__seed_8_1763344785
638976,2-Training-Stats/SPS,5523.0,Pong1PCB2L336P__seed_8_1763344785
643072,2-Training-Stats/SPS,5523.0,Pong1PCB2L336P__seed_8_1763344785
647168,2-Training-Stats/SPS,5523.0,Pong1PCB2L336P__seed_8_1763344785
651264,2-Training-Stats/SPS,5523.0,Pong1PCB2L336P__seed_8_1763344785
655360,2-Training-Stats/SPS,5523.0,Pong1PCB2L336P__seed_8_1763344785
659456,2-Training-Stats/SPS,5523.0,Pong1PCB2L336P__seed_8_1763344785
663552,2-Training-Stats/SPS,5523.0,Pong1PCB2L336P__seed_8_1763344785
667648,2-Training-Stats/SPS,5523.0,Pong1PCB2L336P__seed_8_1763344785
671744,2-Training-Stats/SPS,5523.0,Pong1PCB2L336P__seed_8_1763344785
675840,2-Training-Stats/SPS,5522.0,Pong1PCB2L336P__seed_8_1763344785
679936,2-Training-Stats/SPS,5522.0,Pong1PCB2L336P__seed_8_1763344785
684032,2-Training-Stats/SPS,5522.0,Pong1PCB2L336P__seed_8_1763344785
688128,2-Training-Stats/SPS,5522.0,Pong1PCB2L336P__seed_8_1763344785
692224,2-Training-Stats/SPS,5522.0,Pong1PCB2L336P__seed_8_1763344785
696320,2-Training-Stats/SPS,5522.0,Pong1PCB2L336P__seed_8_1763344785
700416,2-Training-Stats/SPS,5522.0,Pong1PCB2L336P__seed_8_1763344785
704512,2-Training-Stats/SPS,5522.0,Pong1PCB2L336P__seed_8_1763344785
708608,2-Training-Stats/SPS,5522.0,Pong1PCB2L336P__seed_8_1763344785
712704,2-Training-Stats/SPS,5522.0,Pong1PCB2L336P__seed_8_1763344785
716800,2-Training-Stats/SPS,5521.0,Pong1PCB2L336P__seed_8_1763344785
720896,2-Training-Stats/SPS,5521.0,Pong1PCB2L336P__seed_8_1763344785
724992,2-Training-Stats/SPS,5521.0,Pong1PCB2L336P__seed_8_1763344785
729088,2-Training-Stats/SPS,5521.0,Pong1PCB2L336P__seed_8_1763344785
733184,2-Training-Stats/SPS,5521.0,Pong1PCB2L336P__seed_8_1763344785
737280,2-Training-Stats/SPS,5521.0,Pong1PCB2L336P__seed_8_1763344785
741376,2-Training-Stats/SPS,5521.0,Pong1PCB2L336P__seed_8_1763344785
745472,2-Training-Stats/SPS,5521.0,Pong1PCB2L336P__seed_8_1763344785
749568,2-Training-Stats/SPS,5521.0,Pong1PCB2L336P__seed_8_1763344785
753664,2-Training-Stats/SPS,5521.0,Pong1PCB2L336P__seed_8_1763344785
757760,2-Training-Stats/SPS,5521.0,Pong1PCB2L336P__seed_8_1763344785
761856,2-Training-Stats/SPS,5520.0,Pong1PCB2L336P__seed_8_1763344785
765952,2-Training-Stats/SPS,5520.0,Pong1PCB2L336P__seed_8_1763344785
770048,2-Training-Stats/SPS,5520.0,Pong1PCB2L336P__seed_8_1763344785
774144,2-Training-Stats/SPS,5520.0,Pong1PCB2L336P__seed_8_1763344785
778240,2-Training-Stats/SPS,5520.0,Pong1PCB2L336P__seed_8_1763344785
782336,2-Training-Stats/SPS,5520.0,Pong1PCB2L336P__seed_8_1763344785
786432,2-Training-Stats/SPS,5520.0,Pong1PCB2L336P__seed_8_1763344785
790528,2-Training-Stats/SPS,5519.0,Pong1PCB2L336P__seed_8_1763344785
794624,2-Training-Stats/SPS,5519.0,Pong1PCB2L336P__seed_8_1763344785
798720,2-Training-Stats/SPS,5520.0,Pong1PCB2L336P__seed_8_1763344785
802816,2-Training-Stats/SPS,5520.0,Pong1PCB2L336P__seed_8_1763344785
806912,2-Training-Stats/SPS,5519.0,Pong1PCB2L336P__seed_8_1763344785
811008,2-Training-Stats/SPS,5519.0,Pong1PCB2L336P__seed_8_1763344785
815104,2-Training-Stats/SPS,5519.0,Pong1PCB2L336P__seed_8_1763344785
819200,2-Training-Stats/SPS,5519.0,Pong1PCB2L336P__seed_8_1763344785
823296,2-Training-Stats/SPS,5519.0,Pong1PCB2L336P__seed_8_1763344785
827392,2-Training-Stats/SPS,5519.0,Pong1PCB2L336P__seed_8_1763344785
831488,2-Training-Stats/SPS,5519.0,Pong1PCB2L336P__seed_8_1763344785
835584,2-Training-Stats/SPS,5519.0,Pong1PCB2L336P__seed_8_1763344785
839680,2-Training-Stats/SPS,5519.0,Pong1PCB2L336P__seed_8_1763344785
843776,2-Training-Stats/SPS,5519.0,Pong1PCB2L336P__seed_8_1763344785
847872,2-Training-Stats/SPS,5519.0,Pong1PCB2L336P__seed_8_1763344785
851968,2-Training-Stats/SPS,5519.0,Pong1PCB2L336P__seed_8_1763344785
856064,2-Training-Stats/SPS,5518.0,Pong1PCB2L336P__seed_8_1763344785
860160,2-Training-Stats/SPS,5518.0,Pong1PCB2L336P__seed_8_1763344785
864256,2-Training-Stats/SPS,5518.0,Pong1PCB2L336P__seed_8_1763344785
868352,2-Training-Stats/SPS,5518.0,Pong1PCB2L336P__seed_8_1763344785
872448,2-Training-Stats/SPS,5518.0,Pong1PCB2L336P__seed_8_1763344785
876544,2-Training-Stats/SPS,5518.0,Pong1PCB2L336P__seed_8_1763344785
880640,2-Training-Stats/SPS,5518.0,Pong1PCB2L336P__seed_8_1763344785
884736,2-Training-Stats/SPS,5518.0,Pong1PCB2L336P__seed_8_1763344785
888832,2-Training-Stats/SPS,5518.0,Pong1PCB2L336P__seed_8_1763344785
892928,2-Training-Stats/SPS,5518.0,Pong1PCB2L336P__seed_8_1763344785
897024,2-Training-Stats/SPS,5518.0,Pong1PCB2L336P__seed_8_1763344785
901120,2-Training-Stats/SPS,5518.0,Pong1PCB2L336P__seed_8_1763344785
905216,2-Training-Stats/SPS,5518.0,Pong1PCB2L336P__seed_8_1763344785
909312,2-Training-Stats/SPS,5517.0,Pong1PCB2L336P__seed_8_1763344785
913408,2-Training-Stats/SPS,5517.0,Pong1PCB2L336P__seed_8_1763344785
917504,2-Training-Stats/SPS,5517.0,Pong1PCB2L336P__seed_8_1763344785
921600,2-Training-Stats/SPS,5517.0,Pong1PCB2L336P__seed_8_1763344785
925696,2-Training-Stats/SPS,5517.0,Pong1PCB2L336P__seed_8_1763344785
929792,2-Training-Stats/SPS,5517.0,Pong1PCB2L336P__seed_8_1763344785
933888,2-Training-Stats/SPS,5516.0,Pong1PCB2L336P__seed_8_1763344785
937984,2-Training-Stats/SPS,5516.0,Pong1PCB2L336P__seed_8_1763344785
942080,2-Training-Stats/SPS,5516.0,Pong1PCB2L336P__seed_8_1763344785
946176,2-Training-Stats/SPS,5516.0,Pong1PCB2L336P__seed_8_1763344785
950272,2-Training-Stats/SPS,5516.0,Pong1PCB2L336P__seed_8_1763344785
954368,2-Training-Stats/SPS,5517.0,Pong1PCB2L336P__seed_8_1763344785
958464,2-Training-Stats/SPS,5516.0,Pong1PCB2L336P__seed_8_1763344785
962560,2-Training-Stats/SPS,5516.0,Pong1PCB2L336P__seed_8_1763344785
966656,2-Training-Stats/SPS,5516.0,Pong1PCB2L336P__seed_8_1763344785
970752,2-Training-Stats/SPS,5516.0,Pong1PCB2L336P__seed_8_1763344785
974848,2-Training-Stats/SPS,5516.0,Pong1PCB2L336P__seed_8_1763344785
978944,2-Training-Stats/SPS,5516.0,Pong1PCB2L336P__seed_8_1763344785
983040,2-Training-Stats/SPS,5516.0,Pong1PCB2L336P__seed_8_1763344785
987136,2-Training-Stats/SPS,5516.0,Pong1PCB2L336P__seed_8_1763344785
991232,2-Training-Stats/SPS,5516.0,Pong1PCB2L336P__seed_8_1763344785
995328,2-Training-Stats/SPS,5516.0,Pong1PCB2L336P__seed_8_1763344785
999424,2-Training-Stats/SPS,5516.0,Pong1PCB2L336P__seed_8_1763344785
1003520,2-Training-Stats/SPS,5516.0,Pong1PCB2L336P__seed_8_1763344785
1007616,2-Training-Stats/SPS,5516.0,Pong1PCB2L336P__seed_8_1763344785
1011712,2-Training-Stats/SPS,5516.0,Pong1PCB2L336P__seed_8_1763344785
1015808,2-Training-Stats/SPS,5516.0,Pong1PCB2L336P__seed_8_1763344785
1019904,2-Training-Stats/SPS,5516.0,Pong1PCB2L336P__seed_8_1763344785
1024000,2-Training-Stats/SPS,5516.0,Pong1PCB2L336P__seed_8_1763344785
1028096,2-Training-Stats/SPS,5516.0,Pong1PCB2L336P__seed_8_1763344785
1032192,2-Training-Stats/SPS,5516.0,Pong1PCB2L336P__seed_8_1763344785
1036288,2-Training-Stats/SPS,5516.0,Pong1PCB2L336P__seed_8_1763344785
1040384,2-Training-Stats/SPS,5515.0,Pong1PCB2L336P__seed_8_1763344785
1044480,2-Training-Stats/SPS,5516.0,Pong1PCB2L336P__seed_8_1763344785
1048576,2-Training-Stats/SPS,5515.0,Pong1PCB2L336P__seed_8_1763344785
1052672,2-Training-Stats/SPS,5515.0,Pong1PCB2L336P__seed_8_1763344785
1056768,2-Training-Stats/SPS,5515.0,Pong1PCB2L336P__seed_8_1763344785
1060864,2-Training-Stats/SPS,5515.0,Pong1PCB2L336P__seed_8_1763344785
1064960,2-Training-Stats/SPS,5516.0,Pong1PCB2L336P__seed_8_1763344785
1069056,2-Training-Stats/SPS,5515.0,Pong1PCB2L336P__seed_8_1763344785
1073152,2-Training-Stats/SPS,5515.0,Pong1PCB2L336P__seed_8_1763344785
1077248,2-Training-Stats/SPS,5515.0,Pong1PCB2L336P__seed_8_1763344785
1081344,2-Training-Stats/SPS,5515.0,Pong1PCB2L336P__seed_8_1763344785
1085440,2-Training-Stats/SPS,5515.0,Pong1PCB2L336P__seed_8_1763344785
1089536,2-Training-Stats/SPS,5515.0,Pong1PCB2L336P__seed_8_1763344785
1093632,2-Training-Stats/SPS,5515.0,Pong1PCB2L336P__seed_8_1763344785
1097728,2-Training-Stats/SPS,5515.0,Pong1PCB2L336P__seed_8_1763344785
1101824,2-Training-Stats/SPS,5515.0,Pong1PCB2L336P__seed_8_1763344785
1105920,2-Training-Stats/SPS,5515.0,Pong1PCB2L336P__seed_8_1763344785
1110016,2-Training-Stats/SPS,5515.0,Pong1PCB2L336P__seed_8_1763344785
1114112,2-Training-Stats/SPS,5515.0,Pong1PCB2L336P__seed_8_1763344785
1118208,2-Training-Stats/SPS,5515.0,Pong1PCB2L336P__seed_8_1763344785
1122304,2-Training-Stats/SPS,5515.0,Pong1PCB2L336P__seed_8_1763344785
1126400,2-Training-Stats/SPS,5515.0,Pong1PCB2L336P__seed_8_1763344785
1130496,2-Training-Stats/SPS,5515.0,Pong1PCB2L336P__seed_8_1763344785
1134592,2-Training-Stats/SPS,5514.0,Pong1PCB2L336P__seed_8_1763344785
1138688,2-Training-Stats/SPS,5514.0,Pong1PCB2L336P__seed_8_1763344785
1142784,2-Training-Stats/SPS,5514.0,Pong1PCB2L336P__seed_8_1763344785
1146880,2-Training-Stats/SPS,5514.0,Pong1PCB2L336P__seed_8_1763344785
1150976,2-Training-Stats/SPS,5514.0,Pong1PCB2L336P__seed_8_1763344785
1155072,2-Training-Stats/SPS,5514.0,Pong1PCB2L336P__seed_8_1763344785
1159168,2-Training-Stats/SPS,5514.0,Pong1PCB2L336P__seed_8_1763344785
1163264,2-Training-Stats/SPS,5514.0,Pong1PCB2L336P__seed_8_1763344785
1167360,2-Training-Stats/SPS,5514.0,Pong1PCB2L336P__seed_8_1763344785
1171456,2-Training-Stats/SPS,5514.0,Pong1PCB2L336P__seed_8_1763344785
1175552,2-Training-Stats/SPS,5514.0,Pong1PCB2L336P__seed_8_1763344785
1179648,2-Training-Stats/SPS,5514.0,Pong1PCB2L336P__seed_8_1763344785
1183744,2-Training-Stats/SPS,5514.0,Pong1PCB2L336P__seed_8_1763344785
1187840,2-Training-Stats/SPS,5514.0,Pong1PCB2L336P__seed_8_1763344785
1191936,2-Training-Stats/SPS,5514.0,Pong1PCB2L336P__seed_8_1763344785
1196032,2-Training-Stats/SPS,5514.0,Pong1PCB2L336P__seed_8_1763344785
1200128,2-Training-Stats/SPS,5514.0,Pong1PCB2L336P__seed_8_1763344785
1204224,2-Training-Stats/SPS,5513.0,Pong1PCB2L336P__seed_8_1763344785
1208320,2-Training-Stats/SPS,5513.0,Pong1PCB2L336P__seed_8_1763344785
1212416,2-Training-Stats/SPS,5513.0,Pong1PCB2L336P__seed_8_1763344785
1216512,2-Training-Stats/SPS,5513.0,Pong1PCB2L336P__seed_8_1763344785
1220608,2-Training-Stats/SPS,5513.0,Pong1PCB2L336P__seed_8_1763344785
1224704,2-Training-Stats/SPS,5513.0,Pong1PCB2L336P__seed_8_1763344785
1228800,2-Training-Stats/SPS,5513.0,Pong1PCB2L336P__seed_8_1763344785
1232896,2-Training-Stats/SPS,5513.0,Pong1PCB2L336P__seed_8_1763344785
1236992,2-Training-Stats/SPS,5512.0,Pong1PCB2L336P__seed_8_1763344785
1241088,2-Training-Stats/SPS,5512.0,Pong1PCB2L336P__seed_8_1763344785
1245184,2-Training-Stats/SPS,5512.0,Pong1PCB2L336P__seed_8_1763344785
1249280,2-Training-Stats/SPS,5512.0,Pong1PCB2L336P__seed_8_1763344785
1253376,2-Training-Stats/SPS,5512.0,Pong1PCB2L336P__seed_8_1763344785
1257472,2-Training-Stats/SPS,5512.0,Pong1PCB2L336P__seed_8_1763344785
1261568,2-Training-Stats/SPS,5512.0,Pong1PCB2L336P__seed_8_1763344785
1265664,2-Training-Stats/SPS,5512.0,Pong1PCB2L336P__seed_8_1763344785
1269760,2-Training-Stats/SPS,5511.0,Pong1PCB2L336P__seed_8_1763344785
1273856,2-Training-Stats/SPS,5511.0,Pong1PCB2L336P__seed_8_1763344785
1277952,2-Training-Stats/SPS,5511.0,Pong1PCB2L336P__seed_8_1763344785
1282048,2-Training-Stats/SPS,5511.0,Pong1PCB2L336P__seed_8_1763344785
1286144,2-Training-Stats/SPS,5511.0,Pong1PCB2L336P__seed_8_1763344785
1290240,2-Training-Stats/SPS,5511.0,Pong1PCB2L336P__seed_8_1763344785
1294336,2-Training-Stats/SPS,5510.0,Pong1PCB2L336P__seed_8_1763344785
1298432,2-Training-Stats/SPS,5510.0,Pong1PCB2L336P__seed_8_1763344785
1302528,2-Training-Stats/SPS,5510.0,Pong1PCB2L336P__seed_8_1763344785
1306624,2-Training-Stats/SPS,5510.0,Pong1PCB2L336P__seed_8_1763344785
1310720,2-Training-Stats/SPS,5510.0,Pong1PCB2L336P__seed_8_1763344785
1314816,2-Training-Stats/SPS,5510.0,Pong1PCB2L336P__seed_8_1763344785
1318912,2-Training-Stats/SPS,5510.0,Pong1PCB2L336P__seed_8_1763344785
1323008,2-Training-Stats/SPS,5510.0,Pong1PCB2L336P__seed_8_1763344785
1327104,2-Training-Stats/SPS,5510.0,Pong1PCB2L336P__seed_8_1763344785
1331200,2-Training-Stats/SPS,5510.0,Pong1PCB2L336P__seed_8_1763344785
1335296,2-Training-Stats/SPS,5509.0,Pong1PCB2L336P__seed_8_1763344785
1339392,2-Training-Stats/SPS,5509.0,Pong1PCB2L336P__seed_8_1763344785
1343488,2-Training-Stats/SPS,5509.0,Pong1PCB2L336P__seed_8_1763344785
1347584,2-Training-Stats/SPS,5509.0,Pong1PCB2L336P__seed_8_1763344785
1351680,2-Training-Stats/SPS,5509.0,Pong1PCB2L336P__seed_8_1763344785
1355776,2-Training-Stats/SPS,5509.0,Pong1PCB2L336P__seed_8_1763344785
1359872,2-Training-Stats/SPS,5509.0,Pong1PCB2L336P__seed_8_1763344785
1363968,2-Training-Stats/SPS,5508.0,Pong1PCB2L336P__seed_8_1763344785
1368064,2-Training-Stats/SPS,5508.0,Pong1PCB2L336P__seed_8_1763344785
1372160,2-Training-Stats/SPS,5508.0,Pong1PCB2L336P__seed_8_1763344785
1376256,2-Training-Stats/SPS,5508.0,Pong1PCB2L336P__seed_8_1763344785
1380352,2-Training-Stats/SPS,5508.0,Pong1PCB2L336P__seed_8_1763344785
1384448,2-Training-Stats/SPS,5508.0,Pong1PCB2L336P__seed_8_1763344785
1388544,2-Training-Stats/SPS,5508.0,Pong1PCB2L336P__seed_8_1763344785
1392640,2-Training-Stats/SPS,5508.0,Pong1PCB2L336P__seed_8_1763344785
1396736,2-Training-Stats/SPS,5507.0,Pong1PCB2L336P__seed_8_1763344785
1400832,2-Training-Stats/SPS,5507.0,Pong1PCB2L336P__seed_8_1763344785
1404928,2-Training-Stats/SPS,5507.0,Pong1PCB2L336P__seed_8_1763344785
1409024,2-Training-Stats/SPS,5507.0,Pong1PCB2L336P__seed_8_1763344785
1413120,2-Training-Stats/SPS,5507.0,Pong1PCB2L336P__seed_8_1763344785
1417216,2-Training-Stats/SPS,5507.0,Pong1PCB2L336P__seed_8_1763344785
1421312,2-Training-Stats/SPS,5507.0,Pong1PCB2L336P__seed_8_1763344785
1425408,2-Training-Stats/SPS,5507.0,Pong1PCB2L336P__seed_8_1763344785
1429504,2-Training-Stats/SPS,5507.0,Pong1PCB2L336P__seed_8_1763344785
1433600,2-Training-Stats/SPS,5506.0,Pong1PCB2L336P__seed_8_1763344785
1437696,2-Training-Stats/SPS,5506.0,Pong1PCB2L336P__seed_8_1763344785
1441792,2-Training-Stats/SPS,5506.0,Pong1PCB2L336P__seed_8_1763344785
1445888,2-Training-Stats/SPS,5506.0,Pong1PCB2L336P__seed_8_1763344785
1449984,2-Training-Stats/SPS,5506.0,Pong1PCB2L336P__seed_8_1763344785
1454080,2-Training-Stats/SPS,5506.0,Pong1PCB2L336P__seed_8_1763344785
1458176,2-Training-Stats/SPS,5506.0,Pong1PCB2L336P__seed_8_1763344785
1462272,2-Training-Stats/SPS,5506.0,Pong1PCB2L336P__seed_8_1763344785
1466368,2-Training-Stats/SPS,5506.0,Pong1PCB2L336P__seed_8_1763344785
1470464,2-Training-Stats/SPS,5505.0,Pong1PCB2L336P__seed_8_1763344785
1474560,2-Training-Stats/SPS,5505.0,Pong1PCB2L336P__seed_8_1763344785
1478656,2-Training-Stats/SPS,5505.0,Pong1PCB2L336P__seed_8_1763344785
1482752,2-Training-Stats/SPS,5505.0,Pong1PCB2L336P__seed_8_1763344785
1486848,2-Training-Stats/SPS,5505.0,Pong1PCB2L336P__seed_8_1763344785
1490944,2-Training-Stats/SPS,5505.0,Pong1PCB2L336P__seed_8_1763344785
1495040,2-Training-Stats/SPS,5505.0,Pong1PCB2L336P__seed_8_1763344785
1499136,2-Training-Stats/SPS,5505.0,Pong1PCB2L336P__seed_8_1763344785
1503232,2-Training-Stats/SPS,5505.0,Pong1PCB2L336P__seed_8_1763344785
1507328,2-Training-Stats/SPS,5505.0,Pong1PCB2L336P__seed_8_1763344785
1511424,2-Training-Stats/SPS,5505.0,Pong1PCB2L336P__seed_8_1763344785
1515520,2-Training-Stats/SPS,5505.0,Pong1PCB2L336P__seed_8_1763344785
1519616,2-Training-Stats/SPS,5505.0,Pong1PCB2L336P__seed_8_1763344785
1523712,2-Training-Stats/SPS,5505.0,Pong1PCB2L336P__seed_8_1763344785
1527808,2-Training-Stats/SPS,5504.0,Pong1PCB2L336P__seed_8_1763344785
1531904,2-Training-Stats/SPS,5504.0,Pong1PCB2L336P__seed_8_1763344785
1536000,2-Training-Stats/SPS,5504.0,Pong1PCB2L336P__seed_8_1763344785
1540096,2-Training-Stats/SPS,5504.0,Pong1PCB2L336P__seed_8_1763344785
1544192,2-Training-Stats/SPS,5504.0,Pong1PCB2L336P__seed_8_1763344785
1548288,2-Training-Stats/SPS,5504.0,Pong1PCB2L336P__seed_8_1763344785
1552384,2-Training-Stats/SPS,5504.0,Pong1PCB2L336P__seed_8_1763344785
1556480,2-Training-Stats/SPS,5504.0,Pong1PCB2L336P__seed_8_1763344785
1560576,2-Training-Stats/SPS,5504.0,Pong1PCB2L336P__seed_8_1763344785
1564672,2-Training-Stats/SPS,5503.0,Pong1PCB2L336P__seed_8_1763344785
1568768,2-Training-Stats/SPS,5503.0,Pong1PCB2L336P__seed_8_1763344785
1572864,2-Training-Stats/SPS,5503.0,Pong1PCB2L336P__seed_8_1763344785
1576960,2-Training-Stats/SPS,5503.0,Pong1PCB2L336P__seed_8_1763344785
1581056,2-Training-Stats/SPS,5503.0,Pong1PCB2L336P__seed_8_1763344785
1585152,2-Training-Stats/SPS,5503.0,Pong1PCB2L336P__seed_8_1763344785
1589248,2-Training-Stats/SPS,5503.0,Pong1PCB2L336P__seed_8_1763344785
1593344,2-Training-Stats/SPS,5503.0,Pong1PCB2L336P__seed_8_1763344785
1597440,2-Training-Stats/SPS,5503.0,Pong1PCB2L336P__seed_8_1763344785
1601536,2-Training-Stats/SPS,5503.0,Pong1PCB2L336P__seed_8_1763344785
1605632,2-Training-Stats/SPS,5502.0,Pong1PCB2L336P__seed_8_1763344785
1609728,2-Training-Stats/SPS,5502.0,Pong1PCB2L336P__seed_8_1763344785
1613824,2-Training-Stats/SPS,5502.0,Pong1PCB2L336P__seed_8_1763344785
1617920,2-Training-Stats/SPS,5502.0,Pong1PCB2L336P__seed_8_1763344785
1622016,2-Training-Stats/SPS,5502.0,Pong1PCB2L336P__seed_8_1763344785
1626112,2-Training-Stats/SPS,5502.0,Pong1PCB2L336P__seed_8_1763344785
1630208,2-Training-Stats/SPS,5502.0,Pong1PCB2L336P__seed_8_1763344785
1634304,2-Training-Stats/SPS,5502.0,Pong1PCB2L336P__seed_8_1763344785
1638400,2-Training-Stats/SPS,5502.0,Pong1PCB2L336P__seed_8_1763344785
1642496,2-Training-Stats/SPS,5502.0,Pong1PCB2L336P__seed_8_1763344785
1646592,2-Training-Stats/SPS,5502.0,Pong1PCB2L336P__seed_8_1763344785
1650688,2-Training-Stats/SPS,5501.0,Pong1PCB2L336P__seed_8_1763344785
1654784,2-Training-Stats/SPS,5501.0,Pong1PCB2L336P__seed_8_1763344785
1658880,2-Training-Stats/SPS,5501.0,Pong1PCB2L336P__seed_8_1763344785
1662976,2-Training-Stats/SPS,5501.0,Pong1PCB2L336P__seed_8_1763344785
1667072,2-Training-Stats/SPS,5501.0,Pong1PCB2L336P__seed_8_1763344785
1671168,2-Training-Stats/SPS,5501.0,Pong1PCB2L336P__seed_8_1763344785
1675264,2-Training-Stats/SPS,5501.0,Pong1PCB2L336P__seed_8_1763344785
1679360,2-Training-Stats/SPS,5501.0,Pong1PCB2L336P__seed_8_1763344785
1683456,2-Training-Stats/SPS,5500.0,Pong1PCB2L336P__seed_8_1763344785
1687552,2-Training-Stats/SPS,5500.0,Pong1PCB2L336P__seed_8_1763344785
1691648,2-Training-Stats/SPS,5500.0,Pong1PCB2L336P__seed_8_1763344785
1695744,2-Training-Stats/SPS,5500.0,Pong1PCB2L336P__seed_8_1763344785
1699840,2-Training-Stats/SPS,5500.0,Pong1PCB2L336P__seed_8_1763344785
1703936,2-Training-Stats/SPS,5500.0,Pong1PCB2L336P__seed_8_1763344785
1708032,2-Training-Stats/SPS,5500.0,Pong1PCB2L336P__seed_8_1763344785
1712128,2-Training-Stats/SPS,5500.0,Pong1PCB2L336P__seed_8_1763344785
1716224,2-Training-Stats/SPS,5500.0,Pong1PCB2L336P__seed_8_1763344785
1720320,2-Training-Stats/SPS,5500.0,Pong1PCB2L336P__seed_8_1763344785
1724416,2-Training-Stats/SPS,5499.0,Pong1PCB2L336P__seed_8_1763344785
1728512,2-Training-Stats/SPS,5499.0,Pong1PCB2L336P__seed_8_1763344785
1732608,2-Training-Stats/SPS,5499.0,Pong1PCB2L336P__seed_8_1763344785
1736704,2-Training-Stats/SPS,5499.0,Pong1PCB2L336P__seed_8_1763344785
1740800,2-Training-Stats/SPS,5499.0,Pong1PCB2L336P__seed_8_1763344785
1744896,2-Training-Stats/SPS,5499.0,Pong1PCB2L336P__seed_8_1763344785
1748992,2-Training-Stats/SPS,5499.0,Pong1PCB2L336P__seed_8_1763344785
1753088,2-Training-Stats/SPS,5499.0,Pong1PCB2L336P__seed_8_1763344785
1757184,2-Training-Stats/SPS,5499.0,Pong1PCB2L336P__seed_8_1763344785
1761280,2-Training-Stats/SPS,5499.0,Pong1PCB2L336P__seed_8_1763344785
1765376,2-Training-Stats/SPS,5499.0,Pong1PCB2L336P__seed_8_1763344785
1769472,2-Training-Stats/SPS,5499.0,Pong1PCB2L336P__seed_8_1763344785
1773568,2-Training-Stats/SPS,5499.0,Pong1PCB2L336P__seed_8_1763344785
1777664,2-Training-Stats/SPS,5499.0,Pong1PCB2L336P__seed_8_1763344785
1781760,2-Training-Stats/SPS,5499.0,Pong1PCB2L336P__seed_8_1763344785
1785856,2-Training-Stats/SPS,5498.0,Pong1PCB2L336P__seed_8_1763344785
1789952,2-Training-Stats/SPS,5498.0,Pong1PCB2L336P__seed_8_1763344785
1794048,2-Training-Stats/SPS,5498.0,Pong1PCB2L336P__seed_8_1763344785
1798144,2-Training-Stats/SPS,5498.0,Pong1PCB2L336P__seed_8_1763344785
1802240,2-Training-Stats/SPS,5498.0,Pong1PCB2L336P__seed_8_1763344785
1806336,2-Training-Stats/SPS,5498.0,Pong1PCB2L336P__seed_8_1763344785
1810432,2-Training-Stats/SPS,5498.0,Pong1PCB2L336P__seed_8_1763344785
1814528,2-Training-Stats/SPS,5498.0,Pong1PCB2L336P__seed_8_1763344785
1818624,2-Training-Stats/SPS,5498.0,Pong1PCB2L336P__seed_8_1763344785
1822720,2-Training-Stats/SPS,5498.0,Pong1PCB2L336P__seed_8_1763344785
1826816,2-Training-Stats/SPS,5498.0,Pong1PCB2L336P__seed_8_1763344785
1830912,2-Training-Stats/SPS,5498.0,Pong1PCB2L336P__seed_8_1763344785
1835008,2-Training-Stats/SPS,5498.0,Pong1PCB2L336P__seed_8_1763344785
1839104,2-Training-Stats/SPS,5497.0,Pong1PCB2L336P__seed_8_1763344785
1843200,2-Training-Stats/SPS,5497.0,Pong1PCB2L336P__seed_8_1763344785
1847296,2-Training-Stats/SPS,5497.0,Pong1PCB2L336P__seed_8_1763344785
1851392,2-Training-Stats/SPS,5497.0,Pong1PCB2L336P__seed_8_1763344785
1855488,2-Training-Stats/SPS,5497.0,Pong1PCB2L336P__seed_8_1763344785
1859584,2-Training-Stats/SPS,5497.0,Pong1PCB2L336P__seed_8_1763344785
1863680,2-Training-Stats/SPS,5497.0,Pong1PCB2L336P__seed_8_1763344785
1867776,2-Training-Stats/SPS,5497.0,Pong1PCB2L336P__seed_8_1763344785
1871872,2-Training-Stats/SPS,5497.0,Pong1PCB2L336P__seed_8_1763344785
1875968,2-Training-Stats/SPS,5497.0,Pong1PCB2L336P__seed_8_1763344785
1880064,2-Training-Stats/SPS,5497.0,Pong1PCB2L336P__seed_8_1763344785
1884160,2-Training-Stats/SPS,5497.0,Pong1PCB2L336P__seed_8_1763344785
1888256,2-Training-Stats/SPS,5497.0,Pong1PCB2L336P__seed_8_1763344785
1892352,2-Training-Stats/SPS,5497.0,Pong1PCB2L336P__seed_8_1763344785
1896448,2-Training-Stats/SPS,5497.0,Pong1PCB2L336P__seed_8_1763344785
1900544,2-Training-Stats/SPS,5497.0,Pong1PCB2L336P__seed_8_1763344785
1904640,2-Training-Stats/SPS,5496.0,Pong1PCB2L336P__seed_8_1763344785
1908736,2-Training-Stats/SPS,5496.0,Pong1PCB2L336P__seed_8_1763344785
1912832,2-Training-Stats/SPS,5496.0,Pong1PCB2L336P__seed_8_1763344785
1916928,2-Training-Stats/SPS,5496.0,Pong1PCB2L336P__seed_8_1763344785
1921024,2-Training-Stats/SPS,5496.0,Pong1PCB2L336P__seed_8_1763344785
1925120,2-Training-Stats/SPS,5496.0,Pong1PCB2L336P__seed_8_1763344785
1929216,2-Training-Stats/SPS,5496.0,Pong1PCB2L336P__seed_8_1763344785
1933312,2-Training-Stats/SPS,5496.0,Pong1PCB2L336P__seed_8_1763344785
1937408,2-Training-Stats/SPS,5496.0,Pong1PCB2L336P__seed_8_1763344785
1941504,2-Training-Stats/SPS,5496.0,Pong1PCB2L336P__seed_8_1763344785
1945600,2-Training-Stats/SPS,5496.0,Pong1PCB2L336P__seed_8_1763344785
1949696,2-Training-Stats/SPS,5496.0,Pong1PCB2L336P__seed_8_1763344785
1953792,2-Training-Stats/SPS,5496.0,Pong1PCB2L336P__seed_8_1763344785
1957888,2-Training-Stats/SPS,5496.0,Pong1PCB2L336P__seed_8_1763344785
1961984,2-Training-Stats/SPS,5495.0,Pong1PCB2L336P__seed_8_1763344785
1966080,2-Training-Stats/SPS,5495.0,Pong1PCB2L336P__seed_8_1763344785
1970176,2-Training-Stats/SPS,5495.0,Pong1PCB2L336P__seed_8_1763344785
1974272,2-Training-Stats/SPS,5495.0,Pong1PCB2L336P__seed_8_1763344785
1978368,2-Training-Stats/SPS,5495.0,Pong1PCB2L336P__seed_8_1763344785
1982464,2-Training-Stats/SPS,5495.0,Pong1PCB2L336P__seed_8_1763344785
1986560,2-Training-Stats/SPS,5495.0,Pong1PCB2L336P__seed_8_1763344785
1990656,2-Training-Stats/SPS,5495.0,Pong1PCB2L336P__seed_8_1763344785
1994752,2-Training-Stats/SPS,5495.0,Pong1PCB2L336P__seed_8_1763344785
1998848,2-Training-Stats/SPS,5495.0,Pong1PCB2L336P__seed_8_1763344785
2002944,2-Training-Stats/SPS,5495.0,Pong1PCB2L336P__seed_8_1763344785
2007040,2-Training-Stats/SPS,5495.0,Pong1PCB2L336P__seed_8_1763344785
2011136,2-Training-Stats/SPS,5495.0,Pong1PCB2L336P__seed_8_1763344785
2015232,2-Training-Stats/SPS,5495.0,Pong1PCB2L336P__seed_8_1763344785
2019328,2-Training-Stats/SPS,5495.0,Pong1PCB2L336P__seed_8_1763344785
2023424,2-Training-Stats/SPS,5495.0,Pong1PCB2L336P__seed_8_1763344785
2027520,2-Training-Stats/SPS,5495.0,Pong1PCB2L336P__seed_8_1763344785
2031616,2-Training-Stats/SPS,5495.0,Pong1PCB2L336P__seed_8_1763344785
2035712,2-Training-Stats/SPS,5495.0,Pong1PCB2L336P__seed_8_1763344785
2039808,2-Training-Stats/SPS,5495.0,Pong1PCB2L336P__seed_8_1763344785
2043904,2-Training-Stats/SPS,5495.0,Pong1PCB2L336P__seed_8_1763344785
2048000,2-Training-Stats/SPS,5495.0,Pong1PCB2L336P__seed_8_1763344785
2052096,2-Training-Stats/SPS,5495.0,Pong1PCB2L336P__seed_8_1763344785
2056192,2-Training-Stats/SPS,5494.0,Pong1PCB2L336P__seed_8_1763344785
2060288,2-Training-Stats/SPS,5494.0,Pong1PCB2L336P__seed_8_1763344785
2064384,2-Training-Stats/SPS,5494.0,Pong1PCB2L336P__seed_8_1763344785
2068480,2-Training-Stats/SPS,5494.0,Pong1PCB2L336P__seed_8_1763344785
2072576,2-Training-Stats/SPS,5494.0,Pong1PCB2L336P__seed_8_1763344785
2076672,2-Training-Stats/SPS,5494.0,Pong1PCB2L336P__seed_8_1763344785
2080768,2-Training-Stats/SPS,5494.0,Pong1PCB2L336P__seed_8_1763344785
2084864,2-Training-Stats/SPS,5494.0,Pong1PCB2L336P__seed_8_1763344785
2088960,2-Training-Stats/SPS,5494.0,Pong1PCB2L336P__seed_8_1763344785
2093056,2-Training-Stats/SPS,5494.0,Pong1PCB2L336P__seed_8_1763344785
2097152,2-Training-Stats/SPS,5494.0,Pong1PCB2L336P__seed_8_1763344785
2101248,2-Training-Stats/SPS,5494.0,Pong1PCB2L336P__seed_8_1763344785
2105344,2-Training-Stats/SPS,5494.0,Pong1PCB2L336P__seed_8_1763344785
2109440,2-Training-Stats/SPS,5494.0,Pong1PCB2L336P__seed_8_1763344785
2113536,2-Training-Stats/SPS,5494.0,Pong1PCB2L336P__seed_8_1763344785
2117632,2-Training-Stats/SPS,5494.0,Pong1PCB2L336P__seed_8_1763344785
2121728,2-Training-Stats/SPS,5494.0,Pong1PCB2L336P__seed_8_1763344785
2125824,2-Training-Stats/SPS,5494.0,Pong1PCB2L336P__seed_8_1763344785
2129920,2-Training-Stats/SPS,5494.0,Pong1PCB2L336P__seed_8_1763344785
2134016,2-Training-Stats/SPS,5494.0,Pong1PCB2L336P__seed_8_1763344785
2138112,2-Training-Stats/SPS,5494.0,Pong1PCB2L336P__seed_8_1763344785
2142208,2-Training-Stats/SPS,5494.0,Pong1PCB2L336P__seed_8_1763344785
2146304,2-Training-Stats/SPS,5494.0,Pong1PCB2L336P__seed_8_1763344785
2150400,2-Training-Stats/SPS,5494.0,Pong1PCB2L336P__seed_8_1763344785
2154496,2-Training-Stats/SPS,5494.0,Pong1PCB2L336P__seed_8_1763344785
2158592,2-Training-Stats/SPS,5494.0,Pong1PCB2L336P__seed_8_1763344785
2162688,2-Training-Stats/SPS,5494.0,Pong1PCB2L336P__seed_8_1763344785
2166784,2-Training-Stats/SPS,5494.0,Pong1PCB2L336P__seed_8_1763344785
2170880,2-Training-Stats/SPS,5493.0,Pong1PCB2L336P__seed_8_1763344785
2174976,2-Training-Stats/SPS,5493.0,Pong1PCB2L336P__seed_8_1763344785
2179072,2-Training-Stats/SPS,5493.0,Pong1PCB2L336P__seed_8_1763344785
2183168,2-Training-Stats/SPS,5493.0,Pong1PCB2L336P__seed_8_1763344785
2187264,2-Training-Stats/SPS,5493.0,Pong1PCB2L336P__seed_8_1763344785
2191360,2-Training-Stats/SPS,5493.0,Pong1PCB2L336P__seed_8_1763344785
2195456,2-Training-Stats/SPS,5493.0,Pong1PCB2L336P__seed_8_1763344785
2199552,2-Training-Stats/SPS,5493.0,Pong1PCB2L336P__seed_8_1763344785
2203648,2-Training-Stats/SPS,5493.0,Pong1PCB2L336P__seed_8_1763344785
2207744,2-Training-Stats/SPS,5493.0,Pong1PCB2L336P__seed_8_1763344785
2211840,2-Training-Stats/SPS,5493.0,Pong1PCB2L336P__seed_8_1763344785
2215936,2-Training-Stats/SPS,5493.0,Pong1PCB2L336P__seed_8_1763344785
2220032,2-Training-Stats/SPS,5493.0,Pong1PCB2L336P__seed_8_1763344785
2224128,2-Training-Stats/SPS,5493.0,Pong1PCB2L336P__seed_8_1763344785
2228224,2-Training-Stats/SPS,5493.0,Pong1PCB2L336P__seed_8_1763344785
2232320,2-Training-Stats/SPS,5493.0,Pong1PCB2L336P__seed_8_1763344785
2236416,2-Training-Stats/SPS,5493.0,Pong1PCB2L336P__seed_8_1763344785
2240512,2-Training-Stats/SPS,5493.0,Pong1PCB2L336P__seed_8_1763344785
2244608,2-Training-Stats/SPS,5493.0,Pong1PCB2L336P__seed_8_1763344785
2248704,2-Training-Stats/SPS,5493.0,Pong1PCB2L336P__seed_8_1763344785
2252800,2-Training-Stats/SPS,5493.0,Pong1PCB2L336P__seed_8_1763344785
2256896,2-Training-Stats/SPS,5493.0,Pong1PCB2L336P__seed_8_1763344785
2260992,2-Training-Stats/SPS,5493.0,Pong1PCB2L336P__seed_8_1763344785
2265088,2-Training-Stats/SPS,5493.0,Pong1PCB2L336P__seed_8_1763344785
2269184,2-Training-Stats/SPS,5492.0,Pong1PCB2L336P__seed_8_1763344785
2273280,2-Training-Stats/SPS,5492.0,Pong1PCB2L336P__seed_8_1763344785
2277376,2-Training-Stats/SPS,5492.0,Pong1PCB2L336P__seed_8_1763344785
2281472,2-Training-Stats/SPS,5492.0,Pong1PCB2L336P__seed_8_1763344785
2285568,2-Training-Stats/SPS,5492.0,Pong1PCB2L336P__seed_8_1763344785
2289664,2-Training-Stats/SPS,5492.0,Pong1PCB2L336P__seed_8_1763344785
2293760,2-Training-Stats/SPS,5492.0,Pong1PCB2L336P__seed_8_1763344785
2297856,2-Training-Stats/SPS,5492.0,Pong1PCB2L336P__seed_8_1763344785
2301952,2-Training-Stats/SPS,5492.0,Pong1PCB2L336P__seed_8_1763344785
2306048,2-Training-Stats/SPS,5492.0,Pong1PCB2L336P__seed_8_1763344785
2310144,2-Training-Stats/SPS,5492.0,Pong1PCB2L336P__seed_8_1763344785
2314240,2-Training-Stats/SPS,5492.0,Pong1PCB2L336P__seed_8_1763344785
2318336,2-Training-Stats/SPS,5492.0,Pong1PCB2L336P__seed_8_1763344785
2322432,2-Training-Stats/SPS,5492.0,Pong1PCB2L336P__seed_8_1763344785
2326528,2-Training-Stats/SPS,5492.0,Pong1PCB2L336P__seed_8_1763344785
2330624,2-Training-Stats/SPS,5492.0,Pong1PCB2L336P__seed_8_1763344785
2334720,2-Training-Stats/SPS,5492.0,Pong1PCB2L336P__seed_8_1763344785
2338816,2-Training-Stats/SPS,5492.0,Pong1PCB2L336P__seed_8_1763344785
2342912,2-Training-Stats/SPS,5492.0,Pong1PCB2L336P__seed_8_1763344785
2347008,2-Training-Stats/SPS,5492.0,Pong1PCB2L336P__seed_8_1763344785
2351104,2-Training-Stats/SPS,5492.0,Pong1PCB2L336P__seed_8_1763344785
2355200,2-Training-Stats/SPS,5492.0,Pong1PCB2L336P__seed_8_1763344785
2359296,2-Training-Stats/SPS,5492.0,Pong1PCB2L336P__seed_8_1763344785
2363392,2-Training-Stats/SPS,5492.0,Pong1PCB2L336P__seed_8_1763344785
2367488,2-Training-Stats/SPS,5491.0,Pong1PCB2L336P__seed_8_1763344785
2371584,2-Training-Stats/SPS,5491.0,Pong1PCB2L336P__seed_8_1763344785
2375680,2-Training-Stats/SPS,5491.0,Pong1PCB2L336P__seed_8_1763344785
2379776,2-Training-Stats/SPS,5491.0,Pong1PCB2L336P__seed_8_1763344785
2383872,2-Training-Stats/SPS,5491.0,Pong1PCB2L336P__seed_8_1763344785
2387968,2-Training-Stats/SPS,5491.0,Pong1PCB2L336P__seed_8_1763344785
2392064,2-Training-Stats/SPS,5491.0,Pong1PCB2L336P__seed_8_1763344785
2396160,2-Training-Stats/SPS,5491.0,Pong1PCB2L336P__seed_8_1763344785
2400256,2-Training-Stats/SPS,5491.0,Pong1PCB2L336P__seed_8_1763344785
2404352,2-Training-Stats/SPS,5491.0,Pong1PCB2L336P__seed_8_1763344785
2408448,2-Training-Stats/SPS,5491.0,Pong1PCB2L336P__seed_8_1763344785
2412544,2-Training-Stats/SPS,5491.0,Pong1PCB2L336P__seed_8_1763344785
2416640,2-Training-Stats/SPS,5491.0,Pong1PCB2L336P__seed_8_1763344785
2420736,2-Training-Stats/SPS,5491.0,Pong1PCB2L336P__seed_8_1763344785
2424832,2-Training-Stats/SPS,5491.0,Pong1PCB2L336P__seed_8_1763344785
2428928,2-Training-Stats/SPS,5491.0,Pong1PCB2L336P__seed_8_1763344785
2433024,2-Training-Stats/SPS,5491.0,Pong1PCB2L336P__seed_8_1763344785
2437120,2-Training-Stats/SPS,5491.0,Pong1PCB2L336P__seed_8_1763344785
2441216,2-Training-Stats/SPS,5491.0,Pong1PCB2L336P__seed_8_1763344785
2445312,2-Training-Stats/SPS,5491.0,Pong1PCB2L336P__seed_8_1763344785
2449408,2-Training-Stats/SPS,5491.0,Pong1PCB2L336P__seed_8_1763344785
2453504,2-Training-Stats/SPS,5491.0,Pong1PCB2L336P__seed_8_1763344785
2457600,2-Training-Stats/SPS,5491.0,Pong1PCB2L336P__seed_8_1763344785
2461696,2-Training-Stats/SPS,5491.0,Pong1PCB2L336P__seed_8_1763344785
2465792,2-Training-Stats/SPS,5491.0,Pong1PCB2L336P__seed_8_1763344785
2469888,2-Training-Stats/SPS,5491.0,Pong1PCB2L336P__seed_8_1763344785
2473984,2-Training-Stats/SPS,5491.0,Pong1PCB2L336P__seed_8_1763344785
2478080,2-Training-Stats/SPS,5491.0,Pong1PCB2L336P__seed_8_1763344785
2482176,2-Training-Stats/SPS,5491.0,Pong1PCB2L336P__seed_8_1763344785
2486272,2-Training-Stats/SPS,5491.0,Pong1PCB2L336P__seed_8_1763344785
2490368,2-Training-Stats/SPS,5491.0,Pong1PCB2L336P__seed_8_1763344785
2494464,2-Training-Stats/SPS,5491.0,Pong1PCB2L336P__seed_8_1763344785
2498560,2-Training-Stats/SPS,5491.0,Pong1PCB2L336P__seed_8_1763344785
2502656,2-Training-Stats/SPS,5490.0,Pong1PCB2L336P__seed_8_1763344785
2506752,2-Training-Stats/SPS,5490.0,Pong1PCB2L336P__seed_8_1763344785
2510848,2-Training-Stats/SPS,5491.0,Pong1PCB2L336P__seed_8_1763344785
2514944,2-Training-Stats/SPS,5490.0,Pong1PCB2L336P__seed_8_1763344785
2519040,2-Training-Stats/SPS,5490.0,Pong1PCB2L336P__seed_8_1763344785
2523136,2-Training-Stats/SPS,5490.0,Pong1PCB2L336P__seed_8_1763344785
2527232,2-Training-Stats/SPS,5490.0,Pong1PCB2L336P__seed_8_1763344785
2531328,2-Training-Stats/SPS,5490.0,Pong1PCB2L336P__seed_8_1763344785
2535424,2-Training-Stats/SPS,5490.0,Pong1PCB2L336P__seed_8_1763344785
2539520,2-Training-Stats/SPS,5490.0,Pong1PCB2L336P__seed_8_1763344785
2543616,2-Training-Stats/SPS,5490.0,Pong1PCB2L336P__seed_8_1763344785
2547712,2-Training-Stats/SPS,5490.0,Pong1PCB2L336P__seed_8_1763344785
2551808,2-Training-Stats/SPS,5490.0,Pong1PCB2L336P__seed_8_1763344785
2555904,2-Training-Stats/SPS,5490.0,Pong1PCB2L336P__seed_8_1763344785
2560000,2-Training-Stats/SPS,5490.0,Pong1PCB2L336P__seed_8_1763344785
2564096,2-Training-Stats/SPS,5490.0,Pong1PCB2L336P__seed_8_1763344785
2568192,2-Training-Stats/SPS,5490.0,Pong1PCB2L336P__seed_8_1763344785
2572288,2-Training-Stats/SPS,5490.0,Pong1PCB2L336P__seed_8_1763344785
2576384,2-Training-Stats/SPS,5490.0,Pong1PCB2L336P__seed_8_1763344785
2580480,2-Training-Stats/SPS,5490.0,Pong1PCB2L336P__seed_8_1763344785
2584576,2-Training-Stats/SPS,5490.0,Pong1PCB2L336P__seed_8_1763344785
2588672,2-Training-Stats/SPS,5490.0,Pong1PCB2L336P__seed_8_1763344785
2592768,2-Training-Stats/SPS,5490.0,Pong1PCB2L336P__seed_8_1763344785
2596864,2-Training-Stats/SPS,5490.0,Pong1PCB2L336P__seed_8_1763344785
2600960,2-Training-Stats/SPS,5490.0,Pong1PCB2L336P__seed_8_1763344785
2605056,2-Training-Stats/SPS,5490.0,Pong1PCB2L336P__seed_8_1763344785
2609152,2-Training-Stats/SPS,5489.0,Pong1PCB2L336P__seed_8_1763344785
2613248,2-Training-Stats/SPS,5489.0,Pong1PCB2L336P__seed_8_1763344785
2617344,2-Training-Stats/SPS,5489.0,Pong1PCB2L336P__seed_8_1763344785
2621440,2-Training-Stats/SPS,5489.0,Pong1PCB2L336P__seed_8_1763344785
2625536,2-Training-Stats/SPS,5489.0,Pong1PCB2L336P__seed_8_1763344785
2629632,2-Training-Stats/SPS,5489.0,Pong1PCB2L336P__seed_8_1763344785
2633728,2-Training-Stats/SPS,5489.0,Pong1PCB2L336P__seed_8_1763344785
2637824,2-Training-Stats/SPS,5489.0,Pong1PCB2L336P__seed_8_1763344785
2641920,2-Training-Stats/SPS,5489.0,Pong1PCB2L336P__seed_8_1763344785
2646016,2-Training-Stats/SPS,5489.0,Pong1PCB2L336P__seed_8_1763344785
2650112,2-Training-Stats/SPS,5489.0,Pong1PCB2L336P__seed_8_1763344785
2654208,2-Training-Stats/SPS,5489.0,Pong1PCB2L336P__seed_8_1763344785
2658304,2-Training-Stats/SPS,5489.0,Pong1PCB2L336P__seed_8_1763344785
2662400,2-Training-Stats/SPS,5489.0,Pong1PCB2L336P__seed_8_1763344785
2666496,2-Training-Stats/SPS,5489.0,Pong1PCB2L336P__seed_8_1763344785
2670592,2-Training-Stats/SPS,5489.0,Pong1PCB2L336P__seed_8_1763344785
2674688,2-Training-Stats/SPS,5489.0,Pong1PCB2L336P__seed_8_1763344785
2678784,2-Training-Stats/SPS,5489.0,Pong1PCB2L336P__seed_8_1763344785
2682880,2-Training-Stats/SPS,5489.0,Pong1PCB2L336P__seed_8_1763344785
2686976,2-Training-Stats/SPS,5489.0,Pong1PCB2L336P__seed_8_1763344785
2691072,2-Training-Stats/SPS,5489.0,Pong1PCB2L336P__seed_8_1763344785
2695168,2-Training-Stats/SPS,5489.0,Pong1PCB2L336P__seed_8_1763344785
2699264,2-Training-Stats/SPS,5489.0,Pong1PCB2L336P__seed_8_1763344785
2703360,2-Training-Stats/SPS,5489.0,Pong1PCB2L336P__seed_8_1763344785
2707456,2-Training-Stats/SPS,5489.0,Pong1PCB2L336P__seed_8_1763344785
2711552,2-Training-Stats/SPS,5489.0,Pong1PCB2L336P__seed_8_1763344785
2715648,2-Training-Stats/SPS,5489.0,Pong1PCB2L336P__seed_8_1763344785
2719744,2-Training-Stats/SPS,5489.0,Pong1PCB2L336P__seed_8_1763344785
2723840,2-Training-Stats/SPS,5489.0,Pong1PCB2L336P__seed_8_1763344785
2727936,2-Training-Stats/SPS,5489.0,Pong1PCB2L336P__seed_8_1763344785
2732032,2-Training-Stats/SPS,5489.0,Pong1PCB2L336P__seed_8_1763344785
2736128,2-Training-Stats/SPS,5489.0,Pong1PCB2L336P__seed_8_1763344785
2740224,2-Training-Stats/SPS,5489.0,Pong1PCB2L336P__seed_8_1763344785
2744320,2-Training-Stats/SPS,5489.0,Pong1PCB2L336P__seed_8_1763344785
2748416,2-Training-Stats/SPS,5489.0,Pong1PCB2L336P__seed_8_1763344785
2752512,2-Training-Stats/SPS,5489.0,Pong1PCB2L336P__seed_8_1763344785
2756608,2-Training-Stats/SPS,5488.0,Pong1PCB2L336P__seed_8_1763344785
2760704,2-Training-Stats/SPS,5488.0,Pong1PCB2L336P__seed_8_1763344785
2764800,2-Training-Stats/SPS,5488.0,Pong1PCB2L336P__seed_8_1763344785
2768896,2-Training-Stats/SPS,5488.0,Pong1PCB2L336P__seed_8_1763344785
2772992,2-Training-Stats/SPS,5488.0,Pong1PCB2L336P__seed_8_1763344785
2777088,2-Training-Stats/SPS,5488.0,Pong1PCB2L336P__seed_8_1763344785
2781184,2-Training-Stats/SPS,5488.0,Pong1PCB2L336P__seed_8_1763344785
2785280,2-Training-Stats/SPS,5488.0,Pong1PCB2L336P__seed_8_1763344785
2789376,2-Training-Stats/SPS,5488.0,Pong1PCB2L336P__seed_8_1763344785
2793472,2-Training-Stats/SPS,5488.0,Pong1PCB2L336P__seed_8_1763344785
2797568,2-Training-Stats/SPS,5488.0,Pong1PCB2L336P__seed_8_1763344785
2801664,2-Training-Stats/SPS,5488.0,Pong1PCB2L336P__seed_8_1763344785
2805760,2-Training-Stats/SPS,5488.0,Pong1PCB2L336P__seed_8_1763344785
2809856,2-Training-Stats/SPS,5488.0,Pong1PCB2L336P__seed_8_1763344785
2813952,2-Training-Stats/SPS,5488.0,Pong1PCB2L336P__seed_8_1763344785
2818048,2-Training-Stats/SPS,5488.0,Pong1PCB2L336P__seed_8_1763344785
2822144,2-Training-Stats/SPS,5488.0,Pong1PCB2L336P__seed_8_1763344785
2826240,2-Training-Stats/SPS,5488.0,Pong1PCB2L336P__seed_8_1763344785
2830336,2-Training-Stats/SPS,5488.0,Pong1PCB2L336P__seed_8_1763344785
2834432,2-Training-Stats/SPS,5488.0,Pong1PCB2L336P__seed_8_1763344785
2838528,2-Training-Stats/SPS,5488.0,Pong1PCB2L336P__seed_8_1763344785
2842624,2-Training-Stats/SPS,5488.0,Pong1PCB2L336P__seed_8_1763344785
2846720,2-Training-Stats/SPS,5488.0,Pong1PCB2L336P__seed_8_1763344785
2850816,2-Training-Stats/SPS,5488.0,Pong1PCB2L336P__seed_8_1763344785
2854912,2-Training-Stats/SPS,5488.0,Pong1PCB2L336P__seed_8_1763344785
2859008,2-Training-Stats/SPS,5488.0,Pong1PCB2L336P__seed_8_1763344785
2863104,2-Training-Stats/SPS,5488.0,Pong1PCB2L336P__seed_8_1763344785
2867200,2-Training-Stats/SPS,5488.0,Pong1PCB2L336P__seed_8_1763344785
2871296,2-Training-Stats/SPS,5488.0,Pong1PCB2L336P__seed_8_1763344785
2875392,2-Training-Stats/SPS,5488.0,Pong1PCB2L336P__seed_8_1763344785
2879488,2-Training-Stats/SPS,5488.0,Pong1PCB2L336P__seed_8_1763344785
2883584,2-Training-Stats/SPS,5488.0,Pong1PCB2L336P__seed_8_1763344785
2887680,2-Training-Stats/SPS,5488.0,Pong1PCB2L336P__seed_8_1763344785
2891776,2-Training-Stats/SPS,5488.0,Pong1PCB2L336P__seed_8_1763344785
2895872,2-Training-Stats/SPS,5488.0,Pong1PCB2L336P__seed_8_1763344785
2899968,2-Training-Stats/SPS,5488.0,Pong1PCB2L336P__seed_8_1763344785
2904064,2-Training-Stats/SPS,5488.0,Pong1PCB2L336P__seed_8_1763344785
2908160,2-Training-Stats/SPS,5488.0,Pong1PCB2L336P__seed_8_1763344785
2912256,2-Training-Stats/SPS,5488.0,Pong1PCB2L336P__seed_8_1763344785
2916352,2-Training-Stats/SPS,5488.0,Pong1PCB2L336P__seed_8_1763344785
2920448,2-Training-Stats/SPS,5488.0,Pong1PCB2L336P__seed_8_1763344785
2924544,2-Training-Stats/SPS,5488.0,Pong1PCB2L336P__seed_8_1763344785
2928640,2-Training-Stats/SPS,5488.0,Pong1PCB2L336P__seed_8_1763344785
2932736,2-Training-Stats/SPS,5488.0,Pong1PCB2L336P__seed_8_1763344785
2936832,2-Training-Stats/SPS,5488.0,Pong1PCB2L336P__seed_8_1763344785
2940928,2-Training-Stats/SPS,5488.0,Pong1PCB2L336P__seed_8_1763344785
2945024,2-Training-Stats/SPS,5488.0,Pong1PCB2L336P__seed_8_1763344785
2949120,2-Training-Stats/SPS,5488.0,Pong1PCB2L336P__seed_8_1763344785
2953216,2-Training-Stats/SPS,5488.0,Pong1PCB2L336P__seed_8_1763344785
2957312,2-Training-Stats/SPS,5488.0,Pong1PCB2L336P__seed_8_1763344785
2961408,2-Training-Stats/SPS,5488.0,Pong1PCB2L336P__seed_8_1763344785
2965504,2-Training-Stats/SPS,5488.0,Pong1PCB2L336P__seed_8_1763344785
2969600,2-Training-Stats/SPS,5488.0,Pong1PCB2L336P__seed_8_1763344785
2973696,2-Training-Stats/SPS,5488.0,Pong1PCB2L336P__seed_8_1763344785
2977792,2-Training-Stats/SPS,5488.0,Pong1PCB2L336P__seed_8_1763344785
2981888,2-Training-Stats/SPS,5488.0,Pong1PCB2L336P__seed_8_1763344785
2985984,2-Training-Stats/SPS,5488.0,Pong1PCB2L336P__seed_8_1763344785
2990080,2-Training-Stats/SPS,5488.0,Pong1PCB2L336P__seed_8_1763344785
2994176,2-Training-Stats/SPS,5488.0,Pong1PCB2L336P__seed_8_1763344785
2998272,2-Training-Stats/SPS,5488.0,Pong1PCB2L336P__seed_8_1763344785
3002368,2-Training-Stats/SPS,5487.0,Pong1PCB2L336P__seed_8_1763344785
3006464,2-Training-Stats/SPS,5487.0,Pong1PCB2L336P__seed_8_1763344785
3010560,2-Training-Stats/SPS,5487.0,Pong1PCB2L336P__seed_8_1763344785
3014656,2-Training-Stats/SPS,5487.0,Pong1PCB2L336P__seed_8_1763344785
3018752,2-Training-Stats/SPS,5487.0,Pong1PCB2L336P__seed_8_1763344785
3022848,2-Training-Stats/SPS,5487.0,Pong1PCB2L336P__seed_8_1763344785
3026944,2-Training-Stats/SPS,5487.0,Pong1PCB2L336P__seed_8_1763344785
3031040,2-Training-Stats/SPS,5487.0,Pong1PCB2L336P__seed_8_1763344785
3035136,2-Training-Stats/SPS,5487.0,Pong1PCB2L336P__seed_8_1763344785
3039232,2-Training-Stats/SPS,5487.0,Pong1PCB2L336P__seed_8_1763344785
3043328,2-Training-Stats/SPS,5487.0,Pong1PCB2L336P__seed_8_1763344785
3047424,2-Training-Stats/SPS,5487.0,Pong1PCB2L336P__seed_8_1763344785
3051520,2-Training-Stats/SPS,5487.0,Pong1PCB2L336P__seed_8_1763344785
3055616,2-Training-Stats/SPS,5487.0,Pong1PCB2L336P__seed_8_1763344785
3059712,2-Training-Stats/SPS,5487.0,Pong1PCB2L336P__seed_8_1763344785
3063808,2-Training-Stats/SPS,5487.0,Pong1PCB2L336P__seed_8_1763344785
3067904,2-Training-Stats/SPS,5487.0,Pong1PCB2L336P__seed_8_1763344785
3072000,2-Training-Stats/SPS,5487.0,Pong1PCB2L336P__seed_8_1763344785
3076096,2-Training-Stats/SPS,5487.0,Pong1PCB2L336P__seed_8_1763344785
3080192,2-Training-Stats/SPS,5487.0,Pong1PCB2L336P__seed_8_1763344785
3084288,2-Training-Stats/SPS,5487.0,Pong1PCB2L336P__seed_8_1763344785
3088384,2-Training-Stats/SPS,5487.0,Pong1PCB2L336P__seed_8_1763344785
3092480,2-Training-Stats/SPS,5487.0,Pong1PCB2L336P__seed_8_1763344785
3096576,2-Training-Stats/SPS,5487.0,Pong1PCB2L336P__seed_8_1763344785
3100672,2-Training-Stats/SPS,5487.0,Pong1PCB2L336P__seed_8_1763344785
3104768,2-Training-Stats/SPS,5487.0,Pong1PCB2L336P__seed_8_1763344785
3108864,2-Training-Stats/SPS,5487.0,Pong1PCB2L336P__seed_8_1763344785
3112960,2-Training-Stats/SPS,5487.0,Pong1PCB2L336P__seed_8_1763344785
3117056,2-Training-Stats/SPS,5487.0,Pong1PCB2L336P__seed_8_1763344785
3121152,2-Training-Stats/SPS,5487.0,Pong1PCB2L336P__seed_8_1763344785
3125248,2-Training-Stats/SPS,5487.0,Pong1PCB2L336P__seed_8_1763344785
3129344,2-Training-Stats/SPS,5487.0,Pong1PCB2L336P__seed_8_1763344785
3133440,2-Training-Stats/SPS,5487.0,Pong1PCB2L336P__seed_8_1763344785
3137536,2-Training-Stats/SPS,5487.0,Pong1PCB2L336P__seed_8_1763344785
3141632,2-Training-Stats/SPS,5487.0,Pong1PCB2L336P__seed_8_1763344785
3145728,2-Training-Stats/SPS,5487.0,Pong1PCB2L336P__seed_8_1763344785
3149824,2-Training-Stats/SPS,5487.0,Pong1PCB2L336P__seed_8_1763344785
3153920,2-Training-Stats/SPS,5487.0,Pong1PCB2L336P__seed_8_1763344785
3158016,2-Training-Stats/SPS,5487.0,Pong1PCB2L336P__seed_8_1763344785
3162112,2-Training-Stats/SPS,5487.0,Pong1PCB2L336P__seed_8_1763344785
3166208,2-Training-Stats/SPS,5487.0,Pong1PCB2L336P__seed_8_1763344785
3170304,2-Training-Stats/SPS,5487.0,Pong1PCB2L336P__seed_8_1763344785
3174400,2-Training-Stats/SPS,5487.0,Pong1PCB2L336P__seed_8_1763344785
3178496,2-Training-Stats/SPS,5487.0,Pong1PCB2L336P__seed_8_1763344785
3182592,2-Training-Stats/SPS,5487.0,Pong1PCB2L336P__seed_8_1763344785
3186688,2-Training-Stats/SPS,5487.0,Pong1PCB2L336P__seed_8_1763344785
3190784,2-Training-Stats/SPS,5487.0,Pong1PCB2L336P__seed_8_1763344785
3194880,2-Training-Stats/SPS,5487.0,Pong1PCB2L336P__seed_8_1763344785
3198976,2-Training-Stats/SPS,5487.0,Pong1PCB2L336P__seed_8_1763344785
3203072,2-Training-Stats/SPS,5487.0,Pong1PCB2L336P__seed_8_1763344785
3207168,2-Training-Stats/SPS,5487.0,Pong1PCB2L336P__seed_8_1763344785
3211264,2-Training-Stats/SPS,5487.0,Pong1PCB2L336P__seed_8_1763344785
3215360,2-Training-Stats/SPS,5487.0,Pong1PCB2L336P__seed_8_1763344785
3219456,2-Training-Stats/SPS,5487.0,Pong1PCB2L336P__seed_8_1763344785
3223552,2-Training-Stats/SPS,5487.0,Pong1PCB2L336P__seed_8_1763344785
3227648,2-Training-Stats/SPS,5487.0,Pong1PCB2L336P__seed_8_1763344785
3231744,2-Training-Stats/SPS,5487.0,Pong1PCB2L336P__seed_8_1763344785
3235840,2-Training-Stats/SPS,5487.0,Pong1PCB2L336P__seed_8_1763344785
3239936,2-Training-Stats/SPS,5487.0,Pong1PCB2L336P__seed_8_1763344785
3244032,2-Training-Stats/SPS,5487.0,Pong1PCB2L336P__seed_8_1763344785
3248128,2-Training-Stats/SPS,5487.0,Pong1PCB2L336P__seed_8_1763344785
3252224,2-Training-Stats/SPS,5487.0,Pong1PCB2L336P__seed_8_1763344785
3256320,2-Training-Stats/SPS,5487.0,Pong1PCB2L336P__seed_8_1763344785
3260416,2-Training-Stats/SPS,5487.0,Pong1PCB2L336P__seed_8_1763344785
3264512,2-Training-Stats/SPS,5487.0,Pong1PCB2L336P__seed_8_1763344785
3268608,2-Training-Stats/SPS,5487.0,Pong1PCB2L336P__seed_8_1763344785
3272704,2-Training-Stats/SPS,5487.0,Pong1PCB2L336P__seed_8_1763344785
3276800,2-Training-Stats/SPS,5487.0,Pong1PCB2L336P__seed_8_1763344785
3280896,2-Training-Stats/SPS,5487.0,Pong1PCB2L336P__seed_8_1763344785
3284992,2-Training-Stats/SPS,5487.0,Pong1PCB2L336P__seed_8_1763344785
3289088,2-Training-Stats/SPS,5487.0,Pong1PCB2L336P__seed_8_1763344785
3293184,2-Training-Stats/SPS,5487.0,Pong1PCB2L336P__seed_8_1763344785
3297280,2-Training-Stats/SPS,5487.0,Pong1PCB2L336P__seed_8_1763344785
3301376,2-Training-Stats/SPS,5487.0,Pong1PCB2L336P__seed_8_1763344785
3305472,2-Training-Stats/SPS,5487.0,Pong1PCB2L336P__seed_8_1763344785
3309568,2-Training-Stats/SPS,5487.0,Pong1PCB2L336P__seed_8_1763344785
3313664,2-Training-Stats/SPS,5487.0,Pong1PCB2L336P__seed_8_1763344785
3317760,2-Training-Stats/SPS,5487.0,Pong1PCB2L336P__seed_8_1763344785
3321856,2-Training-Stats/SPS,5487.0,Pong1PCB2L336P__seed_8_1763344785
3325952,2-Training-Stats/SPS,5487.0,Pong1PCB2L336P__seed_8_1763344785
3330048,2-Training-Stats/SPS,5487.0,Pong1PCB2L336P__seed_8_1763344785
3334144,2-Training-Stats/SPS,5486.0,Pong1PCB2L336P__seed_8_1763344785
3338240,2-Training-Stats/SPS,5486.0,Pong1PCB2L336P__seed_8_1763344785
3342336,2-Training-Stats/SPS,5486.0,Pong1PCB2L336P__seed_8_1763344785
3346432,2-Training-Stats/SPS,5486.0,Pong1PCB2L336P__seed_8_1763344785
3350528,2-Training-Stats/SPS,5486.0,Pong1PCB2L336P__seed_8_1763344785
3354624,2-Training-Stats/SPS,5486.0,Pong1PCB2L336P__seed_8_1763344785
3358720,2-Training-Stats/SPS,5486.0,Pong1PCB2L336P__seed_8_1763344785
3362816,2-Training-Stats/SPS,5486.0,Pong1PCB2L336P__seed_8_1763344785
3366912,2-Training-Stats/SPS,5486.0,Pong1PCB2L336P__seed_8_1763344785
3371008,2-Training-Stats/SPS,5486.0,Pong1PCB2L336P__seed_8_1763344785
3375104,2-Training-Stats/SPS,5486.0,Pong1PCB2L336P__seed_8_1763344785
3379200,2-Training-Stats/SPS,5486.0,Pong1PCB2L336P__seed_8_1763344785
3383296,2-Training-Stats/SPS,5486.0,Pong1PCB2L336P__seed_8_1763344785
3387392,2-Training-Stats/SPS,5486.0,Pong1PCB2L336P__seed_8_1763344785
3391488,2-Training-Stats/SPS,5486.0,Pong1PCB2L336P__seed_8_1763344785
3395584,2-Training-Stats/SPS,5486.0,Pong1PCB2L336P__seed_8_1763344785
3399680,2-Training-Stats/SPS,5486.0,Pong1PCB2L336P__seed_8_1763344785
3403776,2-Training-Stats/SPS,5486.0,Pong1PCB2L336P__seed_8_1763344785
3407872,2-Training-Stats/SPS,5486.0,Pong1PCB2L336P__seed_8_1763344785
3411968,2-Training-Stats/SPS,5486.0,Pong1PCB2L336P__seed_8_1763344785
3416064,2-Training-Stats/SPS,5486.0,Pong1PCB2L336P__seed_8_1763344785
3420160,2-Training-Stats/SPS,5486.0,Pong1PCB2L336P__seed_8_1763344785
3424256,2-Training-Stats/SPS,5486.0,Pong1PCB2L336P__seed_8_1763344785
3428352,2-Training-Stats/SPS,5486.0,Pong1PCB2L336P__seed_8_1763344785
3432448,2-Training-Stats/SPS,5486.0,Pong1PCB2L336P__seed_8_1763344785
3436544,2-Training-Stats/SPS,5486.0,Pong1PCB2L336P__seed_8_1763344785
3440640,2-Training-Stats/SPS,5486.0,Pong1PCB2L336P__seed_8_1763344785
3444736,2-Training-Stats/SPS,5486.0,Pong1PCB2L336P__seed_8_1763344785
3448832,2-Training-Stats/SPS,5486.0,Pong1PCB2L336P__seed_8_1763344785
3452928,2-Training-Stats/SPS,5486.0,Pong1PCB2L336P__seed_8_1763344785
3457024,2-Training-Stats/SPS,5486.0,Pong1PCB2L336P__seed_8_1763344785
3461120,2-Training-Stats/SPS,5486.0,Pong1PCB2L336P__seed_8_1763344785
3465216,2-Training-Stats/SPS,5486.0,Pong1PCB2L336P__seed_8_1763344785
3469312,2-Training-Stats/SPS,5486.0,Pong1PCB2L336P__seed_8_1763344785
3473408,2-Training-Stats/SPS,5486.0,Pong1PCB2L336P__seed_8_1763344785
3477504,2-Training-Stats/SPS,5486.0,Pong1PCB2L336P__seed_8_1763344785
3481600,2-Training-Stats/SPS,5486.0,Pong1PCB2L336P__seed_8_1763344785
3485696,2-Training-Stats/SPS,5486.0,Pong1PCB2L336P__seed_8_1763344785
3489792,2-Training-Stats/SPS,5486.0,Pong1PCB2L336P__seed_8_1763344785
3493888,2-Training-Stats/SPS,5486.0,Pong1PCB2L336P__seed_8_1763344785
3497984,2-Training-Stats/SPS,5486.0,Pong1PCB2L336P__seed_8_1763344785
3502080,2-Training-Stats/SPS,5486.0,Pong1PCB2L336P__seed_8_1763344785
3506176,2-Training-Stats/SPS,5486.0,Pong1PCB2L336P__seed_8_1763344785
3510272,2-Training-Stats/SPS,5486.0,Pong1PCB2L336P__seed_8_1763344785
3514368,2-Training-Stats/SPS,5486.0,Pong1PCB2L336P__seed_8_1763344785
3518464,2-Training-Stats/SPS,5486.0,Pong1PCB2L336P__seed_8_1763344785
3522560,2-Training-Stats/SPS,5486.0,Pong1PCB2L336P__seed_8_1763344785
3526656,2-Training-Stats/SPS,5486.0,Pong1PCB2L336P__seed_8_1763344785
3530752,2-Training-Stats/SPS,5486.0,Pong1PCB2L336P__seed_8_1763344785
3534848,2-Training-Stats/SPS,5486.0,Pong1PCB2L336P__seed_8_1763344785
3538944,2-Training-Stats/SPS,5486.0,Pong1PCB2L336P__seed_8_1763344785
3543040,2-Training-Stats/SPS,5486.0,Pong1PCB2L336P__seed_8_1763344785
3547136,2-Training-Stats/SPS,5486.0,Pong1PCB2L336P__seed_8_1763344785
3551232,2-Training-Stats/SPS,5486.0,Pong1PCB2L336P__seed_8_1763344785
3555328,2-Training-Stats/SPS,5486.0,Pong1PCB2L336P__seed_8_1763344785
3559424,2-Training-Stats/SPS,5486.0,Pong1PCB2L336P__seed_8_1763344785
3563520,2-Training-Stats/SPS,5486.0,Pong1PCB2L336P__seed_8_1763344785
3567616,2-Training-Stats/SPS,5486.0,Pong1PCB2L336P__seed_8_1763344785
3571712,2-Training-Stats/SPS,5486.0,Pong1PCB2L336P__seed_8_1763344785
3575808,2-Training-Stats/SPS,5486.0,Pong1PCB2L336P__seed_8_1763344785
3579904,2-Training-Stats/SPS,5486.0,Pong1PCB2L336P__seed_8_1763344785
3584000,2-Training-Stats/SPS,5486.0,Pong1PCB2L336P__seed_8_1763344785
3588096,2-Training-Stats/SPS,5486.0,Pong1PCB2L336P__seed_8_1763344785
3592192,2-Training-Stats/SPS,5486.0,Pong1PCB2L336P__seed_8_1763344785
3596288,2-Training-Stats/SPS,5486.0,Pong1PCB2L336P__seed_8_1763344785
3600384,2-Training-Stats/SPS,5486.0,Pong1PCB2L336P__seed_8_1763344785
3604480,2-Training-Stats/SPS,5486.0,Pong1PCB2L336P__seed_8_1763344785
3608576,2-Training-Stats/SPS,5486.0,Pong1PCB2L336P__seed_8_1763344785
3612672,2-Training-Stats/SPS,5486.0,Pong1PCB2L336P__seed_8_1763344785
3616768,2-Training-Stats/SPS,5486.0,Pong1PCB2L336P__seed_8_1763344785
3620864,2-Training-Stats/SPS,5485.0,Pong1PCB2L336P__seed_8_1763344785
3624960,2-Training-Stats/SPS,5485.0,Pong1PCB2L336P__seed_8_1763344785
3629056,2-Training-Stats/SPS,5485.0,Pong1PCB2L336P__seed_8_1763344785
3633152,2-Training-Stats/SPS,5485.0,Pong1PCB2L336P__seed_8_1763344785
3637248,2-Training-Stats/SPS,5485.0,Pong1PCB2L336P__seed_8_1763344785
3641344,2-Training-Stats/SPS,5486.0,Pong1PCB2L336P__seed_8_1763344785
3645440,2-Training-Stats/SPS,5485.0,Pong1PCB2L336P__seed_8_1763344785
3649536,2-Training-Stats/SPS,5485.0,Pong1PCB2L336P__seed_8_1763344785
3653632,2-Training-Stats/SPS,5485.0,Pong1PCB2L336P__seed_8_1763344785
3657728,2-Training-Stats/SPS,5485.0,Pong1PCB2L336P__seed_8_1763344785
3661824,2-Training-Stats/SPS,5485.0,Pong1PCB2L336P__seed_8_1763344785
3665920,2-Training-Stats/SPS,5485.0,Pong1PCB2L336P__seed_8_1763344785
3670016,2-Training-Stats/SPS,5485.0,Pong1PCB2L336P__seed_8_1763344785
3674112,2-Training-Stats/SPS,5485.0,Pong1PCB2L336P__seed_8_1763344785
3678208,2-Training-Stats/SPS,5485.0,Pong1PCB2L336P__seed_8_1763344785
3682304,2-Training-Stats/SPS,5485.0,Pong1PCB2L336P__seed_8_1763344785
3686400,2-Training-Stats/SPS,5485.0,Pong1PCB2L336P__seed_8_1763344785
3690496,2-Training-Stats/SPS,5485.0,Pong1PCB2L336P__seed_8_1763344785
3694592,2-Training-Stats/SPS,5485.0,Pong1PCB2L336P__seed_8_1763344785
3698688,2-Training-Stats/SPS,5485.0,Pong1PCB2L336P__seed_8_1763344785
3702784,2-Training-Stats/SPS,5485.0,Pong1PCB2L336P__seed_8_1763344785
3706880,2-Training-Stats/SPS,5485.0,Pong1PCB2L336P__seed_8_1763344785
3710976,2-Training-Stats/SPS,5485.0,Pong1PCB2L336P__seed_8_1763344785
3715072,2-Training-Stats/SPS,5485.0,Pong1PCB2L336P__seed_8_1763344785
3719168,2-Training-Stats/SPS,5485.0,Pong1PCB2L336P__seed_8_1763344785
3723264,2-Training-Stats/SPS,5485.0,Pong1PCB2L336P__seed_8_1763344785
3727360,2-Training-Stats/SPS,5485.0,Pong1PCB2L336P__seed_8_1763344785
3731456,2-Training-Stats/SPS,5485.0,Pong1PCB2L336P__seed_8_1763344785
3735552,2-Training-Stats/SPS,5485.0,Pong1PCB2L336P__seed_8_1763344785
3739648,2-Training-Stats/SPS,5485.0,Pong1PCB2L336P__seed_8_1763344785
3743744,2-Training-Stats/SPS,5485.0,Pong1PCB2L336P__seed_8_1763344785
3747840,2-Training-Stats/SPS,5485.0,Pong1PCB2L336P__seed_8_1763344785
3751936,2-Training-Stats/SPS,5485.0,Pong1PCB2L336P__seed_8_1763344785
3756032,2-Training-Stats/SPS,5485.0,Pong1PCB2L336P__seed_8_1763344785
3760128,2-Training-Stats/SPS,5485.0,Pong1PCB2L336P__seed_8_1763344785
3764224,2-Training-Stats/SPS,5485.0,Pong1PCB2L336P__seed_8_1763344785
3768320,2-Training-Stats/SPS,5485.0,Pong1PCB2L336P__seed_8_1763344785
3772416,2-Training-Stats/SPS,5485.0,Pong1PCB2L336P__seed_8_1763344785
3776512,2-Training-Stats/SPS,5485.0,Pong1PCB2L336P__seed_8_1763344785
3780608,2-Training-Stats/SPS,5485.0,Pong1PCB2L336P__seed_8_1763344785
3784704,2-Training-Stats/SPS,5485.0,Pong1PCB2L336P__seed_8_1763344785
3788800,2-Training-Stats/SPS,5485.0,Pong1PCB2L336P__seed_8_1763344785
3792896,2-Training-Stats/SPS,5485.0,Pong1PCB2L336P__seed_8_1763344785
3796992,2-Training-Stats/SPS,5485.0,Pong1PCB2L336P__seed_8_1763344785
3801088,2-Training-Stats/SPS,5485.0,Pong1PCB2L336P__seed_8_1763344785
3805184,2-Training-Stats/SPS,5485.0,Pong1PCB2L336P__seed_8_1763344785
3809280,2-Training-Stats/SPS,5485.0,Pong1PCB2L336P__seed_8_1763344785
3813376,2-Training-Stats/SPS,5485.0,Pong1PCB2L336P__seed_8_1763344785
3817472,2-Training-Stats/SPS,5485.0,Pong1PCB2L336P__seed_8_1763344785
3821568,2-Training-Stats/SPS,5485.0,Pong1PCB2L336P__seed_8_1763344785
3825664,2-Training-Stats/SPS,5485.0,Pong1PCB2L336P__seed_8_1763344785
3829760,2-Training-Stats/SPS,5485.0,Pong1PCB2L336P__seed_8_1763344785
3833856,2-Training-Stats/SPS,5485.0,Pong1PCB2L336P__seed_8_1763344785
3837952,2-Training-Stats/SPS,5485.0,Pong1PCB2L336P__seed_8_1763344785
3842048,2-Training-Stats/SPS,5485.0,Pong1PCB2L336P__seed_8_1763344785
3846144,2-Training-Stats/SPS,5485.0,Pong1PCB2L336P__seed_8_1763344785
3850240,2-Training-Stats/SPS,5485.0,Pong1PCB2L336P__seed_8_1763344785
3854336,2-Training-Stats/SPS,5485.0,Pong1PCB2L336P__seed_8_1763344785
3858432,2-Training-Stats/SPS,5485.0,Pong1PCB2L336P__seed_8_1763344785
3862528,2-Training-Stats/SPS,5485.0,Pong1PCB2L336P__seed_8_1763344785
3866624,2-Training-Stats/SPS,5485.0,Pong1PCB2L336P__seed_8_1763344785
3870720,2-Training-Stats/SPS,5485.0,Pong1PCB2L336P__seed_8_1763344785
3874816,2-Training-Stats/SPS,5485.0,Pong1PCB2L336P__seed_8_1763344785
3878912,2-Training-Stats/SPS,5485.0,Pong1PCB2L336P__seed_8_1763344785
3883008,2-Training-Stats/SPS,5485.0,Pong1PCB2L336P__seed_8_1763344785
3887104,2-Training-Stats/SPS,5484.0,Pong1PCB2L336P__seed_8_1763344785
3891200,2-Training-Stats/SPS,5485.0,Pong1PCB2L336P__seed_8_1763344785
3895296,2-Training-Stats/SPS,5484.0,Pong1PCB2L336P__seed_8_1763344785
3899392,2-Training-Stats/SPS,5484.0,Pong1PCB2L336P__seed_8_1763344785
3903488,2-Training-Stats/SPS,5484.0,Pong1PCB2L336P__seed_8_1763344785
3907584,2-Training-Stats/SPS,5484.0,Pong1PCB2L336P__seed_8_1763344785
3911680,2-Training-Stats/SPS,5484.0,Pong1PCB2L336P__seed_8_1763344785
3915776,2-Training-Stats/SPS,5484.0,Pong1PCB2L336P__seed_8_1763344785
3919872,2-Training-Stats/SPS,5484.0,Pong1PCB2L336P__seed_8_1763344785
3923968,2-Training-Stats/SPS,5484.0,Pong1PCB2L336P__seed_8_1763344785
3928064,2-Training-Stats/SPS,5484.0,Pong1PCB2L336P__seed_8_1763344785
3932160,2-Training-Stats/SPS,5484.0,Pong1PCB2L336P__seed_8_1763344785
3936256,2-Training-Stats/SPS,5484.0,Pong1PCB2L336P__seed_8_1763344785
3940352,2-Training-Stats/SPS,5484.0,Pong1PCB2L336P__seed_8_1763344785
3944448,2-Training-Stats/SPS,5484.0,Pong1PCB2L336P__seed_8_1763344785
3948544,2-Training-Stats/SPS,5484.0,Pong1PCB2L336P__seed_8_1763344785
3952640,2-Training-Stats/SPS,5484.0,Pong1PCB2L336P__seed_8_1763344785
3956736,2-Training-Stats/SPS,5484.0,Pong1PCB2L336P__seed_8_1763344785
3960832,2-Training-Stats/SPS,5484.0,Pong1PCB2L336P__seed_8_1763344785
3964928,2-Training-Stats/SPS,5484.0,Pong1PCB2L336P__seed_8_1763344785
3969024,2-Training-Stats/SPS,5484.0,Pong1PCB2L336P__seed_8_1763344785
3973120,2-Training-Stats/SPS,5484.0,Pong1PCB2L336P__seed_8_1763344785
3977216,2-Training-Stats/SPS,5484.0,Pong1PCB2L336P__seed_8_1763344785
3981312,2-Training-Stats/SPS,5484.0,Pong1PCB2L336P__seed_8_1763344785
3985408,2-Training-Stats/SPS,5484.0,Pong1PCB2L336P__seed_8_1763344785
3989504,2-Training-Stats/SPS,5484.0,Pong1PCB2L336P__seed_8_1763344785
3993600,2-Training-Stats/SPS,5484.0,Pong1PCB2L336P__seed_8_1763344785
3997696,2-Training-Stats/SPS,5484.0,Pong1PCB2L336P__seed_8_1763344785
4001792,2-Training-Stats/SPS,5484.0,Pong1PCB2L336P__seed_8_1763344785
4005888,2-Training-Stats/SPS,5484.0,Pong1PCB2L336P__seed_8_1763344785
4009984,2-Training-Stats/SPS,5484.0,Pong1PCB2L336P__seed_8_1763344785
4014080,2-Training-Stats/SPS,5484.0,Pong1PCB2L336P__seed_8_1763344785
4018176,2-Training-Stats/SPS,5484.0,Pong1PCB2L336P__seed_8_1763344785
4022272,2-Training-Stats/SPS,5484.0,Pong1PCB2L336P__seed_8_1763344785
4026368,2-Training-Stats/SPS,5484.0,Pong1PCB2L336P__seed_8_1763344785
4030464,2-Training-Stats/SPS,5484.0,Pong1PCB2L336P__seed_8_1763344785
4034560,2-Training-Stats/SPS,5484.0,Pong1PCB2L336P__seed_8_1763344785
4038656,2-Training-Stats/SPS,5484.0,Pong1PCB2L336P__seed_8_1763344785
4042752,2-Training-Stats/SPS,5484.0,Pong1PCB2L336P__seed_8_1763344785
4046848,2-Training-Stats/SPS,5484.0,Pong1PCB2L336P__seed_8_1763344785
4050944,2-Training-Stats/SPS,5484.0,Pong1PCB2L336P__seed_8_1763344785
4055040,2-Training-Stats/SPS,5484.0,Pong1PCB2L336P__seed_8_1763344785
4059136,2-Training-Stats/SPS,5484.0,Pong1PCB2L336P__seed_8_1763344785
4063232,2-Training-Stats/SPS,5484.0,Pong1PCB2L336P__seed_8_1763344785
4067328,2-Training-Stats/SPS,5484.0,Pong1PCB2L336P__seed_8_1763344785
4071424,2-Training-Stats/SPS,5484.0,Pong1PCB2L336P__seed_8_1763344785
4075520,2-Training-Stats/SPS,5484.0,Pong1PCB2L336P__seed_8_1763344785
4079616,2-Training-Stats/SPS,5484.0,Pong1PCB2L336P__seed_8_1763344785
4083712,2-Training-Stats/SPS,5484.0,Pong1PCB2L336P__seed_8_1763344785
4087808,2-Training-Stats/SPS,5484.0,Pong1PCB2L336P__seed_8_1763344785
4091904,2-Training-Stats/SPS,5484.0,Pong1PCB2L336P__seed_8_1763344785
4096000,2-Training-Stats/SPS,5484.0,Pong1PCB2L336P__seed_8_1763344785
4100096,2-Training-Stats/SPS,5484.0,Pong1PCB2L336P__seed_8_1763344785
4104192,2-Training-Stats/SPS,5484.0,Pong1PCB2L336P__seed_8_1763344785
4108288,2-Training-Stats/SPS,5484.0,Pong1PCB2L336P__seed_8_1763344785
4112384,2-Training-Stats/SPS,5484.0,Pong1PCB2L336P__seed_8_1763344785
4116480,2-Training-Stats/SPS,5484.0,Pong1PCB2L336P__seed_8_1763344785
4120576,2-Training-Stats/SPS,5484.0,Pong1PCB2L336P__seed_8_1763344785
4124672,2-Training-Stats/SPS,5484.0,Pong1PCB2L336P__seed_8_1763344785
4128768,2-Training-Stats/SPS,5484.0,Pong1PCB2L336P__seed_8_1763344785
4132864,2-Training-Stats/SPS,5484.0,Pong1PCB2L336P__seed_8_1763344785
4136960,2-Training-Stats/SPS,5484.0,Pong1PCB2L336P__seed_8_1763344785
4141056,2-Training-Stats/SPS,5484.0,Pong1PCB2L336P__seed_8_1763344785
4145152,2-Training-Stats/SPS,5484.0,Pong1PCB2L336P__seed_8_1763344785
4149248,2-Training-Stats/SPS,5484.0,Pong1PCB2L336P__seed_8_1763344785
4153344,2-Training-Stats/SPS,5484.0,Pong1PCB2L336P__seed_8_1763344785
4157440,2-Training-Stats/SPS,5484.0,Pong1PCB2L336P__seed_8_1763344785
4161536,2-Training-Stats/SPS,5484.0,Pong1PCB2L336P__seed_8_1763344785
4165632,2-Training-Stats/SPS,5483.0,Pong1PCB2L336P__seed_8_1763344785
4169728,2-Training-Stats/SPS,5483.0,Pong1PCB2L336P__seed_8_1763344785
4173824,2-Training-Stats/SPS,5483.0,Pong1PCB2L336P__seed_8_1763344785
4177920,2-Training-Stats/SPS,5483.0,Pong1PCB2L336P__seed_8_1763344785
4182016,2-Training-Stats/SPS,5483.0,Pong1PCB2L336P__seed_8_1763344785
4186112,2-Training-Stats/SPS,5483.0,Pong1PCB2L336P__seed_8_1763344785
4190208,2-Training-Stats/SPS,5483.0,Pong1PCB2L336P__seed_8_1763344785
4194304,2-Training-Stats/SPS,5483.0,Pong1PCB2L336P__seed_8_1763344785
4198400,2-Training-Stats/SPS,5483.0,Pong1PCB2L336P__seed_8_1763344785
4202496,2-Training-Stats/SPS,5483.0,Pong1PCB2L336P__seed_8_1763344785
4206592,2-Training-Stats/SPS,5483.0,Pong1PCB2L336P__seed_8_1763344785
4210688,2-Training-Stats/SPS,5483.0,Pong1PCB2L336P__seed_8_1763344785
4214784,2-Training-Stats/SPS,5483.0,Pong1PCB2L336P__seed_8_1763344785
4218880,2-Training-Stats/SPS,5483.0,Pong1PCB2L336P__seed_8_1763344785
4222976,2-Training-Stats/SPS,5483.0,Pong1PCB2L336P__seed_8_1763344785
4227072,2-Training-Stats/SPS,5483.0,Pong1PCB2L336P__seed_8_1763344785
4231168,2-Training-Stats/SPS,5483.0,Pong1PCB2L336P__seed_8_1763344785
4235264,2-Training-Stats/SPS,5483.0,Pong1PCB2L336P__seed_8_1763344785
4239360,2-Training-Stats/SPS,5483.0,Pong1PCB2L336P__seed_8_1763344785
4243456,2-Training-Stats/SPS,5483.0,Pong1PCB2L336P__seed_8_1763344785
4247552,2-Training-Stats/SPS,5483.0,Pong1PCB2L336P__seed_8_1763344785
4251648,2-Training-Stats/SPS,5483.0,Pong1PCB2L336P__seed_8_1763344785
4255744,2-Training-Stats/SPS,5483.0,Pong1PCB2L336P__seed_8_1763344785
4259840,2-Training-Stats/SPS,5483.0,Pong1PCB2L336P__seed_8_1763344785
4263936,2-Training-Stats/SPS,5483.0,Pong1PCB2L336P__seed_8_1763344785
4268032,2-Training-Stats/SPS,5483.0,Pong1PCB2L336P__seed_8_1763344785
4272128,2-Training-Stats/SPS,5483.0,Pong1PCB2L336P__seed_8_1763344785
4276224,2-Training-Stats/SPS,5483.0,Pong1PCB2L336P__seed_8_1763344785
4280320,2-Training-Stats/SPS,5483.0,Pong1PCB2L336P__seed_8_1763344785
4284416,2-Training-Stats/SPS,5483.0,Pong1PCB2L336P__seed_8_1763344785
4288512,2-Training-Stats/SPS,5483.0,Pong1PCB2L336P__seed_8_1763344785
4292608,2-Training-Stats/SPS,5483.0,Pong1PCB2L336P__seed_8_1763344785
4296704,2-Training-Stats/SPS,5483.0,Pong1PCB2L336P__seed_8_1763344785
4300800,2-Training-Stats/SPS,5483.0,Pong1PCB2L336P__seed_8_1763344785
4304896,2-Training-Stats/SPS,5483.0,Pong1PCB2L336P__seed_8_1763344785
4308992,2-Training-Stats/SPS,5483.0,Pong1PCB2L336P__seed_8_1763344785
4313088,2-Training-Stats/SPS,5483.0,Pong1PCB2L336P__seed_8_1763344785
4317184,2-Training-Stats/SPS,5483.0,Pong1PCB2L336P__seed_8_1763344785
4321280,2-Training-Stats/SPS,5483.0,Pong1PCB2L336P__seed_8_1763344785
4325376,2-Training-Stats/SPS,5483.0,Pong1PCB2L336P__seed_8_1763344785
4329472,2-Training-Stats/SPS,5483.0,Pong1PCB2L336P__seed_8_1763344785
4333568,2-Training-Stats/SPS,5483.0,Pong1PCB2L336P__seed_8_1763344785
4337664,2-Training-Stats/SPS,5483.0,Pong1PCB2L336P__seed_8_1763344785
4341760,2-Training-Stats/SPS,5483.0,Pong1PCB2L336P__seed_8_1763344785
4345856,2-Training-Stats/SPS,5483.0,Pong1PCB2L336P__seed_8_1763344785
4349952,2-Training-Stats/SPS,5483.0,Pong1PCB2L336P__seed_8_1763344785
4354048,2-Training-Stats/SPS,5483.0,Pong1PCB2L336P__seed_8_1763344785
4358144,2-Training-Stats/SPS,5483.0,Pong1PCB2L336P__seed_8_1763344785
4362240,2-Training-Stats/SPS,5483.0,Pong1PCB2L336P__seed_8_1763344785
4366336,2-Training-Stats/SPS,5483.0,Pong1PCB2L336P__seed_8_1763344785
4370432,2-Training-Stats/SPS,5483.0,Pong1PCB2L336P__seed_8_1763344785
4374528,2-Training-Stats/SPS,5483.0,Pong1PCB2L336P__seed_8_1763344785
4378624,2-Training-Stats/SPS,5483.0,Pong1PCB2L336P__seed_8_1763344785
4382720,2-Training-Stats/SPS,5483.0,Pong1PCB2L336P__seed_8_1763344785
4386816,2-Training-Stats/SPS,5483.0,Pong1PCB2L336P__seed_8_1763344785
4390912,2-Training-Stats/SPS,5483.0,Pong1PCB2L336P__seed_8_1763344785
4395008,2-Training-Stats/SPS,5483.0,Pong1PCB2L336P__seed_8_1763344785
4399104,2-Training-Stats/SPS,5483.0,Pong1PCB2L336P__seed_8_1763344785
4403200,2-Training-Stats/SPS,5483.0,Pong1PCB2L336P__seed_8_1763344785
4407296,2-Training-Stats/SPS,5483.0,Pong1PCB2L336P__seed_8_1763344785
4411392,2-Training-Stats/SPS,5482.0,Pong1PCB2L336P__seed_8_1763344785
4415488,2-Training-Stats/SPS,5482.0,Pong1PCB2L336P__seed_8_1763344785
4419584,2-Training-Stats/SPS,5482.0,Pong1PCB2L336P__seed_8_1763344785
4423680,2-Training-Stats/SPS,5482.0,Pong1PCB2L336P__seed_8_1763344785
4427776,2-Training-Stats/SPS,5482.0,Pong1PCB2L336P__seed_8_1763344785
4431872,2-Training-Stats/SPS,5482.0,Pong1PCB2L336P__seed_8_1763344785
4435968,2-Training-Stats/SPS,5482.0,Pong1PCB2L336P__seed_8_1763344785
4440064,2-Training-Stats/SPS,5482.0,Pong1PCB2L336P__seed_8_1763344785
4444160,2-Training-Stats/SPS,5482.0,Pong1PCB2L336P__seed_8_1763344785
4448256,2-Training-Stats/SPS,5482.0,Pong1PCB2L336P__seed_8_1763344785
4452352,2-Training-Stats/SPS,5482.0,Pong1PCB2L336P__seed_8_1763344785
4456448,2-Training-Stats/SPS,5482.0,Pong1PCB2L336P__seed_8_1763344785
4460544,2-Training-Stats/SPS,5482.0,Pong1PCB2L336P__seed_8_1763344785
4464640,2-Training-Stats/SPS,5482.0,Pong1PCB2L336P__seed_8_1763344785
4468736,2-Training-Stats/SPS,5482.0,Pong1PCB2L336P__seed_8_1763344785
4472832,2-Training-Stats/SPS,5482.0,Pong1PCB2L336P__seed_8_1763344785
4476928,2-Training-Stats/SPS,5482.0,Pong1PCB2L336P__seed_8_1763344785
4481024,2-Training-Stats/SPS,5482.0,Pong1PCB2L336P__seed_8_1763344785
4485120,2-Training-Stats/SPS,5482.0,Pong1PCB2L336P__seed_8_1763344785
4489216,2-Training-Stats/SPS,5482.0,Pong1PCB2L336P__seed_8_1763344785
4493312,2-Training-Stats/SPS,5482.0,Pong1PCB2L336P__seed_8_1763344785
4497408,2-Training-Stats/SPS,5482.0,Pong1PCB2L336P__seed_8_1763344785
4501504,2-Training-Stats/SPS,5482.0,Pong1PCB2L336P__seed_8_1763344785
4505600,2-Training-Stats/SPS,5482.0,Pong1PCB2L336P__seed_8_1763344785
4509696,2-Training-Stats/SPS,5482.0,Pong1PCB2L336P__seed_8_1763344785
4513792,2-Training-Stats/SPS,5482.0,Pong1PCB2L336P__seed_8_1763344785
4517888,2-Training-Stats/SPS,5482.0,Pong1PCB2L336P__seed_8_1763344785
4521984,2-Training-Stats/SPS,5482.0,Pong1PCB2L336P__seed_8_1763344785
4526080,2-Training-Stats/SPS,5482.0,Pong1PCB2L336P__seed_8_1763344785
4530176,2-Training-Stats/SPS,5482.0,Pong1PCB2L336P__seed_8_1763344785
4534272,2-Training-Stats/SPS,5482.0,Pong1PCB2L336P__seed_8_1763344785
4538368,2-Training-Stats/SPS,5482.0,Pong1PCB2L336P__seed_8_1763344785
4542464,2-Training-Stats/SPS,5482.0,Pong1PCB2L336P__seed_8_1763344785
4546560,2-Training-Stats/SPS,5482.0,Pong1PCB2L336P__seed_8_1763344785
4550656,2-Training-Stats/SPS,5482.0,Pong1PCB2L336P__seed_8_1763344785
4554752,2-Training-Stats/SPS,5482.0,Pong1PCB2L336P__seed_8_1763344785
4558848,2-Training-Stats/SPS,5482.0,Pong1PCB2L336P__seed_8_1763344785
4562944,2-Training-Stats/SPS,5482.0,Pong1PCB2L336P__seed_8_1763344785
4567040,2-Training-Stats/SPS,5482.0,Pong1PCB2L336P__seed_8_1763344785
4571136,2-Training-Stats/SPS,5482.0,Pong1PCB2L336P__seed_8_1763344785
4575232,2-Training-Stats/SPS,5482.0,Pong1PCB2L336P__seed_8_1763344785
4579328,2-Training-Stats/SPS,5482.0,Pong1PCB2L336P__seed_8_1763344785
4583424,2-Training-Stats/SPS,5482.0,Pong1PCB2L336P__seed_8_1763344785
4587520,2-Training-Stats/SPS,5482.0,Pong1PCB2L336P__seed_8_1763344785
4591616,2-Training-Stats/SPS,5482.0,Pong1PCB2L336P__seed_8_1763344785
4595712,2-Training-Stats/SPS,5482.0,Pong1PCB2L336P__seed_8_1763344785
4599808,2-Training-Stats/SPS,5482.0,Pong1PCB2L336P__seed_8_1763344785
4603904,2-Training-Stats/SPS,5482.0,Pong1PCB2L336P__seed_8_1763344785
4608000,2-Training-Stats/SPS,5482.0,Pong1PCB2L336P__seed_8_1763344785
4612096,2-Training-Stats/SPS,5482.0,Pong1PCB2L336P__seed_8_1763344785
4616192,2-Training-Stats/SPS,5482.0,Pong1PCB2L336P__seed_8_1763344785
4620288,2-Training-Stats/SPS,5482.0,Pong1PCB2L336P__seed_8_1763344785
4624384,2-Training-Stats/SPS,5482.0,Pong1PCB2L336P__seed_8_1763344785
4628480,2-Training-Stats/SPS,5482.0,Pong1PCB2L336P__seed_8_1763344785
4632576,2-Training-Stats/SPS,5482.0,Pong1PCB2L336P__seed_8_1763344785
4636672,2-Training-Stats/SPS,5482.0,Pong1PCB2L336P__seed_8_1763344785
4640768,2-Training-Stats/SPS,5482.0,Pong1PCB2L336P__seed_8_1763344785
4644864,2-Training-Stats/SPS,5482.0,Pong1PCB2L336P__seed_8_1763344785
4648960,2-Training-Stats/SPS,5482.0,Pong1PCB2L336P__seed_8_1763344785
4653056,2-Training-Stats/SPS,5482.0,Pong1PCB2L336P__seed_8_1763344785
4657152,2-Training-Stats/SPS,5482.0,Pong1PCB2L336P__seed_8_1763344785
4661248,2-Training-Stats/SPS,5482.0,Pong1PCB2L336P__seed_8_1763344785
4665344,2-Training-Stats/SPS,5482.0,Pong1PCB2L336P__seed_8_1763344785
4669440,2-Training-Stats/SPS,5482.0,Pong1PCB2L336P__seed_8_1763344785
4673536,2-Training-Stats/SPS,5482.0,Pong1PCB2L336P__seed_8_1763344785
4677632,2-Training-Stats/SPS,5482.0,Pong1PCB2L336P__seed_8_1763344785
4681728,2-Training-Stats/SPS,5482.0,Pong1PCB2L336P__seed_8_1763344785
4685824,2-Training-Stats/SPS,5482.0,Pong1PCB2L336P__seed_8_1763344785
4689920,2-Training-Stats/SPS,5482.0,Pong1PCB2L336P__seed_8_1763344785
4694016,2-Training-Stats/SPS,5482.0,Pong1PCB2L336P__seed_8_1763344785
4698112,2-Training-Stats/SPS,5482.0,Pong1PCB2L336P__seed_8_1763344785
4702208,2-Training-Stats/SPS,5482.0,Pong1PCB2L336P__seed_8_1763344785
4706304,2-Training-Stats/SPS,5482.0,Pong1PCB2L336P__seed_8_1763344785
4710400,2-Training-Stats/SPS,5482.0,Pong1PCB2L336P__seed_8_1763344785
4714496,2-Training-Stats/SPS,5482.0,Pong1PCB2L336P__seed_8_1763344785
4718592,2-Training-Stats/SPS,5481.0,Pong1PCB2L336P__seed_8_1763344785
4722688,2-Training-Stats/SPS,5481.0,Pong1PCB2L336P__seed_8_1763344785
4726784,2-Training-Stats/SPS,5481.0,Pong1PCB2L336P__seed_8_1763344785
4730880,2-Training-Stats/SPS,5481.0,Pong1PCB2L336P__seed_8_1763344785
4734976,2-Training-Stats/SPS,5481.0,Pong1PCB2L336P__seed_8_1763344785
4739072,2-Training-Stats/SPS,5481.0,Pong1PCB2L336P__seed_8_1763344785
4743168,2-Training-Stats/SPS,5481.0,Pong1PCB2L336P__seed_8_1763344785
4747264,2-Training-Stats/SPS,5481.0,Pong1PCB2L336P__seed_8_1763344785
4751360,2-Training-Stats/SPS,5481.0,Pong1PCB2L336P__seed_8_1763344785
4755456,2-Training-Stats/SPS,5481.0,Pong1PCB2L336P__seed_8_1763344785
4759552,2-Training-Stats/SPS,5481.0,Pong1PCB2L336P__seed_8_1763344785
4763648,2-Training-Stats/SPS,5481.0,Pong1PCB2L336P__seed_8_1763344785
4767744,2-Training-Stats/SPS,5481.0,Pong1PCB2L336P__seed_8_1763344785
4771840,2-Training-Stats/SPS,5481.0,Pong1PCB2L336P__seed_8_1763344785
4775936,2-Training-Stats/SPS,5481.0,Pong1PCB2L336P__seed_8_1763344785
4780032,2-Training-Stats/SPS,5481.0,Pong1PCB2L336P__seed_8_1763344785
4784128,2-Training-Stats/SPS,5481.0,Pong1PCB2L336P__seed_8_1763344785
4788224,2-Training-Stats/SPS,5481.0,Pong1PCB2L336P__seed_8_1763344785
4792320,2-Training-Stats/SPS,5481.0,Pong1PCB2L336P__seed_8_1763344785
4796416,2-Training-Stats/SPS,5481.0,Pong1PCB2L336P__seed_8_1763344785
4800512,2-Training-Stats/SPS,5481.0,Pong1PCB2L336P__seed_8_1763344785
4804608,2-Training-Stats/SPS,5481.0,Pong1PCB2L336P__seed_8_1763344785
4808704,2-Training-Stats/SPS,5481.0,Pong1PCB2L336P__seed_8_1763344785
4812800,2-Training-Stats/SPS,5481.0,Pong1PCB2L336P__seed_8_1763344785
4816896,2-Training-Stats/SPS,5481.0,Pong1PCB2L336P__seed_8_1763344785
4820992,2-Training-Stats/SPS,5481.0,Pong1PCB2L336P__seed_8_1763344785
4825088,2-Training-Stats/SPS,5481.0,Pong1PCB2L336P__seed_8_1763344785
4829184,2-Training-Stats/SPS,5481.0,Pong1PCB2L336P__seed_8_1763344785
4833280,2-Training-Stats/SPS,5481.0,Pong1PCB2L336P__seed_8_1763344785
4837376,2-Training-Stats/SPS,5481.0,Pong1PCB2L336P__seed_8_1763344785
4841472,2-Training-Stats/SPS,5481.0,Pong1PCB2L336P__seed_8_1763344785
4845568,2-Training-Stats/SPS,5481.0,Pong1PCB2L336P__seed_8_1763344785
4849664,2-Training-Stats/SPS,5481.0,Pong1PCB2L336P__seed_8_1763344785
4853760,2-Training-Stats/SPS,5481.0,Pong1PCB2L336P__seed_8_1763344785
4857856,2-Training-Stats/SPS,5481.0,Pong1PCB2L336P__seed_8_1763344785
4861952,2-Training-Stats/SPS,5481.0,Pong1PCB2L336P__seed_8_1763344785
4866048,2-Training-Stats/SPS,5481.0,Pong1PCB2L336P__seed_8_1763344785
4870144,2-Training-Stats/SPS,5481.0,Pong1PCB2L336P__seed_8_1763344785
4874240,2-Training-Stats/SPS,5481.0,Pong1PCB2L336P__seed_8_1763344785
4878336,2-Training-Stats/SPS,5481.0,Pong1PCB2L336P__seed_8_1763344785
4882432,2-Training-Stats/SPS,5481.0,Pong1PCB2L336P__seed_8_1763344785
4886528,2-Training-Stats/SPS,5481.0,Pong1PCB2L336P__seed_8_1763344785
4890624,2-Training-Stats/SPS,5481.0,Pong1PCB2L336P__seed_8_1763344785
4894720,2-Training-Stats/SPS,5481.0,Pong1PCB2L336P__seed_8_1763344785
4898816,2-Training-Stats/SPS,5481.0,Pong1PCB2L336P__seed_8_1763344785
4902912,2-Training-Stats/SPS,5481.0,Pong1PCB2L336P__seed_8_1763344785
4907008,2-Training-Stats/SPS,5481.0,Pong1PCB2L336P__seed_8_1763344785
4911104,2-Training-Stats/SPS,5481.0,Pong1PCB2L336P__seed_8_1763344785
4915200,2-Training-Stats/SPS,5481.0,Pong1PCB2L336P__seed_8_1763344785
4919296,2-Training-Stats/SPS,5481.0,Pong1PCB2L336P__seed_8_1763344785
4923392,2-Training-Stats/SPS,5481.0,Pong1PCB2L336P__seed_8_1763344785
4927488,2-Training-Stats/SPS,5481.0,Pong1PCB2L336P__seed_8_1763344785
4931584,2-Training-Stats/SPS,5481.0,Pong1PCB2L336P__seed_8_1763344785
4935680,2-Training-Stats/SPS,5481.0,Pong1PCB2L336P__seed_8_1763344785
4939776,2-Training-Stats/SPS,5481.0,Pong1PCB2L336P__seed_8_1763344785
4943872,2-Training-Stats/SPS,5481.0,Pong1PCB2L336P__seed_8_1763344785
4947968,2-Training-Stats/SPS,5481.0,Pong1PCB2L336P__seed_8_1763344785
4952064,2-Training-Stats/SPS,5481.0,Pong1PCB2L336P__seed_8_1763344785
4956160,2-Training-Stats/SPS,5481.0,Pong1PCB2L336P__seed_8_1763344785
4960256,2-Training-Stats/SPS,5481.0,Pong1PCB2L336P__seed_8_1763344785
4964352,2-Training-Stats/SPS,5481.0,Pong1PCB2L336P__seed_8_1763344785
4968448,2-Training-Stats/SPS,5481.0,Pong1PCB2L336P__seed_8_1763344785
4972544,2-Training-Stats/SPS,5481.0,Pong1PCB2L336P__seed_8_1763344785
4976640,2-Training-Stats/SPS,5481.0,Pong1PCB2L336P__seed_8_1763344785
4980736,2-Training-Stats/SPS,5481.0,Pong1PCB2L336P__seed_8_1763344785
4984832,2-Training-Stats/SPS,5481.0,Pong1PCB2L336P__seed_8_1763344785
4988928,2-Training-Stats/SPS,5481.0,Pong1PCB2L336P__seed_8_1763344785
4993024,2-Training-Stats/SPS,5481.0,Pong1PCB2L336P__seed_8_1763344785
4997120,2-Training-Stats/SPS,5481.0,Pong1PCB2L336P__seed_8_1763344785
5001216,2-Training-Stats/SPS,5481.0,Pong1PCB2L336P__seed_8_1763344785
5005312,2-Training-Stats/SPS,5481.0,Pong1PCB2L336P__seed_8_1763344785
5009408,2-Training-Stats/SPS,5481.0,Pong1PCB2L336P__seed_8_1763344785
5013504,2-Training-Stats/SPS,5481.0,Pong1PCB2L336P__seed_8_1763344785
5017600,2-Training-Stats/SPS,5481.0,Pong1PCB2L336P__seed_8_1763344785
5021696,2-Training-Stats/SPS,5481.0,Pong1PCB2L336P__seed_8_1763344785
5025792,2-Training-Stats/SPS,5481.0,Pong1PCB2L336P__seed_8_1763344785
5029888,2-Training-Stats/SPS,5481.0,Pong1PCB2L336P__seed_8_1763344785
5033984,2-Training-Stats/SPS,5481.0,Pong1PCB2L336P__seed_8_1763344785
5038080,2-Training-Stats/SPS,5481.0,Pong1PCB2L336P__seed_8_1763344785
5042176,2-Training-Stats/SPS,5481.0,Pong1PCB2L336P__seed_8_1763344785
5046272,2-Training-Stats/SPS,5481.0,Pong1PCB2L336P__seed_8_1763344785
5050368,2-Training-Stats/SPS,5481.0,Pong1PCB2L336P__seed_8_1763344785
5054464,2-Training-Stats/SPS,5481.0,Pong1PCB2L336P__seed_8_1763344785
5058560,2-Training-Stats/SPS,5481.0,Pong1PCB2L336P__seed_8_1763344785
5062656,2-Training-Stats/SPS,5481.0,Pong1PCB2L336P__seed_8_1763344785
5066752,2-Training-Stats/SPS,5481.0,Pong1PCB2L336P__seed_8_1763344785
5070848,2-Training-Stats/SPS,5481.0,Pong1PCB2L336P__seed_8_1763344785
5074944,2-Training-Stats/SPS,5481.0,Pong1PCB2L336P__seed_8_1763344785
5079040,2-Training-Stats/SPS,5481.0,Pong1PCB2L336P__seed_8_1763344785
5083136,2-Training-Stats/SPS,5481.0,Pong1PCB2L336P__seed_8_1763344785
5087232,2-Training-Stats/SPS,5480.0,Pong1PCB2L336P__seed_8_1763344785
5091328,2-Training-Stats/SPS,5480.0,Pong1PCB2L336P__seed_8_1763344785
5095424,2-Training-Stats/SPS,5480.0,Pong1PCB2L336P__seed_8_1763344785
5099520,2-Training-Stats/SPS,5480.0,Pong1PCB2L336P__seed_8_1763344785
5103616,2-Training-Stats/SPS,5480.0,Pong1PCB2L336P__seed_8_1763344785
5107712,2-Training-Stats/SPS,5480.0,Pong1PCB2L336P__seed_8_1763344785
5111808,2-Training-Stats/SPS,5480.0,Pong1PCB2L336P__seed_8_1763344785
5115904,2-Training-Stats/SPS,5480.0,Pong1PCB2L336P__seed_8_1763344785
5120000,2-Training-Stats/SPS,5480.0,Pong1PCB2L336P__seed_8_1763344785
5124096,2-Training-Stats/SPS,5480.0,Pong1PCB2L336P__seed_8_1763344785
5128192,2-Training-Stats/SPS,5480.0,Pong1PCB2L336P__seed_8_1763344785
5132288,2-Training-Stats/SPS,5480.0,Pong1PCB2L336P__seed_8_1763344785
5136384,2-Training-Stats/SPS,5480.0,Pong1PCB2L336P__seed_8_1763344785
5140480,2-Training-Stats/SPS,5480.0,Pong1PCB2L336P__seed_8_1763344785
5144576,2-Training-Stats/SPS,5480.0,Pong1PCB2L336P__seed_8_1763344785
5148672,2-Training-Stats/SPS,5480.0,Pong1PCB2L336P__seed_8_1763344785
5152768,2-Training-Stats/SPS,5480.0,Pong1PCB2L336P__seed_8_1763344785
5156864,2-Training-Stats/SPS,5480.0,Pong1PCB2L336P__seed_8_1763344785
5160960,2-Training-Stats/SPS,5480.0,Pong1PCB2L336P__seed_8_1763344785
5165056,2-Training-Stats/SPS,5480.0,Pong1PCB2L336P__seed_8_1763344785
5169152,2-Training-Stats/SPS,5480.0,Pong1PCB2L336P__seed_8_1763344785
5173248,2-Training-Stats/SPS,5480.0,Pong1PCB2L336P__seed_8_1763344785
5177344,2-Training-Stats/SPS,5480.0,Pong1PCB2L336P__seed_8_1763344785
5181440,2-Training-Stats/SPS,5480.0,Pong1PCB2L336P__seed_8_1763344785
5185536,2-Training-Stats/SPS,5480.0,Pong1PCB2L336P__seed_8_1763344785
5189632,2-Training-Stats/SPS,5480.0,Pong1PCB2L336P__seed_8_1763344785
5193728,2-Training-Stats/SPS,5480.0,Pong1PCB2L336P__seed_8_1763344785
5197824,2-Training-Stats/SPS,5480.0,Pong1PCB2L336P__seed_8_1763344785
5201920,2-Training-Stats/SPS,5480.0,Pong1PCB2L336P__seed_8_1763344785
5206016,2-Training-Stats/SPS,5480.0,Pong1PCB2L336P__seed_8_1763344785
5210112,2-Training-Stats/SPS,5480.0,Pong1PCB2L336P__seed_8_1763344785
5214208,2-Training-Stats/SPS,5480.0,Pong1PCB2L336P__seed_8_1763344785
5218304,2-Training-Stats/SPS,5480.0,Pong1PCB2L336P__seed_8_1763344785
5222400,2-Training-Stats/SPS,5480.0,Pong1PCB2L336P__seed_8_1763344785
5226496,2-Training-Stats/SPS,5480.0,Pong1PCB2L336P__seed_8_1763344785
5230592,2-Training-Stats/SPS,5480.0,Pong1PCB2L336P__seed_8_1763344785
5234688,2-Training-Stats/SPS,5480.0,Pong1PCB2L336P__seed_8_1763344785
5238784,2-Training-Stats/SPS,5480.0,Pong1PCB2L336P__seed_8_1763344785
5242880,2-Training-Stats/SPS,5480.0,Pong1PCB2L336P__seed_8_1763344785
5246976,2-Training-Stats/SPS,5480.0,Pong1PCB2L336P__seed_8_1763344785
5251072,2-Training-Stats/SPS,5480.0,Pong1PCB2L336P__seed_8_1763344785
5255168,2-Training-Stats/SPS,5480.0,Pong1PCB2L336P__seed_8_1763344785
5259264,2-Training-Stats/SPS,5480.0,Pong1PCB2L336P__seed_8_1763344785
5263360,2-Training-Stats/SPS,5480.0,Pong1PCB2L336P__seed_8_1763344785
5267456,2-Training-Stats/SPS,5480.0,Pong1PCB2L336P__seed_8_1763344785
5271552,2-Training-Stats/SPS,5480.0,Pong1PCB2L336P__seed_8_1763344785
5275648,2-Training-Stats/SPS,5480.0,Pong1PCB2L336P__seed_8_1763344785
5279744,2-Training-Stats/SPS,5480.0,Pong1PCB2L336P__seed_8_1763344785
5283840,2-Training-Stats/SPS,5480.0,Pong1PCB2L336P__seed_8_1763344785
5287936,2-Training-Stats/SPS,5480.0,Pong1PCB2L336P__seed_8_1763344785
5292032,2-Training-Stats/SPS,5480.0,Pong1PCB2L336P__seed_8_1763344785
5296128,2-Training-Stats/SPS,5480.0,Pong1PCB2L336P__seed_8_1763344785
5300224,2-Training-Stats/SPS,5480.0,Pong1PCB2L336P__seed_8_1763344785
5304320,2-Training-Stats/SPS,5480.0,Pong1PCB2L336P__seed_8_1763344785
5308416,2-Training-Stats/SPS,5480.0,Pong1PCB2L336P__seed_8_1763344785
5312512,2-Training-Stats/SPS,5480.0,Pong1PCB2L336P__seed_8_1763344785
5316608,2-Training-Stats/SPS,5480.0,Pong1PCB2L336P__seed_8_1763344785
5320704,2-Training-Stats/SPS,5480.0,Pong1PCB2L336P__seed_8_1763344785
5324800,2-Training-Stats/SPS,5480.0,Pong1PCB2L336P__seed_8_1763344785
5328896,2-Training-Stats/SPS,5480.0,Pong1PCB2L336P__seed_8_1763344785
5332992,2-Training-Stats/SPS,5480.0,Pong1PCB2L336P__seed_8_1763344785
5337088,2-Training-Stats/SPS,5480.0,Pong1PCB2L336P__seed_8_1763344785
5341184,2-Training-Stats/SPS,5480.0,Pong1PCB2L336P__seed_8_1763344785
5345280,2-Training-Stats/SPS,5480.0,Pong1PCB2L336P__seed_8_1763344785
5349376,2-Training-Stats/SPS,5480.0,Pong1PCB2L336P__seed_8_1763344785
5353472,2-Training-Stats/SPS,5480.0,Pong1PCB2L336P__seed_8_1763344785
5357568,2-Training-Stats/SPS,5480.0,Pong1PCB2L336P__seed_8_1763344785
5361664,2-Training-Stats/SPS,5480.0,Pong1PCB2L336P__seed_8_1763344785
5365760,2-Training-Stats/SPS,5480.0,Pong1PCB2L336P__seed_8_1763344785
5369856,2-Training-Stats/SPS,5480.0,Pong1PCB2L336P__seed_8_1763344785
5373952,2-Training-Stats/SPS,5480.0,Pong1PCB2L336P__seed_8_1763344785
5378048,2-Training-Stats/SPS,5480.0,Pong1PCB2L336P__seed_8_1763344785
5382144,2-Training-Stats/SPS,5480.0,Pong1PCB2L336P__seed_8_1763344785
5386240,2-Training-Stats/SPS,5480.0,Pong1PCB2L336P__seed_8_1763344785
5390336,2-Training-Stats/SPS,5480.0,Pong1PCB2L336P__seed_8_1763344785
5394432,2-Training-Stats/SPS,5480.0,Pong1PCB2L336P__seed_8_1763344785
5398528,2-Training-Stats/SPS,5480.0,Pong1PCB2L336P__seed_8_1763344785
5402624,2-Training-Stats/SPS,5480.0,Pong1PCB2L336P__seed_8_1763344785
5406720,2-Training-Stats/SPS,5480.0,Pong1PCB2L336P__seed_8_1763344785
5410816,2-Training-Stats/SPS,5480.0,Pong1PCB2L336P__seed_8_1763344785
5414912,2-Training-Stats/SPS,5480.0,Pong1PCB2L336P__seed_8_1763344785
5419008,2-Training-Stats/SPS,5480.0,Pong1PCB2L336P__seed_8_1763344785
5423104,2-Training-Stats/SPS,5480.0,Pong1PCB2L336P__seed_8_1763344785
5427200,2-Training-Stats/SPS,5480.0,Pong1PCB2L336P__seed_8_1763344785
5431296,2-Training-Stats/SPS,5480.0,Pong1PCB2L336P__seed_8_1763344785
5435392,2-Training-Stats/SPS,5480.0,Pong1PCB2L336P__seed_8_1763344785
5439488,2-Training-Stats/SPS,5480.0,Pong1PCB2L336P__seed_8_1763344785
5443584,2-Training-Stats/SPS,5480.0,Pong1PCB2L336P__seed_8_1763344785
5447680,2-Training-Stats/SPS,5480.0,Pong1PCB2L336P__seed_8_1763344785
5451776,2-Training-Stats/SPS,5480.0,Pong1PCB2L336P__seed_8_1763344785
5455872,2-Training-Stats/SPS,5480.0,Pong1PCB2L336P__seed_8_1763344785
5459968,2-Training-Stats/SPS,5480.0,Pong1PCB2L336P__seed_8_1763344785
5464064,2-Training-Stats/SPS,5480.0,Pong1PCB2L336P__seed_8_1763344785
5468160,2-Training-Stats/SPS,5480.0,Pong1PCB2L336P__seed_8_1763344785
5472256,2-Training-Stats/SPS,5479.0,Pong1PCB2L336P__seed_8_1763344785
5476352,2-Training-Stats/SPS,5479.0,Pong1PCB2L336P__seed_8_1763344785
5480448,2-Training-Stats/SPS,5479.0,Pong1PCB2L336P__seed_8_1763344785
5484544,2-Training-Stats/SPS,5479.0,Pong1PCB2L336P__seed_8_1763344785
5488640,2-Training-Stats/SPS,5479.0,Pong1PCB2L336P__seed_8_1763344785
5492736,2-Training-Stats/SPS,5479.0,Pong1PCB2L336P__seed_8_1763344785
5496832,2-Training-Stats/SPS,5479.0,Pong1PCB2L336P__seed_8_1763344785
5500928,2-Training-Stats/SPS,5479.0,Pong1PCB2L336P__seed_8_1763344785
5505024,2-Training-Stats/SPS,5479.0,Pong1PCB2L336P__seed_8_1763344785
5509120,2-Training-Stats/SPS,5479.0,Pong1PCB2L336P__seed_8_1763344785
5513216,2-Training-Stats/SPS,5479.0,Pong1PCB2L336P__seed_8_1763344785
5517312,2-Training-Stats/SPS,5479.0,Pong1PCB2L336P__seed_8_1763344785
5521408,2-Training-Stats/SPS,5479.0,Pong1PCB2L336P__seed_8_1763344785
5525504,2-Training-Stats/SPS,5479.0,Pong1PCB2L336P__seed_8_1763344785
5529600,2-Training-Stats/SPS,5479.0,Pong1PCB2L336P__seed_8_1763344785
5533696,2-Training-Stats/SPS,5479.0,Pong1PCB2L336P__seed_8_1763344785
5537792,2-Training-Stats/SPS,5479.0,Pong1PCB2L336P__seed_8_1763344785
5541888,2-Training-Stats/SPS,5479.0,Pong1PCB2L336P__seed_8_1763344785
5545984,2-Training-Stats/SPS,5479.0,Pong1PCB2L336P__seed_8_1763344785
5550080,2-Training-Stats/SPS,5479.0,Pong1PCB2L336P__seed_8_1763344785
5554176,2-Training-Stats/SPS,5479.0,Pong1PCB2L336P__seed_8_1763344785
5558272,2-Training-Stats/SPS,5479.0,Pong1PCB2L336P__seed_8_1763344785
5562368,2-Training-Stats/SPS,5479.0,Pong1PCB2L336P__seed_8_1763344785
5566464,2-Training-Stats/SPS,5479.0,Pong1PCB2L336P__seed_8_1763344785
5570560,2-Training-Stats/SPS,5479.0,Pong1PCB2L336P__seed_8_1763344785
5574656,2-Training-Stats/SPS,5479.0,Pong1PCB2L336P__seed_8_1763344785
5578752,2-Training-Stats/SPS,5479.0,Pong1PCB2L336P__seed_8_1763344785
5582848,2-Training-Stats/SPS,5479.0,Pong1PCB2L336P__seed_8_1763344785
5586944,2-Training-Stats/SPS,5479.0,Pong1PCB2L336P__seed_8_1763344785
5591040,2-Training-Stats/SPS,5479.0,Pong1PCB2L336P__seed_8_1763344785
5595136,2-Training-Stats/SPS,5479.0,Pong1PCB2L336P__seed_8_1763344785
5599232,2-Training-Stats/SPS,5479.0,Pong1PCB2L336P__seed_8_1763344785
5603328,2-Training-Stats/SPS,5479.0,Pong1PCB2L336P__seed_8_1763344785
5607424,2-Training-Stats/SPS,5479.0,Pong1PCB2L336P__seed_8_1763344785
5611520,2-Training-Stats/SPS,5479.0,Pong1PCB2L336P__seed_8_1763344785
5615616,2-Training-Stats/SPS,5479.0,Pong1PCB2L336P__seed_8_1763344785
5619712,2-Training-Stats/SPS,5479.0,Pong1PCB2L336P__seed_8_1763344785
5623808,2-Training-Stats/SPS,5479.0,Pong1PCB2L336P__seed_8_1763344785
5627904,2-Training-Stats/SPS,5479.0,Pong1PCB2L336P__seed_8_1763344785
5632000,2-Training-Stats/SPS,5479.0,Pong1PCB2L336P__seed_8_1763344785
5636096,2-Training-Stats/SPS,5479.0,Pong1PCB2L336P__seed_8_1763344785
5640192,2-Training-Stats/SPS,5479.0,Pong1PCB2L336P__seed_8_1763344785
5644288,2-Training-Stats/SPS,5479.0,Pong1PCB2L336P__seed_8_1763344785
5648384,2-Training-Stats/SPS,5479.0,Pong1PCB2L336P__seed_8_1763344785
5652480,2-Training-Stats/SPS,5479.0,Pong1PCB2L336P__seed_8_1763344785
5656576,2-Training-Stats/SPS,5479.0,Pong1PCB2L336P__seed_8_1763344785
5660672,2-Training-Stats/SPS,5479.0,Pong1PCB2L336P__seed_8_1763344785
5664768,2-Training-Stats/SPS,5479.0,Pong1PCB2L336P__seed_8_1763344785
5668864,2-Training-Stats/SPS,5479.0,Pong1PCB2L336P__seed_8_1763344785
5672960,2-Training-Stats/SPS,5479.0,Pong1PCB2L336P__seed_8_1763344785
5677056,2-Training-Stats/SPS,5479.0,Pong1PCB2L336P__seed_8_1763344785
5681152,2-Training-Stats/SPS,5479.0,Pong1PCB2L336P__seed_8_1763344785
5685248,2-Training-Stats/SPS,5479.0,Pong1PCB2L336P__seed_8_1763344785
5689344,2-Training-Stats/SPS,5479.0,Pong1PCB2L336P__seed_8_1763344785
5693440,2-Training-Stats/SPS,5479.0,Pong1PCB2L336P__seed_8_1763344785
5697536,2-Training-Stats/SPS,5479.0,Pong1PCB2L336P__seed_8_1763344785
5701632,2-Training-Stats/SPS,5479.0,Pong1PCB2L336P__seed_8_1763344785
5705728,2-Training-Stats/SPS,5479.0,Pong1PCB2L336P__seed_8_1763344785
5709824,2-Training-Stats/SPS,5479.0,Pong1PCB2L336P__seed_8_1763344785
5713920,2-Training-Stats/SPS,5479.0,Pong1PCB2L336P__seed_8_1763344785
5718016,2-Training-Stats/SPS,5479.0,Pong1PCB2L336P__seed_8_1763344785
5722112,2-Training-Stats/SPS,5479.0,Pong1PCB2L336P__seed_8_1763344785
5726208,2-Training-Stats/SPS,5479.0,Pong1PCB2L336P__seed_8_1763344785
5730304,2-Training-Stats/SPS,5479.0,Pong1PCB2L336P__seed_8_1763344785
5734400,2-Training-Stats/SPS,5479.0,Pong1PCB2L336P__seed_8_1763344785
5738496,2-Training-Stats/SPS,5479.0,Pong1PCB2L336P__seed_8_1763344785
5742592,2-Training-Stats/SPS,5479.0,Pong1PCB2L336P__seed_8_1763344785
5746688,2-Training-Stats/SPS,5479.0,Pong1PCB2L336P__seed_8_1763344785
5750784,2-Training-Stats/SPS,5479.0,Pong1PCB2L336P__seed_8_1763344785
5754880,2-Training-Stats/SPS,5479.0,Pong1PCB2L336P__seed_8_1763344785
5758976,2-Training-Stats/SPS,5479.0,Pong1PCB2L336P__seed_8_1763344785
5763072,2-Training-Stats/SPS,5479.0,Pong1PCB2L336P__seed_8_1763344785
5767168,2-Training-Stats/SPS,5479.0,Pong1PCB2L336P__seed_8_1763344785
5771264,2-Training-Stats/SPS,5479.0,Pong1PCB2L336P__seed_8_1763344785
5775360,2-Training-Stats/SPS,5479.0,Pong1PCB2L336P__seed_8_1763344785
5779456,2-Training-Stats/SPS,5479.0,Pong1PCB2L336P__seed_8_1763344785
5783552,2-Training-Stats/SPS,5479.0,Pong1PCB2L336P__seed_8_1763344785
5787648,2-Training-Stats/SPS,5479.0,Pong1PCB2L336P__seed_8_1763344785
5791744,2-Training-Stats/SPS,5479.0,Pong1PCB2L336P__seed_8_1763344785
5795840,2-Training-Stats/SPS,5479.0,Pong1PCB2L336P__seed_8_1763344785
5799936,2-Training-Stats/SPS,5479.0,Pong1PCB2L336P__seed_8_1763344785
5804032,2-Training-Stats/SPS,5479.0,Pong1PCB2L336P__seed_8_1763344785
5808128,2-Training-Stats/SPS,5479.0,Pong1PCB2L336P__seed_8_1763344785
5812224,2-Training-Stats/SPS,5479.0,Pong1PCB2L336P__seed_8_1763344785
5816320,2-Training-Stats/SPS,5479.0,Pong1PCB2L336P__seed_8_1763344785
5820416,2-Training-Stats/SPS,5479.0,Pong1PCB2L336P__seed_8_1763344785
5824512,2-Training-Stats/SPS,5479.0,Pong1PCB2L336P__seed_8_1763344785
5828608,2-Training-Stats/SPS,5479.0,Pong1PCB2L336P__seed_8_1763344785
5832704,2-Training-Stats/SPS,5479.0,Pong1PCB2L336P__seed_8_1763344785
5836800,2-Training-Stats/SPS,5479.0,Pong1PCB2L336P__seed_8_1763344785
5840896,2-Training-Stats/SPS,5479.0,Pong1PCB2L336P__seed_8_1763344785
5844992,2-Training-Stats/SPS,5479.0,Pong1PCB2L336P__seed_8_1763344785
5849088,2-Training-Stats/SPS,5479.0,Pong1PCB2L336P__seed_8_1763344785
5853184,2-Training-Stats/SPS,5479.0,Pong1PCB2L336P__seed_8_1763344785
5857280,2-Training-Stats/SPS,5479.0,Pong1PCB2L336P__seed_8_1763344785
5861376,2-Training-Stats/SPS,5479.0,Pong1PCB2L336P__seed_8_1763344785
5865472,2-Training-Stats/SPS,5479.0,Pong1PCB2L336P__seed_8_1763344785
5869568,2-Training-Stats/SPS,5479.0,Pong1PCB2L336P__seed_8_1763344785
5873664,2-Training-Stats/SPS,5479.0,Pong1PCB2L336P__seed_8_1763344785
5877760,2-Training-Stats/SPS,5479.0,Pong1PCB2L336P__seed_8_1763344785
5881856,2-Training-Stats/SPS,5479.0,Pong1PCB2L336P__seed_8_1763344785
5885952,2-Training-Stats/SPS,5479.0,Pong1PCB2L336P__seed_8_1763344785
5890048,2-Training-Stats/SPS,5479.0,Pong1PCB2L336P__seed_8_1763344785
5894144,2-Training-Stats/SPS,5479.0,Pong1PCB2L336P__seed_8_1763344785
5898240,2-Training-Stats/SPS,5479.0,Pong1PCB2L336P__seed_8_1763344785
5902336,2-Training-Stats/SPS,5479.0,Pong1PCB2L336P__seed_8_1763344785
5906432,2-Training-Stats/SPS,5479.0,Pong1PCB2L336P__seed_8_1763344785
5910528,2-Training-Stats/SPS,5479.0,Pong1PCB2L336P__seed_8_1763344785
5914624,2-Training-Stats/SPS,5479.0,Pong1PCB2L336P__seed_8_1763344785
5918720,2-Training-Stats/SPS,5479.0,Pong1PCB2L336P__seed_8_1763344785
5922816,2-Training-Stats/SPS,5479.0,Pong1PCB2L336P__seed_8_1763344785
5926912,2-Training-Stats/SPS,5479.0,Pong1PCB2L336P__seed_8_1763344785
5931008,2-Training-Stats/SPS,5479.0,Pong1PCB2L336P__seed_8_1763344785
5935104,2-Training-Stats/SPS,5479.0,Pong1PCB2L336P__seed_8_1763344785
5939200,2-Training-Stats/SPS,5479.0,Pong1PCB2L336P__seed_8_1763344785
5943296,2-Training-Stats/SPS,5479.0,Pong1PCB2L336P__seed_8_1763344785
5947392,2-Training-Stats/SPS,5479.0,Pong1PCB2L336P__seed_8_1763344785
5951488,2-Training-Stats/SPS,5479.0,Pong1PCB2L336P__seed_8_1763344785
5955584,2-Training-Stats/SPS,5479.0,Pong1PCB2L336P__seed_8_1763344785
5959680,2-Training-Stats/SPS,5479.0,Pong1PCB2L336P__seed_8_1763344785
5963776,2-Training-Stats/SPS,5479.0,Pong1PCB2L336P__seed_8_1763344785
5967872,2-Training-Stats/SPS,5479.0,Pong1PCB2L336P__seed_8_1763344785
5971968,2-Training-Stats/SPS,5479.0,Pong1PCB2L336P__seed_8_1763344785
5976064,2-Training-Stats/SPS,5479.0,Pong1PCB2L336P__seed_8_1763344785
5980160,2-Training-Stats/SPS,5479.0,Pong1PCB2L336P__seed_8_1763344785
5984256,2-Training-Stats/SPS,5479.0,Pong1PCB2L336P__seed_8_1763344785
5988352,2-Training-Stats/SPS,5479.0,Pong1PCB2L336P__seed_8_1763344785
5992448,2-Training-Stats/SPS,5479.0,Pong1PCB2L336P__seed_8_1763344785
5996544,2-Training-Stats/SPS,5479.0,Pong1PCB2L336P__seed_8_1763344785
6000640,2-Training-Stats/SPS,5479.0,Pong1PCB2L336P__seed_8_1763344785
6004736,2-Training-Stats/SPS,5479.0,Pong1PCB2L336P__seed_8_1763344785
6008832,2-Training-Stats/SPS,5479.0,Pong1PCB2L336P__seed_8_1763344785
6012928,2-Training-Stats/SPS,5479.0,Pong1PCB2L336P__seed_8_1763344785
6017024,2-Training-Stats/SPS,5479.0,Pong1PCB2L336P__seed_8_1763344785
6021120,2-Training-Stats/SPS,5479.0,Pong1PCB2L336P__seed_8_1763344785
6025216,2-Training-Stats/SPS,5479.0,Pong1PCB2L336P__seed_8_1763344785
6029312,2-Training-Stats/SPS,5479.0,Pong1PCB2L336P__seed_8_1763344785
6033408,2-Training-Stats/SPS,5479.0,Pong1PCB2L336P__seed_8_1763344785
6037504,2-Training-Stats/SPS,5479.0,Pong1PCB2L336P__seed_8_1763344785
6041600,2-Training-Stats/SPS,5479.0,Pong1PCB2L336P__seed_8_1763344785
6045696,2-Training-Stats/SPS,5478.0,Pong1PCB2L336P__seed_8_1763344785
6049792,2-Training-Stats/SPS,5478.0,Pong1PCB2L336P__seed_8_1763344785
6053888,2-Training-Stats/SPS,5479.0,Pong1PCB2L336P__seed_8_1763344785
6057984,2-Training-Stats/SPS,5478.0,Pong1PCB2L336P__seed_8_1763344785
6062080,2-Training-Stats/SPS,5478.0,Pong1PCB2L336P__seed_8_1763344785
6066176,2-Training-Stats/SPS,5478.0,Pong1PCB2L336P__seed_8_1763344785
6070272,2-Training-Stats/SPS,5478.0,Pong1PCB2L336P__seed_8_1763344785
6074368,2-Training-Stats/SPS,5478.0,Pong1PCB2L336P__seed_8_1763344785
6078464,2-Training-Stats/SPS,5478.0,Pong1PCB2L336P__seed_8_1763344785
6082560,2-Training-Stats/SPS,5478.0,Pong1PCB2L336P__seed_8_1763344785
6086656,2-Training-Stats/SPS,5478.0,Pong1PCB2L336P__seed_8_1763344785
6090752,2-Training-Stats/SPS,5478.0,Pong1PCB2L336P__seed_8_1763344785
6094848,2-Training-Stats/SPS,5478.0,Pong1PCB2L336P__seed_8_1763344785
6098944,2-Training-Stats/SPS,5478.0,Pong1PCB2L336P__seed_8_1763344785
6103040,2-Training-Stats/SPS,5478.0,Pong1PCB2L336P__seed_8_1763344785
6107136,2-Training-Stats/SPS,5479.0,Pong1PCB2L336P__seed_8_1763344785
6111232,2-Training-Stats/SPS,5479.0,Pong1PCB2L336P__seed_8_1763344785
6115328,2-Training-Stats/SPS,5479.0,Pong1PCB2L336P__seed_8_1763344785
6119424,2-Training-Stats/SPS,5479.0,Pong1PCB2L336P__seed_8_1763344785
6123520,2-Training-Stats/SPS,5479.0,Pong1PCB2L336P__seed_8_1763344785
6127616,2-Training-Stats/SPS,5479.0,Pong1PCB2L336P__seed_8_1763344785
6131712,2-Training-Stats/SPS,5478.0,Pong1PCB2L336P__seed_8_1763344785
6135808,2-Training-Stats/SPS,5479.0,Pong1PCB2L336P__seed_8_1763344785
6139904,2-Training-Stats/SPS,5479.0,Pong1PCB2L336P__seed_8_1763344785
6144000,2-Training-Stats/SPS,5478.0,Pong1PCB2L336P__seed_8_1763344785
6148096,2-Training-Stats/SPS,5478.0,Pong1PCB2L336P__seed_8_1763344785
6152192,2-Training-Stats/SPS,5479.0,Pong1PCB2L336P__seed_8_1763344785
6156288,2-Training-Stats/SPS,5478.0,Pong1PCB2L336P__seed_8_1763344785
6160384,2-Training-Stats/SPS,5478.0,Pong1PCB2L336P__seed_8_1763344785
6164480,2-Training-Stats/SPS,5478.0,Pong1PCB2L336P__seed_8_1763344785
6168576,2-Training-Stats/SPS,5478.0,Pong1PCB2L336P__seed_8_1763344785
6172672,2-Training-Stats/SPS,5478.0,Pong1PCB2L336P__seed_8_1763344785
6176768,2-Training-Stats/SPS,5478.0,Pong1PCB2L336P__seed_8_1763344785
6180864,2-Training-Stats/SPS,5478.0,Pong1PCB2L336P__seed_8_1763344785
6184960,2-Training-Stats/SPS,5478.0,Pong1PCB2L336P__seed_8_1763344785
6189056,2-Training-Stats/SPS,5478.0,Pong1PCB2L336P__seed_8_1763344785
6193152,2-Training-Stats/SPS,5478.0,Pong1PCB2L336P__seed_8_1763344785
6197248,2-Training-Stats/SPS,5478.0,Pong1PCB2L336P__seed_8_1763344785
6201344,2-Training-Stats/SPS,5478.0,Pong1PCB2L336P__seed_8_1763344785
6205440,2-Training-Stats/SPS,5478.0,Pong1PCB2L336P__seed_8_1763344785
6209536,2-Training-Stats/SPS,5478.0,Pong1PCB2L336P__seed_8_1763344785
6213632,2-Training-Stats/SPS,5478.0,Pong1PCB2L336P__seed_8_1763344785
6217728,2-Training-Stats/SPS,5478.0,Pong1PCB2L336P__seed_8_1763344785
6221824,2-Training-Stats/SPS,5478.0,Pong1PCB2L336P__seed_8_1763344785
6225920,2-Training-Stats/SPS,5478.0,Pong1PCB2L336P__seed_8_1763344785
6230016,2-Training-Stats/SPS,5478.0,Pong1PCB2L336P__seed_8_1763344785
6234112,2-Training-Stats/SPS,5478.0,Pong1PCB2L336P__seed_8_1763344785
6238208,2-Training-Stats/SPS,5478.0,Pong1PCB2L336P__seed_8_1763344785
6242304,2-Training-Stats/SPS,5478.0,Pong1PCB2L336P__seed_8_1763344785
6246400,2-Training-Stats/SPS,5478.0,Pong1PCB2L336P__seed_8_1763344785
6250496,2-Training-Stats/SPS,5478.0,Pong1PCB2L336P__seed_8_1763344785
6254592,2-Training-Stats/SPS,5478.0,Pong1PCB2L336P__seed_8_1763344785
6258688,2-Training-Stats/SPS,5478.0,Pong1PCB2L336P__seed_8_1763344785
6262784,2-Training-Stats/SPS,5478.0,Pong1PCB2L336P__seed_8_1763344785
6266880,2-Training-Stats/SPS,5478.0,Pong1PCB2L336P__seed_8_1763344785
6270976,2-Training-Stats/SPS,5478.0,Pong1PCB2L336P__seed_8_1763344785
6275072,2-Training-Stats/SPS,5478.0,Pong1PCB2L336P__seed_8_1763344785
6279168,2-Training-Stats/SPS,5478.0,Pong1PCB2L336P__seed_8_1763344785
6283264,2-Training-Stats/SPS,5478.0,Pong1PCB2L336P__seed_8_1763344785
6287360,2-Training-Stats/SPS,5478.0,Pong1PCB2L336P__seed_8_1763344785
6291456,2-Training-Stats/SPS,5478.0,Pong1PCB2L336P__seed_8_1763344785
6295552,2-Training-Stats/SPS,5478.0,Pong1PCB2L336P__seed_8_1763344785
6299648,2-Training-Stats/SPS,5478.0,Pong1PCB2L336P__seed_8_1763344785
6303744,2-Training-Stats/SPS,5478.0,Pong1PCB2L336P__seed_8_1763344785
6307840,2-Training-Stats/SPS,5478.0,Pong1PCB2L336P__seed_8_1763344785
6311936,2-Training-Stats/SPS,5478.0,Pong1PCB2L336P__seed_8_1763344785
6316032,2-Training-Stats/SPS,5478.0,Pong1PCB2L336P__seed_8_1763344785
6320128,2-Training-Stats/SPS,5478.0,Pong1PCB2L336P__seed_8_1763344785
6324224,2-Training-Stats/SPS,5478.0,Pong1PCB2L336P__seed_8_1763344785
6328320,2-Training-Stats/SPS,5478.0,Pong1PCB2L336P__seed_8_1763344785
6332416,2-Training-Stats/SPS,5478.0,Pong1PCB2L336P__seed_8_1763344785
6336512,2-Training-Stats/SPS,5478.0,Pong1PCB2L336P__seed_8_1763344785
6340608,2-Training-Stats/SPS,5478.0,Pong1PCB2L336P__seed_8_1763344785
6344704,2-Training-Stats/SPS,5478.0,Pong1PCB2L336P__seed_8_1763344785
6348800,2-Training-Stats/SPS,5478.0,Pong1PCB2L336P__seed_8_1763344785
6352896,2-Training-Stats/SPS,5478.0,Pong1PCB2L336P__seed_8_1763344785
6356992,2-Training-Stats/SPS,5478.0,Pong1PCB2L336P__seed_8_1763344785
6361088,2-Training-Stats/SPS,5478.0,Pong1PCB2L336P__seed_8_1763344785
6365184,2-Training-Stats/SPS,5478.0,Pong1PCB2L336P__seed_8_1763344785
6369280,2-Training-Stats/SPS,5478.0,Pong1PCB2L336P__seed_8_1763344785
6373376,2-Training-Stats/SPS,5478.0,Pong1PCB2L336P__seed_8_1763344785
6377472,2-Training-Stats/SPS,5478.0,Pong1PCB2L336P__seed_8_1763344785
6381568,2-Training-Stats/SPS,5478.0,Pong1PCB2L336P__seed_8_1763344785
6385664,2-Training-Stats/SPS,5478.0,Pong1PCB2L336P__seed_8_1763344785
6389760,2-Training-Stats/SPS,5478.0,Pong1PCB2L336P__seed_8_1763344785
6393856,2-Training-Stats/SPS,5478.0,Pong1PCB2L336P__seed_8_1763344785
6397952,2-Training-Stats/SPS,5478.0,Pong1PCB2L336P__seed_8_1763344785
6402048,2-Training-Stats/SPS,5478.0,Pong1PCB2L336P__seed_8_1763344785
6406144,2-Training-Stats/SPS,5478.0,Pong1PCB2L336P__seed_8_1763344785
6410240,2-Training-Stats/SPS,5478.0,Pong1PCB2L336P__seed_8_1763344785
6414336,2-Training-Stats/SPS,5478.0,Pong1PCB2L336P__seed_8_1763344785
6418432,2-Training-Stats/SPS,5478.0,Pong1PCB2L336P__seed_8_1763344785
6422528,2-Training-Stats/SPS,5478.0,Pong1PCB2L336P__seed_8_1763344785
6426624,2-Training-Stats/SPS,5478.0,Pong1PCB2L336P__seed_8_1763344785
6430720,2-Training-Stats/SPS,5478.0,Pong1PCB2L336P__seed_8_1763344785
6434816,2-Training-Stats/SPS,5478.0,Pong1PCB2L336P__seed_8_1763344785
6438912,2-Training-Stats/SPS,5478.0,Pong1PCB2L336P__seed_8_1763344785
6443008,2-Training-Stats/SPS,5478.0,Pong1PCB2L336P__seed_8_1763344785
6447104,2-Training-Stats/SPS,5478.0,Pong1PCB2L336P__seed_8_1763344785
6451200,2-Training-Stats/SPS,5478.0,Pong1PCB2L336P__seed_8_1763344785
6455296,2-Training-Stats/SPS,5478.0,Pong1PCB2L336P__seed_8_1763344785
6459392,2-Training-Stats/SPS,5478.0,Pong1PCB2L336P__seed_8_1763344785
6463488,2-Training-Stats/SPS,5478.0,Pong1PCB2L336P__seed_8_1763344785
6467584,2-Training-Stats/SPS,5478.0,Pong1PCB2L336P__seed_8_1763344785
6471680,2-Training-Stats/SPS,5478.0,Pong1PCB2L336P__seed_8_1763344785
6475776,2-Training-Stats/SPS,5478.0,Pong1PCB2L336P__seed_8_1763344785
6479872,2-Training-Stats/SPS,5478.0,Pong1PCB2L336P__seed_8_1763344785
6483968,2-Training-Stats/SPS,5478.0,Pong1PCB2L336P__seed_8_1763344785
6488064,2-Training-Stats/SPS,5478.0,Pong1PCB2L336P__seed_8_1763344785
6492160,2-Training-Stats/SPS,5478.0,Pong1PCB2L336P__seed_8_1763344785
6496256,2-Training-Stats/SPS,5478.0,Pong1PCB2L336P__seed_8_1763344785
6500352,2-Training-Stats/SPS,5478.0,Pong1PCB2L336P__seed_8_1763344785
6504448,2-Training-Stats/SPS,5478.0,Pong1PCB2L336P__seed_8_1763344785
6508544,2-Training-Stats/SPS,5478.0,Pong1PCB2L336P__seed_8_1763344785
6512640,2-Training-Stats/SPS,5478.0,Pong1PCB2L336P__seed_8_1763344785
6516736,2-Training-Stats/SPS,5478.0,Pong1PCB2L336P__seed_8_1763344785
6520832,2-Training-Stats/SPS,5478.0,Pong1PCB2L336P__seed_8_1763344785
6524928,2-Training-Stats/SPS,5478.0,Pong1PCB2L336P__seed_8_1763344785
6529024,2-Training-Stats/SPS,5478.0,Pong1PCB2L336P__seed_8_1763344785
6533120,2-Training-Stats/SPS,5478.0,Pong1PCB2L336P__seed_8_1763344785
6537216,2-Training-Stats/SPS,5478.0,Pong1PCB2L336P__seed_8_1763344785
6541312,2-Training-Stats/SPS,5478.0,Pong1PCB2L336P__seed_8_1763344785
6545408,2-Training-Stats/SPS,5478.0,Pong1PCB2L336P__seed_8_1763344785
6549504,2-Training-Stats/SPS,5478.0,Pong1PCB2L336P__seed_8_1763344785
6553600,2-Training-Stats/SPS,5478.0,Pong1PCB2L336P__seed_8_1763344785
6557696,2-Training-Stats/SPS,5478.0,Pong1PCB2L336P__seed_8_1763344785
6561792,2-Training-Stats/SPS,5478.0,Pong1PCB2L336P__seed_8_1763344785
6565888,2-Training-Stats/SPS,5478.0,Pong1PCB2L336P__seed_8_1763344785
6569984,2-Training-Stats/SPS,5478.0,Pong1PCB2L336P__seed_8_1763344785
6574080,2-Training-Stats/SPS,5478.0,Pong1PCB2L336P__seed_8_1763344785
6578176,2-Training-Stats/SPS,5478.0,Pong1PCB2L336P__seed_8_1763344785
6582272,2-Training-Stats/SPS,5478.0,Pong1PCB2L336P__seed_8_1763344785
6586368,2-Training-Stats/SPS,5478.0,Pong1PCB2L336P__seed_8_1763344785
6590464,2-Training-Stats/SPS,5478.0,Pong1PCB2L336P__seed_8_1763344785
6594560,2-Training-Stats/SPS,5478.0,Pong1PCB2L336P__seed_8_1763344785
6598656,2-Training-Stats/SPS,5478.0,Pong1PCB2L336P__seed_8_1763344785
6602752,2-Training-Stats/SPS,5478.0,Pong1PCB2L336P__seed_8_1763344785
6606848,2-Training-Stats/SPS,5478.0,Pong1PCB2L336P__seed_8_1763344785
6610944,2-Training-Stats/SPS,5478.0,Pong1PCB2L336P__seed_8_1763344785
6615040,2-Training-Stats/SPS,5478.0,Pong1PCB2L336P__seed_8_1763344785
6619136,2-Training-Stats/SPS,5478.0,Pong1PCB2L336P__seed_8_1763344785
6623232,2-Training-Stats/SPS,5478.0,Pong1PCB2L336P__seed_8_1763344785
6627328,2-Training-Stats/SPS,5478.0,Pong1PCB2L336P__seed_8_1763344785
6631424,2-Training-Stats/SPS,5478.0,Pong1PCB2L336P__seed_8_1763344785
6635520,2-Training-Stats/SPS,5478.0,Pong1PCB2L336P__seed_8_1763344785
6639616,2-Training-Stats/SPS,5478.0,Pong1PCB2L336P__seed_8_1763344785
6643712,2-Training-Stats/SPS,5478.0,Pong1PCB2L336P__seed_8_1763344785
6647808,2-Training-Stats/SPS,5478.0,Pong1PCB2L336P__seed_8_1763344785
6651904,2-Training-Stats/SPS,5478.0,Pong1PCB2L336P__seed_8_1763344785
6656000,2-Training-Stats/SPS,5478.0,Pong1PCB2L336P__seed_8_1763344785
6660096,2-Training-Stats/SPS,5478.0,Pong1PCB2L336P__seed_8_1763344785
6664192,2-Training-Stats/SPS,5478.0,Pong1PCB2L336P__seed_8_1763344785
6668288,2-Training-Stats/SPS,5478.0,Pong1PCB2L336P__seed_8_1763344785
6672384,2-Training-Stats/SPS,5478.0,Pong1PCB2L336P__seed_8_1763344785
6676480,2-Training-Stats/SPS,5478.0,Pong1PCB2L336P__seed_8_1763344785
6680576,2-Training-Stats/SPS,5478.0,Pong1PCB2L336P__seed_8_1763344785
6684672,2-Training-Stats/SPS,5478.0,Pong1PCB2L336P__seed_8_1763344785
6688768,2-Training-Stats/SPS,5478.0,Pong1PCB2L336P__seed_8_1763344785
6692864,2-Training-Stats/SPS,5478.0,Pong1PCB2L336P__seed_8_1763344785
6696960,2-Training-Stats/SPS,5478.0,Pong1PCB2L336P__seed_8_1763344785
6701056,2-Training-Stats/SPS,5478.0,Pong1PCB2L336P__seed_8_1763344785
6705152,2-Training-Stats/SPS,5478.0,Pong1PCB2L336P__seed_8_1763344785
6709248,2-Training-Stats/SPS,5478.0,Pong1PCB2L336P__seed_8_1763344785
6713344,2-Training-Stats/SPS,5478.0,Pong1PCB2L336P__seed_8_1763344785
6717440,2-Training-Stats/SPS,5478.0,Pong1PCB2L336P__seed_8_1763344785
6721536,2-Training-Stats/SPS,5478.0,Pong1PCB2L336P__seed_8_1763344785
6725632,2-Training-Stats/SPS,5478.0,Pong1PCB2L336P__seed_8_1763344785
6729728,2-Training-Stats/SPS,5478.0,Pong1PCB2L336P__seed_8_1763344785
6733824,2-Training-Stats/SPS,5477.0,Pong1PCB2L336P__seed_8_1763344785
6737920,2-Training-Stats/SPS,5477.0,Pong1PCB2L336P__seed_8_1763344785
6742016,2-Training-Stats/SPS,5477.0,Pong1PCB2L336P__seed_8_1763344785
6746112,2-Training-Stats/SPS,5477.0,Pong1PCB2L336P__seed_8_1763344785
6750208,2-Training-Stats/SPS,5477.0,Pong1PCB2L336P__seed_8_1763344785
6754304,2-Training-Stats/SPS,5477.0,Pong1PCB2L336P__seed_8_1763344785
6758400,2-Training-Stats/SPS,5477.0,Pong1PCB2L336P__seed_8_1763344785
6762496,2-Training-Stats/SPS,5477.0,Pong1PCB2L336P__seed_8_1763344785
6766592,2-Training-Stats/SPS,5477.0,Pong1PCB2L336P__seed_8_1763344785
6770688,2-Training-Stats/SPS,5477.0,Pong1PCB2L336P__seed_8_1763344785
6774784,2-Training-Stats/SPS,5477.0,Pong1PCB2L336P__seed_8_1763344785
6778880,2-Training-Stats/SPS,5477.0,Pong1PCB2L336P__seed_8_1763344785
6782976,2-Training-Stats/SPS,5477.0,Pong1PCB2L336P__seed_8_1763344785
6787072,2-Training-Stats/SPS,5477.0,Pong1PCB2L336P__seed_8_1763344785
6791168,2-Training-Stats/SPS,5477.0,Pong1PCB2L336P__seed_8_1763344785
6795264,2-Training-Stats/SPS,5477.0,Pong1PCB2L336P__seed_8_1763344785
6799360,2-Training-Stats/SPS,5477.0,Pong1PCB2L336P__seed_8_1763344785
6803456,2-Training-Stats/SPS,5477.0,Pong1PCB2L336P__seed_8_1763344785
6807552,2-Training-Stats/SPS,5477.0,Pong1PCB2L336P__seed_8_1763344785
6811648,2-Training-Stats/SPS,5477.0,Pong1PCB2L336P__seed_8_1763344785
6815744,2-Training-Stats/SPS,5477.0,Pong1PCB2L336P__seed_8_1763344785
6819840,2-Training-Stats/SPS,5477.0,Pong1PCB2L336P__seed_8_1763344785
6823936,2-Training-Stats/SPS,5477.0,Pong1PCB2L336P__seed_8_1763344785
6828032,2-Training-Stats/SPS,5477.0,Pong1PCB2L336P__seed_8_1763344785
6832128,2-Training-Stats/SPS,5477.0,Pong1PCB2L336P__seed_8_1763344785
6836224,2-Training-Stats/SPS,5477.0,Pong1PCB2L336P__seed_8_1763344785
6840320,2-Training-Stats/SPS,5477.0,Pong1PCB2L336P__seed_8_1763344785
6844416,2-Training-Stats/SPS,5477.0,Pong1PCB2L336P__seed_8_1763344785
6848512,2-Training-Stats/SPS,5477.0,Pong1PCB2L336P__seed_8_1763344785
6852608,2-Training-Stats/SPS,5477.0,Pong1PCB2L336P__seed_8_1763344785
6856704,2-Training-Stats/SPS,5477.0,Pong1PCB2L336P__seed_8_1763344785
6860800,2-Training-Stats/SPS,5477.0,Pong1PCB2L336P__seed_8_1763344785
6864896,2-Training-Stats/SPS,5477.0,Pong1PCB2L336P__seed_8_1763344785
6868992,2-Training-Stats/SPS,5477.0,Pong1PCB2L336P__seed_8_1763344785
6873088,2-Training-Stats/SPS,5477.0,Pong1PCB2L336P__seed_8_1763344785
6877184,2-Training-Stats/SPS,5477.0,Pong1PCB2L336P__seed_8_1763344785
6881280,2-Training-Stats/SPS,5477.0,Pong1PCB2L336P__seed_8_1763344785
6885376,2-Training-Stats/SPS,5477.0,Pong1PCB2L336P__seed_8_1763344785
6889472,2-Training-Stats/SPS,5477.0,Pong1PCB2L336P__seed_8_1763344785
6893568,2-Training-Stats/SPS,5477.0,Pong1PCB2L336P__seed_8_1763344785
6897664,2-Training-Stats/SPS,5477.0,Pong1PCB2L336P__seed_8_1763344785
6901760,2-Training-Stats/SPS,5477.0,Pong1PCB2L336P__seed_8_1763344785
6905856,2-Training-Stats/SPS,5477.0,Pong1PCB2L336P__seed_8_1763344785
6909952,2-Training-Stats/SPS,5477.0,Pong1PCB2L336P__seed_8_1763344785
6914048,2-Training-Stats/SPS,5477.0,Pong1PCB2L336P__seed_8_1763344785
6918144,2-Training-Stats/SPS,5477.0,Pong1PCB2L336P__seed_8_1763344785
6922240,2-Training-Stats/SPS,5477.0,Pong1PCB2L336P__seed_8_1763344785
6926336,2-Training-Stats/SPS,5477.0,Pong1PCB2L336P__seed_8_1763344785
6930432,2-Training-Stats/SPS,5477.0,Pong1PCB2L336P__seed_8_1763344785
6934528,2-Training-Stats/SPS,5477.0,Pong1PCB2L336P__seed_8_1763344785
6938624,2-Training-Stats/SPS,5477.0,Pong1PCB2L336P__seed_8_1763344785
6942720,2-Training-Stats/SPS,5477.0,Pong1PCB2L336P__seed_8_1763344785
6946816,2-Training-Stats/SPS,5477.0,Pong1PCB2L336P__seed_8_1763344785
6950912,2-Training-Stats/SPS,5477.0,Pong1PCB2L336P__seed_8_1763344785
6955008,2-Training-Stats/SPS,5477.0,Pong1PCB2L336P__seed_8_1763344785
6959104,2-Training-Stats/SPS,5477.0,Pong1PCB2L336P__seed_8_1763344785
6963200,2-Training-Stats/SPS,5477.0,Pong1PCB2L336P__seed_8_1763344785
6967296,2-Training-Stats/SPS,5477.0,Pong1PCB2L336P__seed_8_1763344785
6971392,2-Training-Stats/SPS,5477.0,Pong1PCB2L336P__seed_8_1763344785
6975488,2-Training-Stats/SPS,5477.0,Pong1PCB2L336P__seed_8_1763344785
6979584,2-Training-Stats/SPS,5477.0,Pong1PCB2L336P__seed_8_1763344785
6983680,2-Training-Stats/SPS,5477.0,Pong1PCB2L336P__seed_8_1763344785
6987776,2-Training-Stats/SPS,5477.0,Pong1PCB2L336P__seed_8_1763344785
6991872,2-Training-Stats/SPS,5477.0,Pong1PCB2L336P__seed_8_1763344785
6995968,2-Training-Stats/SPS,5477.0,Pong1PCB2L336P__seed_8_1763344785
7000064,2-Training-Stats/SPS,5477.0,Pong1PCB2L336P__seed_8_1763344785
7004160,2-Training-Stats/SPS,5477.0,Pong1PCB2L336P__seed_8_1763344785
7008256,2-Training-Stats/SPS,5477.0,Pong1PCB2L336P__seed_8_1763344785
7012352,2-Training-Stats/SPS,5477.0,Pong1PCB2L336P__seed_8_1763344785
7016448,2-Training-Stats/SPS,5477.0,Pong1PCB2L336P__seed_8_1763344785
7020544,2-Training-Stats/SPS,5477.0,Pong1PCB2L336P__seed_8_1763344785
7024640,2-Training-Stats/SPS,5477.0,Pong1PCB2L336P__seed_8_1763344785
7028736,2-Training-Stats/SPS,5477.0,Pong1PCB2L336P__seed_8_1763344785
7032832,2-Training-Stats/SPS,5477.0,Pong1PCB2L336P__seed_8_1763344785
7036928,2-Training-Stats/SPS,5477.0,Pong1PCB2L336P__seed_8_1763344785
7041024,2-Training-Stats/SPS,5477.0,Pong1PCB2L336P__seed_8_1763344785
7045120,2-Training-Stats/SPS,5477.0,Pong1PCB2L336P__seed_8_1763344785
7049216,2-Training-Stats/SPS,5477.0,Pong1PCB2L336P__seed_8_1763344785
7053312,2-Training-Stats/SPS,5477.0,Pong1PCB2L336P__seed_8_1763344785
7057408,2-Training-Stats/SPS,5477.0,Pong1PCB2L336P__seed_8_1763344785
7061504,2-Training-Stats/SPS,5477.0,Pong1PCB2L336P__seed_8_1763344785
7065600,2-Training-Stats/SPS,5477.0,Pong1PCB2L336P__seed_8_1763344785
7069696,2-Training-Stats/SPS,5477.0,Pong1PCB2L336P__seed_8_1763344785
7073792,2-Training-Stats/SPS,5477.0,Pong1PCB2L336P__seed_8_1763344785
7077888,2-Training-Stats/SPS,5477.0,Pong1PCB2L336P__seed_8_1763344785
7081984,2-Training-Stats/SPS,5477.0,Pong1PCB2L336P__seed_8_1763344785
7086080,2-Training-Stats/SPS,5477.0,Pong1PCB2L336P__seed_8_1763344785
7090176,2-Training-Stats/SPS,5477.0,Pong1PCB2L336P__seed_8_1763344785
7094272,2-Training-Stats/SPS,5477.0,Pong1PCB2L336P__seed_8_1763344785
7098368,2-Training-Stats/SPS,5477.0,Pong1PCB2L336P__seed_8_1763344785
7102464,2-Training-Stats/SPS,5477.0,Pong1PCB2L336P__seed_8_1763344785
7106560,2-Training-Stats/SPS,5477.0,Pong1PCB2L336P__seed_8_1763344785
7110656,2-Training-Stats/SPS,5477.0,Pong1PCB2L336P__seed_8_1763344785
7114752,2-Training-Stats/SPS,5477.0,Pong1PCB2L336P__seed_8_1763344785
7118848,2-Training-Stats/SPS,5477.0,Pong1PCB2L336P__seed_8_1763344785
7122944,2-Training-Stats/SPS,5477.0,Pong1PCB2L336P__seed_8_1763344785
7127040,2-Training-Stats/SPS,5477.0,Pong1PCB2L336P__seed_8_1763344785
7131136,2-Training-Stats/SPS,5477.0,Pong1PCB2L336P__seed_8_1763344785
7135232,2-Training-Stats/SPS,5477.0,Pong1PCB2L336P__seed_8_1763344785
7139328,2-Training-Stats/SPS,5477.0,Pong1PCB2L336P__seed_8_1763344785
7143424,2-Training-Stats/SPS,5477.0,Pong1PCB2L336P__seed_8_1763344785
7147520,2-Training-Stats/SPS,5477.0,Pong1PCB2L336P__seed_8_1763344785
7151616,2-Training-Stats/SPS,5477.0,Pong1PCB2L336P__seed_8_1763344785
7155712,2-Training-Stats/SPS,5477.0,Pong1PCB2L336P__seed_8_1763344785
7159808,2-Training-Stats/SPS,5477.0,Pong1PCB2L336P__seed_8_1763344785
7163904,2-Training-Stats/SPS,5477.0,Pong1PCB2L336P__seed_8_1763344785
7168000,2-Training-Stats/SPS,5477.0,Pong1PCB2L336P__seed_8_1763344785
7172096,2-Training-Stats/SPS,5477.0,Pong1PCB2L336P__seed_8_1763344785
7176192,2-Training-Stats/SPS,5477.0,Pong1PCB2L336P__seed_8_1763344785
7180288,2-Training-Stats/SPS,5477.0,Pong1PCB2L336P__seed_8_1763344785
7184384,2-Training-Stats/SPS,5477.0,Pong1PCB2L336P__seed_8_1763344785
7188480,2-Training-Stats/SPS,5477.0,Pong1PCB2L336P__seed_8_1763344785
7192576,2-Training-Stats/SPS,5477.0,Pong1PCB2L336P__seed_8_1763344785
7196672,2-Training-Stats/SPS,5477.0,Pong1PCB2L336P__seed_8_1763344785
7200768,2-Training-Stats/SPS,5477.0,Pong1PCB2L336P__seed_8_1763344785
7204864,2-Training-Stats/SPS,5477.0,Pong1PCB2L336P__seed_8_1763344785
7208960,2-Training-Stats/SPS,5477.0,Pong1PCB2L336P__seed_8_1763344785
7213056,2-Training-Stats/SPS,5477.0,Pong1PCB2L336P__seed_8_1763344785
7217152,2-Training-Stats/SPS,5477.0,Pong1PCB2L336P__seed_8_1763344785
7221248,2-Training-Stats/SPS,5477.0,Pong1PCB2L336P__seed_8_1763344785
7225344,2-Training-Stats/SPS,5477.0,Pong1PCB2L336P__seed_8_1763344785
7229440,2-Training-Stats/SPS,5477.0,Pong1PCB2L336P__seed_8_1763344785
7233536,2-Training-Stats/SPS,5477.0,Pong1PCB2L336P__seed_8_1763344785
7237632,2-Training-Stats/SPS,5477.0,Pong1PCB2L336P__seed_8_1763344785
7241728,2-Training-Stats/SPS,5477.0,Pong1PCB2L336P__seed_8_1763344785
7245824,2-Training-Stats/SPS,5477.0,Pong1PCB2L336P__seed_8_1763344785
7249920,2-Training-Stats/SPS,5477.0,Pong1PCB2L336P__seed_8_1763344785
7254016,2-Training-Stats/SPS,5477.0,Pong1PCB2L336P__seed_8_1763344785
7258112,2-Training-Stats/SPS,5477.0,Pong1PCB2L336P__seed_8_1763344785
7262208,2-Training-Stats/SPS,5477.0,Pong1PCB2L336P__seed_8_1763344785
7266304,2-Training-Stats/SPS,5477.0,Pong1PCB2L336P__seed_8_1763344785
7270400,2-Training-Stats/SPS,5477.0,Pong1PCB2L336P__seed_8_1763344785
7274496,2-Training-Stats/SPS,5477.0,Pong1PCB2L336P__seed_8_1763344785
7278592,2-Training-Stats/SPS,5477.0,Pong1PCB2L336P__seed_8_1763344785
7282688,2-Training-Stats/SPS,5477.0,Pong1PCB2L336P__seed_8_1763344785
7286784,2-Training-Stats/SPS,5477.0,Pong1PCB2L336P__seed_8_1763344785
7290880,2-Training-Stats/SPS,5477.0,Pong1PCB2L336P__seed_8_1763344785
7294976,2-Training-Stats/SPS,5477.0,Pong1PCB2L336P__seed_8_1763344785
7299072,2-Training-Stats/SPS,5477.0,Pong1PCB2L336P__seed_8_1763344785
7303168,2-Training-Stats/SPS,5477.0,Pong1PCB2L336P__seed_8_1763344785
7307264,2-Training-Stats/SPS,5477.0,Pong1PCB2L336P__seed_8_1763344785
7311360,2-Training-Stats/SPS,5477.0,Pong1PCB2L336P__seed_8_1763344785
7315456,2-Training-Stats/SPS,5477.0,Pong1PCB2L336P__seed_8_1763344785
7319552,2-Training-Stats/SPS,5477.0,Pong1PCB2L336P__seed_8_1763344785
7323648,2-Training-Stats/SPS,5477.0,Pong1PCB2L336P__seed_8_1763344785
7327744,2-Training-Stats/SPS,5477.0,Pong1PCB2L336P__seed_8_1763344785
7331840,2-Training-Stats/SPS,5477.0,Pong1PCB2L336P__seed_8_1763344785
7335936,2-Training-Stats/SPS,5477.0,Pong1PCB2L336P__seed_8_1763344785
7340032,2-Training-Stats/SPS,5477.0,Pong1PCB2L336P__seed_8_1763344785
7344128,2-Training-Stats/SPS,5477.0,Pong1PCB2L336P__seed_8_1763344785
7348224,2-Training-Stats/SPS,5477.0,Pong1PCB2L336P__seed_8_1763344785
7352320,2-Training-Stats/SPS,5477.0,Pong1PCB2L336P__seed_8_1763344785
7356416,2-Training-Stats/SPS,5477.0,Pong1PCB2L336P__seed_8_1763344785
7360512,2-Training-Stats/SPS,5477.0,Pong1PCB2L336P__seed_8_1763344785
7364608,2-Training-Stats/SPS,5477.0,Pong1PCB2L336P__seed_8_1763344785
7368704,2-Training-Stats/SPS,5477.0,Pong1PCB2L336P__seed_8_1763344785
7372800,2-Training-Stats/SPS,5477.0,Pong1PCB2L336P__seed_8_1763344785
7376896,2-Training-Stats/SPS,5477.0,Pong1PCB2L336P__seed_8_1763344785
7380992,2-Training-Stats/SPS,5477.0,Pong1PCB2L336P__seed_8_1763344785
7385088,2-Training-Stats/SPS,5477.0,Pong1PCB2L336P__seed_8_1763344785
7389184,2-Training-Stats/SPS,5477.0,Pong1PCB2L336P__seed_8_1763344785
7393280,2-Training-Stats/SPS,5477.0,Pong1PCB2L336P__seed_8_1763344785
7397376,2-Training-Stats/SPS,5477.0,Pong1PCB2L336P__seed_8_1763344785
7401472,2-Training-Stats/SPS,5477.0,Pong1PCB2L336P__seed_8_1763344785
7405568,2-Training-Stats/SPS,5477.0,Pong1PCB2L336P__seed_8_1763344785
7409664,2-Training-Stats/SPS,5477.0,Pong1PCB2L336P__seed_8_1763344785
7413760,2-Training-Stats/SPS,5477.0,Pong1PCB2L336P__seed_8_1763344785
7417856,2-Training-Stats/SPS,5477.0,Pong1PCB2L336P__seed_8_1763344785
7421952,2-Training-Stats/SPS,5477.0,Pong1PCB2L336P__seed_8_1763344785
7426048,2-Training-Stats/SPS,5477.0,Pong1PCB2L336P__seed_8_1763344785
7430144,2-Training-Stats/SPS,5477.0,Pong1PCB2L336P__seed_8_1763344785
7434240,2-Training-Stats/SPS,5477.0,Pong1PCB2L336P__seed_8_1763344785
7438336,2-Training-Stats/SPS,5477.0,Pong1PCB2L336P__seed_8_1763344785
7442432,2-Training-Stats/SPS,5477.0,Pong1PCB2L336P__seed_8_1763344785
7446528,2-Training-Stats/SPS,5477.0,Pong1PCB2L336P__seed_8_1763344785
7450624,2-Training-Stats/SPS,5477.0,Pong1PCB2L336P__seed_8_1763344785
7454720,2-Training-Stats/SPS,5477.0,Pong1PCB2L336P__seed_8_1763344785
7458816,2-Training-Stats/SPS,5477.0,Pong1PCB2L336P__seed_8_1763344785
7462912,2-Training-Stats/SPS,5477.0,Pong1PCB2L336P__seed_8_1763344785
7467008,2-Training-Stats/SPS,5477.0,Pong1PCB2L336P__seed_8_1763344785
7471104,2-Training-Stats/SPS,5477.0,Pong1PCB2L336P__seed_8_1763344785
7475200,2-Training-Stats/SPS,5477.0,Pong1PCB2L336P__seed_8_1763344785
7479296,2-Training-Stats/SPS,5477.0,Pong1PCB2L336P__seed_8_1763344785
7483392,2-Training-Stats/SPS,5477.0,Pong1PCB2L336P__seed_8_1763344785
7487488,2-Training-Stats/SPS,5477.0,Pong1PCB2L336P__seed_8_1763344785
7491584,2-Training-Stats/SPS,5477.0,Pong1PCB2L336P__seed_8_1763344785
7495680,2-Training-Stats/SPS,5477.0,Pong1PCB2L336P__seed_8_1763344785
7499776,2-Training-Stats/SPS,5477.0,Pong1PCB2L336P__seed_8_1763344785
7503872,2-Training-Stats/SPS,5477.0,Pong1PCB2L336P__seed_8_1763344785
7507968,2-Training-Stats/SPS,5477.0,Pong1PCB2L336P__seed_8_1763344785
7512064,2-Training-Stats/SPS,5477.0,Pong1PCB2L336P__seed_8_1763344785
7516160,2-Training-Stats/SPS,5477.0,Pong1PCB2L336P__seed_8_1763344785
7520256,2-Training-Stats/SPS,5477.0,Pong1PCB2L336P__seed_8_1763344785
7524352,2-Training-Stats/SPS,5477.0,Pong1PCB2L336P__seed_8_1763344785
7528448,2-Training-Stats/SPS,5477.0,Pong1PCB2L336P__seed_8_1763344785
7532544,2-Training-Stats/SPS,5477.0,Pong1PCB2L336P__seed_8_1763344785
7536640,2-Training-Stats/SPS,5477.0,Pong1PCB2L336P__seed_8_1763344785
7540736,2-Training-Stats/SPS,5477.0,Pong1PCB2L336P__seed_8_1763344785
7544832,2-Training-Stats/SPS,5477.0,Pong1PCB2L336P__seed_8_1763344785
7548928,2-Training-Stats/SPS,5477.0,Pong1PCB2L336P__seed_8_1763344785
7553024,2-Training-Stats/SPS,5477.0,Pong1PCB2L336P__seed_8_1763344785
7557120,2-Training-Stats/SPS,5477.0,Pong1PCB2L336P__seed_8_1763344785
7561216,2-Training-Stats/SPS,5477.0,Pong1PCB2L336P__seed_8_1763344785
7565312,2-Training-Stats/SPS,5477.0,Pong1PCB2L336P__seed_8_1763344785
7569408,2-Training-Stats/SPS,5477.0,Pong1PCB2L336P__seed_8_1763344785
7573504,2-Training-Stats/SPS,5477.0,Pong1PCB2L336P__seed_8_1763344785
7577600,2-Training-Stats/SPS,5477.0,Pong1PCB2L336P__seed_8_1763344785
7581696,2-Training-Stats/SPS,5477.0,Pong1PCB2L336P__seed_8_1763344785
7585792,2-Training-Stats/SPS,5477.0,Pong1PCB2L336P__seed_8_1763344785
7589888,2-Training-Stats/SPS,5477.0,Pong1PCB2L336P__seed_8_1763344785
7593984,2-Training-Stats/SPS,5477.0,Pong1PCB2L336P__seed_8_1763344785
7598080,2-Training-Stats/SPS,5477.0,Pong1PCB2L336P__seed_8_1763344785
7602176,2-Training-Stats/SPS,5477.0,Pong1PCB2L336P__seed_8_1763344785
7606272,2-Training-Stats/SPS,5477.0,Pong1PCB2L336P__seed_8_1763344785
7610368,2-Training-Stats/SPS,5477.0,Pong1PCB2L336P__seed_8_1763344785
7614464,2-Training-Stats/SPS,5477.0,Pong1PCB2L336P__seed_8_1763344785
7618560,2-Training-Stats/SPS,5477.0,Pong1PCB2L336P__seed_8_1763344785
7622656,2-Training-Stats/SPS,5477.0,Pong1PCB2L336P__seed_8_1763344785
7626752,2-Training-Stats/SPS,5477.0,Pong1PCB2L336P__seed_8_1763344785
7630848,2-Training-Stats/SPS,5477.0,Pong1PCB2L336P__seed_8_1763344785
7634944,2-Training-Stats/SPS,5477.0,Pong1PCB2L336P__seed_8_1763344785
7639040,2-Training-Stats/SPS,5477.0,Pong1PCB2L336P__seed_8_1763344785
7643136,2-Training-Stats/SPS,5477.0,Pong1PCB2L336P__seed_8_1763344785
7647232,2-Training-Stats/SPS,5477.0,Pong1PCB2L336P__seed_8_1763344785
7651328,2-Training-Stats/SPS,5477.0,Pong1PCB2L336P__seed_8_1763344785
7655424,2-Training-Stats/SPS,5477.0,Pong1PCB2L336P__seed_8_1763344785
7659520,2-Training-Stats/SPS,5477.0,Pong1PCB2L336P__seed_8_1763344785
7663616,2-Training-Stats/SPS,5477.0,Pong1PCB2L336P__seed_8_1763344785
7667712,2-Training-Stats/SPS,5477.0,Pong1PCB2L336P__seed_8_1763344785
7671808,2-Training-Stats/SPS,5477.0,Pong1PCB2L336P__seed_8_1763344785
7675904,2-Training-Stats/SPS,5477.0,Pong1PCB2L336P__seed_8_1763344785
7680000,2-Training-Stats/SPS,5477.0,Pong1PCB2L336P__seed_8_1763344785
7684096,2-Training-Stats/SPS,5477.0,Pong1PCB2L336P__seed_8_1763344785
7688192,2-Training-Stats/SPS,5477.0,Pong1PCB2L336P__seed_8_1763344785
7692288,2-Training-Stats/SPS,5477.0,Pong1PCB2L336P__seed_8_1763344785
7696384,2-Training-Stats/SPS,5477.0,Pong1PCB2L336P__seed_8_1763344785
7700480,2-Training-Stats/SPS,5477.0,Pong1PCB2L336P__seed_8_1763344785
7704576,2-Training-Stats/SPS,5477.0,Pong1PCB2L336P__seed_8_1763344785
7708672,2-Training-Stats/SPS,5477.0,Pong1PCB2L336P__seed_8_1763344785
7712768,2-Training-Stats/SPS,5477.0,Pong1PCB2L336P__seed_8_1763344785
7716864,2-Training-Stats/SPS,5477.0,Pong1PCB2L336P__seed_8_1763344785
7720960,2-Training-Stats/SPS,5477.0,Pong1PCB2L336P__seed_8_1763344785
7725056,2-Training-Stats/SPS,5477.0,Pong1PCB2L336P__seed_8_1763344785
7729152,2-Training-Stats/SPS,5477.0,Pong1PCB2L336P__seed_8_1763344785
7733248,2-Training-Stats/SPS,5477.0,Pong1PCB2L336P__seed_8_1763344785
7737344,2-Training-Stats/SPS,5477.0,Pong1PCB2L336P__seed_8_1763344785
7741440,2-Training-Stats/SPS,5477.0,Pong1PCB2L336P__seed_8_1763344785
7745536,2-Training-Stats/SPS,5477.0,Pong1PCB2L336P__seed_8_1763344785
7749632,2-Training-Stats/SPS,5477.0,Pong1PCB2L336P__seed_8_1763344785
7753728,2-Training-Stats/SPS,5477.0,Pong1PCB2L336P__seed_8_1763344785
7757824,2-Training-Stats/SPS,5477.0,Pong1PCB2L336P__seed_8_1763344785
7761920,2-Training-Stats/SPS,5477.0,Pong1PCB2L336P__seed_8_1763344785
7766016,2-Training-Stats/SPS,5477.0,Pong1PCB2L336P__seed_8_1763344785
7770112,2-Training-Stats/SPS,5477.0,Pong1PCB2L336P__seed_8_1763344785
7774208,2-Training-Stats/SPS,5477.0,Pong1PCB2L336P__seed_8_1763344785
7778304,2-Training-Stats/SPS,5477.0,Pong1PCB2L336P__seed_8_1763344785
7782400,2-Training-Stats/SPS,5477.0,Pong1PCB2L336P__seed_8_1763344785
7786496,2-Training-Stats/SPS,5477.0,Pong1PCB2L336P__seed_8_1763344785
7790592,2-Training-Stats/SPS,5477.0,Pong1PCB2L336P__seed_8_1763344785
7794688,2-Training-Stats/SPS,5477.0,Pong1PCB2L336P__seed_8_1763344785
7798784,2-Training-Stats/SPS,5477.0,Pong1PCB2L336P__seed_8_1763344785
7802880,2-Training-Stats/SPS,5477.0,Pong1PCB2L336P__seed_8_1763344785
7806976,2-Training-Stats/SPS,5477.0,Pong1PCB2L336P__seed_8_1763344785
7811072,2-Training-Stats/SPS,5477.0,Pong1PCB2L336P__seed_8_1763344785
7815168,2-Training-Stats/SPS,5477.0,Pong1PCB2L336P__seed_8_1763344785
7819264,2-Training-Stats/SPS,5477.0,Pong1PCB2L336P__seed_8_1763344785
7823360,2-Training-Stats/SPS,5477.0,Pong1PCB2L336P__seed_8_1763344785
7827456,2-Training-Stats/SPS,5477.0,Pong1PCB2L336P__seed_8_1763344785
7831552,2-Training-Stats/SPS,5477.0,Pong1PCB2L336P__seed_8_1763344785
7835648,2-Training-Stats/SPS,5477.0,Pong1PCB2L336P__seed_8_1763344785
7839744,2-Training-Stats/SPS,5477.0,Pong1PCB2L336P__seed_8_1763344785
7843840,2-Training-Stats/SPS,5477.0,Pong1PCB2L336P__seed_8_1763344785
7847936,2-Training-Stats/SPS,5477.0,Pong1PCB2L336P__seed_8_1763344785
7852032,2-Training-Stats/SPS,5477.0,Pong1PCB2L336P__seed_8_1763344785
7856128,2-Training-Stats/SPS,5477.0,Pong1PCB2L336P__seed_8_1763344785
7860224,2-Training-Stats/SPS,5477.0,Pong1PCB2L336P__seed_8_1763344785
7864320,2-Training-Stats/SPS,5477.0,Pong1PCB2L336P__seed_8_1763344785
7868416,2-Training-Stats/SPS,5477.0,Pong1PCB2L336P__seed_8_1763344785
7872512,2-Training-Stats/SPS,5477.0,Pong1PCB2L336P__seed_8_1763344785
7876608,2-Training-Stats/SPS,5477.0,Pong1PCB2L336P__seed_8_1763344785
7880704,2-Training-Stats/SPS,5477.0,Pong1PCB2L336P__seed_8_1763344785
7884800,2-Training-Stats/SPS,5477.0,Pong1PCB2L336P__seed_8_1763344785
7888896,2-Training-Stats/SPS,5477.0,Pong1PCB2L336P__seed_8_1763344785
7892992,2-Training-Stats/SPS,5477.0,Pong1PCB2L336P__seed_8_1763344785
7897088,2-Training-Stats/SPS,5477.0,Pong1PCB2L336P__seed_8_1763344785
7901184,2-Training-Stats/SPS,5477.0,Pong1PCB2L336P__seed_8_1763344785
7905280,2-Training-Stats/SPS,5477.0,Pong1PCB2L336P__seed_8_1763344785
7909376,2-Training-Stats/SPS,5477.0,Pong1PCB2L336P__seed_8_1763344785
7913472,2-Training-Stats/SPS,5477.0,Pong1PCB2L336P__seed_8_1763344785
7917568,2-Training-Stats/SPS,5477.0,Pong1PCB2L336P__seed_8_1763344785
7921664,2-Training-Stats/SPS,5477.0,Pong1PCB2L336P__seed_8_1763344785
7925760,2-Training-Stats/SPS,5477.0,Pong1PCB2L336P__seed_8_1763344785
7929856,2-Training-Stats/SPS,5477.0,Pong1PCB2L336P__seed_8_1763344785
7933952,2-Training-Stats/SPS,5477.0,Pong1PCB2L336P__seed_8_1763344785
7938048,2-Training-Stats/SPS,5477.0,Pong1PCB2L336P__seed_8_1763344785
7942144,2-Training-Stats/SPS,5477.0,Pong1PCB2L336P__seed_8_1763344785
7946240,2-Training-Stats/SPS,5477.0,Pong1PCB2L336P__seed_8_1763344785
7950336,2-Training-Stats/SPS,5477.0,Pong1PCB2L336P__seed_8_1763344785
7954432,2-Training-Stats/SPS,5477.0,Pong1PCB2L336P__seed_8_1763344785
7958528,2-Training-Stats/SPS,5477.0,Pong1PCB2L336P__seed_8_1763344785
7962624,2-Training-Stats/SPS,5477.0,Pong1PCB2L336P__seed_8_1763344785
7966720,2-Training-Stats/SPS,5477.0,Pong1PCB2L336P__seed_8_1763344785
7970816,2-Training-Stats/SPS,5477.0,Pong1PCB2L336P__seed_8_1763344785
7974912,2-Training-Stats/SPS,5477.0,Pong1PCB2L336P__seed_8_1763344785
7979008,2-Training-Stats/SPS,5477.0,Pong1PCB2L336P__seed_8_1763344785
7983104,2-Training-Stats/SPS,5477.0,Pong1PCB2L336P__seed_8_1763344785
7987200,2-Training-Stats/SPS,5477.0,Pong1PCB2L336P__seed_8_1763344785
7991296,2-Training-Stats/SPS,5477.0,Pong1PCB2L336P__seed_8_1763344785
7995392,2-Training-Stats/SPS,5477.0,Pong1PCB2L336P__seed_8_1763344785
7999488,2-Training-Stats/SPS,5477.0,Pong1PCB2L336P__seed_8_1763344785
8003584,2-Training-Stats/SPS,5477.0,Pong1PCB2L336P__seed_8_1763344785
8007680,2-Training-Stats/SPS,5477.0,Pong1PCB2L336P__seed_8_1763344785
8011776,2-Training-Stats/SPS,5477.0,Pong1PCB2L336P__seed_8_1763344785
8015872,2-Training-Stats/SPS,5477.0,Pong1PCB2L336P__seed_8_1763344785
8019968,2-Training-Stats/SPS,5477.0,Pong1PCB2L336P__seed_8_1763344785
8024064,2-Training-Stats/SPS,5477.0,Pong1PCB2L336P__seed_8_1763344785
8028160,2-Training-Stats/SPS,5477.0,Pong1PCB2L336P__seed_8_1763344785
8032256,2-Training-Stats/SPS,5477.0,Pong1PCB2L336P__seed_8_1763344785
8036352,2-Training-Stats/SPS,5477.0,Pong1PCB2L336P__seed_8_1763344785
8040448,2-Training-Stats/SPS,5477.0,Pong1PCB2L336P__seed_8_1763344785
8044544,2-Training-Stats/SPS,5476.0,Pong1PCB2L336P__seed_8_1763344785
8048640,2-Training-Stats/SPS,5476.0,Pong1PCB2L336P__seed_8_1763344785
8052736,2-Training-Stats/SPS,5476.0,Pong1PCB2L336P__seed_8_1763344785
8056832,2-Training-Stats/SPS,5476.0,Pong1PCB2L336P__seed_8_1763344785
8060928,2-Training-Stats/SPS,5476.0,Pong1PCB2L336P__seed_8_1763344785
8065024,2-Training-Stats/SPS,5476.0,Pong1PCB2L336P__seed_8_1763344785
8069120,2-Training-Stats/SPS,5476.0,Pong1PCB2L336P__seed_8_1763344785
8073216,2-Training-Stats/SPS,5476.0,Pong1PCB2L336P__seed_8_1763344785
8077312,2-Training-Stats/SPS,5476.0,Pong1PCB2L336P__seed_8_1763344785
8081408,2-Training-Stats/SPS,5476.0,Pong1PCB2L336P__seed_8_1763344785
8085504,2-Training-Stats/SPS,5476.0,Pong1PCB2L336P__seed_8_1763344785
8089600,2-Training-Stats/SPS,5476.0,Pong1PCB2L336P__seed_8_1763344785
8093696,2-Training-Stats/SPS,5476.0,Pong1PCB2L336P__seed_8_1763344785
8097792,2-Training-Stats/SPS,5476.0,Pong1PCB2L336P__seed_8_1763344785
8101888,2-Training-Stats/SPS,5476.0,Pong1PCB2L336P__seed_8_1763344785
8105984,2-Training-Stats/SPS,5476.0,Pong1PCB2L336P__seed_8_1763344785
8110080,2-Training-Stats/SPS,5476.0,Pong1PCB2L336P__seed_8_1763344785
8114176,2-Training-Stats/SPS,5476.0,Pong1PCB2L336P__seed_8_1763344785
8118272,2-Training-Stats/SPS,5476.0,Pong1PCB2L336P__seed_8_1763344785
8122368,2-Training-Stats/SPS,5476.0,Pong1PCB2L336P__seed_8_1763344785
8126464,2-Training-Stats/SPS,5476.0,Pong1PCB2L336P__seed_8_1763344785
8130560,2-Training-Stats/SPS,5476.0,Pong1PCB2L336P__seed_8_1763344785
8134656,2-Training-Stats/SPS,5476.0,Pong1PCB2L336P__seed_8_1763344785
8138752,2-Training-Stats/SPS,5476.0,Pong1PCB2L336P__seed_8_1763344785
8142848,2-Training-Stats/SPS,5476.0,Pong1PCB2L336P__seed_8_1763344785
8146944,2-Training-Stats/SPS,5476.0,Pong1PCB2L336P__seed_8_1763344785
8151040,2-Training-Stats/SPS,5476.0,Pong1PCB2L336P__seed_8_1763344785
8155136,2-Training-Stats/SPS,5476.0,Pong1PCB2L336P__seed_8_1763344785
8159232,2-Training-Stats/SPS,5476.0,Pong1PCB2L336P__seed_8_1763344785
8163328,2-Training-Stats/SPS,5476.0,Pong1PCB2L336P__seed_8_1763344785
8167424,2-Training-Stats/SPS,5476.0,Pong1PCB2L336P__seed_8_1763344785
8171520,2-Training-Stats/SPS,5476.0,Pong1PCB2L336P__seed_8_1763344785
8175616,2-Training-Stats/SPS,5476.0,Pong1PCB2L336P__seed_8_1763344785
8179712,2-Training-Stats/SPS,5476.0,Pong1PCB2L336P__seed_8_1763344785
8183808,2-Training-Stats/SPS,5476.0,Pong1PCB2L336P__seed_8_1763344785
8187904,2-Training-Stats/SPS,5476.0,Pong1PCB2L336P__seed_8_1763344785
8192000,2-Training-Stats/SPS,5476.0,Pong1PCB2L336P__seed_8_1763344785
8196096,2-Training-Stats/SPS,5476.0,Pong1PCB2L336P__seed_8_1763344785
8200192,2-Training-Stats/SPS,5476.0,Pong1PCB2L336P__seed_8_1763344785
8204288,2-Training-Stats/SPS,5476.0,Pong1PCB2L336P__seed_8_1763344785
8208384,2-Training-Stats/SPS,5476.0,Pong1PCB2L336P__seed_8_1763344785
8212480,2-Training-Stats/SPS,5476.0,Pong1PCB2L336P__seed_8_1763344785
8216576,2-Training-Stats/SPS,5476.0,Pong1PCB2L336P__seed_8_1763344785
8220672,2-Training-Stats/SPS,5476.0,Pong1PCB2L336P__seed_8_1763344785
8224768,2-Training-Stats/SPS,5476.0,Pong1PCB2L336P__seed_8_1763344785
8228864,2-Training-Stats/SPS,5476.0,Pong1PCB2L336P__seed_8_1763344785
8232960,2-Training-Stats/SPS,5476.0,Pong1PCB2L336P__seed_8_1763344785
8237056,2-Training-Stats/SPS,5476.0,Pong1PCB2L336P__seed_8_1763344785
8241152,2-Training-Stats/SPS,5476.0,Pong1PCB2L336P__seed_8_1763344785
8245248,2-Training-Stats/SPS,5476.0,Pong1PCB2L336P__seed_8_1763344785
8249344,2-Training-Stats/SPS,5476.0,Pong1PCB2L336P__seed_8_1763344785
8253440,2-Training-Stats/SPS,5476.0,Pong1PCB2L336P__seed_8_1763344785
8257536,2-Training-Stats/SPS,5476.0,Pong1PCB2L336P__seed_8_1763344785
8261632,2-Training-Stats/SPS,5476.0,Pong1PCB2L336P__seed_8_1763344785
8265728,2-Training-Stats/SPS,5476.0,Pong1PCB2L336P__seed_8_1763344785
8269824,2-Training-Stats/SPS,5476.0,Pong1PCB2L336P__seed_8_1763344785
8273920,2-Training-Stats/SPS,5476.0,Pong1PCB2L336P__seed_8_1763344785
8278016,2-Training-Stats/SPS,5476.0,Pong1PCB2L336P__seed_8_1763344785
8282112,2-Training-Stats/SPS,5476.0,Pong1PCB2L336P__seed_8_1763344785
8286208,2-Training-Stats/SPS,5476.0,Pong1PCB2L336P__seed_8_1763344785
8290304,2-Training-Stats/SPS,5476.0,Pong1PCB2L336P__seed_8_1763344785
8294400,2-Training-Stats/SPS,5476.0,Pong1PCB2L336P__seed_8_1763344785
8298496,2-Training-Stats/SPS,5476.0,Pong1PCB2L336P__seed_8_1763344785
8302592,2-Training-Stats/SPS,5476.0,Pong1PCB2L336P__seed_8_1763344785
8306688,2-Training-Stats/SPS,5476.0,Pong1PCB2L336P__seed_8_1763344785
8310784,2-Training-Stats/SPS,5476.0,Pong1PCB2L336P__seed_8_1763344785
8314880,2-Training-Stats/SPS,5476.0,Pong1PCB2L336P__seed_8_1763344785
8318976,2-Training-Stats/SPS,5476.0,Pong1PCB2L336P__seed_8_1763344785
8323072,2-Training-Stats/SPS,5476.0,Pong1PCB2L336P__seed_8_1763344785
8327168,2-Training-Stats/SPS,5476.0,Pong1PCB2L336P__seed_8_1763344785
8331264,2-Training-Stats/SPS,5476.0,Pong1PCB2L336P__seed_8_1763344785
8335360,2-Training-Stats/SPS,5476.0,Pong1PCB2L336P__seed_8_1763344785
8339456,2-Training-Stats/SPS,5476.0,Pong1PCB2L336P__seed_8_1763344785
8343552,2-Training-Stats/SPS,5476.0,Pong1PCB2L336P__seed_8_1763344785
8347648,2-Training-Stats/SPS,5476.0,Pong1PCB2L336P__seed_8_1763344785
8351744,2-Training-Stats/SPS,5476.0,Pong1PCB2L336P__seed_8_1763344785
8355840,2-Training-Stats/SPS,5476.0,Pong1PCB2L336P__seed_8_1763344785
8359936,2-Training-Stats/SPS,5476.0,Pong1PCB2L336P__seed_8_1763344785
8364032,2-Training-Stats/SPS,5476.0,Pong1PCB2L336P__seed_8_1763344785
8368128,2-Training-Stats/SPS,5476.0,Pong1PCB2L336P__seed_8_1763344785
8372224,2-Training-Stats/SPS,5476.0,Pong1PCB2L336P__seed_8_1763344785
8376320,2-Training-Stats/SPS,5476.0,Pong1PCB2L336P__seed_8_1763344785
8380416,2-Training-Stats/SPS,5476.0,Pong1PCB2L336P__seed_8_1763344785
8384512,2-Training-Stats/SPS,5476.0,Pong1PCB2L336P__seed_8_1763344785
8388608,2-Training-Stats/SPS,5476.0,Pong1PCB2L336P__seed_8_1763344785
8392704,2-Training-Stats/SPS,5476.0,Pong1PCB2L336P__seed_8_1763344785
8396800,2-Training-Stats/SPS,5476.0,Pong1PCB2L336P__seed_8_1763344785
8400896,2-Training-Stats/SPS,5476.0,Pong1PCB2L336P__seed_8_1763344785
8404992,2-Training-Stats/SPS,5476.0,Pong1PCB2L336P__seed_8_1763344785
8409088,2-Training-Stats/SPS,5476.0,Pong1PCB2L336P__seed_8_1763344785
8413184,2-Training-Stats/SPS,5476.0,Pong1PCB2L336P__seed_8_1763344785
8417280,2-Training-Stats/SPS,5476.0,Pong1PCB2L336P__seed_8_1763344785
8421376,2-Training-Stats/SPS,5476.0,Pong1PCB2L336P__seed_8_1763344785
8425472,2-Training-Stats/SPS,5476.0,Pong1PCB2L336P__seed_8_1763344785
8429568,2-Training-Stats/SPS,5476.0,Pong1PCB2L336P__seed_8_1763344785
8433664,2-Training-Stats/SPS,5476.0,Pong1PCB2L336P__seed_8_1763344785
8437760,2-Training-Stats/SPS,5476.0,Pong1PCB2L336P__seed_8_1763344785
8441856,2-Training-Stats/SPS,5476.0,Pong1PCB2L336P__seed_8_1763344785
8445952,2-Training-Stats/SPS,5476.0,Pong1PCB2L336P__seed_8_1763344785
8450048,2-Training-Stats/SPS,5476.0,Pong1PCB2L336P__seed_8_1763344785
8454144,2-Training-Stats/SPS,5476.0,Pong1PCB2L336P__seed_8_1763344785
8458240,2-Training-Stats/SPS,5476.0,Pong1PCB2L336P__seed_8_1763344785
8462336,2-Training-Stats/SPS,5476.0,Pong1PCB2L336P__seed_8_1763344785
8466432,2-Training-Stats/SPS,5476.0,Pong1PCB2L336P__seed_8_1763344785
8470528,2-Training-Stats/SPS,5476.0,Pong1PCB2L336P__seed_8_1763344785
8474624,2-Training-Stats/SPS,5476.0,Pong1PCB2L336P__seed_8_1763344785
8478720,2-Training-Stats/SPS,5476.0,Pong1PCB2L336P__seed_8_1763344785
8482816,2-Training-Stats/SPS,5476.0,Pong1PCB2L336P__seed_8_1763344785
8486912,2-Training-Stats/SPS,5476.0,Pong1PCB2L336P__seed_8_1763344785
8491008,2-Training-Stats/SPS,5476.0,Pong1PCB2L336P__seed_8_1763344785
8495104,2-Training-Stats/SPS,5476.0,Pong1PCB2L336P__seed_8_1763344785
8499200,2-Training-Stats/SPS,5476.0,Pong1PCB2L336P__seed_8_1763344785
8503296,2-Training-Stats/SPS,5476.0,Pong1PCB2L336P__seed_8_1763344785
8507392,2-Training-Stats/SPS,5476.0,Pong1PCB2L336P__seed_8_1763344785
8511488,2-Training-Stats/SPS,5476.0,Pong1PCB2L336P__seed_8_1763344785
8515584,2-Training-Stats/SPS,5476.0,Pong1PCB2L336P__seed_8_1763344785
8519680,2-Training-Stats/SPS,5476.0,Pong1PCB2L336P__seed_8_1763344785
8523776,2-Training-Stats/SPS,5476.0,Pong1PCB2L336P__seed_8_1763344785
8527872,2-Training-Stats/SPS,5476.0,Pong1PCB2L336P__seed_8_1763344785
8531968,2-Training-Stats/SPS,5476.0,Pong1PCB2L336P__seed_8_1763344785
8536064,2-Training-Stats/SPS,5476.0,Pong1PCB2L336P__seed_8_1763344785
8540160,2-Training-Stats/SPS,5476.0,Pong1PCB2L336P__seed_8_1763344785
8544256,2-Training-Stats/SPS,5476.0,Pong1PCB2L336P__seed_8_1763344785
8548352,2-Training-Stats/SPS,5476.0,Pong1PCB2L336P__seed_8_1763344785
8552448,2-Training-Stats/SPS,5476.0,Pong1PCB2L336P__seed_8_1763344785
8556544,2-Training-Stats/SPS,5476.0,Pong1PCB2L336P__seed_8_1763344785
8560640,2-Training-Stats/SPS,5476.0,Pong1PCB2L336P__seed_8_1763344785
8564736,2-Training-Stats/SPS,5476.0,Pong1PCB2L336P__seed_8_1763344785
8568832,2-Training-Stats/SPS,5476.0,Pong1PCB2L336P__seed_8_1763344785
8572928,2-Training-Stats/SPS,5476.0,Pong1PCB2L336P__seed_8_1763344785
8577024,2-Training-Stats/SPS,5476.0,Pong1PCB2L336P__seed_8_1763344785
8581120,2-Training-Stats/SPS,5476.0,Pong1PCB2L336P__seed_8_1763344785
8585216,2-Training-Stats/SPS,5476.0,Pong1PCB2L336P__seed_8_1763344785
8589312,2-Training-Stats/SPS,5476.0,Pong1PCB2L336P__seed_8_1763344785
8593408,2-Training-Stats/SPS,5476.0,Pong1PCB2L336P__seed_8_1763344785
8597504,2-Training-Stats/SPS,5476.0,Pong1PCB2L336P__seed_8_1763344785
8601600,2-Training-Stats/SPS,5476.0,Pong1PCB2L336P__seed_8_1763344785
8605696,2-Training-Stats/SPS,5476.0,Pong1PCB2L336P__seed_8_1763344785
8609792,2-Training-Stats/SPS,5476.0,Pong1PCB2L336P__seed_8_1763344785
8613888,2-Training-Stats/SPS,5476.0,Pong1PCB2L336P__seed_8_1763344785
8617984,2-Training-Stats/SPS,5476.0,Pong1PCB2L336P__seed_8_1763344785
8622080,2-Training-Stats/SPS,5476.0,Pong1PCB2L336P__seed_8_1763344785
8626176,2-Training-Stats/SPS,5476.0,Pong1PCB2L336P__seed_8_1763344785
8630272,2-Training-Stats/SPS,5476.0,Pong1PCB2L336P__seed_8_1763344785
8634368,2-Training-Stats/SPS,5476.0,Pong1PCB2L336P__seed_8_1763344785
8638464,2-Training-Stats/SPS,5476.0,Pong1PCB2L336P__seed_8_1763344785
8642560,2-Training-Stats/SPS,5476.0,Pong1PCB2L336P__seed_8_1763344785
8646656,2-Training-Stats/SPS,5476.0,Pong1PCB2L336P__seed_8_1763344785
8650752,2-Training-Stats/SPS,5476.0,Pong1PCB2L336P__seed_8_1763344785
8654848,2-Training-Stats/SPS,5476.0,Pong1PCB2L336P__seed_8_1763344785
8658944,2-Training-Stats/SPS,5476.0,Pong1PCB2L336P__seed_8_1763344785
8663040,2-Training-Stats/SPS,5476.0,Pong1PCB2L336P__seed_8_1763344785
8667136,2-Training-Stats/SPS,5476.0,Pong1PCB2L336P__seed_8_1763344785
8671232,2-Training-Stats/SPS,5476.0,Pong1PCB2L336P__seed_8_1763344785
8675328,2-Training-Stats/SPS,5476.0,Pong1PCB2L336P__seed_8_1763344785
8679424,2-Training-Stats/SPS,5476.0,Pong1PCB2L336P__seed_8_1763344785
8683520,2-Training-Stats/SPS,5476.0,Pong1PCB2L336P__seed_8_1763344785
8687616,2-Training-Stats/SPS,5476.0,Pong1PCB2L336P__seed_8_1763344785
8691712,2-Training-Stats/SPS,5476.0,Pong1PCB2L336P__seed_8_1763344785
8695808,2-Training-Stats/SPS,5476.0,Pong1PCB2L336P__seed_8_1763344785
8699904,2-Training-Stats/SPS,5476.0,Pong1PCB2L336P__seed_8_1763344785
8704000,2-Training-Stats/SPS,5476.0,Pong1PCB2L336P__seed_8_1763344785
8708096,2-Training-Stats/SPS,5476.0,Pong1PCB2L336P__seed_8_1763344785
8712192,2-Training-Stats/SPS,5476.0,Pong1PCB2L336P__seed_8_1763344785
8716288,2-Training-Stats/SPS,5476.0,Pong1PCB2L336P__seed_8_1763344785
8720384,2-Training-Stats/SPS,5476.0,Pong1PCB2L336P__seed_8_1763344785
8724480,2-Training-Stats/SPS,5476.0,Pong1PCB2L336P__seed_8_1763344785
8728576,2-Training-Stats/SPS,5476.0,Pong1PCB2L336P__seed_8_1763344785
8732672,2-Training-Stats/SPS,5476.0,Pong1PCB2L336P__seed_8_1763344785
8736768,2-Training-Stats/SPS,5476.0,Pong1PCB2L336P__seed_8_1763344785
8740864,2-Training-Stats/SPS,5476.0,Pong1PCB2L336P__seed_8_1763344785
8744960,2-Training-Stats/SPS,5476.0,Pong1PCB2L336P__seed_8_1763344785
8749056,2-Training-Stats/SPS,5476.0,Pong1PCB2L336P__seed_8_1763344785
8753152,2-Training-Stats/SPS,5476.0,Pong1PCB2L336P__seed_8_1763344785
8757248,2-Training-Stats/SPS,5476.0,Pong1PCB2L336P__seed_8_1763344785
8761344,2-Training-Stats/SPS,5476.0,Pong1PCB2L336P__seed_8_1763344785
8765440,2-Training-Stats/SPS,5476.0,Pong1PCB2L336P__seed_8_1763344785
8769536,2-Training-Stats/SPS,5476.0,Pong1PCB2L336P__seed_8_1763344785
8773632,2-Training-Stats/SPS,5476.0,Pong1PCB2L336P__seed_8_1763344785
8777728,2-Training-Stats/SPS,5476.0,Pong1PCB2L336P__seed_8_1763344785
8781824,2-Training-Stats/SPS,5476.0,Pong1PCB2L336P__seed_8_1763344785
8785920,2-Training-Stats/SPS,5476.0,Pong1PCB2L336P__seed_8_1763344785
8790016,2-Training-Stats/SPS,5476.0,Pong1PCB2L336P__seed_8_1763344785
8794112,2-Training-Stats/SPS,5476.0,Pong1PCB2L336P__seed_8_1763344785
8798208,2-Training-Stats/SPS,5476.0,Pong1PCB2L336P__seed_8_1763344785
8802304,2-Training-Stats/SPS,5476.0,Pong1PCB2L336P__seed_8_1763344785
8806400,2-Training-Stats/SPS,5476.0,Pong1PCB2L336P__seed_8_1763344785
8810496,2-Training-Stats/SPS,5476.0,Pong1PCB2L336P__seed_8_1763344785
8814592,2-Training-Stats/SPS,5476.0,Pong1PCB2L336P__seed_8_1763344785
8818688,2-Training-Stats/SPS,5476.0,Pong1PCB2L336P__seed_8_1763344785
8822784,2-Training-Stats/SPS,5476.0,Pong1PCB2L336P__seed_8_1763344785
8826880,2-Training-Stats/SPS,5476.0,Pong1PCB2L336P__seed_8_1763344785
8830976,2-Training-Stats/SPS,5476.0,Pong1PCB2L336P__seed_8_1763344785
8835072,2-Training-Stats/SPS,5476.0,Pong1PCB2L336P__seed_8_1763344785
8839168,2-Training-Stats/SPS,5476.0,Pong1PCB2L336P__seed_8_1763344785
8843264,2-Training-Stats/SPS,5476.0,Pong1PCB2L336P__seed_8_1763344785
8847360,2-Training-Stats/SPS,5476.0,Pong1PCB2L336P__seed_8_1763344785
8851456,2-Training-Stats/SPS,5476.0,Pong1PCB2L336P__seed_8_1763344785
8855552,2-Training-Stats/SPS,5476.0,Pong1PCB2L336P__seed_8_1763344785
8859648,2-Training-Stats/SPS,5476.0,Pong1PCB2L336P__seed_8_1763344785
8863744,2-Training-Stats/SPS,5476.0,Pong1PCB2L336P__seed_8_1763344785
8867840,2-Training-Stats/SPS,5476.0,Pong1PCB2L336P__seed_8_1763344785
8871936,2-Training-Stats/SPS,5476.0,Pong1PCB2L336P__seed_8_1763344785
8876032,2-Training-Stats/SPS,5476.0,Pong1PCB2L336P__seed_8_1763344785
8880128,2-Training-Stats/SPS,5476.0,Pong1PCB2L336P__seed_8_1763344785
8884224,2-Training-Stats/SPS,5476.0,Pong1PCB2L336P__seed_8_1763344785
8888320,2-Training-Stats/SPS,5476.0,Pong1PCB2L336P__seed_8_1763344785
8892416,2-Training-Stats/SPS,5476.0,Pong1PCB2L336P__seed_8_1763344785
8896512,2-Training-Stats/SPS,5476.0,Pong1PCB2L336P__seed_8_1763344785
8900608,2-Training-Stats/SPS,5476.0,Pong1PCB2L336P__seed_8_1763344785
8904704,2-Training-Stats/SPS,5476.0,Pong1PCB2L336P__seed_8_1763344785
8908800,2-Training-Stats/SPS,5476.0,Pong1PCB2L336P__seed_8_1763344785
8912896,2-Training-Stats/SPS,5476.0,Pong1PCB2L336P__seed_8_1763344785
8916992,2-Training-Stats/SPS,5476.0,Pong1PCB2L336P__seed_8_1763344785
8921088,2-Training-Stats/SPS,5476.0,Pong1PCB2L336P__seed_8_1763344785
8925184,2-Training-Stats/SPS,5476.0,Pong1PCB2L336P__seed_8_1763344785
8929280,2-Training-Stats/SPS,5476.0,Pong1PCB2L336P__seed_8_1763344785
8933376,2-Training-Stats/SPS,5476.0,Pong1PCB2L336P__seed_8_1763344785
8937472,2-Training-Stats/SPS,5476.0,Pong1PCB2L336P__seed_8_1763344785
8941568,2-Training-Stats/SPS,5476.0,Pong1PCB2L336P__seed_8_1763344785
8945664,2-Training-Stats/SPS,5476.0,Pong1PCB2L336P__seed_8_1763344785
8949760,2-Training-Stats/SPS,5476.0,Pong1PCB2L336P__seed_8_1763344785
8953856,2-Training-Stats/SPS,5476.0,Pong1PCB2L336P__seed_8_1763344785
8957952,2-Training-Stats/SPS,5476.0,Pong1PCB2L336P__seed_8_1763344785
8962048,2-Training-Stats/SPS,5476.0,Pong1PCB2L336P__seed_8_1763344785
8966144,2-Training-Stats/SPS,5476.0,Pong1PCB2L336P__seed_8_1763344785
8970240,2-Training-Stats/SPS,5476.0,Pong1PCB2L336P__seed_8_1763344785
8974336,2-Training-Stats/SPS,5476.0,Pong1PCB2L336P__seed_8_1763344785
8978432,2-Training-Stats/SPS,5476.0,Pong1PCB2L336P__seed_8_1763344785
8982528,2-Training-Stats/SPS,5476.0,Pong1PCB2L336P__seed_8_1763344785
8986624,2-Training-Stats/SPS,5476.0,Pong1PCB2L336P__seed_8_1763344785
8990720,2-Training-Stats/SPS,5476.0,Pong1PCB2L336P__seed_8_1763344785
8994816,2-Training-Stats/SPS,5476.0,Pong1PCB2L336P__seed_8_1763344785
8998912,2-Training-Stats/SPS,5476.0,Pong1PCB2L336P__seed_8_1763344785
9003008,2-Training-Stats/SPS,5476.0,Pong1PCB2L336P__seed_8_1763344785
9007104,2-Training-Stats/SPS,5476.0,Pong1PCB2L336P__seed_8_1763344785
9011200,2-Training-Stats/SPS,5476.0,Pong1PCB2L336P__seed_8_1763344785
9015296,2-Training-Stats/SPS,5476.0,Pong1PCB2L336P__seed_8_1763344785
9019392,2-Training-Stats/SPS,5476.0,Pong1PCB2L336P__seed_8_1763344785
9023488,2-Training-Stats/SPS,5476.0,Pong1PCB2L336P__seed_8_1763344785
9027584,2-Training-Stats/SPS,5476.0,Pong1PCB2L336P__seed_8_1763344785
9031680,2-Training-Stats/SPS,5476.0,Pong1PCB2L336P__seed_8_1763344785
9035776,2-Training-Stats/SPS,5476.0,Pong1PCB2L336P__seed_8_1763344785
9039872,2-Training-Stats/SPS,5476.0,Pong1PCB2L336P__seed_8_1763344785
9043968,2-Training-Stats/SPS,5476.0,Pong1PCB2L336P__seed_8_1763344785
9048064,2-Training-Stats/SPS,5476.0,Pong1PCB2L336P__seed_8_1763344785
9052160,2-Training-Stats/SPS,5476.0,Pong1PCB2L336P__seed_8_1763344785
9056256,2-Training-Stats/SPS,5476.0,Pong1PCB2L336P__seed_8_1763344785
9060352,2-Training-Stats/SPS,5476.0,Pong1PCB2L336P__seed_8_1763344785
9064448,2-Training-Stats/SPS,5476.0,Pong1PCB2L336P__seed_8_1763344785
9068544,2-Training-Stats/SPS,5476.0,Pong1PCB2L336P__seed_8_1763344785
9072640,2-Training-Stats/SPS,5476.0,Pong1PCB2L336P__seed_8_1763344785
9076736,2-Training-Stats/SPS,5476.0,Pong1PCB2L336P__seed_8_1763344785
9080832,2-Training-Stats/SPS,5476.0,Pong1PCB2L336P__seed_8_1763344785
9084928,2-Training-Stats/SPS,5476.0,Pong1PCB2L336P__seed_8_1763344785
9089024,2-Training-Stats/SPS,5476.0,Pong1PCB2L336P__seed_8_1763344785
9093120,2-Training-Stats/SPS,5476.0,Pong1PCB2L336P__seed_8_1763344785
9097216,2-Training-Stats/SPS,5476.0,Pong1PCB2L336P__seed_8_1763344785
9101312,2-Training-Stats/SPS,5476.0,Pong1PCB2L336P__seed_8_1763344785
9105408,2-Training-Stats/SPS,5476.0,Pong1PCB2L336P__seed_8_1763344785
9109504,2-Training-Stats/SPS,5476.0,Pong1PCB2L336P__seed_8_1763344785
9113600,2-Training-Stats/SPS,5476.0,Pong1PCB2L336P__seed_8_1763344785
9117696,2-Training-Stats/SPS,5476.0,Pong1PCB2L336P__seed_8_1763344785
9121792,2-Training-Stats/SPS,5476.0,Pong1PCB2L336P__seed_8_1763344785
9125888,2-Training-Stats/SPS,5476.0,Pong1PCB2L336P__seed_8_1763344785
9129984,2-Training-Stats/SPS,5476.0,Pong1PCB2L336P__seed_8_1763344785
9134080,2-Training-Stats/SPS,5476.0,Pong1PCB2L336P__seed_8_1763344785
9138176,2-Training-Stats/SPS,5476.0,Pong1PCB2L336P__seed_8_1763344785
9142272,2-Training-Stats/SPS,5476.0,Pong1PCB2L336P__seed_8_1763344785
9146368,2-Training-Stats/SPS,5476.0,Pong1PCB2L336P__seed_8_1763344785
9150464,2-Training-Stats/SPS,5476.0,Pong1PCB2L336P__seed_8_1763344785
9154560,2-Training-Stats/SPS,5476.0,Pong1PCB2L336P__seed_8_1763344785
9158656,2-Training-Stats/SPS,5476.0,Pong1PCB2L336P__seed_8_1763344785
9162752,2-Training-Stats/SPS,5476.0,Pong1PCB2L336P__seed_8_1763344785
9166848,2-Training-Stats/SPS,5476.0,Pong1PCB2L336P__seed_8_1763344785
9170944,2-Training-Stats/SPS,5476.0,Pong1PCB2L336P__seed_8_1763344785
9175040,2-Training-Stats/SPS,5476.0,Pong1PCB2L336P__seed_8_1763344785
9179136,2-Training-Stats/SPS,5476.0,Pong1PCB2L336P__seed_8_1763344785
9183232,2-Training-Stats/SPS,5476.0,Pong1PCB2L336P__seed_8_1763344785
9187328,2-Training-Stats/SPS,5476.0,Pong1PCB2L336P__seed_8_1763344785
9191424,2-Training-Stats/SPS,5476.0,Pong1PCB2L336P__seed_8_1763344785
9195520,2-Training-Stats/SPS,5476.0,Pong1PCB2L336P__seed_8_1763344785
9199616,2-Training-Stats/SPS,5476.0,Pong1PCB2L336P__seed_8_1763344785
9203712,2-Training-Stats/SPS,5476.0,Pong1PCB2L336P__seed_8_1763344785
9207808,2-Training-Stats/SPS,5476.0,Pong1PCB2L336P__seed_8_1763344785
9211904,2-Training-Stats/SPS,5476.0,Pong1PCB2L336P__seed_8_1763344785
9216000,2-Training-Stats/SPS,5476.0,Pong1PCB2L336P__seed_8_1763344785
9220096,2-Training-Stats/SPS,5476.0,Pong1PCB2L336P__seed_8_1763344785
9224192,2-Training-Stats/SPS,5476.0,Pong1PCB2L336P__seed_8_1763344785
9228288,2-Training-Stats/SPS,5476.0,Pong1PCB2L336P__seed_8_1763344785
9232384,2-Training-Stats/SPS,5476.0,Pong1PCB2L336P__seed_8_1763344785
9236480,2-Training-Stats/SPS,5476.0,Pong1PCB2L336P__seed_8_1763344785
9240576,2-Training-Stats/SPS,5476.0,Pong1PCB2L336P__seed_8_1763344785
9244672,2-Training-Stats/SPS,5476.0,Pong1PCB2L336P__seed_8_1763344785
9248768,2-Training-Stats/SPS,5476.0,Pong1PCB2L336P__seed_8_1763344785
9252864,2-Training-Stats/SPS,5476.0,Pong1PCB2L336P__seed_8_1763344785
9256960,2-Training-Stats/SPS,5476.0,Pong1PCB2L336P__seed_8_1763344785
9261056,2-Training-Stats/SPS,5476.0,Pong1PCB2L336P__seed_8_1763344785
9265152,2-Training-Stats/SPS,5476.0,Pong1PCB2L336P__seed_8_1763344785
9269248,2-Training-Stats/SPS,5476.0,Pong1PCB2L336P__seed_8_1763344785
9273344,2-Training-Stats/SPS,5476.0,Pong1PCB2L336P__seed_8_1763344785
9277440,2-Training-Stats/SPS,5476.0,Pong1PCB2L336P__seed_8_1763344785
9281536,2-Training-Stats/SPS,5476.0,Pong1PCB2L336P__seed_8_1763344785
9285632,2-Training-Stats/SPS,5476.0,Pong1PCB2L336P__seed_8_1763344785
9289728,2-Training-Stats/SPS,5476.0,Pong1PCB2L336P__seed_8_1763344785
9293824,2-Training-Stats/SPS,5476.0,Pong1PCB2L336P__seed_8_1763344785
9297920,2-Training-Stats/SPS,5476.0,Pong1PCB2L336P__seed_8_1763344785
9302016,2-Training-Stats/SPS,5476.0,Pong1PCB2L336P__seed_8_1763344785
9306112,2-Training-Stats/SPS,5476.0,Pong1PCB2L336P__seed_8_1763344785
9310208,2-Training-Stats/SPS,5476.0,Pong1PCB2L336P__seed_8_1763344785
9314304,2-Training-Stats/SPS,5476.0,Pong1PCB2L336P__seed_8_1763344785
9318400,2-Training-Stats/SPS,5476.0,Pong1PCB2L336P__seed_8_1763344785
9322496,2-Training-Stats/SPS,5476.0,Pong1PCB2L336P__seed_8_1763344785
9326592,2-Training-Stats/SPS,5476.0,Pong1PCB2L336P__seed_8_1763344785
9330688,2-Training-Stats/SPS,5476.0,Pong1PCB2L336P__seed_8_1763344785
9334784,2-Training-Stats/SPS,5476.0,Pong1PCB2L336P__seed_8_1763344785
9338880,2-Training-Stats/SPS,5476.0,Pong1PCB2L336P__seed_8_1763344785
9342976,2-Training-Stats/SPS,5476.0,Pong1PCB2L336P__seed_8_1763344785
9347072,2-Training-Stats/SPS,5476.0,Pong1PCB2L336P__seed_8_1763344785
9351168,2-Training-Stats/SPS,5476.0,Pong1PCB2L336P__seed_8_1763344785
9355264,2-Training-Stats/SPS,5476.0,Pong1PCB2L336P__seed_8_1763344785
9359360,2-Training-Stats/SPS,5476.0,Pong1PCB2L336P__seed_8_1763344785
9363456,2-Training-Stats/SPS,5476.0,Pong1PCB2L336P__seed_8_1763344785
9367552,2-Training-Stats/SPS,5476.0,Pong1PCB2L336P__seed_8_1763344785
9371648,2-Training-Stats/SPS,5476.0,Pong1PCB2L336P__seed_8_1763344785
9375744,2-Training-Stats/SPS,5476.0,Pong1PCB2L336P__seed_8_1763344785
9379840,2-Training-Stats/SPS,5476.0,Pong1PCB2L336P__seed_8_1763344785
9383936,2-Training-Stats/SPS,5476.0,Pong1PCB2L336P__seed_8_1763344785
9388032,2-Training-Stats/SPS,5476.0,Pong1PCB2L336P__seed_8_1763344785
9392128,2-Training-Stats/SPS,5476.0,Pong1PCB2L336P__seed_8_1763344785
9396224,2-Training-Stats/SPS,5476.0,Pong1PCB2L336P__seed_8_1763344785
9400320,2-Training-Stats/SPS,5476.0,Pong1PCB2L336P__seed_8_1763344785
9404416,2-Training-Stats/SPS,5476.0,Pong1PCB2L336P__seed_8_1763344785
9408512,2-Training-Stats/SPS,5476.0,Pong1PCB2L336P__seed_8_1763344785
9412608,2-Training-Stats/SPS,5476.0,Pong1PCB2L336P__seed_8_1763344785
9416704,2-Training-Stats/SPS,5476.0,Pong1PCB2L336P__seed_8_1763344785
9420800,2-Training-Stats/SPS,5476.0,Pong1PCB2L336P__seed_8_1763344785
9424896,2-Training-Stats/SPS,5476.0,Pong1PCB2L336P__seed_8_1763344785
9428992,2-Training-Stats/SPS,5476.0,Pong1PCB2L336P__seed_8_1763344785
9433088,2-Training-Stats/SPS,5476.0,Pong1PCB2L336P__seed_8_1763344785
9437184,2-Training-Stats/SPS,5476.0,Pong1PCB2L336P__seed_8_1763344785
9441280,2-Training-Stats/SPS,5475.0,Pong1PCB2L336P__seed_8_1763344785
9445376,2-Training-Stats/SPS,5475.0,Pong1PCB2L336P__seed_8_1763344785
9449472,2-Training-Stats/SPS,5475.0,Pong1PCB2L336P__seed_8_1763344785
9453568,2-Training-Stats/SPS,5475.0,Pong1PCB2L336P__seed_8_1763344785
9457664,2-Training-Stats/SPS,5475.0,Pong1PCB2L336P__seed_8_1763344785
9461760,2-Training-Stats/SPS,5475.0,Pong1PCB2L336P__seed_8_1763344785
9465856,2-Training-Stats/SPS,5475.0,Pong1PCB2L336P__seed_8_1763344785
9469952,2-Training-Stats/SPS,5475.0,Pong1PCB2L336P__seed_8_1763344785
9474048,2-Training-Stats/SPS,5475.0,Pong1PCB2L336P__seed_8_1763344785
9478144,2-Training-Stats/SPS,5475.0,Pong1PCB2L336P__seed_8_1763344785
9482240,2-Training-Stats/SPS,5475.0,Pong1PCB2L336P__seed_8_1763344785
9486336,2-Training-Stats/SPS,5475.0,Pong1PCB2L336P__seed_8_1763344785
9490432,2-Training-Stats/SPS,5475.0,Pong1PCB2L336P__seed_8_1763344785
9494528,2-Training-Stats/SPS,5475.0,Pong1PCB2L336P__seed_8_1763344785
9498624,2-Training-Stats/SPS,5475.0,Pong1PCB2L336P__seed_8_1763344785
9502720,2-Training-Stats/SPS,5475.0,Pong1PCB2L336P__seed_8_1763344785
9506816,2-Training-Stats/SPS,5475.0,Pong1PCB2L336P__seed_8_1763344785
9510912,2-Training-Stats/SPS,5475.0,Pong1PCB2L336P__seed_8_1763344785
9515008,2-Training-Stats/SPS,5475.0,Pong1PCB2L336P__seed_8_1763344785
9519104,2-Training-Stats/SPS,5475.0,Pong1PCB2L336P__seed_8_1763344785
9523200,2-Training-Stats/SPS,5475.0,Pong1PCB2L336P__seed_8_1763344785
9527296,2-Training-Stats/SPS,5475.0,Pong1PCB2L336P__seed_8_1763344785
9531392,2-Training-Stats/SPS,5475.0,Pong1PCB2L336P__seed_8_1763344785
9535488,2-Training-Stats/SPS,5475.0,Pong1PCB2L336P__seed_8_1763344785
9539584,2-Training-Stats/SPS,5475.0,Pong1PCB2L336P__seed_8_1763344785
9543680,2-Training-Stats/SPS,5475.0,Pong1PCB2L336P__seed_8_1763344785
9547776,2-Training-Stats/SPS,5475.0,Pong1PCB2L336P__seed_8_1763344785
9551872,2-Training-Stats/SPS,5475.0,Pong1PCB2L336P__seed_8_1763344785
9555968,2-Training-Stats/SPS,5475.0,Pong1PCB2L336P__seed_8_1763344785
9560064,2-Training-Stats/SPS,5475.0,Pong1PCB2L336P__seed_8_1763344785
9564160,2-Training-Stats/SPS,5475.0,Pong1PCB2L336P__seed_8_1763344785
9568256,2-Training-Stats/SPS,5475.0,Pong1PCB2L336P__seed_8_1763344785
9572352,2-Training-Stats/SPS,5475.0,Pong1PCB2L336P__seed_8_1763344785
9576448,2-Training-Stats/SPS,5475.0,Pong1PCB2L336P__seed_8_1763344785
9580544,2-Training-Stats/SPS,5475.0,Pong1PCB2L336P__seed_8_1763344785
9584640,2-Training-Stats/SPS,5475.0,Pong1PCB2L336P__seed_8_1763344785
9588736,2-Training-Stats/SPS,5475.0,Pong1PCB2L336P__seed_8_1763344785
9592832,2-Training-Stats/SPS,5475.0,Pong1PCB2L336P__seed_8_1763344785
9596928,2-Training-Stats/SPS,5475.0,Pong1PCB2L336P__seed_8_1763344785
9601024,2-Training-Stats/SPS,5475.0,Pong1PCB2L336P__seed_8_1763344785
9605120,2-Training-Stats/SPS,5475.0,Pong1PCB2L336P__seed_8_1763344785
9609216,2-Training-Stats/SPS,5475.0,Pong1PCB2L336P__seed_8_1763344785
9613312,2-Training-Stats/SPS,5475.0,Pong1PCB2L336P__seed_8_1763344785
9617408,2-Training-Stats/SPS,5475.0,Pong1PCB2L336P__seed_8_1763344785
9621504,2-Training-Stats/SPS,5475.0,Pong1PCB2L336P__seed_8_1763344785
9625600,2-Training-Stats/SPS,5475.0,Pong1PCB2L336P__seed_8_1763344785
9629696,2-Training-Stats/SPS,5475.0,Pong1PCB2L336P__seed_8_1763344785
9633792,2-Training-Stats/SPS,5475.0,Pong1PCB2L336P__seed_8_1763344785
9637888,2-Training-Stats/SPS,5475.0,Pong1PCB2L336P__seed_8_1763344785
9641984,2-Training-Stats/SPS,5475.0,Pong1PCB2L336P__seed_8_1763344785
9646080,2-Training-Stats/SPS,5475.0,Pong1PCB2L336P__seed_8_1763344785
9650176,2-Training-Stats/SPS,5475.0,Pong1PCB2L336P__seed_8_1763344785
9654272,2-Training-Stats/SPS,5475.0,Pong1PCB2L336P__seed_8_1763344785
9658368,2-Training-Stats/SPS,5475.0,Pong1PCB2L336P__seed_8_1763344785
9662464,2-Training-Stats/SPS,5475.0,Pong1PCB2L336P__seed_8_1763344785
9666560,2-Training-Stats/SPS,5475.0,Pong1PCB2L336P__seed_8_1763344785
9670656,2-Training-Stats/SPS,5475.0,Pong1PCB2L336P__seed_8_1763344785
9674752,2-Training-Stats/SPS,5475.0,Pong1PCB2L336P__seed_8_1763344785
9678848,2-Training-Stats/SPS,5475.0,Pong1PCB2L336P__seed_8_1763344785
9682944,2-Training-Stats/SPS,5475.0,Pong1PCB2L336P__seed_8_1763344785
9687040,2-Training-Stats/SPS,5475.0,Pong1PCB2L336P__seed_8_1763344785
9691136,2-Training-Stats/SPS,5475.0,Pong1PCB2L336P__seed_8_1763344785
9695232,2-Training-Stats/SPS,5475.0,Pong1PCB2L336P__seed_8_1763344785
9699328,2-Training-Stats/SPS,5475.0,Pong1PCB2L336P__seed_8_1763344785
9703424,2-Training-Stats/SPS,5475.0,Pong1PCB2L336P__seed_8_1763344785
9707520,2-Training-Stats/SPS,5475.0,Pong1PCB2L336P__seed_8_1763344785
9711616,2-Training-Stats/SPS,5475.0,Pong1PCB2L336P__seed_8_1763344785
9715712,2-Training-Stats/SPS,5475.0,Pong1PCB2L336P__seed_8_1763344785
9719808,2-Training-Stats/SPS,5475.0,Pong1PCB2L336P__seed_8_1763344785
9723904,2-Training-Stats/SPS,5475.0,Pong1PCB2L336P__seed_8_1763344785
9728000,2-Training-Stats/SPS,5475.0,Pong1PCB2L336P__seed_8_1763344785
9732096,2-Training-Stats/SPS,5475.0,Pong1PCB2L336P__seed_8_1763344785
9736192,2-Training-Stats/SPS,5475.0,Pong1PCB2L336P__seed_8_1763344785
9740288,2-Training-Stats/SPS,5475.0,Pong1PCB2L336P__seed_8_1763344785
9744384,2-Training-Stats/SPS,5475.0,Pong1PCB2L336P__seed_8_1763344785
9748480,2-Training-Stats/SPS,5475.0,Pong1PCB2L336P__seed_8_1763344785
9752576,2-Training-Stats/SPS,5475.0,Pong1PCB2L336P__seed_8_1763344785
9756672,2-Training-Stats/SPS,5475.0,Pong1PCB2L336P__seed_8_1763344785
9760768,2-Training-Stats/SPS,5475.0,Pong1PCB2L336P__seed_8_1763344785
9764864,2-Training-Stats/SPS,5475.0,Pong1PCB2L336P__seed_8_1763344785
9768960,2-Training-Stats/SPS,5475.0,Pong1PCB2L336P__seed_8_1763344785
9773056,2-Training-Stats/SPS,5475.0,Pong1PCB2L336P__seed_8_1763344785
9777152,2-Training-Stats/SPS,5475.0,Pong1PCB2L336P__seed_8_1763344785
9781248,2-Training-Stats/SPS,5475.0,Pong1PCB2L336P__seed_8_1763344785
9785344,2-Training-Stats/SPS,5475.0,Pong1PCB2L336P__seed_8_1763344785
9789440,2-Training-Stats/SPS,5475.0,Pong1PCB2L336P__seed_8_1763344785
9793536,2-Training-Stats/SPS,5475.0,Pong1PCB2L336P__seed_8_1763344785
9797632,2-Training-Stats/SPS,5475.0,Pong1PCB2L336P__seed_8_1763344785
9801728,2-Training-Stats/SPS,5475.0,Pong1PCB2L336P__seed_8_1763344785
9805824,2-Training-Stats/SPS,5475.0,Pong1PCB2L336P__seed_8_1763344785
9809920,2-Training-Stats/SPS,5475.0,Pong1PCB2L336P__seed_8_1763344785
9814016,2-Training-Stats/SPS,5475.0,Pong1PCB2L336P__seed_8_1763344785
9818112,2-Training-Stats/SPS,5475.0,Pong1PCB2L336P__seed_8_1763344785
9822208,2-Training-Stats/SPS,5475.0,Pong1PCB2L336P__seed_8_1763344785
9826304,2-Training-Stats/SPS,5475.0,Pong1PCB2L336P__seed_8_1763344785
9830400,2-Training-Stats/SPS,5475.0,Pong1PCB2L336P__seed_8_1763344785
9834496,2-Training-Stats/SPS,5475.0,Pong1PCB2L336P__seed_8_1763344785
9838592,2-Training-Stats/SPS,5475.0,Pong1PCB2L336P__seed_8_1763344785
9842688,2-Training-Stats/SPS,5475.0,Pong1PCB2L336P__seed_8_1763344785
9846784,2-Training-Stats/SPS,5475.0,Pong1PCB2L336P__seed_8_1763344785
9850880,2-Training-Stats/SPS,5475.0,Pong1PCB2L336P__seed_8_1763344785
9854976,2-Training-Stats/SPS,5475.0,Pong1PCB2L336P__seed_8_1763344785
9859072,2-Training-Stats/SPS,5475.0,Pong1PCB2L336P__seed_8_1763344785
9863168,2-Training-Stats/SPS,5475.0,Pong1PCB2L336P__seed_8_1763344785
9867264,2-Training-Stats/SPS,5475.0,Pong1PCB2L336P__seed_8_1763344785
9871360,2-Training-Stats/SPS,5475.0,Pong1PCB2L336P__seed_8_1763344785
9875456,2-Training-Stats/SPS,5475.0,Pong1PCB2L336P__seed_8_1763344785
9879552,2-Training-Stats/SPS,5475.0,Pong1PCB2L336P__seed_8_1763344785
9883648,2-Training-Stats/SPS,5475.0,Pong1PCB2L336P__seed_8_1763344785
9887744,2-Training-Stats/SPS,5475.0,Pong1PCB2L336P__seed_8_1763344785
9891840,2-Training-Stats/SPS,5475.0,Pong1PCB2L336P__seed_8_1763344785
9895936,2-Training-Stats/SPS,5475.0,Pong1PCB2L336P__seed_8_1763344785
9900032,2-Training-Stats/SPS,5475.0,Pong1PCB2L336P__seed_8_1763344785
9904128,2-Training-Stats/SPS,5475.0,Pong1PCB2L336P__seed_8_1763344785
9908224,2-Training-Stats/SPS,5475.0,Pong1PCB2L336P__seed_8_1763344785
9912320,2-Training-Stats/SPS,5475.0,Pong1PCB2L336P__seed_8_1763344785
9916416,2-Training-Stats/SPS,5475.0,Pong1PCB2L336P__seed_8_1763344785
9920512,2-Training-Stats/SPS,5475.0,Pong1PCB2L336P__seed_8_1763344785
9924608,2-Training-Stats/SPS,5475.0,Pong1PCB2L336P__seed_8_1763344785
9928704,2-Training-Stats/SPS,5475.0,Pong1PCB2L336P__seed_8_1763344785
9932800,2-Training-Stats/SPS,5475.0,Pong1PCB2L336P__seed_8_1763344785
9936896,2-Training-Stats/SPS,5475.0,Pong1PCB2L336P__seed_8_1763344785
9940992,2-Training-Stats/SPS,5475.0,Pong1PCB2L336P__seed_8_1763344785
9945088,2-Training-Stats/SPS,5475.0,Pong1PCB2L336P__seed_8_1763344785
9949184,2-Training-Stats/SPS,5475.0,Pong1PCB2L336P__seed_8_1763344785
9953280,2-Training-Stats/SPS,5475.0,Pong1PCB2L336P__seed_8_1763344785
9957376,2-Training-Stats/SPS,5475.0,Pong1PCB2L336P__seed_8_1763344785
9961472,2-Training-Stats/SPS,5475.0,Pong1PCB2L336P__seed_8_1763344785
9965568,2-Training-Stats/SPS,5475.0,Pong1PCB2L336P__seed_8_1763344785
9969664,2-Training-Stats/SPS,5475.0,Pong1PCB2L336P__seed_8_1763344785
9973760,2-Training-Stats/SPS,5475.0,Pong1PCB2L336P__seed_8_1763344785
9977856,2-Training-Stats/SPS,5475.0,Pong1PCB2L336P__seed_8_1763344785
9981952,2-Training-Stats/SPS,5475.0,Pong1PCB2L336P__seed_8_1763344785
9986048,2-Training-Stats/SPS,5475.0,Pong1PCB2L336P__seed_8_1763344785
9990144,2-Training-Stats/SPS,5475.0,Pong1PCB2L336P__seed_8_1763344785
9994240,2-Training-Stats/SPS,5475.0,Pong1PCB2L336P__seed_8_1763344785
9998336,2-Training-Stats/SPS,5476.0,Pong1PCB2L336P__seed_8_1763344785
4096,2-Training-Stats/learning_rate,0.0002500000118743628,Pong1PCB2L336P__seed_8_1763344785
8192,2-Training-Stats/learning_rate,0.0002498975954949856,Pong1PCB2L336P__seed_8_1763344785
12288,2-Training-Stats/learning_rate,0.00024979517911560833,Pong1PCB2L336P__seed_8_1763344785
16384,2-Training-Stats/learning_rate,0.0002496927627362311,Pong1PCB2L336P__seed_8_1763344785
20480,2-Training-Stats/learning_rate,0.00024959034635685384,Pong1PCB2L336P__seed_8_1763344785
24576,2-Training-Stats/learning_rate,0.00024948790087364614,Pong1PCB2L336P__seed_8_1763344785
28672,2-Training-Stats/learning_rate,0.0002493854844942689,Pong1PCB2L336P__seed_8_1763344785
32768,2-Training-Stats/learning_rate,0.00024928306811489165,Pong1PCB2L336P__seed_8_1763344785
36864,2-Training-Stats/learning_rate,0.0002491806517355144,Pong1PCB2L336P__seed_8_1763344785
40960,2-Training-Stats/learning_rate,0.00024907823535613716,Pong1PCB2L336P__seed_8_1763344785
45056,2-Training-Stats/learning_rate,0.0002489758189767599,Pong1PCB2L336P__seed_8_1763344785
49152,2-Training-Stats/learning_rate,0.00024887340259738266,Pong1PCB2L336P__seed_8_1763344785
53248,2-Training-Stats/learning_rate,0.0002487709862180054,Pong1PCB2L336P__seed_8_1763344785
57344,2-Training-Stats/learning_rate,0.00024866856983862817,Pong1PCB2L336P__seed_8_1763344785
61440,2-Training-Stats/learning_rate,0.0002485661534592509,Pong1PCB2L336P__seed_8_1763344785
65536,2-Training-Stats/learning_rate,0.0002484637370798737,Pong1PCB2L336P__seed_8_1763344785
69632,2-Training-Stats/learning_rate,0.00024836132070049644,Pong1PCB2L336P__seed_8_1763344785
73728,2-Training-Stats/learning_rate,0.0002482589043211192,Pong1PCB2L336P__seed_8_1763344785
77824,2-Training-Stats/learning_rate,0.00024815648794174194,Pong1PCB2L336P__seed_8_1763344785
81920,2-Training-Stats/learning_rate,0.0002480540715623647,Pong1PCB2L336P__seed_8_1763344785
86016,2-Training-Stats/learning_rate,0.00024795165518298745,Pong1PCB2L336P__seed_8_1763344785
90112,2-Training-Stats/learning_rate,0.0002478492388036102,Pong1PCB2L336P__seed_8_1763344785
94208,2-Training-Stats/learning_rate,0.00024774682242423296,Pong1PCB2L336P__seed_8_1763344785
98304,2-Training-Stats/learning_rate,0.0002476444060448557,Pong1PCB2L336P__seed_8_1763344785
102400,2-Training-Stats/learning_rate,0.00024754198966547847,Pong1PCB2L336P__seed_8_1763344785
106496,2-Training-Stats/learning_rate,0.0002474395732861012,Pong1PCB2L336P__seed_8_1763344785
110592,2-Training-Stats/learning_rate,0.000247337156906724,Pong1PCB2L336P__seed_8_1763344785
114688,2-Training-Stats/learning_rate,0.00024723474052734673,Pong1PCB2L336P__seed_8_1763344785
118784,2-Training-Stats/learning_rate,0.0002471323241479695,Pong1PCB2L336P__seed_8_1763344785
122880,2-Training-Stats/learning_rate,0.00024702990776859224,Pong1PCB2L336P__seed_8_1763344785
126976,2-Training-Stats/learning_rate,0.000246927491389215,Pong1PCB2L336P__seed_8_1763344785
131072,2-Training-Stats/learning_rate,0.00024682507500983775,Pong1PCB2L336P__seed_8_1763344785
135168,2-Training-Stats/learning_rate,0.0002467226586304605,Pong1PCB2L336P__seed_8_1763344785
139264,2-Training-Stats/learning_rate,0.00024662024225108325,Pong1PCB2L336P__seed_8_1763344785
143360,2-Training-Stats/learning_rate,0.000246517825871706,Pong1PCB2L336P__seed_8_1763344785
147456,2-Training-Stats/learning_rate,0.00024641540949232876,Pong1PCB2L336P__seed_8_1763344785
151552,2-Training-Stats/learning_rate,0.0002463129931129515,Pong1PCB2L336P__seed_8_1763344785
155648,2-Training-Stats/learning_rate,0.00024621057673357427,Pong1PCB2L336P__seed_8_1763344785
159744,2-Training-Stats/learning_rate,0.000246108160354197,Pong1PCB2L336P__seed_8_1763344785
163840,2-Training-Stats/learning_rate,0.0002460057439748198,Pong1PCB2L336P__seed_8_1763344785
167936,2-Training-Stats/learning_rate,0.00024590332759544253,Pong1PCB2L336P__seed_8_1763344785
172032,2-Training-Stats/learning_rate,0.0002458009112160653,Pong1PCB2L336P__seed_8_1763344785
176128,2-Training-Stats/learning_rate,0.00024569849483668804,Pong1PCB2L336P__seed_8_1763344785
180224,2-Training-Stats/learning_rate,0.0002455960784573108,Pong1PCB2L336P__seed_8_1763344785
184320,2-Training-Stats/learning_rate,0.00024549366207793355,Pong1PCB2L336P__seed_8_1763344785
188416,2-Training-Stats/learning_rate,0.0002453912456985563,Pong1PCB2L336P__seed_8_1763344785
192512,2-Training-Stats/learning_rate,0.00024528882931917906,Pong1PCB2L336P__seed_8_1763344785
196608,2-Training-Stats/learning_rate,0.0002451864129398018,Pong1PCB2L336P__seed_8_1763344785
200704,2-Training-Stats/learning_rate,0.0002450839674565941,Pong1PCB2L336P__seed_8_1763344785
204800,2-Training-Stats/learning_rate,0.00024498155107721686,Pong1PCB2L336P__seed_8_1763344785
208896,2-Training-Stats/learning_rate,0.0002448791346978396,Pong1PCB2L336P__seed_8_1763344785
212992,2-Training-Stats/learning_rate,0.00024477671831846237,Pong1PCB2L336P__seed_8_1763344785
217088,2-Training-Stats/learning_rate,0.0002446743019390851,Pong1PCB2L336P__seed_8_1763344785
221184,2-Training-Stats/learning_rate,0.0002445718855597079,Pong1PCB2L336P__seed_8_1763344785
225280,2-Training-Stats/learning_rate,0.00024446946918033063,Pong1PCB2L336P__seed_8_1763344785
229376,2-Training-Stats/learning_rate,0.0002443670528009534,Pong1PCB2L336P__seed_8_1763344785
233472,2-Training-Stats/learning_rate,0.00024426463642157614,Pong1PCB2L336P__seed_8_1763344785
237568,2-Training-Stats/learning_rate,0.0002441622200421989,Pong1PCB2L336P__seed_8_1763344785
241664,2-Training-Stats/learning_rate,0.00024405981821473688,Pong1PCB2L336P__seed_8_1763344785
245760,2-Training-Stats/learning_rate,0.0002439573872834444,Pong1PCB2L336P__seed_8_1763344785
249856,2-Training-Stats/learning_rate,0.00024385497090406716,Pong1PCB2L336P__seed_8_1763344785
253952,2-Training-Stats/learning_rate,0.0002437525545246899,Pong1PCB2L336P__seed_8_1763344785
258048,2-Training-Stats/learning_rate,0.00024365013814531267,Pong1PCB2L336P__seed_8_1763344785
262144,2-Training-Stats/learning_rate,0.00024354772176593542,Pong1PCB2L336P__seed_8_1763344785
266240,2-Training-Stats/learning_rate,0.00024344530538655818,Pong1PCB2L336P__seed_8_1763344785
270336,2-Training-Stats/learning_rate,0.00024334288900718093,Pong1PCB2L336P__seed_8_1763344785
274432,2-Training-Stats/learning_rate,0.00024324047262780368,Pong1PCB2L336P__seed_8_1763344785
278528,2-Training-Stats/learning_rate,0.00024313805624842644,Pong1PCB2L336P__seed_8_1763344785
282624,2-Training-Stats/learning_rate,0.0002430356398690492,Pong1PCB2L336P__seed_8_1763344785
286720,2-Training-Stats/learning_rate,0.00024293322348967195,Pong1PCB2L336P__seed_8_1763344785
290816,2-Training-Stats/learning_rate,0.0002428308071102947,Pong1PCB2L336P__seed_8_1763344785
294912,2-Training-Stats/learning_rate,0.00024272839073091745,Pong1PCB2L336P__seed_8_1763344785
299008,2-Training-Stats/learning_rate,0.0002426259743515402,Pong1PCB2L336P__seed_8_1763344785
303104,2-Training-Stats/learning_rate,0.00024252355797216296,Pong1PCB2L336P__seed_8_1763344785
307200,2-Training-Stats/learning_rate,0.00024242114159278572,Pong1PCB2L336P__seed_8_1763344785
311296,2-Training-Stats/learning_rate,0.00024231872521340847,Pong1PCB2L336P__seed_8_1763344785
315392,2-Training-Stats/learning_rate,0.00024221630883403122,Pong1PCB2L336P__seed_8_1763344785
319488,2-Training-Stats/learning_rate,0.00024211389245465398,Pong1PCB2L336P__seed_8_1763344785
323584,2-Training-Stats/learning_rate,0.00024201147607527673,Pong1PCB2L336P__seed_8_1763344785
327680,2-Training-Stats/learning_rate,0.0002419090596958995,Pong1PCB2L336P__seed_8_1763344785
331776,2-Training-Stats/learning_rate,0.00024180664331652224,Pong1PCB2L336P__seed_8_1763344785
335872,2-Training-Stats/learning_rate,0.00024170421238522977,Pong1PCB2L336P__seed_8_1763344785
339968,2-Training-Stats/learning_rate,0.00024160179600585252,Pong1PCB2L336P__seed_8_1763344785
344064,2-Training-Stats/learning_rate,0.00024149937962647527,Pong1PCB2L336P__seed_8_1763344785
348160,2-Training-Stats/learning_rate,0.00024139696324709803,Pong1PCB2L336P__seed_8_1763344785
352256,2-Training-Stats/learning_rate,0.00024129454686772078,Pong1PCB2L336P__seed_8_1763344785
356352,2-Training-Stats/learning_rate,0.00024119213048834354,Pong1PCB2L336P__seed_8_1763344785
360448,2-Training-Stats/learning_rate,0.0002410897141089663,Pong1PCB2L336P__seed_8_1763344785
364544,2-Training-Stats/learning_rate,0.00024098729772958905,Pong1PCB2L336P__seed_8_1763344785
368640,2-Training-Stats/learning_rate,0.0002408848813502118,Pong1PCB2L336P__seed_8_1763344785
372736,2-Training-Stats/learning_rate,0.00024078246497083455,Pong1PCB2L336P__seed_8_1763344785
376832,2-Training-Stats/learning_rate,0.0002406800485914573,Pong1PCB2L336P__seed_8_1763344785
380928,2-Training-Stats/learning_rate,0.00024057763221208006,Pong1PCB2L336P__seed_8_1763344785
385024,2-Training-Stats/learning_rate,0.00024047521583270282,Pong1PCB2L336P__seed_8_1763344785
389120,2-Training-Stats/learning_rate,0.00024037279945332557,Pong1PCB2L336P__seed_8_1763344785
393216,2-Training-Stats/learning_rate,0.00024027038307394832,Pong1PCB2L336P__seed_8_1763344785
397312,2-Training-Stats/learning_rate,0.00024016796669457108,Pong1PCB2L336P__seed_8_1763344785
401408,2-Training-Stats/learning_rate,0.00024006555031519383,Pong1PCB2L336P__seed_8_1763344785
405504,2-Training-Stats/learning_rate,0.00023996313393581659,Pong1PCB2L336P__seed_8_1763344785
409600,2-Training-Stats/learning_rate,0.00023986071755643934,Pong1PCB2L336P__seed_8_1763344785
413696,2-Training-Stats/learning_rate,0.0002397583011770621,Pong1PCB2L336P__seed_8_1763344785
417792,2-Training-Stats/learning_rate,0.00023965588479768485,Pong1PCB2L336P__seed_8_1763344785
421888,2-Training-Stats/learning_rate,0.0002395534684183076,Pong1PCB2L336P__seed_8_1763344785
425984,2-Training-Stats/learning_rate,0.00023945103748701513,Pong1PCB2L336P__seed_8_1763344785
430080,2-Training-Stats/learning_rate,0.00023934862110763788,Pong1PCB2L336P__seed_8_1763344785
434176,2-Training-Stats/learning_rate,0.00023924620472826064,Pong1PCB2L336P__seed_8_1763344785
438272,2-Training-Stats/learning_rate,0.0002391437883488834,Pong1PCB2L336P__seed_8_1763344785
442368,2-Training-Stats/learning_rate,0.00023904137196950614,Pong1PCB2L336P__seed_8_1763344785
446464,2-Training-Stats/learning_rate,0.0002389389555901289,Pong1PCB2L336P__seed_8_1763344785
450560,2-Training-Stats/learning_rate,0.00023883653921075165,Pong1PCB2L336P__seed_8_1763344785
454656,2-Training-Stats/learning_rate,0.0002387341228313744,Pong1PCB2L336P__seed_8_1763344785
458752,2-Training-Stats/learning_rate,0.00023863170645199716,Pong1PCB2L336P__seed_8_1763344785
462848,2-Training-Stats/learning_rate,0.00023852929007261992,Pong1PCB2L336P__seed_8_1763344785
466944,2-Training-Stats/learning_rate,0.00023842687369324267,Pong1PCB2L336P__seed_8_1763344785
471040,2-Training-Stats/learning_rate,0.00023832445731386542,Pong1PCB2L336P__seed_8_1763344785
475136,2-Training-Stats/learning_rate,0.00023822204093448818,Pong1PCB2L336P__seed_8_1763344785
479232,2-Training-Stats/learning_rate,0.00023811962455511093,Pong1PCB2L336P__seed_8_1763344785
483328,2-Training-Stats/learning_rate,0.00023801720817573369,Pong1PCB2L336P__seed_8_1763344785
487424,2-Training-Stats/learning_rate,0.00023791479179635644,Pong1PCB2L336P__seed_8_1763344785
491520,2-Training-Stats/learning_rate,0.0002378123754169792,Pong1PCB2L336P__seed_8_1763344785
495616,2-Training-Stats/learning_rate,0.00023770995903760195,Pong1PCB2L336P__seed_8_1763344785
499712,2-Training-Stats/learning_rate,0.0002376075426582247,Pong1PCB2L336P__seed_8_1763344785
503808,2-Training-Stats/learning_rate,0.00023750512627884746,Pong1PCB2L336P__seed_8_1763344785
507904,2-Training-Stats/learning_rate,0.0002374027098994702,Pong1PCB2L336P__seed_8_1763344785
512000,2-Training-Stats/learning_rate,0.00023730029352009296,Pong1PCB2L336P__seed_8_1763344785
516096,2-Training-Stats/learning_rate,0.0002371978625888005,Pong1PCB2L336P__seed_8_1763344785
520192,2-Training-Stats/learning_rate,0.00023709544620942324,Pong1PCB2L336P__seed_8_1763344785
524288,2-Training-Stats/learning_rate,0.000236993029830046,Pong1PCB2L336P__seed_8_1763344785
528384,2-Training-Stats/learning_rate,0.00023689061345066875,Pong1PCB2L336P__seed_8_1763344785
532480,2-Training-Stats/learning_rate,0.0002367881970712915,Pong1PCB2L336P__seed_8_1763344785
536576,2-Training-Stats/learning_rate,0.00023668578069191426,Pong1PCB2L336P__seed_8_1763344785
540672,2-Training-Stats/learning_rate,0.00023658336431253701,Pong1PCB2L336P__seed_8_1763344785
544768,2-Training-Stats/learning_rate,0.00023648094793315977,Pong1PCB2L336P__seed_8_1763344785
548864,2-Training-Stats/learning_rate,0.00023637853155378252,Pong1PCB2L336P__seed_8_1763344785
552960,2-Training-Stats/learning_rate,0.00023627611517440528,Pong1PCB2L336P__seed_8_1763344785
557056,2-Training-Stats/learning_rate,0.00023617369879502803,Pong1PCB2L336P__seed_8_1763344785
561152,2-Training-Stats/learning_rate,0.00023607128241565078,Pong1PCB2L336P__seed_8_1763344785
565248,2-Training-Stats/learning_rate,0.00023596886603627354,Pong1PCB2L336P__seed_8_1763344785
569344,2-Training-Stats/learning_rate,0.0002358664496568963,Pong1PCB2L336P__seed_8_1763344785
573440,2-Training-Stats/learning_rate,0.00023576403327751905,Pong1PCB2L336P__seed_8_1763344785
577536,2-Training-Stats/learning_rate,0.0002356616168981418,Pong1PCB2L336P__seed_8_1763344785
581632,2-Training-Stats/learning_rate,0.00023555920051876456,Pong1PCB2L336P__seed_8_1763344785
585728,2-Training-Stats/learning_rate,0.0002354567841393873,Pong1PCB2L336P__seed_8_1763344785
589824,2-Training-Stats/learning_rate,0.00023535436776001006,Pong1PCB2L336P__seed_8_1763344785
593920,2-Training-Stats/learning_rate,0.00023525195138063282,Pong1PCB2L336P__seed_8_1763344785
598016,2-Training-Stats/learning_rate,0.00023514953500125557,Pong1PCB2L336P__seed_8_1763344785
602112,2-Training-Stats/learning_rate,0.00023504711862187833,Pong1PCB2L336P__seed_8_1763344785
606208,2-Training-Stats/learning_rate,0.00023494468769058585,Pong1PCB2L336P__seed_8_1763344785
610304,2-Training-Stats/learning_rate,0.0002348422713112086,Pong1PCB2L336P__seed_8_1763344785
614400,2-Training-Stats/learning_rate,0.00023473985493183136,Pong1PCB2L336P__seed_8_1763344785
618496,2-Training-Stats/learning_rate,0.00023463743855245411,Pong1PCB2L336P__seed_8_1763344785
622592,2-Training-Stats/learning_rate,0.00023453502217307687,Pong1PCB2L336P__seed_8_1763344785
626688,2-Training-Stats/learning_rate,0.00023443260579369962,Pong1PCB2L336P__seed_8_1763344785
630784,2-Training-Stats/learning_rate,0.00023433018941432238,Pong1PCB2L336P__seed_8_1763344785
634880,2-Training-Stats/learning_rate,0.00023422777303494513,Pong1PCB2L336P__seed_8_1763344785
638976,2-Training-Stats/learning_rate,0.00023412535665556788,Pong1PCB2L336P__seed_8_1763344785
643072,2-Training-Stats/learning_rate,0.00023402294027619064,Pong1PCB2L336P__seed_8_1763344785
647168,2-Training-Stats/learning_rate,0.0002339205238968134,Pong1PCB2L336P__seed_8_1763344785
651264,2-Training-Stats/learning_rate,0.00023381810751743615,Pong1PCB2L336P__seed_8_1763344785
655360,2-Training-Stats/learning_rate,0.0002337156911380589,Pong1PCB2L336P__seed_8_1763344785
659456,2-Training-Stats/learning_rate,0.00023361327475868165,Pong1PCB2L336P__seed_8_1763344785
663552,2-Training-Stats/learning_rate,0.0002335108583793044,Pong1PCB2L336P__seed_8_1763344785
667648,2-Training-Stats/learning_rate,0.00023340844199992716,Pong1PCB2L336P__seed_8_1763344785
671744,2-Training-Stats/learning_rate,0.00023330602562054992,Pong1PCB2L336P__seed_8_1763344785
675840,2-Training-Stats/learning_rate,0.00023320360924117267,Pong1PCB2L336P__seed_8_1763344785
679936,2-Training-Stats/learning_rate,0.00023310119286179543,Pong1PCB2L336P__seed_8_1763344785
684032,2-Training-Stats/learning_rate,0.00023299877648241818,Pong1PCB2L336P__seed_8_1763344785
688128,2-Training-Stats/learning_rate,0.00023289636010304093,Pong1PCB2L336P__seed_8_1763344785
692224,2-Training-Stats/learning_rate,0.0002327939437236637,Pong1PCB2L336P__seed_8_1763344785
696320,2-Training-Stats/learning_rate,0.0002326915127923712,Pong1PCB2L336P__seed_8_1763344785
700416,2-Training-Stats/learning_rate,0.00023258909641299397,Pong1PCB2L336P__seed_8_1763344785
704512,2-Training-Stats/learning_rate,0.00023248668003361672,Pong1PCB2L336P__seed_8_1763344785
708608,2-Training-Stats/learning_rate,0.00023238426365423948,Pong1PCB2L336P__seed_8_1763344785
712704,2-Training-Stats/learning_rate,0.00023228184727486223,Pong1PCB2L336P__seed_8_1763344785
716800,2-Training-Stats/learning_rate,0.00023217943089548498,Pong1PCB2L336P__seed_8_1763344785
720896,2-Training-Stats/learning_rate,0.00023207701451610774,Pong1PCB2L336P__seed_8_1763344785
724992,2-Training-Stats/learning_rate,0.0002319745981367305,Pong1PCB2L336P__seed_8_1763344785
729088,2-Training-Stats/learning_rate,0.00023187218175735325,Pong1PCB2L336P__seed_8_1763344785
733184,2-Training-Stats/learning_rate,0.000231769765377976,Pong1PCB2L336P__seed_8_1763344785
737280,2-Training-Stats/learning_rate,0.00023166734899859875,Pong1PCB2L336P__seed_8_1763344785
741376,2-Training-Stats/learning_rate,0.0002315649326192215,Pong1PCB2L336P__seed_8_1763344785
745472,2-Training-Stats/learning_rate,0.00023146251623984426,Pong1PCB2L336P__seed_8_1763344785
749568,2-Training-Stats/learning_rate,0.00023136009986046702,Pong1PCB2L336P__seed_8_1763344785
753664,2-Training-Stats/learning_rate,0.00023125768348108977,Pong1PCB2L336P__seed_8_1763344785
757760,2-Training-Stats/learning_rate,0.00023115526710171252,Pong1PCB2L336P__seed_8_1763344785
761856,2-Training-Stats/learning_rate,0.00023105285072233528,Pong1PCB2L336P__seed_8_1763344785
765952,2-Training-Stats/learning_rate,0.00023095043434295803,Pong1PCB2L336P__seed_8_1763344785
770048,2-Training-Stats/learning_rate,0.0002308480179635808,Pong1PCB2L336P__seed_8_1763344785
774144,2-Training-Stats/learning_rate,0.00023074560158420354,Pong1PCB2L336P__seed_8_1763344785
778240,2-Training-Stats/learning_rate,0.0002306431852048263,Pong1PCB2L336P__seed_8_1763344785
782336,2-Training-Stats/learning_rate,0.00023054076882544905,Pong1PCB2L336P__seed_8_1763344785
786432,2-Training-Stats/learning_rate,0.00023043833789415658,Pong1PCB2L336P__seed_8_1763344785
790528,2-Training-Stats/learning_rate,0.00023033592151477933,Pong1PCB2L336P__seed_8_1763344785
794624,2-Training-Stats/learning_rate,0.00023023350513540208,Pong1PCB2L336P__seed_8_1763344785
798720,2-Training-Stats/learning_rate,0.00023013108875602484,Pong1PCB2L336P__seed_8_1763344785
802816,2-Training-Stats/learning_rate,0.0002300286723766476,Pong1PCB2L336P__seed_8_1763344785
806912,2-Training-Stats/learning_rate,0.00022992625599727035,Pong1PCB2L336P__seed_8_1763344785
811008,2-Training-Stats/learning_rate,0.0002298238396178931,Pong1PCB2L336P__seed_8_1763344785
815104,2-Training-Stats/learning_rate,0.00022972142323851585,Pong1PCB2L336P__seed_8_1763344785
819200,2-Training-Stats/learning_rate,0.0002296190068591386,Pong1PCB2L336P__seed_8_1763344785
823296,2-Training-Stats/learning_rate,0.00022951659047976136,Pong1PCB2L336P__seed_8_1763344785
827392,2-Training-Stats/learning_rate,0.00022941417410038412,Pong1PCB2L336P__seed_8_1763344785
831488,2-Training-Stats/learning_rate,0.00022931175772100687,Pong1PCB2L336P__seed_8_1763344785
835584,2-Training-Stats/learning_rate,0.00022920934134162962,Pong1PCB2L336P__seed_8_1763344785
839680,2-Training-Stats/learning_rate,0.00022910692496225238,Pong1PCB2L336P__seed_8_1763344785
843776,2-Training-Stats/learning_rate,0.00022900450858287513,Pong1PCB2L336P__seed_8_1763344785
847872,2-Training-Stats/learning_rate,0.0002289020922034979,Pong1PCB2L336P__seed_8_1763344785
851968,2-Training-Stats/learning_rate,0.00022879967582412064,Pong1PCB2L336P__seed_8_1763344785
856064,2-Training-Stats/learning_rate,0.0002286972594447434,Pong1PCB2L336P__seed_8_1763344785
860160,2-Training-Stats/learning_rate,0.00022859484306536615,Pong1PCB2L336P__seed_8_1763344785
864256,2-Training-Stats/learning_rate,0.0002284924266859889,Pong1PCB2L336P__seed_8_1763344785
868352,2-Training-Stats/learning_rate,0.00022839001030661166,Pong1PCB2L336P__seed_8_1763344785
872448,2-Training-Stats/learning_rate,0.0002282875939272344,Pong1PCB2L336P__seed_8_1763344785
876544,2-Training-Stats/learning_rate,0.00022818516299594194,Pong1PCB2L336P__seed_8_1763344785
880640,2-Training-Stats/learning_rate,0.0002280827466165647,Pong1PCB2L336P__seed_8_1763344785
884736,2-Training-Stats/learning_rate,0.00022798033023718745,Pong1PCB2L336P__seed_8_1763344785
888832,2-Training-Stats/learning_rate,0.0002278779138578102,Pong1PCB2L336P__seed_8_1763344785
892928,2-Training-Stats/learning_rate,0.00022777549747843295,Pong1PCB2L336P__seed_8_1763344785
897024,2-Training-Stats/learning_rate,0.0002276730810990557,Pong1PCB2L336P__seed_8_1763344785
901120,2-Training-Stats/learning_rate,0.00022757066471967846,Pong1PCB2L336P__seed_8_1763344785
905216,2-Training-Stats/learning_rate,0.00022746824834030122,Pong1PCB2L336P__seed_8_1763344785
909312,2-Training-Stats/learning_rate,0.00022736583196092397,Pong1PCB2L336P__seed_8_1763344785
913408,2-Training-Stats/learning_rate,0.00022726341558154672,Pong1PCB2L336P__seed_8_1763344785
917504,2-Training-Stats/learning_rate,0.00022716099920216948,Pong1PCB2L336P__seed_8_1763344785
921600,2-Training-Stats/learning_rate,0.00022705858282279223,Pong1PCB2L336P__seed_8_1763344785
925696,2-Training-Stats/learning_rate,0.00022695616644341499,Pong1PCB2L336P__seed_8_1763344785
929792,2-Training-Stats/learning_rate,0.00022685375006403774,Pong1PCB2L336P__seed_8_1763344785
933888,2-Training-Stats/learning_rate,0.0002267513336846605,Pong1PCB2L336P__seed_8_1763344785
937984,2-Training-Stats/learning_rate,0.00022664891730528325,Pong1PCB2L336P__seed_8_1763344785
942080,2-Training-Stats/learning_rate,0.000226546500925906,Pong1PCB2L336P__seed_8_1763344785
946176,2-Training-Stats/learning_rate,0.00022644408454652876,Pong1PCB2L336P__seed_8_1763344785
950272,2-Training-Stats/learning_rate,0.0002263416681671515,Pong1PCB2L336P__seed_8_1763344785
954368,2-Training-Stats/learning_rate,0.00022623925178777426,Pong1PCB2L336P__seed_8_1763344785
958464,2-Training-Stats/learning_rate,0.00022613683540839702,Pong1PCB2L336P__seed_8_1763344785
962560,2-Training-Stats/learning_rate,0.00022603441902901977,Pong1PCB2L336P__seed_8_1763344785
966656,2-Training-Stats/learning_rate,0.0002259319880977273,Pong1PCB2L336P__seed_8_1763344785
970752,2-Training-Stats/learning_rate,0.00022582957171835005,Pong1PCB2L336P__seed_8_1763344785
974848,2-Training-Stats/learning_rate,0.0002257271553389728,Pong1PCB2L336P__seed_8_1763344785
978944,2-Training-Stats/learning_rate,0.00022562473895959556,Pong1PCB2L336P__seed_8_1763344785
983040,2-Training-Stats/learning_rate,0.00022552232258021832,Pong1PCB2L336P__seed_8_1763344785
987136,2-Training-Stats/learning_rate,0.00022541990620084107,Pong1PCB2L336P__seed_8_1763344785
991232,2-Training-Stats/learning_rate,0.00022531748982146382,Pong1PCB2L336P__seed_8_1763344785
995328,2-Training-Stats/learning_rate,0.00022521507344208658,Pong1PCB2L336P__seed_8_1763344785
999424,2-Training-Stats/learning_rate,0.00022511265706270933,Pong1PCB2L336P__seed_8_1763344785
1003520,2-Training-Stats/learning_rate,0.00022501024068333209,Pong1PCB2L336P__seed_8_1763344785
1007616,2-Training-Stats/learning_rate,0.00022490782430395484,Pong1PCB2L336P__seed_8_1763344785
1011712,2-Training-Stats/learning_rate,0.0002248054079245776,Pong1PCB2L336P__seed_8_1763344785
1015808,2-Training-Stats/learning_rate,0.00022470299154520035,Pong1PCB2L336P__seed_8_1763344785
1019904,2-Training-Stats/learning_rate,0.0002246005751658231,Pong1PCB2L336P__seed_8_1763344785
1024000,2-Training-Stats/learning_rate,0.00022449815878644586,Pong1PCB2L336P__seed_8_1763344785
1028096,2-Training-Stats/learning_rate,0.0002243957424070686,Pong1PCB2L336P__seed_8_1763344785
1032192,2-Training-Stats/learning_rate,0.00022429332602769136,Pong1PCB2L336P__seed_8_1763344785
1036288,2-Training-Stats/learning_rate,0.00022419090964831412,Pong1PCB2L336P__seed_8_1763344785
1040384,2-Training-Stats/learning_rate,0.00022408849326893687,Pong1PCB2L336P__seed_8_1763344785
1044480,2-Training-Stats/learning_rate,0.00022398607688955963,Pong1PCB2L336P__seed_8_1763344785
1048576,2-Training-Stats/learning_rate,0.00022388366051018238,Pong1PCB2L336P__seed_8_1763344785
1052672,2-Training-Stats/learning_rate,0.00022378124413080513,Pong1PCB2L336P__seed_8_1763344785
1056768,2-Training-Stats/learning_rate,0.00022367881319951266,Pong1PCB2L336P__seed_8_1763344785
1060864,2-Training-Stats/learning_rate,0.00022357639682013541,Pong1PCB2L336P__seed_8_1763344785
1064960,2-Training-Stats/learning_rate,0.00022347398044075817,Pong1PCB2L336P__seed_8_1763344785
1069056,2-Training-Stats/learning_rate,0.00022337156406138092,Pong1PCB2L336P__seed_8_1763344785
1073152,2-Training-Stats/learning_rate,0.00022326914768200368,Pong1PCB2L336P__seed_8_1763344785
1077248,2-Training-Stats/learning_rate,0.00022316673130262643,Pong1PCB2L336P__seed_8_1763344785
1081344,2-Training-Stats/learning_rate,0.00022306431492324919,Pong1PCB2L336P__seed_8_1763344785
1085440,2-Training-Stats/learning_rate,0.00022296189854387194,Pong1PCB2L336P__seed_8_1763344785
1089536,2-Training-Stats/learning_rate,0.0002228594821644947,Pong1PCB2L336P__seed_8_1763344785
1093632,2-Training-Stats/learning_rate,0.00022275706578511745,Pong1PCB2L336P__seed_8_1763344785
1097728,2-Training-Stats/learning_rate,0.0002226546494057402,Pong1PCB2L336P__seed_8_1763344785
1101824,2-Training-Stats/learning_rate,0.00022255223302636296,Pong1PCB2L336P__seed_8_1763344785
1105920,2-Training-Stats/learning_rate,0.0002224498166469857,Pong1PCB2L336P__seed_8_1763344785
1110016,2-Training-Stats/learning_rate,0.00022234740026760846,Pong1PCB2L336P__seed_8_1763344785
1114112,2-Training-Stats/learning_rate,0.00022224498388823122,Pong1PCB2L336P__seed_8_1763344785
1118208,2-Training-Stats/learning_rate,0.00022214256750885397,Pong1PCB2L336P__seed_8_1763344785
1122304,2-Training-Stats/learning_rate,0.00022204015112947673,Pong1PCB2L336P__seed_8_1763344785
1126400,2-Training-Stats/learning_rate,0.00022193773475009948,Pong1PCB2L336P__seed_8_1763344785
1130496,2-Training-Stats/learning_rate,0.00022183531837072223,Pong1PCB2L336P__seed_8_1763344785
1134592,2-Training-Stats/learning_rate,0.000221732901991345,Pong1PCB2L336P__seed_8_1763344785
1138688,2-Training-Stats/learning_rate,0.00022163048561196774,Pong1PCB2L336P__seed_8_1763344785
1142784,2-Training-Stats/learning_rate,0.0002215280692325905,Pong1PCB2L336P__seed_8_1763344785
1146880,2-Training-Stats/learning_rate,0.00022142563830129802,Pong1PCB2L336P__seed_8_1763344785
1150976,2-Training-Stats/learning_rate,0.00022132322192192078,Pong1PCB2L336P__seed_8_1763344785
1155072,2-Training-Stats/learning_rate,0.00022122080554254353,Pong1PCB2L336P__seed_8_1763344785
1159168,2-Training-Stats/learning_rate,0.00022111838916316628,Pong1PCB2L336P__seed_8_1763344785
1163264,2-Training-Stats/learning_rate,0.00022101597278378904,Pong1PCB2L336P__seed_8_1763344785
1167360,2-Training-Stats/learning_rate,0.0002209135564044118,Pong1PCB2L336P__seed_8_1763344785
1171456,2-Training-Stats/learning_rate,0.00022081114002503455,Pong1PCB2L336P__seed_8_1763344785
1175552,2-Training-Stats/learning_rate,0.0002207087236456573,Pong1PCB2L336P__seed_8_1763344785
1179648,2-Training-Stats/learning_rate,0.00022060630726628006,Pong1PCB2L336P__seed_8_1763344785
1183744,2-Training-Stats/learning_rate,0.0002205038908869028,Pong1PCB2L336P__seed_8_1763344785
1187840,2-Training-Stats/learning_rate,0.00022040147450752556,Pong1PCB2L336P__seed_8_1763344785
1191936,2-Training-Stats/learning_rate,0.00022029905812814832,Pong1PCB2L336P__seed_8_1763344785
1196032,2-Training-Stats/learning_rate,0.00022019664174877107,Pong1PCB2L336P__seed_8_1763344785
1200128,2-Training-Stats/learning_rate,0.00022009422536939383,Pong1PCB2L336P__seed_8_1763344785
1204224,2-Training-Stats/learning_rate,0.00021999180899001658,Pong1PCB2L336P__seed_8_1763344785
1208320,2-Training-Stats/learning_rate,0.00021988939261063933,Pong1PCB2L336P__seed_8_1763344785
1212416,2-Training-Stats/learning_rate,0.0002197869762312621,Pong1PCB2L336P__seed_8_1763344785
1216512,2-Training-Stats/learning_rate,0.00021968455985188484,Pong1PCB2L336P__seed_8_1763344785
1220608,2-Training-Stats/learning_rate,0.0002195821434725076,Pong1PCB2L336P__seed_8_1763344785
1224704,2-Training-Stats/learning_rate,0.00021947972709313035,Pong1PCB2L336P__seed_8_1763344785
1228800,2-Training-Stats/learning_rate,0.0002193773107137531,Pong1PCB2L336P__seed_8_1763344785
1232896,2-Training-Stats/learning_rate,0.00021927489433437586,Pong1PCB2L336P__seed_8_1763344785
1236992,2-Training-Stats/learning_rate,0.00021917246340308338,Pong1PCB2L336P__seed_8_1763344785
1241088,2-Training-Stats/learning_rate,0.00021907004702370614,Pong1PCB2L336P__seed_8_1763344785
1245184,2-Training-Stats/learning_rate,0.0002189676306443289,Pong1PCB2L336P__seed_8_1763344785
1249280,2-Training-Stats/learning_rate,0.00021886521426495165,Pong1PCB2L336P__seed_8_1763344785
1253376,2-Training-Stats/learning_rate,0.0002187627978855744,Pong1PCB2L336P__seed_8_1763344785
1257472,2-Training-Stats/learning_rate,0.00021866038150619715,Pong1PCB2L336P__seed_8_1763344785
1261568,2-Training-Stats/learning_rate,0.0002185579651268199,Pong1PCB2L336P__seed_8_1763344785
1265664,2-Training-Stats/learning_rate,0.00021845554874744266,Pong1PCB2L336P__seed_8_1763344785
1269760,2-Training-Stats/learning_rate,0.00021835313236806542,Pong1PCB2L336P__seed_8_1763344785
1273856,2-Training-Stats/learning_rate,0.00021825071598868817,Pong1PCB2L336P__seed_8_1763344785
1277952,2-Training-Stats/learning_rate,0.00021814829960931093,Pong1PCB2L336P__seed_8_1763344785
1282048,2-Training-Stats/learning_rate,0.00021804588322993368,Pong1PCB2L336P__seed_8_1763344785
1286144,2-Training-Stats/learning_rate,0.00021794346685055643,Pong1PCB2L336P__seed_8_1763344785
1290240,2-Training-Stats/learning_rate,0.0002178410504711792,Pong1PCB2L336P__seed_8_1763344785
1294336,2-Training-Stats/learning_rate,0.00021773863409180194,Pong1PCB2L336P__seed_8_1763344785
1298432,2-Training-Stats/learning_rate,0.0002176362177124247,Pong1PCB2L336P__seed_8_1763344785
1302528,2-Training-Stats/learning_rate,0.00021753380133304745,Pong1PCB2L336P__seed_8_1763344785
1306624,2-Training-Stats/learning_rate,0.0002174313849536702,Pong1PCB2L336P__seed_8_1763344785
1310720,2-Training-Stats/learning_rate,0.00021732896857429296,Pong1PCB2L336P__seed_8_1763344785
1314816,2-Training-Stats/learning_rate,0.0002172265521949157,Pong1PCB2L336P__seed_8_1763344785
1318912,2-Training-Stats/learning_rate,0.00021712413581553847,Pong1PCB2L336P__seed_8_1763344785
1323008,2-Training-Stats/learning_rate,0.00021702171943616122,Pong1PCB2L336P__seed_8_1763344785
1327104,2-Training-Stats/learning_rate,0.00021691928850486875,Pong1PCB2L336P__seed_8_1763344785
1331200,2-Training-Stats/learning_rate,0.0002168168721254915,Pong1PCB2L336P__seed_8_1763344785
1335296,2-Training-Stats/learning_rate,0.00021671445574611425,Pong1PCB2L336P__seed_8_1763344785
1339392,2-Training-Stats/learning_rate,0.000216612039366737,Pong1PCB2L336P__seed_8_1763344785
1343488,2-Training-Stats/learning_rate,0.00021650962298735976,Pong1PCB2L336P__seed_8_1763344785
1347584,2-Training-Stats/learning_rate,0.00021640720660798252,Pong1PCB2L336P__seed_8_1763344785
1351680,2-Training-Stats/learning_rate,0.00021630479022860527,Pong1PCB2L336P__seed_8_1763344785
1355776,2-Training-Stats/learning_rate,0.00021620237384922802,Pong1PCB2L336P__seed_8_1763344785
1359872,2-Training-Stats/learning_rate,0.00021609995746985078,Pong1PCB2L336P__seed_8_1763344785
1363968,2-Training-Stats/learning_rate,0.00021599754109047353,Pong1PCB2L336P__seed_8_1763344785
1368064,2-Training-Stats/learning_rate,0.0002158951247110963,Pong1PCB2L336P__seed_8_1763344785
1372160,2-Training-Stats/learning_rate,0.00021579270833171904,Pong1PCB2L336P__seed_8_1763344785
1376256,2-Training-Stats/learning_rate,0.0002156902919523418,Pong1PCB2L336P__seed_8_1763344785
1380352,2-Training-Stats/learning_rate,0.00021558787557296455,Pong1PCB2L336P__seed_8_1763344785
1384448,2-Training-Stats/learning_rate,0.0002154854591935873,Pong1PCB2L336P__seed_8_1763344785
1388544,2-Training-Stats/learning_rate,0.00021538304281421006,Pong1PCB2L336P__seed_8_1763344785
1392640,2-Training-Stats/learning_rate,0.0002152806264348328,Pong1PCB2L336P__seed_8_1763344785
1396736,2-Training-Stats/learning_rate,0.00021517821005545557,Pong1PCB2L336P__seed_8_1763344785
1400832,2-Training-Stats/learning_rate,0.00021507579367607832,Pong1PCB2L336P__seed_8_1763344785
1404928,2-Training-Stats/learning_rate,0.00021497337729670107,Pong1PCB2L336P__seed_8_1763344785
1409024,2-Training-Stats/learning_rate,0.00021487096091732383,Pong1PCB2L336P__seed_8_1763344785
1413120,2-Training-Stats/learning_rate,0.00021476854453794658,Pong1PCB2L336P__seed_8_1763344785
1417216,2-Training-Stats/learning_rate,0.0002146661136066541,Pong1PCB2L336P__seed_8_1763344785
1421312,2-Training-Stats/learning_rate,0.00021456369722727686,Pong1PCB2L336P__seed_8_1763344785
1425408,2-Training-Stats/learning_rate,0.00021446128084789962,Pong1PCB2L336P__seed_8_1763344785
1429504,2-Training-Stats/learning_rate,0.00021435886446852237,Pong1PCB2L336P__seed_8_1763344785
1433600,2-Training-Stats/learning_rate,0.00021425644808914512,Pong1PCB2L336P__seed_8_1763344785
1437696,2-Training-Stats/learning_rate,0.00021415403170976788,Pong1PCB2L336P__seed_8_1763344785
1441792,2-Training-Stats/learning_rate,0.00021405161533039063,Pong1PCB2L336P__seed_8_1763344785
1445888,2-Training-Stats/learning_rate,0.00021394919895101339,Pong1PCB2L336P__seed_8_1763344785
1449984,2-Training-Stats/learning_rate,0.00021384678257163614,Pong1PCB2L336P__seed_8_1763344785
1454080,2-Training-Stats/learning_rate,0.0002137443661922589,Pong1PCB2L336P__seed_8_1763344785
1458176,2-Training-Stats/learning_rate,0.00021364194981288165,Pong1PCB2L336P__seed_8_1763344785
1462272,2-Training-Stats/learning_rate,0.0002135395334335044,Pong1PCB2L336P__seed_8_1763344785
1466368,2-Training-Stats/learning_rate,0.00021343711705412716,Pong1PCB2L336P__seed_8_1763344785
1470464,2-Training-Stats/learning_rate,0.0002133347006747499,Pong1PCB2L336P__seed_8_1763344785
1474560,2-Training-Stats/learning_rate,0.00021323228429537266,Pong1PCB2L336P__seed_8_1763344785
1478656,2-Training-Stats/learning_rate,0.00021312986791599542,Pong1PCB2L336P__seed_8_1763344785
1482752,2-Training-Stats/learning_rate,0.00021302745153661817,Pong1PCB2L336P__seed_8_1763344785
1486848,2-Training-Stats/learning_rate,0.00021292503515724093,Pong1PCB2L336P__seed_8_1763344785
1490944,2-Training-Stats/learning_rate,0.00021282261877786368,Pong1PCB2L336P__seed_8_1763344785
1495040,2-Training-Stats/learning_rate,0.00021272020239848644,Pong1PCB2L336P__seed_8_1763344785
1499136,2-Training-Stats/learning_rate,0.0002126177860191092,Pong1PCB2L336P__seed_8_1763344785
1503232,2-Training-Stats/learning_rate,0.00021251536963973194,Pong1PCB2L336P__seed_8_1763344785
1507328,2-Training-Stats/learning_rate,0.00021241293870843947,Pong1PCB2L336P__seed_8_1763344785
1511424,2-Training-Stats/learning_rate,0.00021231052232906222,Pong1PCB2L336P__seed_8_1763344785
1515520,2-Training-Stats/learning_rate,0.00021220810594968498,Pong1PCB2L336P__seed_8_1763344785
1519616,2-Training-Stats/learning_rate,0.00021210568957030773,Pong1PCB2L336P__seed_8_1763344785
1523712,2-Training-Stats/learning_rate,0.00021200327319093049,Pong1PCB2L336P__seed_8_1763344785
1527808,2-Training-Stats/learning_rate,0.00021190085681155324,Pong1PCB2L336P__seed_8_1763344785
1531904,2-Training-Stats/learning_rate,0.000211798440432176,Pong1PCB2L336P__seed_8_1763344785
1536000,2-Training-Stats/learning_rate,0.00021169602405279875,Pong1PCB2L336P__seed_8_1763344785
1540096,2-Training-Stats/learning_rate,0.0002115936076734215,Pong1PCB2L336P__seed_8_1763344785
1544192,2-Training-Stats/learning_rate,0.00021149119129404426,Pong1PCB2L336P__seed_8_1763344785
1548288,2-Training-Stats/learning_rate,0.000211388774914667,Pong1PCB2L336P__seed_8_1763344785
1552384,2-Training-Stats/learning_rate,0.00021128635853528976,Pong1PCB2L336P__seed_8_1763344785
1556480,2-Training-Stats/learning_rate,0.00021118394215591252,Pong1PCB2L336P__seed_8_1763344785
1560576,2-Training-Stats/learning_rate,0.00021108152577653527,Pong1PCB2L336P__seed_8_1763344785
1564672,2-Training-Stats/learning_rate,0.00021097910939715803,Pong1PCB2L336P__seed_8_1763344785
1568768,2-Training-Stats/learning_rate,0.00021087669301778078,Pong1PCB2L336P__seed_8_1763344785
1572864,2-Training-Stats/learning_rate,0.00021077427663840353,Pong1PCB2L336P__seed_8_1763344785
1576960,2-Training-Stats/learning_rate,0.0002106718602590263,Pong1PCB2L336P__seed_8_1763344785
1581056,2-Training-Stats/learning_rate,0.00021056944387964904,Pong1PCB2L336P__seed_8_1763344785
1585152,2-Training-Stats/learning_rate,0.0002104670275002718,Pong1PCB2L336P__seed_8_1763344785
1589248,2-Training-Stats/learning_rate,0.00021036461112089455,Pong1PCB2L336P__seed_8_1763344785
1593344,2-Training-Stats/learning_rate,0.0002102621947415173,Pong1PCB2L336P__seed_8_1763344785
1597440,2-Training-Stats/learning_rate,0.00021015976381022483,Pong1PCB2L336P__seed_8_1763344785
1601536,2-Training-Stats/learning_rate,0.00021005734743084759,Pong1PCB2L336P__seed_8_1763344785
1605632,2-Training-Stats/learning_rate,0.00020995493105147034,Pong1PCB2L336P__seed_8_1763344785
1609728,2-Training-Stats/learning_rate,0.0002098525146720931,Pong1PCB2L336P__seed_8_1763344785
1613824,2-Training-Stats/learning_rate,0.00020975009829271585,Pong1PCB2L336P__seed_8_1763344785
1617920,2-Training-Stats/learning_rate,0.0002096476819133386,Pong1PCB2L336P__seed_8_1763344785
1622016,2-Training-Stats/learning_rate,0.00020954526553396136,Pong1PCB2L336P__seed_8_1763344785
1626112,2-Training-Stats/learning_rate,0.0002094428491545841,Pong1PCB2L336P__seed_8_1763344785
1630208,2-Training-Stats/learning_rate,0.00020934043277520686,Pong1PCB2L336P__seed_8_1763344785
1634304,2-Training-Stats/learning_rate,0.00020923801639582962,Pong1PCB2L336P__seed_8_1763344785
1638400,2-Training-Stats/learning_rate,0.00020913560001645237,Pong1PCB2L336P__seed_8_1763344785
1642496,2-Training-Stats/learning_rate,0.00020903318363707513,Pong1PCB2L336P__seed_8_1763344785
1646592,2-Training-Stats/learning_rate,0.00020893076725769788,Pong1PCB2L336P__seed_8_1763344785
1650688,2-Training-Stats/learning_rate,0.00020882835087832063,Pong1PCB2L336P__seed_8_1763344785
1654784,2-Training-Stats/learning_rate,0.0002087259344989434,Pong1PCB2L336P__seed_8_1763344785
1658880,2-Training-Stats/learning_rate,0.00020862351811956614,Pong1PCB2L336P__seed_8_1763344785
1662976,2-Training-Stats/learning_rate,0.0002085211017401889,Pong1PCB2L336P__seed_8_1763344785
1667072,2-Training-Stats/learning_rate,0.00020841868536081165,Pong1PCB2L336P__seed_8_1763344785
1671168,2-Training-Stats/learning_rate,0.0002083162689814344,Pong1PCB2L336P__seed_8_1763344785
1675264,2-Training-Stats/learning_rate,0.00020821385260205716,Pong1PCB2L336P__seed_8_1763344785
1679360,2-Training-Stats/learning_rate,0.0002081114362226799,Pong1PCB2L336P__seed_8_1763344785
1683456,2-Training-Stats/learning_rate,0.00020800901984330267,Pong1PCB2L336P__seed_8_1763344785
1687552,2-Training-Stats/learning_rate,0.0002079065889120102,Pong1PCB2L336P__seed_8_1763344785
1691648,2-Training-Stats/learning_rate,0.00020780417253263295,Pong1PCB2L336P__seed_8_1763344785
1695744,2-Training-Stats/learning_rate,0.0002077017561532557,Pong1PCB2L336P__seed_8_1763344785
1699840,2-Training-Stats/learning_rate,0.00020759933977387846,Pong1PCB2L336P__seed_8_1763344785
1703936,2-Training-Stats/learning_rate,0.0002074969233945012,Pong1PCB2L336P__seed_8_1763344785
1708032,2-Training-Stats/learning_rate,0.00020739450701512396,Pong1PCB2L336P__seed_8_1763344785
1712128,2-Training-Stats/learning_rate,0.00020729209063574672,Pong1PCB2L336P__seed_8_1763344785
1716224,2-Training-Stats/learning_rate,0.00020718967425636947,Pong1PCB2L336P__seed_8_1763344785
1720320,2-Training-Stats/learning_rate,0.00020708725787699223,Pong1PCB2L336P__seed_8_1763344785
1724416,2-Training-Stats/learning_rate,0.00020698484149761498,Pong1PCB2L336P__seed_8_1763344785
1728512,2-Training-Stats/learning_rate,0.00020688242511823773,Pong1PCB2L336P__seed_8_1763344785
1732608,2-Training-Stats/learning_rate,0.0002067800087388605,Pong1PCB2L336P__seed_8_1763344785
1736704,2-Training-Stats/learning_rate,0.00020667759235948324,Pong1PCB2L336P__seed_8_1763344785
1740800,2-Training-Stats/learning_rate,0.000206575175980106,Pong1PCB2L336P__seed_8_1763344785
1744896,2-Training-Stats/learning_rate,0.00020647275960072875,Pong1PCB2L336P__seed_8_1763344785
1748992,2-Training-Stats/learning_rate,0.0002063703432213515,Pong1PCB2L336P__seed_8_1763344785
1753088,2-Training-Stats/learning_rate,0.00020626792684197426,Pong1PCB2L336P__seed_8_1763344785
1757184,2-Training-Stats/learning_rate,0.000206165510462597,Pong1PCB2L336P__seed_8_1763344785
1761280,2-Training-Stats/learning_rate,0.00020606309408321977,Pong1PCB2L336P__seed_8_1763344785
1765376,2-Training-Stats/learning_rate,0.00020596067770384252,Pong1PCB2L336P__seed_8_1763344785
1769472,2-Training-Stats/learning_rate,0.00020585826132446527,Pong1PCB2L336P__seed_8_1763344785
1773568,2-Training-Stats/learning_rate,0.00020575584494508803,Pong1PCB2L336P__seed_8_1763344785
1777664,2-Training-Stats/learning_rate,0.00020565341401379555,Pong1PCB2L336P__seed_8_1763344785
1781760,2-Training-Stats/learning_rate,0.0002055509976344183,Pong1PCB2L336P__seed_8_1763344785
1785856,2-Training-Stats/learning_rate,0.00020544858125504106,Pong1PCB2L336P__seed_8_1763344785
1789952,2-Training-Stats/learning_rate,0.00020534616487566382,Pong1PCB2L336P__seed_8_1763344785
1794048,2-Training-Stats/learning_rate,0.00020524374849628657,Pong1PCB2L336P__seed_8_1763344785
1798144,2-Training-Stats/learning_rate,0.00020514133211690933,Pong1PCB2L336P__seed_8_1763344785
1802240,2-Training-Stats/learning_rate,0.00020503891573753208,Pong1PCB2L336P__seed_8_1763344785
1806336,2-Training-Stats/learning_rate,0.00020493649935815483,Pong1PCB2L336P__seed_8_1763344785
1810432,2-Training-Stats/learning_rate,0.0002048340829787776,Pong1PCB2L336P__seed_8_1763344785
1814528,2-Training-Stats/learning_rate,0.00020473166659940034,Pong1PCB2L336P__seed_8_1763344785
1818624,2-Training-Stats/learning_rate,0.0002046292502200231,Pong1PCB2L336P__seed_8_1763344785
1822720,2-Training-Stats/learning_rate,0.00020452683384064585,Pong1PCB2L336P__seed_8_1763344785
1826816,2-Training-Stats/learning_rate,0.0002044244174612686,Pong1PCB2L336P__seed_8_1763344785
1830912,2-Training-Stats/learning_rate,0.00020432200108189136,Pong1PCB2L336P__seed_8_1763344785
1835008,2-Training-Stats/learning_rate,0.0002042195847025141,Pong1PCB2L336P__seed_8_1763344785
1839104,2-Training-Stats/learning_rate,0.00020411716832313687,Pong1PCB2L336P__seed_8_1763344785
1843200,2-Training-Stats/learning_rate,0.00020401475194375962,Pong1PCB2L336P__seed_8_1763344785
1847296,2-Training-Stats/learning_rate,0.00020391233556438237,Pong1PCB2L336P__seed_8_1763344785
1851392,2-Training-Stats/learning_rate,0.00020380991918500513,Pong1PCB2L336P__seed_8_1763344785
1855488,2-Training-Stats/learning_rate,0.00020370750280562788,Pong1PCB2L336P__seed_8_1763344785
1859584,2-Training-Stats/learning_rate,0.00020360508642625064,Pong1PCB2L336P__seed_8_1763344785
1863680,2-Training-Stats/learning_rate,0.0002035026700468734,Pong1PCB2L336P__seed_8_1763344785
1867776,2-Training-Stats/learning_rate,0.00020340023911558092,Pong1PCB2L336P__seed_8_1763344785
1871872,2-Training-Stats/learning_rate,0.00020329782273620367,Pong1PCB2L336P__seed_8_1763344785
1875968,2-Training-Stats/learning_rate,0.00020319540635682642,Pong1PCB2L336P__seed_8_1763344785
1880064,2-Training-Stats/learning_rate,0.00020309298997744918,Pong1PCB2L336P__seed_8_1763344785
1884160,2-Training-Stats/learning_rate,0.00020299057359807193,Pong1PCB2L336P__seed_8_1763344785
1888256,2-Training-Stats/learning_rate,0.0002028881572186947,Pong1PCB2L336P__seed_8_1763344785
1892352,2-Training-Stats/learning_rate,0.00020278574083931744,Pong1PCB2L336P__seed_8_1763344785
1896448,2-Training-Stats/learning_rate,0.0002026833244599402,Pong1PCB2L336P__seed_8_1763344785
1900544,2-Training-Stats/learning_rate,0.00020258090808056295,Pong1PCB2L336P__seed_8_1763344785
1904640,2-Training-Stats/learning_rate,0.0002024784917011857,Pong1PCB2L336P__seed_8_1763344785
1908736,2-Training-Stats/learning_rate,0.00020237607532180846,Pong1PCB2L336P__seed_8_1763344785
1912832,2-Training-Stats/learning_rate,0.0002022736589424312,Pong1PCB2L336P__seed_8_1763344785
1916928,2-Training-Stats/learning_rate,0.00020217124256305397,Pong1PCB2L336P__seed_8_1763344785
1921024,2-Training-Stats/learning_rate,0.00020206882618367672,Pong1PCB2L336P__seed_8_1763344785
1925120,2-Training-Stats/learning_rate,0.00020196640980429947,Pong1PCB2L336P__seed_8_1763344785
1929216,2-Training-Stats/learning_rate,0.00020186399342492223,Pong1PCB2L336P__seed_8_1763344785
1933312,2-Training-Stats/learning_rate,0.00020176157704554498,Pong1PCB2L336P__seed_8_1763344785
1937408,2-Training-Stats/learning_rate,0.00020165916066616774,Pong1PCB2L336P__seed_8_1763344785
1941504,2-Training-Stats/learning_rate,0.0002015567442867905,Pong1PCB2L336P__seed_8_1763344785
1945600,2-Training-Stats/learning_rate,0.00020145432790741324,Pong1PCB2L336P__seed_8_1763344785
1949696,2-Training-Stats/learning_rate,0.000201351911528036,Pong1PCB2L336P__seed_8_1763344785
1953792,2-Training-Stats/learning_rate,0.00020124949514865875,Pong1PCB2L336P__seed_8_1763344785
1957888,2-Training-Stats/learning_rate,0.00020114706421736628,Pong1PCB2L336P__seed_8_1763344785
1961984,2-Training-Stats/learning_rate,0.00020104464783798903,Pong1PCB2L336P__seed_8_1763344785
1966080,2-Training-Stats/learning_rate,0.00020094223145861179,Pong1PCB2L336P__seed_8_1763344785
1970176,2-Training-Stats/learning_rate,0.00020083981507923454,Pong1PCB2L336P__seed_8_1763344785
1974272,2-Training-Stats/learning_rate,0.0002007373986998573,Pong1PCB2L336P__seed_8_1763344785
1978368,2-Training-Stats/learning_rate,0.00020063498232048005,Pong1PCB2L336P__seed_8_1763344785
1982464,2-Training-Stats/learning_rate,0.0002005325659411028,Pong1PCB2L336P__seed_8_1763344785
1986560,2-Training-Stats/learning_rate,0.00020043014956172556,Pong1PCB2L336P__seed_8_1763344785
1990656,2-Training-Stats/learning_rate,0.0002003277331823483,Pong1PCB2L336P__seed_8_1763344785
1994752,2-Training-Stats/learning_rate,0.00020022531680297107,Pong1PCB2L336P__seed_8_1763344785
1998848,2-Training-Stats/learning_rate,0.00020012290042359382,Pong1PCB2L336P__seed_8_1763344785
2002944,2-Training-Stats/learning_rate,0.00020002048404421657,Pong1PCB2L336P__seed_8_1763344785
2007040,2-Training-Stats/learning_rate,0.00019991806766483933,Pong1PCB2L336P__seed_8_1763344785
2011136,2-Training-Stats/learning_rate,0.00019981565128546208,Pong1PCB2L336P__seed_8_1763344785
2015232,2-Training-Stats/learning_rate,0.00019971323490608484,Pong1PCB2L336P__seed_8_1763344785
2019328,2-Training-Stats/learning_rate,0.0001996108185267076,Pong1PCB2L336P__seed_8_1763344785
2023424,2-Training-Stats/learning_rate,0.00019950840214733034,Pong1PCB2L336P__seed_8_1763344785
2027520,2-Training-Stats/learning_rate,0.0001994059857679531,Pong1PCB2L336P__seed_8_1763344785
2031616,2-Training-Stats/learning_rate,0.00019930356938857585,Pong1PCB2L336P__seed_8_1763344785
2035712,2-Training-Stats/learning_rate,0.0001992011530091986,Pong1PCB2L336P__seed_8_1763344785
2039808,2-Training-Stats/learning_rate,0.00019909873662982136,Pong1PCB2L336P__seed_8_1763344785
2043904,2-Training-Stats/learning_rate,0.00019899632025044411,Pong1PCB2L336P__seed_8_1763344785
2048000,2-Training-Stats/learning_rate,0.00019889388931915164,Pong1PCB2L336P__seed_8_1763344785
2052096,2-Training-Stats/learning_rate,0.0001987914729397744,Pong1PCB2L336P__seed_8_1763344785
2056192,2-Training-Stats/learning_rate,0.00019868905656039715,Pong1PCB2L336P__seed_8_1763344785
2060288,2-Training-Stats/learning_rate,0.0001985866401810199,Pong1PCB2L336P__seed_8_1763344785
2064384,2-Training-Stats/learning_rate,0.00019848422380164266,Pong1PCB2L336P__seed_8_1763344785
2068480,2-Training-Stats/learning_rate,0.0001983818074222654,Pong1PCB2L336P__seed_8_1763344785
2072576,2-Training-Stats/learning_rate,0.00019827939104288816,Pong1PCB2L336P__seed_8_1763344785
2076672,2-Training-Stats/learning_rate,0.00019817697466351092,Pong1PCB2L336P__seed_8_1763344785
2080768,2-Training-Stats/learning_rate,0.00019807455828413367,Pong1PCB2L336P__seed_8_1763344785
2084864,2-Training-Stats/learning_rate,0.00019797214190475643,Pong1PCB2L336P__seed_8_1763344785
2088960,2-Training-Stats/learning_rate,0.00019786972552537918,Pong1PCB2L336P__seed_8_1763344785
2093056,2-Training-Stats/learning_rate,0.00019776730914600194,Pong1PCB2L336P__seed_8_1763344785
2097152,2-Training-Stats/learning_rate,0.0001976648927666247,Pong1PCB2L336P__seed_8_1763344785
2101248,2-Training-Stats/learning_rate,0.00019756247638724744,Pong1PCB2L336P__seed_8_1763344785
2105344,2-Training-Stats/learning_rate,0.0001974600600078702,Pong1PCB2L336P__seed_8_1763344785
2109440,2-Training-Stats/learning_rate,0.00019735764362849295,Pong1PCB2L336P__seed_8_1763344785
2113536,2-Training-Stats/learning_rate,0.0001972552272491157,Pong1PCB2L336P__seed_8_1763344785
2117632,2-Training-Stats/learning_rate,0.00019715281086973846,Pong1PCB2L336P__seed_8_1763344785
2121728,2-Training-Stats/learning_rate,0.00019705039449036121,Pong1PCB2L336P__seed_8_1763344785
2125824,2-Training-Stats/learning_rate,0.00019694797811098397,Pong1PCB2L336P__seed_8_1763344785
2129920,2-Training-Stats/learning_rate,0.00019684556173160672,Pong1PCB2L336P__seed_8_1763344785
2134016,2-Training-Stats/learning_rate,0.00019674313080031425,Pong1PCB2L336P__seed_8_1763344785
2138112,2-Training-Stats/learning_rate,0.000196640714420937,Pong1PCB2L336P__seed_8_1763344785
2142208,2-Training-Stats/learning_rate,0.00019653829804155976,Pong1PCB2L336P__seed_8_1763344785
2146304,2-Training-Stats/learning_rate,0.0001964358816621825,Pong1PCB2L336P__seed_8_1763344785
2150400,2-Training-Stats/learning_rate,0.00019633346528280526,Pong1PCB2L336P__seed_8_1763344785
2154496,2-Training-Stats/learning_rate,0.00019623104890342802,Pong1PCB2L336P__seed_8_1763344785
2158592,2-Training-Stats/learning_rate,0.00019612863252405077,Pong1PCB2L336P__seed_8_1763344785
2162688,2-Training-Stats/learning_rate,0.00019602621614467353,Pong1PCB2L336P__seed_8_1763344785
2166784,2-Training-Stats/learning_rate,0.00019592379976529628,Pong1PCB2L336P__seed_8_1763344785
2170880,2-Training-Stats/learning_rate,0.00019582138338591903,Pong1PCB2L336P__seed_8_1763344785
2174976,2-Training-Stats/learning_rate,0.0001957189670065418,Pong1PCB2L336P__seed_8_1763344785
2179072,2-Training-Stats/learning_rate,0.00019561655062716454,Pong1PCB2L336P__seed_8_1763344785
2183168,2-Training-Stats/learning_rate,0.0001955141342477873,Pong1PCB2L336P__seed_8_1763344785
2187264,2-Training-Stats/learning_rate,0.00019541171786841005,Pong1PCB2L336P__seed_8_1763344785
2191360,2-Training-Stats/learning_rate,0.0001953093014890328,Pong1PCB2L336P__seed_8_1763344785
2195456,2-Training-Stats/learning_rate,0.00019520688510965556,Pong1PCB2L336P__seed_8_1763344785
2199552,2-Training-Stats/learning_rate,0.0001951044687302783,Pong1PCB2L336P__seed_8_1763344785
2203648,2-Training-Stats/learning_rate,0.00019500205235090107,Pong1PCB2L336P__seed_8_1763344785
2207744,2-Training-Stats/learning_rate,0.00019489963597152382,Pong1PCB2L336P__seed_8_1763344785
2211840,2-Training-Stats/learning_rate,0.00019479721959214658,Pong1PCB2L336P__seed_8_1763344785
2215936,2-Training-Stats/learning_rate,0.00019469480321276933,Pong1PCB2L336P__seed_8_1763344785
2220032,2-Training-Stats/learning_rate,0.00019459238683339208,Pong1PCB2L336P__seed_8_1763344785
2224128,2-Training-Stats/learning_rate,0.0001944899559020996,Pong1PCB2L336P__seed_8_1763344785
2228224,2-Training-Stats/learning_rate,0.00019438753952272236,Pong1PCB2L336P__seed_8_1763344785
2232320,2-Training-Stats/learning_rate,0.00019428512314334512,Pong1PCB2L336P__seed_8_1763344785
2236416,2-Training-Stats/learning_rate,0.00019418270676396787,Pong1PCB2L336P__seed_8_1763344785
2240512,2-Training-Stats/learning_rate,0.00019408029038459063,Pong1PCB2L336P__seed_8_1763344785
2244608,2-Training-Stats/learning_rate,0.00019397787400521338,Pong1PCB2L336P__seed_8_1763344785
2248704,2-Training-Stats/learning_rate,0.00019387545762583613,Pong1PCB2L336P__seed_8_1763344785
2252800,2-Training-Stats/learning_rate,0.0001937730412464589,Pong1PCB2L336P__seed_8_1763344785
2256896,2-Training-Stats/learning_rate,0.00019367062486708164,Pong1PCB2L336P__seed_8_1763344785
2260992,2-Training-Stats/learning_rate,0.0001935682084877044,Pong1PCB2L336P__seed_8_1763344785
2265088,2-Training-Stats/learning_rate,0.00019346579210832715,Pong1PCB2L336P__seed_8_1763344785
2269184,2-Training-Stats/learning_rate,0.0001933633757289499,Pong1PCB2L336P__seed_8_1763344785
2273280,2-Training-Stats/learning_rate,0.00019326095934957266,Pong1PCB2L336P__seed_8_1763344785
2277376,2-Training-Stats/learning_rate,0.0001931585429701954,Pong1PCB2L336P__seed_8_1763344785
2281472,2-Training-Stats/learning_rate,0.00019305612659081817,Pong1PCB2L336P__seed_8_1763344785
2285568,2-Training-Stats/learning_rate,0.00019295371021144092,Pong1PCB2L336P__seed_8_1763344785
2289664,2-Training-Stats/learning_rate,0.00019285129383206367,Pong1PCB2L336P__seed_8_1763344785
2293760,2-Training-Stats/learning_rate,0.00019274887745268643,Pong1PCB2L336P__seed_8_1763344785
2297856,2-Training-Stats/learning_rate,0.00019264646107330918,Pong1PCB2L336P__seed_8_1763344785
2301952,2-Training-Stats/learning_rate,0.00019254404469393194,Pong1PCB2L336P__seed_8_1763344785
2306048,2-Training-Stats/learning_rate,0.0001924416283145547,Pong1PCB2L336P__seed_8_1763344785
2310144,2-Training-Stats/learning_rate,0.00019233921193517745,Pong1PCB2L336P__seed_8_1763344785
2314240,2-Training-Stats/learning_rate,0.00019223678100388497,Pong1PCB2L336P__seed_8_1763344785
2318336,2-Training-Stats/learning_rate,0.00019213436462450773,Pong1PCB2L336P__seed_8_1763344785
2322432,2-Training-Stats/learning_rate,0.00019203194824513048,Pong1PCB2L336P__seed_8_1763344785
2326528,2-Training-Stats/learning_rate,0.00019192953186575323,Pong1PCB2L336P__seed_8_1763344785
2330624,2-Training-Stats/learning_rate,0.000191827115486376,Pong1PCB2L336P__seed_8_1763344785
2334720,2-Training-Stats/learning_rate,0.00019172469910699874,Pong1PCB2L336P__seed_8_1763344785
2338816,2-Training-Stats/learning_rate,0.0001916222827276215,Pong1PCB2L336P__seed_8_1763344785
2342912,2-Training-Stats/learning_rate,0.00019151986634824425,Pong1PCB2L336P__seed_8_1763344785
2347008,2-Training-Stats/learning_rate,0.000191417449968867,Pong1PCB2L336P__seed_8_1763344785
2351104,2-Training-Stats/learning_rate,0.00019131503358948976,Pong1PCB2L336P__seed_8_1763344785
2355200,2-Training-Stats/learning_rate,0.0001912126172101125,Pong1PCB2L336P__seed_8_1763344785
2359296,2-Training-Stats/learning_rate,0.00019111020083073527,Pong1PCB2L336P__seed_8_1763344785
2363392,2-Training-Stats/learning_rate,0.00019100778445135802,Pong1PCB2L336P__seed_8_1763344785
2367488,2-Training-Stats/learning_rate,0.00019090536807198077,Pong1PCB2L336P__seed_8_1763344785
2371584,2-Training-Stats/learning_rate,0.00019080295169260353,Pong1PCB2L336P__seed_8_1763344785
2375680,2-Training-Stats/learning_rate,0.00019070053531322628,Pong1PCB2L336P__seed_8_1763344785
2379776,2-Training-Stats/learning_rate,0.00019059811893384904,Pong1PCB2L336P__seed_8_1763344785
2383872,2-Training-Stats/learning_rate,0.0001904957025544718,Pong1PCB2L336P__seed_8_1763344785
2387968,2-Training-Stats/learning_rate,0.00019039328617509454,Pong1PCB2L336P__seed_8_1763344785
2392064,2-Training-Stats/learning_rate,0.0001902908697957173,Pong1PCB2L336P__seed_8_1763344785
2396160,2-Training-Stats/learning_rate,0.00019018845341634005,Pong1PCB2L336P__seed_8_1763344785
2400256,2-Training-Stats/learning_rate,0.0001900860370369628,Pong1PCB2L336P__seed_8_1763344785
2404352,2-Training-Stats/learning_rate,0.00018998360610567033,Pong1PCB2L336P__seed_8_1763344785
2408448,2-Training-Stats/learning_rate,0.0001898811897262931,Pong1PCB2L336P__seed_8_1763344785
2412544,2-Training-Stats/learning_rate,0.00018977877334691584,Pong1PCB2L336P__seed_8_1763344785
2416640,2-Training-Stats/learning_rate,0.0001896763569675386,Pong1PCB2L336P__seed_8_1763344785
2420736,2-Training-Stats/learning_rate,0.00018957394058816135,Pong1PCB2L336P__seed_8_1763344785
2424832,2-Training-Stats/learning_rate,0.0001894715242087841,Pong1PCB2L336P__seed_8_1763344785
2428928,2-Training-Stats/learning_rate,0.00018936910782940686,Pong1PCB2L336P__seed_8_1763344785
2433024,2-Training-Stats/learning_rate,0.0001892666914500296,Pong1PCB2L336P__seed_8_1763344785
2437120,2-Training-Stats/learning_rate,0.00018916427507065237,Pong1PCB2L336P__seed_8_1763344785
2441216,2-Training-Stats/learning_rate,0.00018906185869127512,Pong1PCB2L336P__seed_8_1763344785
2445312,2-Training-Stats/learning_rate,0.00018895944231189787,Pong1PCB2L336P__seed_8_1763344785
2449408,2-Training-Stats/learning_rate,0.00018885702593252063,Pong1PCB2L336P__seed_8_1763344785
2453504,2-Training-Stats/learning_rate,0.00018875460955314338,Pong1PCB2L336P__seed_8_1763344785
2457600,2-Training-Stats/learning_rate,0.00018865219317376614,Pong1PCB2L336P__seed_8_1763344785
2461696,2-Training-Stats/learning_rate,0.0001885497767943889,Pong1PCB2L336P__seed_8_1763344785
2465792,2-Training-Stats/learning_rate,0.00018844736041501164,Pong1PCB2L336P__seed_8_1763344785
2469888,2-Training-Stats/learning_rate,0.0001883449440356344,Pong1PCB2L336P__seed_8_1763344785
2473984,2-Training-Stats/learning_rate,0.00018824252765625715,Pong1PCB2L336P__seed_8_1763344785
2478080,2-Training-Stats/learning_rate,0.0001881401112768799,Pong1PCB2L336P__seed_8_1763344785
2482176,2-Training-Stats/learning_rate,0.00018803769489750266,Pong1PCB2L336P__seed_8_1763344785
2486272,2-Training-Stats/learning_rate,0.00018793527851812541,Pong1PCB2L336P__seed_8_1763344785
2490368,2-Training-Stats/learning_rate,0.00018783286213874817,Pong1PCB2L336P__seed_8_1763344785
2494464,2-Training-Stats/learning_rate,0.0001877304312074557,Pong1PCB2L336P__seed_8_1763344785
2498560,2-Training-Stats/learning_rate,0.00018762801482807845,Pong1PCB2L336P__seed_8_1763344785
2502656,2-Training-Stats/learning_rate,0.0001875255984487012,Pong1PCB2L336P__seed_8_1763344785
2506752,2-Training-Stats/learning_rate,0.00018742318206932396,Pong1PCB2L336P__seed_8_1763344785
2510848,2-Training-Stats/learning_rate,0.0001873207656899467,Pong1PCB2L336P__seed_8_1763344785
2514944,2-Training-Stats/learning_rate,0.00018721834931056947,Pong1PCB2L336P__seed_8_1763344785
2519040,2-Training-Stats/learning_rate,0.00018711593293119222,Pong1PCB2L336P__seed_8_1763344785
2523136,2-Training-Stats/learning_rate,0.00018701351655181497,Pong1PCB2L336P__seed_8_1763344785
2527232,2-Training-Stats/learning_rate,0.00018691110017243773,Pong1PCB2L336P__seed_8_1763344785
2531328,2-Training-Stats/learning_rate,0.00018680868379306048,Pong1PCB2L336P__seed_8_1763344785
2535424,2-Training-Stats/learning_rate,0.00018670626741368324,Pong1PCB2L336P__seed_8_1763344785
2539520,2-Training-Stats/learning_rate,0.000186603851034306,Pong1PCB2L336P__seed_8_1763344785
2543616,2-Training-Stats/learning_rate,0.00018650143465492874,Pong1PCB2L336P__seed_8_1763344785
2547712,2-Training-Stats/learning_rate,0.0001863990182755515,Pong1PCB2L336P__seed_8_1763344785
2551808,2-Training-Stats/learning_rate,0.00018629660189617425,Pong1PCB2L336P__seed_8_1763344785
2555904,2-Training-Stats/learning_rate,0.000186194185516797,Pong1PCB2L336P__seed_8_1763344785
2560000,2-Training-Stats/learning_rate,0.00018609176913741976,Pong1PCB2L336P__seed_8_1763344785
2564096,2-Training-Stats/learning_rate,0.00018598935275804251,Pong1PCB2L336P__seed_8_1763344785
2568192,2-Training-Stats/learning_rate,0.00018588693637866527,Pong1PCB2L336P__seed_8_1763344785
2572288,2-Training-Stats/learning_rate,0.00018578451999928802,Pong1PCB2L336P__seed_8_1763344785
2576384,2-Training-Stats/learning_rate,0.00018568210361991078,Pong1PCB2L336P__seed_8_1763344785
2580480,2-Training-Stats/learning_rate,0.00018557968724053353,Pong1PCB2L336P__seed_8_1763344785
2584576,2-Training-Stats/learning_rate,0.00018547725630924106,Pong1PCB2L336P__seed_8_1763344785
2588672,2-Training-Stats/learning_rate,0.0001853748399298638,Pong1PCB2L336P__seed_8_1763344785
2592768,2-Training-Stats/learning_rate,0.00018527242355048656,Pong1PCB2L336P__seed_8_1763344785
2596864,2-Training-Stats/learning_rate,0.00018517000717110932,Pong1PCB2L336P__seed_8_1763344785
2600960,2-Training-Stats/learning_rate,0.00018506759079173207,Pong1PCB2L336P__seed_8_1763344785
2605056,2-Training-Stats/learning_rate,0.00018496517441235483,Pong1PCB2L336P__seed_8_1763344785
2609152,2-Training-Stats/learning_rate,0.00018486275803297758,Pong1PCB2L336P__seed_8_1763344785
2613248,2-Training-Stats/learning_rate,0.00018476034165360034,Pong1PCB2L336P__seed_8_1763344785
2617344,2-Training-Stats/learning_rate,0.0001846579252742231,Pong1PCB2L336P__seed_8_1763344785
2621440,2-Training-Stats/learning_rate,0.00018455550889484584,Pong1PCB2L336P__seed_8_1763344785
2625536,2-Training-Stats/learning_rate,0.0001844530925154686,Pong1PCB2L336P__seed_8_1763344785
2629632,2-Training-Stats/learning_rate,0.00018435067613609135,Pong1PCB2L336P__seed_8_1763344785
2633728,2-Training-Stats/learning_rate,0.0001842482597567141,Pong1PCB2L336P__seed_8_1763344785
2637824,2-Training-Stats/learning_rate,0.00018414584337733686,Pong1PCB2L336P__seed_8_1763344785
2641920,2-Training-Stats/learning_rate,0.00018404342699795961,Pong1PCB2L336P__seed_8_1763344785
2646016,2-Training-Stats/learning_rate,0.00018394101061858237,Pong1PCB2L336P__seed_8_1763344785
2650112,2-Training-Stats/learning_rate,0.00018383859423920512,Pong1PCB2L336P__seed_8_1763344785
2654208,2-Training-Stats/learning_rate,0.00018373617785982788,Pong1PCB2L336P__seed_8_1763344785
2658304,2-Training-Stats/learning_rate,0.00018363376148045063,Pong1PCB2L336P__seed_8_1763344785
2662400,2-Training-Stats/learning_rate,0.00018353134510107338,Pong1PCB2L336P__seed_8_1763344785
2666496,2-Training-Stats/learning_rate,0.00018342892872169614,Pong1PCB2L336P__seed_8_1763344785
2670592,2-Training-Stats/learning_rate,0.0001833265123423189,Pong1PCB2L336P__seed_8_1763344785
2674688,2-Training-Stats/learning_rate,0.00018322408141102642,Pong1PCB2L336P__seed_8_1763344785
2678784,2-Training-Stats/learning_rate,0.00018312166503164917,Pong1PCB2L336P__seed_8_1763344785
2682880,2-Training-Stats/learning_rate,0.00018301924865227193,Pong1PCB2L336P__seed_8_1763344785
2686976,2-Training-Stats/learning_rate,0.00018291683227289468,Pong1PCB2L336P__seed_8_1763344785
2691072,2-Training-Stats/learning_rate,0.00018281441589351743,Pong1PCB2L336P__seed_8_1763344785
2695168,2-Training-Stats/learning_rate,0.0001827119995141402,Pong1PCB2L336P__seed_8_1763344785
2699264,2-Training-Stats/learning_rate,0.00018260958313476294,Pong1PCB2L336P__seed_8_1763344785
2703360,2-Training-Stats/learning_rate,0.0001825071667553857,Pong1PCB2L336P__seed_8_1763344785
2707456,2-Training-Stats/learning_rate,0.00018240475037600845,Pong1PCB2L336P__seed_8_1763344785
2711552,2-Training-Stats/learning_rate,0.0001823023339966312,Pong1PCB2L336P__seed_8_1763344785
2715648,2-Training-Stats/learning_rate,0.00018219991761725396,Pong1PCB2L336P__seed_8_1763344785
2719744,2-Training-Stats/learning_rate,0.0001820975012378767,Pong1PCB2L336P__seed_8_1763344785
2723840,2-Training-Stats/learning_rate,0.00018199508485849947,Pong1PCB2L336P__seed_8_1763344785
2727936,2-Training-Stats/learning_rate,0.00018189266847912222,Pong1PCB2L336P__seed_8_1763344785
2732032,2-Training-Stats/learning_rate,0.00018179025209974498,Pong1PCB2L336P__seed_8_1763344785
2736128,2-Training-Stats/learning_rate,0.00018168783572036773,Pong1PCB2L336P__seed_8_1763344785
2740224,2-Training-Stats/learning_rate,0.00018158541934099048,Pong1PCB2L336P__seed_8_1763344785
2744320,2-Training-Stats/learning_rate,0.00018148300296161324,Pong1PCB2L336P__seed_8_1763344785
2748416,2-Training-Stats/learning_rate,0.000181380586582236,Pong1PCB2L336P__seed_8_1763344785
2752512,2-Training-Stats/learning_rate,0.00018127817020285875,Pong1PCB2L336P__seed_8_1763344785
2756608,2-Training-Stats/learning_rate,0.0001811757538234815,Pong1PCB2L336P__seed_8_1763344785
2760704,2-Training-Stats/learning_rate,0.00018107333744410425,Pong1PCB2L336P__seed_8_1763344785
2764800,2-Training-Stats/learning_rate,0.00018097090651281178,Pong1PCB2L336P__seed_8_1763344785
2768896,2-Training-Stats/learning_rate,0.00018086849013343453,Pong1PCB2L336P__seed_8_1763344785
2772992,2-Training-Stats/learning_rate,0.0001807660737540573,Pong1PCB2L336P__seed_8_1763344785
2777088,2-Training-Stats/learning_rate,0.00018066365737468004,Pong1PCB2L336P__seed_8_1763344785
2781184,2-Training-Stats/learning_rate,0.0001805612409953028,Pong1PCB2L336P__seed_8_1763344785
2785280,2-Training-Stats/learning_rate,0.00018045882461592555,Pong1PCB2L336P__seed_8_1763344785
2789376,2-Training-Stats/learning_rate,0.0001803564082365483,Pong1PCB2L336P__seed_8_1763344785
2793472,2-Training-Stats/learning_rate,0.00018025399185717106,Pong1PCB2L336P__seed_8_1763344785
2797568,2-Training-Stats/learning_rate,0.0001801515754777938,Pong1PCB2L336P__seed_8_1763344785
2801664,2-Training-Stats/learning_rate,0.00018004915909841657,Pong1PCB2L336P__seed_8_1763344785
2805760,2-Training-Stats/learning_rate,0.00017994674271903932,Pong1PCB2L336P__seed_8_1763344785
2809856,2-Training-Stats/learning_rate,0.00017984432633966208,Pong1PCB2L336P__seed_8_1763344785
2813952,2-Training-Stats/learning_rate,0.00017974190996028483,Pong1PCB2L336P__seed_8_1763344785
2818048,2-Training-Stats/learning_rate,0.00017963949358090758,Pong1PCB2L336P__seed_8_1763344785
2822144,2-Training-Stats/learning_rate,0.00017953707720153034,Pong1PCB2L336P__seed_8_1763344785
2826240,2-Training-Stats/learning_rate,0.0001794346608221531,Pong1PCB2L336P__seed_8_1763344785
2830336,2-Training-Stats/learning_rate,0.00017933224444277585,Pong1PCB2L336P__seed_8_1763344785
2834432,2-Training-Stats/learning_rate,0.0001792298280633986,Pong1PCB2L336P__seed_8_1763344785
2838528,2-Training-Stats/learning_rate,0.00017912741168402135,Pong1PCB2L336P__seed_8_1763344785
2842624,2-Training-Stats/learning_rate,0.0001790249953046441,Pong1PCB2L336P__seed_8_1763344785
2846720,2-Training-Stats/learning_rate,0.00017892257892526686,Pong1PCB2L336P__seed_8_1763344785
2850816,2-Training-Stats/learning_rate,0.00017882016254588962,Pong1PCB2L336P__seed_8_1763344785
2854912,2-Training-Stats/learning_rate,0.00017871773161459714,Pong1PCB2L336P__seed_8_1763344785
2859008,2-Training-Stats/learning_rate,0.0001786153152352199,Pong1PCB2L336P__seed_8_1763344785
2863104,2-Training-Stats/learning_rate,0.00017851289885584265,Pong1PCB2L336P__seed_8_1763344785
2867200,2-Training-Stats/learning_rate,0.0001784104824764654,Pong1PCB2L336P__seed_8_1763344785
2871296,2-Training-Stats/learning_rate,0.00017830806609708816,Pong1PCB2L336P__seed_8_1763344785
2875392,2-Training-Stats/learning_rate,0.0001782056497177109,Pong1PCB2L336P__seed_8_1763344785
2879488,2-Training-Stats/learning_rate,0.00017810323333833367,Pong1PCB2L336P__seed_8_1763344785
2883584,2-Training-Stats/learning_rate,0.00017800081695895642,Pong1PCB2L336P__seed_8_1763344785
2887680,2-Training-Stats/learning_rate,0.00017789840057957917,Pong1PCB2L336P__seed_8_1763344785
2891776,2-Training-Stats/learning_rate,0.00017779598420020193,Pong1PCB2L336P__seed_8_1763344785
2895872,2-Training-Stats/learning_rate,0.00017769356782082468,Pong1PCB2L336P__seed_8_1763344785
2899968,2-Training-Stats/learning_rate,0.00017759115144144744,Pong1PCB2L336P__seed_8_1763344785
2904064,2-Training-Stats/learning_rate,0.0001774887350620702,Pong1PCB2L336P__seed_8_1763344785
2908160,2-Training-Stats/learning_rate,0.00017738631868269295,Pong1PCB2L336P__seed_8_1763344785
2912256,2-Training-Stats/learning_rate,0.0001772839023033157,Pong1PCB2L336P__seed_8_1763344785
2916352,2-Training-Stats/learning_rate,0.00017718148592393845,Pong1PCB2L336P__seed_8_1763344785
2920448,2-Training-Stats/learning_rate,0.0001770790695445612,Pong1PCB2L336P__seed_8_1763344785
2924544,2-Training-Stats/learning_rate,0.00017697665316518396,Pong1PCB2L336P__seed_8_1763344785
2928640,2-Training-Stats/learning_rate,0.00017687423678580672,Pong1PCB2L336P__seed_8_1763344785
2932736,2-Training-Stats/learning_rate,0.00017677182040642947,Pong1PCB2L336P__seed_8_1763344785
2936832,2-Training-Stats/learning_rate,0.00017666940402705222,Pong1PCB2L336P__seed_8_1763344785
2940928,2-Training-Stats/learning_rate,0.00017656698764767498,Pong1PCB2L336P__seed_8_1763344785
2945024,2-Training-Stats/learning_rate,0.0001764645567163825,Pong1PCB2L336P__seed_8_1763344785
2949120,2-Training-Stats/learning_rate,0.00017636214033700526,Pong1PCB2L336P__seed_8_1763344785
2953216,2-Training-Stats/learning_rate,0.000176259723957628,Pong1PCB2L336P__seed_8_1763344785
2957312,2-Training-Stats/learning_rate,0.00017615730757825077,Pong1PCB2L336P__seed_8_1763344785
2961408,2-Training-Stats/learning_rate,0.00017605489119887352,Pong1PCB2L336P__seed_8_1763344785
2965504,2-Training-Stats/learning_rate,0.00017595247481949627,Pong1PCB2L336P__seed_8_1763344785
2969600,2-Training-Stats/learning_rate,0.00017585005844011903,Pong1PCB2L336P__seed_8_1763344785
2973696,2-Training-Stats/learning_rate,0.00017574764206074178,Pong1PCB2L336P__seed_8_1763344785
2977792,2-Training-Stats/learning_rate,0.00017564522568136454,Pong1PCB2L336P__seed_8_1763344785
2981888,2-Training-Stats/learning_rate,0.0001755428093019873,Pong1PCB2L336P__seed_8_1763344785
2985984,2-Training-Stats/learning_rate,0.00017544039292261004,Pong1PCB2L336P__seed_8_1763344785
2990080,2-Training-Stats/learning_rate,0.0001753379765432328,Pong1PCB2L336P__seed_8_1763344785
2994176,2-Training-Stats/learning_rate,0.00017523556016385555,Pong1PCB2L336P__seed_8_1763344785
2998272,2-Training-Stats/learning_rate,0.0001751331437844783,Pong1PCB2L336P__seed_8_1763344785
3002368,2-Training-Stats/learning_rate,0.00017503072740510106,Pong1PCB2L336P__seed_8_1763344785
3006464,2-Training-Stats/learning_rate,0.00017492831102572381,Pong1PCB2L336P__seed_8_1763344785
3010560,2-Training-Stats/learning_rate,0.00017482589464634657,Pong1PCB2L336P__seed_8_1763344785
3014656,2-Training-Stats/learning_rate,0.00017472347826696932,Pong1PCB2L336P__seed_8_1763344785
3018752,2-Training-Stats/learning_rate,0.00017462106188759208,Pong1PCB2L336P__seed_8_1763344785
3022848,2-Training-Stats/learning_rate,0.00017451864550821483,Pong1PCB2L336P__seed_8_1763344785
3026944,2-Training-Stats/learning_rate,0.00017441622912883759,Pong1PCB2L336P__seed_8_1763344785
3031040,2-Training-Stats/learning_rate,0.00017431381274946034,Pong1PCB2L336P__seed_8_1763344785
3035136,2-Training-Stats/learning_rate,0.00017421138181816787,Pong1PCB2L336P__seed_8_1763344785
3039232,2-Training-Stats/learning_rate,0.00017410896543879062,Pong1PCB2L336P__seed_8_1763344785
3043328,2-Training-Stats/learning_rate,0.00017400654905941337,Pong1PCB2L336P__seed_8_1763344785
3047424,2-Training-Stats/learning_rate,0.00017390413268003613,Pong1PCB2L336P__seed_8_1763344785
3051520,2-Training-Stats/learning_rate,0.00017380171630065888,Pong1PCB2L336P__seed_8_1763344785
3055616,2-Training-Stats/learning_rate,0.00017369929992128164,Pong1PCB2L336P__seed_8_1763344785
3059712,2-Training-Stats/learning_rate,0.0001735968835419044,Pong1PCB2L336P__seed_8_1763344785
3063808,2-Training-Stats/learning_rate,0.00017349446716252714,Pong1PCB2L336P__seed_8_1763344785
3067904,2-Training-Stats/learning_rate,0.0001733920507831499,Pong1PCB2L336P__seed_8_1763344785
3072000,2-Training-Stats/learning_rate,0.00017328963440377265,Pong1PCB2L336P__seed_8_1763344785
3076096,2-Training-Stats/learning_rate,0.0001731872180243954,Pong1PCB2L336P__seed_8_1763344785
3080192,2-Training-Stats/learning_rate,0.00017308480164501816,Pong1PCB2L336P__seed_8_1763344785
3084288,2-Training-Stats/learning_rate,0.00017298238526564091,Pong1PCB2L336P__seed_8_1763344785
3088384,2-Training-Stats/learning_rate,0.00017287996888626367,Pong1PCB2L336P__seed_8_1763344785
3092480,2-Training-Stats/learning_rate,0.00017277755250688642,Pong1PCB2L336P__seed_8_1763344785
3096576,2-Training-Stats/learning_rate,0.00017267513612750918,Pong1PCB2L336P__seed_8_1763344785
3100672,2-Training-Stats/learning_rate,0.00017257271974813193,Pong1PCB2L336P__seed_8_1763344785
3104768,2-Training-Stats/learning_rate,0.00017247030336875468,Pong1PCB2L336P__seed_8_1763344785
3108864,2-Training-Stats/learning_rate,0.00017236788698937744,Pong1PCB2L336P__seed_8_1763344785
3112960,2-Training-Stats/learning_rate,0.0001722654706100002,Pong1PCB2L336P__seed_8_1763344785
3117056,2-Training-Stats/learning_rate,0.00017216305423062295,Pong1PCB2L336P__seed_8_1763344785
3121152,2-Training-Stats/learning_rate,0.0001720606378512457,Pong1PCB2L336P__seed_8_1763344785
3125248,2-Training-Stats/learning_rate,0.00017195820691995323,Pong1PCB2L336P__seed_8_1763344785
3129344,2-Training-Stats/learning_rate,0.00017185579054057598,Pong1PCB2L336P__seed_8_1763344785
3133440,2-Training-Stats/learning_rate,0.00017175337416119874,Pong1PCB2L336P__seed_8_1763344785
3137536,2-Training-Stats/learning_rate,0.0001716509577818215,Pong1PCB2L336P__seed_8_1763344785
3141632,2-Training-Stats/learning_rate,0.00017154854140244424,Pong1PCB2L336P__seed_8_1763344785
3145728,2-Training-Stats/learning_rate,0.000171446125023067,Pong1PCB2L336P__seed_8_1763344785
3149824,2-Training-Stats/learning_rate,0.00017134370864368975,Pong1PCB2L336P__seed_8_1763344785
3153920,2-Training-Stats/learning_rate,0.0001712412922643125,Pong1PCB2L336P__seed_8_1763344785
3158016,2-Training-Stats/learning_rate,0.00017113887588493526,Pong1PCB2L336P__seed_8_1763344785
3162112,2-Training-Stats/learning_rate,0.00017103645950555801,Pong1PCB2L336P__seed_8_1763344785
3166208,2-Training-Stats/learning_rate,0.00017093404312618077,Pong1PCB2L336P__seed_8_1763344785
3170304,2-Training-Stats/learning_rate,0.00017083162674680352,Pong1PCB2L336P__seed_8_1763344785
3174400,2-Training-Stats/learning_rate,0.00017072921036742628,Pong1PCB2L336P__seed_8_1763344785
3178496,2-Training-Stats/learning_rate,0.00017062679398804903,Pong1PCB2L336P__seed_8_1763344785
3182592,2-Training-Stats/learning_rate,0.00017052437760867178,Pong1PCB2L336P__seed_8_1763344785
3186688,2-Training-Stats/learning_rate,0.00017042196122929454,Pong1PCB2L336P__seed_8_1763344785
3190784,2-Training-Stats/learning_rate,0.0001703195448499173,Pong1PCB2L336P__seed_8_1763344785
3194880,2-Training-Stats/learning_rate,0.00017021712847054005,Pong1PCB2L336P__seed_8_1763344785
3198976,2-Training-Stats/learning_rate,0.0001701147120911628,Pong1PCB2L336P__seed_8_1763344785
3203072,2-Training-Stats/learning_rate,0.00017001229571178555,Pong1PCB2L336P__seed_8_1763344785
3207168,2-Training-Stats/learning_rate,0.0001699098793324083,Pong1PCB2L336P__seed_8_1763344785
3211264,2-Training-Stats/learning_rate,0.00016980746295303106,Pong1PCB2L336P__seed_8_1763344785
3215360,2-Training-Stats/learning_rate,0.0001697050320217386,Pong1PCB2L336P__seed_8_1763344785
3219456,2-Training-Stats/learning_rate,0.00016960261564236134,Pong1PCB2L336P__seed_8_1763344785
3223552,2-Training-Stats/learning_rate,0.0001695001992629841,Pong1PCB2L336P__seed_8_1763344785
3227648,2-Training-Stats/learning_rate,0.00016939778288360685,Pong1PCB2L336P__seed_8_1763344785
3231744,2-Training-Stats/learning_rate,0.0001692953665042296,Pong1PCB2L336P__seed_8_1763344785
3235840,2-Training-Stats/learning_rate,0.00016919295012485236,Pong1PCB2L336P__seed_8_1763344785
3239936,2-Training-Stats/learning_rate,0.0001690905337454751,Pong1PCB2L336P__seed_8_1763344785
3244032,2-Training-Stats/learning_rate,0.00016898811736609787,Pong1PCB2L336P__seed_8_1763344785
3248128,2-Training-Stats/learning_rate,0.00016888570098672062,Pong1PCB2L336P__seed_8_1763344785
3252224,2-Training-Stats/learning_rate,0.00016878328460734338,Pong1PCB2L336P__seed_8_1763344785
3256320,2-Training-Stats/learning_rate,0.00016868086822796613,Pong1PCB2L336P__seed_8_1763344785
3260416,2-Training-Stats/learning_rate,0.00016857845184858888,Pong1PCB2L336P__seed_8_1763344785
3264512,2-Training-Stats/learning_rate,0.00016847603546921164,Pong1PCB2L336P__seed_8_1763344785
3268608,2-Training-Stats/learning_rate,0.0001683736190898344,Pong1PCB2L336P__seed_8_1763344785
3272704,2-Training-Stats/learning_rate,0.00016827120271045715,Pong1PCB2L336P__seed_8_1763344785
3276800,2-Training-Stats/learning_rate,0.0001681687863310799,Pong1PCB2L336P__seed_8_1763344785
3280896,2-Training-Stats/learning_rate,0.00016806636995170265,Pong1PCB2L336P__seed_8_1763344785
3284992,2-Training-Stats/learning_rate,0.0001679639535723254,Pong1PCB2L336P__seed_8_1763344785
3289088,2-Training-Stats/learning_rate,0.00016786153719294816,Pong1PCB2L336P__seed_8_1763344785
3293184,2-Training-Stats/learning_rate,0.00016775912081357092,Pong1PCB2L336P__seed_8_1763344785
3297280,2-Training-Stats/learning_rate,0.00016765670443419367,Pong1PCB2L336P__seed_8_1763344785
3301376,2-Training-Stats/learning_rate,0.00016755428805481642,Pong1PCB2L336P__seed_8_1763344785
3305472,2-Training-Stats/learning_rate,0.00016745185712352395,Pong1PCB2L336P__seed_8_1763344785
3309568,2-Training-Stats/learning_rate,0.0001673494407441467,Pong1PCB2L336P__seed_8_1763344785
3313664,2-Training-Stats/learning_rate,0.00016724702436476946,Pong1PCB2L336P__seed_8_1763344785
3317760,2-Training-Stats/learning_rate,0.0001671446079853922,Pong1PCB2L336P__seed_8_1763344785
3321856,2-Training-Stats/learning_rate,0.00016704219160601497,Pong1PCB2L336P__seed_8_1763344785
3325952,2-Training-Stats/learning_rate,0.00016693977522663772,Pong1PCB2L336P__seed_8_1763344785
3330048,2-Training-Stats/learning_rate,0.00016683735884726048,Pong1PCB2L336P__seed_8_1763344785
3334144,2-Training-Stats/learning_rate,0.00016673494246788323,Pong1PCB2L336P__seed_8_1763344785
3338240,2-Training-Stats/learning_rate,0.00016663252608850598,Pong1PCB2L336P__seed_8_1763344785
3342336,2-Training-Stats/learning_rate,0.00016653010970912874,Pong1PCB2L336P__seed_8_1763344785
3346432,2-Training-Stats/learning_rate,0.0001664276933297515,Pong1PCB2L336P__seed_8_1763344785
3350528,2-Training-Stats/learning_rate,0.00016632527695037425,Pong1PCB2L336P__seed_8_1763344785
3354624,2-Training-Stats/learning_rate,0.000166222860570997,Pong1PCB2L336P__seed_8_1763344785
3358720,2-Training-Stats/learning_rate,0.00016612044419161975,Pong1PCB2L336P__seed_8_1763344785
3362816,2-Training-Stats/learning_rate,0.0001660180278122425,Pong1PCB2L336P__seed_8_1763344785
3366912,2-Training-Stats/learning_rate,0.00016591561143286526,Pong1PCB2L336P__seed_8_1763344785
3371008,2-Training-Stats/learning_rate,0.00016581319505348802,Pong1PCB2L336P__seed_8_1763344785
3375104,2-Training-Stats/learning_rate,0.00016571077867411077,Pong1PCB2L336P__seed_8_1763344785
3379200,2-Training-Stats/learning_rate,0.00016560836229473352,Pong1PCB2L336P__seed_8_1763344785
3383296,2-Training-Stats/learning_rate,0.00016550594591535628,Pong1PCB2L336P__seed_8_1763344785
3387392,2-Training-Stats/learning_rate,0.00016540352953597903,Pong1PCB2L336P__seed_8_1763344785
3391488,2-Training-Stats/learning_rate,0.0001653011131566018,Pong1PCB2L336P__seed_8_1763344785
3395584,2-Training-Stats/learning_rate,0.0001651986822253093,Pong1PCB2L336P__seed_8_1763344785
3399680,2-Training-Stats/learning_rate,0.00016509626584593207,Pong1PCB2L336P__seed_8_1763344785
3403776,2-Training-Stats/learning_rate,0.00016499384946655482,Pong1PCB2L336P__seed_8_1763344785
3407872,2-Training-Stats/learning_rate,0.00016489143308717757,Pong1PCB2L336P__seed_8_1763344785
3411968,2-Training-Stats/learning_rate,0.00016478901670780033,Pong1PCB2L336P__seed_8_1763344785
3416064,2-Training-Stats/learning_rate,0.00016468660032842308,Pong1PCB2L336P__seed_8_1763344785
3420160,2-Training-Stats/learning_rate,0.00016458418394904584,Pong1PCB2L336P__seed_8_1763344785
3424256,2-Training-Stats/learning_rate,0.0001644817675696686,Pong1PCB2L336P__seed_8_1763344785
3428352,2-Training-Stats/learning_rate,0.00016437935119029135,Pong1PCB2L336P__seed_8_1763344785
3432448,2-Training-Stats/learning_rate,0.0001642769348109141,Pong1PCB2L336P__seed_8_1763344785
3436544,2-Training-Stats/learning_rate,0.00016417451843153685,Pong1PCB2L336P__seed_8_1763344785
3440640,2-Training-Stats/learning_rate,0.0001640721020521596,Pong1PCB2L336P__seed_8_1763344785
3444736,2-Training-Stats/learning_rate,0.00016396968567278236,Pong1PCB2L336P__seed_8_1763344785
3448832,2-Training-Stats/learning_rate,0.00016386726929340512,Pong1PCB2L336P__seed_8_1763344785
3452928,2-Training-Stats/learning_rate,0.00016376485291402787,Pong1PCB2L336P__seed_8_1763344785
3457024,2-Training-Stats/learning_rate,0.00016366243653465062,Pong1PCB2L336P__seed_8_1763344785
3461120,2-Training-Stats/learning_rate,0.00016356002015527338,Pong1PCB2L336P__seed_8_1763344785
3465216,2-Training-Stats/learning_rate,0.00016345760377589613,Pong1PCB2L336P__seed_8_1763344785
3469312,2-Training-Stats/learning_rate,0.00016335518739651889,Pong1PCB2L336P__seed_8_1763344785
3473408,2-Training-Stats/learning_rate,0.00016325277101714164,Pong1PCB2L336P__seed_8_1763344785
3477504,2-Training-Stats/learning_rate,0.0001631503546377644,Pong1PCB2L336P__seed_8_1763344785
3481600,2-Training-Stats/learning_rate,0.00016304793825838715,Pong1PCB2L336P__seed_8_1763344785
3485696,2-Training-Stats/learning_rate,0.00016294550732709467,Pong1PCB2L336P__seed_8_1763344785
3489792,2-Training-Stats/learning_rate,0.00016284309094771743,Pong1PCB2L336P__seed_8_1763344785
3493888,2-Training-Stats/learning_rate,0.00016274067456834018,Pong1PCB2L336P__seed_8_1763344785
3497984,2-Training-Stats/learning_rate,0.00016263825818896294,Pong1PCB2L336P__seed_8_1763344785
3502080,2-Training-Stats/learning_rate,0.0001625358418095857,Pong1PCB2L336P__seed_8_1763344785
3506176,2-Training-Stats/learning_rate,0.00016243342543020844,Pong1PCB2L336P__seed_8_1763344785
3510272,2-Training-Stats/learning_rate,0.0001623310090508312,Pong1PCB2L336P__seed_8_1763344785
3514368,2-Training-Stats/learning_rate,0.00016222859267145395,Pong1PCB2L336P__seed_8_1763344785
3518464,2-Training-Stats/learning_rate,0.0001621261762920767,Pong1PCB2L336P__seed_8_1763344785
3522560,2-Training-Stats/learning_rate,0.00016202375991269946,Pong1PCB2L336P__seed_8_1763344785
3526656,2-Training-Stats/learning_rate,0.00016192134353332222,Pong1PCB2L336P__seed_8_1763344785
3530752,2-Training-Stats/learning_rate,0.00016181892715394497,Pong1PCB2L336P__seed_8_1763344785
3534848,2-Training-Stats/learning_rate,0.00016171651077456772,Pong1PCB2L336P__seed_8_1763344785
3538944,2-Training-Stats/learning_rate,0.00016161409439519048,Pong1PCB2L336P__seed_8_1763344785
3543040,2-Training-Stats/learning_rate,0.00016151167801581323,Pong1PCB2L336P__seed_8_1763344785
3547136,2-Training-Stats/learning_rate,0.00016140926163643599,Pong1PCB2L336P__seed_8_1763344785
3551232,2-Training-Stats/learning_rate,0.00016130684525705874,Pong1PCB2L336P__seed_8_1763344785
3555328,2-Training-Stats/learning_rate,0.0001612044288776815,Pong1PCB2L336P__seed_8_1763344785
3559424,2-Training-Stats/learning_rate,0.00016110201249830425,Pong1PCB2L336P__seed_8_1763344785
3563520,2-Training-Stats/learning_rate,0.000160999596118927,Pong1PCB2L336P__seed_8_1763344785
3567616,2-Training-Stats/learning_rate,0.00016089717973954976,Pong1PCB2L336P__seed_8_1763344785
3571712,2-Training-Stats/learning_rate,0.0001607947633601725,Pong1PCB2L336P__seed_8_1763344785
3575808,2-Training-Stats/learning_rate,0.00016069233242888004,Pong1PCB2L336P__seed_8_1763344785
3579904,2-Training-Stats/learning_rate,0.0001605899160495028,Pong1PCB2L336P__seed_8_1763344785
3584000,2-Training-Stats/learning_rate,0.00016048749967012554,Pong1PCB2L336P__seed_8_1763344785
3588096,2-Training-Stats/learning_rate,0.0001603850832907483,Pong1PCB2L336P__seed_8_1763344785
3592192,2-Training-Stats/learning_rate,0.00016028266691137105,Pong1PCB2L336P__seed_8_1763344785
3596288,2-Training-Stats/learning_rate,0.0001601802505319938,Pong1PCB2L336P__seed_8_1763344785
3600384,2-Training-Stats/learning_rate,0.00016007783415261656,Pong1PCB2L336P__seed_8_1763344785
3604480,2-Training-Stats/learning_rate,0.00015997541777323931,Pong1PCB2L336P__seed_8_1763344785
3608576,2-Training-Stats/learning_rate,0.00015987300139386207,Pong1PCB2L336P__seed_8_1763344785
3612672,2-Training-Stats/learning_rate,0.00015977058501448482,Pong1PCB2L336P__seed_8_1763344785
3616768,2-Training-Stats/learning_rate,0.00015966816863510758,Pong1PCB2L336P__seed_8_1763344785
3620864,2-Training-Stats/learning_rate,0.00015956575225573033,Pong1PCB2L336P__seed_8_1763344785
3624960,2-Training-Stats/learning_rate,0.00015946333587635309,Pong1PCB2L336P__seed_8_1763344785
3629056,2-Training-Stats/learning_rate,0.00015936091949697584,Pong1PCB2L336P__seed_8_1763344785
3633152,2-Training-Stats/learning_rate,0.0001592585031175986,Pong1PCB2L336P__seed_8_1763344785
3637248,2-Training-Stats/learning_rate,0.00015915608673822135,Pong1PCB2L336P__seed_8_1763344785
3641344,2-Training-Stats/learning_rate,0.0001590536703588441,Pong1PCB2L336P__seed_8_1763344785
3645440,2-Training-Stats/learning_rate,0.00015895125397946686,Pong1PCB2L336P__seed_8_1763344785
3649536,2-Training-Stats/learning_rate,0.0001588488376000896,Pong1PCB2L336P__seed_8_1763344785
3653632,2-Training-Stats/learning_rate,0.00015874642122071236,Pong1PCB2L336P__seed_8_1763344785
3657728,2-Training-Stats/learning_rate,0.00015864400484133512,Pong1PCB2L336P__seed_8_1763344785
3661824,2-Training-Stats/learning_rate,0.00015854158846195787,Pong1PCB2L336P__seed_8_1763344785
3665920,2-Training-Stats/learning_rate,0.0001584391575306654,Pong1PCB2L336P__seed_8_1763344785
3670016,2-Training-Stats/learning_rate,0.00015833674115128815,Pong1PCB2L336P__seed_8_1763344785
3674112,2-Training-Stats/learning_rate,0.0001582343247719109,Pong1PCB2L336P__seed_8_1763344785
3678208,2-Training-Stats/learning_rate,0.00015813190839253366,Pong1PCB2L336P__seed_8_1763344785
3682304,2-Training-Stats/learning_rate,0.00015802949201315641,Pong1PCB2L336P__seed_8_1763344785
3686400,2-Training-Stats/learning_rate,0.00015792707563377917,Pong1PCB2L336P__seed_8_1763344785
3690496,2-Training-Stats/learning_rate,0.00015782465925440192,Pong1PCB2L336P__seed_8_1763344785
3694592,2-Training-Stats/learning_rate,0.00015772224287502468,Pong1PCB2L336P__seed_8_1763344785
3698688,2-Training-Stats/learning_rate,0.00015761982649564743,Pong1PCB2L336P__seed_8_1763344785
3702784,2-Training-Stats/learning_rate,0.00015751741011627018,Pong1PCB2L336P__seed_8_1763344785
3706880,2-Training-Stats/learning_rate,0.00015741499373689294,Pong1PCB2L336P__seed_8_1763344785
3710976,2-Training-Stats/learning_rate,0.0001573125773575157,Pong1PCB2L336P__seed_8_1763344785
3715072,2-Training-Stats/learning_rate,0.00015721016097813845,Pong1PCB2L336P__seed_8_1763344785
3719168,2-Training-Stats/learning_rate,0.0001571077445987612,Pong1PCB2L336P__seed_8_1763344785
3723264,2-Training-Stats/learning_rate,0.00015700532821938396,Pong1PCB2L336P__seed_8_1763344785
3727360,2-Training-Stats/learning_rate,0.0001569029118400067,Pong1PCB2L336P__seed_8_1763344785
3731456,2-Training-Stats/learning_rate,0.00015680049546062946,Pong1PCB2L336P__seed_8_1763344785
3735552,2-Training-Stats/learning_rate,0.00015669807908125222,Pong1PCB2L336P__seed_8_1763344785
3739648,2-Training-Stats/learning_rate,0.00015659566270187497,Pong1PCB2L336P__seed_8_1763344785
3743744,2-Training-Stats/learning_rate,0.00015649324632249773,Pong1PCB2L336P__seed_8_1763344785
3747840,2-Training-Stats/learning_rate,0.00015639082994312048,Pong1PCB2L336P__seed_8_1763344785
3751936,2-Training-Stats/learning_rate,0.00015628841356374323,Pong1PCB2L336P__seed_8_1763344785
3756032,2-Training-Stats/learning_rate,0.00015618598263245076,Pong1PCB2L336P__seed_8_1763344785
3760128,2-Training-Stats/learning_rate,0.0001560835662530735,Pong1PCB2L336P__seed_8_1763344785
3764224,2-Training-Stats/learning_rate,0.00015598114987369627,Pong1PCB2L336P__seed_8_1763344785
3768320,2-Training-Stats/learning_rate,0.00015587873349431902,Pong1PCB2L336P__seed_8_1763344785
3772416,2-Training-Stats/learning_rate,0.00015577631711494178,Pong1PCB2L336P__seed_8_1763344785
3776512,2-Training-Stats/learning_rate,0.00015567390073556453,Pong1PCB2L336P__seed_8_1763344785
3780608,2-Training-Stats/learning_rate,0.00015557148435618728,Pong1PCB2L336P__seed_8_1763344785
3784704,2-Training-Stats/learning_rate,0.00015546906797681004,Pong1PCB2L336P__seed_8_1763344785
3788800,2-Training-Stats/learning_rate,0.0001553666515974328,Pong1PCB2L336P__seed_8_1763344785
3792896,2-Training-Stats/learning_rate,0.00015526423521805555,Pong1PCB2L336P__seed_8_1763344785
3796992,2-Training-Stats/learning_rate,0.0001551618188386783,Pong1PCB2L336P__seed_8_1763344785
3801088,2-Training-Stats/learning_rate,0.00015505940245930105,Pong1PCB2L336P__seed_8_1763344785
3805184,2-Training-Stats/learning_rate,0.0001549569860799238,Pong1PCB2L336P__seed_8_1763344785
3809280,2-Training-Stats/learning_rate,0.00015485456970054656,Pong1PCB2L336P__seed_8_1763344785
3813376,2-Training-Stats/learning_rate,0.00015475215332116932,Pong1PCB2L336P__seed_8_1763344785
3817472,2-Training-Stats/learning_rate,0.00015464973694179207,Pong1PCB2L336P__seed_8_1763344785
3821568,2-Training-Stats/learning_rate,0.00015454732056241482,Pong1PCB2L336P__seed_8_1763344785
3825664,2-Training-Stats/learning_rate,0.00015444490418303758,Pong1PCB2L336P__seed_8_1763344785
3829760,2-Training-Stats/learning_rate,0.00015434248780366033,Pong1PCB2L336P__seed_8_1763344785
3833856,2-Training-Stats/learning_rate,0.0001542400714242831,Pong1PCB2L336P__seed_8_1763344785
3837952,2-Training-Stats/learning_rate,0.00015413765504490584,Pong1PCB2L336P__seed_8_1763344785
3842048,2-Training-Stats/learning_rate,0.0001540352386655286,Pong1PCB2L336P__seed_8_1763344785
3846144,2-Training-Stats/learning_rate,0.00015393280773423612,Pong1PCB2L336P__seed_8_1763344785
3850240,2-Training-Stats/learning_rate,0.00015383039135485888,Pong1PCB2L336P__seed_8_1763344785
3854336,2-Training-Stats/learning_rate,0.00015372797497548163,Pong1PCB2L336P__seed_8_1763344785
3858432,2-Training-Stats/learning_rate,0.00015362555859610438,Pong1PCB2L336P__seed_8_1763344785
3862528,2-Training-Stats/learning_rate,0.00015352314221672714,Pong1PCB2L336P__seed_8_1763344785
3866624,2-Training-Stats/learning_rate,0.0001534207258373499,Pong1PCB2L336P__seed_8_1763344785
3870720,2-Training-Stats/learning_rate,0.00015331830945797265,Pong1PCB2L336P__seed_8_1763344785
3874816,2-Training-Stats/learning_rate,0.0001532158930785954,Pong1PCB2L336P__seed_8_1763344785
3878912,2-Training-Stats/learning_rate,0.00015311347669921815,Pong1PCB2L336P__seed_8_1763344785
3883008,2-Training-Stats/learning_rate,0.0001530110603198409,Pong1PCB2L336P__seed_8_1763344785
3887104,2-Training-Stats/learning_rate,0.00015290864394046366,Pong1PCB2L336P__seed_8_1763344785
3891200,2-Training-Stats/learning_rate,0.00015280622756108642,Pong1PCB2L336P__seed_8_1763344785
3895296,2-Training-Stats/learning_rate,0.00015270381118170917,Pong1PCB2L336P__seed_8_1763344785
3899392,2-Training-Stats/learning_rate,0.00015260139480233192,Pong1PCB2L336P__seed_8_1763344785
3903488,2-Training-Stats/learning_rate,0.00015249897842295468,Pong1PCB2L336P__seed_8_1763344785
3907584,2-Training-Stats/learning_rate,0.00015239656204357743,Pong1PCB2L336P__seed_8_1763344785
3911680,2-Training-Stats/learning_rate,0.0001522941456642002,Pong1PCB2L336P__seed_8_1763344785
3915776,2-Training-Stats/learning_rate,0.00015219172928482294,Pong1PCB2L336P__seed_8_1763344785
3919872,2-Training-Stats/learning_rate,0.0001520893129054457,Pong1PCB2L336P__seed_8_1763344785
3923968,2-Training-Stats/learning_rate,0.00015198689652606845,Pong1PCB2L336P__seed_8_1763344785
3928064,2-Training-Stats/learning_rate,0.0001518844801466912,Pong1PCB2L336P__seed_8_1763344785
3932160,2-Training-Stats/learning_rate,0.00015178206376731396,Pong1PCB2L336P__seed_8_1763344785
3936256,2-Training-Stats/learning_rate,0.00015167963283602148,Pong1PCB2L336P__seed_8_1763344785
3940352,2-Training-Stats/learning_rate,0.00015157721645664424,Pong1PCB2L336P__seed_8_1763344785
3944448,2-Training-Stats/learning_rate,0.000151474800077267,Pong1PCB2L336P__seed_8_1763344785
3948544,2-Training-Stats/learning_rate,0.00015137238369788975,Pong1PCB2L336P__seed_8_1763344785
3952640,2-Training-Stats/learning_rate,0.0001512699673185125,Pong1PCB2L336P__seed_8_1763344785
3956736,2-Training-Stats/learning_rate,0.00015116755093913525,Pong1PCB2L336P__seed_8_1763344785
3960832,2-Training-Stats/learning_rate,0.000151065134559758,Pong1PCB2L336P__seed_8_1763344785
3964928,2-Training-Stats/learning_rate,0.00015096271818038076,Pong1PCB2L336P__seed_8_1763344785
3969024,2-Training-Stats/learning_rate,0.00015086030180100352,Pong1PCB2L336P__seed_8_1763344785
3973120,2-Training-Stats/learning_rate,0.00015075788542162627,Pong1PCB2L336P__seed_8_1763344785
3977216,2-Training-Stats/learning_rate,0.00015065546904224902,Pong1PCB2L336P__seed_8_1763344785
3981312,2-Training-Stats/learning_rate,0.00015055305266287178,Pong1PCB2L336P__seed_8_1763344785
3985408,2-Training-Stats/learning_rate,0.00015045063628349453,Pong1PCB2L336P__seed_8_1763344785
3989504,2-Training-Stats/learning_rate,0.00015034821990411729,Pong1PCB2L336P__seed_8_1763344785
3993600,2-Training-Stats/learning_rate,0.00015024580352474004,Pong1PCB2L336P__seed_8_1763344785
3997696,2-Training-Stats/learning_rate,0.0001501433871453628,Pong1PCB2L336P__seed_8_1763344785
4001792,2-Training-Stats/learning_rate,0.00015004097076598555,Pong1PCB2L336P__seed_8_1763344785
4005888,2-Training-Stats/learning_rate,0.0001499385543866083,Pong1PCB2L336P__seed_8_1763344785
4009984,2-Training-Stats/learning_rate,0.00014983613800723106,Pong1PCB2L336P__seed_8_1763344785
4014080,2-Training-Stats/learning_rate,0.0001497337216278538,Pong1PCB2L336P__seed_8_1763344785
4018176,2-Training-Stats/learning_rate,0.00014963130524847656,Pong1PCB2L336P__seed_8_1763344785
4022272,2-Training-Stats/learning_rate,0.00014952888886909932,Pong1PCB2L336P__seed_8_1763344785
4026368,2-Training-Stats/learning_rate,0.00014942645793780684,Pong1PCB2L336P__seed_8_1763344785
4030464,2-Training-Stats/learning_rate,0.0001493240415584296,Pong1PCB2L336P__seed_8_1763344785
4034560,2-Training-Stats/learning_rate,0.00014922162517905235,Pong1PCB2L336P__seed_8_1763344785
4038656,2-Training-Stats/learning_rate,0.0001491192087996751,Pong1PCB2L336P__seed_8_1763344785
4042752,2-Training-Stats/learning_rate,0.00014901679242029786,Pong1PCB2L336P__seed_8_1763344785
4046848,2-Training-Stats/learning_rate,0.00014891437604092062,Pong1PCB2L336P__seed_8_1763344785
4050944,2-Training-Stats/learning_rate,0.00014881195966154337,Pong1PCB2L336P__seed_8_1763344785
4055040,2-Training-Stats/learning_rate,0.00014870954328216612,Pong1PCB2L336P__seed_8_1763344785
4059136,2-Training-Stats/learning_rate,0.00014860712690278888,Pong1PCB2L336P__seed_8_1763344785
4063232,2-Training-Stats/learning_rate,0.00014850471052341163,Pong1PCB2L336P__seed_8_1763344785
4067328,2-Training-Stats/learning_rate,0.00014840229414403439,Pong1PCB2L336P__seed_8_1763344785
4071424,2-Training-Stats/learning_rate,0.00014829987776465714,Pong1PCB2L336P__seed_8_1763344785
4075520,2-Training-Stats/learning_rate,0.0001481974613852799,Pong1PCB2L336P__seed_8_1763344785
4079616,2-Training-Stats/learning_rate,0.00014809504500590265,Pong1PCB2L336P__seed_8_1763344785
4083712,2-Training-Stats/learning_rate,0.0001479926286265254,Pong1PCB2L336P__seed_8_1763344785
4087808,2-Training-Stats/learning_rate,0.00014789021224714816,Pong1PCB2L336P__seed_8_1763344785
4091904,2-Training-Stats/learning_rate,0.0001477877958677709,Pong1PCB2L336P__seed_8_1763344785
4096000,2-Training-Stats/learning_rate,0.00014768537948839366,Pong1PCB2L336P__seed_8_1763344785
4100096,2-Training-Stats/learning_rate,0.00014758296310901642,Pong1PCB2L336P__seed_8_1763344785
4104192,2-Training-Stats/learning_rate,0.00014748054672963917,Pong1PCB2L336P__seed_8_1763344785
4108288,2-Training-Stats/learning_rate,0.00014737813035026193,Pong1PCB2L336P__seed_8_1763344785
4112384,2-Training-Stats/learning_rate,0.00014727569941896945,Pong1PCB2L336P__seed_8_1763344785
4116480,2-Training-Stats/learning_rate,0.0001471732830395922,Pong1PCB2L336P__seed_8_1763344785
4120576,2-Training-Stats/learning_rate,0.00014707086666021496,Pong1PCB2L336P__seed_8_1763344785
4124672,2-Training-Stats/learning_rate,0.00014696845028083771,Pong1PCB2L336P__seed_8_1763344785
4128768,2-Training-Stats/learning_rate,0.00014686603390146047,Pong1PCB2L336P__seed_8_1763344785
4132864,2-Training-Stats/learning_rate,0.00014676361752208322,Pong1PCB2L336P__seed_8_1763344785
4136960,2-Training-Stats/learning_rate,0.00014666120114270598,Pong1PCB2L336P__seed_8_1763344785
4141056,2-Training-Stats/learning_rate,0.00014655878476332873,Pong1PCB2L336P__seed_8_1763344785
4145152,2-Training-Stats/learning_rate,0.00014645636838395149,Pong1PCB2L336P__seed_8_1763344785
4149248,2-Training-Stats/learning_rate,0.00014635395200457424,Pong1PCB2L336P__seed_8_1763344785
4153344,2-Training-Stats/learning_rate,0.000146251535625197,Pong1PCB2L336P__seed_8_1763344785
4157440,2-Training-Stats/learning_rate,0.00014614911924581975,Pong1PCB2L336P__seed_8_1763344785
4161536,2-Training-Stats/learning_rate,0.0001460467028664425,Pong1PCB2L336P__seed_8_1763344785
4165632,2-Training-Stats/learning_rate,0.00014594428648706526,Pong1PCB2L336P__seed_8_1763344785
4169728,2-Training-Stats/learning_rate,0.000145841870107688,Pong1PCB2L336P__seed_8_1763344785
4173824,2-Training-Stats/learning_rate,0.00014573945372831076,Pong1PCB2L336P__seed_8_1763344785
4177920,2-Training-Stats/learning_rate,0.00014563703734893352,Pong1PCB2L336P__seed_8_1763344785
4182016,2-Training-Stats/learning_rate,0.00014553462096955627,Pong1PCB2L336P__seed_8_1763344785
4186112,2-Training-Stats/learning_rate,0.00014543220459017903,Pong1PCB2L336P__seed_8_1763344785
4190208,2-Training-Stats/learning_rate,0.00014532978821080178,Pong1PCB2L336P__seed_8_1763344785
4194304,2-Training-Stats/learning_rate,0.00014522737183142453,Pong1PCB2L336P__seed_8_1763344785
4198400,2-Training-Stats/learning_rate,0.0001451249554520473,Pong1PCB2L336P__seed_8_1763344785
4202496,2-Training-Stats/learning_rate,0.00014502252452075481,Pong1PCB2L336P__seed_8_1763344785
4206592,2-Training-Stats/learning_rate,0.00014492010814137757,Pong1PCB2L336P__seed_8_1763344785
4210688,2-Training-Stats/learning_rate,0.00014481769176200032,Pong1PCB2L336P__seed_8_1763344785
4214784,2-Training-Stats/learning_rate,0.00014471527538262308,Pong1PCB2L336P__seed_8_1763344785
4218880,2-Training-Stats/learning_rate,0.00014461285900324583,Pong1PCB2L336P__seed_8_1763344785
4222976,2-Training-Stats/learning_rate,0.00014451044262386858,Pong1PCB2L336P__seed_8_1763344785
4227072,2-Training-Stats/learning_rate,0.00014440802624449134,Pong1PCB2L336P__seed_8_1763344785
4231168,2-Training-Stats/learning_rate,0.0001443056098651141,Pong1PCB2L336P__seed_8_1763344785
4235264,2-Training-Stats/learning_rate,0.00014420319348573685,Pong1PCB2L336P__seed_8_1763344785
4239360,2-Training-Stats/learning_rate,0.0001441007771063596,Pong1PCB2L336P__seed_8_1763344785
4243456,2-Training-Stats/learning_rate,0.00014399836072698236,Pong1PCB2L336P__seed_8_1763344785
4247552,2-Training-Stats/learning_rate,0.0001438959443476051,Pong1PCB2L336P__seed_8_1763344785
4251648,2-Training-Stats/learning_rate,0.00014379352796822786,Pong1PCB2L336P__seed_8_1763344785
4255744,2-Training-Stats/learning_rate,0.00014369111158885062,Pong1PCB2L336P__seed_8_1763344785
4259840,2-Training-Stats/learning_rate,0.00014358869520947337,Pong1PCB2L336P__seed_8_1763344785
4263936,2-Training-Stats/learning_rate,0.00014348627883009613,Pong1PCB2L336P__seed_8_1763344785
4268032,2-Training-Stats/learning_rate,0.00014338386245071888,Pong1PCB2L336P__seed_8_1763344785
4272128,2-Training-Stats/learning_rate,0.00014328144607134163,Pong1PCB2L336P__seed_8_1763344785
4276224,2-Training-Stats/learning_rate,0.0001431790296919644,Pong1PCB2L336P__seed_8_1763344785
4280320,2-Training-Stats/learning_rate,0.00014307661331258714,Pong1PCB2L336P__seed_8_1763344785
4284416,2-Training-Stats/learning_rate,0.0001429741969332099,Pong1PCB2L336P__seed_8_1763344785
4288512,2-Training-Stats/learning_rate,0.00014287178055383265,Pong1PCB2L336P__seed_8_1763344785
4292608,2-Training-Stats/learning_rate,0.00014276934962254018,Pong1PCB2L336P__seed_8_1763344785
4296704,2-Training-Stats/learning_rate,0.00014266693324316293,Pong1PCB2L336P__seed_8_1763344785
4300800,2-Training-Stats/learning_rate,0.00014256451686378568,Pong1PCB2L336P__seed_8_1763344785
4304896,2-Training-Stats/learning_rate,0.00014246210048440844,Pong1PCB2L336P__seed_8_1763344785
4308992,2-Training-Stats/learning_rate,0.0001423596841050312,Pong1PCB2L336P__seed_8_1763344785
4313088,2-Training-Stats/learning_rate,0.00014225726772565395,Pong1PCB2L336P__seed_8_1763344785
4317184,2-Training-Stats/learning_rate,0.0001421548513462767,Pong1PCB2L336P__seed_8_1763344785
4321280,2-Training-Stats/learning_rate,0.00014205243496689945,Pong1PCB2L336P__seed_8_1763344785
4325376,2-Training-Stats/learning_rate,0.0001419500185875222,Pong1PCB2L336P__seed_8_1763344785
4329472,2-Training-Stats/learning_rate,0.00014184760220814496,Pong1PCB2L336P__seed_8_1763344785
4333568,2-Training-Stats/learning_rate,0.00014174518582876772,Pong1PCB2L336P__seed_8_1763344785
4337664,2-Training-Stats/learning_rate,0.00014164276944939047,Pong1PCB2L336P__seed_8_1763344785
4341760,2-Training-Stats/learning_rate,0.00014154035307001323,Pong1PCB2L336P__seed_8_1763344785
4345856,2-Training-Stats/learning_rate,0.00014143793669063598,Pong1PCB2L336P__seed_8_1763344785
4349952,2-Training-Stats/learning_rate,0.00014133552031125873,Pong1PCB2L336P__seed_8_1763344785
4354048,2-Training-Stats/learning_rate,0.0001412331039318815,Pong1PCB2L336P__seed_8_1763344785
4358144,2-Training-Stats/learning_rate,0.00014113068755250424,Pong1PCB2L336P__seed_8_1763344785
4362240,2-Training-Stats/learning_rate,0.000141028271173127,Pong1PCB2L336P__seed_8_1763344785
4366336,2-Training-Stats/learning_rate,0.00014092585479374975,Pong1PCB2L336P__seed_8_1763344785
4370432,2-Training-Stats/learning_rate,0.0001408234384143725,Pong1PCB2L336P__seed_8_1763344785
4374528,2-Training-Stats/learning_rate,0.00014072102203499526,Pong1PCB2L336P__seed_8_1763344785
4378624,2-Training-Stats/learning_rate,0.000140618605655618,Pong1PCB2L336P__seed_8_1763344785
4382720,2-Training-Stats/learning_rate,0.00014051617472432554,Pong1PCB2L336P__seed_8_1763344785
4386816,2-Training-Stats/learning_rate,0.0001404137583449483,Pong1PCB2L336P__seed_8_1763344785
4390912,2-Training-Stats/learning_rate,0.00014031134196557105,Pong1PCB2L336P__seed_8_1763344785
4395008,2-Training-Stats/learning_rate,0.0001402089255861938,Pong1PCB2L336P__seed_8_1763344785
4399104,2-Training-Stats/learning_rate,0.00014010650920681655,Pong1PCB2L336P__seed_8_1763344785
4403200,2-Training-Stats/learning_rate,0.0001400040928274393,Pong1PCB2L336P__seed_8_1763344785
4407296,2-Training-Stats/learning_rate,0.00013990167644806206,Pong1PCB2L336P__seed_8_1763344785
4411392,2-Training-Stats/learning_rate,0.00013979926006868482,Pong1PCB2L336P__seed_8_1763344785
4415488,2-Training-Stats/learning_rate,0.00013969684368930757,Pong1PCB2L336P__seed_8_1763344785
4419584,2-Training-Stats/learning_rate,0.00013959442730993032,Pong1PCB2L336P__seed_8_1763344785
4423680,2-Training-Stats/learning_rate,0.00013949201093055308,Pong1PCB2L336P__seed_8_1763344785
4427776,2-Training-Stats/learning_rate,0.00013938959455117583,Pong1PCB2L336P__seed_8_1763344785
4431872,2-Training-Stats/learning_rate,0.0001392871781717986,Pong1PCB2L336P__seed_8_1763344785
4435968,2-Training-Stats/learning_rate,0.00013918476179242134,Pong1PCB2L336P__seed_8_1763344785
4440064,2-Training-Stats/learning_rate,0.0001390823454130441,Pong1PCB2L336P__seed_8_1763344785
4444160,2-Training-Stats/learning_rate,0.00013897992903366685,Pong1PCB2L336P__seed_8_1763344785
4448256,2-Training-Stats/learning_rate,0.0001388775126542896,Pong1PCB2L336P__seed_8_1763344785
4452352,2-Training-Stats/learning_rate,0.00013877509627491236,Pong1PCB2L336P__seed_8_1763344785
4456448,2-Training-Stats/learning_rate,0.0001386726798955351,Pong1PCB2L336P__seed_8_1763344785
4460544,2-Training-Stats/learning_rate,0.00013857026351615787,Pong1PCB2L336P__seed_8_1763344785
4464640,2-Training-Stats/learning_rate,0.00013846784713678062,Pong1PCB2L336P__seed_8_1763344785
4468736,2-Training-Stats/learning_rate,0.00013836543075740337,Pong1PCB2L336P__seed_8_1763344785
4472832,2-Training-Stats/learning_rate,0.0001382629998261109,Pong1PCB2L336P__seed_8_1763344785
4476928,2-Training-Stats/learning_rate,0.00013816058344673365,Pong1PCB2L336P__seed_8_1763344785
4481024,2-Training-Stats/learning_rate,0.0001380581670673564,Pong1PCB2L336P__seed_8_1763344785
4485120,2-Training-Stats/learning_rate,0.00013795575068797916,Pong1PCB2L336P__seed_8_1763344785
4489216,2-Training-Stats/learning_rate,0.00013785333430860192,Pong1PCB2L336P__seed_8_1763344785
4493312,2-Training-Stats/learning_rate,0.00013775091792922467,Pong1PCB2L336P__seed_8_1763344785
4497408,2-Training-Stats/learning_rate,0.00013764850154984742,Pong1PCB2L336P__seed_8_1763344785
4501504,2-Training-Stats/learning_rate,0.00013754608517047018,Pong1PCB2L336P__seed_8_1763344785
4505600,2-Training-Stats/learning_rate,0.00013744366879109293,Pong1PCB2L336P__seed_8_1763344785
4509696,2-Training-Stats/learning_rate,0.00013734125241171569,Pong1PCB2L336P__seed_8_1763344785
4513792,2-Training-Stats/learning_rate,0.00013723883603233844,Pong1PCB2L336P__seed_8_1763344785
4517888,2-Training-Stats/learning_rate,0.0001371364196529612,Pong1PCB2L336P__seed_8_1763344785
4521984,2-Training-Stats/learning_rate,0.00013703400327358395,Pong1PCB2L336P__seed_8_1763344785
4526080,2-Training-Stats/learning_rate,0.0001369315868942067,Pong1PCB2L336P__seed_8_1763344785
4530176,2-Training-Stats/learning_rate,0.00013682917051482946,Pong1PCB2L336P__seed_8_1763344785
4534272,2-Training-Stats/learning_rate,0.0001367267541354522,Pong1PCB2L336P__seed_8_1763344785
4538368,2-Training-Stats/learning_rate,0.00013662433775607497,Pong1PCB2L336P__seed_8_1763344785
4542464,2-Training-Stats/learning_rate,0.00013652192137669772,Pong1PCB2L336P__seed_8_1763344785
4546560,2-Training-Stats/learning_rate,0.00013641950499732047,Pong1PCB2L336P__seed_8_1763344785
4550656,2-Training-Stats/learning_rate,0.00013631708861794323,Pong1PCB2L336P__seed_8_1763344785
4554752,2-Training-Stats/learning_rate,0.00013621467223856598,Pong1PCB2L336P__seed_8_1763344785
4558848,2-Training-Stats/learning_rate,0.00013611225585918874,Pong1PCB2L336P__seed_8_1763344785
4562944,2-Training-Stats/learning_rate,0.00013600982492789626,Pong1PCB2L336P__seed_8_1763344785
4567040,2-Training-Stats/learning_rate,0.00013590740854851902,Pong1PCB2L336P__seed_8_1763344785
4571136,2-Training-Stats/learning_rate,0.00013580499216914177,Pong1PCB2L336P__seed_8_1763344785
4575232,2-Training-Stats/learning_rate,0.00013570257578976452,Pong1PCB2L336P__seed_8_1763344785
4579328,2-Training-Stats/learning_rate,0.00013560015941038728,Pong1PCB2L336P__seed_8_1763344785
4583424,2-Training-Stats/learning_rate,0.00013549774303101003,Pong1PCB2L336P__seed_8_1763344785
4587520,2-Training-Stats/learning_rate,0.00013539532665163279,Pong1PCB2L336P__seed_8_1763344785
4591616,2-Training-Stats/learning_rate,0.00013529291027225554,Pong1PCB2L336P__seed_8_1763344785
4595712,2-Training-Stats/learning_rate,0.0001351904938928783,Pong1PCB2L336P__seed_8_1763344785
4599808,2-Training-Stats/learning_rate,0.00013508807751350105,Pong1PCB2L336P__seed_8_1763344785
4603904,2-Training-Stats/learning_rate,0.0001349856611341238,Pong1PCB2L336P__seed_8_1763344785
4608000,2-Training-Stats/learning_rate,0.00013488324475474656,Pong1PCB2L336P__seed_8_1763344785
4612096,2-Training-Stats/learning_rate,0.0001347808283753693,Pong1PCB2L336P__seed_8_1763344785
4616192,2-Training-Stats/learning_rate,0.00013467841199599206,Pong1PCB2L336P__seed_8_1763344785
4620288,2-Training-Stats/learning_rate,0.00013457599561661482,Pong1PCB2L336P__seed_8_1763344785
4624384,2-Training-Stats/learning_rate,0.00013447357923723757,Pong1PCB2L336P__seed_8_1763344785
4628480,2-Training-Stats/learning_rate,0.00013437116285786033,Pong1PCB2L336P__seed_8_1763344785
4632576,2-Training-Stats/learning_rate,0.00013426874647848308,Pong1PCB2L336P__seed_8_1763344785
4636672,2-Training-Stats/learning_rate,0.00013416633009910583,Pong1PCB2L336P__seed_8_1763344785
4640768,2-Training-Stats/learning_rate,0.0001340639137197286,Pong1PCB2L336P__seed_8_1763344785
4644864,2-Training-Stats/learning_rate,0.00013396149734035134,Pong1PCB2L336P__seed_8_1763344785
4648960,2-Training-Stats/learning_rate,0.0001338590809609741,Pong1PCB2L336P__seed_8_1763344785
4653056,2-Training-Stats/learning_rate,0.00013375665002968162,Pong1PCB2L336P__seed_8_1763344785
4657152,2-Training-Stats/learning_rate,0.00013365423365030438,Pong1PCB2L336P__seed_8_1763344785
4661248,2-Training-Stats/learning_rate,0.00013355181727092713,Pong1PCB2L336P__seed_8_1763344785
4665344,2-Training-Stats/learning_rate,0.00013344940089154989,Pong1PCB2L336P__seed_8_1763344785
4669440,2-Training-Stats/learning_rate,0.00013334698451217264,Pong1PCB2L336P__seed_8_1763344785
4673536,2-Training-Stats/learning_rate,0.0001332445681327954,Pong1PCB2L336P__seed_8_1763344785
4677632,2-Training-Stats/learning_rate,0.00013314215175341815,Pong1PCB2L336P__seed_8_1763344785
4681728,2-Training-Stats/learning_rate,0.0001330397353740409,Pong1PCB2L336P__seed_8_1763344785
4685824,2-Training-Stats/learning_rate,0.00013293731899466366,Pong1PCB2L336P__seed_8_1763344785
4689920,2-Training-Stats/learning_rate,0.0001328349026152864,Pong1PCB2L336P__seed_8_1763344785
4694016,2-Training-Stats/learning_rate,0.00013273248623590916,Pong1PCB2L336P__seed_8_1763344785
4698112,2-Training-Stats/learning_rate,0.00013263006985653192,Pong1PCB2L336P__seed_8_1763344785
4702208,2-Training-Stats/learning_rate,0.00013252765347715467,Pong1PCB2L336P__seed_8_1763344785
4706304,2-Training-Stats/learning_rate,0.00013242523709777743,Pong1PCB2L336P__seed_8_1763344785
4710400,2-Training-Stats/learning_rate,0.00013232282071840018,Pong1PCB2L336P__seed_8_1763344785
4714496,2-Training-Stats/learning_rate,0.00013222040433902293,Pong1PCB2L336P__seed_8_1763344785
4718592,2-Training-Stats/learning_rate,0.0001321179879596457,Pong1PCB2L336P__seed_8_1763344785
4722688,2-Training-Stats/learning_rate,0.00013201557158026844,Pong1PCB2L336P__seed_8_1763344785
4726784,2-Training-Stats/learning_rate,0.0001319131552008912,Pong1PCB2L336P__seed_8_1763344785
4730880,2-Training-Stats/learning_rate,0.00013181073882151395,Pong1PCB2L336P__seed_8_1763344785
4734976,2-Training-Stats/learning_rate,0.0001317083224421367,Pong1PCB2L336P__seed_8_1763344785
4739072,2-Training-Stats/learning_rate,0.00013160590606275946,Pong1PCB2L336P__seed_8_1763344785
4743168,2-Training-Stats/learning_rate,0.00013150347513146698,Pong1PCB2L336P__seed_8_1763344785
4747264,2-Training-Stats/learning_rate,0.00013140105875208974,Pong1PCB2L336P__seed_8_1763344785
4751360,2-Training-Stats/learning_rate,0.0001312986423727125,Pong1PCB2L336P__seed_8_1763344785
4755456,2-Training-Stats/learning_rate,0.00013119622599333525,Pong1PCB2L336P__seed_8_1763344785
4759552,2-Training-Stats/learning_rate,0.000131093809613958,Pong1PCB2L336P__seed_8_1763344785
4763648,2-Training-Stats/learning_rate,0.00013099139323458076,Pong1PCB2L336P__seed_8_1763344785
4767744,2-Training-Stats/learning_rate,0.0001308889768552035,Pong1PCB2L336P__seed_8_1763344785
4771840,2-Training-Stats/learning_rate,0.00013078656047582626,Pong1PCB2L336P__seed_8_1763344785
4775936,2-Training-Stats/learning_rate,0.00013068414409644902,Pong1PCB2L336P__seed_8_1763344785
4780032,2-Training-Stats/learning_rate,0.00013058172771707177,Pong1PCB2L336P__seed_8_1763344785
4784128,2-Training-Stats/learning_rate,0.00013047931133769453,Pong1PCB2L336P__seed_8_1763344785
4788224,2-Training-Stats/learning_rate,0.00013037689495831728,Pong1PCB2L336P__seed_8_1763344785
4792320,2-Training-Stats/learning_rate,0.00013027447857894003,Pong1PCB2L336P__seed_8_1763344785
4796416,2-Training-Stats/learning_rate,0.0001301720621995628,Pong1PCB2L336P__seed_8_1763344785
4800512,2-Training-Stats/learning_rate,0.00013006964582018554,Pong1PCB2L336P__seed_8_1763344785
4804608,2-Training-Stats/learning_rate,0.0001299672294408083,Pong1PCB2L336P__seed_8_1763344785
4808704,2-Training-Stats/learning_rate,0.00012986481306143105,Pong1PCB2L336P__seed_8_1763344785
4812800,2-Training-Stats/learning_rate,0.0001297623966820538,Pong1PCB2L336P__seed_8_1763344785
4816896,2-Training-Stats/learning_rate,0.00012965998030267656,Pong1PCB2L336P__seed_8_1763344785
4820992,2-Training-Stats/learning_rate,0.0001295575639232993,Pong1PCB2L336P__seed_8_1763344785
4825088,2-Training-Stats/learning_rate,0.00012945514754392207,Pong1PCB2L336P__seed_8_1763344785
4829184,2-Training-Stats/learning_rate,0.00012935273116454482,Pong1PCB2L336P__seed_8_1763344785
4833280,2-Training-Stats/learning_rate,0.00012925030023325235,Pong1PCB2L336P__seed_8_1763344785
4837376,2-Training-Stats/learning_rate,0.0001291478838538751,Pong1PCB2L336P__seed_8_1763344785
4841472,2-Training-Stats/learning_rate,0.00012904546747449785,Pong1PCB2L336P__seed_8_1763344785
4845568,2-Training-Stats/learning_rate,0.0001289430510951206,Pong1PCB2L336P__seed_8_1763344785
4849664,2-Training-Stats/learning_rate,0.00012884063471574336,Pong1PCB2L336P__seed_8_1763344785
4853760,2-Training-Stats/learning_rate,0.00012873821833636612,Pong1PCB2L336P__seed_8_1763344785
4857856,2-Training-Stats/learning_rate,0.00012863580195698887,Pong1PCB2L336P__seed_8_1763344785
4861952,2-Training-Stats/learning_rate,0.00012853338557761163,Pong1PCB2L336P__seed_8_1763344785
4866048,2-Training-Stats/learning_rate,0.00012843096919823438,Pong1PCB2L336P__seed_8_1763344785
4870144,2-Training-Stats/learning_rate,0.00012832855281885713,Pong1PCB2L336P__seed_8_1763344785
4874240,2-Training-Stats/learning_rate,0.0001282261364394799,Pong1PCB2L336P__seed_8_1763344785
4878336,2-Training-Stats/learning_rate,0.00012812372006010264,Pong1PCB2L336P__seed_8_1763344785
4882432,2-Training-Stats/learning_rate,0.0001280213036807254,Pong1PCB2L336P__seed_8_1763344785
4886528,2-Training-Stats/learning_rate,0.00012791888730134815,Pong1PCB2L336P__seed_8_1763344785
4890624,2-Training-Stats/learning_rate,0.0001278164709219709,Pong1PCB2L336P__seed_8_1763344785
4894720,2-Training-Stats/learning_rate,0.00012771405454259366,Pong1PCB2L336P__seed_8_1763344785
4898816,2-Training-Stats/learning_rate,0.0001276116381632164,Pong1PCB2L336P__seed_8_1763344785
4902912,2-Training-Stats/learning_rate,0.00012750922178383917,Pong1PCB2L336P__seed_8_1763344785
4907008,2-Training-Stats/learning_rate,0.00012740680540446192,Pong1PCB2L336P__seed_8_1763344785
4911104,2-Training-Stats/learning_rate,0.00012730438902508467,Pong1PCB2L336P__seed_8_1763344785
4915200,2-Training-Stats/learning_rate,0.00012720197264570743,Pong1PCB2L336P__seed_8_1763344785
4919296,2-Training-Stats/learning_rate,0.00012709955626633018,Pong1PCB2L336P__seed_8_1763344785
4923392,2-Training-Stats/learning_rate,0.0001269971253350377,Pong1PCB2L336P__seed_8_1763344785
4927488,2-Training-Stats/learning_rate,0.00012689470895566046,Pong1PCB2L336P__seed_8_1763344785
4931584,2-Training-Stats/learning_rate,0.00012679229257628322,Pong1PCB2L336P__seed_8_1763344785
4935680,2-Training-Stats/learning_rate,0.00012668987619690597,Pong1PCB2L336P__seed_8_1763344785
4939776,2-Training-Stats/learning_rate,0.00012658745981752872,Pong1PCB2L336P__seed_8_1763344785
4943872,2-Training-Stats/learning_rate,0.00012648504343815148,Pong1PCB2L336P__seed_8_1763344785
4947968,2-Training-Stats/learning_rate,0.00012638262705877423,Pong1PCB2L336P__seed_8_1763344785
4952064,2-Training-Stats/learning_rate,0.000126280210679397,Pong1PCB2L336P__seed_8_1763344785
4956160,2-Training-Stats/learning_rate,0.00012617779430001974,Pong1PCB2L336P__seed_8_1763344785
4960256,2-Training-Stats/learning_rate,0.0001260753779206425,Pong1PCB2L336P__seed_8_1763344785
4964352,2-Training-Stats/learning_rate,0.00012597296154126525,Pong1PCB2L336P__seed_8_1763344785
4968448,2-Training-Stats/learning_rate,0.000125870545161888,Pong1PCB2L336P__seed_8_1763344785
4972544,2-Training-Stats/learning_rate,0.00012576812878251076,Pong1PCB2L336P__seed_8_1763344785
4976640,2-Training-Stats/learning_rate,0.0001256657124031335,Pong1PCB2L336P__seed_8_1763344785
4980736,2-Training-Stats/learning_rate,0.00012556329602375627,Pong1PCB2L336P__seed_8_1763344785
4984832,2-Training-Stats/learning_rate,0.00012546087964437902,Pong1PCB2L336P__seed_8_1763344785
4988928,2-Training-Stats/learning_rate,0.00012535846326500177,Pong1PCB2L336P__seed_8_1763344785
4993024,2-Training-Stats/learning_rate,0.00012525604688562453,Pong1PCB2L336P__seed_8_1763344785
4997120,2-Training-Stats/learning_rate,0.00012515363050624728,Pong1PCB2L336P__seed_8_1763344785
5001216,2-Training-Stats/learning_rate,0.00012505121412687004,Pong1PCB2L336P__seed_8_1763344785
5005312,2-Training-Stats/learning_rate,0.0001249487977474928,Pong1PCB2L336P__seed_8_1763344785
5009408,2-Training-Stats/learning_rate,0.00012484638136811554,Pong1PCB2L336P__seed_8_1763344785
5013504,2-Training-Stats/learning_rate,0.00012474395043682307,Pong1PCB2L336P__seed_8_1763344785
5017600,2-Training-Stats/learning_rate,0.00012464153405744582,Pong1PCB2L336P__seed_8_1763344785
5021696,2-Training-Stats/learning_rate,0.00012453911767806858,Pong1PCB2L336P__seed_8_1763344785
5025792,2-Training-Stats/learning_rate,0.00012443670129869133,Pong1PCB2L336P__seed_8_1763344785
5029888,2-Training-Stats/learning_rate,0.00012433428491931409,Pong1PCB2L336P__seed_8_1763344785
5033984,2-Training-Stats/learning_rate,0.00012423186853993684,Pong1PCB2L336P__seed_8_1763344785
5038080,2-Training-Stats/learning_rate,0.0001241294521605596,Pong1PCB2L336P__seed_8_1763344785
5042176,2-Training-Stats/learning_rate,0.00012402703578118235,Pong1PCB2L336P__seed_8_1763344785
5046272,2-Training-Stats/learning_rate,0.0001239246194018051,Pong1PCB2L336P__seed_8_1763344785
5050368,2-Training-Stats/learning_rate,0.00012382220302242786,Pong1PCB2L336P__seed_8_1763344785
5054464,2-Training-Stats/learning_rate,0.0001237197866430506,Pong1PCB2L336P__seed_8_1763344785
5058560,2-Training-Stats/learning_rate,0.00012361737026367337,Pong1PCB2L336P__seed_8_1763344785
5062656,2-Training-Stats/learning_rate,0.00012351495388429612,Pong1PCB2L336P__seed_8_1763344785
5066752,2-Training-Stats/learning_rate,0.00012341253750491887,Pong1PCB2L336P__seed_8_1763344785
5070848,2-Training-Stats/learning_rate,0.00012331012112554163,Pong1PCB2L336P__seed_8_1763344785
5074944,2-Training-Stats/learning_rate,0.00012320770474616438,Pong1PCB2L336P__seed_8_1763344785
5079040,2-Training-Stats/learning_rate,0.00012310528836678714,Pong1PCB2L336P__seed_8_1763344785
5083136,2-Training-Stats/learning_rate,0.0001230028719874099,Pong1PCB2L336P__seed_8_1763344785
5087232,2-Training-Stats/learning_rate,0.00012290045560803264,Pong1PCB2L336P__seed_8_1763344785
5091328,2-Training-Stats/learning_rate,0.0001227980392286554,Pong1PCB2L336P__seed_8_1763344785
5095424,2-Training-Stats/learning_rate,0.00012269562284927815,Pong1PCB2L336P__seed_8_1763344785
5099520,2-Training-Stats/learning_rate,0.0001225932064699009,Pong1PCB2L336P__seed_8_1763344785
5103616,2-Training-Stats/learning_rate,0.00012249077553860843,Pong1PCB2L336P__seed_8_1763344785
5107712,2-Training-Stats/learning_rate,0.00012238835915923119,Pong1PCB2L336P__seed_8_1763344785
5111808,2-Training-Stats/learning_rate,0.00012228594277985394,Pong1PCB2L336P__seed_8_1763344785
5115904,2-Training-Stats/learning_rate,0.0001221835264004767,Pong1PCB2L336P__seed_8_1763344785
5120000,2-Training-Stats/learning_rate,0.00012208111002109945,Pong1PCB2L336P__seed_8_1763344785
5124096,2-Training-Stats/learning_rate,0.0001219786936417222,Pong1PCB2L336P__seed_8_1763344785
5128192,2-Training-Stats/learning_rate,0.00012187627726234496,Pong1PCB2L336P__seed_8_1763344785
5132288,2-Training-Stats/learning_rate,0.00012177386088296771,Pong1PCB2L336P__seed_8_1763344785
5136384,2-Training-Stats/learning_rate,0.00012167144450359046,Pong1PCB2L336P__seed_8_1763344785
5140480,2-Training-Stats/learning_rate,0.00012156902812421322,Pong1PCB2L336P__seed_8_1763344785
5144576,2-Training-Stats/learning_rate,0.00012146661174483597,Pong1PCB2L336P__seed_8_1763344785
5148672,2-Training-Stats/learning_rate,0.00012136419536545873,Pong1PCB2L336P__seed_8_1763344785
5152768,2-Training-Stats/learning_rate,0.00012126177898608148,Pong1PCB2L336P__seed_8_1763344785
5156864,2-Training-Stats/learning_rate,0.00012115936260670424,Pong1PCB2L336P__seed_8_1763344785
5160960,2-Training-Stats/learning_rate,0.00012105694622732699,Pong1PCB2L336P__seed_8_1763344785
5165056,2-Training-Stats/learning_rate,0.00012095452984794974,Pong1PCB2L336P__seed_8_1763344785
5169152,2-Training-Stats/learning_rate,0.00012085210619261488,Pong1PCB2L336P__seed_8_1763344785
5173248,2-Training-Stats/learning_rate,0.00012074968981323764,Pong1PCB2L336P__seed_8_1763344785
5177344,2-Training-Stats/learning_rate,0.00012064727343386039,Pong1PCB2L336P__seed_8_1763344785
5181440,2-Training-Stats/learning_rate,0.00012054485705448315,Pong1PCB2L336P__seed_8_1763344785
5185536,2-Training-Stats/learning_rate,0.0001204424406751059,Pong1PCB2L336P__seed_8_1763344785
5189632,2-Training-Stats/learning_rate,0.00012034002429572865,Pong1PCB2L336P__seed_8_1763344785
5193728,2-Training-Stats/learning_rate,0.00012023760791635141,Pong1PCB2L336P__seed_8_1763344785
5197824,2-Training-Stats/learning_rate,0.00012013519153697416,Pong1PCB2L336P__seed_8_1763344785
5201920,2-Training-Stats/learning_rate,0.00012003277515759692,Pong1PCB2L336P__seed_8_1763344785
5206016,2-Training-Stats/learning_rate,0.00011993035877821967,Pong1PCB2L336P__seed_8_1763344785
5210112,2-Training-Stats/learning_rate,0.00011982794239884242,Pong1PCB2L336P__seed_8_1763344785
5214208,2-Training-Stats/learning_rate,0.00011972551874350756,Pong1PCB2L336P__seed_8_1763344785
5218304,2-Training-Stats/learning_rate,0.00011962310236413032,Pong1PCB2L336P__seed_8_1763344785
5222400,2-Training-Stats/learning_rate,0.00011952068598475307,Pong1PCB2L336P__seed_8_1763344785
5226496,2-Training-Stats/learning_rate,0.00011941826960537583,Pong1PCB2L336P__seed_8_1763344785
5230592,2-Training-Stats/learning_rate,0.00011931585322599858,Pong1PCB2L336P__seed_8_1763344785
5234688,2-Training-Stats/learning_rate,0.00011921343684662133,Pong1PCB2L336P__seed_8_1763344785
5238784,2-Training-Stats/learning_rate,0.00011911102046724409,Pong1PCB2L336P__seed_8_1763344785
5242880,2-Training-Stats/learning_rate,0.00011900860408786684,Pong1PCB2L336P__seed_8_1763344785
5246976,2-Training-Stats/learning_rate,0.0001189061877084896,Pong1PCB2L336P__seed_8_1763344785
5251072,2-Training-Stats/learning_rate,0.00011880377132911235,Pong1PCB2L336P__seed_8_1763344785
5255168,2-Training-Stats/learning_rate,0.0001187013549497351,Pong1PCB2L336P__seed_8_1763344785
5259264,2-Training-Stats/learning_rate,0.00011859893129440024,Pong1PCB2L336P__seed_8_1763344785
5263360,2-Training-Stats/learning_rate,0.000118496514915023,Pong1PCB2L336P__seed_8_1763344785
5267456,2-Training-Stats/learning_rate,0.00011839409853564575,Pong1PCB2L336P__seed_8_1763344785
5271552,2-Training-Stats/learning_rate,0.00011829168215626851,Pong1PCB2L336P__seed_8_1763344785
5275648,2-Training-Stats/learning_rate,0.00011818926577689126,Pong1PCB2L336P__seed_8_1763344785
5279744,2-Training-Stats/learning_rate,0.00011808684939751402,Pong1PCB2L336P__seed_8_1763344785
5283840,2-Training-Stats/learning_rate,0.00011798443301813677,Pong1PCB2L336P__seed_8_1763344785
5287936,2-Training-Stats/learning_rate,0.00011788201663875952,Pong1PCB2L336P__seed_8_1763344785
5292032,2-Training-Stats/learning_rate,0.00011777960025938228,Pong1PCB2L336P__seed_8_1763344785
5296128,2-Training-Stats/learning_rate,0.00011767718388000503,Pong1PCB2L336P__seed_8_1763344785
5300224,2-Training-Stats/learning_rate,0.00011757476750062779,Pong1PCB2L336P__seed_8_1763344785
5304320,2-Training-Stats/learning_rate,0.00011747234384529293,Pong1PCB2L336P__seed_8_1763344785
5308416,2-Training-Stats/learning_rate,0.00011736992746591568,Pong1PCB2L336P__seed_8_1763344785
5312512,2-Training-Stats/learning_rate,0.00011726751108653843,Pong1PCB2L336P__seed_8_1763344785
5316608,2-Training-Stats/learning_rate,0.00011716509470716119,Pong1PCB2L336P__seed_8_1763344785
5320704,2-Training-Stats/learning_rate,0.00011706267832778394,Pong1PCB2L336P__seed_8_1763344785
5324800,2-Training-Stats/learning_rate,0.0001169602619484067,Pong1PCB2L336P__seed_8_1763344785
5328896,2-Training-Stats/learning_rate,0.00011685784556902945,Pong1PCB2L336P__seed_8_1763344785
5332992,2-Training-Stats/learning_rate,0.0001167554291896522,Pong1PCB2L336P__seed_8_1763344785
5337088,2-Training-Stats/learning_rate,0.00011665301281027496,Pong1PCB2L336P__seed_8_1763344785
5341184,2-Training-Stats/learning_rate,0.00011655059643089771,Pong1PCB2L336P__seed_8_1763344785
5345280,2-Training-Stats/learning_rate,0.00011644818005152047,Pong1PCB2L336P__seed_8_1763344785
5349376,2-Training-Stats/learning_rate,0.0001163457563961856,Pong1PCB2L336P__seed_8_1763344785
5353472,2-Training-Stats/learning_rate,0.00011624334001680836,Pong1PCB2L336P__seed_8_1763344785
5357568,2-Training-Stats/learning_rate,0.00011614092363743111,Pong1PCB2L336P__seed_8_1763344785
5361664,2-Training-Stats/learning_rate,0.00011603850725805387,Pong1PCB2L336P__seed_8_1763344785
5365760,2-Training-Stats/learning_rate,0.00011593609087867662,Pong1PCB2L336P__seed_8_1763344785
5369856,2-Training-Stats/learning_rate,0.00011583367449929938,Pong1PCB2L336P__seed_8_1763344785
5373952,2-Training-Stats/learning_rate,0.00011573125811992213,Pong1PCB2L336P__seed_8_1763344785
5378048,2-Training-Stats/learning_rate,0.00011562884174054489,Pong1PCB2L336P__seed_8_1763344785
5382144,2-Training-Stats/learning_rate,0.00011552642536116764,Pong1PCB2L336P__seed_8_1763344785
5386240,2-Training-Stats/learning_rate,0.0001154240089817904,Pong1PCB2L336P__seed_8_1763344785
5390336,2-Training-Stats/learning_rate,0.00011532159260241315,Pong1PCB2L336P__seed_8_1763344785
5394432,2-Training-Stats/learning_rate,0.00011521916894707829,Pong1PCB2L336P__seed_8_1763344785
5398528,2-Training-Stats/learning_rate,0.00011511675256770104,Pong1PCB2L336P__seed_8_1763344785
5402624,2-Training-Stats/learning_rate,0.0001150143361883238,Pong1PCB2L336P__seed_8_1763344785
5406720,2-Training-Stats/learning_rate,0.00011491191980894655,Pong1PCB2L336P__seed_8_1763344785
5410816,2-Training-Stats/learning_rate,0.0001148095034295693,Pong1PCB2L336P__seed_8_1763344785
5414912,2-Training-Stats/learning_rate,0.00011470708705019206,Pong1PCB2L336P__seed_8_1763344785
5419008,2-Training-Stats/learning_rate,0.00011460467067081481,Pong1PCB2L336P__seed_8_1763344785
5423104,2-Training-Stats/learning_rate,0.00011450225429143757,Pong1PCB2L336P__seed_8_1763344785
5427200,2-Training-Stats/learning_rate,0.00011439983791206032,Pong1PCB2L336P__seed_8_1763344785
5431296,2-Training-Stats/learning_rate,0.00011429742153268307,Pong1PCB2L336P__seed_8_1763344785
5435392,2-Training-Stats/learning_rate,0.00011419500515330583,Pong1PCB2L336P__seed_8_1763344785
5439488,2-Training-Stats/learning_rate,0.00011409258149797097,Pong1PCB2L336P__seed_8_1763344785
5443584,2-Training-Stats/learning_rate,0.00011399016511859372,Pong1PCB2L336P__seed_8_1763344785
5447680,2-Training-Stats/learning_rate,0.00011388774873921648,Pong1PCB2L336P__seed_8_1763344785
5451776,2-Training-Stats/learning_rate,0.00011378533235983923,Pong1PCB2L336P__seed_8_1763344785
5455872,2-Training-Stats/learning_rate,0.00011368291598046198,Pong1PCB2L336P__seed_8_1763344785
5459968,2-Training-Stats/learning_rate,0.00011358049960108474,Pong1PCB2L336P__seed_8_1763344785
5464064,2-Training-Stats/learning_rate,0.00011347808322170749,Pong1PCB2L336P__seed_8_1763344785
5468160,2-Training-Stats/learning_rate,0.00011337566684233025,Pong1PCB2L336P__seed_8_1763344785
5472256,2-Training-Stats/learning_rate,0.000113273250462953,Pong1PCB2L336P__seed_8_1763344785
5476352,2-Training-Stats/learning_rate,0.00011317083408357576,Pong1PCB2L336P__seed_8_1763344785
5480448,2-Training-Stats/learning_rate,0.00011306841770419851,Pong1PCB2L336P__seed_8_1763344785
5484544,2-Training-Stats/learning_rate,0.00011296599404886365,Pong1PCB2L336P__seed_8_1763344785
5488640,2-Training-Stats/learning_rate,0.0001128635776694864,Pong1PCB2L336P__seed_8_1763344785
5492736,2-Training-Stats/learning_rate,0.00011276116129010916,Pong1PCB2L336P__seed_8_1763344785
5496832,2-Training-Stats/learning_rate,0.00011265874491073191,Pong1PCB2L336P__seed_8_1763344785
5500928,2-Training-Stats/learning_rate,0.00011255632853135467,Pong1PCB2L336P__seed_8_1763344785
5505024,2-Training-Stats/learning_rate,0.00011245391215197742,Pong1PCB2L336P__seed_8_1763344785
5509120,2-Training-Stats/learning_rate,0.00011235149577260017,Pong1PCB2L336P__seed_8_1763344785
5513216,2-Training-Stats/learning_rate,0.00011224907939322293,Pong1PCB2L336P__seed_8_1763344785
5517312,2-Training-Stats/learning_rate,0.00011214666301384568,Pong1PCB2L336P__seed_8_1763344785
5521408,2-Training-Stats/learning_rate,0.00011204424663446844,Pong1PCB2L336P__seed_8_1763344785
5525504,2-Training-Stats/learning_rate,0.00011194183025509119,Pong1PCB2L336P__seed_8_1763344785
5529600,2-Training-Stats/learning_rate,0.00011183940659975633,Pong1PCB2L336P__seed_8_1763344785
5533696,2-Training-Stats/learning_rate,0.00011173699022037908,Pong1PCB2L336P__seed_8_1763344785
5537792,2-Training-Stats/learning_rate,0.00011163457384100184,Pong1PCB2L336P__seed_8_1763344785
5541888,2-Training-Stats/learning_rate,0.00011153215746162459,Pong1PCB2L336P__seed_8_1763344785
5545984,2-Training-Stats/learning_rate,0.00011142974108224735,Pong1PCB2L336P__seed_8_1763344785
5550080,2-Training-Stats/learning_rate,0.0001113273247028701,Pong1PCB2L336P__seed_8_1763344785
5554176,2-Training-Stats/learning_rate,0.00011122490832349285,Pong1PCB2L336P__seed_8_1763344785
5558272,2-Training-Stats/learning_rate,0.00011112249194411561,Pong1PCB2L336P__seed_8_1763344785
5562368,2-Training-Stats/learning_rate,0.00011102007556473836,Pong1PCB2L336P__seed_8_1763344785
5566464,2-Training-Stats/learning_rate,0.00011091765918536112,Pong1PCB2L336P__seed_8_1763344785
5570560,2-Training-Stats/learning_rate,0.00011081524280598387,Pong1PCB2L336P__seed_8_1763344785
5574656,2-Training-Stats/learning_rate,0.00011071281915064901,Pong1PCB2L336P__seed_8_1763344785
5578752,2-Training-Stats/learning_rate,0.00011061040277127177,Pong1PCB2L336P__seed_8_1763344785
5582848,2-Training-Stats/learning_rate,0.00011050798639189452,Pong1PCB2L336P__seed_8_1763344785
5586944,2-Training-Stats/learning_rate,0.00011040557001251727,Pong1PCB2L336P__seed_8_1763344785
5591040,2-Training-Stats/learning_rate,0.00011030315363314003,Pong1PCB2L336P__seed_8_1763344785
5595136,2-Training-Stats/learning_rate,0.00011020073725376278,Pong1PCB2L336P__seed_8_1763344785
5599232,2-Training-Stats/learning_rate,0.00011009832087438554,Pong1PCB2L336P__seed_8_1763344785
5603328,2-Training-Stats/learning_rate,0.00010999590449500829,Pong1PCB2L336P__seed_8_1763344785
5607424,2-Training-Stats/learning_rate,0.00010989348811563104,Pong1PCB2L336P__seed_8_1763344785
5611520,2-Training-Stats/learning_rate,0.0001097910717362538,Pong1PCB2L336P__seed_8_1763344785
5615616,2-Training-Stats/learning_rate,0.00010968865535687655,Pong1PCB2L336P__seed_8_1763344785
5619712,2-Training-Stats/learning_rate,0.00010958623170154169,Pong1PCB2L336P__seed_8_1763344785
5623808,2-Training-Stats/learning_rate,0.00010948381532216445,Pong1PCB2L336P__seed_8_1763344785
5627904,2-Training-Stats/learning_rate,0.0001093813989427872,Pong1PCB2L336P__seed_8_1763344785
5632000,2-Training-Stats/learning_rate,0.00010927898256340995,Pong1PCB2L336P__seed_8_1763344785
5636096,2-Training-Stats/learning_rate,0.00010917656618403271,Pong1PCB2L336P__seed_8_1763344785
5640192,2-Training-Stats/learning_rate,0.00010907414980465546,Pong1PCB2L336P__seed_8_1763344785
5644288,2-Training-Stats/learning_rate,0.00010897173342527822,Pong1PCB2L336P__seed_8_1763344785
5648384,2-Training-Stats/learning_rate,0.00010886931704590097,Pong1PCB2L336P__seed_8_1763344785
5652480,2-Training-Stats/learning_rate,0.00010876690066652372,Pong1PCB2L336P__seed_8_1763344785
5656576,2-Training-Stats/learning_rate,0.00010866448428714648,Pong1PCB2L336P__seed_8_1763344785
5660672,2-Training-Stats/learning_rate,0.00010856206790776923,Pong1PCB2L336P__seed_8_1763344785
5664768,2-Training-Stats/learning_rate,0.00010845964425243437,Pong1PCB2L336P__seed_8_1763344785
5668864,2-Training-Stats/learning_rate,0.00010835722787305713,Pong1PCB2L336P__seed_8_1763344785
5672960,2-Training-Stats/learning_rate,0.00010825481149367988,Pong1PCB2L336P__seed_8_1763344785
5677056,2-Training-Stats/learning_rate,0.00010815239511430264,Pong1PCB2L336P__seed_8_1763344785
5681152,2-Training-Stats/learning_rate,0.00010804997873492539,Pong1PCB2L336P__seed_8_1763344785
5685248,2-Training-Stats/learning_rate,0.00010794756235554814,Pong1PCB2L336P__seed_8_1763344785
5689344,2-Training-Stats/learning_rate,0.0001078451459761709,Pong1PCB2L336P__seed_8_1763344785
5693440,2-Training-Stats/learning_rate,0.00010774272959679365,Pong1PCB2L336P__seed_8_1763344785
5697536,2-Training-Stats/learning_rate,0.0001076403132174164,Pong1PCB2L336P__seed_8_1763344785
5701632,2-Training-Stats/learning_rate,0.00010753789683803916,Pong1PCB2L336P__seed_8_1763344785
5705728,2-Training-Stats/learning_rate,0.00010743548045866191,Pong1PCB2L336P__seed_8_1763344785
5709824,2-Training-Stats/learning_rate,0.00010733305680332705,Pong1PCB2L336P__seed_8_1763344785
5713920,2-Training-Stats/learning_rate,0.00010723064042394981,Pong1PCB2L336P__seed_8_1763344785
5718016,2-Training-Stats/learning_rate,0.00010712822404457256,Pong1PCB2L336P__seed_8_1763344785
5722112,2-Training-Stats/learning_rate,0.00010702580766519532,Pong1PCB2L336P__seed_8_1763344785
5726208,2-Training-Stats/learning_rate,0.00010692339128581807,Pong1PCB2L336P__seed_8_1763344785
5730304,2-Training-Stats/learning_rate,0.00010682097490644082,Pong1PCB2L336P__seed_8_1763344785
5734400,2-Training-Stats/learning_rate,0.00010671855852706358,Pong1PCB2L336P__seed_8_1763344785
5738496,2-Training-Stats/learning_rate,0.00010661614214768633,Pong1PCB2L336P__seed_8_1763344785
5742592,2-Training-Stats/learning_rate,0.00010651372576830909,Pong1PCB2L336P__seed_8_1763344785
5746688,2-Training-Stats/learning_rate,0.00010641130938893184,Pong1PCB2L336P__seed_8_1763344785
5750784,2-Training-Stats/learning_rate,0.0001063088930095546,Pong1PCB2L336P__seed_8_1763344785
5754880,2-Training-Stats/learning_rate,0.00010620646935421973,Pong1PCB2L336P__seed_8_1763344785
5758976,2-Training-Stats/learning_rate,0.00010610405297484249,Pong1PCB2L336P__seed_8_1763344785
5763072,2-Training-Stats/learning_rate,0.00010600163659546524,Pong1PCB2L336P__seed_8_1763344785
5767168,2-Training-Stats/learning_rate,0.000105899220216088,Pong1PCB2L336P__seed_8_1763344785
5771264,2-Training-Stats/learning_rate,0.00010579680383671075,Pong1PCB2L336P__seed_8_1763344785
5775360,2-Training-Stats/learning_rate,0.0001056943874573335,Pong1PCB2L336P__seed_8_1763344785
5779456,2-Training-Stats/learning_rate,0.00010559197107795626,Pong1PCB2L336P__seed_8_1763344785
5783552,2-Training-Stats/learning_rate,0.00010548955469857901,Pong1PCB2L336P__seed_8_1763344785
5787648,2-Training-Stats/learning_rate,0.00010538713831920177,Pong1PCB2L336P__seed_8_1763344785
5791744,2-Training-Stats/learning_rate,0.00010528472193982452,Pong1PCB2L336P__seed_8_1763344785
5795840,2-Training-Stats/learning_rate,0.00010518230556044728,Pong1PCB2L336P__seed_8_1763344785
5799936,2-Training-Stats/learning_rate,0.00010507988190511242,Pong1PCB2L336P__seed_8_1763344785
5804032,2-Training-Stats/learning_rate,0.00010497746552573517,Pong1PCB2L336P__seed_8_1763344785
5808128,2-Training-Stats/learning_rate,0.00010487504914635792,Pong1PCB2L336P__seed_8_1763344785
5812224,2-Training-Stats/learning_rate,0.00010477263276698068,Pong1PCB2L336P__seed_8_1763344785
5816320,2-Training-Stats/learning_rate,0.00010467021638760343,Pong1PCB2L336P__seed_8_1763344785
5820416,2-Training-Stats/learning_rate,0.00010456780000822619,Pong1PCB2L336P__seed_8_1763344785
5824512,2-Training-Stats/learning_rate,0.00010446538362884894,Pong1PCB2L336P__seed_8_1763344785
5828608,2-Training-Stats/learning_rate,0.0001043629672494717,Pong1PCB2L336P__seed_8_1763344785
5832704,2-Training-Stats/learning_rate,0.00010426055087009445,Pong1PCB2L336P__seed_8_1763344785
5836800,2-Training-Stats/learning_rate,0.0001041581344907172,Pong1PCB2L336P__seed_8_1763344785
5840896,2-Training-Stats/learning_rate,0.00010405571811133996,Pong1PCB2L336P__seed_8_1763344785
5844992,2-Training-Stats/learning_rate,0.0001039532944560051,Pong1PCB2L336P__seed_8_1763344785
5849088,2-Training-Stats/learning_rate,0.00010385087807662785,Pong1PCB2L336P__seed_8_1763344785
5853184,2-Training-Stats/learning_rate,0.0001037484616972506,Pong1PCB2L336P__seed_8_1763344785
5857280,2-Training-Stats/learning_rate,0.00010364604531787336,Pong1PCB2L336P__seed_8_1763344785
5861376,2-Training-Stats/learning_rate,0.00010354362893849611,Pong1PCB2L336P__seed_8_1763344785
5865472,2-Training-Stats/learning_rate,0.00010344121255911887,Pong1PCB2L336P__seed_8_1763344785
5869568,2-Training-Stats/learning_rate,0.00010333879617974162,Pong1PCB2L336P__seed_8_1763344785
5873664,2-Training-Stats/learning_rate,0.00010323637980036438,Pong1PCB2L336P__seed_8_1763344785
5877760,2-Training-Stats/learning_rate,0.00010313396342098713,Pong1PCB2L336P__seed_8_1763344785
5881856,2-Training-Stats/learning_rate,0.00010303154704160988,Pong1PCB2L336P__seed_8_1763344785
5885952,2-Training-Stats/learning_rate,0.00010292913066223264,Pong1PCB2L336P__seed_8_1763344785
5890048,2-Training-Stats/learning_rate,0.00010282670700689778,Pong1PCB2L336P__seed_8_1763344785
5894144,2-Training-Stats/learning_rate,0.00010272429062752053,Pong1PCB2L336P__seed_8_1763344785
5898240,2-Training-Stats/learning_rate,0.00010262187424814329,Pong1PCB2L336P__seed_8_1763344785
5902336,2-Training-Stats/learning_rate,0.00010251945786876604,Pong1PCB2L336P__seed_8_1763344785
5906432,2-Training-Stats/learning_rate,0.0001024170414893888,Pong1PCB2L336P__seed_8_1763344785
5910528,2-Training-Stats/learning_rate,0.00010231462511001155,Pong1PCB2L336P__seed_8_1763344785
5914624,2-Training-Stats/learning_rate,0.0001022122087306343,Pong1PCB2L336P__seed_8_1763344785
5918720,2-Training-Stats/learning_rate,0.00010210979235125706,Pong1PCB2L336P__seed_8_1763344785
5922816,2-Training-Stats/learning_rate,0.00010200737597187981,Pong1PCB2L336P__seed_8_1763344785
5926912,2-Training-Stats/learning_rate,0.00010190495959250256,Pong1PCB2L336P__seed_8_1763344785
5931008,2-Training-Stats/learning_rate,0.00010180254321312532,Pong1PCB2L336P__seed_8_1763344785
5935104,2-Training-Stats/learning_rate,0.00010170011955779046,Pong1PCB2L336P__seed_8_1763344785
5939200,2-Training-Stats/learning_rate,0.00010159770317841321,Pong1PCB2L336P__seed_8_1763344785
5943296,2-Training-Stats/learning_rate,0.00010149528679903597,Pong1PCB2L336P__seed_8_1763344785
5947392,2-Training-Stats/learning_rate,0.00010139287041965872,Pong1PCB2L336P__seed_8_1763344785
5951488,2-Training-Stats/learning_rate,0.00010129045404028147,Pong1PCB2L336P__seed_8_1763344785
5955584,2-Training-Stats/learning_rate,0.00010118803766090423,Pong1PCB2L336P__seed_8_1763344785
5959680,2-Training-Stats/learning_rate,0.00010108562128152698,Pong1PCB2L336P__seed_8_1763344785
5963776,2-Training-Stats/learning_rate,0.00010098320490214974,Pong1PCB2L336P__seed_8_1763344785
5967872,2-Training-Stats/learning_rate,0.00010088078852277249,Pong1PCB2L336P__seed_8_1763344785
5971968,2-Training-Stats/learning_rate,0.00010077837214339525,Pong1PCB2L336P__seed_8_1763344785
5976064,2-Training-Stats/learning_rate,0.000100675955764018,Pong1PCB2L336P__seed_8_1763344785
5980160,2-Training-Stats/learning_rate,0.00010057353210868314,Pong1PCB2L336P__seed_8_1763344785
5984256,2-Training-Stats/learning_rate,0.00010047111572930589,Pong1PCB2L336P__seed_8_1763344785
5988352,2-Training-Stats/learning_rate,0.00010036869934992865,Pong1PCB2L336P__seed_8_1763344785
5992448,2-Training-Stats/learning_rate,0.0001002662829705514,Pong1PCB2L336P__seed_8_1763344785
5996544,2-Training-Stats/learning_rate,0.00010016386659117416,Pong1PCB2L336P__seed_8_1763344785
6000640,2-Training-Stats/learning_rate,0.00010006145021179691,Pong1PCB2L336P__seed_8_1763344785
6004736,2-Training-Stats/learning_rate,9.995903383241966e-05,Pong1PCB2L336P__seed_8_1763344785
6008832,2-Training-Stats/learning_rate,9.985661745304242e-05,Pong1PCB2L336P__seed_8_1763344785
6012928,2-Training-Stats/learning_rate,9.975420107366517e-05,Pong1PCB2L336P__seed_8_1763344785
6017024,2-Training-Stats/learning_rate,9.965178469428793e-05,Pong1PCB2L336P__seed_8_1763344785
6021120,2-Training-Stats/learning_rate,9.954936831491068e-05,Pong1PCB2L336P__seed_8_1763344785
6025216,2-Training-Stats/learning_rate,9.944694465957582e-05,Pong1PCB2L336P__seed_8_1763344785
6029312,2-Training-Stats/learning_rate,9.934452828019857e-05,Pong1PCB2L336P__seed_8_1763344785
6033408,2-Training-Stats/learning_rate,9.924211190082133e-05,Pong1PCB2L336P__seed_8_1763344785
6037504,2-Training-Stats/learning_rate,9.913969552144408e-05,Pong1PCB2L336P__seed_8_1763344785
6041600,2-Training-Stats/learning_rate,9.903727914206684e-05,Pong1PCB2L336P__seed_8_1763344785
6045696,2-Training-Stats/learning_rate,9.893486276268959e-05,Pong1PCB2L336P__seed_8_1763344785
6049792,2-Training-Stats/learning_rate,9.883244638331234e-05,Pong1PCB2L336P__seed_8_1763344785
6053888,2-Training-Stats/learning_rate,9.87300300039351e-05,Pong1PCB2L336P__seed_8_1763344785
6057984,2-Training-Stats/learning_rate,9.862761362455785e-05,Pong1PCB2L336P__seed_8_1763344785
6062080,2-Training-Stats/learning_rate,9.852519724518061e-05,Pong1PCB2L336P__seed_8_1763344785
6066176,2-Training-Stats/learning_rate,9.842278086580336e-05,Pong1PCB2L336P__seed_8_1763344785
6070272,2-Training-Stats/learning_rate,9.83203572104685e-05,Pong1PCB2L336P__seed_8_1763344785
6074368,2-Training-Stats/learning_rate,9.821794083109125e-05,Pong1PCB2L336P__seed_8_1763344785
6078464,2-Training-Stats/learning_rate,9.811552445171401e-05,Pong1PCB2L336P__seed_8_1763344785
6082560,2-Training-Stats/learning_rate,9.801310807233676e-05,Pong1PCB2L336P__seed_8_1763344785
6086656,2-Training-Stats/learning_rate,9.791069169295952e-05,Pong1PCB2L336P__seed_8_1763344785
6090752,2-Training-Stats/learning_rate,9.780827531358227e-05,Pong1PCB2L336P__seed_8_1763344785
6094848,2-Training-Stats/learning_rate,9.770585893420503e-05,Pong1PCB2L336P__seed_8_1763344785
6098944,2-Training-Stats/learning_rate,9.760344255482778e-05,Pong1PCB2L336P__seed_8_1763344785
6103040,2-Training-Stats/learning_rate,9.750102617545053e-05,Pong1PCB2L336P__seed_8_1763344785
6107136,2-Training-Stats/learning_rate,9.739860979607329e-05,Pong1PCB2L336P__seed_8_1763344785
6111232,2-Training-Stats/learning_rate,9.729619341669604e-05,Pong1PCB2L336P__seed_8_1763344785
6115328,2-Training-Stats/learning_rate,9.719376976136118e-05,Pong1PCB2L336P__seed_8_1763344785
6119424,2-Training-Stats/learning_rate,9.709135338198394e-05,Pong1PCB2L336P__seed_8_1763344785
6123520,2-Training-Stats/learning_rate,9.698893700260669e-05,Pong1PCB2L336P__seed_8_1763344785
6127616,2-Training-Stats/learning_rate,9.688652062322944e-05,Pong1PCB2L336P__seed_8_1763344785
6131712,2-Training-Stats/learning_rate,9.67841042438522e-05,Pong1PCB2L336P__seed_8_1763344785
6135808,2-Training-Stats/learning_rate,9.668168786447495e-05,Pong1PCB2L336P__seed_8_1763344785
6139904,2-Training-Stats/learning_rate,9.65792714850977e-05,Pong1PCB2L336P__seed_8_1763344785
6144000,2-Training-Stats/learning_rate,9.647685510572046e-05,Pong1PCB2L336P__seed_8_1763344785
6148096,2-Training-Stats/learning_rate,9.637443872634321e-05,Pong1PCB2L336P__seed_8_1763344785
6152192,2-Training-Stats/learning_rate,9.627202234696597e-05,Pong1PCB2L336P__seed_8_1763344785
6156288,2-Training-Stats/learning_rate,9.616960596758872e-05,Pong1PCB2L336P__seed_8_1763344785
6160384,2-Training-Stats/learning_rate,9.606718231225386e-05,Pong1PCB2L336P__seed_8_1763344785
6164480,2-Training-Stats/learning_rate,9.596476593287662e-05,Pong1PCB2L336P__seed_8_1763344785
6168576,2-Training-Stats/learning_rate,9.586234955349937e-05,Pong1PCB2L336P__seed_8_1763344785
6172672,2-Training-Stats/learning_rate,9.575993317412212e-05,Pong1PCB2L336P__seed_8_1763344785
6176768,2-Training-Stats/learning_rate,9.565751679474488e-05,Pong1PCB2L336P__seed_8_1763344785
6180864,2-Training-Stats/learning_rate,9.555510041536763e-05,Pong1PCB2L336P__seed_8_1763344785
6184960,2-Training-Stats/learning_rate,9.545268403599039e-05,Pong1PCB2L336P__seed_8_1763344785
6189056,2-Training-Stats/learning_rate,9.535026765661314e-05,Pong1PCB2L336P__seed_8_1763344785
6193152,2-Training-Stats/learning_rate,9.52478512772359e-05,Pong1PCB2L336P__seed_8_1763344785
6197248,2-Training-Stats/learning_rate,9.514543489785865e-05,Pong1PCB2L336P__seed_8_1763344785
6201344,2-Training-Stats/learning_rate,9.50430185184814e-05,Pong1PCB2L336P__seed_8_1763344785
6205440,2-Training-Stats/learning_rate,9.494059486314654e-05,Pong1PCB2L336P__seed_8_1763344785
6209536,2-Training-Stats/learning_rate,9.48381784837693e-05,Pong1PCB2L336P__seed_8_1763344785
6213632,2-Training-Stats/learning_rate,9.473576210439205e-05,Pong1PCB2L336P__seed_8_1763344785
6217728,2-Training-Stats/learning_rate,9.46333457250148e-05,Pong1PCB2L336P__seed_8_1763344785
6221824,2-Training-Stats/learning_rate,9.453092934563756e-05,Pong1PCB2L336P__seed_8_1763344785
6225920,2-Training-Stats/learning_rate,9.442851296626031e-05,Pong1PCB2L336P__seed_8_1763344785
6230016,2-Training-Stats/learning_rate,9.432609658688307e-05,Pong1PCB2L336P__seed_8_1763344785
6234112,2-Training-Stats/learning_rate,9.422368020750582e-05,Pong1PCB2L336P__seed_8_1763344785
6238208,2-Training-Stats/learning_rate,9.412126382812858e-05,Pong1PCB2L336P__seed_8_1763344785
6242304,2-Training-Stats/learning_rate,9.401884744875133e-05,Pong1PCB2L336P__seed_8_1763344785
6246400,2-Training-Stats/learning_rate,9.391643106937408e-05,Pong1PCB2L336P__seed_8_1763344785
6250496,2-Training-Stats/learning_rate,9.381400741403922e-05,Pong1PCB2L336P__seed_8_1763344785
6254592,2-Training-Stats/learning_rate,9.371159103466198e-05,Pong1PCB2L336P__seed_8_1763344785
6258688,2-Training-Stats/learning_rate,9.360917465528473e-05,Pong1PCB2L336P__seed_8_1763344785
6262784,2-Training-Stats/learning_rate,9.350675827590749e-05,Pong1PCB2L336P__seed_8_1763344785
6266880,2-Training-Stats/learning_rate,9.340434189653024e-05,Pong1PCB2L336P__seed_8_1763344785
6270976,2-Training-Stats/learning_rate,9.3301925517153e-05,Pong1PCB2L336P__seed_8_1763344785
6275072,2-Training-Stats/learning_rate,9.319950913777575e-05,Pong1PCB2L336P__seed_8_1763344785
6279168,2-Training-Stats/learning_rate,9.30970927583985e-05,Pong1PCB2L336P__seed_8_1763344785
6283264,2-Training-Stats/learning_rate,9.299467637902126e-05,Pong1PCB2L336P__seed_8_1763344785
6287360,2-Training-Stats/learning_rate,9.289225999964401e-05,Pong1PCB2L336P__seed_8_1763344785
6291456,2-Training-Stats/learning_rate,9.278984362026677e-05,Pong1PCB2L336P__seed_8_1763344785
6295552,2-Training-Stats/learning_rate,9.26874199649319e-05,Pong1PCB2L336P__seed_8_1763344785
6299648,2-Training-Stats/learning_rate,9.258500358555466e-05,Pong1PCB2L336P__seed_8_1763344785
6303744,2-Training-Stats/learning_rate,9.248258720617741e-05,Pong1PCB2L336P__seed_8_1763344785
6307840,2-Training-Stats/learning_rate,9.238017082680017e-05,Pong1PCB2L336P__seed_8_1763344785
6311936,2-Training-Stats/learning_rate,9.227775444742292e-05,Pong1PCB2L336P__seed_8_1763344785
6316032,2-Training-Stats/learning_rate,9.217533806804568e-05,Pong1PCB2L336P__seed_8_1763344785
6320128,2-Training-Stats/learning_rate,9.207292168866843e-05,Pong1PCB2L336P__seed_8_1763344785
6324224,2-Training-Stats/learning_rate,9.197050530929118e-05,Pong1PCB2L336P__seed_8_1763344785
6328320,2-Training-Stats/learning_rate,9.186808892991394e-05,Pong1PCB2L336P__seed_8_1763344785
6332416,2-Training-Stats/learning_rate,9.176567255053669e-05,Pong1PCB2L336P__seed_8_1763344785
6336512,2-Training-Stats/learning_rate,9.166325617115945e-05,Pong1PCB2L336P__seed_8_1763344785
6340608,2-Training-Stats/learning_rate,9.156083251582459e-05,Pong1PCB2L336P__seed_8_1763344785
6344704,2-Training-Stats/learning_rate,9.145841613644734e-05,Pong1PCB2L336P__seed_8_1763344785
6348800,2-Training-Stats/learning_rate,9.13559997570701e-05,Pong1PCB2L336P__seed_8_1763344785
6352896,2-Training-Stats/learning_rate,9.125358337769285e-05,Pong1PCB2L336P__seed_8_1763344785
6356992,2-Training-Stats/learning_rate,9.11511669983156e-05,Pong1PCB2L336P__seed_8_1763344785
6361088,2-Training-Stats/learning_rate,9.104875061893836e-05,Pong1PCB2L336P__seed_8_1763344785
6365184,2-Training-Stats/learning_rate,9.094633423956111e-05,Pong1PCB2L336P__seed_8_1763344785
6369280,2-Training-Stats/learning_rate,9.084391786018386e-05,Pong1PCB2L336P__seed_8_1763344785
6373376,2-Training-Stats/learning_rate,9.074150148080662e-05,Pong1PCB2L336P__seed_8_1763344785
6377472,2-Training-Stats/learning_rate,9.063908510142937e-05,Pong1PCB2L336P__seed_8_1763344785
6381568,2-Training-Stats/learning_rate,9.053666872205213e-05,Pong1PCB2L336P__seed_8_1763344785
6385664,2-Training-Stats/learning_rate,9.043424506671727e-05,Pong1PCB2L336P__seed_8_1763344785
6389760,2-Training-Stats/learning_rate,9.033182868734002e-05,Pong1PCB2L336P__seed_8_1763344785
6393856,2-Training-Stats/learning_rate,9.022941230796278e-05,Pong1PCB2L336P__seed_8_1763344785
6397952,2-Training-Stats/learning_rate,9.012699592858553e-05,Pong1PCB2L336P__seed_8_1763344785
6402048,2-Training-Stats/learning_rate,9.002457954920828e-05,Pong1PCB2L336P__seed_8_1763344785
6406144,2-Training-Stats/learning_rate,8.992216316983104e-05,Pong1PCB2L336P__seed_8_1763344785
6410240,2-Training-Stats/learning_rate,8.981974679045379e-05,Pong1PCB2L336P__seed_8_1763344785
6414336,2-Training-Stats/learning_rate,8.971733041107655e-05,Pong1PCB2L336P__seed_8_1763344785
6418432,2-Training-Stats/learning_rate,8.96149140316993e-05,Pong1PCB2L336P__seed_8_1763344785
6422528,2-Training-Stats/learning_rate,8.951249765232205e-05,Pong1PCB2L336P__seed_8_1763344785
6426624,2-Training-Stats/learning_rate,8.941008127294481e-05,Pong1PCB2L336P__seed_8_1763344785
6430720,2-Training-Stats/learning_rate,8.930765761760995e-05,Pong1PCB2L336P__seed_8_1763344785
6434816,2-Training-Stats/learning_rate,8.92052412382327e-05,Pong1PCB2L336P__seed_8_1763344785
6438912,2-Training-Stats/learning_rate,8.910282485885546e-05,Pong1PCB2L336P__seed_8_1763344785
6443008,2-Training-Stats/learning_rate,8.900040847947821e-05,Pong1PCB2L336P__seed_8_1763344785
6447104,2-Training-Stats/learning_rate,8.889799210010096e-05,Pong1PCB2L336P__seed_8_1763344785
6451200,2-Training-Stats/learning_rate,8.879557572072372e-05,Pong1PCB2L336P__seed_8_1763344785
6455296,2-Training-Stats/learning_rate,8.869315934134647e-05,Pong1PCB2L336P__seed_8_1763344785
6459392,2-Training-Stats/learning_rate,8.859074296196923e-05,Pong1PCB2L336P__seed_8_1763344785
6463488,2-Training-Stats/learning_rate,8.848832658259198e-05,Pong1PCB2L336P__seed_8_1763344785
6467584,2-Training-Stats/learning_rate,8.838591020321473e-05,Pong1PCB2L336P__seed_8_1763344785
6471680,2-Training-Stats/learning_rate,8.828349382383749e-05,Pong1PCB2L336P__seed_8_1763344785
6475776,2-Training-Stats/learning_rate,8.818107016850263e-05,Pong1PCB2L336P__seed_8_1763344785
6479872,2-Training-Stats/learning_rate,8.807865378912538e-05,Pong1PCB2L336P__seed_8_1763344785
6483968,2-Training-Stats/learning_rate,8.797623740974814e-05,Pong1PCB2L336P__seed_8_1763344785
6488064,2-Training-Stats/learning_rate,8.787382103037089e-05,Pong1PCB2L336P__seed_8_1763344785
6492160,2-Training-Stats/learning_rate,8.777140465099365e-05,Pong1PCB2L336P__seed_8_1763344785
6496256,2-Training-Stats/learning_rate,8.76689882716164e-05,Pong1PCB2L336P__seed_8_1763344785
6500352,2-Training-Stats/learning_rate,8.756657189223915e-05,Pong1PCB2L336P__seed_8_1763344785
6504448,2-Training-Stats/learning_rate,8.746415551286191e-05,Pong1PCB2L336P__seed_8_1763344785
6508544,2-Training-Stats/learning_rate,8.736173913348466e-05,Pong1PCB2L336P__seed_8_1763344785
6512640,2-Training-Stats/learning_rate,8.725932275410742e-05,Pong1PCB2L336P__seed_8_1763344785
6516736,2-Training-Stats/learning_rate,8.715690637473017e-05,Pong1PCB2L336P__seed_8_1763344785
6520832,2-Training-Stats/learning_rate,8.705448271939531e-05,Pong1PCB2L336P__seed_8_1763344785
6524928,2-Training-Stats/learning_rate,8.695206634001806e-05,Pong1PCB2L336P__seed_8_1763344785
6529024,2-Training-Stats/learning_rate,8.684964996064082e-05,Pong1PCB2L336P__seed_8_1763344785
6533120,2-Training-Stats/learning_rate,8.674723358126357e-05,Pong1PCB2L336P__seed_8_1763344785
6537216,2-Training-Stats/learning_rate,8.664481720188633e-05,Pong1PCB2L336P__seed_8_1763344785
6541312,2-Training-Stats/learning_rate,8.654240082250908e-05,Pong1PCB2L336P__seed_8_1763344785
6545408,2-Training-Stats/learning_rate,8.643998444313183e-05,Pong1PCB2L336P__seed_8_1763344785
6549504,2-Training-Stats/learning_rate,8.633756806375459e-05,Pong1PCB2L336P__seed_8_1763344785
6553600,2-Training-Stats/learning_rate,8.623515168437734e-05,Pong1PCB2L336P__seed_8_1763344785
6557696,2-Training-Stats/learning_rate,8.61327353050001e-05,Pong1PCB2L336P__seed_8_1763344785
6561792,2-Training-Stats/learning_rate,8.603031892562285e-05,Pong1PCB2L336P__seed_8_1763344785
6565888,2-Training-Stats/learning_rate,8.592789527028799e-05,Pong1PCB2L336P__seed_8_1763344785
6569984,2-Training-Stats/learning_rate,8.582547889091074e-05,Pong1PCB2L336P__seed_8_1763344785
6574080,2-Training-Stats/learning_rate,8.57230625115335e-05,Pong1PCB2L336P__seed_8_1763344785
6578176,2-Training-Stats/learning_rate,8.562064613215625e-05,Pong1PCB2L336P__seed_8_1763344785
6582272,2-Training-Stats/learning_rate,8.551822975277901e-05,Pong1PCB2L336P__seed_8_1763344785
6586368,2-Training-Stats/learning_rate,8.541581337340176e-05,Pong1PCB2L336P__seed_8_1763344785
6590464,2-Training-Stats/learning_rate,8.531339699402452e-05,Pong1PCB2L336P__seed_8_1763344785
6594560,2-Training-Stats/learning_rate,8.521098061464727e-05,Pong1PCB2L336P__seed_8_1763344785
6598656,2-Training-Stats/learning_rate,8.510856423527002e-05,Pong1PCB2L336P__seed_8_1763344785
6602752,2-Training-Stats/learning_rate,8.500614785589278e-05,Pong1PCB2L336P__seed_8_1763344785
6606848,2-Training-Stats/learning_rate,8.490373147651553e-05,Pong1PCB2L336P__seed_8_1763344785
6610944,2-Training-Stats/learning_rate,8.480130782118067e-05,Pong1PCB2L336P__seed_8_1763344785
6615040,2-Training-Stats/learning_rate,8.469889144180343e-05,Pong1PCB2L336P__seed_8_1763344785
6619136,2-Training-Stats/learning_rate,8.459647506242618e-05,Pong1PCB2L336P__seed_8_1763344785
6623232,2-Training-Stats/learning_rate,8.449405868304893e-05,Pong1PCB2L336P__seed_8_1763344785
6627328,2-Training-Stats/learning_rate,8.439164230367169e-05,Pong1PCB2L336P__seed_8_1763344785
6631424,2-Training-Stats/learning_rate,8.428922592429444e-05,Pong1PCB2L336P__seed_8_1763344785
6635520,2-Training-Stats/learning_rate,8.41868095449172e-05,Pong1PCB2L336P__seed_8_1763344785
6639616,2-Training-Stats/learning_rate,8.408439316553995e-05,Pong1PCB2L336P__seed_8_1763344785
6643712,2-Training-Stats/learning_rate,8.39819767861627e-05,Pong1PCB2L336P__seed_8_1763344785
6647808,2-Training-Stats/learning_rate,8.387956040678546e-05,Pong1PCB2L336P__seed_8_1763344785
6651904,2-Training-Stats/learning_rate,8.377714402740821e-05,Pong1PCB2L336P__seed_8_1763344785
6656000,2-Training-Stats/learning_rate,8.367472037207335e-05,Pong1PCB2L336P__seed_8_1763344785
6660096,2-Training-Stats/learning_rate,8.35723039926961e-05,Pong1PCB2L336P__seed_8_1763344785
6664192,2-Training-Stats/learning_rate,8.346988761331886e-05,Pong1PCB2L336P__seed_8_1763344785
6668288,2-Training-Stats/learning_rate,8.336747123394161e-05,Pong1PCB2L336P__seed_8_1763344785
6672384,2-Training-Stats/learning_rate,8.326505485456437e-05,Pong1PCB2L336P__seed_8_1763344785
6676480,2-Training-Stats/learning_rate,8.316263847518712e-05,Pong1PCB2L336P__seed_8_1763344785
6680576,2-Training-Stats/learning_rate,8.306022209580988e-05,Pong1PCB2L336P__seed_8_1763344785
6684672,2-Training-Stats/learning_rate,8.295780571643263e-05,Pong1PCB2L336P__seed_8_1763344785
6688768,2-Training-Stats/learning_rate,8.285538933705539e-05,Pong1PCB2L336P__seed_8_1763344785
6692864,2-Training-Stats/learning_rate,8.275297295767814e-05,Pong1PCB2L336P__seed_8_1763344785
6696960,2-Training-Stats/learning_rate,8.26505565783009e-05,Pong1PCB2L336P__seed_8_1763344785
6701056,2-Training-Stats/learning_rate,8.254813292296603e-05,Pong1PCB2L336P__seed_8_1763344785
6705152,2-Training-Stats/learning_rate,8.244571654358879e-05,Pong1PCB2L336P__seed_8_1763344785
6709248,2-Training-Stats/learning_rate,8.234330016421154e-05,Pong1PCB2L336P__seed_8_1763344785
6713344,2-Training-Stats/learning_rate,8.22408837848343e-05,Pong1PCB2L336P__seed_8_1763344785
6717440,2-Training-Stats/learning_rate,8.213846740545705e-05,Pong1PCB2L336P__seed_8_1763344785
6721536,2-Training-Stats/learning_rate,8.20360510260798e-05,Pong1PCB2L336P__seed_8_1763344785
6725632,2-Training-Stats/learning_rate,8.193363464670256e-05,Pong1PCB2L336P__seed_8_1763344785
6729728,2-Training-Stats/learning_rate,8.183121826732531e-05,Pong1PCB2L336P__seed_8_1763344785
6733824,2-Training-Stats/learning_rate,8.172880188794807e-05,Pong1PCB2L336P__seed_8_1763344785
6737920,2-Training-Stats/learning_rate,8.162638550857082e-05,Pong1PCB2L336P__seed_8_1763344785
6742016,2-Training-Stats/learning_rate,8.152396912919357e-05,Pong1PCB2L336P__seed_8_1763344785
6746112,2-Training-Stats/learning_rate,8.142154547385871e-05,Pong1PCB2L336P__seed_8_1763344785
6750208,2-Training-Stats/learning_rate,8.131912909448147e-05,Pong1PCB2L336P__seed_8_1763344785
6754304,2-Training-Stats/learning_rate,8.121671271510422e-05,Pong1PCB2L336P__seed_8_1763344785
6758400,2-Training-Stats/learning_rate,8.111429633572698e-05,Pong1PCB2L336P__seed_8_1763344785
6762496,2-Training-Stats/learning_rate,8.101187995634973e-05,Pong1PCB2L336P__seed_8_1763344785
6766592,2-Training-Stats/learning_rate,8.090946357697248e-05,Pong1PCB2L336P__seed_8_1763344785
6770688,2-Training-Stats/learning_rate,8.080704719759524e-05,Pong1PCB2L336P__seed_8_1763344785
6774784,2-Training-Stats/learning_rate,8.070463081821799e-05,Pong1PCB2L336P__seed_8_1763344785
6778880,2-Training-Stats/learning_rate,8.060221443884075e-05,Pong1PCB2L336P__seed_8_1763344785
6782976,2-Training-Stats/learning_rate,8.04997980594635e-05,Pong1PCB2L336P__seed_8_1763344785
6787072,2-Training-Stats/learning_rate,8.039738168008626e-05,Pong1PCB2L336P__seed_8_1763344785
6791168,2-Training-Stats/learning_rate,8.02949580247514e-05,Pong1PCB2L336P__seed_8_1763344785
6795264,2-Training-Stats/learning_rate,8.019254164537415e-05,Pong1PCB2L336P__seed_8_1763344785
6799360,2-Training-Stats/learning_rate,8.00901252659969e-05,Pong1PCB2L336P__seed_8_1763344785
6803456,2-Training-Stats/learning_rate,7.998770888661966e-05,Pong1PCB2L336P__seed_8_1763344785
6807552,2-Training-Stats/learning_rate,7.988529250724241e-05,Pong1PCB2L336P__seed_8_1763344785
6811648,2-Training-Stats/learning_rate,7.978287612786517e-05,Pong1PCB2L336P__seed_8_1763344785
6815744,2-Training-Stats/learning_rate,7.968045974848792e-05,Pong1PCB2L336P__seed_8_1763344785
6819840,2-Training-Stats/learning_rate,7.957804336911067e-05,Pong1PCB2L336P__seed_8_1763344785
6823936,2-Training-Stats/learning_rate,7.947562698973343e-05,Pong1PCB2L336P__seed_8_1763344785
6828032,2-Training-Stats/learning_rate,7.937321061035618e-05,Pong1PCB2L336P__seed_8_1763344785
6832128,2-Training-Stats/learning_rate,7.927079423097894e-05,Pong1PCB2L336P__seed_8_1763344785
6836224,2-Training-Stats/learning_rate,7.916837057564408e-05,Pong1PCB2L336P__seed_8_1763344785
6840320,2-Training-Stats/learning_rate,7.906595419626683e-05,Pong1PCB2L336P__seed_8_1763344785
6844416,2-Training-Stats/learning_rate,7.896353781688958e-05,Pong1PCB2L336P__seed_8_1763344785
6848512,2-Training-Stats/learning_rate,7.886112143751234e-05,Pong1PCB2L336P__seed_8_1763344785
6852608,2-Training-Stats/learning_rate,7.875870505813509e-05,Pong1PCB2L336P__seed_8_1763344785
6856704,2-Training-Stats/learning_rate,7.865628867875785e-05,Pong1PCB2L336P__seed_8_1763344785
6860800,2-Training-Stats/learning_rate,7.85538722993806e-05,Pong1PCB2L336P__seed_8_1763344785
6864896,2-Training-Stats/learning_rate,7.845145592000335e-05,Pong1PCB2L336P__seed_8_1763344785
6868992,2-Training-Stats/learning_rate,7.834903954062611e-05,Pong1PCB2L336P__seed_8_1763344785
6873088,2-Training-Stats/learning_rate,7.824662316124886e-05,Pong1PCB2L336P__seed_8_1763344785
6877184,2-Training-Stats/learning_rate,7.814420678187162e-05,Pong1PCB2L336P__seed_8_1763344785
6881280,2-Training-Stats/learning_rate,7.804178312653676e-05,Pong1PCB2L336P__seed_8_1763344785
6885376,2-Training-Stats/learning_rate,7.793936674715951e-05,Pong1PCB2L336P__seed_8_1763344785
6889472,2-Training-Stats/learning_rate,7.783695036778226e-05,Pong1PCB2L336P__seed_8_1763344785
6893568,2-Training-Stats/learning_rate,7.773453398840502e-05,Pong1PCB2L336P__seed_8_1763344785
6897664,2-Training-Stats/learning_rate,7.763211760902777e-05,Pong1PCB2L336P__seed_8_1763344785
6901760,2-Training-Stats/learning_rate,7.752970122965053e-05,Pong1PCB2L336P__seed_8_1763344785
6905856,2-Training-Stats/learning_rate,7.742728485027328e-05,Pong1PCB2L336P__seed_8_1763344785
6909952,2-Training-Stats/learning_rate,7.732486847089604e-05,Pong1PCB2L336P__seed_8_1763344785
6914048,2-Training-Stats/learning_rate,7.722245209151879e-05,Pong1PCB2L336P__seed_8_1763344785
6918144,2-Training-Stats/learning_rate,7.712003571214154e-05,Pong1PCB2L336P__seed_8_1763344785
6922240,2-Training-Stats/learning_rate,7.70176193327643e-05,Pong1PCB2L336P__seed_8_1763344785
6926336,2-Training-Stats/learning_rate,7.691519567742944e-05,Pong1PCB2L336P__seed_8_1763344785
6930432,2-Training-Stats/learning_rate,7.681277929805219e-05,Pong1PCB2L336P__seed_8_1763344785
6934528,2-Training-Stats/learning_rate,7.671036291867495e-05,Pong1PCB2L336P__seed_8_1763344785
6938624,2-Training-Stats/learning_rate,7.66079465392977e-05,Pong1PCB2L336P__seed_8_1763344785
6942720,2-Training-Stats/learning_rate,7.650553015992045e-05,Pong1PCB2L336P__seed_8_1763344785
6946816,2-Training-Stats/learning_rate,7.640311378054321e-05,Pong1PCB2L336P__seed_8_1763344785
6950912,2-Training-Stats/learning_rate,7.630069740116596e-05,Pong1PCB2L336P__seed_8_1763344785
6955008,2-Training-Stats/learning_rate,7.619828102178872e-05,Pong1PCB2L336P__seed_8_1763344785
6959104,2-Training-Stats/learning_rate,7.609586464241147e-05,Pong1PCB2L336P__seed_8_1763344785
6963200,2-Training-Stats/learning_rate,7.599344826303422e-05,Pong1PCB2L336P__seed_8_1763344785
6967296,2-Training-Stats/learning_rate,7.589103188365698e-05,Pong1PCB2L336P__seed_8_1763344785
6971392,2-Training-Stats/learning_rate,7.578860822832212e-05,Pong1PCB2L336P__seed_8_1763344785
6975488,2-Training-Stats/learning_rate,7.568619184894487e-05,Pong1PCB2L336P__seed_8_1763344785
6979584,2-Training-Stats/learning_rate,7.558377546956763e-05,Pong1PCB2L336P__seed_8_1763344785
6983680,2-Training-Stats/learning_rate,7.548135909019038e-05,Pong1PCB2L336P__seed_8_1763344785
6987776,2-Training-Stats/learning_rate,7.537894271081313e-05,Pong1PCB2L336P__seed_8_1763344785
6991872,2-Training-Stats/learning_rate,7.527652633143589e-05,Pong1PCB2L336P__seed_8_1763344785
6995968,2-Training-Stats/learning_rate,7.517410995205864e-05,Pong1PCB2L336P__seed_8_1763344785
7000064,2-Training-Stats/learning_rate,7.50716935726814e-05,Pong1PCB2L336P__seed_8_1763344785
7004160,2-Training-Stats/learning_rate,7.496927719330415e-05,Pong1PCB2L336P__seed_8_1763344785
7008256,2-Training-Stats/learning_rate,7.48668608139269e-05,Pong1PCB2L336P__seed_8_1763344785
7012352,2-Training-Stats/learning_rate,7.476444443454966e-05,Pong1PCB2L336P__seed_8_1763344785
7016448,2-Training-Stats/learning_rate,7.46620207792148e-05,Pong1PCB2L336P__seed_8_1763344785
7020544,2-Training-Stats/learning_rate,7.455960439983755e-05,Pong1PCB2L336P__seed_8_1763344785
7024640,2-Training-Stats/learning_rate,7.445718802046031e-05,Pong1PCB2L336P__seed_8_1763344785
7028736,2-Training-Stats/learning_rate,7.435477164108306e-05,Pong1PCB2L336P__seed_8_1763344785
7032832,2-Training-Stats/learning_rate,7.425235526170582e-05,Pong1PCB2L336P__seed_8_1763344785
7036928,2-Training-Stats/learning_rate,7.414993888232857e-05,Pong1PCB2L336P__seed_8_1763344785
7041024,2-Training-Stats/learning_rate,7.404752250295132e-05,Pong1PCB2L336P__seed_8_1763344785
7045120,2-Training-Stats/learning_rate,7.394510612357408e-05,Pong1PCB2L336P__seed_8_1763344785
7049216,2-Training-Stats/learning_rate,7.384268974419683e-05,Pong1PCB2L336P__seed_8_1763344785
7053312,2-Training-Stats/learning_rate,7.374027336481959e-05,Pong1PCB2L336P__seed_8_1763344785
7057408,2-Training-Stats/learning_rate,7.363784970948473e-05,Pong1PCB2L336P__seed_8_1763344785
7061504,2-Training-Stats/learning_rate,7.353543333010748e-05,Pong1PCB2L336P__seed_8_1763344785
7065600,2-Training-Stats/learning_rate,7.343301695073023e-05,Pong1PCB2L336P__seed_8_1763344785
7069696,2-Training-Stats/learning_rate,7.333060057135299e-05,Pong1PCB2L336P__seed_8_1763344785
7073792,2-Training-Stats/learning_rate,7.322818419197574e-05,Pong1PCB2L336P__seed_8_1763344785
7077888,2-Training-Stats/learning_rate,7.31257678125985e-05,Pong1PCB2L336P__seed_8_1763344785
7081984,2-Training-Stats/learning_rate,7.302335143322125e-05,Pong1PCB2L336P__seed_8_1763344785
7086080,2-Training-Stats/learning_rate,7.2920935053844e-05,Pong1PCB2L336P__seed_8_1763344785
7090176,2-Training-Stats/learning_rate,7.281851867446676e-05,Pong1PCB2L336P__seed_8_1763344785
7094272,2-Training-Stats/learning_rate,7.271610229508951e-05,Pong1PCB2L336P__seed_8_1763344785
7098368,2-Training-Stats/learning_rate,7.261368591571227e-05,Pong1PCB2L336P__seed_8_1763344785
7102464,2-Training-Stats/learning_rate,7.251126226037741e-05,Pong1PCB2L336P__seed_8_1763344785
7106560,2-Training-Stats/learning_rate,7.240884588100016e-05,Pong1PCB2L336P__seed_8_1763344785
7110656,2-Training-Stats/learning_rate,7.230642950162292e-05,Pong1PCB2L336P__seed_8_1763344785
7114752,2-Training-Stats/learning_rate,7.220401312224567e-05,Pong1PCB2L336P__seed_8_1763344785
7118848,2-Training-Stats/learning_rate,7.210159674286842e-05,Pong1PCB2L336P__seed_8_1763344785
7122944,2-Training-Stats/learning_rate,7.199918036349118e-05,Pong1PCB2L336P__seed_8_1763344785
7127040,2-Training-Stats/learning_rate,7.189676398411393e-05,Pong1PCB2L336P__seed_8_1763344785
7131136,2-Training-Stats/learning_rate,7.179434760473669e-05,Pong1PCB2L336P__seed_8_1763344785
7135232,2-Training-Stats/learning_rate,7.169193122535944e-05,Pong1PCB2L336P__seed_8_1763344785
7139328,2-Training-Stats/learning_rate,7.15895148459822e-05,Pong1PCB2L336P__seed_8_1763344785
7143424,2-Training-Stats/learning_rate,7.148709846660495e-05,Pong1PCB2L336P__seed_8_1763344785
7147520,2-Training-Stats/learning_rate,7.138467481127009e-05,Pong1PCB2L336P__seed_8_1763344785
7151616,2-Training-Stats/learning_rate,7.128225843189284e-05,Pong1PCB2L336P__seed_8_1763344785
7155712,2-Training-Stats/learning_rate,7.11798420525156e-05,Pong1PCB2L336P__seed_8_1763344785
7159808,2-Training-Stats/learning_rate,7.107742567313835e-05,Pong1PCB2L336P__seed_8_1763344785
7163904,2-Training-Stats/learning_rate,7.09750092937611e-05,Pong1PCB2L336P__seed_8_1763344785
7168000,2-Training-Stats/learning_rate,7.087259291438386e-05,Pong1PCB2L336P__seed_8_1763344785
7172096,2-Training-Stats/learning_rate,7.077017653500661e-05,Pong1PCB2L336P__seed_8_1763344785
7176192,2-Training-Stats/learning_rate,7.066776015562937e-05,Pong1PCB2L336P__seed_8_1763344785
7180288,2-Training-Stats/learning_rate,7.056534377625212e-05,Pong1PCB2L336P__seed_8_1763344785
7184384,2-Training-Stats/learning_rate,7.046292739687487e-05,Pong1PCB2L336P__seed_8_1763344785
7188480,2-Training-Stats/learning_rate,7.036051101749763e-05,Pong1PCB2L336P__seed_8_1763344785
7192576,2-Training-Stats/learning_rate,7.025808736216277e-05,Pong1PCB2L336P__seed_8_1763344785
7196672,2-Training-Stats/learning_rate,7.015567098278552e-05,Pong1PCB2L336P__seed_8_1763344785
7200768,2-Training-Stats/learning_rate,7.005325460340828e-05,Pong1PCB2L336P__seed_8_1763344785
7204864,2-Training-Stats/learning_rate,6.995083822403103e-05,Pong1PCB2L336P__seed_8_1763344785
7208960,2-Training-Stats/learning_rate,6.984842184465379e-05,Pong1PCB2L336P__seed_8_1763344785
7213056,2-Training-Stats/learning_rate,6.974600546527654e-05,Pong1PCB2L336P__seed_8_1763344785
7217152,2-Training-Stats/learning_rate,6.96435890858993e-05,Pong1PCB2L336P__seed_8_1763344785
7221248,2-Training-Stats/learning_rate,6.954117270652205e-05,Pong1PCB2L336P__seed_8_1763344785
7225344,2-Training-Stats/learning_rate,6.94387563271448e-05,Pong1PCB2L336P__seed_8_1763344785
7229440,2-Training-Stats/learning_rate,6.933633994776756e-05,Pong1PCB2L336P__seed_8_1763344785
7233536,2-Training-Stats/learning_rate,6.923392356839031e-05,Pong1PCB2L336P__seed_8_1763344785
7237632,2-Training-Stats/learning_rate,6.913149991305545e-05,Pong1PCB2L336P__seed_8_1763344785
7241728,2-Training-Stats/learning_rate,6.90290835336782e-05,Pong1PCB2L336P__seed_8_1763344785
7245824,2-Training-Stats/learning_rate,6.892666715430096e-05,Pong1PCB2L336P__seed_8_1763344785
7249920,2-Training-Stats/learning_rate,6.882425077492371e-05,Pong1PCB2L336P__seed_8_1763344785
7254016,2-Training-Stats/learning_rate,6.872183439554647e-05,Pong1PCB2L336P__seed_8_1763344785
7258112,2-Training-Stats/learning_rate,6.861941801616922e-05,Pong1PCB2L336P__seed_8_1763344785
7262208,2-Training-Stats/learning_rate,6.851700163679197e-05,Pong1PCB2L336P__seed_8_1763344785
7266304,2-Training-Stats/learning_rate,6.841458525741473e-05,Pong1PCB2L336P__seed_8_1763344785
7270400,2-Training-Stats/learning_rate,6.831216887803748e-05,Pong1PCB2L336P__seed_8_1763344785
7274496,2-Training-Stats/learning_rate,6.820975249866024e-05,Pong1PCB2L336P__seed_8_1763344785
7278592,2-Training-Stats/learning_rate,6.810733611928299e-05,Pong1PCB2L336P__seed_8_1763344785
7282688,2-Training-Stats/learning_rate,6.800491246394813e-05,Pong1PCB2L336P__seed_8_1763344785
7286784,2-Training-Stats/learning_rate,6.790249608457088e-05,Pong1PCB2L336P__seed_8_1763344785
7290880,2-Training-Stats/learning_rate,6.780007970519364e-05,Pong1PCB2L336P__seed_8_1763344785
7294976,2-Training-Stats/learning_rate,6.769766332581639e-05,Pong1PCB2L336P__seed_8_1763344785
7299072,2-Training-Stats/learning_rate,6.759524694643915e-05,Pong1PCB2L336P__seed_8_1763344785
7303168,2-Training-Stats/learning_rate,6.74928305670619e-05,Pong1PCB2L336P__seed_8_1763344785
7307264,2-Training-Stats/learning_rate,6.739041418768466e-05,Pong1PCB2L336P__seed_8_1763344785
7311360,2-Training-Stats/learning_rate,6.728799780830741e-05,Pong1PCB2L336P__seed_8_1763344785
7315456,2-Training-Stats/learning_rate,6.718558142893016e-05,Pong1PCB2L336P__seed_8_1763344785
7319552,2-Training-Stats/learning_rate,6.708316504955292e-05,Pong1PCB2L336P__seed_8_1763344785
7323648,2-Training-Stats/learning_rate,6.698074867017567e-05,Pong1PCB2L336P__seed_8_1763344785
7327744,2-Training-Stats/learning_rate,6.687832501484081e-05,Pong1PCB2L336P__seed_8_1763344785
7331840,2-Training-Stats/learning_rate,6.677590863546357e-05,Pong1PCB2L336P__seed_8_1763344785
7335936,2-Training-Stats/learning_rate,6.667349225608632e-05,Pong1PCB2L336P__seed_8_1763344785
7340032,2-Training-Stats/learning_rate,6.657107587670907e-05,Pong1PCB2L336P__seed_8_1763344785
7344128,2-Training-Stats/learning_rate,6.646865949733183e-05,Pong1PCB2L336P__seed_8_1763344785
7348224,2-Training-Stats/learning_rate,6.636624311795458e-05,Pong1PCB2L336P__seed_8_1763344785
7352320,2-Training-Stats/learning_rate,6.626382673857734e-05,Pong1PCB2L336P__seed_8_1763344785
7356416,2-Training-Stats/learning_rate,6.616141035920009e-05,Pong1PCB2L336P__seed_8_1763344785
7360512,2-Training-Stats/learning_rate,6.605899397982284e-05,Pong1PCB2L336P__seed_8_1763344785
7364608,2-Training-Stats/learning_rate,6.59565776004456e-05,Pong1PCB2L336P__seed_8_1763344785
7368704,2-Training-Stats/learning_rate,6.585416122106835e-05,Pong1PCB2L336P__seed_8_1763344785
7372800,2-Training-Stats/learning_rate,6.575173756573349e-05,Pong1PCB2L336P__seed_8_1763344785
7376896,2-Training-Stats/learning_rate,6.564932118635625e-05,Pong1PCB2L336P__seed_8_1763344785
7380992,2-Training-Stats/learning_rate,6.5546904806979e-05,Pong1PCB2L336P__seed_8_1763344785
7385088,2-Training-Stats/learning_rate,6.544448842760175e-05,Pong1PCB2L336P__seed_8_1763344785
7389184,2-Training-Stats/learning_rate,6.534207204822451e-05,Pong1PCB2L336P__seed_8_1763344785
7393280,2-Training-Stats/learning_rate,6.523965566884726e-05,Pong1PCB2L336P__seed_8_1763344785
7397376,2-Training-Stats/learning_rate,6.513723928947002e-05,Pong1PCB2L336P__seed_8_1763344785
7401472,2-Training-Stats/learning_rate,6.503482291009277e-05,Pong1PCB2L336P__seed_8_1763344785
7405568,2-Training-Stats/learning_rate,6.493240653071553e-05,Pong1PCB2L336P__seed_8_1763344785
7409664,2-Training-Stats/learning_rate,6.482999015133828e-05,Pong1PCB2L336P__seed_8_1763344785
7413760,2-Training-Stats/learning_rate,6.472757377196103e-05,Pong1PCB2L336P__seed_8_1763344785
7417856,2-Training-Stats/learning_rate,6.462515011662617e-05,Pong1PCB2L336P__seed_8_1763344785
7421952,2-Training-Stats/learning_rate,6.452273373724893e-05,Pong1PCB2L336P__seed_8_1763344785
7426048,2-Training-Stats/learning_rate,6.442031735787168e-05,Pong1PCB2L336P__seed_8_1763344785
7430144,2-Training-Stats/learning_rate,6.431790097849444e-05,Pong1PCB2L336P__seed_8_1763344785
7434240,2-Training-Stats/learning_rate,6.421548459911719e-05,Pong1PCB2L336P__seed_8_1763344785
7438336,2-Training-Stats/learning_rate,6.411306821973994e-05,Pong1PCB2L336P__seed_8_1763344785
7442432,2-Training-Stats/learning_rate,6.40106518403627e-05,Pong1PCB2L336P__seed_8_1763344785
7446528,2-Training-Stats/learning_rate,6.390823546098545e-05,Pong1PCB2L336P__seed_8_1763344785
7450624,2-Training-Stats/learning_rate,6.38058190816082e-05,Pong1PCB2L336P__seed_8_1763344785
7454720,2-Training-Stats/learning_rate,6.370340270223096e-05,Pong1PCB2L336P__seed_8_1763344785
7458816,2-Training-Stats/learning_rate,6.360098632285371e-05,Pong1PCB2L336P__seed_8_1763344785
7462912,2-Training-Stats/learning_rate,6.349856266751885e-05,Pong1PCB2L336P__seed_8_1763344785
7467008,2-Training-Stats/learning_rate,6.339614628814161e-05,Pong1PCB2L336P__seed_8_1763344785
7471104,2-Training-Stats/learning_rate,6.329372990876436e-05,Pong1PCB2L336P__seed_8_1763344785
7475200,2-Training-Stats/learning_rate,6.319131352938712e-05,Pong1PCB2L336P__seed_8_1763344785
7479296,2-Training-Stats/learning_rate,6.308889715000987e-05,Pong1PCB2L336P__seed_8_1763344785
7483392,2-Training-Stats/learning_rate,6.298648077063262e-05,Pong1PCB2L336P__seed_8_1763344785
7487488,2-Training-Stats/learning_rate,6.288406439125538e-05,Pong1PCB2L336P__seed_8_1763344785
7491584,2-Training-Stats/learning_rate,6.278164801187813e-05,Pong1PCB2L336P__seed_8_1763344785
7495680,2-Training-Stats/learning_rate,6.267923163250089e-05,Pong1PCB2L336P__seed_8_1763344785
7499776,2-Training-Stats/learning_rate,6.257681525312364e-05,Pong1PCB2L336P__seed_8_1763344785
7503872,2-Training-Stats/learning_rate,6.24743988737464e-05,Pong1PCB2L336P__seed_8_1763344785
7507968,2-Training-Stats/learning_rate,6.237197521841154e-05,Pong1PCB2L336P__seed_8_1763344785
7512064,2-Training-Stats/learning_rate,6.226955883903429e-05,Pong1PCB2L336P__seed_8_1763344785
7516160,2-Training-Stats/learning_rate,6.216714245965704e-05,Pong1PCB2L336P__seed_8_1763344785
7520256,2-Training-Stats/learning_rate,6.20647260802798e-05,Pong1PCB2L336P__seed_8_1763344785
7524352,2-Training-Stats/learning_rate,6.196230970090255e-05,Pong1PCB2L336P__seed_8_1763344785
7528448,2-Training-Stats/learning_rate,6.18598933215253e-05,Pong1PCB2L336P__seed_8_1763344785
7532544,2-Training-Stats/learning_rate,6.175747694214806e-05,Pong1PCB2L336P__seed_8_1763344785
7536640,2-Training-Stats/learning_rate,6.165506056277081e-05,Pong1PCB2L336P__seed_8_1763344785
7540736,2-Training-Stats/learning_rate,6.155264418339357e-05,Pong1PCB2L336P__seed_8_1763344785
7544832,2-Training-Stats/learning_rate,6.145022780401632e-05,Pong1PCB2L336P__seed_8_1763344785
7548928,2-Training-Stats/learning_rate,6.134781142463908e-05,Pong1PCB2L336P__seed_8_1763344785
7553024,2-Training-Stats/learning_rate,6.124538776930422e-05,Pong1PCB2L336P__seed_8_1763344785
7557120,2-Training-Stats/learning_rate,6.114297138992697e-05,Pong1PCB2L336P__seed_8_1763344785
7561216,2-Training-Stats/learning_rate,6.104055501054972e-05,Pong1PCB2L336P__seed_8_1763344785
7565312,2-Training-Stats/learning_rate,6.093813863117248e-05,Pong1PCB2L336P__seed_8_1763344785
7569408,2-Training-Stats/learning_rate,6.083572225179523e-05,Pong1PCB2L336P__seed_8_1763344785
7573504,2-Training-Stats/learning_rate,6.0733305872417986e-05,Pong1PCB2L336P__seed_8_1763344785
7577600,2-Training-Stats/learning_rate,6.063088949304074e-05,Pong1PCB2L336P__seed_8_1763344785
7581696,2-Training-Stats/learning_rate,6.0528473113663495e-05,Pong1PCB2L336P__seed_8_1763344785
7585792,2-Training-Stats/learning_rate,6.042605309630744e-05,Pong1PCB2L336P__seed_8_1763344785
7589888,2-Training-Stats/learning_rate,6.0323636716930196e-05,Pong1PCB2L336P__seed_8_1763344785
7593984,2-Training-Stats/learning_rate,6.022122033755295e-05,Pong1PCB2L336P__seed_8_1763344785
7598080,2-Training-Stats/learning_rate,6.0118803958175704e-05,Pong1PCB2L336P__seed_8_1763344785
7602176,2-Training-Stats/learning_rate,6.001638757879846e-05,Pong1PCB2L336P__seed_8_1763344785
7606272,2-Training-Stats/learning_rate,5.991397119942121e-05,Pong1PCB2L336P__seed_8_1763344785
7610368,2-Training-Stats/learning_rate,5.981155118206516e-05,Pong1PCB2L336P__seed_8_1763344785
7614464,2-Training-Stats/learning_rate,5.970913480268791e-05,Pong1PCB2L336P__seed_8_1763344785
7618560,2-Training-Stats/learning_rate,5.960671842331067e-05,Pong1PCB2L336P__seed_8_1763344785
7622656,2-Training-Stats/learning_rate,5.950430204393342e-05,Pong1PCB2L336P__seed_8_1763344785
7626752,2-Training-Stats/learning_rate,5.9401885664556175e-05,Pong1PCB2L336P__seed_8_1763344785
7630848,2-Training-Stats/learning_rate,5.929946564720012e-05,Pong1PCB2L336P__seed_8_1763344785
7634944,2-Training-Stats/learning_rate,5.9197049267822877e-05,Pong1PCB2L336P__seed_8_1763344785
7639040,2-Training-Stats/learning_rate,5.909463288844563e-05,Pong1PCB2L336P__seed_8_1763344785
7643136,2-Training-Stats/learning_rate,5.8992216509068385e-05,Pong1PCB2L336P__seed_8_1763344785
7647232,2-Training-Stats/learning_rate,5.888980012969114e-05,Pong1PCB2L336P__seed_8_1763344785
7651328,2-Training-Stats/learning_rate,5.878738375031389e-05,Pong1PCB2L336P__seed_8_1763344785
7655424,2-Training-Stats/learning_rate,5.868496373295784e-05,Pong1PCB2L336P__seed_8_1763344785
7659520,2-Training-Stats/learning_rate,5.8582547353580594e-05,Pong1PCB2L336P__seed_8_1763344785
7663616,2-Training-Stats/learning_rate,5.848013097420335e-05,Pong1PCB2L336P__seed_8_1763344785
7667712,2-Training-Stats/learning_rate,5.83777145948261e-05,Pong1PCB2L336P__seed_8_1763344785
7671808,2-Training-Stats/learning_rate,5.8275298215448856e-05,Pong1PCB2L336P__seed_8_1763344785
7675904,2-Training-Stats/learning_rate,5.81728781980928e-05,Pong1PCB2L336P__seed_8_1763344785
7680000,2-Training-Stats/learning_rate,5.807046181871556e-05,Pong1PCB2L336P__seed_8_1763344785
7684096,2-Training-Stats/learning_rate,5.796804543933831e-05,Pong1PCB2L336P__seed_8_1763344785
7688192,2-Training-Stats/learning_rate,5.7865629059961066e-05,Pong1PCB2L336P__seed_8_1763344785
7692288,2-Training-Stats/learning_rate,5.776321268058382e-05,Pong1PCB2L336P__seed_8_1763344785
7696384,2-Training-Stats/learning_rate,5.7660796301206574e-05,Pong1PCB2L336P__seed_8_1763344785
7700480,2-Training-Stats/learning_rate,5.755837628385052e-05,Pong1PCB2L336P__seed_8_1763344785
7704576,2-Training-Stats/learning_rate,5.7455959904473275e-05,Pong1PCB2L336P__seed_8_1763344785
7708672,2-Training-Stats/learning_rate,5.735354352509603e-05,Pong1PCB2L336P__seed_8_1763344785
7712768,2-Training-Stats/learning_rate,5.725112714571878e-05,Pong1PCB2L336P__seed_8_1763344785
7716864,2-Training-Stats/learning_rate,5.714871076634154e-05,Pong1PCB2L336P__seed_8_1763344785
7720960,2-Training-Stats/learning_rate,5.7046290748985484e-05,Pong1PCB2L336P__seed_8_1763344785
7725056,2-Training-Stats/learning_rate,5.694387436960824e-05,Pong1PCB2L336P__seed_8_1763344785
7729152,2-Training-Stats/learning_rate,5.684145799023099e-05,Pong1PCB2L336P__seed_8_1763344785
7733248,2-Training-Stats/learning_rate,5.6739041610853747e-05,Pong1PCB2L336P__seed_8_1763344785
7737344,2-Training-Stats/learning_rate,5.66366252314765e-05,Pong1PCB2L336P__seed_8_1763344785
7741440,2-Training-Stats/learning_rate,5.6534208852099255e-05,Pong1PCB2L336P__seed_8_1763344785
7745536,2-Training-Stats/learning_rate,5.64317888347432e-05,Pong1PCB2L336P__seed_8_1763344785
7749632,2-Training-Stats/learning_rate,5.6329372455365956e-05,Pong1PCB2L336P__seed_8_1763344785
7753728,2-Training-Stats/learning_rate,5.622695607598871e-05,Pong1PCB2L336P__seed_8_1763344785
7757824,2-Training-Stats/learning_rate,5.6124539696611464e-05,Pong1PCB2L336P__seed_8_1763344785
7761920,2-Training-Stats/learning_rate,5.602212331723422e-05,Pong1PCB2L336P__seed_8_1763344785
7766016,2-Training-Stats/learning_rate,5.5919703299878165e-05,Pong1PCB2L336P__seed_8_1763344785
7770112,2-Training-Stats/learning_rate,5.581728692050092e-05,Pong1PCB2L336P__seed_8_1763344785
7774208,2-Training-Stats/learning_rate,5.571487054112367e-05,Pong1PCB2L336P__seed_8_1763344785
7778304,2-Training-Stats/learning_rate,5.561245416174643e-05,Pong1PCB2L336P__seed_8_1763344785
7782400,2-Training-Stats/learning_rate,5.551003778236918e-05,Pong1PCB2L336P__seed_8_1763344785
7786496,2-Training-Stats/learning_rate,5.5407621402991936e-05,Pong1PCB2L336P__seed_8_1763344785
7790592,2-Training-Stats/learning_rate,5.530520138563588e-05,Pong1PCB2L336P__seed_8_1763344785
7794688,2-Training-Stats/learning_rate,5.520278500625864e-05,Pong1PCB2L336P__seed_8_1763344785
7798784,2-Training-Stats/learning_rate,5.510036862688139e-05,Pong1PCB2L336P__seed_8_1763344785
7802880,2-Training-Stats/learning_rate,5.4997952247504145e-05,Pong1PCB2L336P__seed_8_1763344785
7806976,2-Training-Stats/learning_rate,5.48955358681269e-05,Pong1PCB2L336P__seed_8_1763344785
7811072,2-Training-Stats/learning_rate,5.4793115850770846e-05,Pong1PCB2L336P__seed_8_1763344785
7815168,2-Training-Stats/learning_rate,5.46906994713936e-05,Pong1PCB2L336P__seed_8_1763344785
7819264,2-Training-Stats/learning_rate,5.4588283092016354e-05,Pong1PCB2L336P__seed_8_1763344785
7823360,2-Training-Stats/learning_rate,5.448586671263911e-05,Pong1PCB2L336P__seed_8_1763344785
7827456,2-Training-Stats/learning_rate,5.438345033326186e-05,Pong1PCB2L336P__seed_8_1763344785
7831552,2-Training-Stats/learning_rate,5.4281033953884616e-05,Pong1PCB2L336P__seed_8_1763344785
7835648,2-Training-Stats/learning_rate,5.4178613936528563e-05,Pong1PCB2L336P__seed_8_1763344785
7839744,2-Training-Stats/learning_rate,5.407619755715132e-05,Pong1PCB2L336P__seed_8_1763344785
7843840,2-Training-Stats/learning_rate,5.397378117777407e-05,Pong1PCB2L336P__seed_8_1763344785
7847936,2-Training-Stats/learning_rate,5.3871364798396826e-05,Pong1PCB2L336P__seed_8_1763344785
7852032,2-Training-Stats/learning_rate,5.376894841901958e-05,Pong1PCB2L336P__seed_8_1763344785
7856128,2-Training-Stats/learning_rate,5.366652840166353e-05,Pong1PCB2L336P__seed_8_1763344785
7860224,2-Training-Stats/learning_rate,5.356411202228628e-05,Pong1PCB2L336P__seed_8_1763344785
7864320,2-Training-Stats/learning_rate,5.3461695642909035e-05,Pong1PCB2L336P__seed_8_1763344785
7868416,2-Training-Stats/learning_rate,5.335927926353179e-05,Pong1PCB2L336P__seed_8_1763344785
7872512,2-Training-Stats/learning_rate,5.325686288415454e-05,Pong1PCB2L336P__seed_8_1763344785
7876608,2-Training-Stats/learning_rate,5.31544465047773e-05,Pong1PCB2L336P__seed_8_1763344785
7880704,2-Training-Stats/learning_rate,5.3052026487421244e-05,Pong1PCB2L336P__seed_8_1763344785
7884800,2-Training-Stats/learning_rate,5.2949610108044e-05,Pong1PCB2L336P__seed_8_1763344785
7888896,2-Training-Stats/learning_rate,5.284719372866675e-05,Pong1PCB2L336P__seed_8_1763344785
7892992,2-Training-Stats/learning_rate,5.274477734928951e-05,Pong1PCB2L336P__seed_8_1763344785
7897088,2-Training-Stats/learning_rate,5.264236096991226e-05,Pong1PCB2L336P__seed_8_1763344785
7901184,2-Training-Stats/learning_rate,5.253994095255621e-05,Pong1PCB2L336P__seed_8_1763344785
7905280,2-Training-Stats/learning_rate,5.243752457317896e-05,Pong1PCB2L336P__seed_8_1763344785
7909376,2-Training-Stats/learning_rate,5.2335108193801716e-05,Pong1PCB2L336P__seed_8_1763344785
7913472,2-Training-Stats/learning_rate,5.223269181442447e-05,Pong1PCB2L336P__seed_8_1763344785
7917568,2-Training-Stats/learning_rate,5.2130275435047224e-05,Pong1PCB2L336P__seed_8_1763344785
7921664,2-Training-Stats/learning_rate,5.202785905566998e-05,Pong1PCB2L336P__seed_8_1763344785
7925760,2-Training-Stats/learning_rate,5.1925439038313925e-05,Pong1PCB2L336P__seed_8_1763344785
7929856,2-Training-Stats/learning_rate,5.182302265893668e-05,Pong1PCB2L336P__seed_8_1763344785
7933952,2-Training-Stats/learning_rate,5.1720606279559433e-05,Pong1PCB2L336P__seed_8_1763344785
7938048,2-Training-Stats/learning_rate,5.161818990018219e-05,Pong1PCB2L336P__seed_8_1763344785
7942144,2-Training-Stats/learning_rate,5.151577352080494e-05,Pong1PCB2L336P__seed_8_1763344785
7946240,2-Training-Stats/learning_rate,5.141335350344889e-05,Pong1PCB2L336P__seed_8_1763344785
7950336,2-Training-Stats/learning_rate,5.131093712407164e-05,Pong1PCB2L336P__seed_8_1763344785
7954432,2-Training-Stats/learning_rate,5.12085207446944e-05,Pong1PCB2L336P__seed_8_1763344785
7958528,2-Training-Stats/learning_rate,5.110610436531715e-05,Pong1PCB2L336P__seed_8_1763344785
7962624,2-Training-Stats/learning_rate,5.1003687985939905e-05,Pong1PCB2L336P__seed_8_1763344785
7966720,2-Training-Stats/learning_rate,5.090127160656266e-05,Pong1PCB2L336P__seed_8_1763344785
7970816,2-Training-Stats/learning_rate,5.0798851589206606e-05,Pong1PCB2L336P__seed_8_1763344785
7974912,2-Training-Stats/learning_rate,5.069643520982936e-05,Pong1PCB2L336P__seed_8_1763344785
7979008,2-Training-Stats/learning_rate,5.0594018830452114e-05,Pong1PCB2L336P__seed_8_1763344785
7983104,2-Training-Stats/learning_rate,5.049160245107487e-05,Pong1PCB2L336P__seed_8_1763344785
7987200,2-Training-Stats/learning_rate,5.038918607169762e-05,Pong1PCB2L336P__seed_8_1763344785
7991296,2-Training-Stats/learning_rate,5.028676605434157e-05,Pong1PCB2L336P__seed_8_1763344785
7995392,2-Training-Stats/learning_rate,5.0184349674964324e-05,Pong1PCB2L336P__seed_8_1763344785
7999488,2-Training-Stats/learning_rate,5.008193329558708e-05,Pong1PCB2L336P__seed_8_1763344785
8003584,2-Training-Stats/learning_rate,4.997951691620983e-05,Pong1PCB2L336P__seed_8_1763344785
8007680,2-Training-Stats/learning_rate,4.9877100536832586e-05,Pong1PCB2L336P__seed_8_1763344785
8011776,2-Training-Stats/learning_rate,4.977468415745534e-05,Pong1PCB2L336P__seed_8_1763344785
8015872,2-Training-Stats/learning_rate,4.967226414009929e-05,Pong1PCB2L336P__seed_8_1763344785
8019968,2-Training-Stats/learning_rate,4.956984776072204e-05,Pong1PCB2L336P__seed_8_1763344785
8024064,2-Training-Stats/learning_rate,4.9467431381344795e-05,Pong1PCB2L336P__seed_8_1763344785
8028160,2-Training-Stats/learning_rate,4.936501500196755e-05,Pong1PCB2L336P__seed_8_1763344785
8032256,2-Training-Stats/learning_rate,4.9262598622590303e-05,Pong1PCB2L336P__seed_8_1763344785
8036352,2-Training-Stats/learning_rate,4.916017860523425e-05,Pong1PCB2L336P__seed_8_1763344785
8040448,2-Training-Stats/learning_rate,4.9057762225857005e-05,Pong1PCB2L336P__seed_8_1763344785
8044544,2-Training-Stats/learning_rate,4.895534584647976e-05,Pong1PCB2L336P__seed_8_1763344785
8048640,2-Training-Stats/learning_rate,4.885292946710251e-05,Pong1PCB2L336P__seed_8_1763344785
8052736,2-Training-Stats/learning_rate,4.875051308772527e-05,Pong1PCB2L336P__seed_8_1763344785
8056832,2-Training-Stats/learning_rate,4.864809670834802e-05,Pong1PCB2L336P__seed_8_1763344785
8060928,2-Training-Stats/learning_rate,4.854567669099197e-05,Pong1PCB2L336P__seed_8_1763344785
8065024,2-Training-Stats/learning_rate,4.844326031161472e-05,Pong1PCB2L336P__seed_8_1763344785
8069120,2-Training-Stats/learning_rate,4.8340843932237476e-05,Pong1PCB2L336P__seed_8_1763344785
8073216,2-Training-Stats/learning_rate,4.823842755286023e-05,Pong1PCB2L336P__seed_8_1763344785
8077312,2-Training-Stats/learning_rate,4.8136011173482984e-05,Pong1PCB2L336P__seed_8_1763344785
8081408,2-Training-Stats/learning_rate,4.803359115612693e-05,Pong1PCB2L336P__seed_8_1763344785
8085504,2-Training-Stats/learning_rate,4.7931174776749685e-05,Pong1PCB2L336P__seed_8_1763344785
8089600,2-Training-Stats/learning_rate,4.782875839737244e-05,Pong1PCB2L336P__seed_8_1763344785
8093696,2-Training-Stats/learning_rate,4.7726342017995194e-05,Pong1PCB2L336P__seed_8_1763344785
8097792,2-Training-Stats/learning_rate,4.762392563861795e-05,Pong1PCB2L336P__seed_8_1763344785
8101888,2-Training-Stats/learning_rate,4.75215092592407e-05,Pong1PCB2L336P__seed_8_1763344785
8105984,2-Training-Stats/learning_rate,4.741908924188465e-05,Pong1PCB2L336P__seed_8_1763344785
8110080,2-Training-Stats/learning_rate,4.73166728625074e-05,Pong1PCB2L336P__seed_8_1763344785
8114176,2-Training-Stats/learning_rate,4.721425648313016e-05,Pong1PCB2L336P__seed_8_1763344785
8118272,2-Training-Stats/learning_rate,4.711184010375291e-05,Pong1PCB2L336P__seed_8_1763344785
8122368,2-Training-Stats/learning_rate,4.7009423724375665e-05,Pong1PCB2L336P__seed_8_1763344785
8126464,2-Training-Stats/learning_rate,4.690700370701961e-05,Pong1PCB2L336P__seed_8_1763344785
8130560,2-Training-Stats/learning_rate,4.6804587327642366e-05,Pong1PCB2L336P__seed_8_1763344785
8134656,2-Training-Stats/learning_rate,4.670217094826512e-05,Pong1PCB2L336P__seed_8_1763344785
8138752,2-Training-Stats/learning_rate,4.6599754568887874e-05,Pong1PCB2L336P__seed_8_1763344785
8142848,2-Training-Stats/learning_rate,4.649733818951063e-05,Pong1PCB2L336P__seed_8_1763344785
8146944,2-Training-Stats/learning_rate,4.639492181013338e-05,Pong1PCB2L336P__seed_8_1763344785
8151040,2-Training-Stats/learning_rate,4.629250179277733e-05,Pong1PCB2L336P__seed_8_1763344785
8155136,2-Training-Stats/learning_rate,4.6190085413400084e-05,Pong1PCB2L336P__seed_8_1763344785
8159232,2-Training-Stats/learning_rate,4.608766903402284e-05,Pong1PCB2L336P__seed_8_1763344785
8163328,2-Training-Stats/learning_rate,4.598525265464559e-05,Pong1PCB2L336P__seed_8_1763344785
8167424,2-Training-Stats/learning_rate,4.5882836275268346e-05,Pong1PCB2L336P__seed_8_1763344785
8171520,2-Training-Stats/learning_rate,4.578041625791229e-05,Pong1PCB2L336P__seed_8_1763344785
8175616,2-Training-Stats/learning_rate,4.567799987853505e-05,Pong1PCB2L336P__seed_8_1763344785
8179712,2-Training-Stats/learning_rate,4.55755834991578e-05,Pong1PCB2L336P__seed_8_1763344785
8183808,2-Training-Stats/learning_rate,4.5473167119780555e-05,Pong1PCB2L336P__seed_8_1763344785
8187904,2-Training-Stats/learning_rate,4.537075074040331e-05,Pong1PCB2L336P__seed_8_1763344785
8192000,2-Training-Stats/learning_rate,4.5268334361026064e-05,Pong1PCB2L336P__seed_8_1763344785
8196096,2-Training-Stats/learning_rate,4.516591434367001e-05,Pong1PCB2L336P__seed_8_1763344785
8200192,2-Training-Stats/learning_rate,4.5063497964292765e-05,Pong1PCB2L336P__seed_8_1763344785
8204288,2-Training-Stats/learning_rate,4.496108158491552e-05,Pong1PCB2L336P__seed_8_1763344785
8208384,2-Training-Stats/learning_rate,4.485866520553827e-05,Pong1PCB2L336P__seed_8_1763344785
8212480,2-Training-Stats/learning_rate,4.475624882616103e-05,Pong1PCB2L336P__seed_8_1763344785
8216576,2-Training-Stats/learning_rate,4.4653828808804974e-05,Pong1PCB2L336P__seed_8_1763344785
8220672,2-Training-Stats/learning_rate,4.455141242942773e-05,Pong1PCB2L336P__seed_8_1763344785
8224768,2-Training-Stats/learning_rate,4.444899605005048e-05,Pong1PCB2L336P__seed_8_1763344785
8228864,2-Training-Stats/learning_rate,4.4346579670673236e-05,Pong1PCB2L336P__seed_8_1763344785
8232960,2-Training-Stats/learning_rate,4.424416329129599e-05,Pong1PCB2L336P__seed_8_1763344785
8237056,2-Training-Stats/learning_rate,4.4141746911918744e-05,Pong1PCB2L336P__seed_8_1763344785
8241152,2-Training-Stats/learning_rate,4.403932689456269e-05,Pong1PCB2L336P__seed_8_1763344785
8245248,2-Training-Stats/learning_rate,4.3936910515185446e-05,Pong1PCB2L336P__seed_8_1763344785
8249344,2-Training-Stats/learning_rate,4.38344941358082e-05,Pong1PCB2L336P__seed_8_1763344785
8253440,2-Training-Stats/learning_rate,4.3732077756430954e-05,Pong1PCB2L336P__seed_8_1763344785
8257536,2-Training-Stats/learning_rate,4.362966137705371e-05,Pong1PCB2L336P__seed_8_1763344785
8261632,2-Training-Stats/learning_rate,4.3527241359697655e-05,Pong1PCB2L336P__seed_8_1763344785
8265728,2-Training-Stats/learning_rate,4.342482498032041e-05,Pong1PCB2L336P__seed_8_1763344785
8269824,2-Training-Stats/learning_rate,4.332240860094316e-05,Pong1PCB2L336P__seed_8_1763344785
8273920,2-Training-Stats/learning_rate,4.321999222156592e-05,Pong1PCB2L336P__seed_8_1763344785
8278016,2-Training-Stats/learning_rate,4.311757584218867e-05,Pong1PCB2L336P__seed_8_1763344785
8282112,2-Training-Stats/learning_rate,4.3015159462811425e-05,Pong1PCB2L336P__seed_8_1763344785
8286208,2-Training-Stats/learning_rate,4.291273944545537e-05,Pong1PCB2L336P__seed_8_1763344785
8290304,2-Training-Stats/learning_rate,4.2810323066078126e-05,Pong1PCB2L336P__seed_8_1763344785
8294400,2-Training-Stats/learning_rate,4.270790668670088e-05,Pong1PCB2L336P__seed_8_1763344785
8298496,2-Training-Stats/learning_rate,4.2605490307323635e-05,Pong1PCB2L336P__seed_8_1763344785
8302592,2-Training-Stats/learning_rate,4.250307392794639e-05,Pong1PCB2L336P__seed_8_1763344785
8306688,2-Training-Stats/learning_rate,4.2400653910590336e-05,Pong1PCB2L336P__seed_8_1763344785
8310784,2-Training-Stats/learning_rate,4.229823753121309e-05,Pong1PCB2L336P__seed_8_1763344785
8314880,2-Training-Stats/learning_rate,4.2195821151835844e-05,Pong1PCB2L336P__seed_8_1763344785
8318976,2-Training-Stats/learning_rate,4.20934047724586e-05,Pong1PCB2L336P__seed_8_1763344785
8323072,2-Training-Stats/learning_rate,4.199098839308135e-05,Pong1PCB2L336P__seed_8_1763344785
8327168,2-Training-Stats/learning_rate,4.1888572013704106e-05,Pong1PCB2L336P__seed_8_1763344785
8331264,2-Training-Stats/learning_rate,4.178615199634805e-05,Pong1PCB2L336P__seed_8_1763344785
8335360,2-Training-Stats/learning_rate,4.168373561697081e-05,Pong1PCB2L336P__seed_8_1763344785
8339456,2-Training-Stats/learning_rate,4.158131923759356e-05,Pong1PCB2L336P__seed_8_1763344785
8343552,2-Training-Stats/learning_rate,4.1478902858216316e-05,Pong1PCB2L336P__seed_8_1763344785
8347648,2-Training-Stats/learning_rate,4.137648647883907e-05,Pong1PCB2L336P__seed_8_1763344785
8351744,2-Training-Stats/learning_rate,4.1274066461483017e-05,Pong1PCB2L336P__seed_8_1763344785
8355840,2-Training-Stats/learning_rate,4.117165008210577e-05,Pong1PCB2L336P__seed_8_1763344785
8359936,2-Training-Stats/learning_rate,4.1069233702728525e-05,Pong1PCB2L336P__seed_8_1763344785
8364032,2-Training-Stats/learning_rate,4.096681732335128e-05,Pong1PCB2L336P__seed_8_1763344785
8368128,2-Training-Stats/learning_rate,4.086440094397403e-05,Pong1PCB2L336P__seed_8_1763344785
8372224,2-Training-Stats/learning_rate,4.076198456459679e-05,Pong1PCB2L336P__seed_8_1763344785
8376320,2-Training-Stats/learning_rate,4.0659564547240734e-05,Pong1PCB2L336P__seed_8_1763344785
8380416,2-Training-Stats/learning_rate,4.055714816786349e-05,Pong1PCB2L336P__seed_8_1763344785
8384512,2-Training-Stats/learning_rate,4.045473178848624e-05,Pong1PCB2L336P__seed_8_1763344785
8388608,2-Training-Stats/learning_rate,4.0352315409108996e-05,Pong1PCB2L336P__seed_8_1763344785
8392704,2-Training-Stats/learning_rate,4.024989902973175e-05,Pong1PCB2L336P__seed_8_1763344785
8396800,2-Training-Stats/learning_rate,4.01474790123757e-05,Pong1PCB2L336P__seed_8_1763344785
8400896,2-Training-Stats/learning_rate,4.004506263299845e-05,Pong1PCB2L336P__seed_8_1763344785
8404992,2-Training-Stats/learning_rate,3.9942646253621206e-05,Pong1PCB2L336P__seed_8_1763344785
8409088,2-Training-Stats/learning_rate,3.984022987424396e-05,Pong1PCB2L336P__seed_8_1763344785
8413184,2-Training-Stats/learning_rate,3.9737813494866714e-05,Pong1PCB2L336P__seed_8_1763344785
8417280,2-Training-Stats/learning_rate,3.963539711548947e-05,Pong1PCB2L336P__seed_8_1763344785
8421376,2-Training-Stats/learning_rate,3.9532977098133415e-05,Pong1PCB2L336P__seed_8_1763344785
8425472,2-Training-Stats/learning_rate,3.943056071875617e-05,Pong1PCB2L336P__seed_8_1763344785
8429568,2-Training-Stats/learning_rate,3.932814433937892e-05,Pong1PCB2L336P__seed_8_1763344785
8433664,2-Training-Stats/learning_rate,3.922572796000168e-05,Pong1PCB2L336P__seed_8_1763344785
8437760,2-Training-Stats/learning_rate,3.912331158062443e-05,Pong1PCB2L336P__seed_8_1763344785
8441856,2-Training-Stats/learning_rate,3.902089156326838e-05,Pong1PCB2L336P__seed_8_1763344785
8445952,2-Training-Stats/learning_rate,3.891847518389113e-05,Pong1PCB2L336P__seed_8_1763344785
8450048,2-Training-Stats/learning_rate,3.8816058804513887e-05,Pong1PCB2L336P__seed_8_1763344785
8454144,2-Training-Stats/learning_rate,3.871364242513664e-05,Pong1PCB2L336P__seed_8_1763344785
8458240,2-Training-Stats/learning_rate,3.8611226045759395e-05,Pong1PCB2L336P__seed_8_1763344785
8462336,2-Training-Stats/learning_rate,3.850880966638215e-05,Pong1PCB2L336P__seed_8_1763344785
8466432,2-Training-Stats/learning_rate,3.8406389649026096e-05,Pong1PCB2L336P__seed_8_1763344785
8470528,2-Training-Stats/learning_rate,3.830397326964885e-05,Pong1PCB2L336P__seed_8_1763344785
8474624,2-Training-Stats/learning_rate,3.8201556890271604e-05,Pong1PCB2L336P__seed_8_1763344785
8478720,2-Training-Stats/learning_rate,3.809914051089436e-05,Pong1PCB2L336P__seed_8_1763344785
8482816,2-Training-Stats/learning_rate,3.799672413151711e-05,Pong1PCB2L336P__seed_8_1763344785
8486912,2-Training-Stats/learning_rate,3.789430411416106e-05,Pong1PCB2L336P__seed_8_1763344785
8491008,2-Training-Stats/learning_rate,3.779188773478381e-05,Pong1PCB2L336P__seed_8_1763344785
8495104,2-Training-Stats/learning_rate,3.768947135540657e-05,Pong1PCB2L336P__seed_8_1763344785
8499200,2-Training-Stats/learning_rate,3.758705497602932e-05,Pong1PCB2L336P__seed_8_1763344785
8503296,2-Training-Stats/learning_rate,3.7484638596652076e-05,Pong1PCB2L336P__seed_8_1763344785
8507392,2-Training-Stats/learning_rate,3.738222221727483e-05,Pong1PCB2L336P__seed_8_1763344785
8511488,2-Training-Stats/learning_rate,3.727980219991878e-05,Pong1PCB2L336P__seed_8_1763344785
8515584,2-Training-Stats/learning_rate,3.717738582054153e-05,Pong1PCB2L336P__seed_8_1763344785
8519680,2-Training-Stats/learning_rate,3.7074969441164285e-05,Pong1PCB2L336P__seed_8_1763344785
8523776,2-Training-Stats/learning_rate,3.697255306178704e-05,Pong1PCB2L336P__seed_8_1763344785
8527872,2-Training-Stats/learning_rate,3.687013668240979e-05,Pong1PCB2L336P__seed_8_1763344785
8531968,2-Training-Stats/learning_rate,3.676771666505374e-05,Pong1PCB2L336P__seed_8_1763344785
8536064,2-Training-Stats/learning_rate,3.6665300285676494e-05,Pong1PCB2L336P__seed_8_1763344785
8540160,2-Training-Stats/learning_rate,3.656288390629925e-05,Pong1PCB2L336P__seed_8_1763344785
8544256,2-Training-Stats/learning_rate,3.6460467526922e-05,Pong1PCB2L336P__seed_8_1763344785
8548352,2-Training-Stats/learning_rate,3.6358051147544757e-05,Pong1PCB2L336P__seed_8_1763344785
8552448,2-Training-Stats/learning_rate,3.6255631130188704e-05,Pong1PCB2L336P__seed_8_1763344785
8556544,2-Training-Stats/learning_rate,3.615321475081146e-05,Pong1PCB2L336P__seed_8_1763344785
8560640,2-Training-Stats/learning_rate,3.605079837143421e-05,Pong1PCB2L336P__seed_8_1763344785
8564736,2-Training-Stats/learning_rate,3.5948381992056966e-05,Pong1PCB2L336P__seed_8_1763344785
8568832,2-Training-Stats/learning_rate,3.584596561267972e-05,Pong1PCB2L336P__seed_8_1763344785
8572928,2-Training-Stats/learning_rate,3.5743549233302474e-05,Pong1PCB2L336P__seed_8_1763344785
8577024,2-Training-Stats/learning_rate,3.564112921594642e-05,Pong1PCB2L336P__seed_8_1763344785
8581120,2-Training-Stats/learning_rate,3.5538712836569175e-05,Pong1PCB2L336P__seed_8_1763344785
8585216,2-Training-Stats/learning_rate,3.543629645719193e-05,Pong1PCB2L336P__seed_8_1763344785
8589312,2-Training-Stats/learning_rate,3.533388007781468e-05,Pong1PCB2L336P__seed_8_1763344785
8593408,2-Training-Stats/learning_rate,3.523146369843744e-05,Pong1PCB2L336P__seed_8_1763344785
8597504,2-Training-Stats/learning_rate,3.5129043681081384e-05,Pong1PCB2L336P__seed_8_1763344785
8601600,2-Training-Stats/learning_rate,3.502662730170414e-05,Pong1PCB2L336P__seed_8_1763344785
8605696,2-Training-Stats/learning_rate,3.492421092232689e-05,Pong1PCB2L336P__seed_8_1763344785
8609792,2-Training-Stats/learning_rate,3.482179454294965e-05,Pong1PCB2L336P__seed_8_1763344785
8613888,2-Training-Stats/learning_rate,3.47193781635724e-05,Pong1PCB2L336P__seed_8_1763344785
8617984,2-Training-Stats/learning_rate,3.4616961784195155e-05,Pong1PCB2L336P__seed_8_1763344785
8622080,2-Training-Stats/learning_rate,3.45145417668391e-05,Pong1PCB2L336P__seed_8_1763344785
8626176,2-Training-Stats/learning_rate,3.4412125387461856e-05,Pong1PCB2L336P__seed_8_1763344785
8630272,2-Training-Stats/learning_rate,3.430970900808461e-05,Pong1PCB2L336P__seed_8_1763344785
8634368,2-Training-Stats/learning_rate,3.4207292628707364e-05,Pong1PCB2L336P__seed_8_1763344785
8638464,2-Training-Stats/learning_rate,3.410487624933012e-05,Pong1PCB2L336P__seed_8_1763344785
8642560,2-Training-Stats/learning_rate,3.4002456231974065e-05,Pong1PCB2L336P__seed_8_1763344785
8646656,2-Training-Stats/learning_rate,3.390003985259682e-05,Pong1PCB2L336P__seed_8_1763344785
8650752,2-Training-Stats/learning_rate,3.3797623473219573e-05,Pong1PCB2L336P__seed_8_1763344785
8654848,2-Training-Stats/learning_rate,3.369520709384233e-05,Pong1PCB2L336P__seed_8_1763344785
8658944,2-Training-Stats/learning_rate,3.359279071446508e-05,Pong1PCB2L336P__seed_8_1763344785
8663040,2-Training-Stats/learning_rate,3.3490374335087836e-05,Pong1PCB2L336P__seed_8_1763344785
8667136,2-Training-Stats/learning_rate,3.338795431773178e-05,Pong1PCB2L336P__seed_8_1763344785
8671232,2-Training-Stats/learning_rate,3.328553793835454e-05,Pong1PCB2L336P__seed_8_1763344785
8675328,2-Training-Stats/learning_rate,3.318312155897729e-05,Pong1PCB2L336P__seed_8_1763344785
8679424,2-Training-Stats/learning_rate,3.3080705179600045e-05,Pong1PCB2L336P__seed_8_1763344785
8683520,2-Training-Stats/learning_rate,3.29782888002228e-05,Pong1PCB2L336P__seed_8_1763344785
8687616,2-Training-Stats/learning_rate,3.2875868782866746e-05,Pong1PCB2L336P__seed_8_1763344785
8691712,2-Training-Stats/learning_rate,3.27734524034895e-05,Pong1PCB2L336P__seed_8_1763344785
8695808,2-Training-Stats/learning_rate,3.2671036024112254e-05,Pong1PCB2L336P__seed_8_1763344785
8699904,2-Training-Stats/learning_rate,3.256861964473501e-05,Pong1PCB2L336P__seed_8_1763344785
8704000,2-Training-Stats/learning_rate,3.246620326535776e-05,Pong1PCB2L336P__seed_8_1763344785
8708096,2-Training-Stats/learning_rate,3.236378688598052e-05,Pong1PCB2L336P__seed_8_1763344785
8712192,2-Training-Stats/learning_rate,3.2261366868624464e-05,Pong1PCB2L336P__seed_8_1763344785
8716288,2-Training-Stats/learning_rate,3.215895048924722e-05,Pong1PCB2L336P__seed_8_1763344785
8720384,2-Training-Stats/learning_rate,3.205653410986997e-05,Pong1PCB2L336P__seed_8_1763344785
8724480,2-Training-Stats/learning_rate,3.1954117730492726e-05,Pong1PCB2L336P__seed_8_1763344785
8728576,2-Training-Stats/learning_rate,3.185170135111548e-05,Pong1PCB2L336P__seed_8_1763344785
8732672,2-Training-Stats/learning_rate,3.174928133375943e-05,Pong1PCB2L336P__seed_8_1763344785
8736768,2-Training-Stats/learning_rate,3.164686495438218e-05,Pong1PCB2L336P__seed_8_1763344785
8740864,2-Training-Stats/learning_rate,3.1544448575004935e-05,Pong1PCB2L336P__seed_8_1763344785
8744960,2-Training-Stats/learning_rate,3.144203219562769e-05,Pong1PCB2L336P__seed_8_1763344785
8749056,2-Training-Stats/learning_rate,3.1339615816250443e-05,Pong1PCB2L336P__seed_8_1763344785
8753152,2-Training-Stats/learning_rate,3.12371994368732e-05,Pong1PCB2L336P__seed_8_1763344785
8757248,2-Training-Stats/learning_rate,3.1134779419517145e-05,Pong1PCB2L336P__seed_8_1763344785
8761344,2-Training-Stats/learning_rate,3.10323630401399e-05,Pong1PCB2L336P__seed_8_1763344785
8765440,2-Training-Stats/learning_rate,3.092994666076265e-05,Pong1PCB2L336P__seed_8_1763344785
8769536,2-Training-Stats/learning_rate,3.082753028138541e-05,Pong1PCB2L336P__seed_8_1763344785
8773632,2-Training-Stats/learning_rate,3.072511390200816e-05,Pong1PCB2L336P__seed_8_1763344785
8777728,2-Training-Stats/learning_rate,3.062269388465211e-05,Pong1PCB2L336P__seed_8_1763344785
8781824,2-Training-Stats/learning_rate,3.052027750527486e-05,Pong1PCB2L336P__seed_8_1763344785
8785920,2-Training-Stats/learning_rate,3.0417861125897616e-05,Pong1PCB2L336P__seed_8_1763344785
8790016,2-Training-Stats/learning_rate,3.031544474652037e-05,Pong1PCB2L336P__seed_8_1763344785
8794112,2-Training-Stats/learning_rate,3.021302654815372e-05,Pong1PCB2L336P__seed_8_1763344785
8798208,2-Training-Stats/learning_rate,3.0110610168776475e-05,Pong1PCB2L336P__seed_8_1763344785
8802304,2-Training-Stats/learning_rate,3.000819378939923e-05,Pong1PCB2L336P__seed_8_1763344785
8806400,2-Training-Stats/learning_rate,2.990577559103258e-05,Pong1PCB2L336P__seed_8_1763344785
8810496,2-Training-Stats/learning_rate,2.9803359211655334e-05,Pong1PCB2L336P__seed_8_1763344785
8814592,2-Training-Stats/learning_rate,2.9700942832278088e-05,Pong1PCB2L336P__seed_8_1763344785
8818688,2-Training-Stats/learning_rate,2.9598524633911438e-05,Pong1PCB2L336P__seed_8_1763344785
8822784,2-Training-Stats/learning_rate,2.9496108254534192e-05,Pong1PCB2L336P__seed_8_1763344785
8826880,2-Training-Stats/learning_rate,2.9393691875156946e-05,Pong1PCB2L336P__seed_8_1763344785
8830976,2-Training-Stats/learning_rate,2.9291273676790297e-05,Pong1PCB2L336P__seed_8_1763344785
8835072,2-Training-Stats/learning_rate,2.918885729741305e-05,Pong1PCB2L336P__seed_8_1763344785
8839168,2-Training-Stats/learning_rate,2.90864390990464e-05,Pong1PCB2L336P__seed_8_1763344785
8843264,2-Training-Stats/learning_rate,2.8984022719669156e-05,Pong1PCB2L336P__seed_8_1763344785
8847360,2-Training-Stats/learning_rate,2.888160634029191e-05,Pong1PCB2L336P__seed_8_1763344785
8851456,2-Training-Stats/learning_rate,2.877918814192526e-05,Pong1PCB2L336P__seed_8_1763344785
8855552,2-Training-Stats/learning_rate,2.8676771762548015e-05,Pong1PCB2L336P__seed_8_1763344785
8859648,2-Training-Stats/learning_rate,2.857435538317077e-05,Pong1PCB2L336P__seed_8_1763344785
8863744,2-Training-Stats/learning_rate,2.847193718480412e-05,Pong1PCB2L336P__seed_8_1763344785
8867840,2-Training-Stats/learning_rate,2.8369520805426873e-05,Pong1PCB2L336P__seed_8_1763344785
8871936,2-Training-Stats/learning_rate,2.8267104426049627e-05,Pong1PCB2L336P__seed_8_1763344785
8876032,2-Training-Stats/learning_rate,2.8164686227682978e-05,Pong1PCB2L336P__seed_8_1763344785
8880128,2-Training-Stats/learning_rate,2.8062269848305732e-05,Pong1PCB2L336P__seed_8_1763344785
8884224,2-Training-Stats/learning_rate,2.7959851649939083e-05,Pong1PCB2L336P__seed_8_1763344785
8888320,2-Training-Stats/learning_rate,2.7857435270561837e-05,Pong1PCB2L336P__seed_8_1763344785
8892416,2-Training-Stats/learning_rate,2.775501889118459e-05,Pong1PCB2L336P__seed_8_1763344785
8896512,2-Training-Stats/learning_rate,2.765260069281794e-05,Pong1PCB2L336P__seed_8_1763344785
8900608,2-Training-Stats/learning_rate,2.7550184313440695e-05,Pong1PCB2L336P__seed_8_1763344785
8904704,2-Training-Stats/learning_rate,2.744776793406345e-05,Pong1PCB2L336P__seed_8_1763344785
8908800,2-Training-Stats/learning_rate,2.73453497356968e-05,Pong1PCB2L336P__seed_8_1763344785
8912896,2-Training-Stats/learning_rate,2.7242933356319554e-05,Pong1PCB2L336P__seed_8_1763344785
8916992,2-Training-Stats/learning_rate,2.7140516976942308e-05,Pong1PCB2L336P__seed_8_1763344785
8921088,2-Training-Stats/learning_rate,2.703809877857566e-05,Pong1PCB2L336P__seed_8_1763344785
8925184,2-Training-Stats/learning_rate,2.6935682399198413e-05,Pong1PCB2L336P__seed_8_1763344785
8929280,2-Training-Stats/learning_rate,2.6833264200831763e-05,Pong1PCB2L336P__seed_8_1763344785
8933376,2-Training-Stats/learning_rate,2.6730847821454518e-05,Pong1PCB2L336P__seed_8_1763344785
8937472,2-Training-Stats/learning_rate,2.662843144207727e-05,Pong1PCB2L336P__seed_8_1763344785
8941568,2-Training-Stats/learning_rate,2.6526013243710622e-05,Pong1PCB2L336P__seed_8_1763344785
8945664,2-Training-Stats/learning_rate,2.6423596864333376e-05,Pong1PCB2L336P__seed_8_1763344785
8949760,2-Training-Stats/learning_rate,2.632118048495613e-05,Pong1PCB2L336P__seed_8_1763344785
8953856,2-Training-Stats/learning_rate,2.621876228658948e-05,Pong1PCB2L336P__seed_8_1763344785
8957952,2-Training-Stats/learning_rate,2.6116345907212235e-05,Pong1PCB2L336P__seed_8_1763344785
8962048,2-Training-Stats/learning_rate,2.601392952783499e-05,Pong1PCB2L336P__seed_8_1763344785
8966144,2-Training-Stats/learning_rate,2.591151132946834e-05,Pong1PCB2L336P__seed_8_1763344785
8970240,2-Training-Stats/learning_rate,2.5809094950091094e-05,Pong1PCB2L336P__seed_8_1763344785
8974336,2-Training-Stats/learning_rate,2.5706676751724444e-05,Pong1PCB2L336P__seed_8_1763344785
8978432,2-Training-Stats/learning_rate,2.56042603723472e-05,Pong1PCB2L336P__seed_8_1763344785
8982528,2-Training-Stats/learning_rate,2.5501843992969953e-05,Pong1PCB2L336P__seed_8_1763344785
8986624,2-Training-Stats/learning_rate,2.5399425794603303e-05,Pong1PCB2L336P__seed_8_1763344785
8990720,2-Training-Stats/learning_rate,2.5297009415226057e-05,Pong1PCB2L336P__seed_8_1763344785
8994816,2-Training-Stats/learning_rate,2.519459303584881e-05,Pong1PCB2L336P__seed_8_1763344785
8998912,2-Training-Stats/learning_rate,2.5092174837482162e-05,Pong1PCB2L336P__seed_8_1763344785
9003008,2-Training-Stats/learning_rate,2.4989758458104916e-05,Pong1PCB2L336P__seed_8_1763344785
9007104,2-Training-Stats/learning_rate,2.488734207872767e-05,Pong1PCB2L336P__seed_8_1763344785
9011200,2-Training-Stats/learning_rate,2.478492388036102e-05,Pong1PCB2L336P__seed_8_1763344785
9015296,2-Training-Stats/learning_rate,2.4682507500983775e-05,Pong1PCB2L336P__seed_8_1763344785
9019392,2-Training-Stats/learning_rate,2.4580089302617125e-05,Pong1PCB2L336P__seed_8_1763344785
9023488,2-Training-Stats/learning_rate,2.447767292323988e-05,Pong1PCB2L336P__seed_8_1763344785
9027584,2-Training-Stats/learning_rate,2.4375256543862633e-05,Pong1PCB2L336P__seed_8_1763344785
9031680,2-Training-Stats/learning_rate,2.4272838345495984e-05,Pong1PCB2L336P__seed_8_1763344785
9035776,2-Training-Stats/learning_rate,2.4170421966118738e-05,Pong1PCB2L336P__seed_8_1763344785
9039872,2-Training-Stats/learning_rate,2.4068005586741492e-05,Pong1PCB2L336P__seed_8_1763344785
9043968,2-Training-Stats/learning_rate,2.3965587388374843e-05,Pong1PCB2L336P__seed_8_1763344785
9048064,2-Training-Stats/learning_rate,2.3863171008997597e-05,Pong1PCB2L336P__seed_8_1763344785
9052160,2-Training-Stats/learning_rate,2.376075462962035e-05,Pong1PCB2L336P__seed_8_1763344785
9056256,2-Training-Stats/learning_rate,2.36583364312537e-05,Pong1PCB2L336P__seed_8_1763344785
9060352,2-Training-Stats/learning_rate,2.3555920051876456e-05,Pong1PCB2L336P__seed_8_1763344785
9064448,2-Training-Stats/learning_rate,2.3453501853509806e-05,Pong1PCB2L336P__seed_8_1763344785
9068544,2-Training-Stats/learning_rate,2.335108547413256e-05,Pong1PCB2L336P__seed_8_1763344785
9072640,2-Training-Stats/learning_rate,2.3248669094755314e-05,Pong1PCB2L336P__seed_8_1763344785
9076736,2-Training-Stats/learning_rate,2.3146250896388665e-05,Pong1PCB2L336P__seed_8_1763344785
9080832,2-Training-Stats/learning_rate,2.304383451701142e-05,Pong1PCB2L336P__seed_8_1763344785
9084928,2-Training-Stats/learning_rate,2.2941418137634173e-05,Pong1PCB2L336P__seed_8_1763344785
9089024,2-Training-Stats/learning_rate,2.2838999939267524e-05,Pong1PCB2L336P__seed_8_1763344785
9093120,2-Training-Stats/learning_rate,2.2736583559890278e-05,Pong1PCB2L336P__seed_8_1763344785
9097216,2-Training-Stats/learning_rate,2.2634167180513032e-05,Pong1PCB2L336P__seed_8_1763344785
9101312,2-Training-Stats/learning_rate,2.2531748982146382e-05,Pong1PCB2L336P__seed_8_1763344785
9105408,2-Training-Stats/learning_rate,2.2429332602769136e-05,Pong1PCB2L336P__seed_8_1763344785
9109504,2-Training-Stats/learning_rate,2.2326914404402487e-05,Pong1PCB2L336P__seed_8_1763344785
9113600,2-Training-Stats/learning_rate,2.222449802502524e-05,Pong1PCB2L336P__seed_8_1763344785
9117696,2-Training-Stats/learning_rate,2.2122081645647995e-05,Pong1PCB2L336P__seed_8_1763344785
9121792,2-Training-Stats/learning_rate,2.2019663447281346e-05,Pong1PCB2L336P__seed_8_1763344785
9125888,2-Training-Stats/learning_rate,2.19172470679041e-05,Pong1PCB2L336P__seed_8_1763344785
9129984,2-Training-Stats/learning_rate,2.1814830688526854e-05,Pong1PCB2L336P__seed_8_1763344785
9134080,2-Training-Stats/learning_rate,2.1712412490160204e-05,Pong1PCB2L336P__seed_8_1763344785
9138176,2-Training-Stats/learning_rate,2.160999611078296e-05,Pong1PCB2L336P__seed_8_1763344785
9142272,2-Training-Stats/learning_rate,2.1507579731405713e-05,Pong1PCB2L336P__seed_8_1763344785
9146368,2-Training-Stats/learning_rate,2.1405161533039063e-05,Pong1PCB2L336P__seed_8_1763344785
9150464,2-Training-Stats/learning_rate,2.1302745153661817e-05,Pong1PCB2L336P__seed_8_1763344785
9154560,2-Training-Stats/learning_rate,2.1200326955295168e-05,Pong1PCB2L336P__seed_8_1763344785
9158656,2-Training-Stats/learning_rate,2.1097910575917922e-05,Pong1PCB2L336P__seed_8_1763344785
9162752,2-Training-Stats/learning_rate,2.0995494196540676e-05,Pong1PCB2L336P__seed_8_1763344785
9166848,2-Training-Stats/learning_rate,2.0893075998174027e-05,Pong1PCB2L336P__seed_8_1763344785
9170944,2-Training-Stats/learning_rate,2.079065961879678e-05,Pong1PCB2L336P__seed_8_1763344785
9175040,2-Training-Stats/learning_rate,2.0688243239419535e-05,Pong1PCB2L336P__seed_8_1763344785
9179136,2-Training-Stats/learning_rate,2.0585825041052885e-05,Pong1PCB2L336P__seed_8_1763344785
9183232,2-Training-Stats/learning_rate,2.048340866167564e-05,Pong1PCB2L336P__seed_8_1763344785
9187328,2-Training-Stats/learning_rate,2.0380992282298394e-05,Pong1PCB2L336P__seed_8_1763344785
9191424,2-Training-Stats/learning_rate,2.0278574083931744e-05,Pong1PCB2L336P__seed_8_1763344785
9195520,2-Training-Stats/learning_rate,2.0176157704554498e-05,Pong1PCB2L336P__seed_8_1763344785
9199616,2-Training-Stats/learning_rate,2.007373950618785e-05,Pong1PCB2L336P__seed_8_1763344785
9203712,2-Training-Stats/learning_rate,1.9971323126810603e-05,Pong1PCB2L336P__seed_8_1763344785
9207808,2-Training-Stats/learning_rate,1.9868906747433357e-05,Pong1PCB2L336P__seed_8_1763344785
9211904,2-Training-Stats/learning_rate,1.9766488549066707e-05,Pong1PCB2L336P__seed_8_1763344785
9216000,2-Training-Stats/learning_rate,1.966407216968946e-05,Pong1PCB2L336P__seed_8_1763344785
9220096,2-Training-Stats/learning_rate,1.9561655790312216e-05,Pong1PCB2L336P__seed_8_1763344785
9224192,2-Training-Stats/learning_rate,1.9459237591945566e-05,Pong1PCB2L336P__seed_8_1763344785
9228288,2-Training-Stats/learning_rate,1.935682121256832e-05,Pong1PCB2L336P__seed_8_1763344785
9232384,2-Training-Stats/learning_rate,1.9254404833191074e-05,Pong1PCB2L336P__seed_8_1763344785
9236480,2-Training-Stats/learning_rate,1.9151986634824425e-05,Pong1PCB2L336P__seed_8_1763344785
9240576,2-Training-Stats/learning_rate,1.904957025544718e-05,Pong1PCB2L336P__seed_8_1763344785
9244672,2-Training-Stats/learning_rate,1.894715205708053e-05,Pong1PCB2L336P__seed_8_1763344785
9248768,2-Training-Stats/learning_rate,1.8844735677703284e-05,Pong1PCB2L336P__seed_8_1763344785
9252864,2-Training-Stats/learning_rate,1.8742319298326038e-05,Pong1PCB2L336P__seed_8_1763344785
9256960,2-Training-Stats/learning_rate,1.863990109995939e-05,Pong1PCB2L336P__seed_8_1763344785
9261056,2-Training-Stats/learning_rate,1.8537484720582142e-05,Pong1PCB2L336P__seed_8_1763344785
9265152,2-Training-Stats/learning_rate,1.8435068341204897e-05,Pong1PCB2L336P__seed_8_1763344785
9269248,2-Training-Stats/learning_rate,1.8332650142838247e-05,Pong1PCB2L336P__seed_8_1763344785
9273344,2-Training-Stats/learning_rate,1.8230233763461e-05,Pong1PCB2L336P__seed_8_1763344785
9277440,2-Training-Stats/learning_rate,1.8127815565094352e-05,Pong1PCB2L336P__seed_8_1763344785
9281536,2-Training-Stats/learning_rate,1.8025399185717106e-05,Pong1PCB2L336P__seed_8_1763344785
9285632,2-Training-Stats/learning_rate,1.792298280633986e-05,Pong1PCB2L336P__seed_8_1763344785
9289728,2-Training-Stats/learning_rate,1.782056460797321e-05,Pong1PCB2L336P__seed_8_1763344785
9293824,2-Training-Stats/learning_rate,1.7718148228595965e-05,Pong1PCB2L336P__seed_8_1763344785
9297920,2-Training-Stats/learning_rate,1.761573184921872e-05,Pong1PCB2L336P__seed_8_1763344785
9302016,2-Training-Stats/learning_rate,1.751331365085207e-05,Pong1PCB2L336P__seed_8_1763344785
9306112,2-Training-Stats/learning_rate,1.7410897271474823e-05,Pong1PCB2L336P__seed_8_1763344785
9310208,2-Training-Stats/learning_rate,1.7308480892097577e-05,Pong1PCB2L336P__seed_8_1763344785
9314304,2-Training-Stats/learning_rate,1.7206062693730928e-05,Pong1PCB2L336P__seed_8_1763344785
9318400,2-Training-Stats/learning_rate,1.7103646314353682e-05,Pong1PCB2L336P__seed_8_1763344785
9322496,2-Training-Stats/learning_rate,1.7001228115987033e-05,Pong1PCB2L336P__seed_8_1763344785
9326592,2-Training-Stats/learning_rate,1.6898811736609787e-05,Pong1PCB2L336P__seed_8_1763344785
9330688,2-Training-Stats/learning_rate,1.679639535723254e-05,Pong1PCB2L336P__seed_8_1763344785
9334784,2-Training-Stats/learning_rate,1.669397715886589e-05,Pong1PCB2L336P__seed_8_1763344785
9338880,2-Training-Stats/learning_rate,1.6591560779488645e-05,Pong1PCB2L336P__seed_8_1763344785
9342976,2-Training-Stats/learning_rate,1.64891444001114e-05,Pong1PCB2L336P__seed_8_1763344785
9347072,2-Training-Stats/learning_rate,1.638672620174475e-05,Pong1PCB2L336P__seed_8_1763344785
9351168,2-Training-Stats/learning_rate,1.6284309822367504e-05,Pong1PCB2L336P__seed_8_1763344785
9355264,2-Training-Stats/learning_rate,1.618189344299026e-05,Pong1PCB2L336P__seed_8_1763344785
9359360,2-Training-Stats/learning_rate,1.607947524462361e-05,Pong1PCB2L336P__seed_8_1763344785
9363456,2-Training-Stats/learning_rate,1.5977058865246363e-05,Pong1PCB2L336P__seed_8_1763344785
9367552,2-Training-Stats/learning_rate,1.5874640666879714e-05,Pong1PCB2L336P__seed_8_1763344785
9371648,2-Training-Stats/learning_rate,1.5772224287502468e-05,Pong1PCB2L336P__seed_8_1763344785
9375744,2-Training-Stats/learning_rate,1.5669807908125222e-05,Pong1PCB2L336P__seed_8_1763344785
9379840,2-Training-Stats/learning_rate,1.5567389709758572e-05,Pong1PCB2L336P__seed_8_1763344785
9383936,2-Training-Stats/learning_rate,1.5464973330381326e-05,Pong1PCB2L336P__seed_8_1763344785
9388032,2-Training-Stats/learning_rate,1.536255695100408e-05,Pong1PCB2L336P__seed_8_1763344785
9392128,2-Training-Stats/learning_rate,1.526013875263743e-05,Pong1PCB2L336P__seed_8_1763344785
9396224,2-Training-Stats/learning_rate,1.5157722373260185e-05,Pong1PCB2L336P__seed_8_1763344785
9400320,2-Training-Stats/learning_rate,1.5055305084388237e-05,Pong1PCB2L336P__seed_8_1763344785
9404416,2-Training-Stats/learning_rate,1.495288779551629e-05,Pong1PCB2L336P__seed_8_1763344785
9408512,2-Training-Stats/learning_rate,1.4850471416139044e-05,Pong1PCB2L336P__seed_8_1763344785
9412608,2-Training-Stats/learning_rate,1.4748054127267096e-05,Pong1PCB2L336P__seed_8_1763344785
9416704,2-Training-Stats/learning_rate,1.4645636838395149e-05,Pong1PCB2L336P__seed_8_1763344785
9420800,2-Training-Stats/learning_rate,1.45432195495232e-05,Pong1PCB2L336P__seed_8_1763344785
9424896,2-Training-Stats/learning_rate,1.4440803170145955e-05,Pong1PCB2L336P__seed_8_1763344785
9428992,2-Training-Stats/learning_rate,1.4338385881274007e-05,Pong1PCB2L336P__seed_8_1763344785
9433088,2-Training-Stats/learning_rate,1.423596859240206e-05,Pong1PCB2L336P__seed_8_1763344785
9437184,2-Training-Stats/learning_rate,1.4133552213024814e-05,Pong1PCB2L336P__seed_8_1763344785
9441280,2-Training-Stats/learning_rate,1.4031134924152866e-05,Pong1PCB2L336P__seed_8_1763344785
9445376,2-Training-Stats/learning_rate,1.3928717635280918e-05,Pong1PCB2L336P__seed_8_1763344785
9449472,2-Training-Stats/learning_rate,1.382630034640897e-05,Pong1PCB2L336P__seed_8_1763344785
9453568,2-Training-Stats/learning_rate,1.3723883967031725e-05,Pong1PCB2L336P__seed_8_1763344785
9457664,2-Training-Stats/learning_rate,1.3621466678159777e-05,Pong1PCB2L336P__seed_8_1763344785
9461760,2-Training-Stats/learning_rate,1.351904938928783e-05,Pong1PCB2L336P__seed_8_1763344785
9465856,2-Training-Stats/learning_rate,1.3416632100415882e-05,Pong1PCB2L336P__seed_8_1763344785
9469952,2-Training-Stats/learning_rate,1.3314215721038636e-05,Pong1PCB2L336P__seed_8_1763344785
9474048,2-Training-Stats/learning_rate,1.3211798432166688e-05,Pong1PCB2L336P__seed_8_1763344785
9478144,2-Training-Stats/learning_rate,1.310938114329474e-05,Pong1PCB2L336P__seed_8_1763344785
9482240,2-Training-Stats/learning_rate,1.3006964763917495e-05,Pong1PCB2L336P__seed_8_1763344785
9486336,2-Training-Stats/learning_rate,1.2904547475045547e-05,Pong1PCB2L336P__seed_8_1763344785
9490432,2-Training-Stats/learning_rate,1.28021301861736e-05,Pong1PCB2L336P__seed_8_1763344785
9494528,2-Training-Stats/learning_rate,1.2699712897301652e-05,Pong1PCB2L336P__seed_8_1763344785
9498624,2-Training-Stats/learning_rate,1.2597296517924406e-05,Pong1PCB2L336P__seed_8_1763344785
9502720,2-Training-Stats/learning_rate,1.2494879229052458e-05,Pong1PCB2L336P__seed_8_1763344785
9506816,2-Training-Stats/learning_rate,1.239246194018051e-05,Pong1PCB2L336P__seed_8_1763344785
9510912,2-Training-Stats/learning_rate,1.2290044651308563e-05,Pong1PCB2L336P__seed_8_1763344785
9515008,2-Training-Stats/learning_rate,1.2187628271931317e-05,Pong1PCB2L336P__seed_8_1763344785
9519104,2-Training-Stats/learning_rate,1.2085210983059369e-05,Pong1PCB2L336P__seed_8_1763344785
9523200,2-Training-Stats/learning_rate,1.1982793694187421e-05,Pong1PCB2L336P__seed_8_1763344785
9527296,2-Training-Stats/learning_rate,1.1880377314810175e-05,Pong1PCB2L336P__seed_8_1763344785
9531392,2-Training-Stats/learning_rate,1.1777960025938228e-05,Pong1PCB2L336P__seed_8_1763344785
9535488,2-Training-Stats/learning_rate,1.167554273706628e-05,Pong1PCB2L336P__seed_8_1763344785
9539584,2-Training-Stats/learning_rate,1.1573125448194332e-05,Pong1PCB2L336P__seed_8_1763344785
9543680,2-Training-Stats/learning_rate,1.1470709068817087e-05,Pong1PCB2L336P__seed_8_1763344785
9547776,2-Training-Stats/learning_rate,1.1368291779945139e-05,Pong1PCB2L336P__seed_8_1763344785
9551872,2-Training-Stats/learning_rate,1.1265874491073191e-05,Pong1PCB2L336P__seed_8_1763344785
9555968,2-Training-Stats/learning_rate,1.1163457202201243e-05,Pong1PCB2L336P__seed_8_1763344785
9560064,2-Training-Stats/learning_rate,1.1061040822823998e-05,Pong1PCB2L336P__seed_8_1763344785
9564160,2-Training-Stats/learning_rate,1.095862353395205e-05,Pong1PCB2L336P__seed_8_1763344785
9568256,2-Training-Stats/learning_rate,1.0856206245080102e-05,Pong1PCB2L336P__seed_8_1763344785
9572352,2-Training-Stats/learning_rate,1.0753789865702856e-05,Pong1PCB2L336P__seed_8_1763344785
9576448,2-Training-Stats/learning_rate,1.0651372576830909e-05,Pong1PCB2L336P__seed_8_1763344785
9580544,2-Training-Stats/learning_rate,1.0548955287958961e-05,Pong1PCB2L336P__seed_8_1763344785
9584640,2-Training-Stats/learning_rate,1.0446537999087013e-05,Pong1PCB2L336P__seed_8_1763344785
9588736,2-Training-Stats/learning_rate,1.0344121619709767e-05,Pong1PCB2L336P__seed_8_1763344785
9592832,2-Training-Stats/learning_rate,1.024170433083782e-05,Pong1PCB2L336P__seed_8_1763344785
9596928,2-Training-Stats/learning_rate,1.0139287041965872e-05,Pong1PCB2L336P__seed_8_1763344785
9601024,2-Training-Stats/learning_rate,1.0036869753093924e-05,Pong1PCB2L336P__seed_8_1763344785
9605120,2-Training-Stats/learning_rate,9.934453373716678e-06,Pong1PCB2L336P__seed_8_1763344785
9609216,2-Training-Stats/learning_rate,9.83203608484473e-06,Pong1PCB2L336P__seed_8_1763344785
9613312,2-Training-Stats/learning_rate,9.729618795972783e-06,Pong1PCB2L336P__seed_8_1763344785
9617408,2-Training-Stats/learning_rate,9.627202416595537e-06,Pong1PCB2L336P__seed_8_1763344785
9621504,2-Training-Stats/learning_rate,9.52478512772359e-06,Pong1PCB2L336P__seed_8_1763344785
9625600,2-Training-Stats/learning_rate,9.422367838851642e-06,Pong1PCB2L336P__seed_8_1763344785
9629696,2-Training-Stats/learning_rate,9.319950549979694e-06,Pong1PCB2L336P__seed_8_1763344785
9633792,2-Training-Stats/learning_rate,9.217534170602448e-06,Pong1PCB2L336P__seed_8_1763344785
9637888,2-Training-Stats/learning_rate,9.1151168817305e-06,Pong1PCB2L336P__seed_8_1763344785
9641984,2-Training-Stats/learning_rate,9.012699592858553e-06,Pong1PCB2L336P__seed_8_1763344785
9646080,2-Training-Stats/learning_rate,8.910282303986605e-06,Pong1PCB2L336P__seed_8_1763344785
9650176,2-Training-Stats/learning_rate,8.80786592460936e-06,Pong1PCB2L336P__seed_8_1763344785
9654272,2-Training-Stats/learning_rate,8.705448635737412e-06,Pong1PCB2L336P__seed_8_1763344785
9658368,2-Training-Stats/learning_rate,8.603031346865464e-06,Pong1PCB2L336P__seed_8_1763344785
9662464,2-Training-Stats/learning_rate,8.500614057993516e-06,Pong1PCB2L336P__seed_8_1763344785
9666560,2-Training-Stats/learning_rate,8.39819767861627e-06,Pong1PCB2L336P__seed_8_1763344785
9670656,2-Training-Stats/learning_rate,8.295780389744323e-06,Pong1PCB2L336P__seed_8_1763344785
9674752,2-Training-Stats/learning_rate,8.193363100872375e-06,Pong1PCB2L336P__seed_8_1763344785
9678848,2-Training-Stats/learning_rate,8.09094672149513e-06,Pong1PCB2L336P__seed_8_1763344785
9682944,2-Training-Stats/learning_rate,7.988529432623181e-06,Pong1PCB2L336P__seed_8_1763344785
9687040,2-Training-Stats/learning_rate,7.886112143751234e-06,Pong1PCB2L336P__seed_8_1763344785
9691136,2-Training-Stats/learning_rate,7.783694854879286e-06,Pong1PCB2L336P__seed_8_1763344785
9695232,2-Training-Stats/learning_rate,7.68127847550204e-06,Pong1PCB2L336P__seed_8_1763344785
9699328,2-Training-Stats/learning_rate,7.5788611866300926e-06,Pong1PCB2L336P__seed_8_1763344785
9703424,2-Training-Stats/learning_rate,7.476443897758145e-06,Pong1PCB2L336P__seed_8_1763344785
9707520,2-Training-Stats/learning_rate,7.374027063633548e-06,Pong1PCB2L336P__seed_8_1763344785
9711616,2-Training-Stats/learning_rate,7.2716097747616e-06,Pong1PCB2L336P__seed_8_1763344785
9715712,2-Training-Stats/learning_rate,7.169192940637004e-06,Pong1PCB2L336P__seed_8_1763344785
9719808,2-Training-Stats/learning_rate,7.066776106512407e-06,Pong1PCB2L336P__seed_8_1763344785
9723904,2-Training-Stats/learning_rate,6.964358817640459e-06,Pong1PCB2L336P__seed_8_1763344785
9728000,2-Training-Stats/learning_rate,6.861941983515862e-06,Pong1PCB2L336P__seed_8_1763344785
9732096,2-Training-Stats/learning_rate,6.759524694643915e-06,Pong1PCB2L336P__seed_8_1763344785
9736192,2-Training-Stats/learning_rate,6.657107860519318e-06,Pong1PCB2L336P__seed_8_1763344785
9740288,2-Training-Stats/learning_rate,6.55469057164737e-06,Pong1PCB2L336P__seed_8_1763344785
9744384,2-Training-Stats/learning_rate,6.4522737375227734e-06,Pong1PCB2L336P__seed_8_1763344785
9748480,2-Training-Stats/learning_rate,6.349856448650826e-06,Pong1PCB2L336P__seed_8_1763344785
9752576,2-Training-Stats/learning_rate,6.247439614526229e-06,Pong1PCB2L336P__seed_8_1763344785
9756672,2-Training-Stats/learning_rate,6.145022325654281e-06,Pong1PCB2L336P__seed_8_1763344785
9760768,2-Training-Stats/learning_rate,6.0426054915296845e-06,Pong1PCB2L336P__seed_8_1763344785
9764864,2-Training-Stats/learning_rate,5.940188657405088e-06,Pong1PCB2L336P__seed_8_1763344785
9768960,2-Training-Stats/learning_rate,5.83777136853314e-06,Pong1PCB2L336P__seed_8_1763344785
9773056,2-Training-Stats/learning_rate,5.735354534408543e-06,Pong1PCB2L336P__seed_8_1763344785
9777152,2-Training-Stats/learning_rate,5.632937245536596e-06,Pong1PCB2L336P__seed_8_1763344785
9781248,2-Training-Stats/learning_rate,5.530520411411999e-06,Pong1PCB2L336P__seed_8_1763344785
9785344,2-Training-Stats/learning_rate,5.428103122540051e-06,Pong1PCB2L336P__seed_8_1763344785
9789440,2-Training-Stats/learning_rate,5.325686288415454e-06,Pong1PCB2L336P__seed_8_1763344785
9793536,2-Training-Stats/learning_rate,5.223268999543507e-06,Pong1PCB2L336P__seed_8_1763344785
9797632,2-Training-Stats/learning_rate,5.12085216541891e-06,Pong1PCB2L336P__seed_8_1763344785
9801728,2-Training-Stats/learning_rate,5.018434876546962e-06,Pong1PCB2L336P__seed_8_1763344785
9805824,2-Training-Stats/learning_rate,4.916018042422365e-06,Pong1PCB2L336P__seed_8_1763344785
9809920,2-Training-Stats/learning_rate,4.813601208297769e-06,Pong1PCB2L336P__seed_8_1763344785
9814016,2-Training-Stats/learning_rate,4.711183919425821e-06,Pong1PCB2L336P__seed_8_1763344785
9818112,2-Training-Stats/learning_rate,4.608767085301224e-06,Pong1PCB2L336P__seed_8_1763344785
9822208,2-Training-Stats/learning_rate,4.5063497964292765e-06,Pong1PCB2L336P__seed_8_1763344785
9826304,2-Training-Stats/learning_rate,4.40393296230468e-06,Pong1PCB2L336P__seed_8_1763344785
9830400,2-Training-Stats/learning_rate,4.301515673432732e-06,Pong1PCB2L336P__seed_8_1763344785
9834496,2-Training-Stats/learning_rate,4.199098839308135e-06,Pong1PCB2L336P__seed_8_1763344785
9838592,2-Training-Stats/learning_rate,4.0966815504361875e-06,Pong1PCB2L336P__seed_8_1763344785
9842688,2-Training-Stats/learning_rate,3.994264716311591e-06,Pong1PCB2L336P__seed_8_1763344785
9846784,2-Training-Stats/learning_rate,3.891847427439643e-06,Pong1PCB2L336P__seed_8_1763344785
9850880,2-Training-Stats/learning_rate,3.7894305933150463e-06,Pong1PCB2L336P__seed_8_1763344785
9854976,2-Training-Stats/learning_rate,3.687013531816774e-06,Pong1PCB2L336P__seed_8_1763344785
9859072,2-Training-Stats/learning_rate,3.584596470318502e-06,Pong1PCB2L336P__seed_8_1763344785
9863168,2-Training-Stats/learning_rate,3.4821794088202296e-06,Pong1PCB2L336P__seed_8_1763344785
9867264,2-Training-Stats/learning_rate,3.3797623473219573e-06,Pong1PCB2L336P__seed_8_1763344785
9871360,2-Training-Stats/learning_rate,3.277345285823685e-06,Pong1PCB2L336P__seed_8_1763344785
9875456,2-Training-Stats/learning_rate,3.174928224325413e-06,Pong1PCB2L336P__seed_8_1763344785
9879552,2-Training-Stats/learning_rate,3.0725111628271407e-06,Pong1PCB2L336P__seed_8_1763344785
9883648,2-Training-Stats/learning_rate,2.970094328702544e-06,Pong1PCB2L336P__seed_8_1763344785
9887744,2-Training-Stats/learning_rate,2.8676772672042716e-06,Pong1PCB2L336P__seed_8_1763344785
9891840,2-Training-Stats/learning_rate,2.7652602057059994e-06,Pong1PCB2L336P__seed_8_1763344785
9895936,2-Training-Stats/learning_rate,2.662843144207727e-06,Pong1PCB2L336P__seed_8_1763344785
9900032,2-Training-Stats/learning_rate,2.560426082709455e-06,Pong1PCB2L336P__seed_8_1763344785
9904128,2-Training-Stats/learning_rate,2.4580090212111827e-06,Pong1PCB2L336P__seed_8_1763344785
9908224,2-Training-Stats/learning_rate,2.3555919597129105e-06,Pong1PCB2L336P__seed_8_1763344785
9912320,2-Training-Stats/learning_rate,2.2531748982146382e-06,Pong1PCB2L336P__seed_8_1763344785
9916416,2-Training-Stats/learning_rate,2.150757836716366e-06,Pong1PCB2L336P__seed_8_1763344785
9920512,2-Training-Stats/learning_rate,2.0483407752180938e-06,Pong1PCB2L336P__seed_8_1763344785
9924608,2-Training-Stats/learning_rate,1.9459237137198215e-06,Pong1PCB2L336P__seed_8_1763344785
9928704,2-Training-Stats/learning_rate,1.843506765908387e-06,Pong1PCB2L336P__seed_8_1763344785
9932800,2-Training-Stats/learning_rate,1.7410897044101148e-06,Pong1PCB2L336P__seed_8_1763344785
9936896,2-Training-Stats/learning_rate,1.6386726429118426e-06,Pong1PCB2L336P__seed_8_1763344785
9940992,2-Training-Stats/learning_rate,1.5362555814135703e-06,Pong1PCB2L336P__seed_8_1763344785
9945088,2-Training-Stats/learning_rate,1.4338386336021358e-06,Pong1PCB2L336P__seed_8_1763344785
9949184,2-Training-Stats/learning_rate,1.3314215721038636e-06,Pong1PCB2L336P__seed_8_1763344785
9953280,2-Training-Stats/learning_rate,1.2290045106055913e-06,Pong1PCB2L336P__seed_8_1763344785
9957376,2-Training-Stats/learning_rate,1.1265874491073191e-06,Pong1PCB2L336P__seed_8_1763344785
9961472,2-Training-Stats/learning_rate,1.0241703876090469e-06,Pong1PCB2L336P__seed_8_1763344785
9965568,2-Training-Stats/learning_rate,9.217533829541935e-07,Pong1PCB2L336P__seed_8_1763344785
9969664,2-Training-Stats/learning_rate,8.193363214559213e-07,Pong1PCB2L336P__seed_8_1763344785
9973760,2-Training-Stats/learning_rate,7.169193168010679e-07,Pong1PCB2L336P__seed_8_1763344785
9977856,2-Training-Stats/learning_rate,6.145022553027957e-07,Pong1PCB2L336P__seed_8_1763344785
9981952,2-Training-Stats/learning_rate,5.120851938045234e-07,Pong1PCB2L336P__seed_8_1763344785
9986048,2-Training-Stats/learning_rate,4.0966816072796064e-07,Pong1PCB2L336P__seed_8_1763344785
9990144,2-Training-Stats/learning_rate,3.0725112765139784e-07,Pong1PCB2L336P__seed_8_1763344785
9994240,2-Training-Stats/learning_rate,2.0483408036398032e-07,Pong1PCB2L336P__seed_8_1763344785
9998336,2-Training-Stats/learning_rate,1.0241704018199016e-07,Pong1PCB2L336P__seed_8_1763344785
