step,tag,value,run
67424,0-Episodic-Stats/episodic_length,132.0,Pong1PQFM_XObs_entangled_trainable_rzz_QLayers_5___seed_1_1761468207
76544,0-Episodic-Stats/episodic_length,132.0,Pong1PQFM_XObs_entangled_trainable_rzz_QLayers_5___seed_1_1761468207
79584,0-Episodic-Stats/episodic_length,147.8333282470703,Pong1PQFM_XObs_entangled_trainable_rzz_QLayers_5___seed_1_1761468207
82624,0-Episodic-Stats/episodic_length,108.25,Pong1PQFM_XObs_entangled_trainable_rzz_QLayers_5___seed_1_1761468207
85664,0-Episodic-Stats/episodic_length,151.0,Pong1PQFM_XObs_entangled_trainable_rzz_QLayers_5___seed_1_1761468207
88704,0-Episodic-Stats/episodic_length,132.0,Pong1PQFM_XObs_entangled_trainable_rzz_QLayers_5___seed_1_1761468207
91744,0-Episodic-Stats/episodic_length,227.0,Pong1PQFM_XObs_entangled_trainable_rzz_QLayers_5___seed_1_1761468207
97824,0-Episodic-Stats/episodic_length,195.3333282470703,Pong1PQFM_XObs_entangled_trainable_rzz_QLayers_5___seed_1_1761468207
103904,0-Episodic-Stats/episodic_length,132.0,Pong1PQFM_XObs_entangled_trainable_rzz_QLayers_5___seed_1_1761468207
153088,0-Episodic-Stats/episodic_length,84.5,Pong1PQFM_XObs_entangled_trainable_rzz_QLayers_5___seed_1_1761468207
159168,0-Episodic-Stats/episodic_length,100.33333587646484,Pong1PQFM_XObs_entangled_trainable_rzz_QLayers_5___seed_1_1761468207
162208,0-Episodic-Stats/episodic_length,132.0,Pong1PQFM_XObs_entangled_trainable_rzz_QLayers_5___seed_1_1761468207
165248,0-Episodic-Stats/episodic_length,100.33333587646484,Pong1PQFM_XObs_entangled_trainable_rzz_QLayers_5___seed_1_1761468207
168288,0-Episodic-Stats/episodic_length,132.0,Pong1PQFM_XObs_entangled_trainable_rzz_QLayers_5___seed_1_1761468207
174368,0-Episodic-Stats/episodic_length,100.33333587646484,Pong1PQFM_XObs_entangled_trainable_rzz_QLayers_5___seed_1_1761468207
177408,0-Episodic-Stats/episodic_length,37.0,Pong1PQFM_XObs_entangled_trainable_rzz_QLayers_5___seed_1_1761468207
180448,0-Episodic-Stats/episodic_length,145.57142639160156,Pong1PQFM_XObs_entangled_trainable_rzz_QLayers_5___seed_1_1761468207
183488,0-Episodic-Stats/episodic_length,132.0,Pong1PQFM_XObs_entangled_trainable_rzz_QLayers_5___seed_1_1761468207
186528,0-Episodic-Stats/episodic_length,132.0,Pong1PQFM_XObs_entangled_trainable_rzz_QLayers_5___seed_1_1761468207
189568,0-Episodic-Stats/episodic_length,132.0,Pong1PQFM_XObs_entangled_trainable_rzz_QLayers_5___seed_1_1761468207
192608,0-Episodic-Stats/episodic_length,179.5,Pong1PQFM_XObs_entangled_trainable_rzz_QLayers_5___seed_1_1761468207
195648,0-Episodic-Stats/episodic_length,132.0,Pong1PQFM_XObs_entangled_trainable_rzz_QLayers_5___seed_1_1761468207
198688,0-Episodic-Stats/episodic_length,132.0,Pong1PQFM_XObs_entangled_trainable_rzz_QLayers_5___seed_1_1761468207
226592,0-Episodic-Stats/episodic_length,37.0,Pong1PQFM_XObs_entangled_trainable_rzz_QLayers_5___seed_1_1761468207
235712,0-Episodic-Stats/episodic_length,37.0,Pong1PQFM_XObs_entangled_trainable_rzz_QLayers_5___seed_1_1761468207
244832,0-Episodic-Stats/episodic_length,227.0,Pong1PQFM_XObs_entangled_trainable_rzz_QLayers_5___seed_1_1761468207
247872,0-Episodic-Stats/episodic_length,132.0,Pong1PQFM_XObs_entangled_trainable_rzz_QLayers_5___seed_1_1761468207
253952,0-Episodic-Stats/episodic_length,227.0,Pong1PQFM_XObs_entangled_trainable_rzz_QLayers_5___seed_1_1761468207
256992,0-Episodic-Stats/episodic_length,132.0,Pong1PQFM_XObs_entangled_trainable_rzz_QLayers_5___seed_1_1761468207
260032,0-Episodic-Stats/episodic_length,132.0,Pong1PQFM_XObs_entangled_trainable_rzz_QLayers_5___seed_1_1761468207
266112,0-Episodic-Stats/episodic_length,132.0,Pong1PQFM_XObs_entangled_trainable_rzz_QLayers_5___seed_1_1761468207
269152,0-Episodic-Stats/episodic_length,132.0,Pong1PQFM_XObs_entangled_trainable_rzz_QLayers_5___seed_1_1761468207
272192,0-Episodic-Stats/episodic_length,132.0,Pong1PQFM_XObs_entangled_trainable_rzz_QLayers_5___seed_1_1761468207
275232,0-Episodic-Stats/episodic_length,132.0,Pong1PQFM_XObs_entangled_trainable_rzz_QLayers_5___seed_1_1761468207
278272,0-Episodic-Stats/episodic_length,132.0,Pong1PQFM_XObs_entangled_trainable_rzz_QLayers_5___seed_1_1761468207
281312,0-Episodic-Stats/episodic_length,132.0,Pong1PQFM_XObs_entangled_trainable_rzz_QLayers_5___seed_1_1761468207
284352,0-Episodic-Stats/episodic_length,155.75,Pong1PQFM_XObs_entangled_trainable_rzz_QLayers_5___seed_1_1761468207
287392,0-Episodic-Stats/episodic_length,132.0,Pong1PQFM_XObs_entangled_trainable_rzz_QLayers_5___seed_1_1761468207
293472,0-Episodic-Stats/episodic_length,84.5,Pong1PQFM_XObs_entangled_trainable_rzz_QLayers_5___seed_1_1761468207
296512,0-Episodic-Stats/episodic_length,132.0,Pong1PQFM_XObs_entangled_trainable_rzz_QLayers_5___seed_1_1761468207
302592,0-Episodic-Stats/episodic_length,132.0,Pong1PQFM_XObs_entangled_trainable_rzz_QLayers_5___seed_1_1761468207
308672,0-Episodic-Stats/episodic_length,227.0,Pong1PQFM_XObs_entangled_trainable_rzz_QLayers_5___seed_1_1761468207
315296,0-Episodic-Stats/episodic_length,132.0,Pong1PQFM_XObs_entangled_trainable_rzz_QLayers_5___seed_1_1761468207
342656,0-Episodic-Stats/episodic_length,132.0,Pong1PQFM_XObs_entangled_trainable_rzz_QLayers_5___seed_1_1761468207
345696,0-Episodic-Stats/episodic_length,132.0,Pong1PQFM_XObs_entangled_trainable_rzz_QLayers_5___seed_1_1761468207
348736,0-Episodic-Stats/episodic_length,37.0,Pong1PQFM_XObs_entangled_trainable_rzz_QLayers_5___seed_1_1761468207
354816,0-Episodic-Stats/episodic_length,37.0,Pong1PQFM_XObs_entangled_trainable_rzz_QLayers_5___seed_1_1761468207
357856,0-Episodic-Stats/episodic_length,179.5,Pong1PQFM_XObs_entangled_trainable_rzz_QLayers_5___seed_1_1761468207
360896,0-Episodic-Stats/episodic_length,132.0,Pong1PQFM_XObs_entangled_trainable_rzz_QLayers_5___seed_1_1761468207
366976,0-Episodic-Stats/episodic_length,132.0,Pong1PQFM_XObs_entangled_trainable_rzz_QLayers_5___seed_1_1761468207
370016,0-Episodic-Stats/episodic_length,195.3333282470703,Pong1PQFM_XObs_entangled_trainable_rzz_QLayers_5___seed_1_1761468207
373056,0-Episodic-Stats/episodic_length,132.0,Pong1PQFM_XObs_entangled_trainable_rzz_QLayers_5___seed_1_1761468207
376096,0-Episodic-Stats/episodic_length,132.0,Pong1PQFM_XObs_entangled_trainable_rzz_QLayers_5___seed_1_1761468207
379136,0-Episodic-Stats/episodic_length,155.75,Pong1PQFM_XObs_entangled_trainable_rzz_QLayers_5___seed_1_1761468207
385216,0-Episodic-Stats/episodic_length,132.0,Pong1PQFM_XObs_entangled_trainable_rzz_QLayers_5___seed_1_1761468207
388256,0-Episodic-Stats/episodic_length,227.0,Pong1PQFM_XObs_entangled_trainable_rzz_QLayers_5___seed_1_1761468207
391296,0-Episodic-Stats/episodic_length,132.0,Pong1PQFM_XObs_entangled_trainable_rzz_QLayers_5___seed_1_1761468207
394336,0-Episodic-Stats/episodic_length,132.0,Pong1PQFM_XObs_entangled_trainable_rzz_QLayers_5___seed_1_1761468207
397376,0-Episodic-Stats/episodic_length,179.5,Pong1PQFM_XObs_entangled_trainable_rzz_QLayers_5___seed_1_1761468207
403456,0-Episodic-Stats/episodic_length,179.5,Pong1PQFM_XObs_entangled_trainable_rzz_QLayers_5___seed_1_1761468207
406496,0-Episodic-Stats/episodic_length,132.0,Pong1PQFM_XObs_entangled_trainable_rzz_QLayers_5___seed_1_1761468207
419200,0-Episodic-Stats/episodic_length,227.0,Pong1PQFM_XObs_entangled_trainable_rzz_QLayers_5___seed_1_1761468207
421696,0-Episodic-Stats/episodic_length,132.0,Pong1PQFM_XObs_entangled_trainable_rzz_QLayers_5___seed_1_1761468207
446560,0-Episodic-Stats/episodic_length,132.0,Pong1PQFM_XObs_entangled_trainable_rzz_QLayers_5___seed_1_1761468207
449600,0-Episodic-Stats/episodic_length,227.0,Pong1PQFM_XObs_entangled_trainable_rzz_QLayers_5___seed_1_1761468207
452640,0-Episodic-Stats/episodic_length,132.0,Pong1PQFM_XObs_entangled_trainable_rzz_QLayers_5___seed_1_1761468207
455680,0-Episodic-Stats/episodic_length,132.0,Pong1PQFM_XObs_entangled_trainable_rzz_QLayers_5___seed_1_1761468207
461760,0-Episodic-Stats/episodic_length,132.0,Pong1PQFM_XObs_entangled_trainable_rzz_QLayers_5___seed_1_1761468207
464800,0-Episodic-Stats/episodic_length,132.0,Pong1PQFM_XObs_entangled_trainable_rzz_QLayers_5___seed_1_1761468207
470880,0-Episodic-Stats/episodic_length,227.0,Pong1PQFM_XObs_entangled_trainable_rzz_QLayers_5___seed_1_1761468207
473920,0-Episodic-Stats/episodic_length,132.0,Pong1PQFM_XObs_entangled_trainable_rzz_QLayers_5___seed_1_1761468207
483040,0-Episodic-Stats/episodic_length,227.0,Pong1PQFM_XObs_entangled_trainable_rzz_QLayers_5___seed_1_1761468207
486080,0-Episodic-Stats/episodic_length,195.3333282470703,Pong1PQFM_XObs_entangled_trainable_rzz_QLayers_5___seed_1_1761468207
489120,0-Episodic-Stats/episodic_length,37.0,Pong1PQFM_XObs_entangled_trainable_rzz_QLayers_5___seed_1_1761468207
495200,0-Episodic-Stats/episodic_length,132.0,Pong1PQFM_XObs_entangled_trainable_rzz_QLayers_5___seed_1_1761468207
498240,0-Episodic-Stats/episodic_length,258.6666564941406,Pong1PQFM_XObs_entangled_trainable_rzz_QLayers_5___seed_1_1761468207
501280,0-Episodic-Stats/episodic_length,163.6666717529297,Pong1PQFM_XObs_entangled_trainable_rzz_QLayers_5___seed_1_1761468207
504320,0-Episodic-Stats/episodic_length,227.0,Pong1PQFM_XObs_entangled_trainable_rzz_QLayers_5___seed_1_1761468207
507360,0-Episodic-Stats/episodic_length,179.5,Pong1PQFM_XObs_entangled_trainable_rzz_QLayers_5___seed_1_1761468207
510400,0-Episodic-Stats/episodic_length,132.0,Pong1PQFM_XObs_entangled_trainable_rzz_QLayers_5___seed_1_1761468207
516480,0-Episodic-Stats/episodic_length,179.5,Pong1PQFM_XObs_entangled_trainable_rzz_QLayers_5___seed_1_1761468207
525600,0-Episodic-Stats/episodic_length,132.0,Pong1PQFM_XObs_entangled_trainable_rzz_QLayers_5___seed_1_1761468207
538304,0-Episodic-Stats/episodic_length,227.0,Pong1PQFM_XObs_entangled_trainable_rzz_QLayers_5___seed_1_1761468207
571744,0-Episodic-Stats/episodic_length,227.0,Pong1PQFM_XObs_entangled_trainable_rzz_QLayers_5___seed_1_1761468207
574784,0-Episodic-Stats/episodic_length,132.0,Pong1PQFM_XObs_entangled_trainable_rzz_QLayers_5___seed_1_1761468207
580864,0-Episodic-Stats/episodic_length,132.0,Pong1PQFM_XObs_entangled_trainable_rzz_QLayers_5___seed_1_1761468207
586944,0-Episodic-Stats/episodic_length,179.5,Pong1PQFM_XObs_entangled_trainable_rzz_QLayers_5___seed_1_1761468207
589984,0-Episodic-Stats/episodic_length,227.0,Pong1PQFM_XObs_entangled_trainable_rzz_QLayers_5___seed_1_1761468207
599104,0-Episodic-Stats/episodic_length,132.0,Pong1PQFM_XObs_entangled_trainable_rzz_QLayers_5___seed_1_1761468207
602144,0-Episodic-Stats/episodic_length,132.0,Pong1PQFM_XObs_entangled_trainable_rzz_QLayers_5___seed_1_1761468207
608224,0-Episodic-Stats/episodic_length,189.0,Pong1PQFM_XObs_entangled_trainable_rzz_QLayers_5___seed_1_1761468207
611264,0-Episodic-Stats/episodic_length,227.0,Pong1PQFM_XObs_entangled_trainable_rzz_QLayers_5___seed_1_1761468207
614304,0-Episodic-Stats/episodic_length,227.0,Pong1PQFM_XObs_entangled_trainable_rzz_QLayers_5___seed_1_1761468207
617344,0-Episodic-Stats/episodic_length,227.0,Pong1PQFM_XObs_entangled_trainable_rzz_QLayers_5___seed_1_1761468207
620384,0-Episodic-Stats/episodic_length,132.0,Pong1PQFM_XObs_entangled_trainable_rzz_QLayers_5___seed_1_1761468207
626464,0-Episodic-Stats/episodic_length,132.0,Pong1PQFM_XObs_entangled_trainable_rzz_QLayers_5___seed_1_1761468207
629504,0-Episodic-Stats/episodic_length,227.0,Pong1PQFM_XObs_entangled_trainable_rzz_QLayers_5___seed_1_1761468207
635584,0-Episodic-Stats/episodic_length,227.0,Pong1PQFM_XObs_entangled_trainable_rzz_QLayers_5___seed_1_1761468207
638624,0-Episodic-Stats/episodic_length,227.0,Pong1PQFM_XObs_entangled_trainable_rzz_QLayers_5___seed_1_1761468207
644704,0-Episodic-Stats/episodic_length,227.0,Pong1PQFM_XObs_entangled_trainable_rzz_QLayers_5___seed_1_1761468207
650784,0-Episodic-Stats/episodic_length,179.5,Pong1PQFM_XObs_entangled_trainable_rzz_QLayers_5___seed_1_1761468207
656864,0-Episodic-Stats/episodic_length,227.0,Pong1PQFM_XObs_entangled_trainable_rzz_QLayers_5___seed_1_1761468207
657408,0-Episodic-Stats/episodic_length,227.0,Pong1PQFM_XObs_entangled_trainable_rzz_QLayers_5___seed_1_1761468207
659904,0-Episodic-Stats/episodic_length,179.5,Pong1PQFM_XObs_entangled_trainable_rzz_QLayers_5___seed_1_1761468207
687808,0-Episodic-Stats/episodic_length,227.0,Pong1PQFM_XObs_entangled_trainable_rzz_QLayers_5___seed_1_1761468207
699968,0-Episodic-Stats/episodic_length,322.0,Pong1PQFM_XObs_entangled_trainable_rzz_QLayers_5___seed_1_1761468207
709088,0-Episodic-Stats/episodic_length,227.0,Pong1PQFM_XObs_entangled_trainable_rzz_QLayers_5___seed_1_1761468207
721248,0-Episodic-Stats/episodic_length,179.5,Pong1PQFM_XObs_entangled_trainable_rzz_QLayers_5___seed_1_1761468207
724288,0-Episodic-Stats/episodic_length,132.0,Pong1PQFM_XObs_entangled_trainable_rzz_QLayers_5___seed_1_1761468207
727328,0-Episodic-Stats/episodic_length,132.0,Pong1PQFM_XObs_entangled_trainable_rzz_QLayers_5___seed_1_1761468207
733408,0-Episodic-Stats/episodic_length,227.0,Pong1PQFM_XObs_entangled_trainable_rzz_QLayers_5___seed_1_1761468207
742528,0-Episodic-Stats/episodic_length,179.5,Pong1PQFM_XObs_entangled_trainable_rzz_QLayers_5___seed_1_1761468207
745568,0-Episodic-Stats/episodic_length,322.0,Pong1PQFM_XObs_entangled_trainable_rzz_QLayers_5___seed_1_1761468207
748608,0-Episodic-Stats/episodic_length,227.0,Pong1PQFM_XObs_entangled_trainable_rzz_QLayers_5___seed_1_1761468207
751648,0-Episodic-Stats/episodic_length,179.5,Pong1PQFM_XObs_entangled_trainable_rzz_QLayers_5___seed_1_1761468207
754688,0-Episodic-Stats/episodic_length,227.0,Pong1PQFM_XObs_entangled_trainable_rzz_QLayers_5___seed_1_1761468207
757728,0-Episodic-Stats/episodic_length,258.6666564941406,Pong1PQFM_XObs_entangled_trainable_rzz_QLayers_5___seed_1_1761468207
763808,0-Episodic-Stats/episodic_length,227.0,Pong1PQFM_XObs_entangled_trainable_rzz_QLayers_5___seed_1_1761468207
766848,0-Episodic-Stats/episodic_length,227.0,Pong1PQFM_XObs_entangled_trainable_rzz_QLayers_5___seed_1_1761468207
769888,0-Episodic-Stats/episodic_length,227.0,Pong1PQFM_XObs_entangled_trainable_rzz_QLayers_5___seed_1_1761468207
772928,0-Episodic-Stats/episodic_length,227.0,Pong1PQFM_XObs_entangled_trainable_rzz_QLayers_5___seed_1_1761468207
785088,0-Episodic-Stats/episodic_length,227.0,Pong1PQFM_XObs_entangled_trainable_rzz_QLayers_5___seed_1_1761468207
788128,0-Episodic-Stats/episodic_length,417.0,Pong1PQFM_XObs_entangled_trainable_rzz_QLayers_5___seed_1_1761468207
794208,0-Episodic-Stats/episodic_length,274.5,Pong1PQFM_XObs_entangled_trainable_rzz_QLayers_5___seed_1_1761468207
809408,0-Episodic-Stats/episodic_length,227.0,Pong1PQFM_XObs_entangled_trainable_rzz_QLayers_5___seed_1_1761468207
812448,0-Episodic-Stats/episodic_length,227.0,Pong1PQFM_XObs_entangled_trainable_rzz_QLayers_5___seed_1_1761468207
812992,0-Episodic-Stats/episodic_length,227.0,Pong1PQFM_XObs_entangled_trainable_rzz_QLayers_5___seed_1_1761468207
815488,0-Episodic-Stats/episodic_length,227.0,Pong1PQFM_XObs_entangled_trainable_rzz_QLayers_5___seed_1_1761468207
846432,0-Episodic-Stats/episodic_length,322.0,Pong1PQFM_XObs_entangled_trainable_rzz_QLayers_5___seed_1_1761468207
852512,0-Episodic-Stats/episodic_length,227.0,Pong1PQFM_XObs_entangled_trainable_rzz_QLayers_5___seed_1_1761468207
855552,0-Episodic-Stats/episodic_length,227.0,Pong1PQFM_XObs_entangled_trainable_rzz_QLayers_5___seed_1_1761468207
867712,0-Episodic-Stats/episodic_length,227.0,Pong1PQFM_XObs_entangled_trainable_rzz_QLayers_5___seed_1_1761468207
870752,0-Episodic-Stats/episodic_length,322.0,Pong1PQFM_XObs_entangled_trainable_rzz_QLayers_5___seed_1_1761468207
873792,0-Episodic-Stats/episodic_length,227.0,Pong1PQFM_XObs_entangled_trainable_rzz_QLayers_5___seed_1_1761468207
879872,0-Episodic-Stats/episodic_length,227.0,Pong1PQFM_XObs_entangled_trainable_rzz_QLayers_5___seed_1_1761468207
885952,0-Episodic-Stats/episodic_length,132.0,Pong1PQFM_XObs_entangled_trainable_rzz_QLayers_5___seed_1_1761468207
892032,0-Episodic-Stats/episodic_length,322.0,Pong1PQFM_XObs_entangled_trainable_rzz_QLayers_5___seed_1_1761468207
907232,0-Episodic-Stats/episodic_length,322.0,Pong1PQFM_XObs_entangled_trainable_rzz_QLayers_5___seed_1_1761468207
913312,0-Episodic-Stats/episodic_length,258.6666564941406,Pong1PQFM_XObs_entangled_trainable_rzz_QLayers_5___seed_1_1761468207
916352,0-Episodic-Stats/episodic_length,322.0,Pong1PQFM_XObs_entangled_trainable_rzz_QLayers_5___seed_1_1761468207
919392,0-Episodic-Stats/episodic_length,227.0,Pong1PQFM_XObs_entangled_trainable_rzz_QLayers_5___seed_1_1761468207
922432,0-Episodic-Stats/episodic_length,227.0,Pong1PQFM_XObs_entangled_trainable_rzz_QLayers_5___seed_1_1761468207
928512,0-Episodic-Stats/episodic_length,227.0,Pong1PQFM_XObs_entangled_trainable_rzz_QLayers_5___seed_1_1761468207
931552,0-Episodic-Stats/episodic_length,227.0,Pong1PQFM_XObs_entangled_trainable_rzz_QLayers_5___seed_1_1761468207
934592,0-Episodic-Stats/episodic_length,227.0,Pong1PQFM_XObs_entangled_trainable_rzz_QLayers_5___seed_1_1761468207
949440,0-Episodic-Stats/episodic_length,227.0,Pong1PQFM_XObs_entangled_trainable_rzz_QLayers_5___seed_1_1761468207
958912,0-Episodic-Stats/episodic_length,227.0,Pong1PQFM_XObs_entangled_trainable_rzz_QLayers_5___seed_1_1761468207
959456,0-Episodic-Stats/episodic_length,132.0,Pong1PQFM_XObs_entangled_trainable_rzz_QLayers_5___seed_1_1761468207
961952,0-Episodic-Stats/episodic_length,227.0,Pong1PQFM_XObs_entangled_trainable_rzz_QLayers_5___seed_1_1761468207
968032,0-Episodic-Stats/episodic_length,227.0,Pong1PQFM_XObs_entangled_trainable_rzz_QLayers_5___seed_1_1761468207
977152,0-Episodic-Stats/episodic_length,227.0,Pong1PQFM_XObs_entangled_trainable_rzz_QLayers_5___seed_1_1761468207
986272,0-Episodic-Stats/episodic_length,227.0,Pong1PQFM_XObs_entangled_trainable_rzz_QLayers_5___seed_1_1761468207
986816,0-Episodic-Stats/episodic_length,227.0,Pong1PQFM_XObs_entangled_trainable_rzz_QLayers_5___seed_1_1761468207
1008096,0-Episodic-Stats/episodic_length,227.0,Pong1PQFM_XObs_entangled_trainable_rzz_QLayers_5___seed_1_1761468207
1014176,0-Episodic-Stats/episodic_length,227.0,Pong1PQFM_XObs_entangled_trainable_rzz_QLayers_5___seed_1_1761468207
1023296,0-Episodic-Stats/episodic_length,227.0,Pong1PQFM_XObs_entangled_trainable_rzz_QLayers_5___seed_1_1761468207
1026336,0-Episodic-Stats/episodic_length,132.0,Pong1PQFM_XObs_entangled_trainable_rzz_QLayers_5___seed_1_1761468207
1029376,0-Episodic-Stats/episodic_length,132.0,Pong1PQFM_XObs_entangled_trainable_rzz_QLayers_5___seed_1_1761468207
1032416,0-Episodic-Stats/episodic_length,227.0,Pong1PQFM_XObs_entangled_trainable_rzz_QLayers_5___seed_1_1761468207
1035456,0-Episodic-Stats/episodic_length,227.0,Pong1PQFM_XObs_entangled_trainable_rzz_QLayers_5___seed_1_1761468207
1038496,0-Episodic-Stats/episodic_length,227.0,Pong1PQFM_XObs_entangled_trainable_rzz_QLayers_5___seed_1_1761468207
1041184,0-Episodic-Stats/episodic_length,322.0,Pong1PQFM_XObs_entangled_trainable_rzz_QLayers_5___seed_1_1761468207
1047616,0-Episodic-Stats/episodic_length,227.0,Pong1PQFM_XObs_entangled_trainable_rzz_QLayers_5___seed_1_1761468207
1056736,0-Episodic-Stats/episodic_length,227.0,Pong1PQFM_XObs_entangled_trainable_rzz_QLayers_5___seed_1_1761468207
1059776,0-Episodic-Stats/episodic_length,227.0,Pong1PQFM_XObs_entangled_trainable_rzz_QLayers_5___seed_1_1761468207
1062816,0-Episodic-Stats/episodic_length,132.0,Pong1PQFM_XObs_entangled_trainable_rzz_QLayers_5___seed_1_1761468207
1065856,0-Episodic-Stats/episodic_length,227.0,Pong1PQFM_XObs_entangled_trainable_rzz_QLayers_5___seed_1_1761468207
1071936,0-Episodic-Stats/episodic_length,227.0,Pong1PQFM_XObs_entangled_trainable_rzz_QLayers_5___seed_1_1761468207
1081056,0-Episodic-Stats/episodic_length,195.3333282470703,Pong1PQFM_XObs_entangled_trainable_rzz_QLayers_5___seed_1_1761468207
1084096,0-Episodic-Stats/episodic_length,227.0,Pong1PQFM_XObs_entangled_trainable_rzz_QLayers_5___seed_1_1761468207
1090176,0-Episodic-Stats/episodic_length,227.0,Pong1PQFM_XObs_entangled_trainable_rzz_QLayers_5___seed_1_1761468207
1096256,0-Episodic-Stats/episodic_length,227.0,Pong1PQFM_XObs_entangled_trainable_rzz_QLayers_5___seed_1_1761468207
1102336,0-Episodic-Stats/episodic_length,227.0,Pong1PQFM_XObs_entangled_trainable_rzz_QLayers_5___seed_1_1761468207
1102880,0-Episodic-Stats/episodic_length,132.0,Pong1PQFM_XObs_entangled_trainable_rzz_QLayers_5___seed_1_1761468207
1108064,0-Episodic-Stats/episodic_length,132.0,Pong1PQFM_XObs_entangled_trainable_rzz_QLayers_5___seed_1_1761468207
1108416,0-Episodic-Stats/episodic_length,227.0,Pong1PQFM_XObs_entangled_trainable_rzz_QLayers_5___seed_1_1761468207
1111456,0-Episodic-Stats/episodic_length,227.0,Pong1PQFM_XObs_entangled_trainable_rzz_QLayers_5___seed_1_1761468207
1123616,0-Episodic-Stats/episodic_length,227.0,Pong1PQFM_XObs_entangled_trainable_rzz_QLayers_5___seed_1_1761468207
1132736,0-Episodic-Stats/episodic_length,797.0,Pong1PQFM_XObs_entangled_trainable_rzz_QLayers_5___seed_1_1761468207
1150976,0-Episodic-Stats/episodic_length,227.0,Pong1PQFM_XObs_entangled_trainable_rzz_QLayers_5___seed_1_1761468207
1157600,0-Episodic-Stats/episodic_length,322.0,Pong1PQFM_XObs_entangled_trainable_rzz_QLayers_5___seed_1_1761468207
1172800,0-Episodic-Stats/episodic_length,227.0,Pong1PQFM_XObs_entangled_trainable_rzz_QLayers_5___seed_1_1761468207
1175840,0-Episodic-Stats/episodic_length,179.5,Pong1PQFM_XObs_entangled_trainable_rzz_QLayers_5___seed_1_1761468207
1178880,0-Episodic-Stats/episodic_length,132.0,Pong1PQFM_XObs_entangled_trainable_rzz_QLayers_5___seed_1_1761468207
1181920,0-Episodic-Stats/episodic_length,227.0,Pong1PQFM_XObs_entangled_trainable_rzz_QLayers_5___seed_1_1761468207
1188000,0-Episodic-Stats/episodic_length,322.0,Pong1PQFM_XObs_entangled_trainable_rzz_QLayers_5___seed_1_1761468207
1194080,0-Episodic-Stats/episodic_length,227.0,Pong1PQFM_XObs_entangled_trainable_rzz_QLayers_5___seed_1_1761468207
1200160,0-Episodic-Stats/episodic_length,179.5,Pong1PQFM_XObs_entangled_trainable_rzz_QLayers_5___seed_1_1761468207
1206240,0-Episodic-Stats/episodic_length,227.0,Pong1PQFM_XObs_entangled_trainable_rzz_QLayers_5___seed_1_1761468207
1211968,0-Episodic-Stats/episodic_length,227.0,Pong1PQFM_XObs_entangled_trainable_rzz_QLayers_5___seed_1_1761468207
1215360,0-Episodic-Stats/episodic_length,227.0,Pong1PQFM_XObs_entangled_trainable_rzz_QLayers_5___seed_1_1761468207
1227520,0-Episodic-Stats/episodic_length,227.0,Pong1PQFM_XObs_entangled_trainable_rzz_QLayers_5___seed_1_1761468207
1230560,0-Episodic-Stats/episodic_length,274.5,Pong1PQFM_XObs_entangled_trainable_rzz_QLayers_5___seed_1_1761468207
1236640,0-Episodic-Stats/episodic_length,227.0,Pong1PQFM_XObs_entangled_trainable_rzz_QLayers_5___seed_1_1761468207
1242720,0-Episodic-Stats/episodic_length,227.0,Pong1PQFM_XObs_entangled_trainable_rzz_QLayers_5___seed_1_1761468207
1245760,0-Episodic-Stats/episodic_length,227.0,Pong1PQFM_XObs_entangled_trainable_rzz_QLayers_5___seed_1_1761468207
1248800,0-Episodic-Stats/episodic_length,227.0,Pong1PQFM_XObs_entangled_trainable_rzz_QLayers_5___seed_1_1761468207
1251840,0-Episodic-Stats/episodic_length,322.0,Pong1PQFM_XObs_entangled_trainable_rzz_QLayers_5___seed_1_1761468207
1254880,0-Episodic-Stats/episodic_length,227.0,Pong1PQFM_XObs_entangled_trainable_rzz_QLayers_5___seed_1_1761468207
1255424,0-Episodic-Stats/episodic_length,227.0,Pong1PQFM_XObs_entangled_trainable_rzz_QLayers_5___seed_1_1761468207
1257920,0-Episodic-Stats/episodic_length,227.0,Pong1PQFM_XObs_entangled_trainable_rzz_QLayers_5___seed_1_1761468207
1266688,0-Episodic-Stats/episodic_length,227.0,Pong1PQFM_XObs_entangled_trainable_rzz_QLayers_5___seed_1_1761468207
1267040,0-Episodic-Stats/episodic_length,227.0,Pong1PQFM_XObs_entangled_trainable_rzz_QLayers_5___seed_1_1761468207
1273120,0-Episodic-Stats/episodic_length,227.0,Pong1PQFM_XObs_entangled_trainable_rzz_QLayers_5___seed_1_1761468207
1279200,0-Episodic-Stats/episodic_length,132.0,Pong1PQFM_XObs_entangled_trainable_rzz_QLayers_5___seed_1_1761468207
1288320,0-Episodic-Stats/episodic_length,132.0,Pong1PQFM_XObs_entangled_trainable_rzz_QLayers_5___seed_1_1761468207
1328384,0-Episodic-Stats/episodic_length,227.0,Pong1PQFM_XObs_entangled_trainable_rzz_QLayers_5___seed_1_1761468207
1331424,0-Episodic-Stats/episodic_length,322.0,Pong1PQFM_XObs_entangled_trainable_rzz_QLayers_5___seed_1_1761468207
1334464,0-Episodic-Stats/episodic_length,227.0,Pong1PQFM_XObs_entangled_trainable_rzz_QLayers_5___seed_1_1761468207
1340544,0-Episodic-Stats/episodic_length,227.0,Pong1PQFM_XObs_entangled_trainable_rzz_QLayers_5___seed_1_1761468207
1343584,0-Episodic-Stats/episodic_length,290.3333435058594,Pong1PQFM_XObs_entangled_trainable_rzz_QLayers_5___seed_1_1761468207
1346624,0-Episodic-Stats/episodic_length,227.0,Pong1PQFM_XObs_entangled_trainable_rzz_QLayers_5___seed_1_1761468207
1349664,0-Episodic-Stats/episodic_length,37.0,Pong1PQFM_XObs_entangled_trainable_rzz_QLayers_5___seed_1_1761468207
1364864,0-Episodic-Stats/episodic_length,227.0,Pong1PQFM_XObs_entangled_trainable_rzz_QLayers_5___seed_1_1761468207
1376672,0-Episodic-Stats/episodic_length,132.0,Pong1PQFM_XObs_entangled_trainable_rzz_QLayers_5___seed_1_1761468207
1377024,0-Episodic-Stats/episodic_length,227.0,Pong1PQFM_XObs_entangled_trainable_rzz_QLayers_5___seed_1_1761468207
1401344,0-Episodic-Stats/episodic_length,227.0,Pong1PQFM_XObs_entangled_trainable_rzz_QLayers_5___seed_1_1761468207
1410464,0-Episodic-Stats/episodic_length,322.0,Pong1PQFM_XObs_entangled_trainable_rzz_QLayers_5___seed_1_1761468207
1413504,0-Episodic-Stats/episodic_length,417.0,Pong1PQFM_XObs_entangled_trainable_rzz_QLayers_5___seed_1_1761468207
1414048,0-Episodic-Stats/episodic_length,322.0,Pong1PQFM_XObs_entangled_trainable_rzz_QLayers_5___seed_1_1761468207
1416544,0-Episodic-Stats/episodic_length,258.6666564941406,Pong1PQFM_XObs_entangled_trainable_rzz_QLayers_5___seed_1_1761468207
1422624,0-Episodic-Stats/episodic_length,227.0,Pong1PQFM_XObs_entangled_trainable_rzz_QLayers_5___seed_1_1761468207
1425664,0-Episodic-Stats/episodic_length,417.0,Pong1PQFM_XObs_entangled_trainable_rzz_QLayers_5___seed_1_1761468207
1431392,0-Episodic-Stats/episodic_length,322.0,Pong1PQFM_XObs_entangled_trainable_rzz_QLayers_5___seed_1_1761468207
1434784,0-Episodic-Stats/episodic_length,607.0,Pong1PQFM_XObs_entangled_trainable_rzz_QLayers_5___seed_1_1761468207
1443904,0-Episodic-Stats/episodic_length,132.0,Pong1PQFM_XObs_entangled_trainable_rzz_QLayers_5___seed_1_1761468207
1446944,0-Episodic-Stats/episodic_length,417.0,Pong1PQFM_XObs_entangled_trainable_rzz_QLayers_5___seed_1_1761468207
1453024,0-Episodic-Stats/episodic_length,227.0,Pong1PQFM_XObs_entangled_trainable_rzz_QLayers_5___seed_1_1761468207
1493088,0-Episodic-Stats/episodic_length,322.0,Pong1PQFM_XObs_entangled_trainable_rzz_QLayers_5___seed_1_1761468207
1499168,0-Episodic-Stats/episodic_length,227.0,Pong1PQFM_XObs_entangled_trainable_rzz_QLayers_5___seed_1_1761468207
1508288,0-Episodic-Stats/episodic_length,227.0,Pong1PQFM_XObs_entangled_trainable_rzz_QLayers_5___seed_1_1761468207
1511328,0-Episodic-Stats/episodic_length,227.0,Pong1PQFM_XObs_entangled_trainable_rzz_QLayers_5___seed_1_1761468207
1517408,0-Episodic-Stats/episodic_length,227.0,Pong1PQFM_XObs_entangled_trainable_rzz_QLayers_5___seed_1_1761468207
1523488,0-Episodic-Stats/episodic_length,322.0,Pong1PQFM_XObs_entangled_trainable_rzz_QLayers_5___seed_1_1761468207
1526528,0-Episodic-Stats/episodic_length,274.5,Pong1PQFM_XObs_entangled_trainable_rzz_QLayers_5___seed_1_1761468207
1547808,0-Episodic-Stats/episodic_length,227.0,Pong1PQFM_XObs_entangled_trainable_rzz_QLayers_5___seed_1_1761468207
1550848,0-Episodic-Stats/episodic_length,227.0,Pong1PQFM_XObs_entangled_trainable_rzz_QLayers_5___seed_1_1761468207
1556928,0-Episodic-Stats/episodic_length,132.0,Pong1PQFM_XObs_entangled_trainable_rzz_QLayers_5___seed_1_1761468207
1568736,0-Episodic-Stats/episodic_length,227.0,Pong1PQFM_XObs_entangled_trainable_rzz_QLayers_5___seed_1_1761468207
1571424,0-Episodic-Stats/episodic_length,227.0,Pong1PQFM_XObs_entangled_trainable_rzz_QLayers_5___seed_1_1761468207
1581248,0-Episodic-Stats/episodic_length,322.0,Pong1PQFM_XObs_entangled_trainable_rzz_QLayers_5___seed_1_1761468207
1596448,0-Episodic-Stats/episodic_length,227.0,Pong1PQFM_XObs_entangled_trainable_rzz_QLayers_5___seed_1_1761468207
1598784,0-Episodic-Stats/episodic_length,227.0,Pong1PQFM_XObs_entangled_trainable_rzz_QLayers_5___seed_1_1761468207
1602528,0-Episodic-Stats/episodic_length,227.0,Pong1PQFM_XObs_entangled_trainable_rzz_QLayers_5___seed_1_1761468207
1605216,0-Episodic-Stats/episodic_length,322.0,Pong1PQFM_XObs_entangled_trainable_rzz_QLayers_5___seed_1_1761468207
1608608,0-Episodic-Stats/episodic_length,227.0,Pong1PQFM_XObs_entangled_trainable_rzz_QLayers_5___seed_1_1761468207
1611296,0-Episodic-Stats/episodic_length,227.0,Pong1PQFM_XObs_entangled_trainable_rzz_QLayers_5___seed_1_1761468207
1617024,0-Episodic-Stats/episodic_length,227.0,Pong1PQFM_XObs_entangled_trainable_rzz_QLayers_5___seed_1_1761468207
1623808,0-Episodic-Stats/episodic_length,322.0,Pong1PQFM_XObs_entangled_trainable_rzz_QLayers_5___seed_1_1761468207
1629888,0-Episodic-Stats/episodic_length,227.0,Pong1PQFM_XObs_entangled_trainable_rzz_QLayers_5___seed_1_1761468207
1630432,0-Episodic-Stats/episodic_length,227.0,Pong1PQFM_XObs_entangled_trainable_rzz_QLayers_5___seed_1_1761468207
1642048,0-Episodic-Stats/episodic_length,322.0,Pong1PQFM_XObs_entangled_trainable_rzz_QLayers_5___seed_1_1761468207
1648128,0-Episodic-Stats/episodic_length,322.0,Pong1PQFM_XObs_entangled_trainable_rzz_QLayers_5___seed_1_1761468207
1663872,0-Episodic-Stats/episodic_length,322.0,Pong1PQFM_XObs_entangled_trainable_rzz_QLayers_5___seed_1_1761468207
1693920,0-Episodic-Stats/episodic_length,227.0,Pong1PQFM_XObs_entangled_trainable_rzz_QLayers_5___seed_1_1761468207
1694272,0-Episodic-Stats/episodic_length,227.0,Pong1PQFM_XObs_entangled_trainable_rzz_QLayers_5___seed_1_1761468207
1706432,0-Episodic-Stats/episodic_length,227.0,Pong1PQFM_XObs_entangled_trainable_rzz_QLayers_5___seed_1_1761468207
1708064,0-Episodic-Stats/episodic_length,227.0,Pong1PQFM_XObs_entangled_trainable_rzz_QLayers_5___seed_1_1761468207
1712512,0-Episodic-Stats/episodic_length,227.0,Pong1PQFM_XObs_entangled_trainable_rzz_QLayers_5___seed_1_1761468207
1718592,0-Episodic-Stats/episodic_length,227.0,Pong1PQFM_XObs_entangled_trainable_rzz_QLayers_5___seed_1_1761468207
1721632,0-Episodic-Stats/episodic_length,227.0,Pong1PQFM_XObs_entangled_trainable_rzz_QLayers_5___seed_1_1761468207
1730752,0-Episodic-Stats/episodic_length,274.5,Pong1PQFM_XObs_entangled_trainable_rzz_QLayers_5___seed_1_1761468207
1739520,0-Episodic-Stats/episodic_length,227.0,Pong1PQFM_XObs_entangled_trainable_rzz_QLayers_5___seed_1_1761468207
1750976,0-Episodic-Stats/episodic_length,512.0,Pong1PQFM_XObs_entangled_trainable_rzz_QLayers_5___seed_1_1761468207
1752032,0-Episodic-Stats/episodic_length,132.0,Pong1PQFM_XObs_entangled_trainable_rzz_QLayers_5___seed_1_1761468207
1758112,0-Episodic-Stats/episodic_length,227.0,Pong1PQFM_XObs_entangled_trainable_rzz_QLayers_5___seed_1_1761468207
1763488,0-Episodic-Stats/episodic_length,322.0,Pong1PQFM_XObs_entangled_trainable_rzz_QLayers_5___seed_1_1761468207
1779040,0-Episodic-Stats/episodic_length,227.0,Pong1PQFM_XObs_entangled_trainable_rzz_QLayers_5___seed_1_1761468207
1781728,0-Episodic-Stats/episodic_length,227.0,Pong1PQFM_XObs_entangled_trainable_rzz_QLayers_5___seed_1_1761468207
1785472,0-Episodic-Stats/episodic_length,132.0,Pong1PQFM_XObs_entangled_trainable_rzz_QLayers_5___seed_1_1761468207
1788512,0-Episodic-Stats/episodic_length,227.0,Pong1PQFM_XObs_entangled_trainable_rzz_QLayers_5___seed_1_1761468207
1791200,0-Episodic-Stats/episodic_length,322.0,Pong1PQFM_XObs_entangled_trainable_rzz_QLayers_5___seed_1_1761468207
1800320,0-Episodic-Stats/episodic_length,322.0,Pong1PQFM_XObs_entangled_trainable_rzz_QLayers_5___seed_1_1761468207
1801216,0-Episodic-Stats/episodic_length,227.0,Pong1PQFM_XObs_entangled_trainable_rzz_QLayers_5___seed_1_1761468207
1806048,0-Episodic-Stats/episodic_length,322.0,Pong1PQFM_XObs_entangled_trainable_rzz_QLayers_5___seed_1_1761468207
1808736,0-Episodic-Stats/episodic_length,322.0,Pong1PQFM_XObs_entangled_trainable_rzz_QLayers_5___seed_1_1761468207
1815168,0-Episodic-Stats/episodic_length,322.0,Pong1PQFM_XObs_entangled_trainable_rzz_QLayers_5___seed_1_1761468207
1815520,0-Episodic-Stats/episodic_length,417.0,Pong1PQFM_XObs_entangled_trainable_rzz_QLayers_5___seed_1_1761468207
1818912,0-Episodic-Stats/episodic_length,132.0,Pong1PQFM_XObs_entangled_trainable_rzz_QLayers_5___seed_1_1761468207
1829664,0-Episodic-Stats/episodic_length,227.0,Pong1PQFM_XObs_entangled_trainable_rzz_QLayers_5___seed_1_1761468207
1839488,0-Episodic-Stats/episodic_length,227.0,Pong1PQFM_XObs_entangled_trainable_rzz_QLayers_5___seed_1_1761468207
1848256,0-Episodic-Stats/episodic_length,512.0,Pong1PQFM_XObs_entangled_trainable_rzz_QLayers_5___seed_1_1761468207
1855040,0-Episodic-Stats/episodic_length,987.0,Pong1PQFM_XObs_entangled_trainable_rzz_QLayers_5___seed_1_1761468207
1866848,0-Episodic-Stats/episodic_length,417.0,Pong1PQFM_XObs_entangled_trainable_rzz_QLayers_5___seed_1_1761468207
1867744,0-Episodic-Stats/episodic_length,512.0,Pong1PQFM_XObs_entangled_trainable_rzz_QLayers_5___seed_1_1761468207
1871136,0-Episodic-Stats/episodic_length,132.0,Pong1PQFM_XObs_entangled_trainable_rzz_QLayers_5___seed_1_1761468207
1880256,0-Episodic-Stats/episodic_length,322.0,Pong1PQFM_XObs_entangled_trainable_rzz_QLayers_5___seed_1_1761468207
1889376,0-Episodic-Stats/episodic_length,132.0,Pong1PQFM_XObs_entangled_trainable_rzz_QLayers_5___seed_1_1761468207
1898496,0-Episodic-Stats/episodic_length,37.0,Pong1PQFM_XObs_entangled_trainable_rzz_QLayers_5___seed_1_1761468207
1910304,0-Episodic-Stats/episodic_length,227.0,Pong1PQFM_XObs_entangled_trainable_rzz_QLayers_5___seed_1_1761468207
1913344,0-Episodic-Stats/episodic_length,227.0,Pong1PQFM_XObs_entangled_trainable_rzz_QLayers_5___seed_1_1761468207
1922816,0-Episodic-Stats/episodic_length,322.0,Pong1PQFM_XObs_entangled_trainable_rzz_QLayers_5___seed_1_1761468207
1928192,0-Episodic-Stats/episodic_length,322.0,Pong1PQFM_XObs_entangled_trainable_rzz_QLayers_5___seed_1_1761468207
1950176,0-Episodic-Stats/episodic_length,227.0,Pong1PQFM_XObs_entangled_trainable_rzz_QLayers_5___seed_1_1761468207
1952512,0-Episodic-Stats/episodic_length,227.0,Pong1PQFM_XObs_entangled_trainable_rzz_QLayers_5___seed_1_1761468207
1952864,0-Episodic-Stats/episodic_length,227.0,Pong1PQFM_XObs_entangled_trainable_rzz_QLayers_5___seed_1_1761468207
1957184,0-Episodic-Stats/episodic_length,607.0,Pong1PQFM_XObs_entangled_trainable_rzz_QLayers_5___seed_1_1761468207
1958240,0-Episodic-Stats/episodic_length,227.0,Pong1PQFM_XObs_entangled_trainable_rzz_QLayers_5___seed_1_1761468207
1959296,0-Episodic-Stats/episodic_length,227.0,Pong1PQFM_XObs_entangled_trainable_rzz_QLayers_5___seed_1_1761468207
1967360,0-Episodic-Stats/episodic_length,322.0,Pong1PQFM_XObs_entangled_trainable_rzz_QLayers_5___seed_1_1761468207
1970400,0-Episodic-Stats/episodic_length,132.0,Pong1PQFM_XObs_entangled_trainable_rzz_QLayers_5___seed_1_1761468207
1985600,0-Episodic-Stats/episodic_length,132.0,Pong1PQFM_XObs_entangled_trainable_rzz_QLayers_5___seed_1_1761468207
1998464,0-Episodic-Stats/episodic_length,227.0,Pong1PQFM_XObs_entangled_trainable_rzz_QLayers_5___seed_1_1761468207
2000800,0-Episodic-Stats/episodic_length,512.0,Pong1PQFM_XObs_entangled_trainable_rzz_QLayers_5___seed_1_1761468207
2019392,0-Episodic-Stats/episodic_length,417.0,Pong1PQFM_XObs_entangled_trainable_rzz_QLayers_5___seed_1_1761468207
2019936,0-Episodic-Stats/episodic_length,227.0,Pong1PQFM_XObs_entangled_trainable_rzz_QLayers_5___seed_1_1761468207
2027456,0-Episodic-Stats/episodic_length,227.0,Pong1PQFM_XObs_entangled_trainable_rzz_QLayers_5___seed_1_1761468207
2031552,0-Episodic-Stats/episodic_length,227.0,Pong1PQFM_XObs_entangled_trainable_rzz_QLayers_5___seed_1_1761468207
2034240,0-Episodic-Stats/episodic_length,227.0,Pong1PQFM_XObs_entangled_trainable_rzz_QLayers_5___seed_1_1761468207
2037984,0-Episodic-Stats/episodic_length,227.0,Pong1PQFM_XObs_entangled_trainable_rzz_QLayers_5___seed_1_1761468207
2039968,0-Episodic-Stats/episodic_length,417.0,Pong1PQFM_XObs_entangled_trainable_rzz_QLayers_5___seed_1_1761468207
2042304,0-Episodic-Stats/episodic_length,417.0,Pong1PQFM_XObs_entangled_trainable_rzz_QLayers_5___seed_1_1761468207
2046400,0-Episodic-Stats/episodic_length,417.0,Pong1PQFM_XObs_entangled_trainable_rzz_QLayers_5___seed_1_1761468207
2049440,0-Episodic-Stats/episodic_length,227.0,Pong1PQFM_XObs_entangled_trainable_rzz_QLayers_5___seed_1_1761468207
2075008,0-Episodic-Stats/episodic_length,227.0,Pong1PQFM_XObs_entangled_trainable_rzz_QLayers_5___seed_1_1761468207
2078048,0-Episodic-Stats/episodic_length,322.0,Pong1PQFM_XObs_entangled_trainable_rzz_QLayers_5___seed_1_1761468207
2090560,0-Episodic-Stats/episodic_length,227.0,Pong1PQFM_XObs_entangled_trainable_rzz_QLayers_5___seed_1_1761468207
2101312,0-Episodic-Stats/episodic_length,227.0,Pong1PQFM_XObs_entangled_trainable_rzz_QLayers_5___seed_1_1761468207
2103456,0-Episodic-Stats/episodic_length,322.0,Pong1PQFM_XObs_entangled_trainable_rzz_QLayers_5___seed_1_1761468207
2116512,0-Episodic-Stats/episodic_length,227.0,Pong1PQFM_XObs_entangled_trainable_rzz_QLayers_5___seed_1_1761468207
2117216,0-Episodic-Stats/episodic_length,274.5,Pong1PQFM_XObs_entangled_trainable_rzz_QLayers_5___seed_1_1761468207
2117920,0-Episodic-Stats/episodic_length,227.0,Pong1PQFM_XObs_entangled_trainable_rzz_QLayers_5___seed_1_1761468207
2144576,0-Episodic-Stats/episodic_length,227.0,Pong1PQFM_XObs_entangled_trainable_rzz_QLayers_5___seed_1_1761468207
2147264,0-Episodic-Stats/episodic_length,417.0,Pong1PQFM_XObs_entangled_trainable_rzz_QLayers_5___seed_1_1761468207
2147616,0-Episodic-Stats/episodic_length,227.0,Pong1PQFM_XObs_entangled_trainable_rzz_QLayers_5___seed_1_1761468207
2152992,0-Episodic-Stats/episodic_length,132.0,Pong1PQFM_XObs_entangled_trainable_rzz_QLayers_5___seed_1_1761468207
2160480,0-Episodic-Stats/episodic_length,227.0,Pong1PQFM_XObs_entangled_trainable_rzz_QLayers_5___seed_1_1761468207
2166560,0-Episodic-Stats/episodic_length,227.0,Pong1PQFM_XObs_entangled_trainable_rzz_QLayers_5___seed_1_1761468207
2178944,0-Episodic-Stats/episodic_length,227.0,Pong1PQFM_XObs_entangled_trainable_rzz_QLayers_5___seed_1_1761468207
2183040,0-Episodic-Stats/episodic_length,227.0,Pong1PQFM_XObs_entangled_trainable_rzz_QLayers_5___seed_1_1761468207
2193216,0-Episodic-Stats/episodic_length,417.0,Pong1PQFM_XObs_entangled_trainable_rzz_QLayers_5___seed_1_1761468207
2199648,0-Episodic-Stats/episodic_length,322.0,Pong1PQFM_XObs_entangled_trainable_rzz_QLayers_5___seed_1_1761468207
2213440,0-Episodic-Stats/episodic_length,227.0,Pong1PQFM_XObs_entangled_trainable_rzz_QLayers_5___seed_1_1761468207
2219168,0-Episodic-Stats/episodic_length,417.0,Pong1PQFM_XObs_entangled_trainable_rzz_QLayers_5___seed_1_1761468207
2229344,0-Episodic-Stats/episodic_length,322.0,Pong1PQFM_XObs_entangled_trainable_rzz_QLayers_5___seed_1_1761468207
2229536,0-Episodic-Stats/episodic_length,227.0,Pong1PQFM_XObs_entangled_trainable_rzz_QLayers_5___seed_1_1761468207
2230624,0-Episodic-Stats/episodic_length,417.0,Pong1PQFM_XObs_entangled_trainable_rzz_QLayers_5___seed_1_1761468207
2234016,0-Episodic-Stats/episodic_length,417.0,Pong1PQFM_XObs_entangled_trainable_rzz_QLayers_5___seed_1_1761468207
2238464,0-Episodic-Stats/episodic_length,227.0,Pong1PQFM_XObs_entangled_trainable_rzz_QLayers_5___seed_1_1761468207
2246880,0-Episodic-Stats/episodic_length,227.0,Pong1PQFM_XObs_entangled_trainable_rzz_QLayers_5___seed_1_1761468207
2248480,0-Episodic-Stats/episodic_length,322.0,Pong1PQFM_XObs_entangled_trainable_rzz_QLayers_5___seed_1_1761468207
2251904,0-Episodic-Stats/episodic_length,227.0,Pong1PQFM_XObs_entangled_trainable_rzz_QLayers_5___seed_1_1761468207
2256352,0-Episodic-Stats/episodic_length,227.0,Pong1PQFM_XObs_entangled_trainable_rzz_QLayers_5___seed_1_1761468207
2268512,0-Episodic-Stats/episodic_length,227.0,Pong1PQFM_XObs_entangled_trainable_rzz_QLayers_5___seed_1_1761468207
2282656,0-Episodic-Stats/episodic_length,227.0,Pong1PQFM_XObs_entangled_trainable_rzz_QLayers_5___seed_1_1761468207
2286752,0-Episodic-Stats/episodic_length,227.0,Pong1PQFM_XObs_entangled_trainable_rzz_QLayers_5___seed_1_1761468207
2300512,0-Episodic-Stats/episodic_length,227.0,Pong1PQFM_XObs_entangled_trainable_rzz_QLayers_5___seed_1_1761468207
2321088,0-Episodic-Stats/episodic_length,227.0,Pong1PQFM_XObs_entangled_trainable_rzz_QLayers_5___seed_1_1761468207
2322176,0-Episodic-Stats/episodic_length,227.0,Pong1PQFM_XObs_entangled_trainable_rzz_QLayers_5___seed_1_1761468207
2327520,0-Episodic-Stats/episodic_length,322.0,Pong1PQFM_XObs_entangled_trainable_rzz_QLayers_5___seed_1_1761468207
2332192,0-Episodic-Stats/episodic_length,512.0,Pong1PQFM_XObs_entangled_trainable_rzz_QLayers_5___seed_1_1761468207
2345408,0-Episodic-Stats/episodic_length,607.0,Pong1PQFM_XObs_entangled_trainable_rzz_QLayers_5___seed_1_1761468207
2360256,0-Episodic-Stats/episodic_length,227.0,Pong1PQFM_XObs_entangled_trainable_rzz_QLayers_5___seed_1_1761468207
2368672,0-Episodic-Stats/episodic_length,227.0,Pong1PQFM_XObs_entangled_trainable_rzz_QLayers_5___seed_1_1761468207
2372416,0-Episodic-Stats/episodic_length,322.0,Pong1PQFM_XObs_entangled_trainable_rzz_QLayers_5___seed_1_1761468207
2374752,0-Episodic-Stats/episodic_length,512.0,Pong1PQFM_XObs_entangled_trainable_rzz_QLayers_5___seed_1_1761468207
2386560,0-Episodic-Stats/episodic_length,322.0,Pong1PQFM_XObs_entangled_trainable_rzz_QLayers_5___seed_1_1761468207
2388672,0-Episodic-Stats/episodic_length,417.0,Pong1PQFM_XObs_entangled_trainable_rzz_QLayers_5___seed_1_1761468207
2397440,0-Episodic-Stats/episodic_length,512.0,Pong1PQFM_XObs_entangled_trainable_rzz_QLayers_5___seed_1_1761468207
2399072,0-Episodic-Stats/episodic_length,322.0,Pong1PQFM_XObs_entangled_trainable_rzz_QLayers_5___seed_1_1761468207
2402112,0-Episodic-Stats/episodic_length,512.0,Pong1PQFM_XObs_entangled_trainable_rzz_QLayers_5___seed_1_1761468207
2409952,0-Episodic-Stats/episodic_length,227.0,Pong1PQFM_XObs_entangled_trainable_rzz_QLayers_5___seed_1_1761468207
2415328,0-Episodic-Stats/episodic_length,417.0,Pong1PQFM_XObs_entangled_trainable_rzz_QLayers_5___seed_1_1761468207
2421984,0-Episodic-Stats/episodic_length,322.0,Pong1PQFM_XObs_entangled_trainable_rzz_QLayers_5___seed_1_1761468207
2436800,0-Episodic-Stats/episodic_length,227.0,Pong1PQFM_XObs_entangled_trainable_rzz_QLayers_5___seed_1_1761468207
2437888,0-Episodic-Stats/episodic_length,227.0,Pong1PQFM_XObs_entangled_trainable_rzz_QLayers_5___seed_1_1761468207
2440928,0-Episodic-Stats/episodic_length,322.0,Pong1PQFM_XObs_entangled_trainable_rzz_QLayers_5___seed_1_1761468207
2445024,0-Episodic-Stats/episodic_length,227.0,Pong1PQFM_XObs_entangled_trainable_rzz_QLayers_5___seed_1_1761468207
2447008,0-Episodic-Stats/episodic_length,227.0,Pong1PQFM_XObs_entangled_trainable_rzz_QLayers_5___seed_1_1761468207
2453792,0-Episodic-Stats/episodic_length,227.0,Pong1PQFM_XObs_entangled_trainable_rzz_QLayers_5___seed_1_1761468207
2455424,0-Episodic-Stats/episodic_length,417.0,Pong1PQFM_XObs_entangled_trainable_rzz_QLayers_5___seed_1_1761468207
2467008,0-Episodic-Stats/episodic_length,227.0,Pong1PQFM_XObs_entangled_trainable_rzz_QLayers_5___seed_1_1761468207
2467936,0-Episodic-Stats/episodic_length,132.0,Pong1PQFM_XObs_entangled_trainable_rzz_QLayers_5___seed_1_1761468207
2472384,0-Episodic-Stats/episodic_length,417.0,Pong1PQFM_XObs_entangled_trainable_rzz_QLayers_5___seed_1_1761468207
2484896,0-Episodic-Stats/episodic_length,227.0,Pong1PQFM_XObs_entangled_trainable_rzz_QLayers_5___seed_1_1761468207
2487584,0-Episodic-Stats/episodic_length,227.0,Pong1PQFM_XObs_entangled_trainable_rzz_QLayers_5___seed_1_1761468207
2492960,0-Episodic-Stats/episodic_length,417.0,Pong1PQFM_XObs_entangled_trainable_rzz_QLayers_5___seed_1_1761468207
2496896,0-Episodic-Stats/episodic_length,417.0,Pong1PQFM_XObs_entangled_trainable_rzz_QLayers_5___seed_1_1761468207
2527648,0-Episodic-Stats/episodic_length,322.0,Pong1PQFM_XObs_entangled_trainable_rzz_QLayers_5___seed_1_1761468207
2536416,0-Episodic-Stats/episodic_length,322.0,Pong1PQFM_XObs_entangled_trainable_rzz_QLayers_5___seed_1_1761468207
2548928,0-Episodic-Stats/episodic_length,322.0,Pong1PQFM_XObs_entangled_trainable_rzz_QLayers_5___seed_1_1761468207
2549632,0-Episodic-Stats/episodic_length,227.0,Pong1PQFM_XObs_entangled_trainable_rzz_QLayers_5___seed_1_1761468207
2553408,0-Episodic-Stats/episodic_length,227.0,Pong1PQFM_XObs_entangled_trainable_rzz_QLayers_5___seed_1_1761468207
2558400,0-Episodic-Stats/episodic_length,132.0,Pong1PQFM_XObs_entangled_trainable_rzz_QLayers_5___seed_1_1761468207
2579328,0-Episodic-Stats/episodic_length,227.0,Pong1PQFM_XObs_entangled_trainable_rzz_QLayers_5___seed_1_1761468207
2579680,0-Episodic-Stats/episodic_length,512.0,Pong1PQFM_XObs_entangled_trainable_rzz_QLayers_5___seed_1_1761468207
2587744,0-Episodic-Stats/episodic_length,417.0,Pong1PQFM_XObs_entangled_trainable_rzz_QLayers_5___seed_1_1761468207
2591136,0-Episodic-Stats/episodic_length,227.0,Pong1PQFM_XObs_entangled_trainable_rzz_QLayers_5___seed_1_1761468207
2602944,0-Episodic-Stats/episodic_length,512.0,Pong1PQFM_XObs_entangled_trainable_rzz_QLayers_5___seed_1_1761468207
2626336,0-Episodic-Stats/episodic_length,227.0,Pong1PQFM_XObs_entangled_trainable_rzz_QLayers_5___seed_1_1761468207
2626560,0-Episodic-Stats/episodic_length,227.0,Pong1PQFM_XObs_entangled_trainable_rzz_QLayers_5___seed_1_1761468207
2643872,0-Episodic-Stats/episodic_length,227.0,Pong1PQFM_XObs_entangled_trainable_rzz_QLayers_5___seed_1_1761468207
2649600,0-Episodic-Stats/episodic_length,132.0,Pong1PQFM_XObs_entangled_trainable_rzz_QLayers_5___seed_1_1761468207
2658560,0-Episodic-Stats/episodic_length,417.0,Pong1PQFM_XObs_entangled_trainable_rzz_QLayers_5___seed_1_1761468207
2660000,0-Episodic-Stats/episodic_length,227.0,Pong1PQFM_XObs_entangled_trainable_rzz_QLayers_5___seed_1_1761468207
2671104,0-Episodic-Stats/episodic_length,417.0,Pong1PQFM_XObs_entangled_trainable_rzz_QLayers_5___seed_1_1761468207
2675552,0-Episodic-Stats/episodic_length,512.0,Pong1PQFM_XObs_entangled_trainable_rzz_QLayers_5___seed_1_1761468207
2686080,0-Episodic-Stats/episodic_length,322.0,Pong1PQFM_XObs_entangled_trainable_rzz_QLayers_5___seed_1_1761468207
2690048,0-Episodic-Stats/episodic_length,132.0,Pong1PQFM_XObs_entangled_trainable_rzz_QLayers_5___seed_1_1761468207
2692736,0-Episodic-Stats/episodic_length,322.0,Pong1PQFM_XObs_entangled_trainable_rzz_QLayers_5___seed_1_1761468207
2694496,0-Episodic-Stats/episodic_length,322.0,Pong1PQFM_XObs_entangled_trainable_rzz_QLayers_5___seed_1_1761468207
2703264,0-Episodic-Stats/episodic_length,892.0,Pong1PQFM_XObs_entangled_trainable_rzz_QLayers_5___seed_1_1761468207
2712384,0-Episodic-Stats/episodic_length,322.0,Pong1PQFM_XObs_entangled_trainable_rzz_QLayers_5___seed_1_1761468207
2715424,0-Episodic-Stats/episodic_length,417.0,Pong1PQFM_XObs_entangled_trainable_rzz_QLayers_5___seed_1_1761468207
2719168,0-Episodic-Stats/episodic_length,322.0,Pong1PQFM_XObs_entangled_trainable_rzz_QLayers_5___seed_1_1761468207
2726176,0-Episodic-Stats/episodic_length,417.0,Pong1PQFM_XObs_entangled_trainable_rzz_QLayers_5___seed_1_1761468207
2727936,0-Episodic-Stats/episodic_length,417.0,Pong1PQFM_XObs_entangled_trainable_rzz_QLayers_5___seed_1_1761468207
2740448,0-Episodic-Stats/episodic_length,417.0,Pong1PQFM_XObs_entangled_trainable_rzz_QLayers_5___seed_1_1761468207
2742624,0-Episodic-Stats/episodic_length,322.0,Pong1PQFM_XObs_entangled_trainable_rzz_QLayers_5___seed_1_1761468207
2763712,0-Episodic-Stats/episodic_length,227.0,Pong1PQFM_XObs_entangled_trainable_rzz_QLayers_5___seed_1_1761468207
2789280,0-Episodic-Stats/episodic_length,179.5,Pong1PQFM_XObs_entangled_trainable_rzz_QLayers_5___seed_1_1761468207
2789984,0-Episodic-Stats/episodic_length,227.0,Pong1PQFM_XObs_entangled_trainable_rzz_QLayers_5___seed_1_1761468207
2797344,0-Episodic-Stats/episodic_length,132.0,Pong1PQFM_XObs_entangled_trainable_rzz_QLayers_5___seed_1_1761468207
2801088,0-Episodic-Stats/episodic_length,227.0,Pong1PQFM_XObs_entangled_trainable_rzz_QLayers_5___seed_1_1761468207
2807520,0-Episodic-Stats/episodic_length,227.0,Pong1PQFM_XObs_entangled_trainable_rzz_QLayers_5___seed_1_1761468207
2810560,0-Episodic-Stats/episodic_length,322.0,Pong1PQFM_XObs_entangled_trainable_rzz_QLayers_5___seed_1_1761468207
2824352,0-Episodic-Stats/episodic_length,322.0,Pong1PQFM_XObs_entangled_trainable_rzz_QLayers_5___seed_1_1761468207
2839552,0-Episodic-Stats/episodic_length,322.0,Pong1PQFM_XObs_entangled_trainable_rzz_QLayers_5___seed_1_1761468207
2841664,0-Episodic-Stats/episodic_length,227.0,Pong1PQFM_XObs_entangled_trainable_rzz_QLayers_5___seed_1_1761468207
2844000,0-Episodic-Stats/episodic_length,702.0,Pong1PQFM_XObs_entangled_trainable_rzz_QLayers_5___seed_1_1761468207
2847392,0-Episodic-Stats/episodic_length,227.0,Pong1PQFM_XObs_entangled_trainable_rzz_QLayers_5___seed_1_1761468207
2874240,0-Episodic-Stats/episodic_length,227.0,Pong1PQFM_XObs_entangled_trainable_rzz_QLayers_5___seed_1_1761468207
2880128,0-Episodic-Stats/episodic_length,322.0,Pong1PQFM_XObs_entangled_trainable_rzz_QLayers_5___seed_1_1761468207
2881760,0-Episodic-Stats/episodic_length,322.0,Pong1PQFM_XObs_entangled_trainable_rzz_QLayers_5___seed_1_1761468207
2888320,0-Episodic-Stats/episodic_length,417.0,Pong1PQFM_XObs_entangled_trainable_rzz_QLayers_5___seed_1_1761468207
2893344,0-Episodic-Stats/episodic_length,227.0,Pong1PQFM_XObs_entangled_trainable_rzz_QLayers_5___seed_1_1761468207
2894976,0-Episodic-Stats/episodic_length,417.0,Pong1PQFM_XObs_entangled_trainable_rzz_QLayers_5___seed_1_1761468207
2904672,0-Episodic-Stats/episodic_length,227.0,Pong1PQFM_XObs_entangled_trainable_rzz_QLayers_5___seed_1_1761468207
2906080,0-Episodic-Stats/episodic_length,227.0,Pong1PQFM_XObs_entangled_trainable_rzz_QLayers_5___seed_1_1761468207
2925376,0-Episodic-Stats/episodic_length,227.0,Pong1PQFM_XObs_entangled_trainable_rzz_QLayers_5___seed_1_1761468207
2932384,0-Episodic-Stats/episodic_length,227.0,Pong1PQFM_XObs_entangled_trainable_rzz_QLayers_5___seed_1_1761468207
2940928,0-Episodic-Stats/episodic_length,227.0,Pong1PQFM_XObs_entangled_trainable_rzz_QLayers_5___seed_1_1761468207
2952384,0-Episodic-Stats/episodic_length,322.0,Pong1PQFM_XObs_entangled_trainable_rzz_QLayers_5___seed_1_1761468207
2959168,0-Episodic-Stats/episodic_length,227.0,Pong1PQFM_XObs_entangled_trainable_rzz_QLayers_5___seed_1_1761468207
2961152,0-Episodic-Stats/episodic_length,227.0,Pong1PQFM_XObs_entangled_trainable_rzz_QLayers_5___seed_1_1761468207
2961856,0-Episodic-Stats/episodic_length,512.0,Pong1PQFM_XObs_entangled_trainable_rzz_QLayers_5___seed_1_1761468207
2971904,0-Episodic-Stats/episodic_length,227.0,Pong1PQFM_XObs_entangled_trainable_rzz_QLayers_5___seed_1_1761468207
2986528,0-Episodic-Stats/episodic_length,417.0,Pong1PQFM_XObs_entangled_trainable_rzz_QLayers_5___seed_1_1761468207
2990848,0-Episodic-Stats/episodic_length,512.0,Pong1PQFM_XObs_entangled_trainable_rzz_QLayers_5___seed_1_1761468207
3002272,0-Episodic-Stats/episodic_length,132.0,Pong1PQFM_XObs_entangled_trainable_rzz_QLayers_5___seed_1_1761468207
3010336,0-Episodic-Stats/episodic_length,227.0,Pong1PQFM_XObs_entangled_trainable_rzz_QLayers_5___seed_1_1761468207
3011040,0-Episodic-Stats/episodic_length,417.0,Pong1PQFM_XObs_entangled_trainable_rzz_QLayers_5___seed_1_1761468207
3027296,0-Episodic-Stats/episodic_length,417.0,Pong1PQFM_XObs_entangled_trainable_rzz_QLayers_5___seed_1_1761468207
3051296,0-Episodic-Stats/episodic_length,227.0,Pong1PQFM_XObs_entangled_trainable_rzz_QLayers_5___seed_1_1761468207
3068448,0-Episodic-Stats/episodic_length,417.0,Pong1PQFM_XObs_entangled_trainable_rzz_QLayers_5___seed_1_1761468207
3077568,0-Episodic-Stats/episodic_length,797.0,Pong1PQFM_XObs_entangled_trainable_rzz_QLayers_5___seed_1_1761468207
3084000,0-Episodic-Stats/episodic_length,227.0,Pong1PQFM_XObs_entangled_trainable_rzz_QLayers_5___seed_1_1761468207
3087392,0-Episodic-Stats/episodic_length,512.0,Pong1PQFM_XObs_entangled_trainable_rzz_QLayers_5___seed_1_1761468207
3104576,0-Episodic-Stats/episodic_length,227.0,Pong1PQFM_XObs_entangled_trainable_rzz_QLayers_5___seed_1_1761468207
3107616,0-Episodic-Stats/episodic_length,132.0,Pong1PQFM_XObs_entangled_trainable_rzz_QLayers_5___seed_1_1761468207
3112416,0-Episodic-Stats/episodic_length,702.0,Pong1PQFM_XObs_entangled_trainable_rzz_QLayers_5___seed_1_1761468207
3120704,0-Episodic-Stats/episodic_length,227.0,Pong1PQFM_XObs_entangled_trainable_rzz_QLayers_5___seed_1_1761468207
3128192,0-Episodic-Stats/episodic_length,417.0,Pong1PQFM_XObs_entangled_trainable_rzz_QLayers_5___seed_1_1761468207
3128896,0-Episodic-Stats/episodic_length,227.0,Pong1PQFM_XObs_entangled_trainable_rzz_QLayers_5___seed_1_1761468207
3134624,0-Episodic-Stats/episodic_length,227.0,Pong1PQFM_XObs_entangled_trainable_rzz_QLayers_5___seed_1_1761468207
3138560,0-Episodic-Stats/episodic_length,417.0,Pong1PQFM_XObs_entangled_trainable_rzz_QLayers_5___seed_1_1761468207
3151232,0-Episodic-Stats/episodic_length,417.0,Pong1PQFM_XObs_entangled_trainable_rzz_QLayers_5___seed_1_1761468207
3158944,0-Episodic-Stats/episodic_length,227.0,Pong1PQFM_XObs_entangled_trainable_rzz_QLayers_5___seed_1_1761468207
3164320,0-Episodic-Stats/episodic_length,417.0,Pong1PQFM_XObs_entangled_trainable_rzz_QLayers_5___seed_1_1761468207
3172160,0-Episodic-Stats/episodic_length,417.0,Pong1PQFM_XObs_entangled_trainable_rzz_QLayers_5___seed_1_1761468207
3189696,0-Episodic-Stats/episodic_length,322.0,Pong1PQFM_XObs_entangled_trainable_rzz_QLayers_5___seed_1_1761468207
3208640,0-Episodic-Stats/episodic_length,227.0,Pong1PQFM_XObs_entangled_trainable_rzz_QLayers_5___seed_1_1761468207
3209568,0-Episodic-Stats/episodic_length,417.0,Pong1PQFM_XObs_entangled_trainable_rzz_QLayers_5___seed_1_1761468207
3210496,0-Episodic-Stats/episodic_length,417.0,Pong1PQFM_XObs_entangled_trainable_rzz_QLayers_5___seed_1_1761468207
3222432,0-Episodic-Stats/episodic_length,227.0,Pong1PQFM_XObs_entangled_trainable_rzz_QLayers_5___seed_1_1761468207
3225600,0-Episodic-Stats/episodic_length,227.0,Pong1PQFM_XObs_entangled_trainable_rzz_QLayers_5___seed_1_1761468207
3257120,0-Episodic-Stats/episodic_length,227.0,Pong1PQFM_XObs_entangled_trainable_rzz_QLayers_5___seed_1_1761468207
3257856,0-Episodic-Stats/episodic_length,227.0,Pong1PQFM_XObs_entangled_trainable_rzz_QLayers_5___seed_1_1761468207
3264288,0-Episodic-Stats/episodic_length,132.0,Pong1PQFM_XObs_entangled_trainable_rzz_QLayers_5___seed_1_1761468207
3279840,0-Episodic-Stats/episodic_length,227.0,Pong1PQFM_XObs_entangled_trainable_rzz_QLayers_5___seed_1_1761468207
3286496,0-Episodic-Stats/episodic_length,227.0,Pong1PQFM_XObs_entangled_trainable_rzz_QLayers_5___seed_1_1761468207
3303424,0-Episodic-Stats/episodic_length,227.0,Pong1PQFM_XObs_entangled_trainable_rzz_QLayers_5___seed_1_1761468207
3308800,0-Episodic-Stats/episodic_length,227.0,Pong1PQFM_XObs_entangled_trainable_rzz_QLayers_5___seed_1_1761468207
3310592,0-Episodic-Stats/episodic_length,417.0,Pong1PQFM_XObs_entangled_trainable_rzz_QLayers_5___seed_1_1761468207
3313824,0-Episodic-Stats/episodic_length,512.0,Pong1PQFM_XObs_entangled_trainable_rzz_QLayers_5___seed_1_1761468207
3325440,0-Episodic-Stats/episodic_length,512.0,Pong1PQFM_XObs_entangled_trainable_rzz_QLayers_5___seed_1_1761468207
3333120,0-Episodic-Stats/episodic_length,227.0,Pong1PQFM_XObs_entangled_trainable_rzz_QLayers_5___seed_1_1761468207
3345632,0-Episodic-Stats/episodic_length,227.0,Pong1PQFM_XObs_entangled_trainable_rzz_QLayers_5___seed_1_1761468207
3367136,0-Episodic-Stats/episodic_length,417.0,Pong1PQFM_XObs_entangled_trainable_rzz_QLayers_5___seed_1_1761468207
3374624,0-Episodic-Stats/episodic_length,892.0,Pong1PQFM_XObs_entangled_trainable_rzz_QLayers_5___seed_1_1761468207
3398240,0-Episodic-Stats/episodic_length,417.0,Pong1PQFM_XObs_entangled_trainable_rzz_QLayers_5___seed_1_1761468207
3404672,0-Episodic-Stats/episodic_length,417.0,Pong1PQFM_XObs_entangled_trainable_rzz_QLayers_5___seed_1_1761468207
3412512,0-Episodic-Stats/episodic_length,417.0,Pong1PQFM_XObs_entangled_trainable_rzz_QLayers_5___seed_1_1761468207
3416480,0-Episodic-Stats/episodic_length,227.0,Pong1PQFM_XObs_entangled_trainable_rzz_QLayers_5___seed_1_1761468207
3435424,0-Episodic-Stats/episodic_length,227.0,Pong1PQFM_XObs_entangled_trainable_rzz_QLayers_5___seed_1_1761468207
3442912,0-Episodic-Stats/episodic_length,322.0,Pong1PQFM_XObs_entangled_trainable_rzz_QLayers_5___seed_1_1761468207
3443840,0-Episodic-Stats/episodic_length,892.0,Pong1PQFM_XObs_entangled_trainable_rzz_QLayers_5___seed_1_1761468207
3462272,0-Episodic-Stats/episodic_length,1462.0,Pong1PQFM_XObs_entangled_trainable_rzz_QLayers_5___seed_1_1761468207
3463008,0-Episodic-Stats/episodic_length,227.0,Pong1PQFM_XObs_entangled_trainable_rzz_QLayers_5___seed_1_1761468207
3480672,0-Episodic-Stats/episodic_length,512.0,Pong1PQFM_XObs_entangled_trainable_rzz_QLayers_5___seed_1_1761468207
3482304,0-Episodic-Stats/episodic_length,417.0,Pong1PQFM_XObs_entangled_trainable_rzz_QLayers_5___seed_1_1761468207
3487808,0-Episodic-Stats/episodic_length,607.0,Pong1PQFM_XObs_entangled_trainable_rzz_QLayers_5___seed_1_1761468207
3493056,0-Episodic-Stats/episodic_length,797.0,Pong1PQFM_XObs_entangled_trainable_rzz_QLayers_5___seed_1_1761468207
3502656,0-Episodic-Stats/episodic_length,417.0,Pong1PQFM_XObs_entangled_trainable_rzz_QLayers_5___seed_1_1761468207
3506240,0-Episodic-Stats/episodic_length,132.0,Pong1PQFM_XObs_entangled_trainable_rzz_QLayers_5___seed_1_1761468207
3507456,0-Episodic-Stats/episodic_length,322.0,Pong1PQFM_XObs_entangled_trainable_rzz_QLayers_5___seed_1_1761468207
3527904,0-Episodic-Stats/episodic_length,227.0,Pong1PQFM_XObs_entangled_trainable_rzz_QLayers_5___seed_1_1761468207
3537376,0-Episodic-Stats/episodic_length,1177.0,Pong1PQFM_XObs_entangled_trainable_rzz_QLayers_5___seed_1_1761468207
3552224,0-Episodic-Stats/episodic_length,512.0,Pong1PQFM_XObs_entangled_trainable_rzz_QLayers_5___seed_1_1761468207
3597120,0-Episodic-Stats/episodic_length,607.0,Pong1PQFM_XObs_entangled_trainable_rzz_QLayers_5___seed_1_1761468207
3610912,0-Episodic-Stats/episodic_length,417.0,Pong1PQFM_XObs_entangled_trainable_rzz_QLayers_5___seed_1_1761468207
3625888,0-Episodic-Stats/episodic_length,227.0,Pong1PQFM_XObs_entangled_trainable_rzz_QLayers_5___seed_1_1761468207
3641984,0-Episodic-Stats/episodic_length,322.0,Pong1PQFM_XObs_entangled_trainable_rzz_QLayers_5___seed_1_1761468207
3643264,0-Episodic-Stats/episodic_length,417.0,Pong1PQFM_XObs_entangled_trainable_rzz_QLayers_5___seed_1_1761468207
3655232,0-Episodic-Stats/episodic_length,322.0,Pong1PQFM_XObs_entangled_trainable_rzz_QLayers_5___seed_1_1761468207
3656512,0-Episodic-Stats/episodic_length,607.0,Pong1PQFM_XObs_entangled_trainable_rzz_QLayers_5___seed_1_1761468207
3660224,0-Episodic-Stats/episodic_length,417.0,Pong1PQFM_XObs_entangled_trainable_rzz_QLayers_5___seed_1_1761468207
3662560,0-Episodic-Stats/episodic_length,417.0,Pong1PQFM_XObs_entangled_trainable_rzz_QLayers_5___seed_1_1761468207
3677440,0-Episodic-Stats/episodic_length,417.0,Pong1PQFM_XObs_entangled_trainable_rzz_QLayers_5___seed_1_1761468207
3685824,0-Episodic-Stats/episodic_length,417.0,Pong1PQFM_XObs_entangled_trainable_rzz_QLayers_5___seed_1_1761468207
3696000,0-Episodic-Stats/episodic_length,417.0,Pong1PQFM_XObs_entangled_trainable_rzz_QLayers_5___seed_1_1761468207
3706176,0-Episodic-Stats/episodic_length,227.0,Pong1PQFM_XObs_entangled_trainable_rzz_QLayers_5___seed_1_1761468207
3727104,0-Episodic-Stats/episodic_length,417.0,Pong1PQFM_XObs_entangled_trainable_rzz_QLayers_5___seed_1_1761468207
3727808,0-Episodic-Stats/episodic_length,227.0,Pong1PQFM_XObs_entangled_trainable_rzz_QLayers_5___seed_1_1761468207
3750016,0-Episodic-Stats/episodic_length,227.0,Pong1PQFM_XObs_entangled_trainable_rzz_QLayers_5___seed_1_1761468207
3770016,0-Episodic-Stats/episodic_length,607.0,Pong1PQFM_XObs_entangled_trainable_rzz_QLayers_5___seed_1_1761468207
3780896,0-Episodic-Stats/episodic_length,322.0,Pong1PQFM_XObs_entangled_trainable_rzz_QLayers_5___seed_1_1761468207
3783680,0-Episodic-Stats/episodic_length,227.0,Pong1PQFM_XObs_entangled_trainable_rzz_QLayers_5___seed_1_1761468207
3792224,0-Episodic-Stats/episodic_length,607.0,Pong1PQFM_XObs_entangled_trainable_rzz_QLayers_5___seed_1_1761468207
3793984,0-Episodic-Stats/episodic_length,417.0,Pong1PQFM_XObs_entangled_trainable_rzz_QLayers_5___seed_1_1761468207
3794560,0-Episodic-Stats/episodic_length,227.0,Pong1PQFM_XObs_entangled_trainable_rzz_QLayers_5___seed_1_1761468207
3795616,0-Episodic-Stats/episodic_length,417.0,Pong1PQFM_XObs_entangled_trainable_rzz_QLayers_5___seed_1_1761468207
3813696,0-Episodic-Stats/episodic_length,227.0,Pong1PQFM_XObs_entangled_trainable_rzz_QLayers_5___seed_1_1761468207
3831968,0-Episodic-Stats/episodic_length,227.0,Pong1PQFM_XObs_entangled_trainable_rzz_QLayers_5___seed_1_1761468207
3837824,0-Episodic-Stats/episodic_length,227.0,Pong1PQFM_XObs_entangled_trainable_rzz_QLayers_5___seed_1_1761468207
3842272,0-Episodic-Stats/episodic_length,987.0,Pong1PQFM_XObs_entangled_trainable_rzz_QLayers_5___seed_1_1761468207
3846240,0-Episodic-Stats/episodic_length,702.0,Pong1PQFM_XObs_entangled_trainable_rzz_QLayers_5___seed_1_1761468207
3853728,0-Episodic-Stats/episodic_length,227.0,Pong1PQFM_XObs_entangled_trainable_rzz_QLayers_5___seed_1_1761468207
3875232,0-Episodic-Stats/episodic_length,322.0,Pong1PQFM_XObs_entangled_trainable_rzz_QLayers_5___seed_1_1761468207
3919552,0-Episodic-Stats/episodic_length,417.0,Pong1PQFM_XObs_entangled_trainable_rzz_QLayers_5___seed_1_1761468207
3922944,0-Episodic-Stats/episodic_length,417.0,Pong1PQFM_XObs_entangled_trainable_rzz_QLayers_5___seed_1_1761468207
3937088,0-Episodic-Stats/episodic_length,227.0,Pong1PQFM_XObs_entangled_trainable_rzz_QLayers_5___seed_1_1761468207
3944064,0-Episodic-Stats/episodic_length,892.0,Pong1PQFM_XObs_entangled_trainable_rzz_QLayers_5___seed_1_1761468207
3945152,0-Episodic-Stats/episodic_length,227.0,Pong1PQFM_XObs_entangled_trainable_rzz_QLayers_5___seed_1_1761468207
3971424,0-Episodic-Stats/episodic_length,702.0,Pong1PQFM_XObs_entangled_trainable_rzz_QLayers_5___seed_1_1761468207
3978560,0-Episodic-Stats/episodic_length,417.0,Pong1PQFM_XObs_entangled_trainable_rzz_QLayers_5___seed_1_1761468207
3999136,0-Episodic-Stats/episodic_length,417.0,Pong1PQFM_XObs_entangled_trainable_rzz_QLayers_5___seed_1_1761468207
4020448,0-Episodic-Stats/episodic_length,322.0,Pong1PQFM_XObs_entangled_trainable_rzz_QLayers_5___seed_1_1761468207
4042400,0-Episodic-Stats/episodic_length,892.0,Pong1PQFM_XObs_entangled_trainable_rzz_QLayers_5___seed_1_1761468207
4048480,0-Episodic-Stats/episodic_length,227.0,Pong1PQFM_XObs_entangled_trainable_rzz_QLayers_5___seed_1_1761468207
4055840,0-Episodic-Stats/episodic_length,417.0,Pong1PQFM_XObs_entangled_trainable_rzz_QLayers_5___seed_1_1761468207
4067328,0-Episodic-Stats/episodic_length,417.0,Pong1PQFM_XObs_entangled_trainable_rzz_QLayers_5___seed_1_1761468207
4074080,0-Episodic-Stats/episodic_length,322.0,Pong1PQFM_XObs_entangled_trainable_rzz_QLayers_5___seed_1_1761468207
4080864,0-Episodic-Stats/episodic_length,1652.0,Pong1PQFM_XObs_entangled_trainable_rzz_QLayers_5___seed_1_1761468207
4099584,0-Episodic-Stats/episodic_length,417.0,Pong1PQFM_XObs_entangled_trainable_rzz_QLayers_5___seed_1_1761468207
4132192,0-Episodic-Stats/episodic_length,227.0,Pong1PQFM_XObs_entangled_trainable_rzz_QLayers_5___seed_1_1761468207
4147744,0-Episodic-Stats/episodic_length,2032.0,Pong1PQFM_XObs_entangled_trainable_rzz_QLayers_5___seed_1_1761468207
4150304,0-Episodic-Stats/episodic_length,512.0,Pong1PQFM_XObs_entangled_trainable_rzz_QLayers_5___seed_1_1761468207
4154016,0-Episodic-Stats/episodic_length,512.0,Pong1PQFM_XObs_entangled_trainable_rzz_QLayers_5___seed_1_1761468207
4157792,0-Episodic-Stats/episodic_length,1177.0,Pong1PQFM_XObs_entangled_trainable_rzz_QLayers_5___seed_1_1761468207
4161920,0-Episodic-Stats/episodic_length,417.0,Pong1PQFM_XObs_entangled_trainable_rzz_QLayers_5___seed_1_1761468207
4163872,0-Episodic-Stats/episodic_length,132.0,Pong1PQFM_XObs_entangled_trainable_rzz_QLayers_5___seed_1_1761468207
4166688,0-Episodic-Stats/episodic_length,1082.0,Pong1PQFM_XObs_entangled_trainable_rzz_QLayers_5___seed_1_1761468207
4172416,0-Episodic-Stats/episodic_length,417.0,Pong1PQFM_XObs_entangled_trainable_rzz_QLayers_5___seed_1_1761468207
4185152,0-Episodic-Stats/episodic_length,417.0,Pong1PQFM_XObs_entangled_trainable_rzz_QLayers_5___seed_1_1761468207
4198016,0-Episodic-Stats/episodic_length,227.0,Pong1PQFM_XObs_entangled_trainable_rzz_QLayers_5___seed_1_1761468207
4230752,0-Episodic-Stats/episodic_length,512.0,Pong1PQFM_XObs_entangled_trainable_rzz_QLayers_5___seed_1_1761468207
4238816,0-Episodic-Stats/episodic_length,607.0,Pong1PQFM_XObs_entangled_trainable_rzz_QLayers_5___seed_1_1761468207
4252736,0-Episodic-Stats/episodic_length,227.0,Pong1PQFM_XObs_entangled_trainable_rzz_QLayers_5___seed_1_1761468207
4259968,0-Episodic-Stats/episodic_length,417.0,Pong1PQFM_XObs_entangled_trainable_rzz_QLayers_5___seed_1_1761468207
4262912,0-Episodic-Stats/episodic_length,512.0,Pong1PQFM_XObs_entangled_trainable_rzz_QLayers_5___seed_1_1761468207
4313536,0-Episodic-Stats/episodic_length,607.0,Pong1PQFM_XObs_entangled_trainable_rzz_QLayers_5___seed_1_1761468207
4323552,0-Episodic-Stats/episodic_length,417.0,Pong1PQFM_XObs_entangled_trainable_rzz_QLayers_5___seed_1_1761468207
4325920,0-Episodic-Stats/episodic_length,417.0,Pong1PQFM_XObs_entangled_trainable_rzz_QLayers_5___seed_1_1761468207
4343232,0-Episodic-Stats/episodic_length,512.0,Pong1PQFM_XObs_entangled_trainable_rzz_QLayers_5___seed_1_1761468207
4364384,0-Episodic-Stats/episodic_length,987.0,Pong1PQFM_XObs_entangled_trainable_rzz_QLayers_5___seed_1_1761468207
4367776,0-Episodic-Stats/episodic_length,227.0,Pong1PQFM_XObs_entangled_trainable_rzz_QLayers_5___seed_1_1761468207
4374176,0-Episodic-Stats/episodic_length,322.0,Pong1PQFM_XObs_entangled_trainable_rzz_QLayers_5___seed_1_1761468207
4384704,0-Episodic-Stats/episodic_length,227.0,Pong1PQFM_XObs_entangled_trainable_rzz_QLayers_5___seed_1_1761468207
4423168,0-Episodic-Stats/episodic_length,417.0,Pong1PQFM_XObs_entangled_trainable_rzz_QLayers_5___seed_1_1761468207
4430304,0-Episodic-Stats/episodic_length,227.0,Pong1PQFM_XObs_entangled_trainable_rzz_QLayers_5___seed_1_1761468207
4430528,0-Episodic-Stats/episodic_length,607.0,Pong1PQFM_XObs_entangled_trainable_rzz_QLayers_5___seed_1_1761468207
4433952,0-Episodic-Stats/episodic_length,702.0,Pong1PQFM_XObs_entangled_trainable_rzz_QLayers_5___seed_1_1761468207
4447136,0-Episodic-Stats/episodic_length,227.0,Pong1PQFM_XObs_entangled_trainable_rzz_QLayers_5___seed_1_1761468207
4457888,0-Episodic-Stats/episodic_length,322.0,Pong1PQFM_XObs_entangled_trainable_rzz_QLayers_5___seed_1_1761468207
4466784,0-Episodic-Stats/episodic_length,417.0,Pong1PQFM_XObs_entangled_trainable_rzz_QLayers_5___seed_1_1761468207
4481504,0-Episodic-Stats/episodic_length,607.0,Pong1PQFM_XObs_entangled_trainable_rzz_QLayers_5___seed_1_1761468207
4507712,0-Episodic-Stats/episodic_length,417.0,Pong1PQFM_XObs_entangled_trainable_rzz_QLayers_5___seed_1_1761468207
4518336,0-Episodic-Stats/episodic_length,512.0,Pong1PQFM_XObs_entangled_trainable_rzz_QLayers_5___seed_1_1761468207
4533536,0-Episodic-Stats/episodic_length,417.0,Pong1PQFM_XObs_entangled_trainable_rzz_QLayers_5___seed_1_1761468207
4546272,0-Episodic-Stats/episodic_length,417.0,Pong1PQFM_XObs_entangled_trainable_rzz_QLayers_5___seed_1_1761468207
4561600,0-Episodic-Stats/episodic_length,607.0,Pong1PQFM_XObs_entangled_trainable_rzz_QLayers_5___seed_1_1761468207
4569664,0-Episodic-Stats/episodic_length,1177.0,Pong1PQFM_XObs_entangled_trainable_rzz_QLayers_5___seed_1_1761468207
4590240,0-Episodic-Stats/episodic_length,417.0,Pong1PQFM_XObs_entangled_trainable_rzz_QLayers_5___seed_1_1761468207
4594336,0-Episodic-Stats/episodic_length,322.0,Pong1PQFM_XObs_entangled_trainable_rzz_QLayers_5___seed_1_1761468207
4602400,0-Episodic-Stats/episodic_length,227.0,Pong1PQFM_XObs_entangled_trainable_rzz_QLayers_5___seed_1_1761468207
4613184,0-Episodic-Stats/episodic_length,607.0,Pong1PQFM_XObs_entangled_trainable_rzz_QLayers_5___seed_1_1761468207
4620288,0-Episodic-Stats/episodic_length,227.0,Pong1PQFM_XObs_entangled_trainable_rzz_QLayers_5___seed_1_1761468207
4629952,0-Episodic-Stats/episodic_length,227.0,Pong1PQFM_XObs_entangled_trainable_rzz_QLayers_5___seed_1_1761468207
4667296,0-Episodic-Stats/episodic_length,227.0,Pong1PQFM_XObs_entangled_trainable_rzz_QLayers_5___seed_1_1761468207
4673952,0-Episodic-Stats/episodic_length,417.0,Pong1PQFM_XObs_entangled_trainable_rzz_QLayers_5___seed_1_1761468207
4694656,0-Episodic-Stats/episodic_length,417.0,Pong1PQFM_XObs_entangled_trainable_rzz_QLayers_5___seed_1_1761468207
4698592,0-Episodic-Stats/episodic_length,322.0,Pong1PQFM_XObs_entangled_trainable_rzz_QLayers_5___seed_1_1761468207
4700736,0-Episodic-Stats/episodic_length,322.0,Pong1PQFM_XObs_entangled_trainable_rzz_QLayers_5___seed_1_1761468207
4716384,0-Episodic-Stats/episodic_length,512.0,Pong1PQFM_XObs_entangled_trainable_rzz_QLayers_5___seed_1_1761468207
4739552,0-Episodic-Stats/episodic_length,417.0,Pong1PQFM_XObs_entangled_trainable_rzz_QLayers_5___seed_1_1761468207
4741056,0-Episodic-Stats/episodic_length,322.0,Pong1PQFM_XObs_entangled_trainable_rzz_QLayers_5___seed_1_1761468207
4742784,0-Episodic-Stats/episodic_length,417.0,Pong1PQFM_XObs_entangled_trainable_rzz_QLayers_5___seed_1_1761468207
4744800,0-Episodic-Stats/episodic_length,322.0,Pong1PQFM_XObs_entangled_trainable_rzz_QLayers_5___seed_1_1761468207
4748864,0-Episodic-Stats/episodic_length,322.0,Pong1PQFM_XObs_entangled_trainable_rzz_QLayers_5___seed_1_1761468207
4808608,0-Episodic-Stats/episodic_length,417.0,Pong1PQFM_XObs_entangled_trainable_rzz_QLayers_5___seed_1_1761468207
4815776,0-Episodic-Stats/episodic_length,417.0,Pong1PQFM_XObs_entangled_trainable_rzz_QLayers_5___seed_1_1761468207
4820544,0-Episodic-Stats/episodic_length,417.0,Pong1PQFM_XObs_entangled_trainable_rzz_QLayers_5___seed_1_1761468207
4826976,0-Episodic-Stats/episodic_length,417.0,Pong1PQFM_XObs_entangled_trainable_rzz_QLayers_5___seed_1_1761468207
4867072,0-Episodic-Stats/episodic_length,322.0,Pong1PQFM_XObs_entangled_trainable_rzz_QLayers_5___seed_1_1761468207
4872928,0-Episodic-Stats/episodic_length,417.0,Pong1PQFM_XObs_entangled_trainable_rzz_QLayers_5___seed_1_1761468207
4874208,0-Episodic-Stats/episodic_length,322.0,Pong1PQFM_XObs_entangled_trainable_rzz_QLayers_5___seed_1_1761468207
4882624,0-Episodic-Stats/episodic_length,1462.0,Pong1PQFM_XObs_entangled_trainable_rzz_QLayers_5___seed_1_1761468207
4886592,0-Episodic-Stats/episodic_length,322.0,Pong1PQFM_XObs_entangled_trainable_rzz_QLayers_5___seed_1_1761468207
4908960,0-Episodic-Stats/episodic_length,607.0,Pong1PQFM_XObs_entangled_trainable_rzz_QLayers_5___seed_1_1761468207
4921792,0-Episodic-Stats/episodic_length,512.0,Pong1PQFM_XObs_entangled_trainable_rzz_QLayers_5___seed_1_1761468207
4940960,0-Episodic-Stats/episodic_length,227.0,Pong1PQFM_XObs_entangled_trainable_rzz_QLayers_5___seed_1_1761468207
4951360,0-Episodic-Stats/episodic_length,1177.0,Pong1PQFM_XObs_entangled_trainable_rzz_QLayers_5___seed_1_1761468207
4954176,0-Episodic-Stats/episodic_length,702.0,Pong1PQFM_XObs_entangled_trainable_rzz_QLayers_5___seed_1_1761468207
4956704,0-Episodic-Stats/episodic_length,512.0,Pong1PQFM_XObs_entangled_trainable_rzz_QLayers_5___seed_1_1761468207
4960256,0-Episodic-Stats/episodic_length,417.0,Pong1PQFM_XObs_entangled_trainable_rzz_QLayers_5___seed_1_1761468207
4978848,0-Episodic-Stats/episodic_length,987.0,Pong1PQFM_XObs_entangled_trainable_rzz_QLayers_5___seed_1_1761468207
5005472,0-Episodic-Stats/episodic_length,417.0,Pong1PQFM_XObs_entangled_trainable_rzz_QLayers_5___seed_1_1761468207
5005728,0-Episodic-Stats/episodic_length,417.0,Pong1PQFM_XObs_entangled_trainable_rzz_QLayers_5___seed_1_1761468207
5018816,0-Episodic-Stats/episodic_length,132.0,Pong1PQFM_XObs_entangled_trainable_rzz_QLayers_5___seed_1_1761468207
5073088,0-Episodic-Stats/episodic_length,417.0,Pong1PQFM_XObs_entangled_trainable_rzz_QLayers_5___seed_1_1761468207
5073632,0-Episodic-Stats/episodic_length,227.0,Pong1PQFM_XObs_entangled_trainable_rzz_QLayers_5___seed_1_1761468207
5079744,0-Episodic-Stats/episodic_length,322.0,Pong1PQFM_XObs_entangled_trainable_rzz_QLayers_5___seed_1_1761468207
5081408,0-Episodic-Stats/episodic_length,322.0,Pong1PQFM_XObs_entangled_trainable_rzz_QLayers_5___seed_1_1761468207
5082752,0-Episodic-Stats/episodic_length,417.0,Pong1PQFM_XObs_entangled_trainable_rzz_QLayers_5___seed_1_1761468207
5108384,0-Episodic-Stats/episodic_length,227.0,Pong1PQFM_XObs_entangled_trainable_rzz_QLayers_5___seed_1_1761468207
5130848,0-Episodic-Stats/episodic_length,417.0,Pong1PQFM_XObs_entangled_trainable_rzz_QLayers_5___seed_1_1761468207
5152928,0-Episodic-Stats/episodic_length,607.0,Pong1PQFM_XObs_entangled_trainable_rzz_QLayers_5___seed_1_1761468207
5155968,0-Episodic-Stats/episodic_length,417.0,Pong1PQFM_XObs_entangled_trainable_rzz_QLayers_5___seed_1_1761468207
5165888,0-Episodic-Stats/episodic_length,417.0,Pong1PQFM_XObs_entangled_trainable_rzz_QLayers_5___seed_1_1761468207
5167552,0-Episodic-Stats/episodic_length,417.0,Pong1PQFM_XObs_entangled_trainable_rzz_QLayers_5___seed_1_1761468207
5193280,0-Episodic-Stats/episodic_length,607.0,Pong1PQFM_XObs_entangled_trainable_rzz_QLayers_5___seed_1_1761468207
5198304,0-Episodic-Stats/episodic_length,322.0,Pong1PQFM_XObs_entangled_trainable_rzz_QLayers_5___seed_1_1761468207
5208000,0-Episodic-Stats/episodic_length,322.0,Pong1PQFM_XObs_entangled_trainable_rzz_QLayers_5___seed_1_1761468207
5216192,0-Episodic-Stats/episodic_length,417.0,Pong1PQFM_XObs_entangled_trainable_rzz_QLayers_5___seed_1_1761468207
5252992,0-Episodic-Stats/episodic_length,227.0,Pong1PQFM_XObs_entangled_trainable_rzz_QLayers_5___seed_1_1761468207
5265152,0-Episodic-Stats/episodic_length,417.0,Pong1PQFM_XObs_entangled_trainable_rzz_QLayers_5___seed_1_1761468207
5278592,0-Episodic-Stats/episodic_length,417.0,Pong1PQFM_XObs_entangled_trainable_rzz_QLayers_5___seed_1_1761468207
5279648,0-Episodic-Stats/episodic_length,417.0,Pong1PQFM_XObs_entangled_trainable_rzz_QLayers_5___seed_1_1761468207
5302080,0-Episodic-Stats/episodic_length,417.0,Pong1PQFM_XObs_entangled_trainable_rzz_QLayers_5___seed_1_1761468207
5307584,0-Episodic-Stats/episodic_length,322.0,Pong1PQFM_XObs_entangled_trainable_rzz_QLayers_5___seed_1_1761468207
5312384,0-Episodic-Stats/episodic_length,417.0,Pong1PQFM_XObs_entangled_trainable_rzz_QLayers_5___seed_1_1761468207
5323136,0-Episodic-Stats/episodic_length,227.0,Pong1PQFM_XObs_entangled_trainable_rzz_QLayers_5___seed_1_1761468207
5340320,0-Episodic-Stats/episodic_length,512.0,Pong1PQFM_XObs_entangled_trainable_rzz_QLayers_5___seed_1_1761468207
5372448,0-Episodic-Stats/episodic_length,512.0,Pong1PQFM_XObs_entangled_trainable_rzz_QLayers_5___seed_1_1761468207
5372928,0-Episodic-Stats/episodic_length,132.0,Pong1PQFM_XObs_entangled_trainable_rzz_QLayers_5___seed_1_1761468207
5385568,0-Episodic-Stats/episodic_length,417.0,Pong1PQFM_XObs_entangled_trainable_rzz_QLayers_5___seed_1_1761468207
5385920,0-Episodic-Stats/episodic_length,417.0,Pong1PQFM_XObs_entangled_trainable_rzz_QLayers_5___seed_1_1761468207
5392192,0-Episodic-Stats/episodic_length,417.0,Pong1PQFM_XObs_entangled_trainable_rzz_QLayers_5___seed_1_1761468207
5398080,0-Episodic-Stats/episodic_length,227.0,Pong1PQFM_XObs_entangled_trainable_rzz_QLayers_5___seed_1_1761468207
5410112,0-Episodic-Stats/episodic_length,322.0,Pong1PQFM_XObs_entangled_trainable_rzz_QLayers_5___seed_1_1761468207
5432416,0-Episodic-Stats/episodic_length,322.0,Pong1PQFM_XObs_entangled_trainable_rzz_QLayers_5___seed_1_1761468207
5465312,0-Episodic-Stats/episodic_length,417.0,Pong1PQFM_XObs_entangled_trainable_rzz_QLayers_5___seed_1_1761468207
5468224,0-Episodic-Stats/episodic_length,512.0,Pong1PQFM_XObs_entangled_trainable_rzz_QLayers_5___seed_1_1761468207
5479328,0-Episodic-Stats/episodic_length,417.0,Pong1PQFM_XObs_entangled_trainable_rzz_QLayers_5___seed_1_1761468207
5496320,0-Episodic-Stats/episodic_length,512.0,Pong1PQFM_XObs_entangled_trainable_rzz_QLayers_5___seed_1_1761468207
5502496,0-Episodic-Stats/episodic_length,607.0,Pong1PQFM_XObs_entangled_trainable_rzz_QLayers_5___seed_1_1761468207
5508224,0-Episodic-Stats/episodic_length,322.0,Pong1PQFM_XObs_entangled_trainable_rzz_QLayers_5___seed_1_1761468207
5526464,0-Episodic-Stats/episodic_length,417.0,Pong1PQFM_XObs_entangled_trainable_rzz_QLayers_5___seed_1_1761468207
5528768,0-Episodic-Stats/episodic_length,132.0,Pong1PQFM_XObs_entangled_trainable_rzz_QLayers_5___seed_1_1761468207
5541760,0-Episodic-Stats/episodic_length,417.0,Pong1PQFM_XObs_entangled_trainable_rzz_QLayers_5___seed_1_1761468207
5542560,0-Episodic-Stats/episodic_length,417.0,Pong1PQFM_XObs_entangled_trainable_rzz_QLayers_5___seed_1_1761468207
5552416,0-Episodic-Stats/episodic_length,797.0,Pong1PQFM_XObs_entangled_trainable_rzz_QLayers_5___seed_1_1761468207
5560000,0-Episodic-Stats/episodic_length,227.0,Pong1PQFM_XObs_entangled_trainable_rzz_QLayers_5___seed_1_1761468207
5570656,0-Episodic-Stats/episodic_length,417.0,Pong1PQFM_XObs_entangled_trainable_rzz_QLayers_5___seed_1_1761468207
5580096,0-Episodic-Stats/episodic_length,702.0,Pong1PQFM_XObs_entangled_trainable_rzz_QLayers_5___seed_1_1761468207
5581056,0-Episodic-Stats/episodic_length,512.0,Pong1PQFM_XObs_entangled_trainable_rzz_QLayers_5___seed_1_1761468207
5618944,0-Episodic-Stats/episodic_length,417.0,Pong1PQFM_XObs_entangled_trainable_rzz_QLayers_5___seed_1_1761468207
5625344,0-Episodic-Stats/episodic_length,322.0,Pong1PQFM_XObs_entangled_trainable_rzz_QLayers_5___seed_1_1761468207
5734976,0-Episodic-Stats/episodic_length,227.0,Pong1PQFM_XObs_entangled_trainable_rzz_QLayers_5___seed_1_1761468207
5737888,0-Episodic-Stats/episodic_length,322.0,Pong1PQFM_XObs_entangled_trainable_rzz_QLayers_5___seed_1_1761468207
5747168,0-Episodic-Stats/episodic_length,892.0,Pong1PQFM_XObs_entangled_trainable_rzz_QLayers_5___seed_1_1761468207
5750432,0-Episodic-Stats/episodic_length,322.0,Pong1PQFM_XObs_entangled_trainable_rzz_QLayers_5___seed_1_1761468207
5757088,0-Episodic-Stats/episodic_length,797.0,Pong1PQFM_XObs_entangled_trainable_rzz_QLayers_5___seed_1_1761468207
5761408,0-Episodic-Stats/episodic_length,417.0,Pong1PQFM_XObs_entangled_trainable_rzz_QLayers_5___seed_1_1761468207
5776032,0-Episodic-Stats/episodic_length,322.0,Pong1PQFM_XObs_entangled_trainable_rzz_QLayers_5___seed_1_1761468207
5782944,0-Episodic-Stats/episodic_length,322.0,Pong1PQFM_XObs_entangled_trainable_rzz_QLayers_5___seed_1_1761468207
5784928,0-Episodic-Stats/episodic_length,417.0,Pong1PQFM_XObs_entangled_trainable_rzz_QLayers_5___seed_1_1761468207
5792992,0-Episodic-Stats/episodic_length,322.0,Pong1PQFM_XObs_entangled_trainable_rzz_QLayers_5___seed_1_1761468207
5806208,0-Episodic-Stats/episodic_length,322.0,Pong1PQFM_XObs_entangled_trainable_rzz_QLayers_5___seed_1_1761468207
5812480,0-Episodic-Stats/episodic_length,417.0,Pong1PQFM_XObs_entangled_trainable_rzz_QLayers_5___seed_1_1761468207
5814720,0-Episodic-Stats/episodic_length,274.0,Pong1PQFM_XObs_entangled_trainable_rzz_QLayers_5___seed_1_1761468207
5856704,0-Episodic-Stats/episodic_length,797.0,Pong1PQFM_XObs_entangled_trainable_rzz_QLayers_5___seed_1_1761468207
5859648,0-Episodic-Stats/episodic_length,607.0,Pong1PQFM_XObs_entangled_trainable_rzz_QLayers_5___seed_1_1761468207
5865024,0-Episodic-Stats/episodic_length,417.0,Pong1PQFM_XObs_entangled_trainable_rzz_QLayers_5___seed_1_1761468207
5868288,0-Episodic-Stats/episodic_length,322.0,Pong1PQFM_XObs_entangled_trainable_rzz_QLayers_5___seed_1_1761468207
5895872,0-Episodic-Stats/episodic_length,1272.0,Pong1PQFM_XObs_entangled_trainable_rzz_QLayers_5___seed_1_1761468207
5905824,0-Episodic-Stats/episodic_length,702.0,Pong1PQFM_XObs_entangled_trainable_rzz_QLayers_5___seed_1_1761468207
5906848,0-Episodic-Stats/episodic_length,512.0,Pong1PQFM_XObs_entangled_trainable_rzz_QLayers_5___seed_1_1761468207
5916000,0-Episodic-Stats/episodic_length,417.0,Pong1PQFM_XObs_entangled_trainable_rzz_QLayers_5___seed_1_1761468207
5926272,0-Episodic-Stats/episodic_length,322.0,Pong1PQFM_XObs_entangled_trainable_rzz_QLayers_5___seed_1_1761468207
5927456,0-Episodic-Stats/episodic_length,417.0,Pong1PQFM_XObs_entangled_trainable_rzz_QLayers_5___seed_1_1761468207
5932256,0-Episodic-Stats/episodic_length,987.0,Pong1PQFM_XObs_entangled_trainable_rzz_QLayers_5___seed_1_1761468207
5939232,0-Episodic-Stats/episodic_length,227.0,Pong1PQFM_XObs_entangled_trainable_rzz_QLayers_5___seed_1_1761468207
5942912,0-Episodic-Stats/episodic_length,322.0,Pong1PQFM_XObs_entangled_trainable_rzz_QLayers_5___seed_1_1761468207
5964288,0-Episodic-Stats/episodic_length,322.0,Pong1PQFM_XObs_entangled_trainable_rzz_QLayers_5___seed_1_1761468207
5978400,0-Episodic-Stats/episodic_length,322.0,Pong1PQFM_XObs_entangled_trainable_rzz_QLayers_5___seed_1_1761468207
5996640,0-Episodic-Stats/episodic_length,417.0,Pong1PQFM_XObs_entangled_trainable_rzz_QLayers_5___seed_1_1761468207
6018528,0-Episodic-Stats/episodic_length,322.0,Pong1PQFM_XObs_entangled_trainable_rzz_QLayers_5___seed_1_1761468207
6027520,0-Episodic-Stats/episodic_length,512.0,Pong1PQFM_XObs_entangled_trainable_rzz_QLayers_5___seed_1_1761468207
6044608,0-Episodic-Stats/episodic_length,322.0,Pong1PQFM_XObs_entangled_trainable_rzz_QLayers_5___seed_1_1761468207
6128128,0-Episodic-Stats/episodic_length,702.0,Pong1PQFM_XObs_entangled_trainable_rzz_QLayers_5___seed_1_1761468207
6155872,0-Episodic-Stats/episodic_length,1272.0,Pong1PQFM_XObs_entangled_trainable_rzz_QLayers_5___seed_1_1761468207
6163328,0-Episodic-Stats/episodic_length,892.0,Pong1PQFM_XObs_entangled_trainable_rzz_QLayers_5___seed_1_1761468207
6186048,0-Episodic-Stats/episodic_length,892.0,Pong1PQFM_XObs_entangled_trainable_rzz_QLayers_5___seed_1_1761468207
6194112,0-Episodic-Stats/episodic_length,322.0,Pong1PQFM_XObs_entangled_trainable_rzz_QLayers_5___seed_1_1761468207
6204864,0-Episodic-Stats/episodic_length,512.0,Pong1PQFM_XObs_entangled_trainable_rzz_QLayers_5___seed_1_1761468207
6209984,0-Episodic-Stats/episodic_length,322.0,Pong1PQFM_XObs_entangled_trainable_rzz_QLayers_5___seed_1_1761468207
6214560,0-Episodic-Stats/episodic_length,512.0,Pong1PQFM_XObs_entangled_trainable_rzz_QLayers_5___seed_1_1761468207
6224608,0-Episodic-Stats/episodic_length,322.0,Pong1PQFM_XObs_entangled_trainable_rzz_QLayers_5___seed_1_1761468207
6241440,0-Episodic-Stats/episodic_length,322.0,Pong1PQFM_XObs_entangled_trainable_rzz_QLayers_5___seed_1_1761468207
6255488,0-Episodic-Stats/episodic_length,417.0,Pong1PQFM_XObs_entangled_trainable_rzz_QLayers_5___seed_1_1761468207
6260992,0-Episodic-Stats/episodic_length,227.0,Pong1PQFM_XObs_entangled_trainable_rzz_QLayers_5___seed_1_1761468207
6268704,0-Episodic-Stats/episodic_length,512.0,Pong1PQFM_XObs_entangled_trainable_rzz_QLayers_5___seed_1_1761468207
6273152,0-Episodic-Stats/episodic_length,417.0,Pong1PQFM_XObs_entangled_trainable_rzz_QLayers_5___seed_1_1761468207
6281920,0-Episodic-Stats/episodic_length,322.0,Pong1PQFM_XObs_entangled_trainable_rzz_QLayers_5___seed_1_1761468207
6306304,0-Episodic-Stats/episodic_length,37.0,Pong1PQFM_XObs_entangled_trainable_rzz_QLayers_5___seed_1_1761468207
6320736,0-Episodic-Stats/episodic_length,417.0,Pong1PQFM_XObs_entangled_trainable_rzz_QLayers_5___seed_1_1761468207
6323648,0-Episodic-Stats/episodic_length,322.0,Pong1PQFM_XObs_entangled_trainable_rzz_QLayers_5___seed_1_1761468207
6325856,0-Episodic-Stats/episodic_length,322.0,Pong1PQFM_XObs_entangled_trainable_rzz_QLayers_5___seed_1_1761468207
6342464,0-Episodic-Stats/episodic_length,417.0,Pong1PQFM_XObs_entangled_trainable_rzz_QLayers_5___seed_1_1761468207
6368672,0-Episodic-Stats/episodic_length,417.0,Pong1PQFM_XObs_entangled_trainable_rzz_QLayers_5___seed_1_1761468207
6398944,0-Episodic-Stats/episodic_length,797.0,Pong1PQFM_XObs_entangled_trainable_rzz_QLayers_5___seed_1_1761468207
6416160,0-Episodic-Stats/episodic_length,322.0,Pong1PQFM_XObs_entangled_trainable_rzz_QLayers_5___seed_1_1761468207
6429568,0-Episodic-Stats/episodic_length,512.0,Pong1PQFM_XObs_entangled_trainable_rzz_QLayers_5___seed_1_1761468207
6479008,0-Episodic-Stats/episodic_length,512.0,Pong1PQFM_XObs_entangled_trainable_rzz_QLayers_5___seed_1_1761468207
6479136,0-Episodic-Stats/episodic_length,227.0,Pong1PQFM_XObs_entangled_trainable_rzz_QLayers_5___seed_1_1761468207
6483840,0-Episodic-Stats/episodic_length,417.0,Pong1PQFM_XObs_entangled_trainable_rzz_QLayers_5___seed_1_1761468207
6500640,0-Episodic-Stats/episodic_length,227.0,Pong1PQFM_XObs_entangled_trainable_rzz_QLayers_5___seed_1_1761468207
6511232,0-Episodic-Stats/episodic_length,322.0,Pong1PQFM_XObs_entangled_trainable_rzz_QLayers_5___seed_1_1761468207
6526272,0-Episodic-Stats/episodic_length,797.0,Pong1PQFM_XObs_entangled_trainable_rzz_QLayers_5___seed_1_1761468207
6526944,0-Episodic-Stats/episodic_length,417.0,Pong1PQFM_XObs_entangled_trainable_rzz_QLayers_5___seed_1_1761468207
6540768,0-Episodic-Stats/episodic_length,797.0,Pong1PQFM_XObs_entangled_trainable_rzz_QLayers_5___seed_1_1761468207
6652160,0-Episodic-Stats/episodic_length,417.0,Pong1PQFM_XObs_entangled_trainable_rzz_QLayers_5___seed_1_1761468207
6653088,0-Episodic-Stats/episodic_length,417.0,Pong1PQFM_XObs_entangled_trainable_rzz_QLayers_5___seed_1_1761468207
6657312,0-Episodic-Stats/episodic_length,417.0,Pong1PQFM_XObs_entangled_trainable_rzz_QLayers_5___seed_1_1761468207
6668064,0-Episodic-Stats/episodic_length,417.0,Pong1PQFM_XObs_entangled_trainable_rzz_QLayers_5___seed_1_1761468207
6693984,0-Episodic-Stats/episodic_length,417.0,Pong1PQFM_XObs_entangled_trainable_rzz_QLayers_5___seed_1_1761468207
6697408,0-Episodic-Stats/episodic_length,417.0,Pong1PQFM_XObs_entangled_trainable_rzz_QLayers_5___seed_1_1761468207
6724512,0-Episodic-Stats/episodic_length,322.0,Pong1PQFM_XObs_entangled_trainable_rzz_QLayers_5___seed_1_1761468207
6735040,0-Episodic-Stats/episodic_length,417.0,Pong1PQFM_XObs_entangled_trainable_rzz_QLayers_5___seed_1_1761468207
6735264,0-Episodic-Stats/episodic_length,417.0,Pong1PQFM_XObs_entangled_trainable_rzz_QLayers_5___seed_1_1761468207
6791616,0-Episodic-Stats/episodic_length,322.0,Pong1PQFM_XObs_entangled_trainable_rzz_QLayers_5___seed_1_1761468207
6794624,0-Episodic-Stats/episodic_length,464.0,Pong1PQFM_XObs_entangled_trainable_rzz_QLayers_5___seed_1_1761468207
6800128,0-Episodic-Stats/episodic_length,417.0,Pong1PQFM_XObs_entangled_trainable_rzz_QLayers_5___seed_1_1761468207
6806368,0-Episodic-Stats/episodic_length,322.0,Pong1PQFM_XObs_entangled_trainable_rzz_QLayers_5___seed_1_1761468207
6811520,0-Episodic-Stats/episodic_length,607.0,Pong1PQFM_XObs_entangled_trainable_rzz_QLayers_5___seed_1_1761468207
6836064,0-Episodic-Stats/episodic_length,322.0,Pong1PQFM_XObs_entangled_trainable_rzz_QLayers_5___seed_1_1761468207
6838752,0-Episodic-Stats/episodic_length,417.0,Pong1PQFM_XObs_entangled_trainable_rzz_QLayers_5___seed_1_1761468207
6853472,0-Episodic-Stats/episodic_length,274.0,Pong1PQFM_XObs_entangled_trainable_rzz_QLayers_5___seed_1_1761468207
6883040,0-Episodic-Stats/episodic_length,274.0,Pong1PQFM_XObs_entangled_trainable_rzz_QLayers_5___seed_1_1761468207
6902720,0-Episodic-Stats/episodic_length,417.0,Pong1PQFM_XObs_entangled_trainable_rzz_QLayers_5___seed_1_1761468207
6920160,0-Episodic-Stats/episodic_length,512.0,Pong1PQFM_XObs_entangled_trainable_rzz_QLayers_5___seed_1_1761468207
6949248,0-Episodic-Stats/episodic_length,417.0,Pong1PQFM_XObs_entangled_trainable_rzz_QLayers_5___seed_1_1761468207
6952160,0-Episodic-Stats/episodic_length,369.0,Pong1PQFM_XObs_entangled_trainable_rzz_QLayers_5___seed_1_1761468207
6956352,0-Episodic-Stats/episodic_length,702.0,Pong1PQFM_XObs_entangled_trainable_rzz_QLayers_5___seed_1_1761468207
6981952,0-Episodic-Stats/episodic_length,417.0,Pong1PQFM_XObs_entangled_trainable_rzz_QLayers_5___seed_1_1761468207
6987360,0-Episodic-Stats/episodic_length,512.0,Pong1PQFM_XObs_entangled_trainable_rzz_QLayers_5___seed_1_1761468207
6989216,0-Episodic-Stats/episodic_length,987.0,Pong1PQFM_XObs_entangled_trainable_rzz_QLayers_5___seed_1_1761468207
7005376,0-Episodic-Stats/episodic_length,322.0,Pong1PQFM_XObs_entangled_trainable_rzz_QLayers_5___seed_1_1761468207
7024768,0-Episodic-Stats/episodic_length,512.0,Pong1PQFM_XObs_entangled_trainable_rzz_QLayers_5___seed_1_1761468207
7049600,0-Episodic-Stats/episodic_length,417.0,Pong1PQFM_XObs_entangled_trainable_rzz_QLayers_5___seed_1_1761468207
7051168,0-Episodic-Stats/episodic_length,227.0,Pong1PQFM_XObs_entangled_trainable_rzz_QLayers_5___seed_1_1761468207
7072704,0-Episodic-Stats/episodic_length,322.0,Pong1PQFM_XObs_entangled_trainable_rzz_QLayers_5___seed_1_1761468207
7090112,0-Episodic-Stats/episodic_length,322.0,Pong1PQFM_XObs_entangled_trainable_rzz_QLayers_5___seed_1_1761468207
7103392,0-Episodic-Stats/episodic_length,417.0,Pong1PQFM_XObs_entangled_trainable_rzz_QLayers_5___seed_1_1761468207
7117664,0-Episodic-Stats/episodic_length,227.0,Pong1PQFM_XObs_entangled_trainable_rzz_QLayers_5___seed_1_1761468207
7120256,0-Episodic-Stats/episodic_length,322.0,Pong1PQFM_XObs_entangled_trainable_rzz_QLayers_5___seed_1_1761468207
7127168,0-Episodic-Stats/episodic_length,559.0,Pong1PQFM_XObs_entangled_trainable_rzz_QLayers_5___seed_1_1761468207
7141312,0-Episodic-Stats/episodic_length,417.0,Pong1PQFM_XObs_entangled_trainable_rzz_QLayers_5___seed_1_1761468207
7146080,0-Episodic-Stats/episodic_length,417.0,Pong1PQFM_XObs_entangled_trainable_rzz_QLayers_5___seed_1_1761468207
7161408,0-Episodic-Stats/episodic_length,417.0,Pong1PQFM_XObs_entangled_trainable_rzz_QLayers_5___seed_1_1761468207
7198720,0-Episodic-Stats/episodic_length,607.0,Pong1PQFM_XObs_entangled_trainable_rzz_QLayers_5___seed_1_1761468207
7229792,0-Episodic-Stats/episodic_length,322.0,Pong1PQFM_XObs_entangled_trainable_rzz_QLayers_5___seed_1_1761468207
7243712,0-Episodic-Stats/episodic_length,322.0,Pong1PQFM_XObs_entangled_trainable_rzz_QLayers_5___seed_1_1761468207
7247584,0-Episodic-Stats/episodic_length,607.0,Pong1PQFM_XObs_entangled_trainable_rzz_QLayers_5___seed_1_1761468207
7273728,0-Episodic-Stats/episodic_length,322.0,Pong1PQFM_XObs_entangled_trainable_rzz_QLayers_5___seed_1_1761468207
7276704,0-Episodic-Stats/episodic_length,417.0,Pong1PQFM_XObs_entangled_trainable_rzz_QLayers_5___seed_1_1761468207
7300288,0-Episodic-Stats/episodic_length,322.0,Pong1PQFM_XObs_entangled_trainable_rzz_QLayers_5___seed_1_1761468207
7312000,0-Episodic-Stats/episodic_length,512.0,Pong1PQFM_XObs_entangled_trainable_rzz_QLayers_5___seed_1_1761468207
7323808,0-Episodic-Stats/episodic_length,702.0,Pong1PQFM_XObs_entangled_trainable_rzz_QLayers_5___seed_1_1761468207
7323872,0-Episodic-Stats/episodic_length,227.0,Pong1PQFM_XObs_entangled_trainable_rzz_QLayers_5___seed_1_1761468207
7329184,0-Episodic-Stats/episodic_length,417.0,Pong1PQFM_XObs_entangled_trainable_rzz_QLayers_5___seed_1_1761468207
7352448,0-Episodic-Stats/episodic_length,322.0,Pong1PQFM_XObs_entangled_trainable_rzz_QLayers_5___seed_1_1761468207
7353504,0-Episodic-Stats/episodic_length,417.0,Pong1PQFM_XObs_entangled_trainable_rzz_QLayers_5___seed_1_1761468207
7364352,0-Episodic-Stats/episodic_length,417.0,Pong1PQFM_XObs_entangled_trainable_rzz_QLayers_5___seed_1_1761468207
7374080,0-Episodic-Stats/episodic_length,322.0,Pong1PQFM_XObs_entangled_trainable_rzz_QLayers_5___seed_1_1761468207
7379360,0-Episodic-Stats/episodic_length,417.0,Pong1PQFM_XObs_entangled_trainable_rzz_QLayers_5___seed_1_1761468207
7380640,0-Episodic-Stats/episodic_length,322.0,Pong1PQFM_XObs_entangled_trainable_rzz_QLayers_5___seed_1_1761468207
7391136,0-Episodic-Stats/episodic_length,417.0,Pong1PQFM_XObs_entangled_trainable_rzz_QLayers_5___seed_1_1761468207
7396448,0-Episodic-Stats/episodic_length,322.0,Pong1PQFM_XObs_entangled_trainable_rzz_QLayers_5___seed_1_1761468207
7399328,0-Episodic-Stats/episodic_length,512.0,Pong1PQFM_XObs_entangled_trainable_rzz_QLayers_5___seed_1_1761468207
7416896,0-Episodic-Stats/episodic_length,512.0,Pong1PQFM_XObs_entangled_trainable_rzz_QLayers_5___seed_1_1761468207
7418048,0-Episodic-Stats/episodic_length,322.0,Pong1PQFM_XObs_entangled_trainable_rzz_QLayers_5___seed_1_1761468207
7467968,0-Episodic-Stats/episodic_length,322.0,Pong1PQFM_XObs_entangled_trainable_rzz_QLayers_5___seed_1_1761468207
7498112,0-Episodic-Stats/episodic_length,797.0,Pong1PQFM_XObs_entangled_trainable_rzz_QLayers_5___seed_1_1761468207
7501344,0-Episodic-Stats/episodic_length,512.0,Pong1PQFM_XObs_entangled_trainable_rzz_QLayers_5___seed_1_1761468207
7510272,0-Episodic-Stats/episodic_length,512.0,Pong1PQFM_XObs_entangled_trainable_rzz_QLayers_5___seed_1_1761468207
7513312,0-Episodic-Stats/episodic_length,702.0,Pong1PQFM_XObs_entangled_trainable_rzz_QLayers_5___seed_1_1761468207
7522432,0-Episodic-Stats/episodic_length,322.0,Pong1PQFM_XObs_entangled_trainable_rzz_QLayers_5___seed_1_1761468207
7525088,0-Episodic-Stats/episodic_length,322.0,Pong1PQFM_XObs_entangled_trainable_rzz_QLayers_5___seed_1_1761468207
7543072,0-Episodic-Stats/episodic_length,227.0,Pong1PQFM_XObs_entangled_trainable_rzz_QLayers_5___seed_1_1761468207
7577952,0-Episodic-Stats/episodic_length,227.0,Pong1PQFM_XObs_entangled_trainable_rzz_QLayers_5___seed_1_1761468207
7582752,0-Episodic-Stats/episodic_length,417.0,Pong1PQFM_XObs_entangled_trainable_rzz_QLayers_5___seed_1_1761468207
7589056,0-Episodic-Stats/episodic_length,227.0,Pong1PQFM_XObs_entangled_trainable_rzz_QLayers_5___seed_1_1761468207
7595712,0-Episodic-Stats/episodic_length,607.0,Pong1PQFM_XObs_entangled_trainable_rzz_QLayers_5___seed_1_1761468207
7628448,0-Episodic-Stats/episodic_length,322.0,Pong1PQFM_XObs_entangled_trainable_rzz_QLayers_5___seed_1_1761468207
7663264,0-Episodic-Stats/episodic_length,227.0,Pong1PQFM_XObs_entangled_trainable_rzz_QLayers_5___seed_1_1761468207
7664000,0-Episodic-Stats/episodic_length,227.0,Pong1PQFM_XObs_entangled_trainable_rzz_QLayers_5___seed_1_1761468207
7681888,0-Episodic-Stats/episodic_length,607.0,Pong1PQFM_XObs_entangled_trainable_rzz_QLayers_5___seed_1_1761468207
7686208,0-Episodic-Stats/episodic_length,417.0,Pong1PQFM_XObs_entangled_trainable_rzz_QLayers_5___seed_1_1761468207
7721760,0-Episodic-Stats/episodic_length,512.0,Pong1PQFM_XObs_entangled_trainable_rzz_QLayers_5___seed_1_1761468207
7737216,0-Episodic-Stats/episodic_length,227.0,Pong1PQFM_XObs_entangled_trainable_rzz_QLayers_5___seed_1_1761468207
7760224,0-Episodic-Stats/episodic_length,322.0,Pong1PQFM_XObs_entangled_trainable_rzz_QLayers_5___seed_1_1761468207
7761728,0-Episodic-Stats/episodic_length,417.0,Pong1PQFM_XObs_entangled_trainable_rzz_QLayers_5___seed_1_1761468207
7766304,0-Episodic-Stats/episodic_length,417.0,Pong1PQFM_XObs_entangled_trainable_rzz_QLayers_5___seed_1_1761468207
7773856,0-Episodic-Stats/episodic_length,322.0,Pong1PQFM_XObs_entangled_trainable_rzz_QLayers_5___seed_1_1761468207
7780320,0-Episodic-Stats/episodic_length,512.0,Pong1PQFM_XObs_entangled_trainable_rzz_QLayers_5___seed_1_1761468207
7785152,0-Episodic-Stats/episodic_length,417.0,Pong1PQFM_XObs_entangled_trainable_rzz_QLayers_5___seed_1_1761468207
7788640,0-Episodic-Stats/episodic_length,417.0,Pong1PQFM_XObs_entangled_trainable_rzz_QLayers_5___seed_1_1761468207
7789376,0-Episodic-Stats/episodic_length,227.0,Pong1PQFM_XObs_entangled_trainable_rzz_QLayers_5___seed_1_1761468207
7790720,0-Episodic-Stats/episodic_length,322.0,Pong1PQFM_XObs_entangled_trainable_rzz_QLayers_5___seed_1_1761468207
7801728,0-Episodic-Stats/episodic_length,322.0,Pong1PQFM_XObs_entangled_trainable_rzz_QLayers_5___seed_1_1761468207
7817504,0-Episodic-Stats/episodic_length,227.0,Pong1PQFM_XObs_entangled_trainable_rzz_QLayers_5___seed_1_1761468207
7818688,0-Episodic-Stats/episodic_length,417.0,Pong1PQFM_XObs_entangled_trainable_rzz_QLayers_5___seed_1_1761468207
7852352,0-Episodic-Stats/episodic_length,1509.0,Pong1PQFM_XObs_entangled_trainable_rzz_QLayers_5___seed_1_1761468207
7856896,0-Episodic-Stats/episodic_length,322.0,Pong1PQFM_XObs_entangled_trainable_rzz_QLayers_5___seed_1_1761468207
7858560,0-Episodic-Stats/episodic_length,512.0,Pong1PQFM_XObs_entangled_trainable_rzz_QLayers_5___seed_1_1761468207
7899008,0-Episodic-Stats/episodic_length,322.0,Pong1PQFM_XObs_entangled_trainable_rzz_QLayers_5___seed_1_1761468207
7920448,0-Episodic-Stats/episodic_length,322.0,Pong1PQFM_XObs_entangled_trainable_rzz_QLayers_5___seed_1_1761468207
7929152,0-Episodic-Stats/episodic_length,512.0,Pong1PQFM_XObs_entangled_trainable_rzz_QLayers_5___seed_1_1761468207
7937344,0-Episodic-Stats/episodic_length,1557.0,Pong1PQFM_XObs_entangled_trainable_rzz_QLayers_5___seed_1_1761468207
7969472,0-Episodic-Stats/episodic_length,322.0,Pong1PQFM_XObs_entangled_trainable_rzz_QLayers_5___seed_1_1761468207
7977888,0-Episodic-Stats/episodic_length,417.0,Pong1PQFM_XObs_entangled_trainable_rzz_QLayers_5___seed_1_1761468207
7991680,0-Episodic-Stats/episodic_length,322.0,Pong1PQFM_XObs_entangled_trainable_rzz_QLayers_5___seed_1_1761468207
8010112,0-Episodic-Stats/episodic_length,939.0,Pong1PQFM_XObs_entangled_trainable_rzz_QLayers_5___seed_1_1761468207
8011328,0-Episodic-Stats/episodic_length,227.0,Pong1PQFM_XObs_entangled_trainable_rzz_QLayers_5___seed_1_1761468207
8025344,0-Episodic-Stats/episodic_length,702.0,Pong1PQFM_XObs_entangled_trainable_rzz_QLayers_5___seed_1_1761468207
8050144,0-Episodic-Stats/episodic_length,512.0,Pong1PQFM_XObs_entangled_trainable_rzz_QLayers_5___seed_1_1761468207
8050368,0-Episodic-Stats/episodic_length,322.0,Pong1PQFM_XObs_entangled_trainable_rzz_QLayers_5___seed_1_1761468207
8062784,0-Episodic-Stats/episodic_length,607.0,Pong1PQFM_XObs_entangled_trainable_rzz_QLayers_5___seed_1_1761468207
8092000,0-Episodic-Stats/episodic_length,227.0,Pong1PQFM_XObs_entangled_trainable_rzz_QLayers_5___seed_1_1761468207
8109152,0-Episodic-Stats/episodic_length,702.0,Pong1PQFM_XObs_entangled_trainable_rzz_QLayers_5___seed_1_1761468207
8120672,0-Episodic-Stats/episodic_length,512.0,Pong1PQFM_XObs_entangled_trainable_rzz_QLayers_5___seed_1_1761468207
8124256,0-Episodic-Stats/episodic_length,892.0,Pong1PQFM_XObs_entangled_trainable_rzz_QLayers_5___seed_1_1761468207
8150560,0-Episodic-Stats/episodic_length,417.0,Pong1PQFM_XObs_entangled_trainable_rzz_QLayers_5___seed_1_1761468207
8176064,0-Episodic-Stats/episodic_length,322.0,Pong1PQFM_XObs_entangled_trainable_rzz_QLayers_5___seed_1_1761468207
8196992,0-Episodic-Stats/episodic_length,322.0,Pong1PQFM_XObs_entangled_trainable_rzz_QLayers_5___seed_1_1761468207
8208640,0-Episodic-Stats/episodic_length,417.0,Pong1PQFM_XObs_entangled_trainable_rzz_QLayers_5___seed_1_1761468207
8216192,0-Episodic-Stats/episodic_length,417.0,Pong1PQFM_XObs_entangled_trainable_rzz_QLayers_5___seed_1_1761468207
8217920,0-Episodic-Stats/episodic_length,227.0,Pong1PQFM_XObs_entangled_trainable_rzz_QLayers_5___seed_1_1761468207
8222368,0-Episodic-Stats/episodic_length,892.0,Pong1PQFM_XObs_entangled_trainable_rzz_QLayers_5___seed_1_1761468207
8229856,0-Episodic-Stats/episodic_length,417.0,Pong1PQFM_XObs_entangled_trainable_rzz_QLayers_5___seed_1_1761468207
8241056,0-Episodic-Stats/episodic_length,417.0,Pong1PQFM_XObs_entangled_trainable_rzz_QLayers_5___seed_1_1761468207
8244576,0-Episodic-Stats/episodic_length,322.0,Pong1PQFM_XObs_entangled_trainable_rzz_QLayers_5___seed_1_1761468207
8248768,0-Episodic-Stats/episodic_length,322.0,Pong1PQFM_XObs_entangled_trainable_rzz_QLayers_5___seed_1_1761468207
8266944,0-Episodic-Stats/episodic_length,322.0,Pong1PQFM_XObs_entangled_trainable_rzz_QLayers_5___seed_1_1761468207
8287840,0-Episodic-Stats/episodic_length,512.0,Pong1PQFM_XObs_entangled_trainable_rzz_QLayers_5___seed_1_1761468207
8298176,0-Episodic-Stats/episodic_length,322.0,Pong1PQFM_XObs_entangled_trainable_rzz_QLayers_5___seed_1_1761468207
8302464,0-Episodic-Stats/episodic_length,417.0,Pong1PQFM_XObs_entangled_trainable_rzz_QLayers_5___seed_1_1761468207
8304288,0-Episodic-Stats/episodic_length,322.0,Pong1PQFM_XObs_entangled_trainable_rzz_QLayers_5___seed_1_1761468207
8345472,0-Episodic-Stats/episodic_length,892.0,Pong1PQFM_XObs_entangled_trainable_rzz_QLayers_5___seed_1_1761468207
8345952,0-Episodic-Stats/episodic_length,702.0,Pong1PQFM_XObs_entangled_trainable_rzz_QLayers_5___seed_1_1761468207
8353984,0-Episodic-Stats/episodic_length,227.0,Pong1PQFM_XObs_entangled_trainable_rzz_QLayers_5___seed_1_1761468207
8354592,0-Episodic-Stats/episodic_length,227.0,Pong1PQFM_XObs_entangled_trainable_rzz_QLayers_5___seed_1_1761468207
8377472,0-Episodic-Stats/episodic_length,512.0,Pong1PQFM_XObs_entangled_trainable_rzz_QLayers_5___seed_1_1761468207
8389408,0-Episodic-Stats/episodic_length,417.0,Pong1PQFM_XObs_entangled_trainable_rzz_QLayers_5___seed_1_1761468207
8406816,0-Episodic-Stats/episodic_length,322.0,Pong1PQFM_XObs_entangled_trainable_rzz_QLayers_5___seed_1_1761468207
8416640,0-Episodic-Stats/episodic_length,227.0,Pong1PQFM_XObs_entangled_trainable_rzz_QLayers_5___seed_1_1761468207
8425664,0-Episodic-Stats/episodic_length,227.0,Pong1PQFM_XObs_entangled_trainable_rzz_QLayers_5___seed_1_1761468207
8430080,0-Episodic-Stats/episodic_length,417.0,Pong1PQFM_XObs_entangled_trainable_rzz_QLayers_5___seed_1_1761468207
8489792,0-Episodic-Stats/episodic_length,322.0,Pong1PQFM_XObs_entangled_trainable_rzz_QLayers_5___seed_1_1761468207
8519264,0-Episodic-Stats/episodic_length,417.0,Pong1PQFM_XObs_entangled_trainable_rzz_QLayers_5___seed_1_1761468207
8525952,0-Episodic-Stats/episodic_length,322.0,Pong1PQFM_XObs_entangled_trainable_rzz_QLayers_5___seed_1_1761468207
8526432,0-Episodic-Stats/episodic_length,607.0,Pong1PQFM_XObs_entangled_trainable_rzz_QLayers_5___seed_1_1761468207
8538816,0-Episodic-Stats/episodic_length,417.0,Pong1PQFM_XObs_entangled_trainable_rzz_QLayers_5___seed_1_1761468207
8554272,0-Episodic-Stats/episodic_length,702.0,Pong1PQFM_XObs_entangled_trainable_rzz_QLayers_5___seed_1_1761468207
8572832,0-Episodic-Stats/episodic_length,322.0,Pong1PQFM_XObs_entangled_trainable_rzz_QLayers_5___seed_1_1761468207
8594976,0-Episodic-Stats/episodic_length,797.0,Pong1PQFM_XObs_entangled_trainable_rzz_QLayers_5___seed_1_1761468207
8613312,0-Episodic-Stats/episodic_length,607.0,Pong1PQFM_XObs_entangled_trainable_rzz_QLayers_5___seed_1_1761468207
8631776,0-Episodic-Stats/episodic_length,227.0,Pong1PQFM_XObs_entangled_trainable_rzz_QLayers_5___seed_1_1761468207
8638400,0-Episodic-Stats/episodic_length,512.0,Pong1PQFM_XObs_entangled_trainable_rzz_QLayers_5___seed_1_1761468207
8663328,0-Episodic-Stats/episodic_length,417.0,Pong1PQFM_XObs_entangled_trainable_rzz_QLayers_5___seed_1_1761468207
8673408,0-Episodic-Stats/episodic_length,797.0,Pong1PQFM_XObs_entangled_trainable_rzz_QLayers_5___seed_1_1761468207
8677728,0-Episodic-Stats/episodic_length,322.0,Pong1PQFM_XObs_entangled_trainable_rzz_QLayers_5___seed_1_1761468207
8686880,0-Episodic-Stats/episodic_length,607.0,Pong1PQFM_XObs_entangled_trainable_rzz_QLayers_5___seed_1_1761468207
8693856,0-Episodic-Stats/episodic_length,322.0,Pong1PQFM_XObs_entangled_trainable_rzz_QLayers_5___seed_1_1761468207
8699232,0-Episodic-Stats/episodic_length,322.0,Pong1PQFM_XObs_entangled_trainable_rzz_QLayers_5___seed_1_1761468207
8707776,0-Episodic-Stats/episodic_length,1082.0,Pong1PQFM_XObs_entangled_trainable_rzz_QLayers_5___seed_1_1761468207
8712032,0-Episodic-Stats/episodic_length,417.0,Pong1PQFM_XObs_entangled_trainable_rzz_QLayers_5___seed_1_1761468207
8719232,0-Episodic-Stats/episodic_length,702.0,Pong1PQFM_XObs_entangled_trainable_rzz_QLayers_5___seed_1_1761468207
8721888,0-Episodic-Stats/episodic_length,227.0,Pong1PQFM_XObs_entangled_trainable_rzz_QLayers_5___seed_1_1761468207
8736960,0-Episodic-Stats/episodic_length,322.0,Pong1PQFM_XObs_entangled_trainable_rzz_QLayers_5___seed_1_1761468207
8738432,0-Episodic-Stats/episodic_length,512.0,Pong1PQFM_XObs_entangled_trainable_rzz_QLayers_5___seed_1_1761468207
8772384,0-Episodic-Stats/episodic_length,417.0,Pong1PQFM_XObs_entangled_trainable_rzz_QLayers_5___seed_1_1761468207
8778464,0-Episodic-Stats/episodic_length,417.0,Pong1PQFM_XObs_entangled_trainable_rzz_QLayers_5___seed_1_1761468207
8779456,0-Episodic-Stats/episodic_length,607.0,Pong1PQFM_XObs_entangled_trainable_rzz_QLayers_5___seed_1_1761468207
8784544,0-Episodic-Stats/episodic_length,322.0,Pong1PQFM_XObs_entangled_trainable_rzz_QLayers_5___seed_1_1761468207
8802784,0-Episodic-Stats/episodic_length,417.0,Pong1PQFM_XObs_entangled_trainable_rzz_QLayers_5___seed_1_1761468207
8807968,0-Episodic-Stats/episodic_length,797.0,Pong1PQFM_XObs_entangled_trainable_rzz_QLayers_5___seed_1_1761468207
8821536,0-Episodic-Stats/episodic_length,417.0,Pong1PQFM_XObs_entangled_trainable_rzz_QLayers_5___seed_1_1761468207
8831552,0-Episodic-Stats/episodic_length,702.0,Pong1PQFM_XObs_entangled_trainable_rzz_QLayers_5___seed_1_1761468207
8870624,0-Episodic-Stats/episodic_length,227.0,Pong1PQFM_XObs_entangled_trainable_rzz_QLayers_5___seed_1_1761468207
8904864,0-Episodic-Stats/episodic_length,322.0,Pong1PQFM_XObs_entangled_trainable_rzz_QLayers_5___seed_1_1761468207
8930336,0-Episodic-Stats/episodic_length,322.0,Pong1PQFM_XObs_entangled_trainable_rzz_QLayers_5___seed_1_1761468207
8960032,0-Episodic-Stats/episodic_length,227.0,Pong1PQFM_XObs_entangled_trainable_rzz_QLayers_5___seed_1_1761468207
8974208,0-Episodic-Stats/episodic_length,322.0,Pong1PQFM_XObs_entangled_trainable_rzz_QLayers_5___seed_1_1761468207
8991392,0-Episodic-Stats/episodic_length,417.0,Pong1PQFM_XObs_entangled_trainable_rzz_QLayers_5___seed_1_1761468207
8995424,0-Episodic-Stats/episodic_length,322.0,Pong1PQFM_XObs_entangled_trainable_rzz_QLayers_5___seed_1_1761468207
9013792,0-Episodic-Stats/episodic_length,227.0,Pong1PQFM_XObs_entangled_trainable_rzz_QLayers_5___seed_1_1761468207
9016160,0-Episodic-Stats/episodic_length,607.0,Pong1PQFM_XObs_entangled_trainable_rzz_QLayers_5___seed_1_1761468207
9027744,0-Episodic-Stats/episodic_length,464.5,Pong1PQFM_XObs_entangled_trainable_rzz_QLayers_5___seed_1_1761468207
9028800,0-Episodic-Stats/episodic_length,322.0,Pong1PQFM_XObs_entangled_trainable_rzz_QLayers_5___seed_1_1761468207
9040448,0-Episodic-Stats/episodic_length,417.0,Pong1PQFM_XObs_entangled_trainable_rzz_QLayers_5___seed_1_1761468207
9081792,0-Episodic-Stats/episodic_length,702.0,Pong1PQFM_XObs_entangled_trainable_rzz_QLayers_5___seed_1_1761468207
9116512,0-Episodic-Stats/episodic_length,322.0,Pong1PQFM_XObs_entangled_trainable_rzz_QLayers_5___seed_1_1761468207
9122080,0-Episodic-Stats/episodic_length,322.0,Pong1PQFM_XObs_entangled_trainable_rzz_QLayers_5___seed_1_1761468207
9128960,0-Episodic-Stats/episodic_length,322.0,Pong1PQFM_XObs_entangled_trainable_rzz_QLayers_5___seed_1_1761468207
9136864,0-Episodic-Stats/episodic_length,322.0,Pong1PQFM_XObs_entangled_trainable_rzz_QLayers_5___seed_1_1761468207
9144736,0-Episodic-Stats/episodic_length,417.0,Pong1PQFM_XObs_entangled_trainable_rzz_QLayers_5___seed_1_1761468207
9154592,0-Episodic-Stats/episodic_length,417.0,Pong1PQFM_XObs_entangled_trainable_rzz_QLayers_5___seed_1_1761468207
9165280,0-Episodic-Stats/episodic_length,702.0,Pong1PQFM_XObs_entangled_trainable_rzz_QLayers_5___seed_1_1761468207
9167104,0-Episodic-Stats/episodic_length,322.0,Pong1PQFM_XObs_entangled_trainable_rzz_QLayers_5___seed_1_1761468207
9173376,0-Episodic-Stats/episodic_length,417.0,Pong1PQFM_XObs_entangled_trainable_rzz_QLayers_5___seed_1_1761468207
9177120,0-Episodic-Stats/episodic_length,512.0,Pong1PQFM_XObs_entangled_trainable_rzz_QLayers_5___seed_1_1761468207
9198336,0-Episodic-Stats/episodic_length,322.0,Pong1PQFM_XObs_entangled_trainable_rzz_QLayers_5___seed_1_1761468207
9198752,0-Episodic-Stats/episodic_length,417.0,Pong1PQFM_XObs_entangled_trainable_rzz_QLayers_5___seed_1_1761468207
9220896,0-Episodic-Stats/episodic_length,1652.0,Pong1PQFM_XObs_entangled_trainable_rzz_QLayers_5___seed_1_1761468207
9226272,0-Episodic-Stats/episodic_length,417.0,Pong1PQFM_XObs_entangled_trainable_rzz_QLayers_5___seed_1_1761468207
9245696,0-Episodic-Stats/episodic_length,607.0,Pong1PQFM_XObs_entangled_trainable_rzz_QLayers_5___seed_1_1761468207
9247776,0-Episodic-Stats/episodic_length,607.0,Pong1PQFM_XObs_entangled_trainable_rzz_QLayers_5___seed_1_1761468207
9249728,0-Episodic-Stats/episodic_length,417.0,Pong1PQFM_XObs_entangled_trainable_rzz_QLayers_5___seed_1_1761468207
9272992,0-Episodic-Stats/episodic_length,417.0,Pong1PQFM_XObs_entangled_trainable_rzz_QLayers_5___seed_1_1761468207
9315584,0-Episodic-Stats/episodic_length,227.0,Pong1PQFM_XObs_entangled_trainable_rzz_QLayers_5___seed_1_1761468207
9320352,0-Episodic-Stats/episodic_length,227.0,Pong1PQFM_XObs_entangled_trainable_rzz_QLayers_5___seed_1_1761468207
9332704,0-Episodic-Stats/episodic_length,417.0,Pong1PQFM_XObs_entangled_trainable_rzz_QLayers_5___seed_1_1761468207
9342784,0-Episodic-Stats/episodic_length,417.0,Pong1PQFM_XObs_entangled_trainable_rzz_QLayers_5___seed_1_1761468207
9363456,0-Episodic-Stats/episodic_length,37.0,Pong1PQFM_XObs_entangled_trainable_rzz_QLayers_5___seed_1_1761468207
9365728,0-Episodic-Stats/episodic_length,607.0,Pong1PQFM_XObs_entangled_trainable_rzz_QLayers_5___seed_1_1761468207
9433056,0-Episodic-Stats/episodic_length,417.0,Pong1PQFM_XObs_entangled_trainable_rzz_QLayers_5___seed_1_1761468207
9440896,0-Episodic-Stats/episodic_length,322.0,Pong1PQFM_XObs_entangled_trainable_rzz_QLayers_5___seed_1_1761468207
9448736,0-Episodic-Stats/episodic_length,512.0,Pong1PQFM_XObs_entangled_trainable_rzz_QLayers_5___seed_1_1761468207
9449088,0-Episodic-Stats/episodic_length,607.0,Pong1PQFM_XObs_entangled_trainable_rzz_QLayers_5___seed_1_1761468207
9473472,0-Episodic-Stats/episodic_length,322.0,Pong1PQFM_XObs_entangled_trainable_rzz_QLayers_5___seed_1_1761468207
9481216,0-Episodic-Stats/episodic_length,417.0,Pong1PQFM_XObs_entangled_trainable_rzz_QLayers_5___seed_1_1761468207
9486688,0-Episodic-Stats/episodic_length,512.0,Pong1PQFM_XObs_entangled_trainable_rzz_QLayers_5___seed_1_1761468207
9526112,0-Episodic-Stats/episodic_length,37.0,Pong1PQFM_XObs_entangled_trainable_rzz_QLayers_5___seed_1_1761468207
9548416,0-Episodic-Stats/episodic_length,607.0,Pong1PQFM_XObs_entangled_trainable_rzz_QLayers_5___seed_1_1761468207
9548608,0-Episodic-Stats/episodic_length,417.0,Pong1PQFM_XObs_entangled_trainable_rzz_QLayers_5___seed_1_1761468207
9552480,0-Episodic-Stats/episodic_length,322.0,Pong1PQFM_XObs_entangled_trainable_rzz_QLayers_5___seed_1_1761468207
9556448,0-Episodic-Stats/episodic_length,417.0,Pong1PQFM_XObs_entangled_trainable_rzz_QLayers_5___seed_1_1761468207
9564160,0-Episodic-Stats/episodic_length,322.0,Pong1PQFM_XObs_entangled_trainable_rzz_QLayers_5___seed_1_1761468207
9575712,0-Episodic-Stats/episodic_length,607.0,Pong1PQFM_XObs_entangled_trainable_rzz_QLayers_5___seed_1_1761468207
9576832,0-Episodic-Stats/episodic_length,227.0,Pong1PQFM_XObs_entangled_trainable_rzz_QLayers_5___seed_1_1761468207
9577184,0-Episodic-Stats/episodic_length,227.0,Pong1PQFM_XObs_entangled_trainable_rzz_QLayers_5___seed_1_1761468207
9585536,0-Episodic-Stats/episodic_length,274.0,Pong1PQFM_XObs_entangled_trainable_rzz_QLayers_5___seed_1_1761468207
9585632,0-Episodic-Stats/episodic_length,227.0,Pong1PQFM_XObs_entangled_trainable_rzz_QLayers_5___seed_1_1761468207
9592768,0-Episodic-Stats/episodic_length,322.0,Pong1PQFM_XObs_entangled_trainable_rzz_QLayers_5___seed_1_1761468207
9594304,0-Episodic-Stats/episodic_length,322.0,Pong1PQFM_XObs_entangled_trainable_rzz_QLayers_5___seed_1_1761468207
9595232,0-Episodic-Stats/episodic_length,417.0,Pong1PQFM_XObs_entangled_trainable_rzz_QLayers_5___seed_1_1761468207
9597760,0-Episodic-Stats/episodic_length,512.0,Pong1PQFM_XObs_entangled_trainable_rzz_QLayers_5___seed_1_1761468207
9620384,0-Episodic-Stats/episodic_length,512.0,Pong1PQFM_XObs_entangled_trainable_rzz_QLayers_5___seed_1_1761468207
9638368,0-Episodic-Stats/episodic_length,512.0,Pong1PQFM_XObs_entangled_trainable_rzz_QLayers_5___seed_1_1761468207
9640832,0-Episodic-Stats/episodic_length,417.0,Pong1PQFM_XObs_entangled_trainable_rzz_QLayers_5___seed_1_1761468207
9659808,0-Episodic-Stats/episodic_length,322.0,Pong1PQFM_XObs_entangled_trainable_rzz_QLayers_5___seed_1_1761468207
9689536,0-Episodic-Stats/episodic_length,322.0,Pong1PQFM_XObs_entangled_trainable_rzz_QLayers_5___seed_1_1761468207
9695168,0-Episodic-Stats/episodic_length,607.0,Pong1PQFM_XObs_entangled_trainable_rzz_QLayers_5___seed_1_1761468207
9702368,0-Episodic-Stats/episodic_length,417.0,Pong1PQFM_XObs_entangled_trainable_rzz_QLayers_5___seed_1_1761468207
9721728,0-Episodic-Stats/episodic_length,797.0,Pong1PQFM_XObs_entangled_trainable_rzz_QLayers_5___seed_1_1761468207
9726592,0-Episodic-Stats/episodic_length,607.0,Pong1PQFM_XObs_entangled_trainable_rzz_QLayers_5___seed_1_1761468207
9761568,0-Episodic-Stats/episodic_length,227.0,Pong1PQFM_XObs_entangled_trainable_rzz_QLayers_5___seed_1_1761468207
9825056,0-Episodic-Stats/episodic_length,797.0,Pong1PQFM_XObs_entangled_trainable_rzz_QLayers_5___seed_1_1761468207
9849472,0-Episodic-Stats/episodic_length,322.0,Pong1PQFM_XObs_entangled_trainable_rzz_QLayers_5___seed_1_1761468207
9865984,0-Episodic-Stats/episodic_length,607.0,Pong1PQFM_XObs_entangled_trainable_rzz_QLayers_5___seed_1_1761468207
9873184,0-Episodic-Stats/episodic_length,322.0,Pong1PQFM_XObs_entangled_trainable_rzz_QLayers_5___seed_1_1761468207
9880352,0-Episodic-Stats/episodic_length,322.0,Pong1PQFM_XObs_entangled_trainable_rzz_QLayers_5___seed_1_1761468207
9886304,0-Episodic-Stats/episodic_length,322.0,Pong1PQFM_XObs_entangled_trainable_rzz_QLayers_5___seed_1_1761468207
9891744,0-Episodic-Stats/episodic_length,322.0,Pong1PQFM_XObs_entangled_trainable_rzz_QLayers_5___seed_1_1761468207
9895744,0-Episodic-Stats/episodic_length,322.0,Pong1PQFM_XObs_entangled_trainable_rzz_QLayers_5___seed_1_1761468207
9927712,0-Episodic-Stats/episodic_length,322.0,Pong1PQFM_XObs_entangled_trainable_rzz_QLayers_5___seed_1_1761468207
9948864,0-Episodic-Stats/episodic_length,322.0,Pong1PQFM_XObs_entangled_trainable_rzz_QLayers_5___seed_1_1761468207
9949536,0-Episodic-Stats/episodic_length,322.0,Pong1PQFM_XObs_entangled_trainable_rzz_QLayers_5___seed_1_1761468207
9958144,0-Episodic-Stats/episodic_length,322.0,Pong1PQFM_XObs_entangled_trainable_rzz_QLayers_5___seed_1_1761468207
9974624,0-Episodic-Stats/episodic_length,607.0,Pong1PQFM_XObs_entangled_trainable_rzz_QLayers_5___seed_1_1761468207
9977984,0-Episodic-Stats/episodic_length,227.0,Pong1PQFM_XObs_entangled_trainable_rzz_QLayers_5___seed_1_1761468207
9980640,0-Episodic-Stats/episodic_length,322.0,Pong1PQFM_XObs_entangled_trainable_rzz_QLayers_5___seed_1_1761468207
9982816,0-Episodic-Stats/episodic_length,322.0,Pong1PQFM_XObs_entangled_trainable_rzz_QLayers_5___seed_1_1761468207
67424,0-Episodic-Stats/episodic_return,-21.0,Pong1PQFM_XObs_entangled_trainable_rzz_QLayers_5___seed_1_1761468207
76544,0-Episodic-Stats/episodic_return,-21.0,Pong1PQFM_XObs_entangled_trainable_rzz_QLayers_5___seed_1_1761468207
79584,0-Episodic-Stats/episodic_return,-21.0,Pong1PQFM_XObs_entangled_trainable_rzz_QLayers_5___seed_1_1761468207
82624,0-Episodic-Stats/episodic_return,-21.0,Pong1PQFM_XObs_entangled_trainable_rzz_QLayers_5___seed_1_1761468207
85664,0-Episodic-Stats/episodic_return,-21.0,Pong1PQFM_XObs_entangled_trainable_rzz_QLayers_5___seed_1_1761468207
88704,0-Episodic-Stats/episodic_return,-21.0,Pong1PQFM_XObs_entangled_trainable_rzz_QLayers_5___seed_1_1761468207
91744,0-Episodic-Stats/episodic_return,-21.0,Pong1PQFM_XObs_entangled_trainable_rzz_QLayers_5___seed_1_1761468207
97824,0-Episodic-Stats/episodic_return,-21.0,Pong1PQFM_XObs_entangled_trainable_rzz_QLayers_5___seed_1_1761468207
103904,0-Episodic-Stats/episodic_return,-21.0,Pong1PQFM_XObs_entangled_trainable_rzz_QLayers_5___seed_1_1761468207
153088,0-Episodic-Stats/episodic_return,-21.0,Pong1PQFM_XObs_entangled_trainable_rzz_QLayers_5___seed_1_1761468207
159168,0-Episodic-Stats/episodic_return,-21.0,Pong1PQFM_XObs_entangled_trainable_rzz_QLayers_5___seed_1_1761468207
162208,0-Episodic-Stats/episodic_return,-21.0,Pong1PQFM_XObs_entangled_trainable_rzz_QLayers_5___seed_1_1761468207
165248,0-Episodic-Stats/episodic_return,-21.0,Pong1PQFM_XObs_entangled_trainable_rzz_QLayers_5___seed_1_1761468207
168288,0-Episodic-Stats/episodic_return,-21.0,Pong1PQFM_XObs_entangled_trainable_rzz_QLayers_5___seed_1_1761468207
174368,0-Episodic-Stats/episodic_return,-21.0,Pong1PQFM_XObs_entangled_trainable_rzz_QLayers_5___seed_1_1761468207
177408,0-Episodic-Stats/episodic_return,-21.0,Pong1PQFM_XObs_entangled_trainable_rzz_QLayers_5___seed_1_1761468207
180448,0-Episodic-Stats/episodic_return,-21.0,Pong1PQFM_XObs_entangled_trainable_rzz_QLayers_5___seed_1_1761468207
183488,0-Episodic-Stats/episodic_return,-21.0,Pong1PQFM_XObs_entangled_trainable_rzz_QLayers_5___seed_1_1761468207
186528,0-Episodic-Stats/episodic_return,-21.0,Pong1PQFM_XObs_entangled_trainable_rzz_QLayers_5___seed_1_1761468207
189568,0-Episodic-Stats/episodic_return,-21.0,Pong1PQFM_XObs_entangled_trainable_rzz_QLayers_5___seed_1_1761468207
192608,0-Episodic-Stats/episodic_return,-21.0,Pong1PQFM_XObs_entangled_trainable_rzz_QLayers_5___seed_1_1761468207
195648,0-Episodic-Stats/episodic_return,-21.0,Pong1PQFM_XObs_entangled_trainable_rzz_QLayers_5___seed_1_1761468207
198688,0-Episodic-Stats/episodic_return,-21.0,Pong1PQFM_XObs_entangled_trainable_rzz_QLayers_5___seed_1_1761468207
226592,0-Episodic-Stats/episodic_return,-21.0,Pong1PQFM_XObs_entangled_trainable_rzz_QLayers_5___seed_1_1761468207
235712,0-Episodic-Stats/episodic_return,-21.0,Pong1PQFM_XObs_entangled_trainable_rzz_QLayers_5___seed_1_1761468207
244832,0-Episodic-Stats/episodic_return,-21.0,Pong1PQFM_XObs_entangled_trainable_rzz_QLayers_5___seed_1_1761468207
247872,0-Episodic-Stats/episodic_return,-21.0,Pong1PQFM_XObs_entangled_trainable_rzz_QLayers_5___seed_1_1761468207
253952,0-Episodic-Stats/episodic_return,-21.0,Pong1PQFM_XObs_entangled_trainable_rzz_QLayers_5___seed_1_1761468207
256992,0-Episodic-Stats/episodic_return,-21.0,Pong1PQFM_XObs_entangled_trainable_rzz_QLayers_5___seed_1_1761468207
260032,0-Episodic-Stats/episodic_return,-21.0,Pong1PQFM_XObs_entangled_trainable_rzz_QLayers_5___seed_1_1761468207
266112,0-Episodic-Stats/episodic_return,-21.0,Pong1PQFM_XObs_entangled_trainable_rzz_QLayers_5___seed_1_1761468207
269152,0-Episodic-Stats/episodic_return,-21.0,Pong1PQFM_XObs_entangled_trainable_rzz_QLayers_5___seed_1_1761468207
272192,0-Episodic-Stats/episodic_return,-21.0,Pong1PQFM_XObs_entangled_trainable_rzz_QLayers_5___seed_1_1761468207
275232,0-Episodic-Stats/episodic_return,-21.0,Pong1PQFM_XObs_entangled_trainable_rzz_QLayers_5___seed_1_1761468207
278272,0-Episodic-Stats/episodic_return,-21.0,Pong1PQFM_XObs_entangled_trainable_rzz_QLayers_5___seed_1_1761468207
281312,0-Episodic-Stats/episodic_return,-21.0,Pong1PQFM_XObs_entangled_trainable_rzz_QLayers_5___seed_1_1761468207
284352,0-Episodic-Stats/episodic_return,-21.0,Pong1PQFM_XObs_entangled_trainable_rzz_QLayers_5___seed_1_1761468207
287392,0-Episodic-Stats/episodic_return,-21.0,Pong1PQFM_XObs_entangled_trainable_rzz_QLayers_5___seed_1_1761468207
293472,0-Episodic-Stats/episodic_return,-21.0,Pong1PQFM_XObs_entangled_trainable_rzz_QLayers_5___seed_1_1761468207
296512,0-Episodic-Stats/episodic_return,-21.0,Pong1PQFM_XObs_entangled_trainable_rzz_QLayers_5___seed_1_1761468207
302592,0-Episodic-Stats/episodic_return,-21.0,Pong1PQFM_XObs_entangled_trainable_rzz_QLayers_5___seed_1_1761468207
308672,0-Episodic-Stats/episodic_return,-21.0,Pong1PQFM_XObs_entangled_trainable_rzz_QLayers_5___seed_1_1761468207
315296,0-Episodic-Stats/episodic_return,-21.0,Pong1PQFM_XObs_entangled_trainable_rzz_QLayers_5___seed_1_1761468207
342656,0-Episodic-Stats/episodic_return,-21.0,Pong1PQFM_XObs_entangled_trainable_rzz_QLayers_5___seed_1_1761468207
345696,0-Episodic-Stats/episodic_return,-21.0,Pong1PQFM_XObs_entangled_trainable_rzz_QLayers_5___seed_1_1761468207
348736,0-Episodic-Stats/episodic_return,-21.0,Pong1PQFM_XObs_entangled_trainable_rzz_QLayers_5___seed_1_1761468207
354816,0-Episodic-Stats/episodic_return,-21.0,Pong1PQFM_XObs_entangled_trainable_rzz_QLayers_5___seed_1_1761468207
357856,0-Episodic-Stats/episodic_return,-21.0,Pong1PQFM_XObs_entangled_trainable_rzz_QLayers_5___seed_1_1761468207
360896,0-Episodic-Stats/episodic_return,-21.0,Pong1PQFM_XObs_entangled_trainable_rzz_QLayers_5___seed_1_1761468207
366976,0-Episodic-Stats/episodic_return,-21.0,Pong1PQFM_XObs_entangled_trainable_rzz_QLayers_5___seed_1_1761468207
370016,0-Episodic-Stats/episodic_return,-21.0,Pong1PQFM_XObs_entangled_trainable_rzz_QLayers_5___seed_1_1761468207
373056,0-Episodic-Stats/episodic_return,-21.0,Pong1PQFM_XObs_entangled_trainable_rzz_QLayers_5___seed_1_1761468207
376096,0-Episodic-Stats/episodic_return,-21.0,Pong1PQFM_XObs_entangled_trainable_rzz_QLayers_5___seed_1_1761468207
379136,0-Episodic-Stats/episodic_return,-21.0,Pong1PQFM_XObs_entangled_trainable_rzz_QLayers_5___seed_1_1761468207
385216,0-Episodic-Stats/episodic_return,-21.0,Pong1PQFM_XObs_entangled_trainable_rzz_QLayers_5___seed_1_1761468207
388256,0-Episodic-Stats/episodic_return,-21.0,Pong1PQFM_XObs_entangled_trainable_rzz_QLayers_5___seed_1_1761468207
391296,0-Episodic-Stats/episodic_return,-21.0,Pong1PQFM_XObs_entangled_trainable_rzz_QLayers_5___seed_1_1761468207
394336,0-Episodic-Stats/episodic_return,-21.0,Pong1PQFM_XObs_entangled_trainable_rzz_QLayers_5___seed_1_1761468207
397376,0-Episodic-Stats/episodic_return,-21.0,Pong1PQFM_XObs_entangled_trainable_rzz_QLayers_5___seed_1_1761468207
403456,0-Episodic-Stats/episodic_return,-21.0,Pong1PQFM_XObs_entangled_trainable_rzz_QLayers_5___seed_1_1761468207
406496,0-Episodic-Stats/episodic_return,-21.0,Pong1PQFM_XObs_entangled_trainable_rzz_QLayers_5___seed_1_1761468207
419200,0-Episodic-Stats/episodic_return,-21.0,Pong1PQFM_XObs_entangled_trainable_rzz_QLayers_5___seed_1_1761468207
421696,0-Episodic-Stats/episodic_return,-21.0,Pong1PQFM_XObs_entangled_trainable_rzz_QLayers_5___seed_1_1761468207
446560,0-Episodic-Stats/episodic_return,-21.0,Pong1PQFM_XObs_entangled_trainable_rzz_QLayers_5___seed_1_1761468207
449600,0-Episodic-Stats/episodic_return,-21.0,Pong1PQFM_XObs_entangled_trainable_rzz_QLayers_5___seed_1_1761468207
452640,0-Episodic-Stats/episodic_return,-21.0,Pong1PQFM_XObs_entangled_trainable_rzz_QLayers_5___seed_1_1761468207
455680,0-Episodic-Stats/episodic_return,-21.0,Pong1PQFM_XObs_entangled_trainable_rzz_QLayers_5___seed_1_1761468207
461760,0-Episodic-Stats/episodic_return,-21.0,Pong1PQFM_XObs_entangled_trainable_rzz_QLayers_5___seed_1_1761468207
464800,0-Episodic-Stats/episodic_return,-21.0,Pong1PQFM_XObs_entangled_trainable_rzz_QLayers_5___seed_1_1761468207
470880,0-Episodic-Stats/episodic_return,-21.0,Pong1PQFM_XObs_entangled_trainable_rzz_QLayers_5___seed_1_1761468207
473920,0-Episodic-Stats/episodic_return,-21.0,Pong1PQFM_XObs_entangled_trainable_rzz_QLayers_5___seed_1_1761468207
483040,0-Episodic-Stats/episodic_return,-21.0,Pong1PQFM_XObs_entangled_trainable_rzz_QLayers_5___seed_1_1761468207
486080,0-Episodic-Stats/episodic_return,-21.0,Pong1PQFM_XObs_entangled_trainable_rzz_QLayers_5___seed_1_1761468207
489120,0-Episodic-Stats/episodic_return,-21.0,Pong1PQFM_XObs_entangled_trainable_rzz_QLayers_5___seed_1_1761468207
495200,0-Episodic-Stats/episodic_return,-21.0,Pong1PQFM_XObs_entangled_trainable_rzz_QLayers_5___seed_1_1761468207
498240,0-Episodic-Stats/episodic_return,-21.0,Pong1PQFM_XObs_entangled_trainable_rzz_QLayers_5___seed_1_1761468207
501280,0-Episodic-Stats/episodic_return,-21.0,Pong1PQFM_XObs_entangled_trainable_rzz_QLayers_5___seed_1_1761468207
504320,0-Episodic-Stats/episodic_return,-21.0,Pong1PQFM_XObs_entangled_trainable_rzz_QLayers_5___seed_1_1761468207
507360,0-Episodic-Stats/episodic_return,-21.0,Pong1PQFM_XObs_entangled_trainable_rzz_QLayers_5___seed_1_1761468207
510400,0-Episodic-Stats/episodic_return,-21.0,Pong1PQFM_XObs_entangled_trainable_rzz_QLayers_5___seed_1_1761468207
516480,0-Episodic-Stats/episodic_return,-21.0,Pong1PQFM_XObs_entangled_trainable_rzz_QLayers_5___seed_1_1761468207
525600,0-Episodic-Stats/episodic_return,-21.0,Pong1PQFM_XObs_entangled_trainable_rzz_QLayers_5___seed_1_1761468207
538304,0-Episodic-Stats/episodic_return,-21.0,Pong1PQFM_XObs_entangled_trainable_rzz_QLayers_5___seed_1_1761468207
571744,0-Episodic-Stats/episodic_return,-21.0,Pong1PQFM_XObs_entangled_trainable_rzz_QLayers_5___seed_1_1761468207
574784,0-Episodic-Stats/episodic_return,-21.0,Pong1PQFM_XObs_entangled_trainable_rzz_QLayers_5___seed_1_1761468207
580864,0-Episodic-Stats/episodic_return,-21.0,Pong1PQFM_XObs_entangled_trainable_rzz_QLayers_5___seed_1_1761468207
586944,0-Episodic-Stats/episodic_return,-21.0,Pong1PQFM_XObs_entangled_trainable_rzz_QLayers_5___seed_1_1761468207
589984,0-Episodic-Stats/episodic_return,-21.0,Pong1PQFM_XObs_entangled_trainable_rzz_QLayers_5___seed_1_1761468207
599104,0-Episodic-Stats/episodic_return,-21.0,Pong1PQFM_XObs_entangled_trainable_rzz_QLayers_5___seed_1_1761468207
602144,0-Episodic-Stats/episodic_return,-21.0,Pong1PQFM_XObs_entangled_trainable_rzz_QLayers_5___seed_1_1761468207
608224,0-Episodic-Stats/episodic_return,-21.0,Pong1PQFM_XObs_entangled_trainable_rzz_QLayers_5___seed_1_1761468207
611264,0-Episodic-Stats/episodic_return,-21.0,Pong1PQFM_XObs_entangled_trainable_rzz_QLayers_5___seed_1_1761468207
614304,0-Episodic-Stats/episodic_return,-21.0,Pong1PQFM_XObs_entangled_trainable_rzz_QLayers_5___seed_1_1761468207
617344,0-Episodic-Stats/episodic_return,-21.0,Pong1PQFM_XObs_entangled_trainable_rzz_QLayers_5___seed_1_1761468207
620384,0-Episodic-Stats/episodic_return,-21.0,Pong1PQFM_XObs_entangled_trainable_rzz_QLayers_5___seed_1_1761468207
626464,0-Episodic-Stats/episodic_return,-21.0,Pong1PQFM_XObs_entangled_trainable_rzz_QLayers_5___seed_1_1761468207
629504,0-Episodic-Stats/episodic_return,-21.0,Pong1PQFM_XObs_entangled_trainable_rzz_QLayers_5___seed_1_1761468207
635584,0-Episodic-Stats/episodic_return,-21.0,Pong1PQFM_XObs_entangled_trainable_rzz_QLayers_5___seed_1_1761468207
638624,0-Episodic-Stats/episodic_return,-21.0,Pong1PQFM_XObs_entangled_trainable_rzz_QLayers_5___seed_1_1761468207
644704,0-Episodic-Stats/episodic_return,-21.0,Pong1PQFM_XObs_entangled_trainable_rzz_QLayers_5___seed_1_1761468207
650784,0-Episodic-Stats/episodic_return,-21.0,Pong1PQFM_XObs_entangled_trainable_rzz_QLayers_5___seed_1_1761468207
656864,0-Episodic-Stats/episodic_return,-21.0,Pong1PQFM_XObs_entangled_trainable_rzz_QLayers_5___seed_1_1761468207
657408,0-Episodic-Stats/episodic_return,-21.0,Pong1PQFM_XObs_entangled_trainable_rzz_QLayers_5___seed_1_1761468207
659904,0-Episodic-Stats/episodic_return,-21.0,Pong1PQFM_XObs_entangled_trainable_rzz_QLayers_5___seed_1_1761468207
687808,0-Episodic-Stats/episodic_return,-21.0,Pong1PQFM_XObs_entangled_trainable_rzz_QLayers_5___seed_1_1761468207
699968,0-Episodic-Stats/episodic_return,-21.0,Pong1PQFM_XObs_entangled_trainable_rzz_QLayers_5___seed_1_1761468207
709088,0-Episodic-Stats/episodic_return,-21.0,Pong1PQFM_XObs_entangled_trainable_rzz_QLayers_5___seed_1_1761468207
721248,0-Episodic-Stats/episodic_return,-21.0,Pong1PQFM_XObs_entangled_trainable_rzz_QLayers_5___seed_1_1761468207
724288,0-Episodic-Stats/episodic_return,-21.0,Pong1PQFM_XObs_entangled_trainable_rzz_QLayers_5___seed_1_1761468207
727328,0-Episodic-Stats/episodic_return,-21.0,Pong1PQFM_XObs_entangled_trainable_rzz_QLayers_5___seed_1_1761468207
733408,0-Episodic-Stats/episodic_return,-21.0,Pong1PQFM_XObs_entangled_trainable_rzz_QLayers_5___seed_1_1761468207
742528,0-Episodic-Stats/episodic_return,-21.0,Pong1PQFM_XObs_entangled_trainable_rzz_QLayers_5___seed_1_1761468207
745568,0-Episodic-Stats/episodic_return,-21.0,Pong1PQFM_XObs_entangled_trainable_rzz_QLayers_5___seed_1_1761468207
748608,0-Episodic-Stats/episodic_return,-21.0,Pong1PQFM_XObs_entangled_trainable_rzz_QLayers_5___seed_1_1761468207
751648,0-Episodic-Stats/episodic_return,-21.0,Pong1PQFM_XObs_entangled_trainable_rzz_QLayers_5___seed_1_1761468207
754688,0-Episodic-Stats/episodic_return,-21.0,Pong1PQFM_XObs_entangled_trainable_rzz_QLayers_5___seed_1_1761468207
757728,0-Episodic-Stats/episodic_return,-21.0,Pong1PQFM_XObs_entangled_trainable_rzz_QLayers_5___seed_1_1761468207
763808,0-Episodic-Stats/episodic_return,-21.0,Pong1PQFM_XObs_entangled_trainable_rzz_QLayers_5___seed_1_1761468207
766848,0-Episodic-Stats/episodic_return,-21.0,Pong1PQFM_XObs_entangled_trainable_rzz_QLayers_5___seed_1_1761468207
769888,0-Episodic-Stats/episodic_return,-21.0,Pong1PQFM_XObs_entangled_trainable_rzz_QLayers_5___seed_1_1761468207
772928,0-Episodic-Stats/episodic_return,-21.0,Pong1PQFM_XObs_entangled_trainable_rzz_QLayers_5___seed_1_1761468207
785088,0-Episodic-Stats/episodic_return,-21.0,Pong1PQFM_XObs_entangled_trainable_rzz_QLayers_5___seed_1_1761468207
788128,0-Episodic-Stats/episodic_return,-21.0,Pong1PQFM_XObs_entangled_trainable_rzz_QLayers_5___seed_1_1761468207
794208,0-Episodic-Stats/episodic_return,-21.0,Pong1PQFM_XObs_entangled_trainable_rzz_QLayers_5___seed_1_1761468207
809408,0-Episodic-Stats/episodic_return,-21.0,Pong1PQFM_XObs_entangled_trainable_rzz_QLayers_5___seed_1_1761468207
812448,0-Episodic-Stats/episodic_return,-21.0,Pong1PQFM_XObs_entangled_trainable_rzz_QLayers_5___seed_1_1761468207
812992,0-Episodic-Stats/episodic_return,-21.0,Pong1PQFM_XObs_entangled_trainable_rzz_QLayers_5___seed_1_1761468207
815488,0-Episodic-Stats/episodic_return,-21.0,Pong1PQFM_XObs_entangled_trainable_rzz_QLayers_5___seed_1_1761468207
846432,0-Episodic-Stats/episodic_return,-21.0,Pong1PQFM_XObs_entangled_trainable_rzz_QLayers_5___seed_1_1761468207
852512,0-Episodic-Stats/episodic_return,-21.0,Pong1PQFM_XObs_entangled_trainable_rzz_QLayers_5___seed_1_1761468207
855552,0-Episodic-Stats/episodic_return,-21.0,Pong1PQFM_XObs_entangled_trainable_rzz_QLayers_5___seed_1_1761468207
867712,0-Episodic-Stats/episodic_return,-21.0,Pong1PQFM_XObs_entangled_trainable_rzz_QLayers_5___seed_1_1761468207
870752,0-Episodic-Stats/episodic_return,-21.0,Pong1PQFM_XObs_entangled_trainable_rzz_QLayers_5___seed_1_1761468207
873792,0-Episodic-Stats/episodic_return,-21.0,Pong1PQFM_XObs_entangled_trainable_rzz_QLayers_5___seed_1_1761468207
879872,0-Episodic-Stats/episodic_return,-21.0,Pong1PQFM_XObs_entangled_trainable_rzz_QLayers_5___seed_1_1761468207
885952,0-Episodic-Stats/episodic_return,-21.0,Pong1PQFM_XObs_entangled_trainable_rzz_QLayers_5___seed_1_1761468207
892032,0-Episodic-Stats/episodic_return,-21.0,Pong1PQFM_XObs_entangled_trainable_rzz_QLayers_5___seed_1_1761468207
907232,0-Episodic-Stats/episodic_return,-21.0,Pong1PQFM_XObs_entangled_trainable_rzz_QLayers_5___seed_1_1761468207
913312,0-Episodic-Stats/episodic_return,-21.0,Pong1PQFM_XObs_entangled_trainable_rzz_QLayers_5___seed_1_1761468207
916352,0-Episodic-Stats/episodic_return,-21.0,Pong1PQFM_XObs_entangled_trainable_rzz_QLayers_5___seed_1_1761468207
919392,0-Episodic-Stats/episodic_return,-21.0,Pong1PQFM_XObs_entangled_trainable_rzz_QLayers_5___seed_1_1761468207
922432,0-Episodic-Stats/episodic_return,-21.0,Pong1PQFM_XObs_entangled_trainable_rzz_QLayers_5___seed_1_1761468207
928512,0-Episodic-Stats/episodic_return,-21.0,Pong1PQFM_XObs_entangled_trainable_rzz_QLayers_5___seed_1_1761468207
931552,0-Episodic-Stats/episodic_return,-21.0,Pong1PQFM_XObs_entangled_trainable_rzz_QLayers_5___seed_1_1761468207
934592,0-Episodic-Stats/episodic_return,-21.0,Pong1PQFM_XObs_entangled_trainable_rzz_QLayers_5___seed_1_1761468207
949440,0-Episodic-Stats/episodic_return,-20.0,Pong1PQFM_XObs_entangled_trainable_rzz_QLayers_5___seed_1_1761468207
958912,0-Episodic-Stats/episodic_return,-21.0,Pong1PQFM_XObs_entangled_trainable_rzz_QLayers_5___seed_1_1761468207
959456,0-Episodic-Stats/episodic_return,-21.0,Pong1PQFM_XObs_entangled_trainable_rzz_QLayers_5___seed_1_1761468207
961952,0-Episodic-Stats/episodic_return,-21.0,Pong1PQFM_XObs_entangled_trainable_rzz_QLayers_5___seed_1_1761468207
968032,0-Episodic-Stats/episodic_return,-21.0,Pong1PQFM_XObs_entangled_trainable_rzz_QLayers_5___seed_1_1761468207
977152,0-Episodic-Stats/episodic_return,-21.0,Pong1PQFM_XObs_entangled_trainable_rzz_QLayers_5___seed_1_1761468207
986272,0-Episodic-Stats/episodic_return,-21.0,Pong1PQFM_XObs_entangled_trainable_rzz_QLayers_5___seed_1_1761468207
986816,0-Episodic-Stats/episodic_return,-21.0,Pong1PQFM_XObs_entangled_trainable_rzz_QLayers_5___seed_1_1761468207
1008096,0-Episodic-Stats/episodic_return,-21.0,Pong1PQFM_XObs_entangled_trainable_rzz_QLayers_5___seed_1_1761468207
1014176,0-Episodic-Stats/episodic_return,-21.0,Pong1PQFM_XObs_entangled_trainable_rzz_QLayers_5___seed_1_1761468207
1023296,0-Episodic-Stats/episodic_return,-21.0,Pong1PQFM_XObs_entangled_trainable_rzz_QLayers_5___seed_1_1761468207
1026336,0-Episodic-Stats/episodic_return,-21.0,Pong1PQFM_XObs_entangled_trainable_rzz_QLayers_5___seed_1_1761468207
1029376,0-Episodic-Stats/episodic_return,-21.0,Pong1PQFM_XObs_entangled_trainable_rzz_QLayers_5___seed_1_1761468207
1032416,0-Episodic-Stats/episodic_return,-21.0,Pong1PQFM_XObs_entangled_trainable_rzz_QLayers_5___seed_1_1761468207
1035456,0-Episodic-Stats/episodic_return,-21.0,Pong1PQFM_XObs_entangled_trainable_rzz_QLayers_5___seed_1_1761468207
1038496,0-Episodic-Stats/episodic_return,-21.0,Pong1PQFM_XObs_entangled_trainable_rzz_QLayers_5___seed_1_1761468207
1041184,0-Episodic-Stats/episodic_return,-20.0,Pong1PQFM_XObs_entangled_trainable_rzz_QLayers_5___seed_1_1761468207
1047616,0-Episodic-Stats/episodic_return,-21.0,Pong1PQFM_XObs_entangled_trainable_rzz_QLayers_5___seed_1_1761468207
1056736,0-Episodic-Stats/episodic_return,-21.0,Pong1PQFM_XObs_entangled_trainable_rzz_QLayers_5___seed_1_1761468207
1059776,0-Episodic-Stats/episodic_return,-21.0,Pong1PQFM_XObs_entangled_trainable_rzz_QLayers_5___seed_1_1761468207
1062816,0-Episodic-Stats/episodic_return,-21.0,Pong1PQFM_XObs_entangled_trainable_rzz_QLayers_5___seed_1_1761468207
1065856,0-Episodic-Stats/episodic_return,-21.0,Pong1PQFM_XObs_entangled_trainable_rzz_QLayers_5___seed_1_1761468207
1071936,0-Episodic-Stats/episodic_return,-21.0,Pong1PQFM_XObs_entangled_trainable_rzz_QLayers_5___seed_1_1761468207
1081056,0-Episodic-Stats/episodic_return,-21.0,Pong1PQFM_XObs_entangled_trainable_rzz_QLayers_5___seed_1_1761468207
1084096,0-Episodic-Stats/episodic_return,-21.0,Pong1PQFM_XObs_entangled_trainable_rzz_QLayers_5___seed_1_1761468207
1090176,0-Episodic-Stats/episodic_return,-21.0,Pong1PQFM_XObs_entangled_trainable_rzz_QLayers_5___seed_1_1761468207
1096256,0-Episodic-Stats/episodic_return,-21.0,Pong1PQFM_XObs_entangled_trainable_rzz_QLayers_5___seed_1_1761468207
1102336,0-Episodic-Stats/episodic_return,-21.0,Pong1PQFM_XObs_entangled_trainable_rzz_QLayers_5___seed_1_1761468207
1102880,0-Episodic-Stats/episodic_return,-21.0,Pong1PQFM_XObs_entangled_trainable_rzz_QLayers_5___seed_1_1761468207
1108064,0-Episodic-Stats/episodic_return,-21.0,Pong1PQFM_XObs_entangled_trainable_rzz_QLayers_5___seed_1_1761468207
1108416,0-Episodic-Stats/episodic_return,-21.0,Pong1PQFM_XObs_entangled_trainable_rzz_QLayers_5___seed_1_1761468207
1111456,0-Episodic-Stats/episodic_return,-21.0,Pong1PQFM_XObs_entangled_trainable_rzz_QLayers_5___seed_1_1761468207
1123616,0-Episodic-Stats/episodic_return,-21.0,Pong1PQFM_XObs_entangled_trainable_rzz_QLayers_5___seed_1_1761468207
1132736,0-Episodic-Stats/episodic_return,-21.0,Pong1PQFM_XObs_entangled_trainable_rzz_QLayers_5___seed_1_1761468207
1150976,0-Episodic-Stats/episodic_return,-21.0,Pong1PQFM_XObs_entangled_trainable_rzz_QLayers_5___seed_1_1761468207
1157600,0-Episodic-Stats/episodic_return,-21.0,Pong1PQFM_XObs_entangled_trainable_rzz_QLayers_5___seed_1_1761468207
1172800,0-Episodic-Stats/episodic_return,-21.0,Pong1PQFM_XObs_entangled_trainable_rzz_QLayers_5___seed_1_1761468207
1175840,0-Episodic-Stats/episodic_return,-21.0,Pong1PQFM_XObs_entangled_trainable_rzz_QLayers_5___seed_1_1761468207
1178880,0-Episodic-Stats/episodic_return,-21.0,Pong1PQFM_XObs_entangled_trainable_rzz_QLayers_5___seed_1_1761468207
1181920,0-Episodic-Stats/episodic_return,-21.0,Pong1PQFM_XObs_entangled_trainable_rzz_QLayers_5___seed_1_1761468207
1188000,0-Episodic-Stats/episodic_return,-21.0,Pong1PQFM_XObs_entangled_trainable_rzz_QLayers_5___seed_1_1761468207
1194080,0-Episodic-Stats/episodic_return,-21.0,Pong1PQFM_XObs_entangled_trainable_rzz_QLayers_5___seed_1_1761468207
1200160,0-Episodic-Stats/episodic_return,-21.0,Pong1PQFM_XObs_entangled_trainable_rzz_QLayers_5___seed_1_1761468207
1206240,0-Episodic-Stats/episodic_return,-21.0,Pong1PQFM_XObs_entangled_trainable_rzz_QLayers_5___seed_1_1761468207
1211968,0-Episodic-Stats/episodic_return,-21.0,Pong1PQFM_XObs_entangled_trainable_rzz_QLayers_5___seed_1_1761468207
1215360,0-Episodic-Stats/episodic_return,-21.0,Pong1PQFM_XObs_entangled_trainable_rzz_QLayers_5___seed_1_1761468207
1227520,0-Episodic-Stats/episodic_return,-21.0,Pong1PQFM_XObs_entangled_trainable_rzz_QLayers_5___seed_1_1761468207
1230560,0-Episodic-Stats/episodic_return,-21.0,Pong1PQFM_XObs_entangled_trainable_rzz_QLayers_5___seed_1_1761468207
1236640,0-Episodic-Stats/episodic_return,-21.0,Pong1PQFM_XObs_entangled_trainable_rzz_QLayers_5___seed_1_1761468207
1242720,0-Episodic-Stats/episodic_return,-21.0,Pong1PQFM_XObs_entangled_trainable_rzz_QLayers_5___seed_1_1761468207
1245760,0-Episodic-Stats/episodic_return,-21.0,Pong1PQFM_XObs_entangled_trainable_rzz_QLayers_5___seed_1_1761468207
1248800,0-Episodic-Stats/episodic_return,-21.0,Pong1PQFM_XObs_entangled_trainable_rzz_QLayers_5___seed_1_1761468207
1251840,0-Episodic-Stats/episodic_return,-21.0,Pong1PQFM_XObs_entangled_trainable_rzz_QLayers_5___seed_1_1761468207
1254880,0-Episodic-Stats/episodic_return,-21.0,Pong1PQFM_XObs_entangled_trainable_rzz_QLayers_5___seed_1_1761468207
1255424,0-Episodic-Stats/episodic_return,-21.0,Pong1PQFM_XObs_entangled_trainable_rzz_QLayers_5___seed_1_1761468207
1257920,0-Episodic-Stats/episodic_return,-21.0,Pong1PQFM_XObs_entangled_trainable_rzz_QLayers_5___seed_1_1761468207
1266688,0-Episodic-Stats/episodic_return,-21.0,Pong1PQFM_XObs_entangled_trainable_rzz_QLayers_5___seed_1_1761468207
1267040,0-Episodic-Stats/episodic_return,-21.0,Pong1PQFM_XObs_entangled_trainable_rzz_QLayers_5___seed_1_1761468207
1273120,0-Episodic-Stats/episodic_return,-21.0,Pong1PQFM_XObs_entangled_trainable_rzz_QLayers_5___seed_1_1761468207
1279200,0-Episodic-Stats/episodic_return,-21.0,Pong1PQFM_XObs_entangled_trainable_rzz_QLayers_5___seed_1_1761468207
1288320,0-Episodic-Stats/episodic_return,-21.0,Pong1PQFM_XObs_entangled_trainable_rzz_QLayers_5___seed_1_1761468207
1328384,0-Episodic-Stats/episodic_return,-21.0,Pong1PQFM_XObs_entangled_trainable_rzz_QLayers_5___seed_1_1761468207
1331424,0-Episodic-Stats/episodic_return,-21.0,Pong1PQFM_XObs_entangled_trainable_rzz_QLayers_5___seed_1_1761468207
1334464,0-Episodic-Stats/episodic_return,-21.0,Pong1PQFM_XObs_entangled_trainable_rzz_QLayers_5___seed_1_1761468207
1340544,0-Episodic-Stats/episodic_return,-21.0,Pong1PQFM_XObs_entangled_trainable_rzz_QLayers_5___seed_1_1761468207
1343584,0-Episodic-Stats/episodic_return,-21.0,Pong1PQFM_XObs_entangled_trainable_rzz_QLayers_5___seed_1_1761468207
1346624,0-Episodic-Stats/episodic_return,-21.0,Pong1PQFM_XObs_entangled_trainable_rzz_QLayers_5___seed_1_1761468207
1349664,0-Episodic-Stats/episodic_return,-21.0,Pong1PQFM_XObs_entangled_trainable_rzz_QLayers_5___seed_1_1761468207
1364864,0-Episodic-Stats/episodic_return,-21.0,Pong1PQFM_XObs_entangled_trainable_rzz_QLayers_5___seed_1_1761468207
1376672,0-Episodic-Stats/episodic_return,-21.0,Pong1PQFM_XObs_entangled_trainable_rzz_QLayers_5___seed_1_1761468207
1377024,0-Episodic-Stats/episodic_return,-21.0,Pong1PQFM_XObs_entangled_trainable_rzz_QLayers_5___seed_1_1761468207
1401344,0-Episodic-Stats/episodic_return,-21.0,Pong1PQFM_XObs_entangled_trainable_rzz_QLayers_5___seed_1_1761468207
1410464,0-Episodic-Stats/episodic_return,-21.0,Pong1PQFM_XObs_entangled_trainable_rzz_QLayers_5___seed_1_1761468207
1413504,0-Episodic-Stats/episodic_return,-21.0,Pong1PQFM_XObs_entangled_trainable_rzz_QLayers_5___seed_1_1761468207
1414048,0-Episodic-Stats/episodic_return,-21.0,Pong1PQFM_XObs_entangled_trainable_rzz_QLayers_5___seed_1_1761468207
1416544,0-Episodic-Stats/episodic_return,-21.0,Pong1PQFM_XObs_entangled_trainable_rzz_QLayers_5___seed_1_1761468207
1422624,0-Episodic-Stats/episodic_return,-21.0,Pong1PQFM_XObs_entangled_trainable_rzz_QLayers_5___seed_1_1761468207
1425664,0-Episodic-Stats/episodic_return,-21.0,Pong1PQFM_XObs_entangled_trainable_rzz_QLayers_5___seed_1_1761468207
1431392,0-Episodic-Stats/episodic_return,-21.0,Pong1PQFM_XObs_entangled_trainable_rzz_QLayers_5___seed_1_1761468207
1434784,0-Episodic-Stats/episodic_return,-21.0,Pong1PQFM_XObs_entangled_trainable_rzz_QLayers_5___seed_1_1761468207
1443904,0-Episodic-Stats/episodic_return,-21.0,Pong1PQFM_XObs_entangled_trainable_rzz_QLayers_5___seed_1_1761468207
1446944,0-Episodic-Stats/episodic_return,-21.0,Pong1PQFM_XObs_entangled_trainable_rzz_QLayers_5___seed_1_1761468207
1453024,0-Episodic-Stats/episodic_return,-21.0,Pong1PQFM_XObs_entangled_trainable_rzz_QLayers_5___seed_1_1761468207
1493088,0-Episodic-Stats/episodic_return,-21.0,Pong1PQFM_XObs_entangled_trainable_rzz_QLayers_5___seed_1_1761468207
1499168,0-Episodic-Stats/episodic_return,-21.0,Pong1PQFM_XObs_entangled_trainable_rzz_QLayers_5___seed_1_1761468207
1508288,0-Episodic-Stats/episodic_return,-21.0,Pong1PQFM_XObs_entangled_trainable_rzz_QLayers_5___seed_1_1761468207
1511328,0-Episodic-Stats/episodic_return,-21.0,Pong1PQFM_XObs_entangled_trainable_rzz_QLayers_5___seed_1_1761468207
1517408,0-Episodic-Stats/episodic_return,-21.0,Pong1PQFM_XObs_entangled_trainable_rzz_QLayers_5___seed_1_1761468207
1523488,0-Episodic-Stats/episodic_return,-21.0,Pong1PQFM_XObs_entangled_trainable_rzz_QLayers_5___seed_1_1761468207
1526528,0-Episodic-Stats/episodic_return,-21.0,Pong1PQFM_XObs_entangled_trainable_rzz_QLayers_5___seed_1_1761468207
1547808,0-Episodic-Stats/episodic_return,-21.0,Pong1PQFM_XObs_entangled_trainable_rzz_QLayers_5___seed_1_1761468207
1550848,0-Episodic-Stats/episodic_return,-21.0,Pong1PQFM_XObs_entangled_trainable_rzz_QLayers_5___seed_1_1761468207
1556928,0-Episodic-Stats/episodic_return,-21.0,Pong1PQFM_XObs_entangled_trainable_rzz_QLayers_5___seed_1_1761468207
1568736,0-Episodic-Stats/episodic_return,-20.0,Pong1PQFM_XObs_entangled_trainable_rzz_QLayers_5___seed_1_1761468207
1571424,0-Episodic-Stats/episodic_return,-20.0,Pong1PQFM_XObs_entangled_trainable_rzz_QLayers_5___seed_1_1761468207
1581248,0-Episodic-Stats/episodic_return,-21.0,Pong1PQFM_XObs_entangled_trainable_rzz_QLayers_5___seed_1_1761468207
1596448,0-Episodic-Stats/episodic_return,-21.0,Pong1PQFM_XObs_entangled_trainable_rzz_QLayers_5___seed_1_1761468207
1598784,0-Episodic-Stats/episodic_return,-19.0,Pong1PQFM_XObs_entangled_trainable_rzz_QLayers_5___seed_1_1761468207
1602528,0-Episodic-Stats/episodic_return,-21.0,Pong1PQFM_XObs_entangled_trainable_rzz_QLayers_5___seed_1_1761468207
1605216,0-Episodic-Stats/episodic_return,-20.0,Pong1PQFM_XObs_entangled_trainable_rzz_QLayers_5___seed_1_1761468207
1608608,0-Episodic-Stats/episodic_return,-21.0,Pong1PQFM_XObs_entangled_trainable_rzz_QLayers_5___seed_1_1761468207
1611296,0-Episodic-Stats/episodic_return,-20.0,Pong1PQFM_XObs_entangled_trainable_rzz_QLayers_5___seed_1_1761468207
1617024,0-Episodic-Stats/episodic_return,-20.0,Pong1PQFM_XObs_entangled_trainable_rzz_QLayers_5___seed_1_1761468207
1623808,0-Episodic-Stats/episodic_return,-21.0,Pong1PQFM_XObs_entangled_trainable_rzz_QLayers_5___seed_1_1761468207
1629888,0-Episodic-Stats/episodic_return,-21.0,Pong1PQFM_XObs_entangled_trainable_rzz_QLayers_5___seed_1_1761468207
1630432,0-Episodic-Stats/episodic_return,-21.0,Pong1PQFM_XObs_entangled_trainable_rzz_QLayers_5___seed_1_1761468207
1642048,0-Episodic-Stats/episodic_return,-21.0,Pong1PQFM_XObs_entangled_trainable_rzz_QLayers_5___seed_1_1761468207
1648128,0-Episodic-Stats/episodic_return,-21.0,Pong1PQFM_XObs_entangled_trainable_rzz_QLayers_5___seed_1_1761468207
1663872,0-Episodic-Stats/episodic_return,-21.0,Pong1PQFM_XObs_entangled_trainable_rzz_QLayers_5___seed_1_1761468207
1693920,0-Episodic-Stats/episodic_return,-20.0,Pong1PQFM_XObs_entangled_trainable_rzz_QLayers_5___seed_1_1761468207
1694272,0-Episodic-Stats/episodic_return,-21.0,Pong1PQFM_XObs_entangled_trainable_rzz_QLayers_5___seed_1_1761468207
1706432,0-Episodic-Stats/episodic_return,-21.0,Pong1PQFM_XObs_entangled_trainable_rzz_QLayers_5___seed_1_1761468207
1708064,0-Episodic-Stats/episodic_return,-17.0,Pong1PQFM_XObs_entangled_trainable_rzz_QLayers_5___seed_1_1761468207
1712512,0-Episodic-Stats/episodic_return,-21.0,Pong1PQFM_XObs_entangled_trainable_rzz_QLayers_5___seed_1_1761468207
1718592,0-Episodic-Stats/episodic_return,-21.0,Pong1PQFM_XObs_entangled_trainable_rzz_QLayers_5___seed_1_1761468207
1721632,0-Episodic-Stats/episodic_return,-21.0,Pong1PQFM_XObs_entangled_trainable_rzz_QLayers_5___seed_1_1761468207
1730752,0-Episodic-Stats/episodic_return,-21.0,Pong1PQFM_XObs_entangled_trainable_rzz_QLayers_5___seed_1_1761468207
1739520,0-Episodic-Stats/episodic_return,-21.0,Pong1PQFM_XObs_entangled_trainable_rzz_QLayers_5___seed_1_1761468207
1750976,0-Episodic-Stats/episodic_return,-18.0,Pong1PQFM_XObs_entangled_trainable_rzz_QLayers_5___seed_1_1761468207
1752032,0-Episodic-Stats/episodic_return,-21.0,Pong1PQFM_XObs_entangled_trainable_rzz_QLayers_5___seed_1_1761468207
1758112,0-Episodic-Stats/episodic_return,-21.0,Pong1PQFM_XObs_entangled_trainable_rzz_QLayers_5___seed_1_1761468207
1763488,0-Episodic-Stats/episodic_return,-21.0,Pong1PQFM_XObs_entangled_trainable_rzz_QLayers_5___seed_1_1761468207
1779040,0-Episodic-Stats/episodic_return,-21.0,Pong1PQFM_XObs_entangled_trainable_rzz_QLayers_5___seed_1_1761468207
1781728,0-Episodic-Stats/episodic_return,-19.0,Pong1PQFM_XObs_entangled_trainable_rzz_QLayers_5___seed_1_1761468207
1785472,0-Episodic-Stats/episodic_return,-21.0,Pong1PQFM_XObs_entangled_trainable_rzz_QLayers_5___seed_1_1761468207
1788512,0-Episodic-Stats/episodic_return,-21.0,Pong1PQFM_XObs_entangled_trainable_rzz_QLayers_5___seed_1_1761468207
1791200,0-Episodic-Stats/episodic_return,-20.0,Pong1PQFM_XObs_entangled_trainable_rzz_QLayers_5___seed_1_1761468207
1800320,0-Episodic-Stats/episodic_return,-20.0,Pong1PQFM_XObs_entangled_trainable_rzz_QLayers_5___seed_1_1761468207
1801216,0-Episodic-Stats/episodic_return,-21.0,Pong1PQFM_XObs_entangled_trainable_rzz_QLayers_5___seed_1_1761468207
1806048,0-Episodic-Stats/episodic_return,-21.0,Pong1PQFM_XObs_entangled_trainable_rzz_QLayers_5___seed_1_1761468207
1808736,0-Episodic-Stats/episodic_return,-20.0,Pong1PQFM_XObs_entangled_trainable_rzz_QLayers_5___seed_1_1761468207
1815168,0-Episodic-Stats/episodic_return,-20.0,Pong1PQFM_XObs_entangled_trainable_rzz_QLayers_5___seed_1_1761468207
1815520,0-Episodic-Stats/episodic_return,-20.0,Pong1PQFM_XObs_entangled_trainable_rzz_QLayers_5___seed_1_1761468207
1818912,0-Episodic-Stats/episodic_return,-21.0,Pong1PQFM_XObs_entangled_trainable_rzz_QLayers_5___seed_1_1761468207
1829664,0-Episodic-Stats/episodic_return,-17.0,Pong1PQFM_XObs_entangled_trainable_rzz_QLayers_5___seed_1_1761468207
1839488,0-Episodic-Stats/episodic_return,-19.0,Pong1PQFM_XObs_entangled_trainable_rzz_QLayers_5___seed_1_1761468207
1848256,0-Episodic-Stats/episodic_return,-18.0,Pong1PQFM_XObs_entangled_trainable_rzz_QLayers_5___seed_1_1761468207
1855040,0-Episodic-Stats/episodic_return,-20.0,Pong1PQFM_XObs_entangled_trainable_rzz_QLayers_5___seed_1_1761468207
1866848,0-Episodic-Stats/episodic_return,-19.0,Pong1PQFM_XObs_entangled_trainable_rzz_QLayers_5___seed_1_1761468207
1867744,0-Episodic-Stats/episodic_return,-20.0,Pong1PQFM_XObs_entangled_trainable_rzz_QLayers_5___seed_1_1761468207
1871136,0-Episodic-Stats/episodic_return,-21.0,Pong1PQFM_XObs_entangled_trainable_rzz_QLayers_5___seed_1_1761468207
1880256,0-Episodic-Stats/episodic_return,-21.0,Pong1PQFM_XObs_entangled_trainable_rzz_QLayers_5___seed_1_1761468207
1889376,0-Episodic-Stats/episodic_return,-21.0,Pong1PQFM_XObs_entangled_trainable_rzz_QLayers_5___seed_1_1761468207
1898496,0-Episodic-Stats/episodic_return,-21.0,Pong1PQFM_XObs_entangled_trainable_rzz_QLayers_5___seed_1_1761468207
1910304,0-Episodic-Stats/episodic_return,-21.0,Pong1PQFM_XObs_entangled_trainable_rzz_QLayers_5___seed_1_1761468207
1913344,0-Episodic-Stats/episodic_return,-21.0,Pong1PQFM_XObs_entangled_trainable_rzz_QLayers_5___seed_1_1761468207
1922816,0-Episodic-Stats/episodic_return,-21.0,Pong1PQFM_XObs_entangled_trainable_rzz_QLayers_5___seed_1_1761468207
1928192,0-Episodic-Stats/episodic_return,-19.0,Pong1PQFM_XObs_entangled_trainable_rzz_QLayers_5___seed_1_1761468207
1950176,0-Episodic-Stats/episodic_return,-21.0,Pong1PQFM_XObs_entangled_trainable_rzz_QLayers_5___seed_1_1761468207
1952512,0-Episodic-Stats/episodic_return,-19.0,Pong1PQFM_XObs_entangled_trainable_rzz_QLayers_5___seed_1_1761468207
1952864,0-Episodic-Stats/episodic_return,-21.0,Pong1PQFM_XObs_entangled_trainable_rzz_QLayers_5___seed_1_1761468207
1957184,0-Episodic-Stats/episodic_return,-19.0,Pong1PQFM_XObs_entangled_trainable_rzz_QLayers_5___seed_1_1761468207
1958240,0-Episodic-Stats/episodic_return,-21.0,Pong1PQFM_XObs_entangled_trainable_rzz_QLayers_5___seed_1_1761468207
1959296,0-Episodic-Stats/episodic_return,-21.0,Pong1PQFM_XObs_entangled_trainable_rzz_QLayers_5___seed_1_1761468207
1967360,0-Episodic-Stats/episodic_return,-20.0,Pong1PQFM_XObs_entangled_trainable_rzz_QLayers_5___seed_1_1761468207
1970400,0-Episodic-Stats/episodic_return,-19.0,Pong1PQFM_XObs_entangled_trainable_rzz_QLayers_5___seed_1_1761468207
1985600,0-Episodic-Stats/episodic_return,-20.0,Pong1PQFM_XObs_entangled_trainable_rzz_QLayers_5___seed_1_1761468207
1998464,0-Episodic-Stats/episodic_return,-21.0,Pong1PQFM_XObs_entangled_trainable_rzz_QLayers_5___seed_1_1761468207
2000800,0-Episodic-Stats/episodic_return,-18.0,Pong1PQFM_XObs_entangled_trainable_rzz_QLayers_5___seed_1_1761468207
2019392,0-Episodic-Stats/episodic_return,-19.0,Pong1PQFM_XObs_entangled_trainable_rzz_QLayers_5___seed_1_1761468207
2019936,0-Episodic-Stats/episodic_return,-19.0,Pong1PQFM_XObs_entangled_trainable_rzz_QLayers_5___seed_1_1761468207
2027456,0-Episodic-Stats/episodic_return,-20.0,Pong1PQFM_XObs_entangled_trainable_rzz_QLayers_5___seed_1_1761468207
2031552,0-Episodic-Stats/episodic_return,-21.0,Pong1PQFM_XObs_entangled_trainable_rzz_QLayers_5___seed_1_1761468207
2034240,0-Episodic-Stats/episodic_return,-20.0,Pong1PQFM_XObs_entangled_trainable_rzz_QLayers_5___seed_1_1761468207
2037984,0-Episodic-Stats/episodic_return,-20.0,Pong1PQFM_XObs_entangled_trainable_rzz_QLayers_5___seed_1_1761468207
2039968,0-Episodic-Stats/episodic_return,-19.0,Pong1PQFM_XObs_entangled_trainable_rzz_QLayers_5___seed_1_1761468207
2042304,0-Episodic-Stats/episodic_return,-18.0,Pong1PQFM_XObs_entangled_trainable_rzz_QLayers_5___seed_1_1761468207
2046400,0-Episodic-Stats/episodic_return,-19.0,Pong1PQFM_XObs_entangled_trainable_rzz_QLayers_5___seed_1_1761468207
2049440,0-Episodic-Stats/episodic_return,-19.5,Pong1PQFM_XObs_entangled_trainable_rzz_QLayers_5___seed_1_1761468207
2075008,0-Episodic-Stats/episodic_return,-21.0,Pong1PQFM_XObs_entangled_trainable_rzz_QLayers_5___seed_1_1761468207
2078048,0-Episodic-Stats/episodic_return,-20.0,Pong1PQFM_XObs_entangled_trainable_rzz_QLayers_5___seed_1_1761468207
2090560,0-Episodic-Stats/episodic_return,-21.0,Pong1PQFM_XObs_entangled_trainable_rzz_QLayers_5___seed_1_1761468207
2101312,0-Episodic-Stats/episodic_return,-17.0,Pong1PQFM_XObs_entangled_trainable_rzz_QLayers_5___seed_1_1761468207
2103456,0-Episodic-Stats/episodic_return,-19.0,Pong1PQFM_XObs_entangled_trainable_rzz_QLayers_5___seed_1_1761468207
2116512,0-Episodic-Stats/episodic_return,-18.0,Pong1PQFM_XObs_entangled_trainable_rzz_QLayers_5___seed_1_1761468207
2117216,0-Episodic-Stats/episodic_return,-20.0,Pong1PQFM_XObs_entangled_trainable_rzz_QLayers_5___seed_1_1761468207
2117920,0-Episodic-Stats/episodic_return,-21.0,Pong1PQFM_XObs_entangled_trainable_rzz_QLayers_5___seed_1_1761468207
2144576,0-Episodic-Stats/episodic_return,-20.0,Pong1PQFM_XObs_entangled_trainable_rzz_QLayers_5___seed_1_1761468207
2147264,0-Episodic-Stats/episodic_return,-19.0,Pong1PQFM_XObs_entangled_trainable_rzz_QLayers_5___seed_1_1761468207
2147616,0-Episodic-Stats/episodic_return,-21.0,Pong1PQFM_XObs_entangled_trainable_rzz_QLayers_5___seed_1_1761468207
2152992,0-Episodic-Stats/episodic_return,-20.0,Pong1PQFM_XObs_entangled_trainable_rzz_QLayers_5___seed_1_1761468207
2160480,0-Episodic-Stats/episodic_return,-21.0,Pong1PQFM_XObs_entangled_trainable_rzz_QLayers_5___seed_1_1761468207
2166560,0-Episodic-Stats/episodic_return,-21.0,Pong1PQFM_XObs_entangled_trainable_rzz_QLayers_5___seed_1_1761468207
2178944,0-Episodic-Stats/episodic_return,-19.0,Pong1PQFM_XObs_entangled_trainable_rzz_QLayers_5___seed_1_1761468207
2183040,0-Episodic-Stats/episodic_return,-19.0,Pong1PQFM_XObs_entangled_trainable_rzz_QLayers_5___seed_1_1761468207
2193216,0-Episodic-Stats/episodic_return,-21.0,Pong1PQFM_XObs_entangled_trainable_rzz_QLayers_5___seed_1_1761468207
2199648,0-Episodic-Stats/episodic_return,-21.0,Pong1PQFM_XObs_entangled_trainable_rzz_QLayers_5___seed_1_1761468207
2213440,0-Episodic-Stats/episodic_return,-19.0,Pong1PQFM_XObs_entangled_trainable_rzz_QLayers_5___seed_1_1761468207
2219168,0-Episodic-Stats/episodic_return,-18.0,Pong1PQFM_XObs_entangled_trainable_rzz_QLayers_5___seed_1_1761468207
2229344,0-Episodic-Stats/episodic_return,-19.0,Pong1PQFM_XObs_entangled_trainable_rzz_QLayers_5___seed_1_1761468207
2229536,0-Episodic-Stats/episodic_return,-19.0,Pong1PQFM_XObs_entangled_trainable_rzz_QLayers_5___seed_1_1761468207
2230624,0-Episodic-Stats/episodic_return,-16.0,Pong1PQFM_XObs_entangled_trainable_rzz_QLayers_5___seed_1_1761468207
2234016,0-Episodic-Stats/episodic_return,-20.0,Pong1PQFM_XObs_entangled_trainable_rzz_QLayers_5___seed_1_1761468207
2238464,0-Episodic-Stats/episodic_return,-21.0,Pong1PQFM_XObs_entangled_trainable_rzz_QLayers_5___seed_1_1761468207
2246880,0-Episodic-Stats/episodic_return,-20.0,Pong1PQFM_XObs_entangled_trainable_rzz_QLayers_5___seed_1_1761468207
2248480,0-Episodic-Stats/episodic_return,-20.0,Pong1PQFM_XObs_entangled_trainable_rzz_QLayers_5___seed_1_1761468207
2251904,0-Episodic-Stats/episodic_return,-18.0,Pong1PQFM_XObs_entangled_trainable_rzz_QLayers_5___seed_1_1761468207
2256352,0-Episodic-Stats/episodic_return,-19.0,Pong1PQFM_XObs_entangled_trainable_rzz_QLayers_5___seed_1_1761468207
2268512,0-Episodic-Stats/episodic_return,-20.0,Pong1PQFM_XObs_entangled_trainable_rzz_QLayers_5___seed_1_1761468207
2282656,0-Episodic-Stats/episodic_return,-17.0,Pong1PQFM_XObs_entangled_trainable_rzz_QLayers_5___seed_1_1761468207
2286752,0-Episodic-Stats/episodic_return,-20.0,Pong1PQFM_XObs_entangled_trainable_rzz_QLayers_5___seed_1_1761468207
2300512,0-Episodic-Stats/episodic_return,-20.0,Pong1PQFM_XObs_entangled_trainable_rzz_QLayers_5___seed_1_1761468207
2321088,0-Episodic-Stats/episodic_return,-18.0,Pong1PQFM_XObs_entangled_trainable_rzz_QLayers_5___seed_1_1761468207
2322176,0-Episodic-Stats/episodic_return,-19.0,Pong1PQFM_XObs_entangled_trainable_rzz_QLayers_5___seed_1_1761468207
2327520,0-Episodic-Stats/episodic_return,-20.0,Pong1PQFM_XObs_entangled_trainable_rzz_QLayers_5___seed_1_1761468207
2332192,0-Episodic-Stats/episodic_return,-19.0,Pong1PQFM_XObs_entangled_trainable_rzz_QLayers_5___seed_1_1761468207
2345408,0-Episodic-Stats/episodic_return,-20.0,Pong1PQFM_XObs_entangled_trainable_rzz_QLayers_5___seed_1_1761468207
2360256,0-Episodic-Stats/episodic_return,-19.0,Pong1PQFM_XObs_entangled_trainable_rzz_QLayers_5___seed_1_1761468207
2368672,0-Episodic-Stats/episodic_return,-19.0,Pong1PQFM_XObs_entangled_trainable_rzz_QLayers_5___seed_1_1761468207
2372416,0-Episodic-Stats/episodic_return,-19.0,Pong1PQFM_XObs_entangled_trainable_rzz_QLayers_5___seed_1_1761468207
2374752,0-Episodic-Stats/episodic_return,-19.0,Pong1PQFM_XObs_entangled_trainable_rzz_QLayers_5___seed_1_1761468207
2386560,0-Episodic-Stats/episodic_return,-16.0,Pong1PQFM_XObs_entangled_trainable_rzz_QLayers_5___seed_1_1761468207
2388672,0-Episodic-Stats/episodic_return,-21.0,Pong1PQFM_XObs_entangled_trainable_rzz_QLayers_5___seed_1_1761468207
2397440,0-Episodic-Stats/episodic_return,-19.0,Pong1PQFM_XObs_entangled_trainable_rzz_QLayers_5___seed_1_1761468207
2399072,0-Episodic-Stats/episodic_return,-18.0,Pong1PQFM_XObs_entangled_trainable_rzz_QLayers_5___seed_1_1761468207
2402112,0-Episodic-Stats/episodic_return,-20.0,Pong1PQFM_XObs_entangled_trainable_rzz_QLayers_5___seed_1_1761468207
2409952,0-Episodic-Stats/episodic_return,-20.0,Pong1PQFM_XObs_entangled_trainable_rzz_QLayers_5___seed_1_1761468207
2415328,0-Episodic-Stats/episodic_return,-20.0,Pong1PQFM_XObs_entangled_trainable_rzz_QLayers_5___seed_1_1761468207
2421984,0-Episodic-Stats/episodic_return,-19.0,Pong1PQFM_XObs_entangled_trainable_rzz_QLayers_5___seed_1_1761468207
2436800,0-Episodic-Stats/episodic_return,-21.0,Pong1PQFM_XObs_entangled_trainable_rzz_QLayers_5___seed_1_1761468207
2437888,0-Episodic-Stats/episodic_return,-19.0,Pong1PQFM_XObs_entangled_trainable_rzz_QLayers_5___seed_1_1761468207
2440928,0-Episodic-Stats/episodic_return,-21.0,Pong1PQFM_XObs_entangled_trainable_rzz_QLayers_5___seed_1_1761468207
2445024,0-Episodic-Stats/episodic_return,-21.0,Pong1PQFM_XObs_entangled_trainable_rzz_QLayers_5___seed_1_1761468207
2447008,0-Episodic-Stats/episodic_return,-21.0,Pong1PQFM_XObs_entangled_trainable_rzz_QLayers_5___seed_1_1761468207
2453792,0-Episodic-Stats/episodic_return,-20.0,Pong1PQFM_XObs_entangled_trainable_rzz_QLayers_5___seed_1_1761468207
2455424,0-Episodic-Stats/episodic_return,-18.0,Pong1PQFM_XObs_entangled_trainable_rzz_QLayers_5___seed_1_1761468207
2467008,0-Episodic-Stats/episodic_return,-21.0,Pong1PQFM_XObs_entangled_trainable_rzz_QLayers_5___seed_1_1761468207
2467936,0-Episodic-Stats/episodic_return,-19.0,Pong1PQFM_XObs_entangled_trainable_rzz_QLayers_5___seed_1_1761468207
2472384,0-Episodic-Stats/episodic_return,-20.0,Pong1PQFM_XObs_entangled_trainable_rzz_QLayers_5___seed_1_1761468207
2484896,0-Episodic-Stats/episodic_return,-21.0,Pong1PQFM_XObs_entangled_trainable_rzz_QLayers_5___seed_1_1761468207
2487584,0-Episodic-Stats/episodic_return,-20.0,Pong1PQFM_XObs_entangled_trainable_rzz_QLayers_5___seed_1_1761468207
2492960,0-Episodic-Stats/episodic_return,-17.0,Pong1PQFM_XObs_entangled_trainable_rzz_QLayers_5___seed_1_1761468207
2496896,0-Episodic-Stats/episodic_return,-17.0,Pong1PQFM_XObs_entangled_trainable_rzz_QLayers_5___seed_1_1761468207
2527648,0-Episodic-Stats/episodic_return,-19.0,Pong1PQFM_XObs_entangled_trainable_rzz_QLayers_5___seed_1_1761468207
2536416,0-Episodic-Stats/episodic_return,-21.0,Pong1PQFM_XObs_entangled_trainable_rzz_QLayers_5___seed_1_1761468207
2548928,0-Episodic-Stats/episodic_return,-17.0,Pong1PQFM_XObs_entangled_trainable_rzz_QLayers_5___seed_1_1761468207
2549632,0-Episodic-Stats/episodic_return,-20.0,Pong1PQFM_XObs_entangled_trainable_rzz_QLayers_5___seed_1_1761468207
2553408,0-Episodic-Stats/episodic_return,-20.0,Pong1PQFM_XObs_entangled_trainable_rzz_QLayers_5___seed_1_1761468207
2558400,0-Episodic-Stats/episodic_return,-20.0,Pong1PQFM_XObs_entangled_trainable_rzz_QLayers_5___seed_1_1761468207
2579328,0-Episodic-Stats/episodic_return,-20.0,Pong1PQFM_XObs_entangled_trainable_rzz_QLayers_5___seed_1_1761468207
2579680,0-Episodic-Stats/episodic_return,-21.0,Pong1PQFM_XObs_entangled_trainable_rzz_QLayers_5___seed_1_1761468207
2587744,0-Episodic-Stats/episodic_return,-21.0,Pong1PQFM_XObs_entangled_trainable_rzz_QLayers_5___seed_1_1761468207
2591136,0-Episodic-Stats/episodic_return,-21.0,Pong1PQFM_XObs_entangled_trainable_rzz_QLayers_5___seed_1_1761468207
2602944,0-Episodic-Stats/episodic_return,-20.0,Pong1PQFM_XObs_entangled_trainable_rzz_QLayers_5___seed_1_1761468207
2626336,0-Episodic-Stats/episodic_return,-21.0,Pong1PQFM_XObs_entangled_trainable_rzz_QLayers_5___seed_1_1761468207
2626560,0-Episodic-Stats/episodic_return,-18.0,Pong1PQFM_XObs_entangled_trainable_rzz_QLayers_5___seed_1_1761468207
2643872,0-Episodic-Stats/episodic_return,-21.0,Pong1PQFM_XObs_entangled_trainable_rzz_QLayers_5___seed_1_1761468207
2649600,0-Episodic-Stats/episodic_return,-19.0,Pong1PQFM_XObs_entangled_trainable_rzz_QLayers_5___seed_1_1761468207
2658560,0-Episodic-Stats/episodic_return,-19.0,Pong1PQFM_XObs_entangled_trainable_rzz_QLayers_5___seed_1_1761468207
2660000,0-Episodic-Stats/episodic_return,-20.0,Pong1PQFM_XObs_entangled_trainable_rzz_QLayers_5___seed_1_1761468207
2671104,0-Episodic-Stats/episodic_return,-19.0,Pong1PQFM_XObs_entangled_trainable_rzz_QLayers_5___seed_1_1761468207
2675552,0-Episodic-Stats/episodic_return,-19.0,Pong1PQFM_XObs_entangled_trainable_rzz_QLayers_5___seed_1_1761468207
2686080,0-Episodic-Stats/episodic_return,-18.0,Pong1PQFM_XObs_entangled_trainable_rzz_QLayers_5___seed_1_1761468207
2690048,0-Episodic-Stats/episodic_return,-20.0,Pong1PQFM_XObs_entangled_trainable_rzz_QLayers_5___seed_1_1761468207
2692736,0-Episodic-Stats/episodic_return,-19.0,Pong1PQFM_XObs_entangled_trainable_rzz_QLayers_5___seed_1_1761468207
2694496,0-Episodic-Stats/episodic_return,-20.0,Pong1PQFM_XObs_entangled_trainable_rzz_QLayers_5___seed_1_1761468207
2703264,0-Episodic-Stats/episodic_return,-20.0,Pong1PQFM_XObs_entangled_trainable_rzz_QLayers_5___seed_1_1761468207
2712384,0-Episodic-Stats/episodic_return,-19.0,Pong1PQFM_XObs_entangled_trainable_rzz_QLayers_5___seed_1_1761468207
2715424,0-Episodic-Stats/episodic_return,-21.0,Pong1PQFM_XObs_entangled_trainable_rzz_QLayers_5___seed_1_1761468207
2719168,0-Episodic-Stats/episodic_return,-21.0,Pong1PQFM_XObs_entangled_trainable_rzz_QLayers_5___seed_1_1761468207
2726176,0-Episodic-Stats/episodic_return,-18.0,Pong1PQFM_XObs_entangled_trainable_rzz_QLayers_5___seed_1_1761468207
2727936,0-Episodic-Stats/episodic_return,-19.0,Pong1PQFM_XObs_entangled_trainable_rzz_QLayers_5___seed_1_1761468207
2740448,0-Episodic-Stats/episodic_return,-19.0,Pong1PQFM_XObs_entangled_trainable_rzz_QLayers_5___seed_1_1761468207
2742624,0-Episodic-Stats/episodic_return,-18.0,Pong1PQFM_XObs_entangled_trainable_rzz_QLayers_5___seed_1_1761468207
2763712,0-Episodic-Stats/episodic_return,-21.0,Pong1PQFM_XObs_entangled_trainable_rzz_QLayers_5___seed_1_1761468207
2789280,0-Episodic-Stats/episodic_return,-20.5,Pong1PQFM_XObs_entangled_trainable_rzz_QLayers_5___seed_1_1761468207
2789984,0-Episodic-Stats/episodic_return,-20.0,Pong1PQFM_XObs_entangled_trainable_rzz_QLayers_5___seed_1_1761468207
2797344,0-Episodic-Stats/episodic_return,-19.0,Pong1PQFM_XObs_entangled_trainable_rzz_QLayers_5___seed_1_1761468207
2801088,0-Episodic-Stats/episodic_return,-19.0,Pong1PQFM_XObs_entangled_trainable_rzz_QLayers_5___seed_1_1761468207
2807520,0-Episodic-Stats/episodic_return,-20.0,Pong1PQFM_XObs_entangled_trainable_rzz_QLayers_5___seed_1_1761468207
2810560,0-Episodic-Stats/episodic_return,-19.0,Pong1PQFM_XObs_entangled_trainable_rzz_QLayers_5___seed_1_1761468207
2824352,0-Episodic-Stats/episodic_return,-18.0,Pong1PQFM_XObs_entangled_trainable_rzz_QLayers_5___seed_1_1761468207
2839552,0-Episodic-Stats/episodic_return,-20.0,Pong1PQFM_XObs_entangled_trainable_rzz_QLayers_5___seed_1_1761468207
2841664,0-Episodic-Stats/episodic_return,-20.0,Pong1PQFM_XObs_entangled_trainable_rzz_QLayers_5___seed_1_1761468207
2844000,0-Episodic-Stats/episodic_return,-21.0,Pong1PQFM_XObs_entangled_trainable_rzz_QLayers_5___seed_1_1761468207
2847392,0-Episodic-Stats/episodic_return,-20.0,Pong1PQFM_XObs_entangled_trainable_rzz_QLayers_5___seed_1_1761468207
2874240,0-Episodic-Stats/episodic_return,-19.0,Pong1PQFM_XObs_entangled_trainable_rzz_QLayers_5___seed_1_1761468207
2880128,0-Episodic-Stats/episodic_return,-18.0,Pong1PQFM_XObs_entangled_trainable_rzz_QLayers_5___seed_1_1761468207
2881760,0-Episodic-Stats/episodic_return,-19.0,Pong1PQFM_XObs_entangled_trainable_rzz_QLayers_5___seed_1_1761468207
2888320,0-Episodic-Stats/episodic_return,-21.0,Pong1PQFM_XObs_entangled_trainable_rzz_QLayers_5___seed_1_1761468207
2893344,0-Episodic-Stats/episodic_return,-21.0,Pong1PQFM_XObs_entangled_trainable_rzz_QLayers_5___seed_1_1761468207
2894976,0-Episodic-Stats/episodic_return,-21.0,Pong1PQFM_XObs_entangled_trainable_rzz_QLayers_5___seed_1_1761468207
2904672,0-Episodic-Stats/episodic_return,-18.0,Pong1PQFM_XObs_entangled_trainable_rzz_QLayers_5___seed_1_1761468207
2906080,0-Episodic-Stats/episodic_return,-21.0,Pong1PQFM_XObs_entangled_trainable_rzz_QLayers_5___seed_1_1761468207
2925376,0-Episodic-Stats/episodic_return,-19.0,Pong1PQFM_XObs_entangled_trainable_rzz_QLayers_5___seed_1_1761468207
2932384,0-Episodic-Stats/episodic_return,-18.0,Pong1PQFM_XObs_entangled_trainable_rzz_QLayers_5___seed_1_1761468207
2940928,0-Episodic-Stats/episodic_return,-19.0,Pong1PQFM_XObs_entangled_trainable_rzz_QLayers_5___seed_1_1761468207
2952384,0-Episodic-Stats/episodic_return,-19.0,Pong1PQFM_XObs_entangled_trainable_rzz_QLayers_5___seed_1_1761468207
2959168,0-Episodic-Stats/episodic_return,-20.0,Pong1PQFM_XObs_entangled_trainable_rzz_QLayers_5___seed_1_1761468207
2961152,0-Episodic-Stats/episodic_return,-18.0,Pong1PQFM_XObs_entangled_trainable_rzz_QLayers_5___seed_1_1761468207
2961856,0-Episodic-Stats/episodic_return,-20.0,Pong1PQFM_XObs_entangled_trainable_rzz_QLayers_5___seed_1_1761468207
2971904,0-Episodic-Stats/episodic_return,-17.0,Pong1PQFM_XObs_entangled_trainable_rzz_QLayers_5___seed_1_1761468207
2986528,0-Episodic-Stats/episodic_return,-19.0,Pong1PQFM_XObs_entangled_trainable_rzz_QLayers_5___seed_1_1761468207
2990848,0-Episodic-Stats/episodic_return,-20.0,Pong1PQFM_XObs_entangled_trainable_rzz_QLayers_5___seed_1_1761468207
3002272,0-Episodic-Stats/episodic_return,-20.0,Pong1PQFM_XObs_entangled_trainable_rzz_QLayers_5___seed_1_1761468207
3010336,0-Episodic-Stats/episodic_return,-20.0,Pong1PQFM_XObs_entangled_trainable_rzz_QLayers_5___seed_1_1761468207
3011040,0-Episodic-Stats/episodic_return,-19.0,Pong1PQFM_XObs_entangled_trainable_rzz_QLayers_5___seed_1_1761468207
3027296,0-Episodic-Stats/episodic_return,-20.0,Pong1PQFM_XObs_entangled_trainable_rzz_QLayers_5___seed_1_1761468207
3051296,0-Episodic-Stats/episodic_return,-16.0,Pong1PQFM_XObs_entangled_trainable_rzz_QLayers_5___seed_1_1761468207
3068448,0-Episodic-Stats/episodic_return,-19.0,Pong1PQFM_XObs_entangled_trainable_rzz_QLayers_5___seed_1_1761468207
3077568,0-Episodic-Stats/episodic_return,-18.0,Pong1PQFM_XObs_entangled_trainable_rzz_QLayers_5___seed_1_1761468207
3084000,0-Episodic-Stats/episodic_return,-20.0,Pong1PQFM_XObs_entangled_trainable_rzz_QLayers_5___seed_1_1761468207
3087392,0-Episodic-Stats/episodic_return,-19.0,Pong1PQFM_XObs_entangled_trainable_rzz_QLayers_5___seed_1_1761468207
3104576,0-Episodic-Stats/episodic_return,-17.0,Pong1PQFM_XObs_entangled_trainable_rzz_QLayers_5___seed_1_1761468207
3107616,0-Episodic-Stats/episodic_return,-17.0,Pong1PQFM_XObs_entangled_trainable_rzz_QLayers_5___seed_1_1761468207
3112416,0-Episodic-Stats/episodic_return,-20.0,Pong1PQFM_XObs_entangled_trainable_rzz_QLayers_5___seed_1_1761468207
3120704,0-Episodic-Stats/episodic_return,-15.0,Pong1PQFM_XObs_entangled_trainable_rzz_QLayers_5___seed_1_1761468207
3128192,0-Episodic-Stats/episodic_return,-20.0,Pong1PQFM_XObs_entangled_trainable_rzz_QLayers_5___seed_1_1761468207
3128896,0-Episodic-Stats/episodic_return,-19.0,Pong1PQFM_XObs_entangled_trainable_rzz_QLayers_5___seed_1_1761468207
3134624,0-Episodic-Stats/episodic_return,-20.0,Pong1PQFM_XObs_entangled_trainable_rzz_QLayers_5___seed_1_1761468207
3138560,0-Episodic-Stats/episodic_return,-19.0,Pong1PQFM_XObs_entangled_trainable_rzz_QLayers_5___seed_1_1761468207
3151232,0-Episodic-Stats/episodic_return,-18.0,Pong1PQFM_XObs_entangled_trainable_rzz_QLayers_5___seed_1_1761468207
3158944,0-Episodic-Stats/episodic_return,-19.0,Pong1PQFM_XObs_entangled_trainable_rzz_QLayers_5___seed_1_1761468207
3164320,0-Episodic-Stats/episodic_return,-19.0,Pong1PQFM_XObs_entangled_trainable_rzz_QLayers_5___seed_1_1761468207
3172160,0-Episodic-Stats/episodic_return,-21.0,Pong1PQFM_XObs_entangled_trainable_rzz_QLayers_5___seed_1_1761468207
3189696,0-Episodic-Stats/episodic_return,-20.0,Pong1PQFM_XObs_entangled_trainable_rzz_QLayers_5___seed_1_1761468207
3208640,0-Episodic-Stats/episodic_return,-21.0,Pong1PQFM_XObs_entangled_trainable_rzz_QLayers_5___seed_1_1761468207
3209568,0-Episodic-Stats/episodic_return,-17.0,Pong1PQFM_XObs_entangled_trainable_rzz_QLayers_5___seed_1_1761468207
3210496,0-Episodic-Stats/episodic_return,-16.0,Pong1PQFM_XObs_entangled_trainable_rzz_QLayers_5___seed_1_1761468207
3222432,0-Episodic-Stats/episodic_return,-16.0,Pong1PQFM_XObs_entangled_trainable_rzz_QLayers_5___seed_1_1761468207
3225600,0-Episodic-Stats/episodic_return,-19.0,Pong1PQFM_XObs_entangled_trainable_rzz_QLayers_5___seed_1_1761468207
3257120,0-Episodic-Stats/episodic_return,-19.0,Pong1PQFM_XObs_entangled_trainable_rzz_QLayers_5___seed_1_1761468207
3257856,0-Episodic-Stats/episodic_return,-13.0,Pong1PQFM_XObs_entangled_trainable_rzz_QLayers_5___seed_1_1761468207
3264288,0-Episodic-Stats/episodic_return,-21.0,Pong1PQFM_XObs_entangled_trainable_rzz_QLayers_5___seed_1_1761468207
3279840,0-Episodic-Stats/episodic_return,-20.0,Pong1PQFM_XObs_entangled_trainable_rzz_QLayers_5___seed_1_1761468207
3286496,0-Episodic-Stats/episodic_return,-15.0,Pong1PQFM_XObs_entangled_trainable_rzz_QLayers_5___seed_1_1761468207
3303424,0-Episodic-Stats/episodic_return,-20.0,Pong1PQFM_XObs_entangled_trainable_rzz_QLayers_5___seed_1_1761468207
3308800,0-Episodic-Stats/episodic_return,-18.0,Pong1PQFM_XObs_entangled_trainable_rzz_QLayers_5___seed_1_1761468207
3310592,0-Episodic-Stats/episodic_return,-16.0,Pong1PQFM_XObs_entangled_trainable_rzz_QLayers_5___seed_1_1761468207
3313824,0-Episodic-Stats/episodic_return,-18.0,Pong1PQFM_XObs_entangled_trainable_rzz_QLayers_5___seed_1_1761468207
3325440,0-Episodic-Stats/episodic_return,-21.0,Pong1PQFM_XObs_entangled_trainable_rzz_QLayers_5___seed_1_1761468207
3333120,0-Episodic-Stats/episodic_return,-16.0,Pong1PQFM_XObs_entangled_trainable_rzz_QLayers_5___seed_1_1761468207
3345632,0-Episodic-Stats/episodic_return,-20.0,Pong1PQFM_XObs_entangled_trainable_rzz_QLayers_5___seed_1_1761468207
3367136,0-Episodic-Stats/episodic_return,-13.0,Pong1PQFM_XObs_entangled_trainable_rzz_QLayers_5___seed_1_1761468207
3374624,0-Episodic-Stats/episodic_return,-18.0,Pong1PQFM_XObs_entangled_trainable_rzz_QLayers_5___seed_1_1761468207
3398240,0-Episodic-Stats/episodic_return,-15.0,Pong1PQFM_XObs_entangled_trainable_rzz_QLayers_5___seed_1_1761468207
3404672,0-Episodic-Stats/episodic_return,-17.0,Pong1PQFM_XObs_entangled_trainable_rzz_QLayers_5___seed_1_1761468207
3412512,0-Episodic-Stats/episodic_return,-17.0,Pong1PQFM_XObs_entangled_trainable_rzz_QLayers_5___seed_1_1761468207
3416480,0-Episodic-Stats/episodic_return,-17.0,Pong1PQFM_XObs_entangled_trainable_rzz_QLayers_5___seed_1_1761468207
3435424,0-Episodic-Stats/episodic_return,-18.0,Pong1PQFM_XObs_entangled_trainable_rzz_QLayers_5___seed_1_1761468207
3442912,0-Episodic-Stats/episodic_return,-19.0,Pong1PQFM_XObs_entangled_trainable_rzz_QLayers_5___seed_1_1761468207
3443840,0-Episodic-Stats/episodic_return,-18.0,Pong1PQFM_XObs_entangled_trainable_rzz_QLayers_5___seed_1_1761468207
3462272,0-Episodic-Stats/episodic_return,-15.0,Pong1PQFM_XObs_entangled_trainable_rzz_QLayers_5___seed_1_1761468207
3463008,0-Episodic-Stats/episodic_return,-16.0,Pong1PQFM_XObs_entangled_trainable_rzz_QLayers_5___seed_1_1761468207
3480672,0-Episodic-Stats/episodic_return,-17.0,Pong1PQFM_XObs_entangled_trainable_rzz_QLayers_5___seed_1_1761468207
3482304,0-Episodic-Stats/episodic_return,-14.0,Pong1PQFM_XObs_entangled_trainable_rzz_QLayers_5___seed_1_1761468207
3487808,0-Episodic-Stats/episodic_return,-18.0,Pong1PQFM_XObs_entangled_trainable_rzz_QLayers_5___seed_1_1761468207
3493056,0-Episodic-Stats/episodic_return,-19.0,Pong1PQFM_XObs_entangled_trainable_rzz_QLayers_5___seed_1_1761468207
3502656,0-Episodic-Stats/episodic_return,-17.0,Pong1PQFM_XObs_entangled_trainable_rzz_QLayers_5___seed_1_1761468207
3506240,0-Episodic-Stats/episodic_return,-19.0,Pong1PQFM_XObs_entangled_trainable_rzz_QLayers_5___seed_1_1761468207
3507456,0-Episodic-Stats/episodic_return,-17.0,Pong1PQFM_XObs_entangled_trainable_rzz_QLayers_5___seed_1_1761468207
3527904,0-Episodic-Stats/episodic_return,-15.0,Pong1PQFM_XObs_entangled_trainable_rzz_QLayers_5___seed_1_1761468207
3537376,0-Episodic-Stats/episodic_return,-17.0,Pong1PQFM_XObs_entangled_trainable_rzz_QLayers_5___seed_1_1761468207
3552224,0-Episodic-Stats/episodic_return,-17.0,Pong1PQFM_XObs_entangled_trainable_rzz_QLayers_5___seed_1_1761468207
3597120,0-Episodic-Stats/episodic_return,-15.0,Pong1PQFM_XObs_entangled_trainable_rzz_QLayers_5___seed_1_1761468207
3610912,0-Episodic-Stats/episodic_return,-12.0,Pong1PQFM_XObs_entangled_trainable_rzz_QLayers_5___seed_1_1761468207
3625888,0-Episodic-Stats/episodic_return,-17.0,Pong1PQFM_XObs_entangled_trainable_rzz_QLayers_5___seed_1_1761468207
3641984,0-Episodic-Stats/episodic_return,-16.0,Pong1PQFM_XObs_entangled_trainable_rzz_QLayers_5___seed_1_1761468207
3643264,0-Episodic-Stats/episodic_return,-14.0,Pong1PQFM_XObs_entangled_trainable_rzz_QLayers_5___seed_1_1761468207
3655232,0-Episodic-Stats/episodic_return,-15.0,Pong1PQFM_XObs_entangled_trainable_rzz_QLayers_5___seed_1_1761468207
3656512,0-Episodic-Stats/episodic_return,-10.0,Pong1PQFM_XObs_entangled_trainable_rzz_QLayers_5___seed_1_1761468207
3660224,0-Episodic-Stats/episodic_return,-14.0,Pong1PQFM_XObs_entangled_trainable_rzz_QLayers_5___seed_1_1761468207
3662560,0-Episodic-Stats/episodic_return,-14.0,Pong1PQFM_XObs_entangled_trainable_rzz_QLayers_5___seed_1_1761468207
3677440,0-Episodic-Stats/episodic_return,-16.0,Pong1PQFM_XObs_entangled_trainable_rzz_QLayers_5___seed_1_1761468207
3685824,0-Episodic-Stats/episodic_return,-18.0,Pong1PQFM_XObs_entangled_trainable_rzz_QLayers_5___seed_1_1761468207
3696000,0-Episodic-Stats/episodic_return,-18.0,Pong1PQFM_XObs_entangled_trainable_rzz_QLayers_5___seed_1_1761468207
3706176,0-Episodic-Stats/episodic_return,-16.0,Pong1PQFM_XObs_entangled_trainable_rzz_QLayers_5___seed_1_1761468207
3727104,0-Episodic-Stats/episodic_return,-19.0,Pong1PQFM_XObs_entangled_trainable_rzz_QLayers_5___seed_1_1761468207
3727808,0-Episodic-Stats/episodic_return,-17.0,Pong1PQFM_XObs_entangled_trainable_rzz_QLayers_5___seed_1_1761468207
3750016,0-Episodic-Stats/episodic_return,-17.0,Pong1PQFM_XObs_entangled_trainable_rzz_QLayers_5___seed_1_1761468207
3770016,0-Episodic-Stats/episodic_return,-16.0,Pong1PQFM_XObs_entangled_trainable_rzz_QLayers_5___seed_1_1761468207
3780896,0-Episodic-Stats/episodic_return,-19.0,Pong1PQFM_XObs_entangled_trainable_rzz_QLayers_5___seed_1_1761468207
3783680,0-Episodic-Stats/episodic_return,-16.0,Pong1PQFM_XObs_entangled_trainable_rzz_QLayers_5___seed_1_1761468207
3792224,0-Episodic-Stats/episodic_return,-16.0,Pong1PQFM_XObs_entangled_trainable_rzz_QLayers_5___seed_1_1761468207
3793984,0-Episodic-Stats/episodic_return,-18.0,Pong1PQFM_XObs_entangled_trainable_rzz_QLayers_5___seed_1_1761468207
3794560,0-Episodic-Stats/episodic_return,-12.0,Pong1PQFM_XObs_entangled_trainable_rzz_QLayers_5___seed_1_1761468207
3795616,0-Episodic-Stats/episodic_return,-17.0,Pong1PQFM_XObs_entangled_trainable_rzz_QLayers_5___seed_1_1761468207
3813696,0-Episodic-Stats/episodic_return,-16.0,Pong1PQFM_XObs_entangled_trainable_rzz_QLayers_5___seed_1_1761468207
3831968,0-Episodic-Stats/episodic_return,-14.0,Pong1PQFM_XObs_entangled_trainable_rzz_QLayers_5___seed_1_1761468207
3837824,0-Episodic-Stats/episodic_return,-19.0,Pong1PQFM_XObs_entangled_trainable_rzz_QLayers_5___seed_1_1761468207
3842272,0-Episodic-Stats/episodic_return,-19.0,Pong1PQFM_XObs_entangled_trainable_rzz_QLayers_5___seed_1_1761468207
3846240,0-Episodic-Stats/episodic_return,-17.0,Pong1PQFM_XObs_entangled_trainable_rzz_QLayers_5___seed_1_1761468207
3853728,0-Episodic-Stats/episodic_return,-14.0,Pong1PQFM_XObs_entangled_trainable_rzz_QLayers_5___seed_1_1761468207
3875232,0-Episodic-Stats/episodic_return,-19.0,Pong1PQFM_XObs_entangled_trainable_rzz_QLayers_5___seed_1_1761468207
3919552,0-Episodic-Stats/episodic_return,-17.0,Pong1PQFM_XObs_entangled_trainable_rzz_QLayers_5___seed_1_1761468207
3922944,0-Episodic-Stats/episodic_return,-17.0,Pong1PQFM_XObs_entangled_trainable_rzz_QLayers_5___seed_1_1761468207
3937088,0-Episodic-Stats/episodic_return,-18.0,Pong1PQFM_XObs_entangled_trainable_rzz_QLayers_5___seed_1_1761468207
3944064,0-Episodic-Stats/episodic_return,-11.0,Pong1PQFM_XObs_entangled_trainable_rzz_QLayers_5___seed_1_1761468207
3945152,0-Episodic-Stats/episodic_return,-13.0,Pong1PQFM_XObs_entangled_trainable_rzz_QLayers_5___seed_1_1761468207
3971424,0-Episodic-Stats/episodic_return,-19.0,Pong1PQFM_XObs_entangled_trainable_rzz_QLayers_5___seed_1_1761468207
3978560,0-Episodic-Stats/episodic_return,-17.0,Pong1PQFM_XObs_entangled_trainable_rzz_QLayers_5___seed_1_1761468207
3999136,0-Episodic-Stats/episodic_return,-17.0,Pong1PQFM_XObs_entangled_trainable_rzz_QLayers_5___seed_1_1761468207
4020448,0-Episodic-Stats/episodic_return,-12.0,Pong1PQFM_XObs_entangled_trainable_rzz_QLayers_5___seed_1_1761468207
4042400,0-Episodic-Stats/episodic_return,-19.0,Pong1PQFM_XObs_entangled_trainable_rzz_QLayers_5___seed_1_1761468207
4048480,0-Episodic-Stats/episodic_return,-17.0,Pong1PQFM_XObs_entangled_trainable_rzz_QLayers_5___seed_1_1761468207
4055840,0-Episodic-Stats/episodic_return,-17.0,Pong1PQFM_XObs_entangled_trainable_rzz_QLayers_5___seed_1_1761468207
4067328,0-Episodic-Stats/episodic_return,-12.0,Pong1PQFM_XObs_entangled_trainable_rzz_QLayers_5___seed_1_1761468207
4074080,0-Episodic-Stats/episodic_return,-11.0,Pong1PQFM_XObs_entangled_trainable_rzz_QLayers_5___seed_1_1761468207
4080864,0-Episodic-Stats/episodic_return,-14.0,Pong1PQFM_XObs_entangled_trainable_rzz_QLayers_5___seed_1_1761468207
4099584,0-Episodic-Stats/episodic_return,-18.0,Pong1PQFM_XObs_entangled_trainable_rzz_QLayers_5___seed_1_1761468207
4132192,0-Episodic-Stats/episodic_return,-17.0,Pong1PQFM_XObs_entangled_trainable_rzz_QLayers_5___seed_1_1761468207
4147744,0-Episodic-Stats/episodic_return,-19.0,Pong1PQFM_XObs_entangled_trainable_rzz_QLayers_5___seed_1_1761468207
4150304,0-Episodic-Stats/episodic_return,-16.0,Pong1PQFM_XObs_entangled_trainable_rzz_QLayers_5___seed_1_1761468207
4154016,0-Episodic-Stats/episodic_return,-19.0,Pong1PQFM_XObs_entangled_trainable_rzz_QLayers_5___seed_1_1761468207
4157792,0-Episodic-Stats/episodic_return,-12.0,Pong1PQFM_XObs_entangled_trainable_rzz_QLayers_5___seed_1_1761468207
4161920,0-Episodic-Stats/episodic_return,-14.0,Pong1PQFM_XObs_entangled_trainable_rzz_QLayers_5___seed_1_1761468207
4163872,0-Episodic-Stats/episodic_return,-13.0,Pong1PQFM_XObs_entangled_trainable_rzz_QLayers_5___seed_1_1761468207
4166688,0-Episodic-Stats/episodic_return,-15.0,Pong1PQFM_XObs_entangled_trainable_rzz_QLayers_5___seed_1_1761468207
4172416,0-Episodic-Stats/episodic_return,-13.0,Pong1PQFM_XObs_entangled_trainable_rzz_QLayers_5___seed_1_1761468207
4185152,0-Episodic-Stats/episodic_return,-15.0,Pong1PQFM_XObs_entangled_trainable_rzz_QLayers_5___seed_1_1761468207
4198016,0-Episodic-Stats/episodic_return,-13.0,Pong1PQFM_XObs_entangled_trainable_rzz_QLayers_5___seed_1_1761468207
4230752,0-Episodic-Stats/episodic_return,-15.0,Pong1PQFM_XObs_entangled_trainable_rzz_QLayers_5___seed_1_1761468207
4238816,0-Episodic-Stats/episodic_return,-16.0,Pong1PQFM_XObs_entangled_trainable_rzz_QLayers_5___seed_1_1761468207
4252736,0-Episodic-Stats/episodic_return,-10.0,Pong1PQFM_XObs_entangled_trainable_rzz_QLayers_5___seed_1_1761468207
4259968,0-Episodic-Stats/episodic_return,-9.0,Pong1PQFM_XObs_entangled_trainable_rzz_QLayers_5___seed_1_1761468207
4262912,0-Episodic-Stats/episodic_return,-14.0,Pong1PQFM_XObs_entangled_trainable_rzz_QLayers_5___seed_1_1761468207
4313536,0-Episodic-Stats/episodic_return,-16.0,Pong1PQFM_XObs_entangled_trainable_rzz_QLayers_5___seed_1_1761468207
4323552,0-Episodic-Stats/episodic_return,-15.0,Pong1PQFM_XObs_entangled_trainable_rzz_QLayers_5___seed_1_1761468207
4325920,0-Episodic-Stats/episodic_return,-10.0,Pong1PQFM_XObs_entangled_trainable_rzz_QLayers_5___seed_1_1761468207
4343232,0-Episodic-Stats/episodic_return,-13.0,Pong1PQFM_XObs_entangled_trainable_rzz_QLayers_5___seed_1_1761468207
4364384,0-Episodic-Stats/episodic_return,-10.0,Pong1PQFM_XObs_entangled_trainable_rzz_QLayers_5___seed_1_1761468207
4367776,0-Episodic-Stats/episodic_return,-18.0,Pong1PQFM_XObs_entangled_trainable_rzz_QLayers_5___seed_1_1761468207
4374176,0-Episodic-Stats/episodic_return,-15.0,Pong1PQFM_XObs_entangled_trainable_rzz_QLayers_5___seed_1_1761468207
4384704,0-Episodic-Stats/episodic_return,-16.0,Pong1PQFM_XObs_entangled_trainable_rzz_QLayers_5___seed_1_1761468207
4423168,0-Episodic-Stats/episodic_return,-16.0,Pong1PQFM_XObs_entangled_trainable_rzz_QLayers_5___seed_1_1761468207
4430304,0-Episodic-Stats/episodic_return,-18.0,Pong1PQFM_XObs_entangled_trainable_rzz_QLayers_5___seed_1_1761468207
4430528,0-Episodic-Stats/episodic_return,-10.0,Pong1PQFM_XObs_entangled_trainable_rzz_QLayers_5___seed_1_1761468207
4433952,0-Episodic-Stats/episodic_return,-11.0,Pong1PQFM_XObs_entangled_trainable_rzz_QLayers_5___seed_1_1761468207
4447136,0-Episodic-Stats/episodic_return,-17.0,Pong1PQFM_XObs_entangled_trainable_rzz_QLayers_5___seed_1_1761468207
4457888,0-Episodic-Stats/episodic_return,-12.0,Pong1PQFM_XObs_entangled_trainable_rzz_QLayers_5___seed_1_1761468207
4466784,0-Episodic-Stats/episodic_return,-19.0,Pong1PQFM_XObs_entangled_trainable_rzz_QLayers_5___seed_1_1761468207
4481504,0-Episodic-Stats/episodic_return,-11.0,Pong1PQFM_XObs_entangled_trainable_rzz_QLayers_5___seed_1_1761468207
4507712,0-Episodic-Stats/episodic_return,-13.0,Pong1PQFM_XObs_entangled_trainable_rzz_QLayers_5___seed_1_1761468207
4518336,0-Episodic-Stats/episodic_return,-16.0,Pong1PQFM_XObs_entangled_trainable_rzz_QLayers_5___seed_1_1761468207
4533536,0-Episodic-Stats/episodic_return,-16.0,Pong1PQFM_XObs_entangled_trainable_rzz_QLayers_5___seed_1_1761468207
4546272,0-Episodic-Stats/episodic_return,-13.0,Pong1PQFM_XObs_entangled_trainable_rzz_QLayers_5___seed_1_1761468207
4561600,0-Episodic-Stats/episodic_return,-16.0,Pong1PQFM_XObs_entangled_trainable_rzz_QLayers_5___seed_1_1761468207
4569664,0-Episodic-Stats/episodic_return,-15.0,Pong1PQFM_XObs_entangled_trainable_rzz_QLayers_5___seed_1_1761468207
4590240,0-Episodic-Stats/episodic_return,-4.0,Pong1PQFM_XObs_entangled_trainable_rzz_QLayers_5___seed_1_1761468207
4594336,0-Episodic-Stats/episodic_return,-14.0,Pong1PQFM_XObs_entangled_trainable_rzz_QLayers_5___seed_1_1761468207
4602400,0-Episodic-Stats/episodic_return,-7.0,Pong1PQFM_XObs_entangled_trainable_rzz_QLayers_5___seed_1_1761468207
4613184,0-Episodic-Stats/episodic_return,-6.0,Pong1PQFM_XObs_entangled_trainable_rzz_QLayers_5___seed_1_1761468207
4620288,0-Episodic-Stats/episodic_return,-12.0,Pong1PQFM_XObs_entangled_trainable_rzz_QLayers_5___seed_1_1761468207
4629952,0-Episodic-Stats/episodic_return,-7.0,Pong1PQFM_XObs_entangled_trainable_rzz_QLayers_5___seed_1_1761468207
4667296,0-Episodic-Stats/episodic_return,-14.0,Pong1PQFM_XObs_entangled_trainable_rzz_QLayers_5___seed_1_1761468207
4673952,0-Episodic-Stats/episodic_return,-12.0,Pong1PQFM_XObs_entangled_trainable_rzz_QLayers_5___seed_1_1761468207
4694656,0-Episodic-Stats/episodic_return,-8.0,Pong1PQFM_XObs_entangled_trainable_rzz_QLayers_5___seed_1_1761468207
4698592,0-Episodic-Stats/episodic_return,-14.0,Pong1PQFM_XObs_entangled_trainable_rzz_QLayers_5___seed_1_1761468207
4700736,0-Episodic-Stats/episodic_return,-11.0,Pong1PQFM_XObs_entangled_trainable_rzz_QLayers_5___seed_1_1761468207
4716384,0-Episodic-Stats/episodic_return,-12.0,Pong1PQFM_XObs_entangled_trainable_rzz_QLayers_5___seed_1_1761468207
4739552,0-Episodic-Stats/episodic_return,-14.0,Pong1PQFM_XObs_entangled_trainable_rzz_QLayers_5___seed_1_1761468207
4741056,0-Episodic-Stats/episodic_return,-10.0,Pong1PQFM_XObs_entangled_trainable_rzz_QLayers_5___seed_1_1761468207
4742784,0-Episodic-Stats/episodic_return,-17.0,Pong1PQFM_XObs_entangled_trainable_rzz_QLayers_5___seed_1_1761468207
4744800,0-Episodic-Stats/episodic_return,-11.0,Pong1PQFM_XObs_entangled_trainable_rzz_QLayers_5___seed_1_1761468207
4748864,0-Episodic-Stats/episodic_return,-13.0,Pong1PQFM_XObs_entangled_trainable_rzz_QLayers_5___seed_1_1761468207
4808608,0-Episodic-Stats/episodic_return,-16.0,Pong1PQFM_XObs_entangled_trainable_rzz_QLayers_5___seed_1_1761468207
4815776,0-Episodic-Stats/episodic_return,-12.0,Pong1PQFM_XObs_entangled_trainable_rzz_QLayers_5___seed_1_1761468207
4820544,0-Episodic-Stats/episodic_return,-17.0,Pong1PQFM_XObs_entangled_trainable_rzz_QLayers_5___seed_1_1761468207
4826976,0-Episodic-Stats/episodic_return,-15.0,Pong1PQFM_XObs_entangled_trainable_rzz_QLayers_5___seed_1_1761468207
4867072,0-Episodic-Stats/episodic_return,-17.0,Pong1PQFM_XObs_entangled_trainable_rzz_QLayers_5___seed_1_1761468207
4872928,0-Episodic-Stats/episodic_return,-12.0,Pong1PQFM_XObs_entangled_trainable_rzz_QLayers_5___seed_1_1761468207
4874208,0-Episodic-Stats/episodic_return,-11.0,Pong1PQFM_XObs_entangled_trainable_rzz_QLayers_5___seed_1_1761468207
4882624,0-Episodic-Stats/episodic_return,-13.0,Pong1PQFM_XObs_entangled_trainable_rzz_QLayers_5___seed_1_1761468207
4886592,0-Episodic-Stats/episodic_return,-11.0,Pong1PQFM_XObs_entangled_trainable_rzz_QLayers_5___seed_1_1761468207
4908960,0-Episodic-Stats/episodic_return,-13.0,Pong1PQFM_XObs_entangled_trainable_rzz_QLayers_5___seed_1_1761468207
4921792,0-Episodic-Stats/episodic_return,-8.0,Pong1PQFM_XObs_entangled_trainable_rzz_QLayers_5___seed_1_1761468207
4940960,0-Episodic-Stats/episodic_return,-15.0,Pong1PQFM_XObs_entangled_trainable_rzz_QLayers_5___seed_1_1761468207
4951360,0-Episodic-Stats/episodic_return,-13.0,Pong1PQFM_XObs_entangled_trainable_rzz_QLayers_5___seed_1_1761468207
4954176,0-Episodic-Stats/episodic_return,-15.0,Pong1PQFM_XObs_entangled_trainable_rzz_QLayers_5___seed_1_1761468207
4956704,0-Episodic-Stats/episodic_return,-15.0,Pong1PQFM_XObs_entangled_trainable_rzz_QLayers_5___seed_1_1761468207
4960256,0-Episodic-Stats/episodic_return,-14.0,Pong1PQFM_XObs_entangled_trainable_rzz_QLayers_5___seed_1_1761468207
4978848,0-Episodic-Stats/episodic_return,-13.0,Pong1PQFM_XObs_entangled_trainable_rzz_QLayers_5___seed_1_1761468207
5005472,0-Episodic-Stats/episodic_return,-19.0,Pong1PQFM_XObs_entangled_trainable_rzz_QLayers_5___seed_1_1761468207
5005728,0-Episodic-Stats/episodic_return,-8.0,Pong1PQFM_XObs_entangled_trainable_rzz_QLayers_5___seed_1_1761468207
5018816,0-Episodic-Stats/episodic_return,-15.0,Pong1PQFM_XObs_entangled_trainable_rzz_QLayers_5___seed_1_1761468207
5073088,0-Episodic-Stats/episodic_return,-15.0,Pong1PQFM_XObs_entangled_trainable_rzz_QLayers_5___seed_1_1761468207
5073632,0-Episodic-Stats/episodic_return,-18.0,Pong1PQFM_XObs_entangled_trainable_rzz_QLayers_5___seed_1_1761468207
5079744,0-Episodic-Stats/episodic_return,-8.0,Pong1PQFM_XObs_entangled_trainable_rzz_QLayers_5___seed_1_1761468207
5081408,0-Episodic-Stats/episodic_return,-11.0,Pong1PQFM_XObs_entangled_trainable_rzz_QLayers_5___seed_1_1761468207
5082752,0-Episodic-Stats/episodic_return,-18.0,Pong1PQFM_XObs_entangled_trainable_rzz_QLayers_5___seed_1_1761468207
5108384,0-Episodic-Stats/episodic_return,-10.0,Pong1PQFM_XObs_entangled_trainable_rzz_QLayers_5___seed_1_1761468207
5130848,0-Episodic-Stats/episodic_return,-15.0,Pong1PQFM_XObs_entangled_trainable_rzz_QLayers_5___seed_1_1761468207
5152928,0-Episodic-Stats/episodic_return,-3.0,Pong1PQFM_XObs_entangled_trainable_rzz_QLayers_5___seed_1_1761468207
5155968,0-Episodic-Stats/episodic_return,-15.0,Pong1PQFM_XObs_entangled_trainable_rzz_QLayers_5___seed_1_1761468207
5165888,0-Episodic-Stats/episodic_return,-16.0,Pong1PQFM_XObs_entangled_trainable_rzz_QLayers_5___seed_1_1761468207
5167552,0-Episodic-Stats/episodic_return,-17.0,Pong1PQFM_XObs_entangled_trainable_rzz_QLayers_5___seed_1_1761468207
5193280,0-Episodic-Stats/episodic_return,-13.0,Pong1PQFM_XObs_entangled_trainable_rzz_QLayers_5___seed_1_1761468207
5198304,0-Episodic-Stats/episodic_return,-8.0,Pong1PQFM_XObs_entangled_trainable_rzz_QLayers_5___seed_1_1761468207
5208000,0-Episodic-Stats/episodic_return,-14.0,Pong1PQFM_XObs_entangled_trainable_rzz_QLayers_5___seed_1_1761468207
5216192,0-Episodic-Stats/episodic_return,-20.0,Pong1PQFM_XObs_entangled_trainable_rzz_QLayers_5___seed_1_1761468207
5252992,0-Episodic-Stats/episodic_return,-19.0,Pong1PQFM_XObs_entangled_trainable_rzz_QLayers_5___seed_1_1761468207
5265152,0-Episodic-Stats/episodic_return,-16.0,Pong1PQFM_XObs_entangled_trainable_rzz_QLayers_5___seed_1_1761468207
5278592,0-Episodic-Stats/episodic_return,-14.0,Pong1PQFM_XObs_entangled_trainable_rzz_QLayers_5___seed_1_1761468207
5279648,0-Episodic-Stats/episodic_return,-10.0,Pong1PQFM_XObs_entangled_trainable_rzz_QLayers_5___seed_1_1761468207
5302080,0-Episodic-Stats/episodic_return,-8.0,Pong1PQFM_XObs_entangled_trainable_rzz_QLayers_5___seed_1_1761468207
5307584,0-Episodic-Stats/episodic_return,-12.0,Pong1PQFM_XObs_entangled_trainable_rzz_QLayers_5___seed_1_1761468207
5312384,0-Episodic-Stats/episodic_return,-7.0,Pong1PQFM_XObs_entangled_trainable_rzz_QLayers_5___seed_1_1761468207
5323136,0-Episodic-Stats/episodic_return,-14.0,Pong1PQFM_XObs_entangled_trainable_rzz_QLayers_5___seed_1_1761468207
5340320,0-Episodic-Stats/episodic_return,-14.0,Pong1PQFM_XObs_entangled_trainable_rzz_QLayers_5___seed_1_1761468207
5372448,0-Episodic-Stats/episodic_return,-17.0,Pong1PQFM_XObs_entangled_trainable_rzz_QLayers_5___seed_1_1761468207
5372928,0-Episodic-Stats/episodic_return,-15.0,Pong1PQFM_XObs_entangled_trainable_rzz_QLayers_5___seed_1_1761468207
5385568,0-Episodic-Stats/episodic_return,-6.0,Pong1PQFM_XObs_entangled_trainable_rzz_QLayers_5___seed_1_1761468207
5385920,0-Episodic-Stats/episodic_return,-11.0,Pong1PQFM_XObs_entangled_trainable_rzz_QLayers_5___seed_1_1761468207
5392192,0-Episodic-Stats/episodic_return,-13.0,Pong1PQFM_XObs_entangled_trainable_rzz_QLayers_5___seed_1_1761468207
5398080,0-Episodic-Stats/episodic_return,-10.0,Pong1PQFM_XObs_entangled_trainable_rzz_QLayers_5___seed_1_1761468207
5410112,0-Episodic-Stats/episodic_return,-10.0,Pong1PQFM_XObs_entangled_trainable_rzz_QLayers_5___seed_1_1761468207
5432416,0-Episodic-Stats/episodic_return,-11.0,Pong1PQFM_XObs_entangled_trainable_rzz_QLayers_5___seed_1_1761468207
5465312,0-Episodic-Stats/episodic_return,-18.0,Pong1PQFM_XObs_entangled_trainable_rzz_QLayers_5___seed_1_1761468207
5468224,0-Episodic-Stats/episodic_return,-14.0,Pong1PQFM_XObs_entangled_trainable_rzz_QLayers_5___seed_1_1761468207
5479328,0-Episodic-Stats/episodic_return,-9.0,Pong1PQFM_XObs_entangled_trainable_rzz_QLayers_5___seed_1_1761468207
5496320,0-Episodic-Stats/episodic_return,-15.0,Pong1PQFM_XObs_entangled_trainable_rzz_QLayers_5___seed_1_1761468207
5502496,0-Episodic-Stats/episodic_return,-13.0,Pong1PQFM_XObs_entangled_trainable_rzz_QLayers_5___seed_1_1761468207
5508224,0-Episodic-Stats/episodic_return,-12.0,Pong1PQFM_XObs_entangled_trainable_rzz_QLayers_5___seed_1_1761468207
5526464,0-Episodic-Stats/episodic_return,-16.0,Pong1PQFM_XObs_entangled_trainable_rzz_QLayers_5___seed_1_1761468207
5528768,0-Episodic-Stats/episodic_return,-14.0,Pong1PQFM_XObs_entangled_trainable_rzz_QLayers_5___seed_1_1761468207
5541760,0-Episodic-Stats/episodic_return,-10.0,Pong1PQFM_XObs_entangled_trainable_rzz_QLayers_5___seed_1_1761468207
5542560,0-Episodic-Stats/episodic_return,-13.0,Pong1PQFM_XObs_entangled_trainable_rzz_QLayers_5___seed_1_1761468207
5552416,0-Episodic-Stats/episodic_return,-15.0,Pong1PQFM_XObs_entangled_trainable_rzz_QLayers_5___seed_1_1761468207
5560000,0-Episodic-Stats/episodic_return,-10.0,Pong1PQFM_XObs_entangled_trainable_rzz_QLayers_5___seed_1_1761468207
5570656,0-Episodic-Stats/episodic_return,-16.0,Pong1PQFM_XObs_entangled_trainable_rzz_QLayers_5___seed_1_1761468207
5580096,0-Episodic-Stats/episodic_return,-16.0,Pong1PQFM_XObs_entangled_trainable_rzz_QLayers_5___seed_1_1761468207
5581056,0-Episodic-Stats/episodic_return,-17.0,Pong1PQFM_XObs_entangled_trainable_rzz_QLayers_5___seed_1_1761468207
5618944,0-Episodic-Stats/episodic_return,-15.0,Pong1PQFM_XObs_entangled_trainable_rzz_QLayers_5___seed_1_1761468207
5625344,0-Episodic-Stats/episodic_return,-15.0,Pong1PQFM_XObs_entangled_trainable_rzz_QLayers_5___seed_1_1761468207
5734976,0-Episodic-Stats/episodic_return,-13.0,Pong1PQFM_XObs_entangled_trainable_rzz_QLayers_5___seed_1_1761468207
5737888,0-Episodic-Stats/episodic_return,-17.0,Pong1PQFM_XObs_entangled_trainable_rzz_QLayers_5___seed_1_1761468207
5747168,0-Episodic-Stats/episodic_return,-11.0,Pong1PQFM_XObs_entangled_trainable_rzz_QLayers_5___seed_1_1761468207
5750432,0-Episodic-Stats/episodic_return,-10.0,Pong1PQFM_XObs_entangled_trainable_rzz_QLayers_5___seed_1_1761468207
5757088,0-Episodic-Stats/episodic_return,-8.0,Pong1PQFM_XObs_entangled_trainable_rzz_QLayers_5___seed_1_1761468207
5761408,0-Episodic-Stats/episodic_return,-9.0,Pong1PQFM_XObs_entangled_trainable_rzz_QLayers_5___seed_1_1761468207
5776032,0-Episodic-Stats/episodic_return,-14.0,Pong1PQFM_XObs_entangled_trainable_rzz_QLayers_5___seed_1_1761468207
5782944,0-Episodic-Stats/episodic_return,-7.0,Pong1PQFM_XObs_entangled_trainable_rzz_QLayers_5___seed_1_1761468207
5784928,0-Episodic-Stats/episodic_return,-10.0,Pong1PQFM_XObs_entangled_trainable_rzz_QLayers_5___seed_1_1761468207
5792992,0-Episodic-Stats/episodic_return,-11.0,Pong1PQFM_XObs_entangled_trainable_rzz_QLayers_5___seed_1_1761468207
5806208,0-Episodic-Stats/episodic_return,-11.0,Pong1PQFM_XObs_entangled_trainable_rzz_QLayers_5___seed_1_1761468207
5812480,0-Episodic-Stats/episodic_return,-11.0,Pong1PQFM_XObs_entangled_trainable_rzz_QLayers_5___seed_1_1761468207
5814720,0-Episodic-Stats/episodic_return,1.0,Pong1PQFM_XObs_entangled_trainable_rzz_QLayers_5___seed_1_1761468207
5856704,0-Episodic-Stats/episodic_return,-16.0,Pong1PQFM_XObs_entangled_trainable_rzz_QLayers_5___seed_1_1761468207
5859648,0-Episodic-Stats/episodic_return,-16.0,Pong1PQFM_XObs_entangled_trainable_rzz_QLayers_5___seed_1_1761468207
5865024,0-Episodic-Stats/episodic_return,-14.0,Pong1PQFM_XObs_entangled_trainable_rzz_QLayers_5___seed_1_1761468207
5868288,0-Episodic-Stats/episodic_return,-8.0,Pong1PQFM_XObs_entangled_trainable_rzz_QLayers_5___seed_1_1761468207
5895872,0-Episodic-Stats/episodic_return,-8.0,Pong1PQFM_XObs_entangled_trainable_rzz_QLayers_5___seed_1_1761468207
5905824,0-Episodic-Stats/episodic_return,-11.0,Pong1PQFM_XObs_entangled_trainable_rzz_QLayers_5___seed_1_1761468207
5906848,0-Episodic-Stats/episodic_return,-14.0,Pong1PQFM_XObs_entangled_trainable_rzz_QLayers_5___seed_1_1761468207
5916000,0-Episodic-Stats/episodic_return,-17.0,Pong1PQFM_XObs_entangled_trainable_rzz_QLayers_5___seed_1_1761468207
5926272,0-Episodic-Stats/episodic_return,-11.0,Pong1PQFM_XObs_entangled_trainable_rzz_QLayers_5___seed_1_1761468207
5927456,0-Episodic-Stats/episodic_return,-14.0,Pong1PQFM_XObs_entangled_trainable_rzz_QLayers_5___seed_1_1761468207
5932256,0-Episodic-Stats/episodic_return,-14.0,Pong1PQFM_XObs_entangled_trainable_rzz_QLayers_5___seed_1_1761468207
5939232,0-Episodic-Stats/episodic_return,-12.0,Pong1PQFM_XObs_entangled_trainable_rzz_QLayers_5___seed_1_1761468207
5942912,0-Episodic-Stats/episodic_return,-10.0,Pong1PQFM_XObs_entangled_trainable_rzz_QLayers_5___seed_1_1761468207
5964288,0-Episodic-Stats/episodic_return,-15.0,Pong1PQFM_XObs_entangled_trainable_rzz_QLayers_5___seed_1_1761468207
5978400,0-Episodic-Stats/episodic_return,-14.0,Pong1PQFM_XObs_entangled_trainable_rzz_QLayers_5___seed_1_1761468207
5996640,0-Episodic-Stats/episodic_return,-12.0,Pong1PQFM_XObs_entangled_trainable_rzz_QLayers_5___seed_1_1761468207
6018528,0-Episodic-Stats/episodic_return,-10.0,Pong1PQFM_XObs_entangled_trainable_rzz_QLayers_5___seed_1_1761468207
6027520,0-Episodic-Stats/episodic_return,-9.0,Pong1PQFM_XObs_entangled_trainable_rzz_QLayers_5___seed_1_1761468207
6044608,0-Episodic-Stats/episodic_return,-7.0,Pong1PQFM_XObs_entangled_trainable_rzz_QLayers_5___seed_1_1761468207
6128128,0-Episodic-Stats/episodic_return,-14.0,Pong1PQFM_XObs_entangled_trainable_rzz_QLayers_5___seed_1_1761468207
6155872,0-Episodic-Stats/episodic_return,-14.0,Pong1PQFM_XObs_entangled_trainable_rzz_QLayers_5___seed_1_1761468207
6163328,0-Episodic-Stats/episodic_return,-10.0,Pong1PQFM_XObs_entangled_trainable_rzz_QLayers_5___seed_1_1761468207
6186048,0-Episodic-Stats/episodic_return,-14.0,Pong1PQFM_XObs_entangled_trainable_rzz_QLayers_5___seed_1_1761468207
6194112,0-Episodic-Stats/episodic_return,-16.0,Pong1PQFM_XObs_entangled_trainable_rzz_QLayers_5___seed_1_1761468207
6204864,0-Episodic-Stats/episodic_return,-9.0,Pong1PQFM_XObs_entangled_trainable_rzz_QLayers_5___seed_1_1761468207
6209984,0-Episodic-Stats/episodic_return,-7.0,Pong1PQFM_XObs_entangled_trainable_rzz_QLayers_5___seed_1_1761468207
6214560,0-Episodic-Stats/episodic_return,-17.0,Pong1PQFM_XObs_entangled_trainable_rzz_QLayers_5___seed_1_1761468207
6224608,0-Episodic-Stats/episodic_return,-7.0,Pong1PQFM_XObs_entangled_trainable_rzz_QLayers_5___seed_1_1761468207
6241440,0-Episodic-Stats/episodic_return,-5.0,Pong1PQFM_XObs_entangled_trainable_rzz_QLayers_5___seed_1_1761468207
6255488,0-Episodic-Stats/episodic_return,-14.0,Pong1PQFM_XObs_entangled_trainable_rzz_QLayers_5___seed_1_1761468207
6260992,0-Episodic-Stats/episodic_return,-15.0,Pong1PQFM_XObs_entangled_trainable_rzz_QLayers_5___seed_1_1761468207
6268704,0-Episodic-Stats/episodic_return,-12.0,Pong1PQFM_XObs_entangled_trainable_rzz_QLayers_5___seed_1_1761468207
6273152,0-Episodic-Stats/episodic_return,-17.0,Pong1PQFM_XObs_entangled_trainable_rzz_QLayers_5___seed_1_1761468207
6281920,0-Episodic-Stats/episodic_return,-12.0,Pong1PQFM_XObs_entangled_trainable_rzz_QLayers_5___seed_1_1761468207
6306304,0-Episodic-Stats/episodic_return,-6.0,Pong1PQFM_XObs_entangled_trainable_rzz_QLayers_5___seed_1_1761468207
6320736,0-Episodic-Stats/episodic_return,-8.0,Pong1PQFM_XObs_entangled_trainable_rzz_QLayers_5___seed_1_1761468207
6323648,0-Episodic-Stats/episodic_return,-7.0,Pong1PQFM_XObs_entangled_trainable_rzz_QLayers_5___seed_1_1761468207
6325856,0-Episodic-Stats/episodic_return,-12.0,Pong1PQFM_XObs_entangled_trainable_rzz_QLayers_5___seed_1_1761468207
6342464,0-Episodic-Stats/episodic_return,-10.0,Pong1PQFM_XObs_entangled_trainable_rzz_QLayers_5___seed_1_1761468207
6368672,0-Episodic-Stats/episodic_return,-11.0,Pong1PQFM_XObs_entangled_trainable_rzz_QLayers_5___seed_1_1761468207
6398944,0-Episodic-Stats/episodic_return,-4.0,Pong1PQFM_XObs_entangled_trainable_rzz_QLayers_5___seed_1_1761468207
6416160,0-Episodic-Stats/episodic_return,-8.0,Pong1PQFM_XObs_entangled_trainable_rzz_QLayers_5___seed_1_1761468207
6429568,0-Episodic-Stats/episodic_return,-13.0,Pong1PQFM_XObs_entangled_trainable_rzz_QLayers_5___seed_1_1761468207
6479008,0-Episodic-Stats/episodic_return,-4.0,Pong1PQFM_XObs_entangled_trainable_rzz_QLayers_5___seed_1_1761468207
6479136,0-Episodic-Stats/episodic_return,-1.0,Pong1PQFM_XObs_entangled_trainable_rzz_QLayers_5___seed_1_1761468207
6483840,0-Episodic-Stats/episodic_return,-6.0,Pong1PQFM_XObs_entangled_trainable_rzz_QLayers_5___seed_1_1761468207
6500640,0-Episodic-Stats/episodic_return,-9.0,Pong1PQFM_XObs_entangled_trainable_rzz_QLayers_5___seed_1_1761468207
6511232,0-Episodic-Stats/episodic_return,-11.0,Pong1PQFM_XObs_entangled_trainable_rzz_QLayers_5___seed_1_1761468207
6526272,0-Episodic-Stats/episodic_return,-6.0,Pong1PQFM_XObs_entangled_trainable_rzz_QLayers_5___seed_1_1761468207
6526944,0-Episodic-Stats/episodic_return,-5.0,Pong1PQFM_XObs_entangled_trainable_rzz_QLayers_5___seed_1_1761468207
6540768,0-Episodic-Stats/episodic_return,-9.0,Pong1PQFM_XObs_entangled_trainable_rzz_QLayers_5___seed_1_1761468207
6652160,0-Episodic-Stats/episodic_return,-15.0,Pong1PQFM_XObs_entangled_trainable_rzz_QLayers_5___seed_1_1761468207
6653088,0-Episodic-Stats/episodic_return,-7.0,Pong1PQFM_XObs_entangled_trainable_rzz_QLayers_5___seed_1_1761468207
6657312,0-Episodic-Stats/episodic_return,-11.0,Pong1PQFM_XObs_entangled_trainable_rzz_QLayers_5___seed_1_1761468207
6668064,0-Episodic-Stats/episodic_return,-1.0,Pong1PQFM_XObs_entangled_trainable_rzz_QLayers_5___seed_1_1761468207
6693984,0-Episodic-Stats/episodic_return,-7.0,Pong1PQFM_XObs_entangled_trainable_rzz_QLayers_5___seed_1_1761468207
6697408,0-Episodic-Stats/episodic_return,-7.0,Pong1PQFM_XObs_entangled_trainable_rzz_QLayers_5___seed_1_1761468207
6724512,0-Episodic-Stats/episodic_return,-6.0,Pong1PQFM_XObs_entangled_trainable_rzz_QLayers_5___seed_1_1761468207
6735040,0-Episodic-Stats/episodic_return,-4.0,Pong1PQFM_XObs_entangled_trainable_rzz_QLayers_5___seed_1_1761468207
6735264,0-Episodic-Stats/episodic_return,-9.0,Pong1PQFM_XObs_entangled_trainable_rzz_QLayers_5___seed_1_1761468207
6791616,0-Episodic-Stats/episodic_return,-4.0,Pong1PQFM_XObs_entangled_trainable_rzz_QLayers_5___seed_1_1761468207
6794624,0-Episodic-Stats/episodic_return,2.0,Pong1PQFM_XObs_entangled_trainable_rzz_QLayers_5___seed_1_1761468207
6800128,0-Episodic-Stats/episodic_return,-6.0,Pong1PQFM_XObs_entangled_trainable_rzz_QLayers_5___seed_1_1761468207
6806368,0-Episodic-Stats/episodic_return,-1.0,Pong1PQFM_XObs_entangled_trainable_rzz_QLayers_5___seed_1_1761468207
6811520,0-Episodic-Stats/episodic_return,-3.0,Pong1PQFM_XObs_entangled_trainable_rzz_QLayers_5___seed_1_1761468207
6836064,0-Episodic-Stats/episodic_return,-7.0,Pong1PQFM_XObs_entangled_trainable_rzz_QLayers_5___seed_1_1761468207
6838752,0-Episodic-Stats/episodic_return,-8.0,Pong1PQFM_XObs_entangled_trainable_rzz_QLayers_5___seed_1_1761468207
6853472,0-Episodic-Stats/episodic_return,1.0,Pong1PQFM_XObs_entangled_trainable_rzz_QLayers_5___seed_1_1761468207
6883040,0-Episodic-Stats/episodic_return,2.0,Pong1PQFM_XObs_entangled_trainable_rzz_QLayers_5___seed_1_1761468207
6902720,0-Episodic-Stats/episodic_return,-4.0,Pong1PQFM_XObs_entangled_trainable_rzz_QLayers_5___seed_1_1761468207
6920160,0-Episodic-Stats/episodic_return,-9.0,Pong1PQFM_XObs_entangled_trainable_rzz_QLayers_5___seed_1_1761468207
6949248,0-Episodic-Stats/episodic_return,-2.0,Pong1PQFM_XObs_entangled_trainable_rzz_QLayers_5___seed_1_1761468207
6952160,0-Episodic-Stats/episodic_return,1.0,Pong1PQFM_XObs_entangled_trainable_rzz_QLayers_5___seed_1_1761468207
6956352,0-Episodic-Stats/episodic_return,-10.0,Pong1PQFM_XObs_entangled_trainable_rzz_QLayers_5___seed_1_1761468207
6981952,0-Episodic-Stats/episodic_return,-8.0,Pong1PQFM_XObs_entangled_trainable_rzz_QLayers_5___seed_1_1761468207
6987360,0-Episodic-Stats/episodic_return,-8.0,Pong1PQFM_XObs_entangled_trainable_rzz_QLayers_5___seed_1_1761468207
6989216,0-Episodic-Stats/episodic_return,-3.0,Pong1PQFM_XObs_entangled_trainable_rzz_QLayers_5___seed_1_1761468207
7005376,0-Episodic-Stats/episodic_return,-7.0,Pong1PQFM_XObs_entangled_trainable_rzz_QLayers_5___seed_1_1761468207
7024768,0-Episodic-Stats/episodic_return,-4.0,Pong1PQFM_XObs_entangled_trainable_rzz_QLayers_5___seed_1_1761468207
7049600,0-Episodic-Stats/episodic_return,-3.0,Pong1PQFM_XObs_entangled_trainable_rzz_QLayers_5___seed_1_1761468207
7051168,0-Episodic-Stats/episodic_return,-4.0,Pong1PQFM_XObs_entangled_trainable_rzz_QLayers_5___seed_1_1761468207
7072704,0-Episodic-Stats/episodic_return,-4.0,Pong1PQFM_XObs_entangled_trainable_rzz_QLayers_5___seed_1_1761468207
7090112,0-Episodic-Stats/episodic_return,-2.0,Pong1PQFM_XObs_entangled_trainable_rzz_QLayers_5___seed_1_1761468207
7103392,0-Episodic-Stats/episodic_return,-8.0,Pong1PQFM_XObs_entangled_trainable_rzz_QLayers_5___seed_1_1761468207
7117664,0-Episodic-Stats/episodic_return,-9.0,Pong1PQFM_XObs_entangled_trainable_rzz_QLayers_5___seed_1_1761468207
7120256,0-Episodic-Stats/episodic_return,-2.0,Pong1PQFM_XObs_entangled_trainable_rzz_QLayers_5___seed_1_1761468207
7127168,0-Episodic-Stats/episodic_return,7.0,Pong1PQFM_XObs_entangled_trainable_rzz_QLayers_5___seed_1_1761468207
7141312,0-Episodic-Stats/episodic_return,-4.0,Pong1PQFM_XObs_entangled_trainable_rzz_QLayers_5___seed_1_1761468207
7146080,0-Episodic-Stats/episodic_return,-8.0,Pong1PQFM_XObs_entangled_trainable_rzz_QLayers_5___seed_1_1761468207
7161408,0-Episodic-Stats/episodic_return,-4.0,Pong1PQFM_XObs_entangled_trainable_rzz_QLayers_5___seed_1_1761468207
7198720,0-Episodic-Stats/episodic_return,-10.0,Pong1PQFM_XObs_entangled_trainable_rzz_QLayers_5___seed_1_1761468207
7229792,0-Episodic-Stats/episodic_return,-12.0,Pong1PQFM_XObs_entangled_trainable_rzz_QLayers_5___seed_1_1761468207
7243712,0-Episodic-Stats/episodic_return,-14.0,Pong1PQFM_XObs_entangled_trainable_rzz_QLayers_5___seed_1_1761468207
7247584,0-Episodic-Stats/episodic_return,-12.0,Pong1PQFM_XObs_entangled_trainable_rzz_QLayers_5___seed_1_1761468207
7273728,0-Episodic-Stats/episodic_return,-9.0,Pong1PQFM_XObs_entangled_trainable_rzz_QLayers_5___seed_1_1761468207
7276704,0-Episodic-Stats/episodic_return,-11.0,Pong1PQFM_XObs_entangled_trainable_rzz_QLayers_5___seed_1_1761468207
7300288,0-Episodic-Stats/episodic_return,-12.0,Pong1PQFM_XObs_entangled_trainable_rzz_QLayers_5___seed_1_1761468207
7312000,0-Episodic-Stats/episodic_return,-14.0,Pong1PQFM_XObs_entangled_trainable_rzz_QLayers_5___seed_1_1761468207
7323808,0-Episodic-Stats/episodic_return,-8.0,Pong1PQFM_XObs_entangled_trainable_rzz_QLayers_5___seed_1_1761468207
7323872,0-Episodic-Stats/episodic_return,-3.0,Pong1PQFM_XObs_entangled_trainable_rzz_QLayers_5___seed_1_1761468207
7329184,0-Episodic-Stats/episodic_return,-5.0,Pong1PQFM_XObs_entangled_trainable_rzz_QLayers_5___seed_1_1761468207
7352448,0-Episodic-Stats/episodic_return,-15.0,Pong1PQFM_XObs_entangled_trainable_rzz_QLayers_5___seed_1_1761468207
7353504,0-Episodic-Stats/episodic_return,-4.0,Pong1PQFM_XObs_entangled_trainable_rzz_QLayers_5___seed_1_1761468207
7364352,0-Episodic-Stats/episodic_return,-5.0,Pong1PQFM_XObs_entangled_trainable_rzz_QLayers_5___seed_1_1761468207
7374080,0-Episodic-Stats/episodic_return,-10.0,Pong1PQFM_XObs_entangled_trainable_rzz_QLayers_5___seed_1_1761468207
7379360,0-Episodic-Stats/episodic_return,-9.0,Pong1PQFM_XObs_entangled_trainable_rzz_QLayers_5___seed_1_1761468207
7380640,0-Episodic-Stats/episodic_return,-10.0,Pong1PQFM_XObs_entangled_trainable_rzz_QLayers_5___seed_1_1761468207
7391136,0-Episodic-Stats/episodic_return,-16.0,Pong1PQFM_XObs_entangled_trainable_rzz_QLayers_5___seed_1_1761468207
7396448,0-Episodic-Stats/episodic_return,-8.0,Pong1PQFM_XObs_entangled_trainable_rzz_QLayers_5___seed_1_1761468207
7399328,0-Episodic-Stats/episodic_return,-17.0,Pong1PQFM_XObs_entangled_trainable_rzz_QLayers_5___seed_1_1761468207
7416896,0-Episodic-Stats/episodic_return,-14.0,Pong1PQFM_XObs_entangled_trainable_rzz_QLayers_5___seed_1_1761468207
7418048,0-Episodic-Stats/episodic_return,-8.0,Pong1PQFM_XObs_entangled_trainable_rzz_QLayers_5___seed_1_1761468207
7467968,0-Episodic-Stats/episodic_return,-11.0,Pong1PQFM_XObs_entangled_trainable_rzz_QLayers_5___seed_1_1761468207
7498112,0-Episodic-Stats/episodic_return,-11.0,Pong1PQFM_XObs_entangled_trainable_rzz_QLayers_5___seed_1_1761468207
7501344,0-Episodic-Stats/episodic_return,-10.0,Pong1PQFM_XObs_entangled_trainable_rzz_QLayers_5___seed_1_1761468207
7510272,0-Episodic-Stats/episodic_return,-14.0,Pong1PQFM_XObs_entangled_trainable_rzz_QLayers_5___seed_1_1761468207
7513312,0-Episodic-Stats/episodic_return,-15.0,Pong1PQFM_XObs_entangled_trainable_rzz_QLayers_5___seed_1_1761468207
7522432,0-Episodic-Stats/episodic_return,-11.0,Pong1PQFM_XObs_entangled_trainable_rzz_QLayers_5___seed_1_1761468207
7525088,0-Episodic-Stats/episodic_return,-11.0,Pong1PQFM_XObs_entangled_trainable_rzz_QLayers_5___seed_1_1761468207
7543072,0-Episodic-Stats/episodic_return,-5.0,Pong1PQFM_XObs_entangled_trainable_rzz_QLayers_5___seed_1_1761468207
7577952,0-Episodic-Stats/episodic_return,-11.0,Pong1PQFM_XObs_entangled_trainable_rzz_QLayers_5___seed_1_1761468207
7582752,0-Episodic-Stats/episodic_return,-13.0,Pong1PQFM_XObs_entangled_trainable_rzz_QLayers_5___seed_1_1761468207
7589056,0-Episodic-Stats/episodic_return,-4.0,Pong1PQFM_XObs_entangled_trainable_rzz_QLayers_5___seed_1_1761468207
7595712,0-Episodic-Stats/episodic_return,-9.0,Pong1PQFM_XObs_entangled_trainable_rzz_QLayers_5___seed_1_1761468207
7628448,0-Episodic-Stats/episodic_return,-12.0,Pong1PQFM_XObs_entangled_trainable_rzz_QLayers_5___seed_1_1761468207
7663264,0-Episodic-Stats/episodic_return,-12.0,Pong1PQFM_XObs_entangled_trainable_rzz_QLayers_5___seed_1_1761468207
7664000,0-Episodic-Stats/episodic_return,-9.0,Pong1PQFM_XObs_entangled_trainable_rzz_QLayers_5___seed_1_1761468207
7681888,0-Episodic-Stats/episodic_return,-19.0,Pong1PQFM_XObs_entangled_trainable_rzz_QLayers_5___seed_1_1761468207
7686208,0-Episodic-Stats/episodic_return,-8.0,Pong1PQFM_XObs_entangled_trainable_rzz_QLayers_5___seed_1_1761468207
7721760,0-Episodic-Stats/episodic_return,-14.0,Pong1PQFM_XObs_entangled_trainable_rzz_QLayers_5___seed_1_1761468207
7737216,0-Episodic-Stats/episodic_return,-17.0,Pong1PQFM_XObs_entangled_trainable_rzz_QLayers_5___seed_1_1761468207
7760224,0-Episodic-Stats/episodic_return,-12.0,Pong1PQFM_XObs_entangled_trainable_rzz_QLayers_5___seed_1_1761468207
7761728,0-Episodic-Stats/episodic_return,-9.0,Pong1PQFM_XObs_entangled_trainable_rzz_QLayers_5___seed_1_1761468207
7766304,0-Episodic-Stats/episodic_return,-9.0,Pong1PQFM_XObs_entangled_trainable_rzz_QLayers_5___seed_1_1761468207
7773856,0-Episodic-Stats/episodic_return,-11.0,Pong1PQFM_XObs_entangled_trainable_rzz_QLayers_5___seed_1_1761468207
7780320,0-Episodic-Stats/episodic_return,-18.0,Pong1PQFM_XObs_entangled_trainable_rzz_QLayers_5___seed_1_1761468207
7785152,0-Episodic-Stats/episodic_return,-12.0,Pong1PQFM_XObs_entangled_trainable_rzz_QLayers_5___seed_1_1761468207
7788640,0-Episodic-Stats/episodic_return,-10.0,Pong1PQFM_XObs_entangled_trainable_rzz_QLayers_5___seed_1_1761468207
7789376,0-Episodic-Stats/episodic_return,-13.0,Pong1PQFM_XObs_entangled_trainable_rzz_QLayers_5___seed_1_1761468207
7790720,0-Episodic-Stats/episodic_return,-13.0,Pong1PQFM_XObs_entangled_trainable_rzz_QLayers_5___seed_1_1761468207
7801728,0-Episodic-Stats/episodic_return,-6.0,Pong1PQFM_XObs_entangled_trainable_rzz_QLayers_5___seed_1_1761468207
7817504,0-Episodic-Stats/episodic_return,-13.0,Pong1PQFM_XObs_entangled_trainable_rzz_QLayers_5___seed_1_1761468207
7818688,0-Episodic-Stats/episodic_return,-14.0,Pong1PQFM_XObs_entangled_trainable_rzz_QLayers_5___seed_1_1761468207
7852352,0-Episodic-Stats/episodic_return,1.0,Pong1PQFM_XObs_entangled_trainable_rzz_QLayers_5___seed_1_1761468207
7856896,0-Episodic-Stats/episodic_return,-11.0,Pong1PQFM_XObs_entangled_trainable_rzz_QLayers_5___seed_1_1761468207
7858560,0-Episodic-Stats/episodic_return,-4.0,Pong1PQFM_XObs_entangled_trainable_rzz_QLayers_5___seed_1_1761468207
7899008,0-Episodic-Stats/episodic_return,-4.0,Pong1PQFM_XObs_entangled_trainable_rzz_QLayers_5___seed_1_1761468207
7920448,0-Episodic-Stats/episodic_return,-12.0,Pong1PQFM_XObs_entangled_trainable_rzz_QLayers_5___seed_1_1761468207
7929152,0-Episodic-Stats/episodic_return,-9.0,Pong1PQFM_XObs_entangled_trainable_rzz_QLayers_5___seed_1_1761468207
7937344,0-Episodic-Stats/episodic_return,-15.0,Pong1PQFM_XObs_entangled_trainable_rzz_QLayers_5___seed_1_1761468207
7969472,0-Episodic-Stats/episodic_return,-12.0,Pong1PQFM_XObs_entangled_trainable_rzz_QLayers_5___seed_1_1761468207
7977888,0-Episodic-Stats/episodic_return,-7.0,Pong1PQFM_XObs_entangled_trainable_rzz_QLayers_5___seed_1_1761468207
7991680,0-Episodic-Stats/episodic_return,-13.0,Pong1PQFM_XObs_entangled_trainable_rzz_QLayers_5___seed_1_1761468207
8010112,0-Episodic-Stats/episodic_return,1.0,Pong1PQFM_XObs_entangled_trainable_rzz_QLayers_5___seed_1_1761468207
8011328,0-Episodic-Stats/episodic_return,-13.0,Pong1PQFM_XObs_entangled_trainable_rzz_QLayers_5___seed_1_1761468207
8025344,0-Episodic-Stats/episodic_return,-7.0,Pong1PQFM_XObs_entangled_trainable_rzz_QLayers_5___seed_1_1761468207
8050144,0-Episodic-Stats/episodic_return,-12.0,Pong1PQFM_XObs_entangled_trainable_rzz_QLayers_5___seed_1_1761468207
8050368,0-Episodic-Stats/episodic_return,-9.0,Pong1PQFM_XObs_entangled_trainable_rzz_QLayers_5___seed_1_1761468207
8062784,0-Episodic-Stats/episodic_return,-10.0,Pong1PQFM_XObs_entangled_trainable_rzz_QLayers_5___seed_1_1761468207
8092000,0-Episodic-Stats/episodic_return,-15.0,Pong1PQFM_XObs_entangled_trainable_rzz_QLayers_5___seed_1_1761468207
8109152,0-Episodic-Stats/episodic_return,-8.0,Pong1PQFM_XObs_entangled_trainable_rzz_QLayers_5___seed_1_1761468207
8120672,0-Episodic-Stats/episodic_return,-12.0,Pong1PQFM_XObs_entangled_trainable_rzz_QLayers_5___seed_1_1761468207
8124256,0-Episodic-Stats/episodic_return,-13.0,Pong1PQFM_XObs_entangled_trainable_rzz_QLayers_5___seed_1_1761468207
8150560,0-Episodic-Stats/episodic_return,-14.0,Pong1PQFM_XObs_entangled_trainable_rzz_QLayers_5___seed_1_1761468207
8176064,0-Episodic-Stats/episodic_return,-6.0,Pong1PQFM_XObs_entangled_trainable_rzz_QLayers_5___seed_1_1761468207
8196992,0-Episodic-Stats/episodic_return,-14.0,Pong1PQFM_XObs_entangled_trainable_rzz_QLayers_5___seed_1_1761468207
8208640,0-Episodic-Stats/episodic_return,-11.0,Pong1PQFM_XObs_entangled_trainable_rzz_QLayers_5___seed_1_1761468207
8216192,0-Episodic-Stats/episodic_return,-9.0,Pong1PQFM_XObs_entangled_trainable_rzz_QLayers_5___seed_1_1761468207
8217920,0-Episodic-Stats/episodic_return,-7.0,Pong1PQFM_XObs_entangled_trainable_rzz_QLayers_5___seed_1_1761468207
8222368,0-Episodic-Stats/episodic_return,-11.0,Pong1PQFM_XObs_entangled_trainable_rzz_QLayers_5___seed_1_1761468207
8229856,0-Episodic-Stats/episodic_return,-13.0,Pong1PQFM_XObs_entangled_trainable_rzz_QLayers_5___seed_1_1761468207
8241056,0-Episodic-Stats/episodic_return,-7.0,Pong1PQFM_XObs_entangled_trainable_rzz_QLayers_5___seed_1_1761468207
8244576,0-Episodic-Stats/episodic_return,-8.0,Pong1PQFM_XObs_entangled_trainable_rzz_QLayers_5___seed_1_1761468207
8248768,0-Episodic-Stats/episodic_return,-10.0,Pong1PQFM_XObs_entangled_trainable_rzz_QLayers_5___seed_1_1761468207
8266944,0-Episodic-Stats/episodic_return,-3.0,Pong1PQFM_XObs_entangled_trainable_rzz_QLayers_5___seed_1_1761468207
8287840,0-Episodic-Stats/episodic_return,-10.0,Pong1PQFM_XObs_entangled_trainable_rzz_QLayers_5___seed_1_1761468207
8298176,0-Episodic-Stats/episodic_return,-13.0,Pong1PQFM_XObs_entangled_trainable_rzz_QLayers_5___seed_1_1761468207
8302464,0-Episodic-Stats/episodic_return,-11.0,Pong1PQFM_XObs_entangled_trainable_rzz_QLayers_5___seed_1_1761468207
8304288,0-Episodic-Stats/episodic_return,-14.0,Pong1PQFM_XObs_entangled_trainable_rzz_QLayers_5___seed_1_1761468207
8345472,0-Episodic-Stats/episodic_return,-8.0,Pong1PQFM_XObs_entangled_trainable_rzz_QLayers_5___seed_1_1761468207
8345952,0-Episodic-Stats/episodic_return,-5.0,Pong1PQFM_XObs_entangled_trainable_rzz_QLayers_5___seed_1_1761468207
8353984,0-Episodic-Stats/episodic_return,-19.0,Pong1PQFM_XObs_entangled_trainable_rzz_QLayers_5___seed_1_1761468207
8354592,0-Episodic-Stats/episodic_return,-13.0,Pong1PQFM_XObs_entangled_trainable_rzz_QLayers_5___seed_1_1761468207
8377472,0-Episodic-Stats/episodic_return,-10.0,Pong1PQFM_XObs_entangled_trainable_rzz_QLayers_5___seed_1_1761468207
8389408,0-Episodic-Stats/episodic_return,-14.0,Pong1PQFM_XObs_entangled_trainable_rzz_QLayers_5___seed_1_1761468207
8406816,0-Episodic-Stats/episodic_return,-13.0,Pong1PQFM_XObs_entangled_trainable_rzz_QLayers_5___seed_1_1761468207
8416640,0-Episodic-Stats/episodic_return,-3.0,Pong1PQFM_XObs_entangled_trainable_rzz_QLayers_5___seed_1_1761468207
8425664,0-Episodic-Stats/episodic_return,-5.0,Pong1PQFM_XObs_entangled_trainable_rzz_QLayers_5___seed_1_1761468207
8430080,0-Episodic-Stats/episodic_return,-12.0,Pong1PQFM_XObs_entangled_trainable_rzz_QLayers_5___seed_1_1761468207
8489792,0-Episodic-Stats/episodic_return,-9.0,Pong1PQFM_XObs_entangled_trainable_rzz_QLayers_5___seed_1_1761468207
8519264,0-Episodic-Stats/episodic_return,-10.0,Pong1PQFM_XObs_entangled_trainable_rzz_QLayers_5___seed_1_1761468207
8525952,0-Episodic-Stats/episodic_return,-12.0,Pong1PQFM_XObs_entangled_trainable_rzz_QLayers_5___seed_1_1761468207
8526432,0-Episodic-Stats/episodic_return,-10.0,Pong1PQFM_XObs_entangled_trainable_rzz_QLayers_5___seed_1_1761468207
8538816,0-Episodic-Stats/episodic_return,-17.0,Pong1PQFM_XObs_entangled_trainable_rzz_QLayers_5___seed_1_1761468207
8554272,0-Episodic-Stats/episodic_return,-8.0,Pong1PQFM_XObs_entangled_trainable_rzz_QLayers_5___seed_1_1761468207
8572832,0-Episodic-Stats/episodic_return,-16.0,Pong1PQFM_XObs_entangled_trainable_rzz_QLayers_5___seed_1_1761468207
8594976,0-Episodic-Stats/episodic_return,-11.0,Pong1PQFM_XObs_entangled_trainable_rzz_QLayers_5___seed_1_1761468207
8613312,0-Episodic-Stats/episodic_return,-16.0,Pong1PQFM_XObs_entangled_trainable_rzz_QLayers_5___seed_1_1761468207
8631776,0-Episodic-Stats/episodic_return,-12.0,Pong1PQFM_XObs_entangled_trainable_rzz_QLayers_5___seed_1_1761468207
8638400,0-Episodic-Stats/episodic_return,-14.0,Pong1PQFM_XObs_entangled_trainable_rzz_QLayers_5___seed_1_1761468207
8663328,0-Episodic-Stats/episodic_return,-10.0,Pong1PQFM_XObs_entangled_trainable_rzz_QLayers_5___seed_1_1761468207
8673408,0-Episodic-Stats/episodic_return,-10.0,Pong1PQFM_XObs_entangled_trainable_rzz_QLayers_5___seed_1_1761468207
8677728,0-Episodic-Stats/episodic_return,-12.0,Pong1PQFM_XObs_entangled_trainable_rzz_QLayers_5___seed_1_1761468207
8686880,0-Episodic-Stats/episodic_return,-12.0,Pong1PQFM_XObs_entangled_trainable_rzz_QLayers_5___seed_1_1761468207
8693856,0-Episodic-Stats/episodic_return,-16.0,Pong1PQFM_XObs_entangled_trainable_rzz_QLayers_5___seed_1_1761468207
8699232,0-Episodic-Stats/episodic_return,-3.0,Pong1PQFM_XObs_entangled_trainable_rzz_QLayers_5___seed_1_1761468207
8707776,0-Episodic-Stats/episodic_return,-12.0,Pong1PQFM_XObs_entangled_trainable_rzz_QLayers_5___seed_1_1761468207
8712032,0-Episodic-Stats/episodic_return,-12.0,Pong1PQFM_XObs_entangled_trainable_rzz_QLayers_5___seed_1_1761468207
8719232,0-Episodic-Stats/episodic_return,-12.0,Pong1PQFM_XObs_entangled_trainable_rzz_QLayers_5___seed_1_1761468207
8721888,0-Episodic-Stats/episodic_return,-11.0,Pong1PQFM_XObs_entangled_trainable_rzz_QLayers_5___seed_1_1761468207
8736960,0-Episodic-Stats/episodic_return,-13.0,Pong1PQFM_XObs_entangled_trainable_rzz_QLayers_5___seed_1_1761468207
8738432,0-Episodic-Stats/episodic_return,-9.0,Pong1PQFM_XObs_entangled_trainable_rzz_QLayers_5___seed_1_1761468207
8772384,0-Episodic-Stats/episodic_return,-2.0,Pong1PQFM_XObs_entangled_trainable_rzz_QLayers_5___seed_1_1761468207
8778464,0-Episodic-Stats/episodic_return,-13.0,Pong1PQFM_XObs_entangled_trainable_rzz_QLayers_5___seed_1_1761468207
8779456,0-Episodic-Stats/episodic_return,-10.0,Pong1PQFM_XObs_entangled_trainable_rzz_QLayers_5___seed_1_1761468207
8784544,0-Episodic-Stats/episodic_return,-16.0,Pong1PQFM_XObs_entangled_trainable_rzz_QLayers_5___seed_1_1761468207
8802784,0-Episodic-Stats/episodic_return,-11.0,Pong1PQFM_XObs_entangled_trainable_rzz_QLayers_5___seed_1_1761468207
8807968,0-Episodic-Stats/episodic_return,-12.0,Pong1PQFM_XObs_entangled_trainable_rzz_QLayers_5___seed_1_1761468207
8821536,0-Episodic-Stats/episodic_return,-6.0,Pong1PQFM_XObs_entangled_trainable_rzz_QLayers_5___seed_1_1761468207
8831552,0-Episodic-Stats/episodic_return,-6.0,Pong1PQFM_XObs_entangled_trainable_rzz_QLayers_5___seed_1_1761468207
8870624,0-Episodic-Stats/episodic_return,-14.0,Pong1PQFM_XObs_entangled_trainable_rzz_QLayers_5___seed_1_1761468207
8904864,0-Episodic-Stats/episodic_return,-15.0,Pong1PQFM_XObs_entangled_trainable_rzz_QLayers_5___seed_1_1761468207
8930336,0-Episodic-Stats/episodic_return,-11.0,Pong1PQFM_XObs_entangled_trainable_rzz_QLayers_5___seed_1_1761468207
8960032,0-Episodic-Stats/episodic_return,-14.0,Pong1PQFM_XObs_entangled_trainable_rzz_QLayers_5___seed_1_1761468207
8974208,0-Episodic-Stats/episodic_return,-12.0,Pong1PQFM_XObs_entangled_trainable_rzz_QLayers_5___seed_1_1761468207
8991392,0-Episodic-Stats/episodic_return,-14.0,Pong1PQFM_XObs_entangled_trainable_rzz_QLayers_5___seed_1_1761468207
8995424,0-Episodic-Stats/episodic_return,-5.0,Pong1PQFM_XObs_entangled_trainable_rzz_QLayers_5___seed_1_1761468207
9013792,0-Episodic-Stats/episodic_return,-15.0,Pong1PQFM_XObs_entangled_trainable_rzz_QLayers_5___seed_1_1761468207
9016160,0-Episodic-Stats/episodic_return,-11.0,Pong1PQFM_XObs_entangled_trainable_rzz_QLayers_5___seed_1_1761468207
9027744,0-Episodic-Stats/episodic_return,-12.5,Pong1PQFM_XObs_entangled_trainable_rzz_QLayers_5___seed_1_1761468207
9028800,0-Episodic-Stats/episodic_return,-16.0,Pong1PQFM_XObs_entangled_trainable_rzz_QLayers_5___seed_1_1761468207
9040448,0-Episodic-Stats/episodic_return,-6.0,Pong1PQFM_XObs_entangled_trainable_rzz_QLayers_5___seed_1_1761468207
9081792,0-Episodic-Stats/episodic_return,-12.0,Pong1PQFM_XObs_entangled_trainable_rzz_QLayers_5___seed_1_1761468207
9116512,0-Episodic-Stats/episodic_return,-14.0,Pong1PQFM_XObs_entangled_trainable_rzz_QLayers_5___seed_1_1761468207
9122080,0-Episodic-Stats/episodic_return,-10.0,Pong1PQFM_XObs_entangled_trainable_rzz_QLayers_5___seed_1_1761468207
9128960,0-Episodic-Stats/episodic_return,-10.0,Pong1PQFM_XObs_entangled_trainable_rzz_QLayers_5___seed_1_1761468207
9136864,0-Episodic-Stats/episodic_return,-11.0,Pong1PQFM_XObs_entangled_trainable_rzz_QLayers_5___seed_1_1761468207
9144736,0-Episodic-Stats/episodic_return,-12.0,Pong1PQFM_XObs_entangled_trainable_rzz_QLayers_5___seed_1_1761468207
9154592,0-Episodic-Stats/episodic_return,-9.0,Pong1PQFM_XObs_entangled_trainable_rzz_QLayers_5___seed_1_1761468207
9165280,0-Episodic-Stats/episodic_return,-3.0,Pong1PQFM_XObs_entangled_trainable_rzz_QLayers_5___seed_1_1761468207
9167104,0-Episodic-Stats/episodic_return,-8.0,Pong1PQFM_XObs_entangled_trainable_rzz_QLayers_5___seed_1_1761468207
9173376,0-Episodic-Stats/episodic_return,-10.0,Pong1PQFM_XObs_entangled_trainable_rzz_QLayers_5___seed_1_1761468207
9177120,0-Episodic-Stats/episodic_return,-12.0,Pong1PQFM_XObs_entangled_trainable_rzz_QLayers_5___seed_1_1761468207
9198336,0-Episodic-Stats/episodic_return,-8.0,Pong1PQFM_XObs_entangled_trainable_rzz_QLayers_5___seed_1_1761468207
9198752,0-Episodic-Stats/episodic_return,-13.0,Pong1PQFM_XObs_entangled_trainable_rzz_QLayers_5___seed_1_1761468207
9220896,0-Episodic-Stats/episodic_return,-11.0,Pong1PQFM_XObs_entangled_trainable_rzz_QLayers_5___seed_1_1761468207
9226272,0-Episodic-Stats/episodic_return,-12.0,Pong1PQFM_XObs_entangled_trainable_rzz_QLayers_5___seed_1_1761468207
9245696,0-Episodic-Stats/episodic_return,-14.0,Pong1PQFM_XObs_entangled_trainable_rzz_QLayers_5___seed_1_1761468207
9247776,0-Episodic-Stats/episodic_return,-8.0,Pong1PQFM_XObs_entangled_trainable_rzz_QLayers_5___seed_1_1761468207
9249728,0-Episodic-Stats/episodic_return,-7.0,Pong1PQFM_XObs_entangled_trainable_rzz_QLayers_5___seed_1_1761468207
9272992,0-Episodic-Stats/episodic_return,-8.0,Pong1PQFM_XObs_entangled_trainable_rzz_QLayers_5___seed_1_1761468207
9315584,0-Episodic-Stats/episodic_return,-14.0,Pong1PQFM_XObs_entangled_trainable_rzz_QLayers_5___seed_1_1761468207
9320352,0-Episodic-Stats/episodic_return,-8.0,Pong1PQFM_XObs_entangled_trainable_rzz_QLayers_5___seed_1_1761468207
9332704,0-Episodic-Stats/episodic_return,-19.0,Pong1PQFM_XObs_entangled_trainable_rzz_QLayers_5___seed_1_1761468207
9342784,0-Episodic-Stats/episodic_return,-8.0,Pong1PQFM_XObs_entangled_trainable_rzz_QLayers_5___seed_1_1761468207
9363456,0-Episodic-Stats/episodic_return,-13.0,Pong1PQFM_XObs_entangled_trainable_rzz_QLayers_5___seed_1_1761468207
9365728,0-Episodic-Stats/episodic_return,-9.0,Pong1PQFM_XObs_entangled_trainable_rzz_QLayers_5___seed_1_1761468207
9433056,0-Episodic-Stats/episodic_return,-12.0,Pong1PQFM_XObs_entangled_trainable_rzz_QLayers_5___seed_1_1761468207
9440896,0-Episodic-Stats/episodic_return,-10.0,Pong1PQFM_XObs_entangled_trainable_rzz_QLayers_5___seed_1_1761468207
9448736,0-Episodic-Stats/episodic_return,-15.0,Pong1PQFM_XObs_entangled_trainable_rzz_QLayers_5___seed_1_1761468207
9449088,0-Episodic-Stats/episodic_return,-7.0,Pong1PQFM_XObs_entangled_trainable_rzz_QLayers_5___seed_1_1761468207
9473472,0-Episodic-Stats/episodic_return,-17.0,Pong1PQFM_XObs_entangled_trainable_rzz_QLayers_5___seed_1_1761468207
9481216,0-Episodic-Stats/episodic_return,-6.0,Pong1PQFM_XObs_entangled_trainable_rzz_QLayers_5___seed_1_1761468207
9486688,0-Episodic-Stats/episodic_return,-7.0,Pong1PQFM_XObs_entangled_trainable_rzz_QLayers_5___seed_1_1761468207
9526112,0-Episodic-Stats/episodic_return,-10.0,Pong1PQFM_XObs_entangled_trainable_rzz_QLayers_5___seed_1_1761468207
9548416,0-Episodic-Stats/episodic_return,-12.0,Pong1PQFM_XObs_entangled_trainable_rzz_QLayers_5___seed_1_1761468207
9548608,0-Episodic-Stats/episodic_return,-7.0,Pong1PQFM_XObs_entangled_trainable_rzz_QLayers_5___seed_1_1761468207
9552480,0-Episodic-Stats/episodic_return,-14.0,Pong1PQFM_XObs_entangled_trainable_rzz_QLayers_5___seed_1_1761468207
9556448,0-Episodic-Stats/episodic_return,-11.0,Pong1PQFM_XObs_entangled_trainable_rzz_QLayers_5___seed_1_1761468207
9564160,0-Episodic-Stats/episodic_return,-13.0,Pong1PQFM_XObs_entangled_trainable_rzz_QLayers_5___seed_1_1761468207
9575712,0-Episodic-Stats/episodic_return,-10.0,Pong1PQFM_XObs_entangled_trainable_rzz_QLayers_5___seed_1_1761468207
9576832,0-Episodic-Stats/episodic_return,-14.0,Pong1PQFM_XObs_entangled_trainable_rzz_QLayers_5___seed_1_1761468207
9577184,0-Episodic-Stats/episodic_return,-13.0,Pong1PQFM_XObs_entangled_trainable_rzz_QLayers_5___seed_1_1761468207
9585536,0-Episodic-Stats/episodic_return,4.0,Pong1PQFM_XObs_entangled_trainable_rzz_QLayers_5___seed_1_1761468207
9585632,0-Episodic-Stats/episodic_return,-9.0,Pong1PQFM_XObs_entangled_trainable_rzz_QLayers_5___seed_1_1761468207
9592768,0-Episodic-Stats/episodic_return,-15.0,Pong1PQFM_XObs_entangled_trainable_rzz_QLayers_5___seed_1_1761468207
9594304,0-Episodic-Stats/episodic_return,-13.0,Pong1PQFM_XObs_entangled_trainable_rzz_QLayers_5___seed_1_1761468207
9595232,0-Episodic-Stats/episodic_return,-12.0,Pong1PQFM_XObs_entangled_trainable_rzz_QLayers_5___seed_1_1761468207
9597760,0-Episodic-Stats/episodic_return,-15.0,Pong1PQFM_XObs_entangled_trainable_rzz_QLayers_5___seed_1_1761468207
9620384,0-Episodic-Stats/episodic_return,-13.0,Pong1PQFM_XObs_entangled_trainable_rzz_QLayers_5___seed_1_1761468207
9638368,0-Episodic-Stats/episodic_return,-11.0,Pong1PQFM_XObs_entangled_trainable_rzz_QLayers_5___seed_1_1761468207
9640832,0-Episodic-Stats/episodic_return,-14.0,Pong1PQFM_XObs_entangled_trainable_rzz_QLayers_5___seed_1_1761468207
9659808,0-Episodic-Stats/episodic_return,-16.0,Pong1PQFM_XObs_entangled_trainable_rzz_QLayers_5___seed_1_1761468207
9689536,0-Episodic-Stats/episodic_return,-11.0,Pong1PQFM_XObs_entangled_trainable_rzz_QLayers_5___seed_1_1761468207
9695168,0-Episodic-Stats/episodic_return,-14.0,Pong1PQFM_XObs_entangled_trainable_rzz_QLayers_5___seed_1_1761468207
9702368,0-Episodic-Stats/episodic_return,-15.0,Pong1PQFM_XObs_entangled_trainable_rzz_QLayers_5___seed_1_1761468207
9721728,0-Episodic-Stats/episodic_return,-16.0,Pong1PQFM_XObs_entangled_trainable_rzz_QLayers_5___seed_1_1761468207
9726592,0-Episodic-Stats/episodic_return,-13.0,Pong1PQFM_XObs_entangled_trainable_rzz_QLayers_5___seed_1_1761468207
9761568,0-Episodic-Stats/episodic_return,-15.0,Pong1PQFM_XObs_entangled_trainable_rzz_QLayers_5___seed_1_1761468207
9825056,0-Episodic-Stats/episodic_return,-11.0,Pong1PQFM_XObs_entangled_trainable_rzz_QLayers_5___seed_1_1761468207
9849472,0-Episodic-Stats/episodic_return,-12.0,Pong1PQFM_XObs_entangled_trainable_rzz_QLayers_5___seed_1_1761468207
9865984,0-Episodic-Stats/episodic_return,-12.0,Pong1PQFM_XObs_entangled_trainable_rzz_QLayers_5___seed_1_1761468207
9873184,0-Episodic-Stats/episodic_return,-12.0,Pong1PQFM_XObs_entangled_trainable_rzz_QLayers_5___seed_1_1761468207
9880352,0-Episodic-Stats/episodic_return,-12.0,Pong1PQFM_XObs_entangled_trainable_rzz_QLayers_5___seed_1_1761468207
9886304,0-Episodic-Stats/episodic_return,-15.0,Pong1PQFM_XObs_entangled_trainable_rzz_QLayers_5___seed_1_1761468207
9891744,0-Episodic-Stats/episodic_return,-16.0,Pong1PQFM_XObs_entangled_trainable_rzz_QLayers_5___seed_1_1761468207
9895744,0-Episodic-Stats/episodic_return,-13.0,Pong1PQFM_XObs_entangled_trainable_rzz_QLayers_5___seed_1_1761468207
9927712,0-Episodic-Stats/episodic_return,-7.0,Pong1PQFM_XObs_entangled_trainable_rzz_QLayers_5___seed_1_1761468207
9948864,0-Episodic-Stats/episodic_return,-12.0,Pong1PQFM_XObs_entangled_trainable_rzz_QLayers_5___seed_1_1761468207
9949536,0-Episodic-Stats/episodic_return,-17.0,Pong1PQFM_XObs_entangled_trainable_rzz_QLayers_5___seed_1_1761468207
9958144,0-Episodic-Stats/episodic_return,-12.0,Pong1PQFM_XObs_entangled_trainable_rzz_QLayers_5___seed_1_1761468207
9974624,0-Episodic-Stats/episodic_return,-12.0,Pong1PQFM_XObs_entangled_trainable_rzz_QLayers_5___seed_1_1761468207
9977984,0-Episodic-Stats/episodic_return,-17.0,Pong1PQFM_XObs_entangled_trainable_rzz_QLayers_5___seed_1_1761468207
9980640,0-Episodic-Stats/episodic_return,-17.0,Pong1PQFM_XObs_entangled_trainable_rzz_QLayers_5___seed_1_1761468207
9982816,0-Episodic-Stats/episodic_return,-13.0,Pong1PQFM_XObs_entangled_trainable_rzz_QLayers_5___seed_1_1761468207
4096,1-Training-Losses/approx_kl,0.00010840386676136404,Pong1PQFM_XObs_entangled_trainable_rzz_QLayers_5___seed_1_1761468207
8192,1-Training-Losses/approx_kl,4.49513754574582e-05,Pong1PQFM_XObs_entangled_trainable_rzz_QLayers_5___seed_1_1761468207
12288,1-Training-Losses/approx_kl,3.3923410228453577e-05,Pong1PQFM_XObs_entangled_trainable_rzz_QLayers_5___seed_1_1761468207
16384,1-Training-Losses/approx_kl,2.934507210738957e-05,Pong1PQFM_XObs_entangled_trainable_rzz_QLayers_5___seed_1_1761468207
20480,1-Training-Losses/approx_kl,2.4667737307026982e-05,Pong1PQFM_XObs_entangled_trainable_rzz_QLayers_5___seed_1_1761468207
24576,1-Training-Losses/approx_kl,1.0213174391537905e-05,Pong1PQFM_XObs_entangled_trainable_rzz_QLayers_5___seed_1_1761468207
28672,1-Training-Losses/approx_kl,1.3103272067382932e-05,Pong1PQFM_XObs_entangled_trainable_rzz_QLayers_5___seed_1_1761468207
32768,1-Training-Losses/approx_kl,9.034265531226993e-06,Pong1PQFM_XObs_entangled_trainable_rzz_QLayers_5___seed_1_1761468207
36864,1-Training-Losses/approx_kl,1.0492789442650974e-05,Pong1PQFM_XObs_entangled_trainable_rzz_QLayers_5___seed_1_1761468207
40960,1-Training-Losses/approx_kl,2.3901055101305246e-05,Pong1PQFM_XObs_entangled_trainable_rzz_QLayers_5___seed_1_1761468207
45056,1-Training-Losses/approx_kl,4.21030999859795e-05,Pong1PQFM_XObs_entangled_trainable_rzz_QLayers_5___seed_1_1761468207
49152,1-Training-Losses/approx_kl,4.0387167246080935e-05,Pong1PQFM_XObs_entangled_trainable_rzz_QLayers_5___seed_1_1761468207
53248,1-Training-Losses/approx_kl,3.794192161876708e-05,Pong1PQFM_XObs_entangled_trainable_rzz_QLayers_5___seed_1_1761468207
57344,1-Training-Losses/approx_kl,4.013818397652358e-05,Pong1PQFM_XObs_entangled_trainable_rzz_QLayers_5___seed_1_1761468207
61440,1-Training-Losses/approx_kl,7.164895941969007e-05,Pong1PQFM_XObs_entangled_trainable_rzz_QLayers_5___seed_1_1761468207
65536,1-Training-Losses/approx_kl,5.4522184655070305e-05,Pong1PQFM_XObs_entangled_trainable_rzz_QLayers_5___seed_1_1761468207
69632,1-Training-Losses/approx_kl,1.9896251615136862e-05,Pong1PQFM_XObs_entangled_trainable_rzz_QLayers_5___seed_1_1761468207
73728,1-Training-Losses/approx_kl,1.857077586464584e-05,Pong1PQFM_XObs_entangled_trainable_rzz_QLayers_5___seed_1_1761468207
77824,1-Training-Losses/approx_kl,3.311672480776906e-05,Pong1PQFM_XObs_entangled_trainable_rzz_QLayers_5___seed_1_1761468207
81920,1-Training-Losses/approx_kl,2.8984417440369725e-05,Pong1PQFM_XObs_entangled_trainable_rzz_QLayers_5___seed_1_1761468207
86016,1-Training-Losses/approx_kl,2.9081260436214507e-05,Pong1PQFM_XObs_entangled_trainable_rzz_QLayers_5___seed_1_1761468207
90112,1-Training-Losses/approx_kl,6.190064596012235e-06,Pong1PQFM_XObs_entangled_trainable_rzz_QLayers_5___seed_1_1761468207
94208,1-Training-Losses/approx_kl,1.9141152733936906e-06,Pong1PQFM_XObs_entangled_trainable_rzz_QLayers_5___seed_1_1761468207
98304,1-Training-Losses/approx_kl,4.557616193778813e-06,Pong1PQFM_XObs_entangled_trainable_rzz_QLayers_5___seed_1_1761468207
102400,1-Training-Losses/approx_kl,8.863426046445966e-06,Pong1PQFM_XObs_entangled_trainable_rzz_QLayers_5___seed_1_1761468207
106496,1-Training-Losses/approx_kl,2.1356390789151192e-05,Pong1PQFM_XObs_entangled_trainable_rzz_QLayers_5___seed_1_1761468207
110592,1-Training-Losses/approx_kl,2.1187355741858482e-05,Pong1PQFM_XObs_entangled_trainable_rzz_QLayers_5___seed_1_1761468207
114688,1-Training-Losses/approx_kl,1.4439690858125687e-05,Pong1PQFM_XObs_entangled_trainable_rzz_QLayers_5___seed_1_1761468207
118784,1-Training-Losses/approx_kl,1.0066753020510077e-05,Pong1PQFM_XObs_entangled_trainable_rzz_QLayers_5___seed_1_1761468207
122880,1-Training-Losses/approx_kl,2.090338966809213e-05,Pong1PQFM_XObs_entangled_trainable_rzz_QLayers_5___seed_1_1761468207
126976,1-Training-Losses/approx_kl,2.7029920602217317e-05,Pong1PQFM_XObs_entangled_trainable_rzz_QLayers_5___seed_1_1761468207
131072,1-Training-Losses/approx_kl,5.7446915889158845e-05,Pong1PQFM_XObs_entangled_trainable_rzz_QLayers_5___seed_1_1761468207
135168,1-Training-Losses/approx_kl,4.983157850801945e-05,Pong1PQFM_XObs_entangled_trainable_rzz_QLayers_5___seed_1_1761468207
139264,1-Training-Losses/approx_kl,2.067448804154992e-05,Pong1PQFM_XObs_entangled_trainable_rzz_QLayers_5___seed_1_1761468207
143360,1-Training-Losses/approx_kl,1.2206946848891675e-05,Pong1PQFM_XObs_entangled_trainable_rzz_QLayers_5___seed_1_1761468207
147456,1-Training-Losses/approx_kl,4.930887371301651e-06,Pong1PQFM_XObs_entangled_trainable_rzz_QLayers_5___seed_1_1761468207
151552,1-Training-Losses/approx_kl,2.4760374799370766e-05,Pong1PQFM_XObs_entangled_trainable_rzz_QLayers_5___seed_1_1761468207
155648,1-Training-Losses/approx_kl,2.9273302061483264e-05,Pong1PQFM_XObs_entangled_trainable_rzz_QLayers_5___seed_1_1761468207
159744,1-Training-Losses/approx_kl,8.222807082347572e-06,Pong1PQFM_XObs_entangled_trainable_rzz_QLayers_5___seed_1_1761468207
163840,1-Training-Losses/approx_kl,1.039472408592701e-05,Pong1PQFM_XObs_entangled_trainable_rzz_QLayers_5___seed_1_1761468207
167936,1-Training-Losses/approx_kl,9.915544069372118e-06,Pong1PQFM_XObs_entangled_trainable_rzz_QLayers_5___seed_1_1761468207
172032,1-Training-Losses/approx_kl,1.8576858565211296e-05,Pong1PQFM_XObs_entangled_trainable_rzz_QLayers_5___seed_1_1761468207
176128,1-Training-Losses/approx_kl,6.010079232510179e-05,Pong1PQFM_XObs_entangled_trainable_rzz_QLayers_5___seed_1_1761468207
180224,1-Training-Losses/approx_kl,3.861433651763946e-05,Pong1PQFM_XObs_entangled_trainable_rzz_QLayers_5___seed_1_1761468207
184320,1-Training-Losses/approx_kl,1.5140540199354291e-05,Pong1PQFM_XObs_entangled_trainable_rzz_QLayers_5___seed_1_1761468207
188416,1-Training-Losses/approx_kl,4.970119334757328e-06,Pong1PQFM_XObs_entangled_trainable_rzz_QLayers_5___seed_1_1761468207
192512,1-Training-Losses/approx_kl,2.9279704904183745e-05,Pong1PQFM_XObs_entangled_trainable_rzz_QLayers_5___seed_1_1761468207
196608,1-Training-Losses/approx_kl,3.2738724257797e-05,Pong1PQFM_XObs_entangled_trainable_rzz_QLayers_5___seed_1_1761468207
200704,1-Training-Losses/approx_kl,4.979633376933634e-05,Pong1PQFM_XObs_entangled_trainable_rzz_QLayers_5___seed_1_1761468207
204800,1-Training-Losses/approx_kl,6.228394340723753e-05,Pong1PQFM_XObs_entangled_trainable_rzz_QLayers_5___seed_1_1761468207
208896,1-Training-Losses/approx_kl,2.059874532278627e-05,Pong1PQFM_XObs_entangled_trainable_rzz_QLayers_5___seed_1_1761468207
212992,1-Training-Losses/approx_kl,1.422020432073623e-05,Pong1PQFM_XObs_entangled_trainable_rzz_QLayers_5___seed_1_1761468207
217088,1-Training-Losses/approx_kl,5.3765688790008426e-05,Pong1PQFM_XObs_entangled_trainable_rzz_QLayers_5___seed_1_1761468207
221184,1-Training-Losses/approx_kl,4.599038220476359e-05,Pong1PQFM_XObs_entangled_trainable_rzz_QLayers_5___seed_1_1761468207
225280,1-Training-Losses/approx_kl,1.6246340237557888e-05,Pong1PQFM_XObs_entangled_trainable_rzz_QLayers_5___seed_1_1761468207
229376,1-Training-Losses/approx_kl,2.0442894310690463e-05,Pong1PQFM_XObs_entangled_trainable_rzz_QLayers_5___seed_1_1761468207
233472,1-Training-Losses/approx_kl,1.4433055184781551e-05,Pong1PQFM_XObs_entangled_trainable_rzz_QLayers_5___seed_1_1761468207
237568,1-Training-Losses/approx_kl,1.2098040315322578e-05,Pong1PQFM_XObs_entangled_trainable_rzz_QLayers_5___seed_1_1761468207
241664,1-Training-Losses/approx_kl,1.9525017705745995e-05,Pong1PQFM_XObs_entangled_trainable_rzz_QLayers_5___seed_1_1761468207
245760,1-Training-Losses/approx_kl,7.756243576295674e-06,Pong1PQFM_XObs_entangled_trainable_rzz_QLayers_5___seed_1_1761468207
249856,1-Training-Losses/approx_kl,2.1251238649711013e-05,Pong1PQFM_XObs_entangled_trainable_rzz_QLayers_5___seed_1_1761468207
253952,1-Training-Losses/approx_kl,3.473424294497818e-05,Pong1PQFM_XObs_entangled_trainable_rzz_QLayers_5___seed_1_1761468207
258048,1-Training-Losses/approx_kl,1.4905075659044087e-05,Pong1PQFM_XObs_entangled_trainable_rzz_QLayers_5___seed_1_1761468207
262144,1-Training-Losses/approx_kl,1.6314952517859638e-05,Pong1PQFM_XObs_entangled_trainable_rzz_QLayers_5___seed_1_1761468207
266240,1-Training-Losses/approx_kl,6.761125405319035e-06,Pong1PQFM_XObs_entangled_trainable_rzz_QLayers_5___seed_1_1761468207
270336,1-Training-Losses/approx_kl,1.4841934898868203e-05,Pong1PQFM_XObs_entangled_trainable_rzz_QLayers_5___seed_1_1761468207
274432,1-Training-Losses/approx_kl,2.4863635189831257e-05,Pong1PQFM_XObs_entangled_trainable_rzz_QLayers_5___seed_1_1761468207
278528,1-Training-Losses/approx_kl,3.440454020164907e-05,Pong1PQFM_XObs_entangled_trainable_rzz_QLayers_5___seed_1_1761468207
282624,1-Training-Losses/approx_kl,2.570883953012526e-05,Pong1PQFM_XObs_entangled_trainable_rzz_QLayers_5___seed_1_1761468207
286720,1-Training-Losses/approx_kl,2.2003587218932807e-05,Pong1PQFM_XObs_entangled_trainable_rzz_QLayers_5___seed_1_1761468207
290816,1-Training-Losses/approx_kl,3.912019019480795e-05,Pong1PQFM_XObs_entangled_trainable_rzz_QLayers_5___seed_1_1761468207
294912,1-Training-Losses/approx_kl,8.4486193372868e-05,Pong1PQFM_XObs_entangled_trainable_rzz_QLayers_5___seed_1_1761468207
299008,1-Training-Losses/approx_kl,2.4399065296165645e-05,Pong1PQFM_XObs_entangled_trainable_rzz_QLayers_5___seed_1_1761468207
303104,1-Training-Losses/approx_kl,1.935230102390051e-05,Pong1PQFM_XObs_entangled_trainable_rzz_QLayers_5___seed_1_1761468207
307200,1-Training-Losses/approx_kl,1.2843709555454552e-05,Pong1PQFM_XObs_entangled_trainable_rzz_QLayers_5___seed_1_1761468207
311296,1-Training-Losses/approx_kl,7.38320522941649e-06,Pong1PQFM_XObs_entangled_trainable_rzz_QLayers_5___seed_1_1761468207
315392,1-Training-Losses/approx_kl,3.0521085136570036e-05,Pong1PQFM_XObs_entangled_trainable_rzz_QLayers_5___seed_1_1761468207
319488,1-Training-Losses/approx_kl,5.856226198375225e-05,Pong1PQFM_XObs_entangled_trainable_rzz_QLayers_5___seed_1_1761468207
323584,1-Training-Losses/approx_kl,4.228109901305288e-05,Pong1PQFM_XObs_entangled_trainable_rzz_QLayers_5___seed_1_1761468207
327680,1-Training-Losses/approx_kl,5.783428787253797e-05,Pong1PQFM_XObs_entangled_trainable_rzz_QLayers_5___seed_1_1761468207
331776,1-Training-Losses/approx_kl,8.120754500851035e-05,Pong1PQFM_XObs_entangled_trainable_rzz_QLayers_5___seed_1_1761468207
335872,1-Training-Losses/approx_kl,1.618216629140079e-05,Pong1PQFM_XObs_entangled_trainable_rzz_QLayers_5___seed_1_1761468207
339968,1-Training-Losses/approx_kl,2.6520181563682854e-05,Pong1PQFM_XObs_entangled_trainable_rzz_QLayers_5___seed_1_1761468207
344064,1-Training-Losses/approx_kl,0.0001775093114702031,Pong1PQFM_XObs_entangled_trainable_rzz_QLayers_5___seed_1_1761468207
348160,1-Training-Losses/approx_kl,0.0001859721087384969,Pong1PQFM_XObs_entangled_trainable_rzz_QLayers_5___seed_1_1761468207
352256,1-Training-Losses/approx_kl,5.695440631825477e-05,Pong1PQFM_XObs_entangled_trainable_rzz_QLayers_5___seed_1_1761468207
356352,1-Training-Losses/approx_kl,3.4072945709340274e-05,Pong1PQFM_XObs_entangled_trainable_rzz_QLayers_5___seed_1_1761468207
360448,1-Training-Losses/approx_kl,2.4225199013017118e-05,Pong1PQFM_XObs_entangled_trainable_rzz_QLayers_5___seed_1_1761468207
364544,1-Training-Losses/approx_kl,3.0756957130506635e-05,Pong1PQFM_XObs_entangled_trainable_rzz_QLayers_5___seed_1_1761468207
368640,1-Training-Losses/approx_kl,1.905941462609917e-05,Pong1PQFM_XObs_entangled_trainable_rzz_QLayers_5___seed_1_1761468207
372736,1-Training-Losses/approx_kl,4.878861363977194e-05,Pong1PQFM_XObs_entangled_trainable_rzz_QLayers_5___seed_1_1761468207
376832,1-Training-Losses/approx_kl,7.610462489537895e-06,Pong1PQFM_XObs_entangled_trainable_rzz_QLayers_5___seed_1_1761468207
380928,1-Training-Losses/approx_kl,6.904597103130072e-05,Pong1PQFM_XObs_entangled_trainable_rzz_QLayers_5___seed_1_1761468207
385024,1-Training-Losses/approx_kl,0.00011163827730342746,Pong1PQFM_XObs_entangled_trainable_rzz_QLayers_5___seed_1_1761468207
389120,1-Training-Losses/approx_kl,0.00014324115181807429,Pong1PQFM_XObs_entangled_trainable_rzz_QLayers_5___seed_1_1761468207
393216,1-Training-Losses/approx_kl,7.969072612468153e-05,Pong1PQFM_XObs_entangled_trainable_rzz_QLayers_5___seed_1_1761468207
397312,1-Training-Losses/approx_kl,6.799932452850044e-05,Pong1PQFM_XObs_entangled_trainable_rzz_QLayers_5___seed_1_1761468207
401408,1-Training-Losses/approx_kl,1.1962620192207396e-05,Pong1PQFM_XObs_entangled_trainable_rzz_QLayers_5___seed_1_1761468207
405504,1-Training-Losses/approx_kl,0.0002645280328579247,Pong1PQFM_XObs_entangled_trainable_rzz_QLayers_5___seed_1_1761468207
409600,1-Training-Losses/approx_kl,0.0002704617800191045,Pong1PQFM_XObs_entangled_trainable_rzz_QLayers_5___seed_1_1761468207
413696,1-Training-Losses/approx_kl,0.00014349153207149357,Pong1PQFM_XObs_entangled_trainable_rzz_QLayers_5___seed_1_1761468207
417792,1-Training-Losses/approx_kl,2.856861101463437e-05,Pong1PQFM_XObs_entangled_trainable_rzz_QLayers_5___seed_1_1761468207
421888,1-Training-Losses/approx_kl,3.609164559748024e-05,Pong1PQFM_XObs_entangled_trainable_rzz_QLayers_5___seed_1_1761468207
425984,1-Training-Losses/approx_kl,0.0001246629108209163,Pong1PQFM_XObs_entangled_trainable_rzz_QLayers_5___seed_1_1761468207
430080,1-Training-Losses/approx_kl,0.0002038035891018808,Pong1PQFM_XObs_entangled_trainable_rzz_QLayers_5___seed_1_1761468207
434176,1-Training-Losses/approx_kl,0.00014511514746118337,Pong1PQFM_XObs_entangled_trainable_rzz_QLayers_5___seed_1_1761468207
438272,1-Training-Losses/approx_kl,2.4724038667045534e-05,Pong1PQFM_XObs_entangled_trainable_rzz_QLayers_5___seed_1_1761468207
442368,1-Training-Losses/approx_kl,3.561796620488167e-05,Pong1PQFM_XObs_entangled_trainable_rzz_QLayers_5___seed_1_1761468207
446464,1-Training-Losses/approx_kl,9.483435133006424e-05,Pong1PQFM_XObs_entangled_trainable_rzz_QLayers_5___seed_1_1761468207
450560,1-Training-Losses/approx_kl,4.485306271817535e-05,Pong1PQFM_XObs_entangled_trainable_rzz_QLayers_5___seed_1_1761468207
454656,1-Training-Losses/approx_kl,4.995659401174635e-05,Pong1PQFM_XObs_entangled_trainable_rzz_QLayers_5___seed_1_1761468207
458752,1-Training-Losses/approx_kl,7.833488052710891e-05,Pong1PQFM_XObs_entangled_trainable_rzz_QLayers_5___seed_1_1761468207
462848,1-Training-Losses/approx_kl,9.142188355326653e-05,Pong1PQFM_XObs_entangled_trainable_rzz_QLayers_5___seed_1_1761468207
466944,1-Training-Losses/approx_kl,8.307036478072405e-05,Pong1PQFM_XObs_entangled_trainable_rzz_QLayers_5___seed_1_1761468207
471040,1-Training-Losses/approx_kl,1.664870069362223e-05,Pong1PQFM_XObs_entangled_trainable_rzz_QLayers_5___seed_1_1761468207
475136,1-Training-Losses/approx_kl,1.9030951079912484e-05,Pong1PQFM_XObs_entangled_trainable_rzz_QLayers_5___seed_1_1761468207
479232,1-Training-Losses/approx_kl,2.48157448368147e-05,Pong1PQFM_XObs_entangled_trainable_rzz_QLayers_5___seed_1_1761468207
483328,1-Training-Losses/approx_kl,3.449726500548422e-05,Pong1PQFM_XObs_entangled_trainable_rzz_QLayers_5___seed_1_1761468207
487424,1-Training-Losses/approx_kl,2.8865528292953968e-05,Pong1PQFM_XObs_entangled_trainable_rzz_QLayers_5___seed_1_1761468207
491520,1-Training-Losses/approx_kl,0.00014812602603342384,Pong1PQFM_XObs_entangled_trainable_rzz_QLayers_5___seed_1_1761468207
495616,1-Training-Losses/approx_kl,0.0001961433736141771,Pong1PQFM_XObs_entangled_trainable_rzz_QLayers_5___seed_1_1761468207
499712,1-Training-Losses/approx_kl,8.108712790999562e-05,Pong1PQFM_XObs_entangled_trainable_rzz_QLayers_5___seed_1_1761468207
503808,1-Training-Losses/approx_kl,5.853164475411177e-05,Pong1PQFM_XObs_entangled_trainable_rzz_QLayers_5___seed_1_1761468207
507904,1-Training-Losses/approx_kl,1.6561010852456093e-05,Pong1PQFM_XObs_entangled_trainable_rzz_QLayers_5___seed_1_1761468207
512000,1-Training-Losses/approx_kl,1.2672899174503982e-05,Pong1PQFM_XObs_entangled_trainable_rzz_QLayers_5___seed_1_1761468207
516096,1-Training-Losses/approx_kl,2.6123307179659605e-05,Pong1PQFM_XObs_entangled_trainable_rzz_QLayers_5___seed_1_1761468207
520192,1-Training-Losses/approx_kl,3.39869293384254e-05,Pong1PQFM_XObs_entangled_trainable_rzz_QLayers_5___seed_1_1761468207
524288,1-Training-Losses/approx_kl,2.0833394955843687e-05,Pong1PQFM_XObs_entangled_trainable_rzz_QLayers_5___seed_1_1761468207
528384,1-Training-Losses/approx_kl,2.1398431272245944e-05,Pong1PQFM_XObs_entangled_trainable_rzz_QLayers_5___seed_1_1761468207
532480,1-Training-Losses/approx_kl,4.952245217282325e-05,Pong1PQFM_XObs_entangled_trainable_rzz_QLayers_5___seed_1_1761468207
536576,1-Training-Losses/approx_kl,3.3740056096576154e-05,Pong1PQFM_XObs_entangled_trainable_rzz_QLayers_5___seed_1_1761468207
540672,1-Training-Losses/approx_kl,2.6344205252826214e-05,Pong1PQFM_XObs_entangled_trainable_rzz_QLayers_5___seed_1_1761468207
544768,1-Training-Losses/approx_kl,2.1612184355035424e-05,Pong1PQFM_XObs_entangled_trainable_rzz_QLayers_5___seed_1_1761468207
548864,1-Training-Losses/approx_kl,4.600855754688382e-05,Pong1PQFM_XObs_entangled_trainable_rzz_QLayers_5___seed_1_1761468207
552960,1-Training-Losses/approx_kl,1.729809446260333e-05,Pong1PQFM_XObs_entangled_trainable_rzz_QLayers_5___seed_1_1761468207
557056,1-Training-Losses/approx_kl,2.4197273887693882e-05,Pong1PQFM_XObs_entangled_trainable_rzz_QLayers_5___seed_1_1761468207
561152,1-Training-Losses/approx_kl,5.201013118494302e-05,Pong1PQFM_XObs_entangled_trainable_rzz_QLayers_5___seed_1_1761468207
565248,1-Training-Losses/approx_kl,5.297298775985837e-05,Pong1PQFM_XObs_entangled_trainable_rzz_QLayers_5___seed_1_1761468207
569344,1-Training-Losses/approx_kl,0.00010404591739643365,Pong1PQFM_XObs_entangled_trainable_rzz_QLayers_5___seed_1_1761468207
573440,1-Training-Losses/approx_kl,5.2144547225907445e-05,Pong1PQFM_XObs_entangled_trainable_rzz_QLayers_5___seed_1_1761468207
577536,1-Training-Losses/approx_kl,3.1800256692804396e-05,Pong1PQFM_XObs_entangled_trainable_rzz_QLayers_5___seed_1_1761468207
581632,1-Training-Losses/approx_kl,1.3898476026952267e-05,Pong1PQFM_XObs_entangled_trainable_rzz_QLayers_5___seed_1_1761468207
585728,1-Training-Losses/approx_kl,4.218195681460202e-05,Pong1PQFM_XObs_entangled_trainable_rzz_QLayers_5___seed_1_1761468207
589824,1-Training-Losses/approx_kl,4.9747221055440605e-05,Pong1PQFM_XObs_entangled_trainable_rzz_QLayers_5___seed_1_1761468207
593920,1-Training-Losses/approx_kl,0.00012159849575255066,Pong1PQFM_XObs_entangled_trainable_rzz_QLayers_5___seed_1_1761468207
598016,1-Training-Losses/approx_kl,0.00016903431969694793,Pong1PQFM_XObs_entangled_trainable_rzz_QLayers_5___seed_1_1761468207
602112,1-Training-Losses/approx_kl,4.046045069117099e-05,Pong1PQFM_XObs_entangled_trainable_rzz_QLayers_5___seed_1_1761468207
606208,1-Training-Losses/approx_kl,7.679556438233703e-05,Pong1PQFM_XObs_entangled_trainable_rzz_QLayers_5___seed_1_1761468207
610304,1-Training-Losses/approx_kl,4.242462455295026e-05,Pong1PQFM_XObs_entangled_trainable_rzz_QLayers_5___seed_1_1761468207
614400,1-Training-Losses/approx_kl,2.400428638793528e-05,Pong1PQFM_XObs_entangled_trainable_rzz_QLayers_5___seed_1_1761468207
618496,1-Training-Losses/approx_kl,4.509293648879975e-05,Pong1PQFM_XObs_entangled_trainable_rzz_QLayers_5___seed_1_1761468207
622592,1-Training-Losses/approx_kl,0.00013617468357551843,Pong1PQFM_XObs_entangled_trainable_rzz_QLayers_5___seed_1_1761468207
626688,1-Training-Losses/approx_kl,0.00016970824799500406,Pong1PQFM_XObs_entangled_trainable_rzz_QLayers_5___seed_1_1761468207
630784,1-Training-Losses/approx_kl,5.661546310875565e-05,Pong1PQFM_XObs_entangled_trainable_rzz_QLayers_5___seed_1_1761468207
634880,1-Training-Losses/approx_kl,3.7109319237060845e-05,Pong1PQFM_XObs_entangled_trainable_rzz_QLayers_5___seed_1_1761468207
638976,1-Training-Losses/approx_kl,1.8952428945340216e-05,Pong1PQFM_XObs_entangled_trainable_rzz_QLayers_5___seed_1_1761468207
643072,1-Training-Losses/approx_kl,1.2980744941160083e-05,Pong1PQFM_XObs_entangled_trainable_rzz_QLayers_5___seed_1_1761468207
647168,1-Training-Losses/approx_kl,8.028987213037908e-05,Pong1PQFM_XObs_entangled_trainable_rzz_QLayers_5___seed_1_1761468207
651264,1-Training-Losses/approx_kl,7.959856884554029e-05,Pong1PQFM_XObs_entangled_trainable_rzz_QLayers_5___seed_1_1761468207
655360,1-Training-Losses/approx_kl,6.266056152526289e-05,Pong1PQFM_XObs_entangled_trainable_rzz_QLayers_5___seed_1_1761468207
659456,1-Training-Losses/approx_kl,0.00010643106361385435,Pong1PQFM_XObs_entangled_trainable_rzz_QLayers_5___seed_1_1761468207
663552,1-Training-Losses/approx_kl,0.0001396401785314083,Pong1PQFM_XObs_entangled_trainable_rzz_QLayers_5___seed_1_1761468207
667648,1-Training-Losses/approx_kl,6.758760719094425e-05,Pong1PQFM_XObs_entangled_trainable_rzz_QLayers_5___seed_1_1761468207
671744,1-Training-Losses/approx_kl,5.0434289732947946e-05,Pong1PQFM_XObs_entangled_trainable_rzz_QLayers_5___seed_1_1761468207
675840,1-Training-Losses/approx_kl,7.620352698722854e-05,Pong1PQFM_XObs_entangled_trainable_rzz_QLayers_5___seed_1_1761468207
679936,1-Training-Losses/approx_kl,2.8105685487389565e-05,Pong1PQFM_XObs_entangled_trainable_rzz_QLayers_5___seed_1_1761468207
684032,1-Training-Losses/approx_kl,6.049098738003522e-05,Pong1PQFM_XObs_entangled_trainable_rzz_QLayers_5___seed_1_1761468207
688128,1-Training-Losses/approx_kl,5.5131647968664765e-05,Pong1PQFM_XObs_entangled_trainable_rzz_QLayers_5___seed_1_1761468207
692224,1-Training-Losses/approx_kl,3.2243115128949285e-05,Pong1PQFM_XObs_entangled_trainable_rzz_QLayers_5___seed_1_1761468207
696320,1-Training-Losses/approx_kl,2.604466862976551e-05,Pong1PQFM_XObs_entangled_trainable_rzz_QLayers_5___seed_1_1761468207
700416,1-Training-Losses/approx_kl,9.213850717060268e-06,Pong1PQFM_XObs_entangled_trainable_rzz_QLayers_5___seed_1_1761468207
704512,1-Training-Losses/approx_kl,3.6412442568689585e-05,Pong1PQFM_XObs_entangled_trainable_rzz_QLayers_5___seed_1_1761468207
708608,1-Training-Losses/approx_kl,3.774312790483236e-05,Pong1PQFM_XObs_entangled_trainable_rzz_QLayers_5___seed_1_1761468207
712704,1-Training-Losses/approx_kl,4.4227883336134255e-05,Pong1PQFM_XObs_entangled_trainable_rzz_QLayers_5___seed_1_1761468207
716800,1-Training-Losses/approx_kl,1.0835457942448556e-05,Pong1PQFM_XObs_entangled_trainable_rzz_QLayers_5___seed_1_1761468207
720896,1-Training-Losses/approx_kl,2.8172857128083706e-05,Pong1PQFM_XObs_entangled_trainable_rzz_QLayers_5___seed_1_1761468207
724992,1-Training-Losses/approx_kl,9.156999294646084e-05,Pong1PQFM_XObs_entangled_trainable_rzz_QLayers_5___seed_1_1761468207
729088,1-Training-Losses/approx_kl,4.004651418654248e-05,Pong1PQFM_XObs_entangled_trainable_rzz_QLayers_5___seed_1_1761468207
733184,1-Training-Losses/approx_kl,0.00020621056319214404,Pong1PQFM_XObs_entangled_trainable_rzz_QLayers_5___seed_1_1761468207
737280,1-Training-Losses/approx_kl,0.0003563574864529073,Pong1PQFM_XObs_entangled_trainable_rzz_QLayers_5___seed_1_1761468207
741376,1-Training-Losses/approx_kl,0.0002131777728209272,Pong1PQFM_XObs_entangled_trainable_rzz_QLayers_5___seed_1_1761468207
745472,1-Training-Losses/approx_kl,6.101610779296607e-05,Pong1PQFM_XObs_entangled_trainable_rzz_QLayers_5___seed_1_1761468207
749568,1-Training-Losses/approx_kl,3.861289587803185e-05,Pong1PQFM_XObs_entangled_trainable_rzz_QLayers_5___seed_1_1761468207
753664,1-Training-Losses/approx_kl,6.669247522950172e-05,Pong1PQFM_XObs_entangled_trainable_rzz_QLayers_5___seed_1_1761468207
757760,1-Training-Losses/approx_kl,0.0001333806721959263,Pong1PQFM_XObs_entangled_trainable_rzz_QLayers_5___seed_1_1761468207
761856,1-Training-Losses/approx_kl,0.00019898300524801016,Pong1PQFM_XObs_entangled_trainable_rzz_QLayers_5___seed_1_1761468207
765952,1-Training-Losses/approx_kl,0.00017283414490520954,Pong1PQFM_XObs_entangled_trainable_rzz_QLayers_5___seed_1_1761468207
770048,1-Training-Losses/approx_kl,2.5995177566073835e-05,Pong1PQFM_XObs_entangled_trainable_rzz_QLayers_5___seed_1_1761468207
774144,1-Training-Losses/approx_kl,7.269129855558276e-05,Pong1PQFM_XObs_entangled_trainable_rzz_QLayers_5___seed_1_1761468207
778240,1-Training-Losses/approx_kl,2.311040589120239e-05,Pong1PQFM_XObs_entangled_trainable_rzz_QLayers_5___seed_1_1761468207
782336,1-Training-Losses/approx_kl,2.8016569558531046e-05,Pong1PQFM_XObs_entangled_trainable_rzz_QLayers_5___seed_1_1761468207
786432,1-Training-Losses/approx_kl,2.671677793841809e-05,Pong1PQFM_XObs_entangled_trainable_rzz_QLayers_5___seed_1_1761468207
790528,1-Training-Losses/approx_kl,5.7309080148115754e-05,Pong1PQFM_XObs_entangled_trainable_rzz_QLayers_5___seed_1_1761468207
794624,1-Training-Losses/approx_kl,0.00019854049605783075,Pong1PQFM_XObs_entangled_trainable_rzz_QLayers_5___seed_1_1761468207
798720,1-Training-Losses/approx_kl,0.00010410916002001613,Pong1PQFM_XObs_entangled_trainable_rzz_QLayers_5___seed_1_1761468207
802816,1-Training-Losses/approx_kl,6.342188862618059e-05,Pong1PQFM_XObs_entangled_trainable_rzz_QLayers_5___seed_1_1761468207
806912,1-Training-Losses/approx_kl,4.0382365114055574e-05,Pong1PQFM_XObs_entangled_trainable_rzz_QLayers_5___seed_1_1761468207
811008,1-Training-Losses/approx_kl,2.8517184546217322e-05,Pong1PQFM_XObs_entangled_trainable_rzz_QLayers_5___seed_1_1761468207
815104,1-Training-Losses/approx_kl,0.000204177456907928,Pong1PQFM_XObs_entangled_trainable_rzz_QLayers_5___seed_1_1761468207
819200,1-Training-Losses/approx_kl,0.0005817823112010956,Pong1PQFM_XObs_entangled_trainable_rzz_QLayers_5___seed_1_1761468207
823296,1-Training-Losses/approx_kl,0.00040175009053200483,Pong1PQFM_XObs_entangled_trainable_rzz_QLayers_5___seed_1_1761468207
827392,1-Training-Losses/approx_kl,0.00010092257434735075,Pong1PQFM_XObs_entangled_trainable_rzz_QLayers_5___seed_1_1761468207
831488,1-Training-Losses/approx_kl,3.354568616487086e-05,Pong1PQFM_XObs_entangled_trainable_rzz_QLayers_5___seed_1_1761468207
835584,1-Training-Losses/approx_kl,5.098010296933353e-05,Pong1PQFM_XObs_entangled_trainable_rzz_QLayers_5___seed_1_1761468207
839680,1-Training-Losses/approx_kl,2.042116830125451e-05,Pong1PQFM_XObs_entangled_trainable_rzz_QLayers_5___seed_1_1761468207
843776,1-Training-Losses/approx_kl,2.9601724236272275e-05,Pong1PQFM_XObs_entangled_trainable_rzz_QLayers_5___seed_1_1761468207
847872,1-Training-Losses/approx_kl,4.3191386794205755e-05,Pong1PQFM_XObs_entangled_trainable_rzz_QLayers_5___seed_1_1761468207
851968,1-Training-Losses/approx_kl,6.736471550539136e-05,Pong1PQFM_XObs_entangled_trainable_rzz_QLayers_5___seed_1_1761468207
856064,1-Training-Losses/approx_kl,8.510201587341726e-05,Pong1PQFM_XObs_entangled_trainable_rzz_QLayers_5___seed_1_1761468207
860160,1-Training-Losses/approx_kl,2.9807226383127272e-05,Pong1PQFM_XObs_entangled_trainable_rzz_QLayers_5___seed_1_1761468207
864256,1-Training-Losses/approx_kl,3.913309774361551e-05,Pong1PQFM_XObs_entangled_trainable_rzz_QLayers_5___seed_1_1761468207
868352,1-Training-Losses/approx_kl,8.941837586462498e-05,Pong1PQFM_XObs_entangled_trainable_rzz_QLayers_5___seed_1_1761468207
872448,1-Training-Losses/approx_kl,8.974969387054443e-05,Pong1PQFM_XObs_entangled_trainable_rzz_QLayers_5___seed_1_1761468207
876544,1-Training-Losses/approx_kl,3.025450132554397e-05,Pong1PQFM_XObs_entangled_trainable_rzz_QLayers_5___seed_1_1761468207
880640,1-Training-Losses/approx_kl,2.2414846171159297e-05,Pong1PQFM_XObs_entangled_trainable_rzz_QLayers_5___seed_1_1761468207
884736,1-Training-Losses/approx_kl,2.8696769732050598e-05,Pong1PQFM_XObs_entangled_trainable_rzz_QLayers_5___seed_1_1761468207
888832,1-Training-Losses/approx_kl,2.2011969122104347e-05,Pong1PQFM_XObs_entangled_trainable_rzz_QLayers_5___seed_1_1761468207
892928,1-Training-Losses/approx_kl,2.5981142243836075e-05,Pong1PQFM_XObs_entangled_trainable_rzz_QLayers_5___seed_1_1761468207
897024,1-Training-Losses/approx_kl,1.2627016985788941e-05,Pong1PQFM_XObs_entangled_trainable_rzz_QLayers_5___seed_1_1761468207
901120,1-Training-Losses/approx_kl,8.079761755652726e-06,Pong1PQFM_XObs_entangled_trainable_rzz_QLayers_5___seed_1_1761468207
905216,1-Training-Losses/approx_kl,2.3541084374301136e-05,Pong1PQFM_XObs_entangled_trainable_rzz_QLayers_5___seed_1_1761468207
909312,1-Training-Losses/approx_kl,2.4118809960782528e-05,Pong1PQFM_XObs_entangled_trainable_rzz_QLayers_5___seed_1_1761468207
913408,1-Training-Losses/approx_kl,3.73535294784233e-05,Pong1PQFM_XObs_entangled_trainable_rzz_QLayers_5___seed_1_1761468207
917504,1-Training-Losses/approx_kl,3.179723717039451e-05,Pong1PQFM_XObs_entangled_trainable_rzz_QLayers_5___seed_1_1761468207
921600,1-Training-Losses/approx_kl,7.436594751197845e-05,Pong1PQFM_XObs_entangled_trainable_rzz_QLayers_5___seed_1_1761468207
925696,1-Training-Losses/approx_kl,0.00017367166583426297,Pong1PQFM_XObs_entangled_trainable_rzz_QLayers_5___seed_1_1761468207
929792,1-Training-Losses/approx_kl,4.11499640904367e-05,Pong1PQFM_XObs_entangled_trainable_rzz_QLayers_5___seed_1_1761468207
933888,1-Training-Losses/approx_kl,3.4889570088125765e-05,Pong1PQFM_XObs_entangled_trainable_rzz_QLayers_5___seed_1_1761468207
937984,1-Training-Losses/approx_kl,5.649453669320792e-05,Pong1PQFM_XObs_entangled_trainable_rzz_QLayers_5___seed_1_1761468207
942080,1-Training-Losses/approx_kl,8.743687067180872e-05,Pong1PQFM_XObs_entangled_trainable_rzz_QLayers_5___seed_1_1761468207
946176,1-Training-Losses/approx_kl,5.132351361680776e-05,Pong1PQFM_XObs_entangled_trainable_rzz_QLayers_5___seed_1_1761468207
950272,1-Training-Losses/approx_kl,4.984102270100266e-05,Pong1PQFM_XObs_entangled_trainable_rzz_QLayers_5___seed_1_1761468207
954368,1-Training-Losses/approx_kl,0.00021631838171742857,Pong1PQFM_XObs_entangled_trainable_rzz_QLayers_5___seed_1_1761468207
958464,1-Training-Losses/approx_kl,0.00022651645122095942,Pong1PQFM_XObs_entangled_trainable_rzz_QLayers_5___seed_1_1761468207
962560,1-Training-Losses/approx_kl,9.353848145110533e-05,Pong1PQFM_XObs_entangled_trainable_rzz_QLayers_5___seed_1_1761468207
966656,1-Training-Losses/approx_kl,4.0129671106114984e-05,Pong1PQFM_XObs_entangled_trainable_rzz_QLayers_5___seed_1_1761468207
970752,1-Training-Losses/approx_kl,0.00015801910194568336,Pong1PQFM_XObs_entangled_trainable_rzz_QLayers_5___seed_1_1761468207
974848,1-Training-Losses/approx_kl,0.00040059315506368876,Pong1PQFM_XObs_entangled_trainable_rzz_QLayers_5___seed_1_1761468207
978944,1-Training-Losses/approx_kl,0.00025585939874872565,Pong1PQFM_XObs_entangled_trainable_rzz_QLayers_5___seed_1_1761468207
983040,1-Training-Losses/approx_kl,0.00013203233538661152,Pong1PQFM_XObs_entangled_trainable_rzz_QLayers_5___seed_1_1761468207
987136,1-Training-Losses/approx_kl,0.00012012289516860619,Pong1PQFM_XObs_entangled_trainable_rzz_QLayers_5___seed_1_1761468207
991232,1-Training-Losses/approx_kl,5.0326751079410315e-05,Pong1PQFM_XObs_entangled_trainable_rzz_QLayers_5___seed_1_1761468207
995328,1-Training-Losses/approx_kl,0.00012177326425444335,Pong1PQFM_XObs_entangled_trainable_rzz_QLayers_5___seed_1_1761468207
999424,1-Training-Losses/approx_kl,0.0001954220060724765,Pong1PQFM_XObs_entangled_trainable_rzz_QLayers_5___seed_1_1761468207
1003520,1-Training-Losses/approx_kl,9.391560161020607e-05,Pong1PQFM_XObs_entangled_trainable_rzz_QLayers_5___seed_1_1761468207
1007616,1-Training-Losses/approx_kl,1.5215555322356522e-05,Pong1PQFM_XObs_entangled_trainable_rzz_QLayers_5___seed_1_1761468207
1011712,1-Training-Losses/approx_kl,3.506007487885654e-05,Pong1PQFM_XObs_entangled_trainable_rzz_QLayers_5___seed_1_1761468207
1015808,1-Training-Losses/approx_kl,3.5655684769153595e-05,Pong1PQFM_XObs_entangled_trainable_rzz_QLayers_5___seed_1_1761468207
1019904,1-Training-Losses/approx_kl,6.015457620378584e-05,Pong1PQFM_XObs_entangled_trainable_rzz_QLayers_5___seed_1_1761468207
1024000,1-Training-Losses/approx_kl,5.081661220174283e-05,Pong1PQFM_XObs_entangled_trainable_rzz_QLayers_5___seed_1_1761468207
1028096,1-Training-Losses/approx_kl,1.8325677956454456e-05,Pong1PQFM_XObs_entangled_trainable_rzz_QLayers_5___seed_1_1761468207
1032192,1-Training-Losses/approx_kl,3.185242530889809e-05,Pong1PQFM_XObs_entangled_trainable_rzz_QLayers_5___seed_1_1761468207
1036288,1-Training-Losses/approx_kl,3.314936475362629e-05,Pong1PQFM_XObs_entangled_trainable_rzz_QLayers_5___seed_1_1761468207
1040384,1-Training-Losses/approx_kl,5.8234596508555114e-05,Pong1PQFM_XObs_entangled_trainable_rzz_QLayers_5___seed_1_1761468207
1044480,1-Training-Losses/approx_kl,1.8509788787923753e-05,Pong1PQFM_XObs_entangled_trainable_rzz_QLayers_5___seed_1_1761468207
1048576,1-Training-Losses/approx_kl,6.46920088911429e-05,Pong1PQFM_XObs_entangled_trainable_rzz_QLayers_5___seed_1_1761468207
1052672,1-Training-Losses/approx_kl,2.68236908596009e-05,Pong1PQFM_XObs_entangled_trainable_rzz_QLayers_5___seed_1_1761468207
1056768,1-Training-Losses/approx_kl,3.323622513562441e-05,Pong1PQFM_XObs_entangled_trainable_rzz_QLayers_5___seed_1_1761468207
1060864,1-Training-Losses/approx_kl,2.394005423411727e-05,Pong1PQFM_XObs_entangled_trainable_rzz_QLayers_5___seed_1_1761468207
1064960,1-Training-Losses/approx_kl,6.88776490278542e-05,Pong1PQFM_XObs_entangled_trainable_rzz_QLayers_5___seed_1_1761468207
1069056,1-Training-Losses/approx_kl,8.967651228886098e-05,Pong1PQFM_XObs_entangled_trainable_rzz_QLayers_5___seed_1_1761468207
1073152,1-Training-Losses/approx_kl,3.0199378670658916e-05,Pong1PQFM_XObs_entangled_trainable_rzz_QLayers_5___seed_1_1761468207
1077248,1-Training-Losses/approx_kl,5.504681030288339e-05,Pong1PQFM_XObs_entangled_trainable_rzz_QLayers_5___seed_1_1761468207
1081344,1-Training-Losses/approx_kl,6.370534538291395e-05,Pong1PQFM_XObs_entangled_trainable_rzz_QLayers_5___seed_1_1761468207
1085440,1-Training-Losses/approx_kl,6.834023224655539e-05,Pong1PQFM_XObs_entangled_trainable_rzz_QLayers_5___seed_1_1761468207
1089536,1-Training-Losses/approx_kl,5.425508425105363e-05,Pong1PQFM_XObs_entangled_trainable_rzz_QLayers_5___seed_1_1761468207
1093632,1-Training-Losses/approx_kl,4.770525265485048e-05,Pong1PQFM_XObs_entangled_trainable_rzz_QLayers_5___seed_1_1761468207
1097728,1-Training-Losses/approx_kl,2.431918983347714e-05,Pong1PQFM_XObs_entangled_trainable_rzz_QLayers_5___seed_1_1761468207
1101824,1-Training-Losses/approx_kl,3.538315650075674e-05,Pong1PQFM_XObs_entangled_trainable_rzz_QLayers_5___seed_1_1761468207
1105920,1-Training-Losses/approx_kl,5.438886000774801e-05,Pong1PQFM_XObs_entangled_trainable_rzz_QLayers_5___seed_1_1761468207
1110016,1-Training-Losses/approx_kl,3.4750584745779634e-05,Pong1PQFM_XObs_entangled_trainable_rzz_QLayers_5___seed_1_1761468207
1114112,1-Training-Losses/approx_kl,2.1729829313699156e-05,Pong1PQFM_XObs_entangled_trainable_rzz_QLayers_5___seed_1_1761468207
1118208,1-Training-Losses/approx_kl,9.23709012567997e-06,Pong1PQFM_XObs_entangled_trainable_rzz_QLayers_5___seed_1_1761468207
1122304,1-Training-Losses/approx_kl,2.469971514074132e-05,Pong1PQFM_XObs_entangled_trainable_rzz_QLayers_5___seed_1_1761468207
1126400,1-Training-Losses/approx_kl,6.232320447452366e-05,Pong1PQFM_XObs_entangled_trainable_rzz_QLayers_5___seed_1_1761468207
1130496,1-Training-Losses/approx_kl,9.386484452988952e-05,Pong1PQFM_XObs_entangled_trainable_rzz_QLayers_5___seed_1_1761468207
1134592,1-Training-Losses/approx_kl,4.206928133498877e-05,Pong1PQFM_XObs_entangled_trainable_rzz_QLayers_5___seed_1_1761468207
1138688,1-Training-Losses/approx_kl,2.5705368898343295e-05,Pong1PQFM_XObs_entangled_trainable_rzz_QLayers_5___seed_1_1761468207
1142784,1-Training-Losses/approx_kl,2.8263471904210746e-05,Pong1PQFM_XObs_entangled_trainable_rzz_QLayers_5___seed_1_1761468207
1146880,1-Training-Losses/approx_kl,6.03937660343945e-05,Pong1PQFM_XObs_entangled_trainable_rzz_QLayers_5___seed_1_1761468207
1150976,1-Training-Losses/approx_kl,6.372280768118799e-05,Pong1PQFM_XObs_entangled_trainable_rzz_QLayers_5___seed_1_1761468207
1155072,1-Training-Losses/approx_kl,6.193494482431561e-05,Pong1PQFM_XObs_entangled_trainable_rzz_QLayers_5___seed_1_1761468207
1159168,1-Training-Losses/approx_kl,0.0001327896461589262,Pong1PQFM_XObs_entangled_trainable_rzz_QLayers_5___seed_1_1761468207
1163264,1-Training-Losses/approx_kl,0.00014981982531026006,Pong1PQFM_XObs_entangled_trainable_rzz_QLayers_5___seed_1_1761468207
1167360,1-Training-Losses/approx_kl,0.0001490014255978167,Pong1PQFM_XObs_entangled_trainable_rzz_QLayers_5___seed_1_1761468207
1171456,1-Training-Losses/approx_kl,0.00020079755631741136,Pong1PQFM_XObs_entangled_trainable_rzz_QLayers_5___seed_1_1761468207
1175552,1-Training-Losses/approx_kl,0.0001223163999384269,Pong1PQFM_XObs_entangled_trainable_rzz_QLayers_5___seed_1_1761468207
1179648,1-Training-Losses/approx_kl,0.00014169201313052326,Pong1PQFM_XObs_entangled_trainable_rzz_QLayers_5___seed_1_1761468207
1183744,1-Training-Losses/approx_kl,0.00013364525511860847,Pong1PQFM_XObs_entangled_trainable_rzz_QLayers_5___seed_1_1761468207
1187840,1-Training-Losses/approx_kl,0.00013083915109746158,Pong1PQFM_XObs_entangled_trainable_rzz_QLayers_5___seed_1_1761468207
1191936,1-Training-Losses/approx_kl,0.00016299868002533913,Pong1PQFM_XObs_entangled_trainable_rzz_QLayers_5___seed_1_1761468207
1196032,1-Training-Losses/approx_kl,0.00011965115845669061,Pong1PQFM_XObs_entangled_trainable_rzz_QLayers_5___seed_1_1761468207
1200128,1-Training-Losses/approx_kl,0.00010944427049253136,Pong1PQFM_XObs_entangled_trainable_rzz_QLayers_5___seed_1_1761468207
1204224,1-Training-Losses/approx_kl,6.704479892505333e-05,Pong1PQFM_XObs_entangled_trainable_rzz_QLayers_5___seed_1_1761468207
1208320,1-Training-Losses/approx_kl,4.125910345464945e-05,Pong1PQFM_XObs_entangled_trainable_rzz_QLayers_5___seed_1_1761468207
1212416,1-Training-Losses/approx_kl,4.016453749500215e-05,Pong1PQFM_XObs_entangled_trainable_rzz_QLayers_5___seed_1_1761468207
1216512,1-Training-Losses/approx_kl,0.00013812680845148861,Pong1PQFM_XObs_entangled_trainable_rzz_QLayers_5___seed_1_1761468207
1220608,1-Training-Losses/approx_kl,0.00022606379934586585,Pong1PQFM_XObs_entangled_trainable_rzz_QLayers_5___seed_1_1761468207
1224704,1-Training-Losses/approx_kl,0.0002447149599902332,Pong1PQFM_XObs_entangled_trainable_rzz_QLayers_5___seed_1_1761468207
1228800,1-Training-Losses/approx_kl,0.0001450847485102713,Pong1PQFM_XObs_entangled_trainable_rzz_QLayers_5___seed_1_1761468207
1232896,1-Training-Losses/approx_kl,0.00031741277780383825,Pong1PQFM_XObs_entangled_trainable_rzz_QLayers_5___seed_1_1761468207
1236992,1-Training-Losses/approx_kl,0.00038827245589345694,Pong1PQFM_XObs_entangled_trainable_rzz_QLayers_5___seed_1_1761468207
1241088,1-Training-Losses/approx_kl,0.00019546783005353063,Pong1PQFM_XObs_entangled_trainable_rzz_QLayers_5___seed_1_1761468207
1245184,1-Training-Losses/approx_kl,0.00010330001532565802,Pong1PQFM_XObs_entangled_trainable_rzz_QLayers_5___seed_1_1761468207
1249280,1-Training-Losses/approx_kl,9.587046224623919e-05,Pong1PQFM_XObs_entangled_trainable_rzz_QLayers_5___seed_1_1761468207
1253376,1-Training-Losses/approx_kl,0.00018517329590395093,Pong1PQFM_XObs_entangled_trainable_rzz_QLayers_5___seed_1_1761468207
1257472,1-Training-Losses/approx_kl,0.00018938601715490222,Pong1PQFM_XObs_entangled_trainable_rzz_QLayers_5___seed_1_1761468207
1261568,1-Training-Losses/approx_kl,3.7993217119947076e-05,Pong1PQFM_XObs_entangled_trainable_rzz_QLayers_5___seed_1_1761468207
1265664,1-Training-Losses/approx_kl,3.1325267627835274e-05,Pong1PQFM_XObs_entangled_trainable_rzz_QLayers_5___seed_1_1761468207
1269760,1-Training-Losses/approx_kl,2.7593589038588107e-05,Pong1PQFM_XObs_entangled_trainable_rzz_QLayers_5___seed_1_1761468207
1273856,1-Training-Losses/approx_kl,7.188809104263783e-05,Pong1PQFM_XObs_entangled_trainable_rzz_QLayers_5___seed_1_1761468207
1277952,1-Training-Losses/approx_kl,0.0002039368700934574,Pong1PQFM_XObs_entangled_trainable_rzz_QLayers_5___seed_1_1761468207
1282048,1-Training-Losses/approx_kl,0.00013391546963248402,Pong1PQFM_XObs_entangled_trainable_rzz_QLayers_5___seed_1_1761468207
1286144,1-Training-Losses/approx_kl,7.153883052524179e-05,Pong1PQFM_XObs_entangled_trainable_rzz_QLayers_5___seed_1_1761468207
1290240,1-Training-Losses/approx_kl,6.810120248701423e-05,Pong1PQFM_XObs_entangled_trainable_rzz_QLayers_5___seed_1_1761468207
1294336,1-Training-Losses/approx_kl,5.9908590628765523e-05,Pong1PQFM_XObs_entangled_trainable_rzz_QLayers_5___seed_1_1761468207
1298432,1-Training-Losses/approx_kl,5.3426396334543824e-05,Pong1PQFM_XObs_entangled_trainable_rzz_QLayers_5___seed_1_1761468207
1302528,1-Training-Losses/approx_kl,7.407282828353345e-05,Pong1PQFM_XObs_entangled_trainable_rzz_QLayers_5___seed_1_1761468207
1306624,1-Training-Losses/approx_kl,9.314135240856558e-05,Pong1PQFM_XObs_entangled_trainable_rzz_QLayers_5___seed_1_1761468207
1310720,1-Training-Losses/approx_kl,7.639893738087267e-05,Pong1PQFM_XObs_entangled_trainable_rzz_QLayers_5___seed_1_1761468207
1314816,1-Training-Losses/approx_kl,0.0001203353313030675,Pong1PQFM_XObs_entangled_trainable_rzz_QLayers_5___seed_1_1761468207
1318912,1-Training-Losses/approx_kl,9.403801232110709e-05,Pong1PQFM_XObs_entangled_trainable_rzz_QLayers_5___seed_1_1761468207
1323008,1-Training-Losses/approx_kl,8.736694871913642e-05,Pong1PQFM_XObs_entangled_trainable_rzz_QLayers_5___seed_1_1761468207
1327104,1-Training-Losses/approx_kl,5.08076191181317e-05,Pong1PQFM_XObs_entangled_trainable_rzz_QLayers_5___seed_1_1761468207
1331200,1-Training-Losses/approx_kl,4.165399877820164e-05,Pong1PQFM_XObs_entangled_trainable_rzz_QLayers_5___seed_1_1761468207
1335296,1-Training-Losses/approx_kl,5.239913298282772e-05,Pong1PQFM_XObs_entangled_trainable_rzz_QLayers_5___seed_1_1761468207
1339392,1-Training-Losses/approx_kl,3.571304841898382e-05,Pong1PQFM_XObs_entangled_trainable_rzz_QLayers_5___seed_1_1761468207
1343488,1-Training-Losses/approx_kl,4.4335261918604374e-05,Pong1PQFM_XObs_entangled_trainable_rzz_QLayers_5___seed_1_1761468207
1347584,1-Training-Losses/approx_kl,7.088031270541251e-05,Pong1PQFM_XObs_entangled_trainable_rzz_QLayers_5___seed_1_1761468207
1351680,1-Training-Losses/approx_kl,4.7568988520652056e-05,Pong1PQFM_XObs_entangled_trainable_rzz_QLayers_5___seed_1_1761468207
1355776,1-Training-Losses/approx_kl,5.878166120965034e-05,Pong1PQFM_XObs_entangled_trainable_rzz_QLayers_5___seed_1_1761468207
1359872,1-Training-Losses/approx_kl,1.9290062482468784e-05,Pong1PQFM_XObs_entangled_trainable_rzz_QLayers_5___seed_1_1761468207
1363968,1-Training-Losses/approx_kl,2.5183704565279186e-05,Pong1PQFM_XObs_entangled_trainable_rzz_QLayers_5___seed_1_1761468207
1368064,1-Training-Losses/approx_kl,6.940112507436424e-05,Pong1PQFM_XObs_entangled_trainable_rzz_QLayers_5___seed_1_1761468207
1372160,1-Training-Losses/approx_kl,7.097456546034664e-05,Pong1PQFM_XObs_entangled_trainable_rzz_QLayers_5___seed_1_1761468207
1376256,1-Training-Losses/approx_kl,0.0002647726214490831,Pong1PQFM_XObs_entangled_trainable_rzz_QLayers_5___seed_1_1761468207
1380352,1-Training-Losses/approx_kl,0.0004332001553848386,Pong1PQFM_XObs_entangled_trainable_rzz_QLayers_5___seed_1_1761468207
1384448,1-Training-Losses/approx_kl,0.0001565450511407107,Pong1PQFM_XObs_entangled_trainable_rzz_QLayers_5___seed_1_1761468207
1388544,1-Training-Losses/approx_kl,6.550518446601927e-05,Pong1PQFM_XObs_entangled_trainable_rzz_QLayers_5___seed_1_1761468207
1392640,1-Training-Losses/approx_kl,0.00014212558744475245,Pong1PQFM_XObs_entangled_trainable_rzz_QLayers_5___seed_1_1761468207
1396736,1-Training-Losses/approx_kl,0.00014769064728170633,Pong1PQFM_XObs_entangled_trainable_rzz_QLayers_5___seed_1_1761468207
1400832,1-Training-Losses/approx_kl,8.628326759207994e-05,Pong1PQFM_XObs_entangled_trainable_rzz_QLayers_5___seed_1_1761468207
1404928,1-Training-Losses/approx_kl,7.636498776264489e-05,Pong1PQFM_XObs_entangled_trainable_rzz_QLayers_5___seed_1_1761468207
1409024,1-Training-Losses/approx_kl,8.08745389804244e-05,Pong1PQFM_XObs_entangled_trainable_rzz_QLayers_5___seed_1_1761468207
1413120,1-Training-Losses/approx_kl,6.34266616543755e-05,Pong1PQFM_XObs_entangled_trainable_rzz_QLayers_5___seed_1_1761468207
1417216,1-Training-Losses/approx_kl,6.298520020209253e-05,Pong1PQFM_XObs_entangled_trainable_rzz_QLayers_5___seed_1_1761468207
1421312,1-Training-Losses/approx_kl,5.0757735152728856e-05,Pong1PQFM_XObs_entangled_trainable_rzz_QLayers_5___seed_1_1761468207
1425408,1-Training-Losses/approx_kl,6.714067421853542e-05,Pong1PQFM_XObs_entangled_trainable_rzz_QLayers_5___seed_1_1761468207
1429504,1-Training-Losses/approx_kl,0.00017404976824764162,Pong1PQFM_XObs_entangled_trainable_rzz_QLayers_5___seed_1_1761468207
1433600,1-Training-Losses/approx_kl,0.00028155301697552204,Pong1PQFM_XObs_entangled_trainable_rzz_QLayers_5___seed_1_1761468207
1437696,1-Training-Losses/approx_kl,5.076891102362424e-05,Pong1PQFM_XObs_entangled_trainable_rzz_QLayers_5___seed_1_1761468207
1441792,1-Training-Losses/approx_kl,2.521082933526486e-05,Pong1PQFM_XObs_entangled_trainable_rzz_QLayers_5___seed_1_1761468207
1445888,1-Training-Losses/approx_kl,3.7703110137954354e-05,Pong1PQFM_XObs_entangled_trainable_rzz_QLayers_5___seed_1_1761468207
1449984,1-Training-Losses/approx_kl,1.1594180250540376e-05,Pong1PQFM_XObs_entangled_trainable_rzz_QLayers_5___seed_1_1761468207
1454080,1-Training-Losses/approx_kl,4.8034111387096345e-05,Pong1PQFM_XObs_entangled_trainable_rzz_QLayers_5___seed_1_1761468207
1458176,1-Training-Losses/approx_kl,5.916265945415944e-05,Pong1PQFM_XObs_entangled_trainable_rzz_QLayers_5___seed_1_1761468207
1462272,1-Training-Losses/approx_kl,0.0001528477732790634,Pong1PQFM_XObs_entangled_trainable_rzz_QLayers_5___seed_1_1761468207
1466368,1-Training-Losses/approx_kl,0.00010648411989677697,Pong1PQFM_XObs_entangled_trainable_rzz_QLayers_5___seed_1_1761468207
1470464,1-Training-Losses/approx_kl,0.000100805948022753,Pong1PQFM_XObs_entangled_trainable_rzz_QLayers_5___seed_1_1761468207
1474560,1-Training-Losses/approx_kl,7.777917198836803e-05,Pong1PQFM_XObs_entangled_trainable_rzz_QLayers_5___seed_1_1761468207
1478656,1-Training-Losses/approx_kl,7.64509168220684e-05,Pong1PQFM_XObs_entangled_trainable_rzz_QLayers_5___seed_1_1761468207
1482752,1-Training-Losses/approx_kl,0.00011500292748678476,Pong1PQFM_XObs_entangled_trainable_rzz_QLayers_5___seed_1_1761468207
1486848,1-Training-Losses/approx_kl,5.628183134831488e-05,Pong1PQFM_XObs_entangled_trainable_rzz_QLayers_5___seed_1_1761468207
1490944,1-Training-Losses/approx_kl,4.9043577746488154e-05,Pong1PQFM_XObs_entangled_trainable_rzz_QLayers_5___seed_1_1761468207
1495040,1-Training-Losses/approx_kl,9.823957952903584e-05,Pong1PQFM_XObs_entangled_trainable_rzz_QLayers_5___seed_1_1761468207
1499136,1-Training-Losses/approx_kl,2.6732712285593152e-05,Pong1PQFM_XObs_entangled_trainable_rzz_QLayers_5___seed_1_1761468207
1503232,1-Training-Losses/approx_kl,2.8675982321146876e-05,Pong1PQFM_XObs_entangled_trainable_rzz_QLayers_5___seed_1_1761468207
1507328,1-Training-Losses/approx_kl,2.026399306487292e-05,Pong1PQFM_XObs_entangled_trainable_rzz_QLayers_5___seed_1_1761468207
1511424,1-Training-Losses/approx_kl,3.489229129627347e-05,Pong1PQFM_XObs_entangled_trainable_rzz_QLayers_5___seed_1_1761468207
1515520,1-Training-Losses/approx_kl,8.912039629649371e-05,Pong1PQFM_XObs_entangled_trainable_rzz_QLayers_5___seed_1_1761468207
1519616,1-Training-Losses/approx_kl,0.00022553633607458323,Pong1PQFM_XObs_entangled_trainable_rzz_QLayers_5___seed_1_1761468207
1523712,1-Training-Losses/approx_kl,7.120394730009139e-05,Pong1PQFM_XObs_entangled_trainable_rzz_QLayers_5___seed_1_1761468207
1527808,1-Training-Losses/approx_kl,3.9291728171519935e-05,Pong1PQFM_XObs_entangled_trainable_rzz_QLayers_5___seed_1_1761468207
1531904,1-Training-Losses/approx_kl,6.332229531835765e-05,Pong1PQFM_XObs_entangled_trainable_rzz_QLayers_5___seed_1_1761468207
1536000,1-Training-Losses/approx_kl,8.634677215013653e-05,Pong1PQFM_XObs_entangled_trainable_rzz_QLayers_5___seed_1_1761468207
1540096,1-Training-Losses/approx_kl,4.360117600299418e-05,Pong1PQFM_XObs_entangled_trainable_rzz_QLayers_5___seed_1_1761468207
1544192,1-Training-Losses/approx_kl,5.16182481078431e-05,Pong1PQFM_XObs_entangled_trainable_rzz_QLayers_5___seed_1_1761468207
1548288,1-Training-Losses/approx_kl,5.3740310249850154e-05,Pong1PQFM_XObs_entangled_trainable_rzz_QLayers_5___seed_1_1761468207
1552384,1-Training-Losses/approx_kl,5.7377590565010905e-05,Pong1PQFM_XObs_entangled_trainable_rzz_QLayers_5___seed_1_1761468207
1556480,1-Training-Losses/approx_kl,3.135899896733463e-05,Pong1PQFM_XObs_entangled_trainable_rzz_QLayers_5___seed_1_1761468207
1560576,1-Training-Losses/approx_kl,2.0925624994561076e-05,Pong1PQFM_XObs_entangled_trainable_rzz_QLayers_5___seed_1_1761468207
1564672,1-Training-Losses/approx_kl,3.534975985530764e-05,Pong1PQFM_XObs_entangled_trainable_rzz_QLayers_5___seed_1_1761468207
1568768,1-Training-Losses/approx_kl,0.00010530123836360872,Pong1PQFM_XObs_entangled_trainable_rzz_QLayers_5___seed_1_1761468207
1572864,1-Training-Losses/approx_kl,0.0001662752329139039,Pong1PQFM_XObs_entangled_trainable_rzz_QLayers_5___seed_1_1761468207
1576960,1-Training-Losses/approx_kl,4.9701950047165155e-05,Pong1PQFM_XObs_entangled_trainable_rzz_QLayers_5___seed_1_1761468207
1581056,1-Training-Losses/approx_kl,0.00012686489208135754,Pong1PQFM_XObs_entangled_trainable_rzz_QLayers_5___seed_1_1761468207
1585152,1-Training-Losses/approx_kl,7.263183942995965e-05,Pong1PQFM_XObs_entangled_trainable_rzz_QLayers_5___seed_1_1761468207
1589248,1-Training-Losses/approx_kl,0.00025439029559493065,Pong1PQFM_XObs_entangled_trainable_rzz_QLayers_5___seed_1_1761468207
1593344,1-Training-Losses/approx_kl,0.00012921940651722252,Pong1PQFM_XObs_entangled_trainable_rzz_QLayers_5___seed_1_1761468207
1597440,1-Training-Losses/approx_kl,9.129621321335435e-05,Pong1PQFM_XObs_entangled_trainable_rzz_QLayers_5___seed_1_1761468207
1601536,1-Training-Losses/approx_kl,0.00011108620674349368,Pong1PQFM_XObs_entangled_trainable_rzz_QLayers_5___seed_1_1761468207
1605632,1-Training-Losses/approx_kl,0.00016386467905249447,Pong1PQFM_XObs_entangled_trainable_rzz_QLayers_5___seed_1_1761468207
1609728,1-Training-Losses/approx_kl,9.686364501249045e-05,Pong1PQFM_XObs_entangled_trainable_rzz_QLayers_5___seed_1_1761468207
1613824,1-Training-Losses/approx_kl,2.665021747816354e-05,Pong1PQFM_XObs_entangled_trainable_rzz_QLayers_5___seed_1_1761468207
1617920,1-Training-Losses/approx_kl,5.177017010282725e-05,Pong1PQFM_XObs_entangled_trainable_rzz_QLayers_5___seed_1_1761468207
1622016,1-Training-Losses/approx_kl,3.774833749048412e-05,Pong1PQFM_XObs_entangled_trainable_rzz_QLayers_5___seed_1_1761468207
1626112,1-Training-Losses/approx_kl,6.589341501239687e-05,Pong1PQFM_XObs_entangled_trainable_rzz_QLayers_5___seed_1_1761468207
1630208,1-Training-Losses/approx_kl,4.1059087379835546e-05,Pong1PQFM_XObs_entangled_trainable_rzz_QLayers_5___seed_1_1761468207
1634304,1-Training-Losses/approx_kl,2.9683069442398846e-05,Pong1PQFM_XObs_entangled_trainable_rzz_QLayers_5___seed_1_1761468207
1638400,1-Training-Losses/approx_kl,8.775052265264094e-05,Pong1PQFM_XObs_entangled_trainable_rzz_QLayers_5___seed_1_1761468207
1642496,1-Training-Losses/approx_kl,0.00020033417968079448,Pong1PQFM_XObs_entangled_trainable_rzz_QLayers_5___seed_1_1761468207
1646592,1-Training-Losses/approx_kl,0.0001961143279913813,Pong1PQFM_XObs_entangled_trainable_rzz_QLayers_5___seed_1_1761468207
1650688,1-Training-Losses/approx_kl,9.668216807767749e-05,Pong1PQFM_XObs_entangled_trainable_rzz_QLayers_5___seed_1_1761468207
1654784,1-Training-Losses/approx_kl,0.00010252847278025001,Pong1PQFM_XObs_entangled_trainable_rzz_QLayers_5___seed_1_1761468207
1658880,1-Training-Losses/approx_kl,8.619556319899857e-05,Pong1PQFM_XObs_entangled_trainable_rzz_QLayers_5___seed_1_1761468207
1662976,1-Training-Losses/approx_kl,5.08420926053077e-05,Pong1PQFM_XObs_entangled_trainable_rzz_QLayers_5___seed_1_1761468207
1667072,1-Training-Losses/approx_kl,3.5199816920794547e-05,Pong1PQFM_XObs_entangled_trainable_rzz_QLayers_5___seed_1_1761468207
1671168,1-Training-Losses/approx_kl,1.3633645721711218e-05,Pong1PQFM_XObs_entangled_trainable_rzz_QLayers_5___seed_1_1761468207
1675264,1-Training-Losses/approx_kl,8.388698915950954e-05,Pong1PQFM_XObs_entangled_trainable_rzz_QLayers_5___seed_1_1761468207
1679360,1-Training-Losses/approx_kl,0.00010150553134735674,Pong1PQFM_XObs_entangled_trainable_rzz_QLayers_5___seed_1_1761468207
1683456,1-Training-Losses/approx_kl,5.009709275327623e-05,Pong1PQFM_XObs_entangled_trainable_rzz_QLayers_5___seed_1_1761468207
1687552,1-Training-Losses/approx_kl,2.0600433344952762e-05,Pong1PQFM_XObs_entangled_trainable_rzz_QLayers_5___seed_1_1761468207
1691648,1-Training-Losses/approx_kl,2.2697189706377685e-05,Pong1PQFM_XObs_entangled_trainable_rzz_QLayers_5___seed_1_1761468207
1695744,1-Training-Losses/approx_kl,0.00013706892787013203,Pong1PQFM_XObs_entangled_trainable_rzz_QLayers_5___seed_1_1761468207
1699840,1-Training-Losses/approx_kl,0.00016972965386230499,Pong1PQFM_XObs_entangled_trainable_rzz_QLayers_5___seed_1_1761468207
1703936,1-Training-Losses/approx_kl,8.875301864463836e-05,Pong1PQFM_XObs_entangled_trainable_rzz_QLayers_5___seed_1_1761468207
1708032,1-Training-Losses/approx_kl,7.69785838201642e-05,Pong1PQFM_XObs_entangled_trainable_rzz_QLayers_5___seed_1_1761468207
1712128,1-Training-Losses/approx_kl,3.212608862668276e-05,Pong1PQFM_XObs_entangled_trainable_rzz_QLayers_5___seed_1_1761468207
1716224,1-Training-Losses/approx_kl,3.294867929071188e-05,Pong1PQFM_XObs_entangled_trainable_rzz_QLayers_5___seed_1_1761468207
1720320,1-Training-Losses/approx_kl,7.93106883065775e-05,Pong1PQFM_XObs_entangled_trainable_rzz_QLayers_5___seed_1_1761468207
1724416,1-Training-Losses/approx_kl,7.374840788543224e-05,Pong1PQFM_XObs_entangled_trainable_rzz_QLayers_5___seed_1_1761468207
1728512,1-Training-Losses/approx_kl,6.844056770205498e-05,Pong1PQFM_XObs_entangled_trainable_rzz_QLayers_5___seed_1_1761468207
1732608,1-Training-Losses/approx_kl,0.000139755240525119,Pong1PQFM_XObs_entangled_trainable_rzz_QLayers_5___seed_1_1761468207
1736704,1-Training-Losses/approx_kl,0.00024576205760240555,Pong1PQFM_XObs_entangled_trainable_rzz_QLayers_5___seed_1_1761468207
1740800,1-Training-Losses/approx_kl,0.00015339505625888705,Pong1PQFM_XObs_entangled_trainable_rzz_QLayers_5___seed_1_1761468207
1744896,1-Training-Losses/approx_kl,8.979503763839602e-05,Pong1PQFM_XObs_entangled_trainable_rzz_QLayers_5___seed_1_1761468207
1748992,1-Training-Losses/approx_kl,3.442888555582613e-05,Pong1PQFM_XObs_entangled_trainable_rzz_QLayers_5___seed_1_1761468207
1753088,1-Training-Losses/approx_kl,0.00010381259198766202,Pong1PQFM_XObs_entangled_trainable_rzz_QLayers_5___seed_1_1761468207
1757184,1-Training-Losses/approx_kl,0.00016635502106510103,Pong1PQFM_XObs_entangled_trainable_rzz_QLayers_5___seed_1_1761468207
1761280,1-Training-Losses/approx_kl,9.619768388802186e-05,Pong1PQFM_XObs_entangled_trainable_rzz_QLayers_5___seed_1_1761468207
1765376,1-Training-Losses/approx_kl,3.4380529541522264e-05,Pong1PQFM_XObs_entangled_trainable_rzz_QLayers_5___seed_1_1761468207
1769472,1-Training-Losses/approx_kl,8.132834045682102e-05,Pong1PQFM_XObs_entangled_trainable_rzz_QLayers_5___seed_1_1761468207
1773568,1-Training-Losses/approx_kl,9.88603278528899e-05,Pong1PQFM_XObs_entangled_trainable_rzz_QLayers_5___seed_1_1761468207
1777664,1-Training-Losses/approx_kl,6.534284329973161e-05,Pong1PQFM_XObs_entangled_trainable_rzz_QLayers_5___seed_1_1761468207
1781760,1-Training-Losses/approx_kl,2.724096702877432e-05,Pong1PQFM_XObs_entangled_trainable_rzz_QLayers_5___seed_1_1761468207
1785856,1-Training-Losses/approx_kl,3.212787851225585e-05,Pong1PQFM_XObs_entangled_trainable_rzz_QLayers_5___seed_1_1761468207
1789952,1-Training-Losses/approx_kl,9.865732863545418e-06,Pong1PQFM_XObs_entangled_trainable_rzz_QLayers_5___seed_1_1761468207
1794048,1-Training-Losses/approx_kl,1.3070719433017075e-05,Pong1PQFM_XObs_entangled_trainable_rzz_QLayers_5___seed_1_1761468207
1798144,1-Training-Losses/approx_kl,0.00019076850730925798,Pong1PQFM_XObs_entangled_trainable_rzz_QLayers_5___seed_1_1761468207
1802240,1-Training-Losses/approx_kl,0.00044960889499634504,Pong1PQFM_XObs_entangled_trainable_rzz_QLayers_5___seed_1_1761468207
1806336,1-Training-Losses/approx_kl,0.0001478879275964573,Pong1PQFM_XObs_entangled_trainable_rzz_QLayers_5___seed_1_1761468207
1810432,1-Training-Losses/approx_kl,2.5216329959221184e-05,Pong1PQFM_XObs_entangled_trainable_rzz_QLayers_5___seed_1_1761468207
1814528,1-Training-Losses/approx_kl,6.025076436344534e-05,Pong1PQFM_XObs_entangled_trainable_rzz_QLayers_5___seed_1_1761468207
1818624,1-Training-Losses/approx_kl,5.4463293054141104e-05,Pong1PQFM_XObs_entangled_trainable_rzz_QLayers_5___seed_1_1761468207
1822720,1-Training-Losses/approx_kl,0.00010421150363981724,Pong1PQFM_XObs_entangled_trainable_rzz_QLayers_5___seed_1_1761468207
1826816,1-Training-Losses/approx_kl,0.00013807213690597564,Pong1PQFM_XObs_entangled_trainable_rzz_QLayers_5___seed_1_1761468207
1830912,1-Training-Losses/approx_kl,0.00013742598821409047,Pong1PQFM_XObs_entangled_trainable_rzz_QLayers_5___seed_1_1761468207
1835008,1-Training-Losses/approx_kl,0.00013136214693076909,Pong1PQFM_XObs_entangled_trainable_rzz_QLayers_5___seed_1_1761468207
1839104,1-Training-Losses/approx_kl,6.483786273747683e-05,Pong1PQFM_XObs_entangled_trainable_rzz_QLayers_5___seed_1_1761468207
1843200,1-Training-Losses/approx_kl,3.458726860117167e-05,Pong1PQFM_XObs_entangled_trainable_rzz_QLayers_5___seed_1_1761468207
1847296,1-Training-Losses/approx_kl,2.3808664991520345e-05,Pong1PQFM_XObs_entangled_trainable_rzz_QLayers_5___seed_1_1761468207
1851392,1-Training-Losses/approx_kl,2.973801747430116e-05,Pong1PQFM_XObs_entangled_trainable_rzz_QLayers_5___seed_1_1761468207
1855488,1-Training-Losses/approx_kl,6.307395233307034e-05,Pong1PQFM_XObs_entangled_trainable_rzz_QLayers_5___seed_1_1761468207
1859584,1-Training-Losses/approx_kl,9.749858872964978e-05,Pong1PQFM_XObs_entangled_trainable_rzz_QLayers_5___seed_1_1761468207
1863680,1-Training-Losses/approx_kl,0.0001424617221346125,Pong1PQFM_XObs_entangled_trainable_rzz_QLayers_5___seed_1_1761468207
1867776,1-Training-Losses/approx_kl,0.0001095108746085316,Pong1PQFM_XObs_entangled_trainable_rzz_QLayers_5___seed_1_1761468207
1871872,1-Training-Losses/approx_kl,3.462171298451722e-05,Pong1PQFM_XObs_entangled_trainable_rzz_QLayers_5___seed_1_1761468207
1875968,1-Training-Losses/approx_kl,5.114807572681457e-05,Pong1PQFM_XObs_entangled_trainable_rzz_QLayers_5___seed_1_1761468207
1880064,1-Training-Losses/approx_kl,4.189192259218544e-05,Pong1PQFM_XObs_entangled_trainable_rzz_QLayers_5___seed_1_1761468207
1884160,1-Training-Losses/approx_kl,7.876397285144776e-05,Pong1PQFM_XObs_entangled_trainable_rzz_QLayers_5___seed_1_1761468207
1888256,1-Training-Losses/approx_kl,0.0002947511966340244,Pong1PQFM_XObs_entangled_trainable_rzz_QLayers_5___seed_1_1761468207
1892352,1-Training-Losses/approx_kl,0.0003704525588545948,Pong1PQFM_XObs_entangled_trainable_rzz_QLayers_5___seed_1_1761468207
1896448,1-Training-Losses/approx_kl,0.00011228681250941008,Pong1PQFM_XObs_entangled_trainable_rzz_QLayers_5___seed_1_1761468207
1900544,1-Training-Losses/approx_kl,0.0003486184577923268,Pong1PQFM_XObs_entangled_trainable_rzz_QLayers_5___seed_1_1761468207
1904640,1-Training-Losses/approx_kl,0.0004796751600224525,Pong1PQFM_XObs_entangled_trainable_rzz_QLayers_5___seed_1_1761468207
1908736,1-Training-Losses/approx_kl,0.0004089786671102047,Pong1PQFM_XObs_entangled_trainable_rzz_QLayers_5___seed_1_1761468207
1912832,1-Training-Losses/approx_kl,0.00017326181114185601,Pong1PQFM_XObs_entangled_trainable_rzz_QLayers_5___seed_1_1761468207
1916928,1-Training-Losses/approx_kl,0.00010676692181732506,Pong1PQFM_XObs_entangled_trainable_rzz_QLayers_5___seed_1_1761468207
1921024,1-Training-Losses/approx_kl,0.00011488488235045224,Pong1PQFM_XObs_entangled_trainable_rzz_QLayers_5___seed_1_1761468207
1925120,1-Training-Losses/approx_kl,1.148133014794439e-05,Pong1PQFM_XObs_entangled_trainable_rzz_QLayers_5___seed_1_1761468207
1929216,1-Training-Losses/approx_kl,0.00011974485823884606,Pong1PQFM_XObs_entangled_trainable_rzz_QLayers_5___seed_1_1761468207
1933312,1-Training-Losses/approx_kl,8.578786219004542e-05,Pong1PQFM_XObs_entangled_trainable_rzz_QLayers_5___seed_1_1761468207
1937408,1-Training-Losses/approx_kl,1.6201796825043857e-05,Pong1PQFM_XObs_entangled_trainable_rzz_QLayers_5___seed_1_1761468207
1941504,1-Training-Losses/approx_kl,3.094632120337337e-05,Pong1PQFM_XObs_entangled_trainable_rzz_QLayers_5___seed_1_1761468207
1945600,1-Training-Losses/approx_kl,3.523152554407716e-05,Pong1PQFM_XObs_entangled_trainable_rzz_QLayers_5___seed_1_1761468207
1949696,1-Training-Losses/approx_kl,4.487215483095497e-05,Pong1PQFM_XObs_entangled_trainable_rzz_QLayers_5___seed_1_1761468207
1953792,1-Training-Losses/approx_kl,6.0500053223222494e-05,Pong1PQFM_XObs_entangled_trainable_rzz_QLayers_5___seed_1_1761468207
1957888,1-Training-Losses/approx_kl,2.7818954549729824e-05,Pong1PQFM_XObs_entangled_trainable_rzz_QLayers_5___seed_1_1761468207
1961984,1-Training-Losses/approx_kl,3.822636790573597e-05,Pong1PQFM_XObs_entangled_trainable_rzz_QLayers_5___seed_1_1761468207
1966080,1-Training-Losses/approx_kl,0.00021235420717857778,Pong1PQFM_XObs_entangled_trainable_rzz_QLayers_5___seed_1_1761468207
1970176,1-Training-Losses/approx_kl,0.00012847111793234944,Pong1PQFM_XObs_entangled_trainable_rzz_QLayers_5___seed_1_1761468207
1974272,1-Training-Losses/approx_kl,3.4064476494677365e-05,Pong1PQFM_XObs_entangled_trainable_rzz_QLayers_5___seed_1_1761468207
1978368,1-Training-Losses/approx_kl,3.571866545826197e-05,Pong1PQFM_XObs_entangled_trainable_rzz_QLayers_5___seed_1_1761468207
1982464,1-Training-Losses/approx_kl,5.779232014901936e-05,Pong1PQFM_XObs_entangled_trainable_rzz_QLayers_5___seed_1_1761468207
1986560,1-Training-Losses/approx_kl,7.60821858420968e-05,Pong1PQFM_XObs_entangled_trainable_rzz_QLayers_5___seed_1_1761468207
1990656,1-Training-Losses/approx_kl,5.6440578191541135e-05,Pong1PQFM_XObs_entangled_trainable_rzz_QLayers_5___seed_1_1761468207
1994752,1-Training-Losses/approx_kl,3.0736468033865094e-05,Pong1PQFM_XObs_entangled_trainable_rzz_QLayers_5___seed_1_1761468207
1998848,1-Training-Losses/approx_kl,7.035184535197914e-05,Pong1PQFM_XObs_entangled_trainable_rzz_QLayers_5___seed_1_1761468207
2002944,1-Training-Losses/approx_kl,0.00011612297384999692,Pong1PQFM_XObs_entangled_trainable_rzz_QLayers_5___seed_1_1761468207
2007040,1-Training-Losses/approx_kl,7.290342182386667e-05,Pong1PQFM_XObs_entangled_trainable_rzz_QLayers_5___seed_1_1761468207
2011136,1-Training-Losses/approx_kl,1.543352846056223e-05,Pong1PQFM_XObs_entangled_trainable_rzz_QLayers_5___seed_1_1761468207
2015232,1-Training-Losses/approx_kl,2.287070674356073e-05,Pong1PQFM_XObs_entangled_trainable_rzz_QLayers_5___seed_1_1761468207
2019328,1-Training-Losses/approx_kl,1.9946557586081326e-05,Pong1PQFM_XObs_entangled_trainable_rzz_QLayers_5___seed_1_1761468207
2023424,1-Training-Losses/approx_kl,1.893554872367531e-05,Pong1PQFM_XObs_entangled_trainable_rzz_QLayers_5___seed_1_1761468207
2027520,1-Training-Losses/approx_kl,5.898629024159163e-05,Pong1PQFM_XObs_entangled_trainable_rzz_QLayers_5___seed_1_1761468207
2031616,1-Training-Losses/approx_kl,6.338758976198733e-05,Pong1PQFM_XObs_entangled_trainable_rzz_QLayers_5___seed_1_1761468207
2035712,1-Training-Losses/approx_kl,0.00011523142165970057,Pong1PQFM_XObs_entangled_trainable_rzz_QLayers_5___seed_1_1761468207
2039808,1-Training-Losses/approx_kl,0.00010458676842972636,Pong1PQFM_XObs_entangled_trainable_rzz_QLayers_5___seed_1_1761468207
2043904,1-Training-Losses/approx_kl,1.3151744497008622e-05,Pong1PQFM_XObs_entangled_trainable_rzz_QLayers_5___seed_1_1761468207
2048000,1-Training-Losses/approx_kl,1.968099968507886e-05,Pong1PQFM_XObs_entangled_trainable_rzz_QLayers_5___seed_1_1761468207
2052096,1-Training-Losses/approx_kl,3.2875846954993904e-05,Pong1PQFM_XObs_entangled_trainable_rzz_QLayers_5___seed_1_1761468207
2056192,1-Training-Losses/approx_kl,7.778040890116245e-05,Pong1PQFM_XObs_entangled_trainable_rzz_QLayers_5___seed_1_1761468207
2060288,1-Training-Losses/approx_kl,9.868055349215865e-05,Pong1PQFM_XObs_entangled_trainable_rzz_QLayers_5___seed_1_1761468207
2064384,1-Training-Losses/approx_kl,6.444216705858707e-05,Pong1PQFM_XObs_entangled_trainable_rzz_QLayers_5___seed_1_1761468207
2068480,1-Training-Losses/approx_kl,3.4795652027241886e-05,Pong1PQFM_XObs_entangled_trainable_rzz_QLayers_5___seed_1_1761468207
2072576,1-Training-Losses/approx_kl,4.461947537492961e-05,Pong1PQFM_XObs_entangled_trainable_rzz_QLayers_5___seed_1_1761468207
2076672,1-Training-Losses/approx_kl,0.00016062908980529755,Pong1PQFM_XObs_entangled_trainable_rzz_QLayers_5___seed_1_1761468207
2080768,1-Training-Losses/approx_kl,8.494185749441385e-05,Pong1PQFM_XObs_entangled_trainable_rzz_QLayers_5___seed_1_1761468207
2084864,1-Training-Losses/approx_kl,4.054298915434629e-05,Pong1PQFM_XObs_entangled_trainable_rzz_QLayers_5___seed_1_1761468207
2088960,1-Training-Losses/approx_kl,2.3199478164315224e-05,Pong1PQFM_XObs_entangled_trainable_rzz_QLayers_5___seed_1_1761468207
2093056,1-Training-Losses/approx_kl,2.393229806330055e-05,Pong1PQFM_XObs_entangled_trainable_rzz_QLayers_5___seed_1_1761468207
2097152,1-Training-Losses/approx_kl,0.00011974677909165621,Pong1PQFM_XObs_entangled_trainable_rzz_QLayers_5___seed_1_1761468207
2101248,1-Training-Losses/approx_kl,0.00028579571517184377,Pong1PQFM_XObs_entangled_trainable_rzz_QLayers_5___seed_1_1761468207
2105344,1-Training-Losses/approx_kl,0.00016292968939524144,Pong1PQFM_XObs_entangled_trainable_rzz_QLayers_5___seed_1_1761468207
2109440,1-Training-Losses/approx_kl,7.91388883953914e-05,Pong1PQFM_XObs_entangled_trainable_rzz_QLayers_5___seed_1_1761468207
2113536,1-Training-Losses/approx_kl,4.411127883940935e-05,Pong1PQFM_XObs_entangled_trainable_rzz_QLayers_5___seed_1_1761468207
2117632,1-Training-Losses/approx_kl,8.391121809836477e-05,Pong1PQFM_XObs_entangled_trainable_rzz_QLayers_5___seed_1_1761468207
2121728,1-Training-Losses/approx_kl,5.5661555961705744e-05,Pong1PQFM_XObs_entangled_trainable_rzz_QLayers_5___seed_1_1761468207
2125824,1-Training-Losses/approx_kl,0.00011773512233048677,Pong1PQFM_XObs_entangled_trainable_rzz_QLayers_5___seed_1_1761468207
2129920,1-Training-Losses/approx_kl,0.00016283972945529968,Pong1PQFM_XObs_entangled_trainable_rzz_QLayers_5___seed_1_1761468207
2134016,1-Training-Losses/approx_kl,8.235978020820767e-05,Pong1PQFM_XObs_entangled_trainable_rzz_QLayers_5___seed_1_1761468207
2138112,1-Training-Losses/approx_kl,1.9462357158772647e-05,Pong1PQFM_XObs_entangled_trainable_rzz_QLayers_5___seed_1_1761468207
2142208,1-Training-Losses/approx_kl,2.7100220904685557e-05,Pong1PQFM_XObs_entangled_trainable_rzz_QLayers_5___seed_1_1761468207
2146304,1-Training-Losses/approx_kl,0.00010804494377225637,Pong1PQFM_XObs_entangled_trainable_rzz_QLayers_5___seed_1_1761468207
2150400,1-Training-Losses/approx_kl,6.203675002325326e-05,Pong1PQFM_XObs_entangled_trainable_rzz_QLayers_5___seed_1_1761468207
2154496,1-Training-Losses/approx_kl,4.090915899723768e-05,Pong1PQFM_XObs_entangled_trainable_rzz_QLayers_5___seed_1_1761468207
2158592,1-Training-Losses/approx_kl,1.5060053556226194e-05,Pong1PQFM_XObs_entangled_trainable_rzz_QLayers_5___seed_1_1761468207
2162688,1-Training-Losses/approx_kl,0.00012616116146091372,Pong1PQFM_XObs_entangled_trainable_rzz_QLayers_5___seed_1_1761468207
2166784,1-Training-Losses/approx_kl,0.00010330480290576816,Pong1PQFM_XObs_entangled_trainable_rzz_QLayers_5___seed_1_1761468207
2170880,1-Training-Losses/approx_kl,5.3518349886871874e-05,Pong1PQFM_XObs_entangled_trainable_rzz_QLayers_5___seed_1_1761468207
2174976,1-Training-Losses/approx_kl,3.3505275496281683e-05,Pong1PQFM_XObs_entangled_trainable_rzz_QLayers_5___seed_1_1761468207
2179072,1-Training-Losses/approx_kl,6.847218901384622e-05,Pong1PQFM_XObs_entangled_trainable_rzz_QLayers_5___seed_1_1761468207
2183168,1-Training-Losses/approx_kl,8.677518053445965e-05,Pong1PQFM_XObs_entangled_trainable_rzz_QLayers_5___seed_1_1761468207
2187264,1-Training-Losses/approx_kl,0.00012636666360776871,Pong1PQFM_XObs_entangled_trainable_rzz_QLayers_5___seed_1_1761468207
2191360,1-Training-Losses/approx_kl,8.778224582783878e-05,Pong1PQFM_XObs_entangled_trainable_rzz_QLayers_5___seed_1_1761468207
2195456,1-Training-Losses/approx_kl,2.194903208874166e-05,Pong1PQFM_XObs_entangled_trainable_rzz_QLayers_5___seed_1_1761468207
2199552,1-Training-Losses/approx_kl,3.296624345239252e-05,Pong1PQFM_XObs_entangled_trainable_rzz_QLayers_5___seed_1_1761468207
2203648,1-Training-Losses/approx_kl,8.062551205512136e-05,Pong1PQFM_XObs_entangled_trainable_rzz_QLayers_5___seed_1_1761468207
2207744,1-Training-Losses/approx_kl,2.725122612901032e-05,Pong1PQFM_XObs_entangled_trainable_rzz_QLayers_5___seed_1_1761468207
2211840,1-Training-Losses/approx_kl,5.9505458921194077e-05,Pong1PQFM_XObs_entangled_trainable_rzz_QLayers_5___seed_1_1761468207
2215936,1-Training-Losses/approx_kl,2.7397414669394493e-05,Pong1PQFM_XObs_entangled_trainable_rzz_QLayers_5___seed_1_1761468207
2220032,1-Training-Losses/approx_kl,6.109698733780533e-05,Pong1PQFM_XObs_entangled_trainable_rzz_QLayers_5___seed_1_1761468207
2224128,1-Training-Losses/approx_kl,0.00010203277633991092,Pong1PQFM_XObs_entangled_trainable_rzz_QLayers_5___seed_1_1761468207
2228224,1-Training-Losses/approx_kl,0.00015766907017678022,Pong1PQFM_XObs_entangled_trainable_rzz_QLayers_5___seed_1_1761468207
2232320,1-Training-Losses/approx_kl,0.000222634946112521,Pong1PQFM_XObs_entangled_trainable_rzz_QLayers_5___seed_1_1761468207
2236416,1-Training-Losses/approx_kl,6.508693331852555e-05,Pong1PQFM_XObs_entangled_trainable_rzz_QLayers_5___seed_1_1761468207
2240512,1-Training-Losses/approx_kl,7.415418804157525e-05,Pong1PQFM_XObs_entangled_trainable_rzz_QLayers_5___seed_1_1761468207
2244608,1-Training-Losses/approx_kl,4.891761636827141e-05,Pong1PQFM_XObs_entangled_trainable_rzz_QLayers_5___seed_1_1761468207
2248704,1-Training-Losses/approx_kl,4.3702355469577014e-05,Pong1PQFM_XObs_entangled_trainable_rzz_QLayers_5___seed_1_1761468207
2252800,1-Training-Losses/approx_kl,0.0001346011704299599,Pong1PQFM_XObs_entangled_trainable_rzz_QLayers_5___seed_1_1761468207
2256896,1-Training-Losses/approx_kl,0.00011046594590879977,Pong1PQFM_XObs_entangled_trainable_rzz_QLayers_5___seed_1_1761468207
2260992,1-Training-Losses/approx_kl,0.0001630432961974293,Pong1PQFM_XObs_entangled_trainable_rzz_QLayers_5___seed_1_1761468207
2265088,1-Training-Losses/approx_kl,0.00012125597277190536,Pong1PQFM_XObs_entangled_trainable_rzz_QLayers_5___seed_1_1761468207
2269184,1-Training-Losses/approx_kl,3.0774317565374076e-05,Pong1PQFM_XObs_entangled_trainable_rzz_QLayers_5___seed_1_1761468207
2273280,1-Training-Losses/approx_kl,3.990028926637024e-05,Pong1PQFM_XObs_entangled_trainable_rzz_QLayers_5___seed_1_1761468207
2277376,1-Training-Losses/approx_kl,0.000136293689138256,Pong1PQFM_XObs_entangled_trainable_rzz_QLayers_5___seed_1_1761468207
2281472,1-Training-Losses/approx_kl,0.00018552358960732818,Pong1PQFM_XObs_entangled_trainable_rzz_QLayers_5___seed_1_1761468207
2285568,1-Training-Losses/approx_kl,3.875530092045665e-05,Pong1PQFM_XObs_entangled_trainable_rzz_QLayers_5___seed_1_1761468207
2289664,1-Training-Losses/approx_kl,2.2929380065761507e-05,Pong1PQFM_XObs_entangled_trainable_rzz_QLayers_5___seed_1_1761468207
2293760,1-Training-Losses/approx_kl,0.00022259018442127854,Pong1PQFM_XObs_entangled_trainable_rzz_QLayers_5___seed_1_1761468207
2297856,1-Training-Losses/approx_kl,0.0003055342531297356,Pong1PQFM_XObs_entangled_trainable_rzz_QLayers_5___seed_1_1761468207
2301952,1-Training-Losses/approx_kl,0.0002686793450266123,Pong1PQFM_XObs_entangled_trainable_rzz_QLayers_5___seed_1_1761468207
2306048,1-Training-Losses/approx_kl,0.0001997201470658183,Pong1PQFM_XObs_entangled_trainable_rzz_QLayers_5___seed_1_1761468207
2310144,1-Training-Losses/approx_kl,9.873775707092136e-05,Pong1PQFM_XObs_entangled_trainable_rzz_QLayers_5___seed_1_1761468207
2314240,1-Training-Losses/approx_kl,3.7704347050748765e-05,Pong1PQFM_XObs_entangled_trainable_rzz_QLayers_5___seed_1_1761468207
2318336,1-Training-Losses/approx_kl,3.259182267356664e-05,Pong1PQFM_XObs_entangled_trainable_rzz_QLayers_5___seed_1_1761468207
2322432,1-Training-Losses/approx_kl,9.036838309839368e-05,Pong1PQFM_XObs_entangled_trainable_rzz_QLayers_5___seed_1_1761468207
2326528,1-Training-Losses/approx_kl,8.489760512020439e-05,Pong1PQFM_XObs_entangled_trainable_rzz_QLayers_5___seed_1_1761468207
2330624,1-Training-Losses/approx_kl,5.9292331570759416e-05,Pong1PQFM_XObs_entangled_trainable_rzz_QLayers_5___seed_1_1761468207
2334720,1-Training-Losses/approx_kl,8.805612742435187e-05,Pong1PQFM_XObs_entangled_trainable_rzz_QLayers_5___seed_1_1761468207
2338816,1-Training-Losses/approx_kl,1.5769066521897912e-05,Pong1PQFM_XObs_entangled_trainable_rzz_QLayers_5___seed_1_1761468207
2342912,1-Training-Losses/approx_kl,7.920339703559875e-05,Pong1PQFM_XObs_entangled_trainable_rzz_QLayers_5___seed_1_1761468207
2347008,1-Training-Losses/approx_kl,5.5796001106500626e-05,Pong1PQFM_XObs_entangled_trainable_rzz_QLayers_5___seed_1_1761468207
2351104,1-Training-Losses/approx_kl,4.612993507180363e-05,Pong1PQFM_XObs_entangled_trainable_rzz_QLayers_5___seed_1_1761468207
2355200,1-Training-Losses/approx_kl,3.6003199056722224e-05,Pong1PQFM_XObs_entangled_trainable_rzz_QLayers_5___seed_1_1761468207
2359296,1-Training-Losses/approx_kl,6.391761417035013e-05,Pong1PQFM_XObs_entangled_trainable_rzz_QLayers_5___seed_1_1761468207
2363392,1-Training-Losses/approx_kl,0.00013089644198771566,Pong1PQFM_XObs_entangled_trainable_rzz_QLayers_5___seed_1_1761468207
2367488,1-Training-Losses/approx_kl,9.473074169363827e-05,Pong1PQFM_XObs_entangled_trainable_rzz_QLayers_5___seed_1_1761468207
2371584,1-Training-Losses/approx_kl,0.00020703111658804119,Pong1PQFM_XObs_entangled_trainable_rzz_QLayers_5___seed_1_1761468207
2375680,1-Training-Losses/approx_kl,6.924517219886184e-05,Pong1PQFM_XObs_entangled_trainable_rzz_QLayers_5___seed_1_1761468207
2379776,1-Training-Losses/approx_kl,8.634749974589795e-05,Pong1PQFM_XObs_entangled_trainable_rzz_QLayers_5___seed_1_1761468207
2383872,1-Training-Losses/approx_kl,5.2186383982189e-05,Pong1PQFM_XObs_entangled_trainable_rzz_QLayers_5___seed_1_1761468207
2387968,1-Training-Losses/approx_kl,8.526278543286026e-05,Pong1PQFM_XObs_entangled_trainable_rzz_QLayers_5___seed_1_1761468207
2392064,1-Training-Losses/approx_kl,2.8926602681167424e-05,Pong1PQFM_XObs_entangled_trainable_rzz_QLayers_5___seed_1_1761468207
2396160,1-Training-Losses/approx_kl,0.00021466589532792568,Pong1PQFM_XObs_entangled_trainable_rzz_QLayers_5___seed_1_1761468207
2400256,1-Training-Losses/approx_kl,0.00037577093462459743,Pong1PQFM_XObs_entangled_trainable_rzz_QLayers_5___seed_1_1761468207
2404352,1-Training-Losses/approx_kl,0.000273174635367468,Pong1PQFM_XObs_entangled_trainable_rzz_QLayers_5___seed_1_1761468207
2408448,1-Training-Losses/approx_kl,0.00014279541210271418,Pong1PQFM_XObs_entangled_trainable_rzz_QLayers_5___seed_1_1761468207
2412544,1-Training-Losses/approx_kl,0.00010467514221090823,Pong1PQFM_XObs_entangled_trainable_rzz_QLayers_5___seed_1_1761468207
2416640,1-Training-Losses/approx_kl,0.00032180442940443754,Pong1PQFM_XObs_entangled_trainable_rzz_QLayers_5___seed_1_1761468207
2420736,1-Training-Losses/approx_kl,0.00017690862296149135,Pong1PQFM_XObs_entangled_trainable_rzz_QLayers_5___seed_1_1761468207
2424832,1-Training-Losses/approx_kl,6.498963921330869e-05,Pong1PQFM_XObs_entangled_trainable_rzz_QLayers_5___seed_1_1761468207
2428928,1-Training-Losses/approx_kl,1.3461947673931718e-05,Pong1PQFM_XObs_entangled_trainable_rzz_QLayers_5___seed_1_1761468207
2433024,1-Training-Losses/approx_kl,7.753037789370865e-05,Pong1PQFM_XObs_entangled_trainable_rzz_QLayers_5___seed_1_1761468207
2437120,1-Training-Losses/approx_kl,5.135737592354417e-05,Pong1PQFM_XObs_entangled_trainable_rzz_QLayers_5___seed_1_1761468207
2441216,1-Training-Losses/approx_kl,3.9141043089330196e-05,Pong1PQFM_XObs_entangled_trainable_rzz_QLayers_5___seed_1_1761468207
2445312,1-Training-Losses/approx_kl,5.2139206673018634e-05,Pong1PQFM_XObs_entangled_trainable_rzz_QLayers_5___seed_1_1761468207
2449408,1-Training-Losses/approx_kl,7.016811287030578e-05,Pong1PQFM_XObs_entangled_trainable_rzz_QLayers_5___seed_1_1761468207
2453504,1-Training-Losses/approx_kl,3.9817270589992404e-05,Pong1PQFM_XObs_entangled_trainable_rzz_QLayers_5___seed_1_1761468207
2457600,1-Training-Losses/approx_kl,1.9568848074413836e-05,Pong1PQFM_XObs_entangled_trainable_rzz_QLayers_5___seed_1_1761468207
2461696,1-Training-Losses/approx_kl,5.8838981203734875e-05,Pong1PQFM_XObs_entangled_trainable_rzz_QLayers_5___seed_1_1761468207
2465792,1-Training-Losses/approx_kl,7.58900714572519e-05,Pong1PQFM_XObs_entangled_trainable_rzz_QLayers_5___seed_1_1761468207
2469888,1-Training-Losses/approx_kl,6.0053469496779144e-05,Pong1PQFM_XObs_entangled_trainable_rzz_QLayers_5___seed_1_1761468207
2473984,1-Training-Losses/approx_kl,5.4041927796788514e-05,Pong1PQFM_XObs_entangled_trainable_rzz_QLayers_5___seed_1_1761468207
2478080,1-Training-Losses/approx_kl,5.16387663083151e-05,Pong1PQFM_XObs_entangled_trainable_rzz_QLayers_5___seed_1_1761468207
2482176,1-Training-Losses/approx_kl,5.063159915152937e-05,Pong1PQFM_XObs_entangled_trainable_rzz_QLayers_5___seed_1_1761468207
2486272,1-Training-Losses/approx_kl,1.909468846861273e-05,Pong1PQFM_XObs_entangled_trainable_rzz_QLayers_5___seed_1_1761468207
2490368,1-Training-Losses/approx_kl,1.4603370800614357e-05,Pong1PQFM_XObs_entangled_trainable_rzz_QLayers_5___seed_1_1761468207
2494464,1-Training-Losses/approx_kl,1.2352247722446918e-05,Pong1PQFM_XObs_entangled_trainable_rzz_QLayers_5___seed_1_1761468207
2498560,1-Training-Losses/approx_kl,4.228600300848484e-05,Pong1PQFM_XObs_entangled_trainable_rzz_QLayers_5___seed_1_1761468207
2502656,1-Training-Losses/approx_kl,7.189883035607636e-05,Pong1PQFM_XObs_entangled_trainable_rzz_QLayers_5___seed_1_1761468207
2506752,1-Training-Losses/approx_kl,6.480961747001857e-05,Pong1PQFM_XObs_entangled_trainable_rzz_QLayers_5___seed_1_1761468207
2510848,1-Training-Losses/approx_kl,0.00010606415162328631,Pong1PQFM_XObs_entangled_trainable_rzz_QLayers_5___seed_1_1761468207
2514944,1-Training-Losses/approx_kl,0.00013292285439092666,Pong1PQFM_XObs_entangled_trainable_rzz_QLayers_5___seed_1_1761468207
2519040,1-Training-Losses/approx_kl,5.262122431304306e-05,Pong1PQFM_XObs_entangled_trainable_rzz_QLayers_5___seed_1_1761468207
2523136,1-Training-Losses/approx_kl,5.215383134782314e-05,Pong1PQFM_XObs_entangled_trainable_rzz_QLayers_5___seed_1_1761468207
2527232,1-Training-Losses/approx_kl,3.154091245960444e-05,Pong1PQFM_XObs_entangled_trainable_rzz_QLayers_5___seed_1_1761468207
2531328,1-Training-Losses/approx_kl,3.73023358406499e-05,Pong1PQFM_XObs_entangled_trainable_rzz_QLayers_5___seed_1_1761468207
2535424,1-Training-Losses/approx_kl,0.00022077852918300778,Pong1PQFM_XObs_entangled_trainable_rzz_QLayers_5___seed_1_1761468207
2539520,1-Training-Losses/approx_kl,0.00045532180229201913,Pong1PQFM_XObs_entangled_trainable_rzz_QLayers_5___seed_1_1761468207
2543616,1-Training-Losses/approx_kl,0.0002575854305177927,Pong1PQFM_XObs_entangled_trainable_rzz_QLayers_5___seed_1_1761468207
2547712,1-Training-Losses/approx_kl,8.97295685717836e-05,Pong1PQFM_XObs_entangled_trainable_rzz_QLayers_5___seed_1_1761468207
2551808,1-Training-Losses/approx_kl,2.5882385671138763e-05,Pong1PQFM_XObs_entangled_trainable_rzz_QLayers_5___seed_1_1761468207
2555904,1-Training-Losses/approx_kl,5.089431942906231e-05,Pong1PQFM_XObs_entangled_trainable_rzz_QLayers_5___seed_1_1761468207
2560000,1-Training-Losses/approx_kl,0.000117169925943017,Pong1PQFM_XObs_entangled_trainable_rzz_QLayers_5___seed_1_1761468207
2564096,1-Training-Losses/approx_kl,4.7537731006741524e-05,Pong1PQFM_XObs_entangled_trainable_rzz_QLayers_5___seed_1_1761468207
2568192,1-Training-Losses/approx_kl,1.4110177289694548e-05,Pong1PQFM_XObs_entangled_trainable_rzz_QLayers_5___seed_1_1761468207
2572288,1-Training-Losses/approx_kl,5.53108548047021e-05,Pong1PQFM_XObs_entangled_trainable_rzz_QLayers_5___seed_1_1761468207
2576384,1-Training-Losses/approx_kl,7.471318531315774e-05,Pong1PQFM_XObs_entangled_trainable_rzz_QLayers_5___seed_1_1761468207
2580480,1-Training-Losses/approx_kl,2.164456236641854e-05,Pong1PQFM_XObs_entangled_trainable_rzz_QLayers_5___seed_1_1761468207
2584576,1-Training-Losses/approx_kl,0.00011405849363654852,Pong1PQFM_XObs_entangled_trainable_rzz_QLayers_5___seed_1_1761468207
2588672,1-Training-Losses/approx_kl,5.7643133914098144e-05,Pong1PQFM_XObs_entangled_trainable_rzz_QLayers_5___seed_1_1761468207
2592768,1-Training-Losses/approx_kl,6.45746331429109e-05,Pong1PQFM_XObs_entangled_trainable_rzz_QLayers_5___seed_1_1761468207
2596864,1-Training-Losses/approx_kl,7.844627543818206e-05,Pong1PQFM_XObs_entangled_trainable_rzz_QLayers_5___seed_1_1761468207
2600960,1-Training-Losses/approx_kl,4.790778621099889e-05,Pong1PQFM_XObs_entangled_trainable_rzz_QLayers_5___seed_1_1761468207
2605056,1-Training-Losses/approx_kl,1.4231321983970702e-05,Pong1PQFM_XObs_entangled_trainable_rzz_QLayers_5___seed_1_1761468207
2609152,1-Training-Losses/approx_kl,1.6018530004657805e-05,Pong1PQFM_XObs_entangled_trainable_rzz_QLayers_5___seed_1_1761468207
2613248,1-Training-Losses/approx_kl,9.636454342398793e-05,Pong1PQFM_XObs_entangled_trainable_rzz_QLayers_5___seed_1_1761468207
2617344,1-Training-Losses/approx_kl,0.00019464027718640864,Pong1PQFM_XObs_entangled_trainable_rzz_QLayers_5___seed_1_1761468207
2621440,1-Training-Losses/approx_kl,7.350114174187183e-05,Pong1PQFM_XObs_entangled_trainable_rzz_QLayers_5___seed_1_1761468207
2625536,1-Training-Losses/approx_kl,4.96579596074298e-05,Pong1PQFM_XObs_entangled_trainable_rzz_QLayers_5___seed_1_1761468207
2629632,1-Training-Losses/approx_kl,3.295204078312963e-05,Pong1PQFM_XObs_entangled_trainable_rzz_QLayers_5___seed_1_1761468207
2633728,1-Training-Losses/approx_kl,0.0001134434569394216,Pong1PQFM_XObs_entangled_trainable_rzz_QLayers_5___seed_1_1761468207
2637824,1-Training-Losses/approx_kl,0.0002754141460172832,Pong1PQFM_XObs_entangled_trainable_rzz_QLayers_5___seed_1_1761468207
2641920,1-Training-Losses/approx_kl,0.0001047432015184313,Pong1PQFM_XObs_entangled_trainable_rzz_QLayers_5___seed_1_1761468207
2646016,1-Training-Losses/approx_kl,3.554152499418706e-05,Pong1PQFM_XObs_entangled_trainable_rzz_QLayers_5___seed_1_1761468207
2650112,1-Training-Losses/approx_kl,7.45144352549687e-05,Pong1PQFM_XObs_entangled_trainable_rzz_QLayers_5___seed_1_1761468207
2654208,1-Training-Losses/approx_kl,0.00017138280963990837,Pong1PQFM_XObs_entangled_trainable_rzz_QLayers_5___seed_1_1761468207
2658304,1-Training-Losses/approx_kl,0.0003357820678502321,Pong1PQFM_XObs_entangled_trainable_rzz_QLayers_5___seed_1_1761468207
2662400,1-Training-Losses/approx_kl,0.0002438975643599406,Pong1PQFM_XObs_entangled_trainable_rzz_QLayers_5___seed_1_1761468207
2666496,1-Training-Losses/approx_kl,0.00014776458556298167,Pong1PQFM_XObs_entangled_trainable_rzz_QLayers_5___seed_1_1761468207
2670592,1-Training-Losses/approx_kl,7.182589615695179e-05,Pong1PQFM_XObs_entangled_trainable_rzz_QLayers_5___seed_1_1761468207
2674688,1-Training-Losses/approx_kl,0.00013541887165047228,Pong1PQFM_XObs_entangled_trainable_rzz_QLayers_5___seed_1_1761468207
2678784,1-Training-Losses/approx_kl,0.00020638338173739612,Pong1PQFM_XObs_entangled_trainable_rzz_QLayers_5___seed_1_1761468207
2682880,1-Training-Losses/approx_kl,0.00011610118963290006,Pong1PQFM_XObs_entangled_trainable_rzz_QLayers_5___seed_1_1761468207
2686976,1-Training-Losses/approx_kl,0.00023064140987116843,Pong1PQFM_XObs_entangled_trainable_rzz_QLayers_5___seed_1_1761468207
2691072,1-Training-Losses/approx_kl,0.00032711875974200666,Pong1PQFM_XObs_entangled_trainable_rzz_QLayers_5___seed_1_1761468207
2695168,1-Training-Losses/approx_kl,0.00014353457663673908,Pong1PQFM_XObs_entangled_trainable_rzz_QLayers_5___seed_1_1761468207
2699264,1-Training-Losses/approx_kl,8.044965215958655e-05,Pong1PQFM_XObs_entangled_trainable_rzz_QLayers_5___seed_1_1761468207
2703360,1-Training-Losses/approx_kl,5.401136877480894e-05,Pong1PQFM_XObs_entangled_trainable_rzz_QLayers_5___seed_1_1761468207
2707456,1-Training-Losses/approx_kl,0.00010258692782372236,Pong1PQFM_XObs_entangled_trainable_rzz_QLayers_5___seed_1_1761468207
2711552,1-Training-Losses/approx_kl,4.7582274419255555e-05,Pong1PQFM_XObs_entangled_trainable_rzz_QLayers_5___seed_1_1761468207
2715648,1-Training-Losses/approx_kl,4.2909770854748785e-05,Pong1PQFM_XObs_entangled_trainable_rzz_QLayers_5___seed_1_1761468207
2719744,1-Training-Losses/approx_kl,8.971280476544052e-05,Pong1PQFM_XObs_entangled_trainable_rzz_QLayers_5___seed_1_1761468207
2723840,1-Training-Losses/approx_kl,0.00011829979484900832,Pong1PQFM_XObs_entangled_trainable_rzz_QLayers_5___seed_1_1761468207
2727936,1-Training-Losses/approx_kl,5.724103539250791e-05,Pong1PQFM_XObs_entangled_trainable_rzz_QLayers_5___seed_1_1761468207
2732032,1-Training-Losses/approx_kl,0.00012131092080380768,Pong1PQFM_XObs_entangled_trainable_rzz_QLayers_5___seed_1_1761468207
2736128,1-Training-Losses/approx_kl,4.652985080610961e-05,Pong1PQFM_XObs_entangled_trainable_rzz_QLayers_5___seed_1_1761468207
2740224,1-Training-Losses/approx_kl,2.8104695957154036e-05,Pong1PQFM_XObs_entangled_trainable_rzz_QLayers_5___seed_1_1761468207
2744320,1-Training-Losses/approx_kl,0.00011220137821510434,Pong1PQFM_XObs_entangled_trainable_rzz_QLayers_5___seed_1_1761468207
2748416,1-Training-Losses/approx_kl,0.00013848273374605924,Pong1PQFM_XObs_entangled_trainable_rzz_QLayers_5___seed_1_1761468207
2752512,1-Training-Losses/approx_kl,5.722393689211458e-05,Pong1PQFM_XObs_entangled_trainable_rzz_QLayers_5___seed_1_1761468207
2756608,1-Training-Losses/approx_kl,6.262924580369145e-05,Pong1PQFM_XObs_entangled_trainable_rzz_QLayers_5___seed_1_1761468207
2760704,1-Training-Losses/approx_kl,0.00011931381595786661,Pong1PQFM_XObs_entangled_trainable_rzz_QLayers_5___seed_1_1761468207
2764800,1-Training-Losses/approx_kl,7.178420491982251e-05,Pong1PQFM_XObs_entangled_trainable_rzz_QLayers_5___seed_1_1761468207
2768896,1-Training-Losses/approx_kl,0.00010296191612724215,Pong1PQFM_XObs_entangled_trainable_rzz_QLayers_5___seed_1_1761468207
2772992,1-Training-Losses/approx_kl,0.0002498150570318103,Pong1PQFM_XObs_entangled_trainable_rzz_QLayers_5___seed_1_1761468207
2777088,1-Training-Losses/approx_kl,0.00025809844373725355,Pong1PQFM_XObs_entangled_trainable_rzz_QLayers_5___seed_1_1761468207
2781184,1-Training-Losses/approx_kl,0.0002485380391590297,Pong1PQFM_XObs_entangled_trainable_rzz_QLayers_5___seed_1_1761468207
2785280,1-Training-Losses/approx_kl,5.888688610866666e-05,Pong1PQFM_XObs_entangled_trainable_rzz_QLayers_5___seed_1_1761468207
2789376,1-Training-Losses/approx_kl,1.9837956642732024e-05,Pong1PQFM_XObs_entangled_trainable_rzz_QLayers_5___seed_1_1761468207
2793472,1-Training-Losses/approx_kl,2.271898847538978e-05,Pong1PQFM_XObs_entangled_trainable_rzz_QLayers_5___seed_1_1761468207
2797568,1-Training-Losses/approx_kl,1.43615179695189e-05,Pong1PQFM_XObs_entangled_trainable_rzz_QLayers_5___seed_1_1761468207
2801664,1-Training-Losses/approx_kl,4.697537224274129e-05,Pong1PQFM_XObs_entangled_trainable_rzz_QLayers_5___seed_1_1761468207
2805760,1-Training-Losses/approx_kl,1.482912921346724e-05,Pong1PQFM_XObs_entangled_trainable_rzz_QLayers_5___seed_1_1761468207
2809856,1-Training-Losses/approx_kl,2.3643209715373814e-05,Pong1PQFM_XObs_entangled_trainable_rzz_QLayers_5___seed_1_1761468207
2813952,1-Training-Losses/approx_kl,5.472495104186237e-05,Pong1PQFM_XObs_entangled_trainable_rzz_QLayers_5___seed_1_1761468207
2818048,1-Training-Losses/approx_kl,9.631009015720338e-05,Pong1PQFM_XObs_entangled_trainable_rzz_QLayers_5___seed_1_1761468207
2822144,1-Training-Losses/approx_kl,6.063151522539556e-05,Pong1PQFM_XObs_entangled_trainable_rzz_QLayers_5___seed_1_1761468207
2826240,1-Training-Losses/approx_kl,2.1148851374164224e-05,Pong1PQFM_XObs_entangled_trainable_rzz_QLayers_5___seed_1_1761468207
2830336,1-Training-Losses/approx_kl,5.7981815189123154e-05,Pong1PQFM_XObs_entangled_trainable_rzz_QLayers_5___seed_1_1761468207
2834432,1-Training-Losses/approx_kl,2.8461377951316535e-05,Pong1PQFM_XObs_entangled_trainable_rzz_QLayers_5___seed_1_1761468207
2838528,1-Training-Losses/approx_kl,3.0365597922354937e-05,Pong1PQFM_XObs_entangled_trainable_rzz_QLayers_5___seed_1_1761468207
2842624,1-Training-Losses/approx_kl,2.3330358089879155e-05,Pong1PQFM_XObs_entangled_trainable_rzz_QLayers_5___seed_1_1761468207
2846720,1-Training-Losses/approx_kl,0.00018549762899056077,Pong1PQFM_XObs_entangled_trainable_rzz_QLayers_5___seed_1_1761468207
2850816,1-Training-Losses/approx_kl,0.0003090261307079345,Pong1PQFM_XObs_entangled_trainable_rzz_QLayers_5___seed_1_1761468207
2854912,1-Training-Losses/approx_kl,0.00015242277004290372,Pong1PQFM_XObs_entangled_trainable_rzz_QLayers_5___seed_1_1761468207
2859008,1-Training-Losses/approx_kl,7.467098475899547e-05,Pong1PQFM_XObs_entangled_trainable_rzz_QLayers_5___seed_1_1761468207
2863104,1-Training-Losses/approx_kl,0.00010979217768181115,Pong1PQFM_XObs_entangled_trainable_rzz_QLayers_5___seed_1_1761468207
2867200,1-Training-Losses/approx_kl,0.00014580188144464046,Pong1PQFM_XObs_entangled_trainable_rzz_QLayers_5___seed_1_1761468207
2871296,1-Training-Losses/approx_kl,0.00019190403691027313,Pong1PQFM_XObs_entangled_trainable_rzz_QLayers_5___seed_1_1761468207
2875392,1-Training-Losses/approx_kl,0.0001252936926903203,Pong1PQFM_XObs_entangled_trainable_rzz_QLayers_5___seed_1_1761468207
2879488,1-Training-Losses/approx_kl,0.0001419753098161891,Pong1PQFM_XObs_entangled_trainable_rzz_QLayers_5___seed_1_1761468207
2883584,1-Training-Losses/approx_kl,2.5977249606512487e-05,Pong1PQFM_XObs_entangled_trainable_rzz_QLayers_5___seed_1_1761468207
2887680,1-Training-Losses/approx_kl,2.28352437261492e-05,Pong1PQFM_XObs_entangled_trainable_rzz_QLayers_5___seed_1_1761468207
2891776,1-Training-Losses/approx_kl,1.7328871763311327e-05,Pong1PQFM_XObs_entangled_trainable_rzz_QLayers_5___seed_1_1761468207
2895872,1-Training-Losses/approx_kl,0.00015835386875551194,Pong1PQFM_XObs_entangled_trainable_rzz_QLayers_5___seed_1_1761468207
2899968,1-Training-Losses/approx_kl,0.00024720674264244735,Pong1PQFM_XObs_entangled_trainable_rzz_QLayers_5___seed_1_1761468207
2904064,1-Training-Losses/approx_kl,3.573797584977001e-05,Pong1PQFM_XObs_entangled_trainable_rzz_QLayers_5___seed_1_1761468207
2908160,1-Training-Losses/approx_kl,1.9701736164279282e-05,Pong1PQFM_XObs_entangled_trainable_rzz_QLayers_5___seed_1_1761468207
2912256,1-Training-Losses/approx_kl,4.38172573922202e-05,Pong1PQFM_XObs_entangled_trainable_rzz_QLayers_5___seed_1_1761468207
2916352,1-Training-Losses/approx_kl,2.3694141418673098e-05,Pong1PQFM_XObs_entangled_trainable_rzz_QLayers_5___seed_1_1761468207
2920448,1-Training-Losses/approx_kl,0.00010309703066013753,Pong1PQFM_XObs_entangled_trainable_rzz_QLayers_5___seed_1_1761468207
2924544,1-Training-Losses/approx_kl,0.00017230866069439799,Pong1PQFM_XObs_entangled_trainable_rzz_QLayers_5___seed_1_1761468207
2928640,1-Training-Losses/approx_kl,0.00015047412307467312,Pong1PQFM_XObs_entangled_trainable_rzz_QLayers_5___seed_1_1761468207
2932736,1-Training-Losses/approx_kl,6.900758307892829e-05,Pong1PQFM_XObs_entangled_trainable_rzz_QLayers_5___seed_1_1761468207
2936832,1-Training-Losses/approx_kl,9.052112000063062e-05,Pong1PQFM_XObs_entangled_trainable_rzz_QLayers_5___seed_1_1761468207
2940928,1-Training-Losses/approx_kl,2.60546657955274e-05,Pong1PQFM_XObs_entangled_trainable_rzz_QLayers_5___seed_1_1761468207
2945024,1-Training-Losses/approx_kl,7.09754676790908e-05,Pong1PQFM_XObs_entangled_trainable_rzz_QLayers_5___seed_1_1761468207
2949120,1-Training-Losses/approx_kl,2.5004614144563675e-05,Pong1PQFM_XObs_entangled_trainable_rzz_QLayers_5___seed_1_1761468207
2953216,1-Training-Losses/approx_kl,2.9048242140561342e-05,Pong1PQFM_XObs_entangled_trainable_rzz_QLayers_5___seed_1_1761468207
2957312,1-Training-Losses/approx_kl,4.911667201668024e-05,Pong1PQFM_XObs_entangled_trainable_rzz_QLayers_5___seed_1_1761468207
2961408,1-Training-Losses/approx_kl,7.053250737953931e-05,Pong1PQFM_XObs_entangled_trainable_rzz_QLayers_5___seed_1_1761468207
2965504,1-Training-Losses/approx_kl,6.592836871277541e-05,Pong1PQFM_XObs_entangled_trainable_rzz_QLayers_5___seed_1_1761468207
2969600,1-Training-Losses/approx_kl,0.00011272556730546057,Pong1PQFM_XObs_entangled_trainable_rzz_QLayers_5___seed_1_1761468207
2973696,1-Training-Losses/approx_kl,7.925285899545997e-05,Pong1PQFM_XObs_entangled_trainable_rzz_QLayers_5___seed_1_1761468207
2977792,1-Training-Losses/approx_kl,5.066179437562823e-05,Pong1PQFM_XObs_entangled_trainable_rzz_QLayers_5___seed_1_1761468207
2981888,1-Training-Losses/approx_kl,0.000110921188024804,Pong1PQFM_XObs_entangled_trainable_rzz_QLayers_5___seed_1_1761468207
2985984,1-Training-Losses/approx_kl,0.0003599966294132173,Pong1PQFM_XObs_entangled_trainable_rzz_QLayers_5___seed_1_1761468207
2990080,1-Training-Losses/approx_kl,0.00019528197299223393,Pong1PQFM_XObs_entangled_trainable_rzz_QLayers_5___seed_1_1761468207
2994176,1-Training-Losses/approx_kl,0.00011251824616920203,Pong1PQFM_XObs_entangled_trainable_rzz_QLayers_5___seed_1_1761468207
2998272,1-Training-Losses/approx_kl,3.489603113848716e-05,Pong1PQFM_XObs_entangled_trainable_rzz_QLayers_5___seed_1_1761468207
3002368,1-Training-Losses/approx_kl,8.075645018834621e-05,Pong1PQFM_XObs_entangled_trainable_rzz_QLayers_5___seed_1_1761468207
3006464,1-Training-Losses/approx_kl,0.00011314070434309542,Pong1PQFM_XObs_entangled_trainable_rzz_QLayers_5___seed_1_1761468207
3010560,1-Training-Losses/approx_kl,8.002971298992634e-05,Pong1PQFM_XObs_entangled_trainable_rzz_QLayers_5___seed_1_1761468207
3014656,1-Training-Losses/approx_kl,7.408113742712885e-05,Pong1PQFM_XObs_entangled_trainable_rzz_QLayers_5___seed_1_1761468207
3018752,1-Training-Losses/approx_kl,4.452319990377873e-05,Pong1PQFM_XObs_entangled_trainable_rzz_QLayers_5___seed_1_1761468207
3022848,1-Training-Losses/approx_kl,0.00013288352056406438,Pong1PQFM_XObs_entangled_trainable_rzz_QLayers_5___seed_1_1761468207
3026944,1-Training-Losses/approx_kl,0.00014124512381386012,Pong1PQFM_XObs_entangled_trainable_rzz_QLayers_5___seed_1_1761468207
3031040,1-Training-Losses/approx_kl,0.00019958453776780516,Pong1PQFM_XObs_entangled_trainable_rzz_QLayers_5___seed_1_1761468207
3035136,1-Training-Losses/approx_kl,0.00022209130111150444,Pong1PQFM_XObs_entangled_trainable_rzz_QLayers_5___seed_1_1761468207
3039232,1-Training-Losses/approx_kl,0.00017683020269032568,Pong1PQFM_XObs_entangled_trainable_rzz_QLayers_5___seed_1_1761468207
3043328,1-Training-Losses/approx_kl,0.00011319710756652057,Pong1PQFM_XObs_entangled_trainable_rzz_QLayers_5___seed_1_1761468207
3047424,1-Training-Losses/approx_kl,4.2347179260104895e-05,Pong1PQFM_XObs_entangled_trainable_rzz_QLayers_5___seed_1_1761468207
3051520,1-Training-Losses/approx_kl,6.0958132962696254e-05,Pong1PQFM_XObs_entangled_trainable_rzz_QLayers_5___seed_1_1761468207
3055616,1-Training-Losses/approx_kl,6.326792936306447e-05,Pong1PQFM_XObs_entangled_trainable_rzz_QLayers_5___seed_1_1761468207
3059712,1-Training-Losses/approx_kl,4.5538952690549195e-05,Pong1PQFM_XObs_entangled_trainable_rzz_QLayers_5___seed_1_1761468207
3063808,1-Training-Losses/approx_kl,4.6599729103036225e-05,Pong1PQFM_XObs_entangled_trainable_rzz_QLayers_5___seed_1_1761468207
3067904,1-Training-Losses/approx_kl,5.922294803895056e-05,Pong1PQFM_XObs_entangled_trainable_rzz_QLayers_5___seed_1_1761468207
3072000,1-Training-Losses/approx_kl,0.00013272579235490412,Pong1PQFM_XObs_entangled_trainable_rzz_QLayers_5___seed_1_1761468207
3076096,1-Training-Losses/approx_kl,0.00018956592248287052,Pong1PQFM_XObs_entangled_trainable_rzz_QLayers_5___seed_1_1761468207
3080192,1-Training-Losses/approx_kl,6.292703619692475e-05,Pong1PQFM_XObs_entangled_trainable_rzz_QLayers_5___seed_1_1761468207
3084288,1-Training-Losses/approx_kl,0.0001632903004065156,Pong1PQFM_XObs_entangled_trainable_rzz_QLayers_5___seed_1_1761468207
3088384,1-Training-Losses/approx_kl,0.00011662192991934717,Pong1PQFM_XObs_entangled_trainable_rzz_QLayers_5___seed_1_1761468207
3092480,1-Training-Losses/approx_kl,0.00010588474106043577,Pong1PQFM_XObs_entangled_trainable_rzz_QLayers_5___seed_1_1761468207
3096576,1-Training-Losses/approx_kl,0.0001283869642065838,Pong1PQFM_XObs_entangled_trainable_rzz_QLayers_5___seed_1_1761468207
3100672,1-Training-Losses/approx_kl,9.873863018583506e-05,Pong1PQFM_XObs_entangled_trainable_rzz_QLayers_5___seed_1_1761468207
3104768,1-Training-Losses/approx_kl,0.00015177912428043783,Pong1PQFM_XObs_entangled_trainable_rzz_QLayers_5___seed_1_1761468207
3108864,1-Training-Losses/approx_kl,0.00023119276738725603,Pong1PQFM_XObs_entangled_trainable_rzz_QLayers_5___seed_1_1761468207
3112960,1-Training-Losses/approx_kl,0.00016618501103948802,Pong1PQFM_XObs_entangled_trainable_rzz_QLayers_5___seed_1_1761468207
3117056,1-Training-Losses/approx_kl,6.20282517047599e-05,Pong1PQFM_XObs_entangled_trainable_rzz_QLayers_5___seed_1_1761468207
3121152,1-Training-Losses/approx_kl,1.904077362269163e-05,Pong1PQFM_XObs_entangled_trainable_rzz_QLayers_5___seed_1_1761468207
3125248,1-Training-Losses/approx_kl,4.604438436217606e-05,Pong1PQFM_XObs_entangled_trainable_rzz_QLayers_5___seed_1_1761468207
3129344,1-Training-Losses/approx_kl,0.0001696342515060678,Pong1PQFM_XObs_entangled_trainable_rzz_QLayers_5___seed_1_1761468207
3133440,1-Training-Losses/approx_kl,0.00023937231162562966,Pong1PQFM_XObs_entangled_trainable_rzz_QLayers_5___seed_1_1761468207
3137536,1-Training-Losses/approx_kl,0.00042338622733950615,Pong1PQFM_XObs_entangled_trainable_rzz_QLayers_5___seed_1_1761468207
3141632,1-Training-Losses/approx_kl,0.00023517308000009507,Pong1PQFM_XObs_entangled_trainable_rzz_QLayers_5___seed_1_1761468207
3145728,1-Training-Losses/approx_kl,4.7174966312013566e-05,Pong1PQFM_XObs_entangled_trainable_rzz_QLayers_5___seed_1_1761468207
3149824,1-Training-Losses/approx_kl,5.468574818223715e-05,Pong1PQFM_XObs_entangled_trainable_rzz_QLayers_5___seed_1_1761468207
3153920,1-Training-Losses/approx_kl,4.3283216655254364e-05,Pong1PQFM_XObs_entangled_trainable_rzz_QLayers_5___seed_1_1761468207
3158016,1-Training-Losses/approx_kl,3.677222412079573e-05,Pong1PQFM_XObs_entangled_trainable_rzz_QLayers_5___seed_1_1761468207
3162112,1-Training-Losses/approx_kl,4.107998393010348e-05,Pong1PQFM_XObs_entangled_trainable_rzz_QLayers_5___seed_1_1761468207
3166208,1-Training-Losses/approx_kl,0.00013365728955250233,Pong1PQFM_XObs_entangled_trainable_rzz_QLayers_5___seed_1_1761468207
3170304,1-Training-Losses/approx_kl,0.00013924487575422972,Pong1PQFM_XObs_entangled_trainable_rzz_QLayers_5___seed_1_1761468207
3174400,1-Training-Losses/approx_kl,0.00021390012989286333,Pong1PQFM_XObs_entangled_trainable_rzz_QLayers_5___seed_1_1761468207
3178496,1-Training-Losses/approx_kl,9.048912033904344e-05,Pong1PQFM_XObs_entangled_trainable_rzz_QLayers_5___seed_1_1761468207
3182592,1-Training-Losses/approx_kl,0.00012821608106605709,Pong1PQFM_XObs_entangled_trainable_rzz_QLayers_5___seed_1_1761468207
3186688,1-Training-Losses/approx_kl,0.00022411545796785504,Pong1PQFM_XObs_entangled_trainable_rzz_QLayers_5___seed_1_1761468207
3190784,1-Training-Losses/approx_kl,0.00019024164066649973,Pong1PQFM_XObs_entangled_trainable_rzz_QLayers_5___seed_1_1761468207
3194880,1-Training-Losses/approx_kl,3.0720781069248915e-05,Pong1PQFM_XObs_entangled_trainable_rzz_QLayers_5___seed_1_1761468207
3198976,1-Training-Losses/approx_kl,7.435969018843025e-05,Pong1PQFM_XObs_entangled_trainable_rzz_QLayers_5___seed_1_1761468207
3203072,1-Training-Losses/approx_kl,0.0001901889918372035,Pong1PQFM_XObs_entangled_trainable_rzz_QLayers_5___seed_1_1761468207
3207168,1-Training-Losses/approx_kl,0.00011121068382635713,Pong1PQFM_XObs_entangled_trainable_rzz_QLayers_5___seed_1_1761468207
3211264,1-Training-Losses/approx_kl,0.0002352813316974789,Pong1PQFM_XObs_entangled_trainable_rzz_QLayers_5___seed_1_1761468207
3215360,1-Training-Losses/approx_kl,0.00017993844812735915,Pong1PQFM_XObs_entangled_trainable_rzz_QLayers_5___seed_1_1761468207
3219456,1-Training-Losses/approx_kl,6.279525405261666e-05,Pong1PQFM_XObs_entangled_trainable_rzz_QLayers_5___seed_1_1761468207
3223552,1-Training-Losses/approx_kl,4.1701365262269974e-05,Pong1PQFM_XObs_entangled_trainable_rzz_QLayers_5___seed_1_1761468207
3227648,1-Training-Losses/approx_kl,2.7415575459599495e-05,Pong1PQFM_XObs_entangled_trainable_rzz_QLayers_5___seed_1_1761468207
3231744,1-Training-Losses/approx_kl,0.00015143507334869355,Pong1PQFM_XObs_entangled_trainable_rzz_QLayers_5___seed_1_1761468207
3235840,1-Training-Losses/approx_kl,7.983890827745199e-05,Pong1PQFM_XObs_entangled_trainable_rzz_QLayers_5___seed_1_1761468207
3239936,1-Training-Losses/approx_kl,0.00013336908887140453,Pong1PQFM_XObs_entangled_trainable_rzz_QLayers_5___seed_1_1761468207
3244032,1-Training-Losses/approx_kl,0.000175518449395895,Pong1PQFM_XObs_entangled_trainable_rzz_QLayers_5___seed_1_1761468207
3248128,1-Training-Losses/approx_kl,0.00040969031397253275,Pong1PQFM_XObs_entangled_trainable_rzz_QLayers_5___seed_1_1761468207
3252224,1-Training-Losses/approx_kl,0.0004608001618180424,Pong1PQFM_XObs_entangled_trainable_rzz_QLayers_5___seed_1_1761468207
3256320,1-Training-Losses/approx_kl,0.00024638185277581215,Pong1PQFM_XObs_entangled_trainable_rzz_QLayers_5___seed_1_1761468207
3260416,1-Training-Losses/approx_kl,8.164932660292834e-05,Pong1PQFM_XObs_entangled_trainable_rzz_QLayers_5___seed_1_1761468207
3264512,1-Training-Losses/approx_kl,7.603892299812287e-05,Pong1PQFM_XObs_entangled_trainable_rzz_QLayers_5___seed_1_1761468207
3268608,1-Training-Losses/approx_kl,5.226701614446938e-05,Pong1PQFM_XObs_entangled_trainable_rzz_QLayers_5___seed_1_1761468207
3272704,1-Training-Losses/approx_kl,3.910085069946945e-05,Pong1PQFM_XObs_entangled_trainable_rzz_QLayers_5___seed_1_1761468207
3276800,1-Training-Losses/approx_kl,2.202879113610834e-05,Pong1PQFM_XObs_entangled_trainable_rzz_QLayers_5___seed_1_1761468207
3280896,1-Training-Losses/approx_kl,0.00014206270861905068,Pong1PQFM_XObs_entangled_trainable_rzz_QLayers_5___seed_1_1761468207
3284992,1-Training-Losses/approx_kl,0.00026226957561448216,Pong1PQFM_XObs_entangled_trainable_rzz_QLayers_5___seed_1_1761468207
3289088,1-Training-Losses/approx_kl,0.00017839169595390558,Pong1PQFM_XObs_entangled_trainable_rzz_QLayers_5___seed_1_1761468207
3293184,1-Training-Losses/approx_kl,0.00014291667321231216,Pong1PQFM_XObs_entangled_trainable_rzz_QLayers_5___seed_1_1761468207
3297280,1-Training-Losses/approx_kl,0.00024838908575475216,Pong1PQFM_XObs_entangled_trainable_rzz_QLayers_5___seed_1_1761468207
3301376,1-Training-Losses/approx_kl,0.00010816239228006452,Pong1PQFM_XObs_entangled_trainable_rzz_QLayers_5___seed_1_1761468207
3305472,1-Training-Losses/approx_kl,2.649000089149922e-05,Pong1PQFM_XObs_entangled_trainable_rzz_QLayers_5___seed_1_1761468207
3309568,1-Training-Losses/approx_kl,5.5836731917224824e-05,Pong1PQFM_XObs_entangled_trainable_rzz_QLayers_5___seed_1_1761468207
3313664,1-Training-Losses/approx_kl,7.27403094060719e-05,Pong1PQFM_XObs_entangled_trainable_rzz_QLayers_5___seed_1_1761468207
3317760,1-Training-Losses/approx_kl,9.28058143472299e-05,Pong1PQFM_XObs_entangled_trainable_rzz_QLayers_5___seed_1_1761468207
3321856,1-Training-Losses/approx_kl,0.0001666517782723531,Pong1PQFM_XObs_entangled_trainable_rzz_QLayers_5___seed_1_1761468207
3325952,1-Training-Losses/approx_kl,0.00028313949587754905,Pong1PQFM_XObs_entangled_trainable_rzz_QLayers_5___seed_1_1761468207
3330048,1-Training-Losses/approx_kl,0.00015107623767107725,Pong1PQFM_XObs_entangled_trainable_rzz_QLayers_5___seed_1_1761468207
3334144,1-Training-Losses/approx_kl,3.771070623770356e-06,Pong1PQFM_XObs_entangled_trainable_rzz_QLayers_5___seed_1_1761468207
3338240,1-Training-Losses/approx_kl,0.00017905404092743993,Pong1PQFM_XObs_entangled_trainable_rzz_QLayers_5___seed_1_1761468207
3342336,1-Training-Losses/approx_kl,0.000274104590062052,Pong1PQFM_XObs_entangled_trainable_rzz_QLayers_5___seed_1_1761468207
3346432,1-Training-Losses/approx_kl,8.840131340548396e-05,Pong1PQFM_XObs_entangled_trainable_rzz_QLayers_5___seed_1_1761468207
3350528,1-Training-Losses/approx_kl,9.841431165114045e-05,Pong1PQFM_XObs_entangled_trainable_rzz_QLayers_5___seed_1_1761468207
3354624,1-Training-Losses/approx_kl,0.0007916386821307242,Pong1PQFM_XObs_entangled_trainable_rzz_QLayers_5___seed_1_1761468207
3358720,1-Training-Losses/approx_kl,0.0005923661519773304,Pong1PQFM_XObs_entangled_trainable_rzz_QLayers_5___seed_1_1761468207
3362816,1-Training-Losses/approx_kl,0.00016213748313020915,Pong1PQFM_XObs_entangled_trainable_rzz_QLayers_5___seed_1_1761468207
3366912,1-Training-Losses/approx_kl,9.69509274000302e-05,Pong1PQFM_XObs_entangled_trainable_rzz_QLayers_5___seed_1_1761468207
3371008,1-Training-Losses/approx_kl,6.263406248763204e-05,Pong1PQFM_XObs_entangled_trainable_rzz_QLayers_5___seed_1_1761468207
3375104,1-Training-Losses/approx_kl,9.661741205491126e-05,Pong1PQFM_XObs_entangled_trainable_rzz_QLayers_5___seed_1_1761468207
3379200,1-Training-Losses/approx_kl,0.00017001363448798656,Pong1PQFM_XObs_entangled_trainable_rzz_QLayers_5___seed_1_1761468207
3383296,1-Training-Losses/approx_kl,5.3282841690815985e-05,Pong1PQFM_XObs_entangled_trainable_rzz_QLayers_5___seed_1_1761468207
3387392,1-Training-Losses/approx_kl,2.9425107641145587e-05,Pong1PQFM_XObs_entangled_trainable_rzz_QLayers_5___seed_1_1761468207
3391488,1-Training-Losses/approx_kl,0.00013444300566334277,Pong1PQFM_XObs_entangled_trainable_rzz_QLayers_5___seed_1_1761468207
3395584,1-Training-Losses/approx_kl,0.00021034666860941797,Pong1PQFM_XObs_entangled_trainable_rzz_QLayers_5___seed_1_1761468207
3399680,1-Training-Losses/approx_kl,8.977115794550627e-05,Pong1PQFM_XObs_entangled_trainable_rzz_QLayers_5___seed_1_1761468207
3403776,1-Training-Losses/approx_kl,4.6153931180015206e-05,Pong1PQFM_XObs_entangled_trainable_rzz_QLayers_5___seed_1_1761468207
3407872,1-Training-Losses/approx_kl,1.2428339687176049e-05,Pong1PQFM_XObs_entangled_trainable_rzz_QLayers_5___seed_1_1761468207
3411968,1-Training-Losses/approx_kl,1.6432401025667787e-05,Pong1PQFM_XObs_entangled_trainable_rzz_QLayers_5___seed_1_1761468207
3416064,1-Training-Losses/approx_kl,2.6917317882180214e-05,Pong1PQFM_XObs_entangled_trainable_rzz_QLayers_5___seed_1_1761468207
3420160,1-Training-Losses/approx_kl,2.5276312953792512e-05,Pong1PQFM_XObs_entangled_trainable_rzz_QLayers_5___seed_1_1761468207
3424256,1-Training-Losses/approx_kl,0.00011242297478020191,Pong1PQFM_XObs_entangled_trainable_rzz_QLayers_5___seed_1_1761468207
3428352,1-Training-Losses/approx_kl,0.0002817602944560349,Pong1PQFM_XObs_entangled_trainable_rzz_QLayers_5___seed_1_1761468207
3432448,1-Training-Losses/approx_kl,0.0001479165512137115,Pong1PQFM_XObs_entangled_trainable_rzz_QLayers_5___seed_1_1761468207
3436544,1-Training-Losses/approx_kl,0.00020305697398725897,Pong1PQFM_XObs_entangled_trainable_rzz_QLayers_5___seed_1_1761468207
3440640,1-Training-Losses/approx_kl,0.00019102139049209654,Pong1PQFM_XObs_entangled_trainable_rzz_QLayers_5___seed_1_1761468207
3444736,1-Training-Losses/approx_kl,7.872559945099056e-05,Pong1PQFM_XObs_entangled_trainable_rzz_QLayers_5___seed_1_1761468207
3448832,1-Training-Losses/approx_kl,0.00015280439401976764,Pong1PQFM_XObs_entangled_trainable_rzz_QLayers_5___seed_1_1761468207
3452928,1-Training-Losses/approx_kl,0.00017729632963892072,Pong1PQFM_XObs_entangled_trainable_rzz_QLayers_5___seed_1_1761468207
3457024,1-Training-Losses/approx_kl,8.283695206046104e-05,Pong1PQFM_XObs_entangled_trainable_rzz_QLayers_5___seed_1_1761468207
3461120,1-Training-Losses/approx_kl,0.00012179626355646178,Pong1PQFM_XObs_entangled_trainable_rzz_QLayers_5___seed_1_1761468207
3465216,1-Training-Losses/approx_kl,0.00012238365889061242,Pong1PQFM_XObs_entangled_trainable_rzz_QLayers_5___seed_1_1761468207
3469312,1-Training-Losses/approx_kl,5.3558076615445316e-05,Pong1PQFM_XObs_entangled_trainable_rzz_QLayers_5___seed_1_1761468207
3473408,1-Training-Losses/approx_kl,9.570561815053225e-05,Pong1PQFM_XObs_entangled_trainable_rzz_QLayers_5___seed_1_1761468207
3477504,1-Training-Losses/approx_kl,0.00011247556540183723,Pong1PQFM_XObs_entangled_trainable_rzz_QLayers_5___seed_1_1761468207
3481600,1-Training-Losses/approx_kl,5.352009611669928e-05,Pong1PQFM_XObs_entangled_trainable_rzz_QLayers_5___seed_1_1761468207
3485696,1-Training-Losses/approx_kl,8.136728138197213e-05,Pong1PQFM_XObs_entangled_trainable_rzz_QLayers_5___seed_1_1761468207
3489792,1-Training-Losses/approx_kl,0.00011259842722211033,Pong1PQFM_XObs_entangled_trainable_rzz_QLayers_5___seed_1_1761468207
3493888,1-Training-Losses/approx_kl,8.570286445319653e-05,Pong1PQFM_XObs_entangled_trainable_rzz_QLayers_5___seed_1_1761468207
3497984,1-Training-Losses/approx_kl,0.00017513797502033412,Pong1PQFM_XObs_entangled_trainable_rzz_QLayers_5___seed_1_1761468207
3502080,1-Training-Losses/approx_kl,0.00017726891383063048,Pong1PQFM_XObs_entangled_trainable_rzz_QLayers_5___seed_1_1761468207
3506176,1-Training-Losses/approx_kl,9.86951490631327e-05,Pong1PQFM_XObs_entangled_trainable_rzz_QLayers_5___seed_1_1761468207
3510272,1-Training-Losses/approx_kl,4.185493162367493e-05,Pong1PQFM_XObs_entangled_trainable_rzz_QLayers_5___seed_1_1761468207
3514368,1-Training-Losses/approx_kl,0.00012466216867323965,Pong1PQFM_XObs_entangled_trainable_rzz_QLayers_5___seed_1_1761468207
3518464,1-Training-Losses/approx_kl,0.0001400379405822605,Pong1PQFM_XObs_entangled_trainable_rzz_QLayers_5___seed_1_1761468207
3522560,1-Training-Losses/approx_kl,3.326509613543749e-05,Pong1PQFM_XObs_entangled_trainable_rzz_QLayers_5___seed_1_1761468207
3526656,1-Training-Losses/approx_kl,9.5399547717534e-05,Pong1PQFM_XObs_entangled_trainable_rzz_QLayers_5___seed_1_1761468207
3530752,1-Training-Losses/approx_kl,7.696995453443378e-05,Pong1PQFM_XObs_entangled_trainable_rzz_QLayers_5___seed_1_1761468207
3534848,1-Training-Losses/approx_kl,6.053494871594012e-05,Pong1PQFM_XObs_entangled_trainable_rzz_QLayers_5___seed_1_1761468207
3538944,1-Training-Losses/approx_kl,0.0002899958926718682,Pong1PQFM_XObs_entangled_trainable_rzz_QLayers_5___seed_1_1761468207
3543040,1-Training-Losses/approx_kl,0.0003999532200396061,Pong1PQFM_XObs_entangled_trainable_rzz_QLayers_5___seed_1_1761468207
3547136,1-Training-Losses/approx_kl,0.00024907724582590163,Pong1PQFM_XObs_entangled_trainable_rzz_QLayers_5___seed_1_1761468207
3551232,1-Training-Losses/approx_kl,7.936220208648592e-05,Pong1PQFM_XObs_entangled_trainable_rzz_QLayers_5___seed_1_1761468207
3555328,1-Training-Losses/approx_kl,3.939528687624261e-05,Pong1PQFM_XObs_entangled_trainable_rzz_QLayers_5___seed_1_1761468207
3559424,1-Training-Losses/approx_kl,7.695854583289474e-05,Pong1PQFM_XObs_entangled_trainable_rzz_QLayers_5___seed_1_1761468207
3563520,1-Training-Losses/approx_kl,0.00011009490117430687,Pong1PQFM_XObs_entangled_trainable_rzz_QLayers_5___seed_1_1761468207
3567616,1-Training-Losses/approx_kl,7.806392386555672e-05,Pong1PQFM_XObs_entangled_trainable_rzz_QLayers_5___seed_1_1761468207
3571712,1-Training-Losses/approx_kl,5.4376141633838415e-05,Pong1PQFM_XObs_entangled_trainable_rzz_QLayers_5___seed_1_1761468207
3575808,1-Training-Losses/approx_kl,4.48616046924144e-05,Pong1PQFM_XObs_entangled_trainable_rzz_QLayers_5___seed_1_1761468207
3579904,1-Training-Losses/approx_kl,5.681542097590864e-05,Pong1PQFM_XObs_entangled_trainable_rzz_QLayers_5___seed_1_1761468207
3584000,1-Training-Losses/approx_kl,0.00017082614067476243,Pong1PQFM_XObs_entangled_trainable_rzz_QLayers_5___seed_1_1761468207
3588096,1-Training-Losses/approx_kl,0.00034187681740149856,Pong1PQFM_XObs_entangled_trainable_rzz_QLayers_5___seed_1_1761468207
3592192,1-Training-Losses/approx_kl,0.0002106287283822894,Pong1PQFM_XObs_entangled_trainable_rzz_QLayers_5___seed_1_1761468207
3596288,1-Training-Losses/approx_kl,6.764382123947144e-05,Pong1PQFM_XObs_entangled_trainable_rzz_QLayers_5___seed_1_1761468207
3600384,1-Training-Losses/approx_kl,2.256911830045283e-05,Pong1PQFM_XObs_entangled_trainable_rzz_QLayers_5___seed_1_1761468207
3604480,1-Training-Losses/approx_kl,8.497803355567157e-05,Pong1PQFM_XObs_entangled_trainable_rzz_QLayers_5___seed_1_1761468207
3608576,1-Training-Losses/approx_kl,0.00020254780247341841,Pong1PQFM_XObs_entangled_trainable_rzz_QLayers_5___seed_1_1761468207
3612672,1-Training-Losses/approx_kl,0.0001982135436264798,Pong1PQFM_XObs_entangled_trainable_rzz_QLayers_5___seed_1_1761468207
3616768,1-Training-Losses/approx_kl,0.00013448407116811723,Pong1PQFM_XObs_entangled_trainable_rzz_QLayers_5___seed_1_1761468207
3620864,1-Training-Losses/approx_kl,5.765036621596664e-05,Pong1PQFM_XObs_entangled_trainable_rzz_QLayers_5___seed_1_1761468207
3624960,1-Training-Losses/approx_kl,0.0001269082713406533,Pong1PQFM_XObs_entangled_trainable_rzz_QLayers_5___seed_1_1761468207
3629056,1-Training-Losses/approx_kl,0.00024052272783592343,Pong1PQFM_XObs_entangled_trainable_rzz_QLayers_5___seed_1_1761468207
3633152,1-Training-Losses/approx_kl,0.00022988623823039234,Pong1PQFM_XObs_entangled_trainable_rzz_QLayers_5___seed_1_1761468207
3637248,1-Training-Losses/approx_kl,0.00011083442950621247,Pong1PQFM_XObs_entangled_trainable_rzz_QLayers_5___seed_1_1761468207
3641344,1-Training-Losses/approx_kl,8.324052032548934e-05,Pong1PQFM_XObs_entangled_trainable_rzz_QLayers_5___seed_1_1761468207
3645440,1-Training-Losses/approx_kl,2.273760037496686e-05,Pong1PQFM_XObs_entangled_trainable_rzz_QLayers_5___seed_1_1761468207
3649536,1-Training-Losses/approx_kl,1.6763588064350188e-05,Pong1PQFM_XObs_entangled_trainable_rzz_QLayers_5___seed_1_1761468207
3653632,1-Training-Losses/approx_kl,2.3282285837922245e-05,Pong1PQFM_XObs_entangled_trainable_rzz_QLayers_5___seed_1_1761468207
3657728,1-Training-Losses/approx_kl,2.725640661083162e-05,Pong1PQFM_XObs_entangled_trainable_rzz_QLayers_5___seed_1_1761468207
3661824,1-Training-Losses/approx_kl,2.8486087103374302e-05,Pong1PQFM_XObs_entangled_trainable_rzz_QLayers_5___seed_1_1761468207
3665920,1-Training-Losses/approx_kl,2.3005952243693173e-05,Pong1PQFM_XObs_entangled_trainable_rzz_QLayers_5___seed_1_1761468207
3670016,1-Training-Losses/approx_kl,8.435668132733554e-05,Pong1PQFM_XObs_entangled_trainable_rzz_QLayers_5___seed_1_1761468207
3674112,1-Training-Losses/approx_kl,3.752511111088097e-05,Pong1PQFM_XObs_entangled_trainable_rzz_QLayers_5___seed_1_1761468207
3678208,1-Training-Losses/approx_kl,3.706669667735696e-05,Pong1PQFM_XObs_entangled_trainable_rzz_QLayers_5___seed_1_1761468207
3682304,1-Training-Losses/approx_kl,5.090692138765007e-05,Pong1PQFM_XObs_entangled_trainable_rzz_QLayers_5___seed_1_1761468207
3686400,1-Training-Losses/approx_kl,2.1567262592725456e-05,Pong1PQFM_XObs_entangled_trainable_rzz_QLayers_5___seed_1_1761468207
3690496,1-Training-Losses/approx_kl,9.968712402042001e-05,Pong1PQFM_XObs_entangled_trainable_rzz_QLayers_5___seed_1_1761468207
3694592,1-Training-Losses/approx_kl,0.00012049441284034401,Pong1PQFM_XObs_entangled_trainable_rzz_QLayers_5___seed_1_1761468207
3698688,1-Training-Losses/approx_kl,0.00010579258378129452,Pong1PQFM_XObs_entangled_trainable_rzz_QLayers_5___seed_1_1761468207
3702784,1-Training-Losses/approx_kl,4.268954216968268e-05,Pong1PQFM_XObs_entangled_trainable_rzz_QLayers_5___seed_1_1761468207
3706880,1-Training-Losses/approx_kl,1.2394579243846238e-05,Pong1PQFM_XObs_entangled_trainable_rzz_QLayers_5___seed_1_1761468207
3710976,1-Training-Losses/approx_kl,2.638032310642302e-05,Pong1PQFM_XObs_entangled_trainable_rzz_QLayers_5___seed_1_1761468207
3715072,1-Training-Losses/approx_kl,2.855499042198062e-05,Pong1PQFM_XObs_entangled_trainable_rzz_QLayers_5___seed_1_1761468207
3719168,1-Training-Losses/approx_kl,5.892454646527767e-05,Pong1PQFM_XObs_entangled_trainable_rzz_QLayers_5___seed_1_1761468207
3723264,1-Training-Losses/approx_kl,7.929920684546232e-05,Pong1PQFM_XObs_entangled_trainable_rzz_QLayers_5___seed_1_1761468207
3727360,1-Training-Losses/approx_kl,6.799152470193803e-05,Pong1PQFM_XObs_entangled_trainable_rzz_QLayers_5___seed_1_1761468207
3731456,1-Training-Losses/approx_kl,7.395535067189485e-05,Pong1PQFM_XObs_entangled_trainable_rzz_QLayers_5___seed_1_1761468207
3735552,1-Training-Losses/approx_kl,0.0001608449820196256,Pong1PQFM_XObs_entangled_trainable_rzz_QLayers_5___seed_1_1761468207
3739648,1-Training-Losses/approx_kl,0.0003778441168833524,Pong1PQFM_XObs_entangled_trainable_rzz_QLayers_5___seed_1_1761468207
3743744,1-Training-Losses/approx_kl,0.00013338247663341463,Pong1PQFM_XObs_entangled_trainable_rzz_QLayers_5___seed_1_1761468207
3747840,1-Training-Losses/approx_kl,0.00017530100012663752,Pong1PQFM_XObs_entangled_trainable_rzz_QLayers_5___seed_1_1761468207
3751936,1-Training-Losses/approx_kl,3.132957499474287e-05,Pong1PQFM_XObs_entangled_trainable_rzz_QLayers_5___seed_1_1761468207
3756032,1-Training-Losses/approx_kl,1.2087271898053586e-05,Pong1PQFM_XObs_entangled_trainable_rzz_QLayers_5___seed_1_1761468207
3760128,1-Training-Losses/approx_kl,3.109138924628496e-05,Pong1PQFM_XObs_entangled_trainable_rzz_QLayers_5___seed_1_1761468207
3764224,1-Training-Losses/approx_kl,0.00010162347462028265,Pong1PQFM_XObs_entangled_trainable_rzz_QLayers_5___seed_1_1761468207
3768320,1-Training-Losses/approx_kl,0.00028575205942615867,Pong1PQFM_XObs_entangled_trainable_rzz_QLayers_5___seed_1_1761468207
3772416,1-Training-Losses/approx_kl,0.00013015155855100602,Pong1PQFM_XObs_entangled_trainable_rzz_QLayers_5___seed_1_1761468207
3776512,1-Training-Losses/approx_kl,9.601947385817766e-05,Pong1PQFM_XObs_entangled_trainable_rzz_QLayers_5___seed_1_1761468207
3780608,1-Training-Losses/approx_kl,3.124504291918129e-05,Pong1PQFM_XObs_entangled_trainable_rzz_QLayers_5___seed_1_1761468207
3784704,1-Training-Losses/approx_kl,4.6434885007329285e-05,Pong1PQFM_XObs_entangled_trainable_rzz_QLayers_5___seed_1_1761468207
3788800,1-Training-Losses/approx_kl,0.00024139885499607772,Pong1PQFM_XObs_entangled_trainable_rzz_QLayers_5___seed_1_1761468207
3792896,1-Training-Losses/approx_kl,0.00023407125263474882,Pong1PQFM_XObs_entangled_trainable_rzz_QLayers_5___seed_1_1761468207
3796992,1-Training-Losses/approx_kl,0.00015097841969691217,Pong1PQFM_XObs_entangled_trainable_rzz_QLayers_5___seed_1_1761468207
3801088,1-Training-Losses/approx_kl,0.00010184405255131423,Pong1PQFM_XObs_entangled_trainable_rzz_QLayers_5___seed_1_1761468207
3805184,1-Training-Losses/approx_kl,0.00010756282426882535,Pong1PQFM_XObs_entangled_trainable_rzz_QLayers_5___seed_1_1761468207
3809280,1-Training-Losses/approx_kl,8.739627082832158e-05,Pong1PQFM_XObs_entangled_trainable_rzz_QLayers_5___seed_1_1761468207
3813376,1-Training-Losses/approx_kl,0.0002111812646035105,Pong1PQFM_XObs_entangled_trainable_rzz_QLayers_5___seed_1_1761468207
3817472,1-Training-Losses/approx_kl,0.00026612135116010904,Pong1PQFM_XObs_entangled_trainable_rzz_QLayers_5___seed_1_1761468207
3821568,1-Training-Losses/approx_kl,0.00013930867135059088,Pong1PQFM_XObs_entangled_trainable_rzz_QLayers_5___seed_1_1761468207
3825664,1-Training-Losses/approx_kl,9.070515807252377e-05,Pong1PQFM_XObs_entangled_trainable_rzz_QLayers_5___seed_1_1761468207
3829760,1-Training-Losses/approx_kl,5.6409757235087454e-05,Pong1PQFM_XObs_entangled_trainable_rzz_QLayers_5___seed_1_1761468207
3833856,1-Training-Losses/approx_kl,0.00013211027544457465,Pong1PQFM_XObs_entangled_trainable_rzz_QLayers_5___seed_1_1761468207
3837952,1-Training-Losses/approx_kl,0.0006447731284424663,Pong1PQFM_XObs_entangled_trainable_rzz_QLayers_5___seed_1_1761468207
3842048,1-Training-Losses/approx_kl,0.0003219005302526057,Pong1PQFM_XObs_entangled_trainable_rzz_QLayers_5___seed_1_1761468207
3846144,1-Training-Losses/approx_kl,0.0001452472642995417,Pong1PQFM_XObs_entangled_trainable_rzz_QLayers_5___seed_1_1761468207
3850240,1-Training-Losses/approx_kl,0.00010181675315834582,Pong1PQFM_XObs_entangled_trainable_rzz_QLayers_5___seed_1_1761468207
3854336,1-Training-Losses/approx_kl,4.2382001993246377e-05,Pong1PQFM_XObs_entangled_trainable_rzz_QLayers_5___seed_1_1761468207
3858432,1-Training-Losses/approx_kl,0.00010215425572823733,Pong1PQFM_XObs_entangled_trainable_rzz_QLayers_5___seed_1_1761468207
3862528,1-Training-Losses/approx_kl,0.00022248506138566881,Pong1PQFM_XObs_entangled_trainable_rzz_QLayers_5___seed_1_1761468207
3866624,1-Training-Losses/approx_kl,0.0001537584321340546,Pong1PQFM_XObs_entangled_trainable_rzz_QLayers_5___seed_1_1761468207
3870720,1-Training-Losses/approx_kl,0.00044510880252346396,Pong1PQFM_XObs_entangled_trainable_rzz_QLayers_5___seed_1_1761468207
3874816,1-Training-Losses/approx_kl,0.00016803665494080633,Pong1PQFM_XObs_entangled_trainable_rzz_QLayers_5___seed_1_1761468207
3878912,1-Training-Losses/approx_kl,5.751826392952353e-05,Pong1PQFM_XObs_entangled_trainable_rzz_QLayers_5___seed_1_1761468207
3883008,1-Training-Losses/approx_kl,0.0002396010677330196,Pong1PQFM_XObs_entangled_trainable_rzz_QLayers_5___seed_1_1761468207
3887104,1-Training-Losses/approx_kl,0.00044105364941060543,Pong1PQFM_XObs_entangled_trainable_rzz_QLayers_5___seed_1_1761468207
3891200,1-Training-Losses/approx_kl,0.0002630347153171897,Pong1PQFM_XObs_entangled_trainable_rzz_QLayers_5___seed_1_1761468207
3895296,1-Training-Losses/approx_kl,4.8817339120432734e-05,Pong1PQFM_XObs_entangled_trainable_rzz_QLayers_5___seed_1_1761468207
3899392,1-Training-Losses/approx_kl,4.857517342315987e-05,Pong1PQFM_XObs_entangled_trainable_rzz_QLayers_5___seed_1_1761468207
3903488,1-Training-Losses/approx_kl,3.357073001097888e-05,Pong1PQFM_XObs_entangled_trainable_rzz_QLayers_5___seed_1_1761468207
3907584,1-Training-Losses/approx_kl,0.000261211593169719,Pong1PQFM_XObs_entangled_trainable_rzz_QLayers_5___seed_1_1761468207
3911680,1-Training-Losses/approx_kl,0.0005019910167902708,Pong1PQFM_XObs_entangled_trainable_rzz_QLayers_5___seed_1_1761468207
3915776,1-Training-Losses/approx_kl,0.0004414940485730767,Pong1PQFM_XObs_entangled_trainable_rzz_QLayers_5___seed_1_1761468207
3919872,1-Training-Losses/approx_kl,0.0008114553056657314,Pong1PQFM_XObs_entangled_trainable_rzz_QLayers_5___seed_1_1761468207
3923968,1-Training-Losses/approx_kl,6.960893369978294e-05,Pong1PQFM_XObs_entangled_trainable_rzz_QLayers_5___seed_1_1761468207
3928064,1-Training-Losses/approx_kl,5.1299299229867756e-05,Pong1PQFM_XObs_entangled_trainable_rzz_QLayers_5___seed_1_1761468207
3932160,1-Training-Losses/approx_kl,4.5071152271702886e-05,Pong1PQFM_XObs_entangled_trainable_rzz_QLayers_5___seed_1_1761468207
3936256,1-Training-Losses/approx_kl,0.00013773814134765416,Pong1PQFM_XObs_entangled_trainable_rzz_QLayers_5___seed_1_1761468207
3940352,1-Training-Losses/approx_kl,0.0002101711870636791,Pong1PQFM_XObs_entangled_trainable_rzz_QLayers_5___seed_1_1761468207
3944448,1-Training-Losses/approx_kl,0.00020911839965265244,Pong1PQFM_XObs_entangled_trainable_rzz_QLayers_5___seed_1_1761468207
3948544,1-Training-Losses/approx_kl,0.00011801709479186684,Pong1PQFM_XObs_entangled_trainable_rzz_QLayers_5___seed_1_1761468207
3952640,1-Training-Losses/approx_kl,4.732141678687185e-05,Pong1PQFM_XObs_entangled_trainable_rzz_QLayers_5___seed_1_1761468207
3956736,1-Training-Losses/approx_kl,2.609429066069424e-05,Pong1PQFM_XObs_entangled_trainable_rzz_QLayers_5___seed_1_1761468207
3960832,1-Training-Losses/approx_kl,3.654612373793498e-05,Pong1PQFM_XObs_entangled_trainable_rzz_QLayers_5___seed_1_1761468207
3964928,1-Training-Losses/approx_kl,6.117888551671058e-05,Pong1PQFM_XObs_entangled_trainable_rzz_QLayers_5___seed_1_1761468207
3969024,1-Training-Losses/approx_kl,5.9938283811789006e-05,Pong1PQFM_XObs_entangled_trainable_rzz_QLayers_5___seed_1_1761468207
3973120,1-Training-Losses/approx_kl,0.00012039874127367511,Pong1PQFM_XObs_entangled_trainable_rzz_QLayers_5___seed_1_1761468207
3977216,1-Training-Losses/approx_kl,0.00033708178671076894,Pong1PQFM_XObs_entangled_trainable_rzz_QLayers_5___seed_1_1761468207
3981312,1-Training-Losses/approx_kl,0.00031502643832936883,Pong1PQFM_XObs_entangled_trainable_rzz_QLayers_5___seed_1_1761468207
3985408,1-Training-Losses/approx_kl,0.0002408896980341524,Pong1PQFM_XObs_entangled_trainable_rzz_QLayers_5___seed_1_1761468207
3989504,1-Training-Losses/approx_kl,0.0001966087584150955,Pong1PQFM_XObs_entangled_trainable_rzz_QLayers_5___seed_1_1761468207
3993600,1-Training-Losses/approx_kl,0.00010806422505993396,Pong1PQFM_XObs_entangled_trainable_rzz_QLayers_5___seed_1_1761468207
3997696,1-Training-Losses/approx_kl,2.5988076231442392e-05,Pong1PQFM_XObs_entangled_trainable_rzz_QLayers_5___seed_1_1761468207
4001792,1-Training-Losses/approx_kl,1.7598154954612255e-05,Pong1PQFM_XObs_entangled_trainable_rzz_QLayers_5___seed_1_1761468207
4005888,1-Training-Losses/approx_kl,5.036778748035431e-05,Pong1PQFM_XObs_entangled_trainable_rzz_QLayers_5___seed_1_1761468207
4009984,1-Training-Losses/approx_kl,0.00017423054669052362,Pong1PQFM_XObs_entangled_trainable_rzz_QLayers_5___seed_1_1761468207
4014080,1-Training-Losses/approx_kl,0.0005357692716643214,Pong1PQFM_XObs_entangled_trainable_rzz_QLayers_5___seed_1_1761468207
4018176,1-Training-Losses/approx_kl,0.0005875806673429906,Pong1PQFM_XObs_entangled_trainable_rzz_QLayers_5___seed_1_1761468207
4022272,1-Training-Losses/approx_kl,0.00016725272871553898,Pong1PQFM_XObs_entangled_trainable_rzz_QLayers_5___seed_1_1761468207
4026368,1-Training-Losses/approx_kl,0.0001248230691999197,Pong1PQFM_XObs_entangled_trainable_rzz_QLayers_5___seed_1_1761468207
4030464,1-Training-Losses/approx_kl,7.5915566412732e-05,Pong1PQFM_XObs_entangled_trainable_rzz_QLayers_5___seed_1_1761468207
4034560,1-Training-Losses/approx_kl,7.549868314526975e-05,Pong1PQFM_XObs_entangled_trainable_rzz_QLayers_5___seed_1_1761468207
4038656,1-Training-Losses/approx_kl,4.808163794223219e-05,Pong1PQFM_XObs_entangled_trainable_rzz_QLayers_5___seed_1_1761468207
4042752,1-Training-Losses/approx_kl,0.00011243030894547701,Pong1PQFM_XObs_entangled_trainable_rzz_QLayers_5___seed_1_1761468207
4046848,1-Training-Losses/approx_kl,8.998496923595667e-05,Pong1PQFM_XObs_entangled_trainable_rzz_QLayers_5___seed_1_1761468207
4050944,1-Training-Losses/approx_kl,9.424973541172221e-05,Pong1PQFM_XObs_entangled_trainable_rzz_QLayers_5___seed_1_1761468207
4055040,1-Training-Losses/approx_kl,8.486483420711011e-05,Pong1PQFM_XObs_entangled_trainable_rzz_QLayers_5___seed_1_1761468207
4059136,1-Training-Losses/approx_kl,8.882010297384113e-05,Pong1PQFM_XObs_entangled_trainable_rzz_QLayers_5___seed_1_1761468207
4063232,1-Training-Losses/approx_kl,9.869583300314844e-05,Pong1PQFM_XObs_entangled_trainable_rzz_QLayers_5___seed_1_1761468207
4067328,1-Training-Losses/approx_kl,6.700481753796339e-05,Pong1PQFM_XObs_entangled_trainable_rzz_QLayers_5___seed_1_1761468207
4071424,1-Training-Losses/approx_kl,3.274998744018376e-05,Pong1PQFM_XObs_entangled_trainable_rzz_QLayers_5___seed_1_1761468207
4075520,1-Training-Losses/approx_kl,0.00011267588706687093,Pong1PQFM_XObs_entangled_trainable_rzz_QLayers_5___seed_1_1761468207
4079616,1-Training-Losses/approx_kl,5.125426105223596e-05,Pong1PQFM_XObs_entangled_trainable_rzz_QLayers_5___seed_1_1761468207
4083712,1-Training-Losses/approx_kl,0.00016304546443279833,Pong1PQFM_XObs_entangled_trainable_rzz_QLayers_5___seed_1_1761468207
4087808,1-Training-Losses/approx_kl,9.468338976148516e-05,Pong1PQFM_XObs_entangled_trainable_rzz_QLayers_5___seed_1_1761468207
4091904,1-Training-Losses/approx_kl,1.983643596759066e-05,Pong1PQFM_XObs_entangled_trainable_rzz_QLayers_5___seed_1_1761468207
4096000,1-Training-Losses/approx_kl,2.9459726647473872e-05,Pong1PQFM_XObs_entangled_trainable_rzz_QLayers_5___seed_1_1761468207
4100096,1-Training-Losses/approx_kl,0.00012405624147504568,Pong1PQFM_XObs_entangled_trainable_rzz_QLayers_5___seed_1_1761468207
4104192,1-Training-Losses/approx_kl,0.00029992591589689255,Pong1PQFM_XObs_entangled_trainable_rzz_QLayers_5___seed_1_1761468207
4108288,1-Training-Losses/approx_kl,0.0003912506508640945,Pong1PQFM_XObs_entangled_trainable_rzz_QLayers_5___seed_1_1761468207
4112384,1-Training-Losses/approx_kl,8.972681825980544e-05,Pong1PQFM_XObs_entangled_trainable_rzz_QLayers_5___seed_1_1761468207
4116480,1-Training-Losses/approx_kl,0.00011796734179370105,Pong1PQFM_XObs_entangled_trainable_rzz_QLayers_5___seed_1_1761468207
4120576,1-Training-Losses/approx_kl,0.00010078991908812895,Pong1PQFM_XObs_entangled_trainable_rzz_QLayers_5___seed_1_1761468207
4124672,1-Training-Losses/approx_kl,0.00021806314180139452,Pong1PQFM_XObs_entangled_trainable_rzz_QLayers_5___seed_1_1761468207
4128768,1-Training-Losses/approx_kl,0.0005190399242565036,Pong1PQFM_XObs_entangled_trainable_rzz_QLayers_5___seed_1_1761468207
4132864,1-Training-Losses/approx_kl,0.0007123504765331745,Pong1PQFM_XObs_entangled_trainable_rzz_QLayers_5___seed_1_1761468207
4136960,1-Training-Losses/approx_kl,0.00035857546026818454,Pong1PQFM_XObs_entangled_trainable_rzz_QLayers_5___seed_1_1761468207
4141056,1-Training-Losses/approx_kl,0.0001532534952275455,Pong1PQFM_XObs_entangled_trainable_rzz_QLayers_5___seed_1_1761468207
4145152,1-Training-Losses/approx_kl,6.136061711004004e-05,Pong1PQFM_XObs_entangled_trainable_rzz_QLayers_5___seed_1_1761468207
4149248,1-Training-Losses/approx_kl,0.00011423711839597672,Pong1PQFM_XObs_entangled_trainable_rzz_QLayers_5___seed_1_1761468207
4153344,1-Training-Losses/approx_kl,0.00018774530326481909,Pong1PQFM_XObs_entangled_trainable_rzz_QLayers_5___seed_1_1761468207
4157440,1-Training-Losses/approx_kl,0.00026146136224269867,Pong1PQFM_XObs_entangled_trainable_rzz_QLayers_5___seed_1_1761468207
4161536,1-Training-Losses/approx_kl,6.005620525684208e-05,Pong1PQFM_XObs_entangled_trainable_rzz_QLayers_5___seed_1_1761468207
4165632,1-Training-Losses/approx_kl,4.456992610357702e-05,Pong1PQFM_XObs_entangled_trainable_rzz_QLayers_5___seed_1_1761468207
4169728,1-Training-Losses/approx_kl,0.00015362960402853787,Pong1PQFM_XObs_entangled_trainable_rzz_QLayers_5___seed_1_1761468207
4173824,1-Training-Losses/approx_kl,7.307407213374972e-05,Pong1PQFM_XObs_entangled_trainable_rzz_QLayers_5___seed_1_1761468207
4177920,1-Training-Losses/approx_kl,8.687531226314604e-05,Pong1PQFM_XObs_entangled_trainable_rzz_QLayers_5___seed_1_1761468207
4182016,1-Training-Losses/approx_kl,0.00018153050041291863,Pong1PQFM_XObs_entangled_trainable_rzz_QLayers_5___seed_1_1761468207
4186112,1-Training-Losses/approx_kl,7.079281203914434e-05,Pong1PQFM_XObs_entangled_trainable_rzz_QLayers_5___seed_1_1761468207
4190208,1-Training-Losses/approx_kl,3.092334372922778e-05,Pong1PQFM_XObs_entangled_trainable_rzz_QLayers_5___seed_1_1761468207
4194304,1-Training-Losses/approx_kl,4.219269612804055e-05,Pong1PQFM_XObs_entangled_trainable_rzz_QLayers_5___seed_1_1761468207
4198400,1-Training-Losses/approx_kl,3.3552096283528954e-05,Pong1PQFM_XObs_entangled_trainable_rzz_QLayers_5___seed_1_1761468207
4202496,1-Training-Losses/approx_kl,0.00010025729716289788,Pong1PQFM_XObs_entangled_trainable_rzz_QLayers_5___seed_1_1761468207
4206592,1-Training-Losses/approx_kl,5.2961186156608164e-05,Pong1PQFM_XObs_entangled_trainable_rzz_QLayers_5___seed_1_1761468207
4210688,1-Training-Losses/approx_kl,6.922187458258122e-05,Pong1PQFM_XObs_entangled_trainable_rzz_QLayers_5___seed_1_1761468207
4214784,1-Training-Losses/approx_kl,2.527954347897321e-05,Pong1PQFM_XObs_entangled_trainable_rzz_QLayers_5___seed_1_1761468207
4218880,1-Training-Losses/approx_kl,2.434773341519758e-05,Pong1PQFM_XObs_entangled_trainable_rzz_QLayers_5___seed_1_1761468207
4222976,1-Training-Losses/approx_kl,5.749268166255206e-05,Pong1PQFM_XObs_entangled_trainable_rzz_QLayers_5___seed_1_1761468207
4227072,1-Training-Losses/approx_kl,3.4248194424435496e-05,Pong1PQFM_XObs_entangled_trainable_rzz_QLayers_5___seed_1_1761468207
4231168,1-Training-Losses/approx_kl,9.773828060133383e-05,Pong1PQFM_XObs_entangled_trainable_rzz_QLayers_5___seed_1_1761468207
4235264,1-Training-Losses/approx_kl,0.000183664116775617,Pong1PQFM_XObs_entangled_trainable_rzz_QLayers_5___seed_1_1761468207
4239360,1-Training-Losses/approx_kl,0.0002855755155906081,Pong1PQFM_XObs_entangled_trainable_rzz_QLayers_5___seed_1_1761468207
4243456,1-Training-Losses/approx_kl,0.0002317999751539901,Pong1PQFM_XObs_entangled_trainable_rzz_QLayers_5___seed_1_1761468207
4247552,1-Training-Losses/approx_kl,0.00017340043268632144,Pong1PQFM_XObs_entangled_trainable_rzz_QLayers_5___seed_1_1761468207
4251648,1-Training-Losses/approx_kl,0.00014589770580641925,Pong1PQFM_XObs_entangled_trainable_rzz_QLayers_5___seed_1_1761468207
4255744,1-Training-Losses/approx_kl,0.00029661532607860863,Pong1PQFM_XObs_entangled_trainable_rzz_QLayers_5___seed_1_1761468207
4259840,1-Training-Losses/approx_kl,0.00020441238302737474,Pong1PQFM_XObs_entangled_trainable_rzz_QLayers_5___seed_1_1761468207
4263936,1-Training-Losses/approx_kl,6.494522676803172e-05,Pong1PQFM_XObs_entangled_trainable_rzz_QLayers_5___seed_1_1761468207
4268032,1-Training-Losses/approx_kl,2.3443004465661943e-05,Pong1PQFM_XObs_entangled_trainable_rzz_QLayers_5___seed_1_1761468207
4272128,1-Training-Losses/approx_kl,6.338101229630411e-06,Pong1PQFM_XObs_entangled_trainable_rzz_QLayers_5___seed_1_1761468207
4276224,1-Training-Losses/approx_kl,7.355562411248684e-05,Pong1PQFM_XObs_entangled_trainable_rzz_QLayers_5___seed_1_1761468207
4280320,1-Training-Losses/approx_kl,0.00028892449336126447,Pong1PQFM_XObs_entangled_trainable_rzz_QLayers_5___seed_1_1761468207
4284416,1-Training-Losses/approx_kl,0.00011068723688367754,Pong1PQFM_XObs_entangled_trainable_rzz_QLayers_5___seed_1_1761468207
4288512,1-Training-Losses/approx_kl,5.147362389834598e-05,Pong1PQFM_XObs_entangled_trainable_rzz_QLayers_5___seed_1_1761468207
4292608,1-Training-Losses/approx_kl,2.2111242287792265e-05,Pong1PQFM_XObs_entangled_trainable_rzz_QLayers_5___seed_1_1761468207
4296704,1-Training-Losses/approx_kl,0.0001278820855077356,Pong1PQFM_XObs_entangled_trainable_rzz_QLayers_5___seed_1_1761468207
4300800,1-Training-Losses/approx_kl,8.29813361633569e-05,Pong1PQFM_XObs_entangled_trainable_rzz_QLayers_5___seed_1_1761468207
4304896,1-Training-Losses/approx_kl,9.254309406969696e-05,Pong1PQFM_XObs_entangled_trainable_rzz_QLayers_5___seed_1_1761468207
4308992,1-Training-Losses/approx_kl,0.00010934068995993584,Pong1PQFM_XObs_entangled_trainable_rzz_QLayers_5___seed_1_1761468207
4313088,1-Training-Losses/approx_kl,5.391807644627988e-05,Pong1PQFM_XObs_entangled_trainable_rzz_QLayers_5___seed_1_1761468207
4317184,1-Training-Losses/approx_kl,2.711400156840682e-05,Pong1PQFM_XObs_entangled_trainable_rzz_QLayers_5___seed_1_1761468207
4321280,1-Training-Losses/approx_kl,2.821464295266196e-05,Pong1PQFM_XObs_entangled_trainable_rzz_QLayers_5___seed_1_1761468207
4325376,1-Training-Losses/approx_kl,1.4841803931631148e-05,Pong1PQFM_XObs_entangled_trainable_rzz_QLayers_5___seed_1_1761468207
4329472,1-Training-Losses/approx_kl,3.083774936385453e-05,Pong1PQFM_XObs_entangled_trainable_rzz_QLayers_5___seed_1_1761468207
4333568,1-Training-Losses/approx_kl,2.2468346287496388e-05,Pong1PQFM_XObs_entangled_trainable_rzz_QLayers_5___seed_1_1761468207
4337664,1-Training-Losses/approx_kl,6.31846342002973e-05,Pong1PQFM_XObs_entangled_trainable_rzz_QLayers_5___seed_1_1761468207
4341760,1-Training-Losses/approx_kl,3.6108598578721285e-05,Pong1PQFM_XObs_entangled_trainable_rzz_QLayers_5___seed_1_1761468207
4345856,1-Training-Losses/approx_kl,2.9966940928716213e-05,Pong1PQFM_XObs_entangled_trainable_rzz_QLayers_5___seed_1_1761468207
4349952,1-Training-Losses/approx_kl,7.386120705632493e-05,Pong1PQFM_XObs_entangled_trainable_rzz_QLayers_5___seed_1_1761468207
4354048,1-Training-Losses/approx_kl,0.0002811604936141521,Pong1PQFM_XObs_entangled_trainable_rzz_QLayers_5___seed_1_1761468207
4358144,1-Training-Losses/approx_kl,0.00026607097242958844,Pong1PQFM_XObs_entangled_trainable_rzz_QLayers_5___seed_1_1761468207
4362240,1-Training-Losses/approx_kl,0.0001244508457602933,Pong1PQFM_XObs_entangled_trainable_rzz_QLayers_5___seed_1_1761468207
4366336,1-Training-Losses/approx_kl,0.00013856672740075737,Pong1PQFM_XObs_entangled_trainable_rzz_QLayers_5___seed_1_1761468207
4370432,1-Training-Losses/approx_kl,0.00010879844194278121,Pong1PQFM_XObs_entangled_trainable_rzz_QLayers_5___seed_1_1761468207
4374528,1-Training-Losses/approx_kl,5.7851932069752365e-05,Pong1PQFM_XObs_entangled_trainable_rzz_QLayers_5___seed_1_1761468207
4378624,1-Training-Losses/approx_kl,9.208280243910849e-05,Pong1PQFM_XObs_entangled_trainable_rzz_QLayers_5___seed_1_1761468207
4382720,1-Training-Losses/approx_kl,5.1597002311609685e-05,Pong1PQFM_XObs_entangled_trainable_rzz_QLayers_5___seed_1_1761468207
4386816,1-Training-Losses/approx_kl,6.714252231176943e-05,Pong1PQFM_XObs_entangled_trainable_rzz_QLayers_5___seed_1_1761468207
4390912,1-Training-Losses/approx_kl,0.00011345230450388044,Pong1PQFM_XObs_entangled_trainable_rzz_QLayers_5___seed_1_1761468207
4395008,1-Training-Losses/approx_kl,9.26919310586527e-05,Pong1PQFM_XObs_entangled_trainable_rzz_QLayers_5___seed_1_1761468207
4399104,1-Training-Losses/approx_kl,5.610258085653186e-05,Pong1PQFM_XObs_entangled_trainable_rzz_QLayers_5___seed_1_1761468207
4403200,1-Training-Losses/approx_kl,5.459589010570198e-05,Pong1PQFM_XObs_entangled_trainable_rzz_QLayers_5___seed_1_1761468207
4407296,1-Training-Losses/approx_kl,4.1756466089282185e-05,Pong1PQFM_XObs_entangled_trainable_rzz_QLayers_5___seed_1_1761468207
4411392,1-Training-Losses/approx_kl,0.00011942697165068239,Pong1PQFM_XObs_entangled_trainable_rzz_QLayers_5___seed_1_1761468207
4415488,1-Training-Losses/approx_kl,9.013374801725149e-05,Pong1PQFM_XObs_entangled_trainable_rzz_QLayers_5___seed_1_1761468207
4419584,1-Training-Losses/approx_kl,7.417163578793406e-05,Pong1PQFM_XObs_entangled_trainable_rzz_QLayers_5___seed_1_1761468207
4423680,1-Training-Losses/approx_kl,3.099348396062851e-05,Pong1PQFM_XObs_entangled_trainable_rzz_QLayers_5___seed_1_1761468207
4427776,1-Training-Losses/approx_kl,0.00017833831952884793,Pong1PQFM_XObs_entangled_trainable_rzz_QLayers_5___seed_1_1761468207
4431872,1-Training-Losses/approx_kl,0.0005761586362496018,Pong1PQFM_XObs_entangled_trainable_rzz_QLayers_5___seed_1_1761468207
4435968,1-Training-Losses/approx_kl,0.0005474527133628726,Pong1PQFM_XObs_entangled_trainable_rzz_QLayers_5___seed_1_1761468207
4440064,1-Training-Losses/approx_kl,0.00016498674813192338,Pong1PQFM_XObs_entangled_trainable_rzz_QLayers_5___seed_1_1761468207
4444160,1-Training-Losses/approx_kl,0.00011125190940219909,Pong1PQFM_XObs_entangled_trainable_rzz_QLayers_5___seed_1_1761468207
4448256,1-Training-Losses/approx_kl,3.443504101596773e-05,Pong1PQFM_XObs_entangled_trainable_rzz_QLayers_5___seed_1_1761468207
4452352,1-Training-Losses/approx_kl,4.9113878048956394e-05,Pong1PQFM_XObs_entangled_trainable_rzz_QLayers_5___seed_1_1761468207
4456448,1-Training-Losses/approx_kl,0.00012893999519292265,Pong1PQFM_XObs_entangled_trainable_rzz_QLayers_5___seed_1_1761468207
4460544,1-Training-Losses/approx_kl,0.0001563277910463512,Pong1PQFM_XObs_entangled_trainable_rzz_QLayers_5___seed_1_1761468207
4464640,1-Training-Losses/approx_kl,9.101488103624433e-05,Pong1PQFM_XObs_entangled_trainable_rzz_QLayers_5___seed_1_1761468207
4468736,1-Training-Losses/approx_kl,2.3364234948530793e-05,Pong1PQFM_XObs_entangled_trainable_rzz_QLayers_5___seed_1_1761468207
4472832,1-Training-Losses/approx_kl,5.4841366363689303e-05,Pong1PQFM_XObs_entangled_trainable_rzz_QLayers_5___seed_1_1761468207
4476928,1-Training-Losses/approx_kl,3.070849925279617e-05,Pong1PQFM_XObs_entangled_trainable_rzz_QLayers_5___seed_1_1761468207
4481024,1-Training-Losses/approx_kl,2.3313608835451305e-05,Pong1PQFM_XObs_entangled_trainable_rzz_QLayers_5___seed_1_1761468207
4485120,1-Training-Losses/approx_kl,4.794650885742158e-05,Pong1PQFM_XObs_entangled_trainable_rzz_QLayers_5___seed_1_1761468207
4489216,1-Training-Losses/approx_kl,0.0003972096892539412,Pong1PQFM_XObs_entangled_trainable_rzz_QLayers_5___seed_1_1761468207
4493312,1-Training-Losses/approx_kl,0.0002476717345416546,Pong1PQFM_XObs_entangled_trainable_rzz_QLayers_5___seed_1_1761468207
4497408,1-Training-Losses/approx_kl,0.0001005165686365217,Pong1PQFM_XObs_entangled_trainable_rzz_QLayers_5___seed_1_1761468207
4501504,1-Training-Losses/approx_kl,0.0001314105757046491,Pong1PQFM_XObs_entangled_trainable_rzz_QLayers_5___seed_1_1761468207
4505600,1-Training-Losses/approx_kl,3.235165786463767e-05,Pong1PQFM_XObs_entangled_trainable_rzz_QLayers_5___seed_1_1761468207
4509696,1-Training-Losses/approx_kl,3.623412339948118e-05,Pong1PQFM_XObs_entangled_trainable_rzz_QLayers_5___seed_1_1761468207
4513792,1-Training-Losses/approx_kl,0.0002211811806773767,Pong1PQFM_XObs_entangled_trainable_rzz_QLayers_5___seed_1_1761468207
4517888,1-Training-Losses/approx_kl,0.00019778628484345973,Pong1PQFM_XObs_entangled_trainable_rzz_QLayers_5___seed_1_1761468207
4521984,1-Training-Losses/approx_kl,2.8723181458190084e-05,Pong1PQFM_XObs_entangled_trainable_rzz_QLayers_5___seed_1_1761468207
4526080,1-Training-Losses/approx_kl,4.0830811485648155e-05,Pong1PQFM_XObs_entangled_trainable_rzz_QLayers_5___seed_1_1761468207
4530176,1-Training-Losses/approx_kl,2.2837979486212134e-05,Pong1PQFM_XObs_entangled_trainable_rzz_QLayers_5___seed_1_1761468207
4534272,1-Training-Losses/approx_kl,1.9811384845525026e-05,Pong1PQFM_XObs_entangled_trainable_rzz_QLayers_5___seed_1_1761468207
4538368,1-Training-Losses/approx_kl,2.681754995137453e-05,Pong1PQFM_XObs_entangled_trainable_rzz_QLayers_5___seed_1_1761468207
4542464,1-Training-Losses/approx_kl,2.7625297661870718e-05,Pong1PQFM_XObs_entangled_trainable_rzz_QLayers_5___seed_1_1761468207
4546560,1-Training-Losses/approx_kl,7.719646964687854e-05,Pong1PQFM_XObs_entangled_trainable_rzz_QLayers_5___seed_1_1761468207
4550656,1-Training-Losses/approx_kl,6.35758915450424e-05,Pong1PQFM_XObs_entangled_trainable_rzz_QLayers_5___seed_1_1761468207
4554752,1-Training-Losses/approx_kl,4.323458415456116e-05,Pong1PQFM_XObs_entangled_trainable_rzz_QLayers_5___seed_1_1761468207
4558848,1-Training-Losses/approx_kl,2.0573483197949827e-05,Pong1PQFM_XObs_entangled_trainable_rzz_QLayers_5___seed_1_1761468207
4562944,1-Training-Losses/approx_kl,4.9607944674789906e-05,Pong1PQFM_XObs_entangled_trainable_rzz_QLayers_5___seed_1_1761468207
4567040,1-Training-Losses/approx_kl,0.00015988072846084833,Pong1PQFM_XObs_entangled_trainable_rzz_QLayers_5___seed_1_1761468207
4571136,1-Training-Losses/approx_kl,0.00013142501120455563,Pong1PQFM_XObs_entangled_trainable_rzz_QLayers_5___seed_1_1761468207
4575232,1-Training-Losses/approx_kl,6.862505688332021e-05,Pong1PQFM_XObs_entangled_trainable_rzz_QLayers_5___seed_1_1761468207
4579328,1-Training-Losses/approx_kl,5.9245125157758594e-05,Pong1PQFM_XObs_entangled_trainable_rzz_QLayers_5___seed_1_1761468207
4583424,1-Training-Losses/approx_kl,3.585075319278985e-05,Pong1PQFM_XObs_entangled_trainable_rzz_QLayers_5___seed_1_1761468207
4587520,1-Training-Losses/approx_kl,9.828308247961104e-05,Pong1PQFM_XObs_entangled_trainable_rzz_QLayers_5___seed_1_1761468207
4591616,1-Training-Losses/approx_kl,0.000653273134957999,Pong1PQFM_XObs_entangled_trainable_rzz_QLayers_5___seed_1_1761468207
4595712,1-Training-Losses/approx_kl,0.00047884631203487515,Pong1PQFM_XObs_entangled_trainable_rzz_QLayers_5___seed_1_1761468207
4599808,1-Training-Losses/approx_kl,0.00017635383119340986,Pong1PQFM_XObs_entangled_trainable_rzz_QLayers_5___seed_1_1761468207
4603904,1-Training-Losses/approx_kl,0.00012583646457642317,Pong1PQFM_XObs_entangled_trainable_rzz_QLayers_5___seed_1_1761468207
4608000,1-Training-Losses/approx_kl,5.190202500671148e-05,Pong1PQFM_XObs_entangled_trainable_rzz_QLayers_5___seed_1_1761468207
4612096,1-Training-Losses/approx_kl,9.593175491318107e-06,Pong1PQFM_XObs_entangled_trainable_rzz_QLayers_5___seed_1_1761468207
4616192,1-Training-Losses/approx_kl,1.5214362065307796e-05,Pong1PQFM_XObs_entangled_trainable_rzz_QLayers_5___seed_1_1761468207
4620288,1-Training-Losses/approx_kl,1.7956961528398097e-05,Pong1PQFM_XObs_entangled_trainable_rzz_QLayers_5___seed_1_1761468207
4624384,1-Training-Losses/approx_kl,0.00012165293446741998,Pong1PQFM_XObs_entangled_trainable_rzz_QLayers_5___seed_1_1761468207
4628480,1-Training-Losses/approx_kl,0.000137554612592794,Pong1PQFM_XObs_entangled_trainable_rzz_QLayers_5___seed_1_1761468207
4632576,1-Training-Losses/approx_kl,0.0001950589066836983,Pong1PQFM_XObs_entangled_trainable_rzz_QLayers_5___seed_1_1761468207
4636672,1-Training-Losses/approx_kl,0.00028821369051001966,Pong1PQFM_XObs_entangled_trainable_rzz_QLayers_5___seed_1_1761468207
4640768,1-Training-Losses/approx_kl,0.00026448251446709037,Pong1PQFM_XObs_entangled_trainable_rzz_QLayers_5___seed_1_1761468207
4644864,1-Training-Losses/approx_kl,0.0001532389287604019,Pong1PQFM_XObs_entangled_trainable_rzz_QLayers_5___seed_1_1761468207
4648960,1-Training-Losses/approx_kl,8.567358599975705e-05,Pong1PQFM_XObs_entangled_trainable_rzz_QLayers_5___seed_1_1761468207
4653056,1-Training-Losses/approx_kl,6.033245881553739e-05,Pong1PQFM_XObs_entangled_trainable_rzz_QLayers_5___seed_1_1761468207
4657152,1-Training-Losses/approx_kl,4.516469198279083e-05,Pong1PQFM_XObs_entangled_trainable_rzz_QLayers_5___seed_1_1761468207
4661248,1-Training-Losses/approx_kl,6.195504101924598e-05,Pong1PQFM_XObs_entangled_trainable_rzz_QLayers_5___seed_1_1761468207
4665344,1-Training-Losses/approx_kl,0.00014574136002920568,Pong1PQFM_XObs_entangled_trainable_rzz_QLayers_5___seed_1_1761468207
4669440,1-Training-Losses/approx_kl,0.00025593553436920047,Pong1PQFM_XObs_entangled_trainable_rzz_QLayers_5___seed_1_1761468207
4673536,1-Training-Losses/approx_kl,0.0003293667105026543,Pong1PQFM_XObs_entangled_trainable_rzz_QLayers_5___seed_1_1761468207
4677632,1-Training-Losses/approx_kl,0.0002498682006262243,Pong1PQFM_XObs_entangled_trainable_rzz_QLayers_5___seed_1_1761468207
4681728,1-Training-Losses/approx_kl,1.4659424778074026e-05,Pong1PQFM_XObs_entangled_trainable_rzz_QLayers_5___seed_1_1761468207
4685824,1-Training-Losses/approx_kl,3.290610038675368e-05,Pong1PQFM_XObs_entangled_trainable_rzz_QLayers_5___seed_1_1761468207
4689920,1-Training-Losses/approx_kl,4.444162186700851e-05,Pong1PQFM_XObs_entangled_trainable_rzz_QLayers_5___seed_1_1761468207
4694016,1-Training-Losses/approx_kl,7.925001409603283e-05,Pong1PQFM_XObs_entangled_trainable_rzz_QLayers_5___seed_1_1761468207
4698112,1-Training-Losses/approx_kl,8.52993834996596e-05,Pong1PQFM_XObs_entangled_trainable_rzz_QLayers_5___seed_1_1761468207
4702208,1-Training-Losses/approx_kl,3.842682053800672e-05,Pong1PQFM_XObs_entangled_trainable_rzz_QLayers_5___seed_1_1761468207
4706304,1-Training-Losses/approx_kl,4.1742619941942394e-05,Pong1PQFM_XObs_entangled_trainable_rzz_QLayers_5___seed_1_1761468207
4710400,1-Training-Losses/approx_kl,5.435454659163952e-05,Pong1PQFM_XObs_entangled_trainable_rzz_QLayers_5___seed_1_1761468207
4714496,1-Training-Losses/approx_kl,4.613882629200816e-05,Pong1PQFM_XObs_entangled_trainable_rzz_QLayers_5___seed_1_1761468207
4718592,1-Training-Losses/approx_kl,8.794874884188175e-05,Pong1PQFM_XObs_entangled_trainable_rzz_QLayers_5___seed_1_1761468207
4722688,1-Training-Losses/approx_kl,0.00017275437130592763,Pong1PQFM_XObs_entangled_trainable_rzz_QLayers_5___seed_1_1761468207
4726784,1-Training-Losses/approx_kl,1.831770350690931e-05,Pong1PQFM_XObs_entangled_trainable_rzz_QLayers_5___seed_1_1761468207
4730880,1-Training-Losses/approx_kl,4.558335058391094e-05,Pong1PQFM_XObs_entangled_trainable_rzz_QLayers_5___seed_1_1761468207
4734976,1-Training-Losses/approx_kl,5.0589078455232084e-05,Pong1PQFM_XObs_entangled_trainable_rzz_QLayers_5___seed_1_1761468207
4739072,1-Training-Losses/approx_kl,8.349651761818677e-05,Pong1PQFM_XObs_entangled_trainable_rzz_QLayers_5___seed_1_1761468207
4743168,1-Training-Losses/approx_kl,5.2068455261178315e-05,Pong1PQFM_XObs_entangled_trainable_rzz_QLayers_5___seed_1_1761468207
4747264,1-Training-Losses/approx_kl,0.00011176840052939951,Pong1PQFM_XObs_entangled_trainable_rzz_QLayers_5___seed_1_1761468207
4751360,1-Training-Losses/approx_kl,0.0003503750776872039,Pong1PQFM_XObs_entangled_trainable_rzz_QLayers_5___seed_1_1761468207
4755456,1-Training-Losses/approx_kl,0.00015747244469821453,Pong1PQFM_XObs_entangled_trainable_rzz_QLayers_5___seed_1_1761468207
4759552,1-Training-Losses/approx_kl,2.2468477254733443e-05,Pong1PQFM_XObs_entangled_trainable_rzz_QLayers_5___seed_1_1761468207
4763648,1-Training-Losses/approx_kl,4.168367013335228e-05,Pong1PQFM_XObs_entangled_trainable_rzz_QLayers_5___seed_1_1761468207
4767744,1-Training-Losses/approx_kl,0.00010122991807293147,Pong1PQFM_XObs_entangled_trainable_rzz_QLayers_5___seed_1_1761468207
4771840,1-Training-Losses/approx_kl,0.000102566322311759,Pong1PQFM_XObs_entangled_trainable_rzz_QLayers_5___seed_1_1761468207
4775936,1-Training-Losses/approx_kl,5.931012856308371e-05,Pong1PQFM_XObs_entangled_trainable_rzz_QLayers_5___seed_1_1761468207
4780032,1-Training-Losses/approx_kl,2.512235369067639e-05,Pong1PQFM_XObs_entangled_trainable_rzz_QLayers_5___seed_1_1761468207
4784128,1-Training-Losses/approx_kl,0.0001140342210419476,Pong1PQFM_XObs_entangled_trainable_rzz_QLayers_5___seed_1_1761468207
4788224,1-Training-Losses/approx_kl,9.057222632691264e-05,Pong1PQFM_XObs_entangled_trainable_rzz_QLayers_5___seed_1_1761468207
4792320,1-Training-Losses/approx_kl,2.4567358195781708e-05,Pong1PQFM_XObs_entangled_trainable_rzz_QLayers_5___seed_1_1761468207
4796416,1-Training-Losses/approx_kl,4.106298729311675e-05,Pong1PQFM_XObs_entangled_trainable_rzz_QLayers_5___seed_1_1761468207
4800512,1-Training-Losses/approx_kl,3.116713196504861e-05,Pong1PQFM_XObs_entangled_trainable_rzz_QLayers_5___seed_1_1761468207
4804608,1-Training-Losses/approx_kl,7.712446677032858e-05,Pong1PQFM_XObs_entangled_trainable_rzz_QLayers_5___seed_1_1761468207
4808704,1-Training-Losses/approx_kl,8.638126018922776e-05,Pong1PQFM_XObs_entangled_trainable_rzz_QLayers_5___seed_1_1761468207
4812800,1-Training-Losses/approx_kl,4.9378679250366986e-05,Pong1PQFM_XObs_entangled_trainable_rzz_QLayers_5___seed_1_1761468207
4816896,1-Training-Losses/approx_kl,4.378872108645737e-05,Pong1PQFM_XObs_entangled_trainable_rzz_QLayers_5___seed_1_1761468207
4820992,1-Training-Losses/approx_kl,7.403103518299758e-05,Pong1PQFM_XObs_entangled_trainable_rzz_QLayers_5___seed_1_1761468207
4825088,1-Training-Losses/approx_kl,9.685363329481333e-05,Pong1PQFM_XObs_entangled_trainable_rzz_QLayers_5___seed_1_1761468207
4829184,1-Training-Losses/approx_kl,4.354782868176699e-05,Pong1PQFM_XObs_entangled_trainable_rzz_QLayers_5___seed_1_1761468207
4833280,1-Training-Losses/approx_kl,9.051083179656416e-05,Pong1PQFM_XObs_entangled_trainable_rzz_QLayers_5___seed_1_1761468207
4837376,1-Training-Losses/approx_kl,0.000180120172444731,Pong1PQFM_XObs_entangled_trainable_rzz_QLayers_5___seed_1_1761468207
4841472,1-Training-Losses/approx_kl,0.00015882695151958615,Pong1PQFM_XObs_entangled_trainable_rzz_QLayers_5___seed_1_1761468207
4845568,1-Training-Losses/approx_kl,6.655043398495764e-05,Pong1PQFM_XObs_entangled_trainable_rzz_QLayers_5___seed_1_1761468207
4849664,1-Training-Losses/approx_kl,3.900153387803584e-05,Pong1PQFM_XObs_entangled_trainable_rzz_QLayers_5___seed_1_1761468207
4853760,1-Training-Losses/approx_kl,2.9553353670053184e-05,Pong1PQFM_XObs_entangled_trainable_rzz_QLayers_5___seed_1_1761468207
4857856,1-Training-Losses/approx_kl,0.0001553473703097552,Pong1PQFM_XObs_entangled_trainable_rzz_QLayers_5___seed_1_1761468207
4861952,1-Training-Losses/approx_kl,0.0001805891515687108,Pong1PQFM_XObs_entangled_trainable_rzz_QLayers_5___seed_1_1761468207
4866048,1-Training-Losses/approx_kl,0.0001325124321738258,Pong1PQFM_XObs_entangled_trainable_rzz_QLayers_5___seed_1_1761468207
4870144,1-Training-Losses/approx_kl,6.475472764577717e-05,Pong1PQFM_XObs_entangled_trainable_rzz_QLayers_5___seed_1_1761468207
4874240,1-Training-Losses/approx_kl,9.144205250777304e-05,Pong1PQFM_XObs_entangled_trainable_rzz_QLayers_5___seed_1_1761468207
4878336,1-Training-Losses/approx_kl,0.000123425226774998,Pong1PQFM_XObs_entangled_trainable_rzz_QLayers_5___seed_1_1761468207
4882432,1-Training-Losses/approx_kl,0.0001587207952979952,Pong1PQFM_XObs_entangled_trainable_rzz_QLayers_5___seed_1_1761468207
4886528,1-Training-Losses/approx_kl,8.273303683381528e-05,Pong1PQFM_XObs_entangled_trainable_rzz_QLayers_5___seed_1_1761468207
4890624,1-Training-Losses/approx_kl,2.968563057947904e-05,Pong1PQFM_XObs_entangled_trainable_rzz_QLayers_5___seed_1_1761468207
4894720,1-Training-Losses/approx_kl,0.00023851894366089255,Pong1PQFM_XObs_entangled_trainable_rzz_QLayers_5___seed_1_1761468207
4898816,1-Training-Losses/approx_kl,0.00026403425727039576,Pong1PQFM_XObs_entangled_trainable_rzz_QLayers_5___seed_1_1761468207
4902912,1-Training-Losses/approx_kl,0.00019745413737837225,Pong1PQFM_XObs_entangled_trainable_rzz_QLayers_5___seed_1_1761468207
4907008,1-Training-Losses/approx_kl,0.00017124802980106324,Pong1PQFM_XObs_entangled_trainable_rzz_QLayers_5___seed_1_1761468207
4911104,1-Training-Losses/approx_kl,0.00010054747690446675,Pong1PQFM_XObs_entangled_trainable_rzz_QLayers_5___seed_1_1761468207
4915200,1-Training-Losses/approx_kl,3.9448117604479194e-05,Pong1PQFM_XObs_entangled_trainable_rzz_QLayers_5___seed_1_1761468207
4919296,1-Training-Losses/approx_kl,0.00015129370149224997,Pong1PQFM_XObs_entangled_trainable_rzz_QLayers_5___seed_1_1761468207
4923392,1-Training-Losses/approx_kl,4.030684067402035e-05,Pong1PQFM_XObs_entangled_trainable_rzz_QLayers_5___seed_1_1761468207
4927488,1-Training-Losses/approx_kl,4.5748616685159504e-05,Pong1PQFM_XObs_entangled_trainable_rzz_QLayers_5___seed_1_1761468207
4931584,1-Training-Losses/approx_kl,0.00015777269436512142,Pong1PQFM_XObs_entangled_trainable_rzz_QLayers_5___seed_1_1761468207
4935680,1-Training-Losses/approx_kl,0.00019416873692534864,Pong1PQFM_XObs_entangled_trainable_rzz_QLayers_5___seed_1_1761468207
4939776,1-Training-Losses/approx_kl,0.00013854235294274986,Pong1PQFM_XObs_entangled_trainable_rzz_QLayers_5___seed_1_1761468207
4943872,1-Training-Losses/approx_kl,0.0005399651126936078,Pong1PQFM_XObs_entangled_trainable_rzz_QLayers_5___seed_1_1761468207
4947968,1-Training-Losses/approx_kl,0.00010737146658357233,Pong1PQFM_XObs_entangled_trainable_rzz_QLayers_5___seed_1_1761468207
4952064,1-Training-Losses/approx_kl,2.5237022782675922e-05,Pong1PQFM_XObs_entangled_trainable_rzz_QLayers_5___seed_1_1761468207
4956160,1-Training-Losses/approx_kl,8.042388071771711e-05,Pong1PQFM_XObs_entangled_trainable_rzz_QLayers_5___seed_1_1761468207
4960256,1-Training-Losses/approx_kl,0.00022328074555844069,Pong1PQFM_XObs_entangled_trainable_rzz_QLayers_5___seed_1_1761468207
4964352,1-Training-Losses/approx_kl,0.0001004600926535204,Pong1PQFM_XObs_entangled_trainable_rzz_QLayers_5___seed_1_1761468207
4968448,1-Training-Losses/approx_kl,6.216108158696443e-05,Pong1PQFM_XObs_entangled_trainable_rzz_QLayers_5___seed_1_1761468207
4972544,1-Training-Losses/approx_kl,0.0001317875285167247,Pong1PQFM_XObs_entangled_trainable_rzz_QLayers_5___seed_1_1761468207
4976640,1-Training-Losses/approx_kl,0.00043581350473687053,Pong1PQFM_XObs_entangled_trainable_rzz_QLayers_5___seed_1_1761468207
4980736,1-Training-Losses/approx_kl,0.00048504481674171984,Pong1PQFM_XObs_entangled_trainable_rzz_QLayers_5___seed_1_1761468207
4984832,1-Training-Losses/approx_kl,0.00018355398788116872,Pong1PQFM_XObs_entangled_trainable_rzz_QLayers_5___seed_1_1761468207
4988928,1-Training-Losses/approx_kl,9.82825004030019e-05,Pong1PQFM_XObs_entangled_trainable_rzz_QLayers_5___seed_1_1761468207
4993024,1-Training-Losses/approx_kl,2.8321577701717615e-05,Pong1PQFM_XObs_entangled_trainable_rzz_QLayers_5___seed_1_1761468207
4997120,1-Training-Losses/approx_kl,2.2722961148247123e-05,Pong1PQFM_XObs_entangled_trainable_rzz_QLayers_5___seed_1_1761468207
5001216,1-Training-Losses/approx_kl,2.410222077742219e-05,Pong1PQFM_XObs_entangled_trainable_rzz_QLayers_5___seed_1_1761468207
5005312,1-Training-Losses/approx_kl,2.5479297619313e-05,Pong1PQFM_XObs_entangled_trainable_rzz_QLayers_5___seed_1_1761468207
5009408,1-Training-Losses/approx_kl,4.281716246623546e-05,Pong1PQFM_XObs_entangled_trainable_rzz_QLayers_5___seed_1_1761468207
5013504,1-Training-Losses/approx_kl,5.8963021729141474e-05,Pong1PQFM_XObs_entangled_trainable_rzz_QLayers_5___seed_1_1761468207
5017600,1-Training-Losses/approx_kl,7.089765858836472e-05,Pong1PQFM_XObs_entangled_trainable_rzz_QLayers_5___seed_1_1761468207
5021696,1-Training-Losses/approx_kl,8.350959978997707e-05,Pong1PQFM_XObs_entangled_trainable_rzz_QLayers_5___seed_1_1761468207
5025792,1-Training-Losses/approx_kl,7.79789115767926e-05,Pong1PQFM_XObs_entangled_trainable_rzz_QLayers_5___seed_1_1761468207
5029888,1-Training-Losses/approx_kl,4.597382212523371e-05,Pong1PQFM_XObs_entangled_trainable_rzz_QLayers_5___seed_1_1761468207
5033984,1-Training-Losses/approx_kl,4.836043081013486e-05,Pong1PQFM_XObs_entangled_trainable_rzz_QLayers_5___seed_1_1761468207
5038080,1-Training-Losses/approx_kl,3.211440343875438e-05,Pong1PQFM_XObs_entangled_trainable_rzz_QLayers_5___seed_1_1761468207
5042176,1-Training-Losses/approx_kl,2.35577899729833e-05,Pong1PQFM_XObs_entangled_trainable_rzz_QLayers_5___seed_1_1761468207
5046272,1-Training-Losses/approx_kl,4.8792382585816085e-05,Pong1PQFM_XObs_entangled_trainable_rzz_QLayers_5___seed_1_1761468207
5050368,1-Training-Losses/approx_kl,9.339291136711836e-05,Pong1PQFM_XObs_entangled_trainable_rzz_QLayers_5___seed_1_1761468207
5054464,1-Training-Losses/approx_kl,7.047974213492125e-05,Pong1PQFM_XObs_entangled_trainable_rzz_QLayers_5___seed_1_1761468207
5058560,1-Training-Losses/approx_kl,5.2224830142222345e-05,Pong1PQFM_XObs_entangled_trainable_rzz_QLayers_5___seed_1_1761468207
5062656,1-Training-Losses/approx_kl,5.1118156989105046e-05,Pong1PQFM_XObs_entangled_trainable_rzz_QLayers_5___seed_1_1761468207
5066752,1-Training-Losses/approx_kl,1.570206950418651e-05,Pong1PQFM_XObs_entangled_trainable_rzz_QLayers_5___seed_1_1761468207
5070848,1-Training-Losses/approx_kl,3.549862594809383e-05,Pong1PQFM_XObs_entangled_trainable_rzz_QLayers_5___seed_1_1761468207
5074944,1-Training-Losses/approx_kl,0.00035703484900295734,Pong1PQFM_XObs_entangled_trainable_rzz_QLayers_5___seed_1_1761468207
5079040,1-Training-Losses/approx_kl,0.0005805642576888204,Pong1PQFM_XObs_entangled_trainable_rzz_QLayers_5___seed_1_1761468207
5083136,1-Training-Losses/approx_kl,0.0003723340341821313,Pong1PQFM_XObs_entangled_trainable_rzz_QLayers_5___seed_1_1761468207
5087232,1-Training-Losses/approx_kl,0.00017044032574631274,Pong1PQFM_XObs_entangled_trainable_rzz_QLayers_5___seed_1_1761468207
5091328,1-Training-Losses/approx_kl,0.00010890532576013356,Pong1PQFM_XObs_entangled_trainable_rzz_QLayers_5___seed_1_1761468207
5095424,1-Training-Losses/approx_kl,9.1495894594118e-05,Pong1PQFM_XObs_entangled_trainable_rzz_QLayers_5___seed_1_1761468207
5099520,1-Training-Losses/approx_kl,0.00018623939831741154,Pong1PQFM_XObs_entangled_trainable_rzz_QLayers_5___seed_1_1761468207
5103616,1-Training-Losses/approx_kl,0.00025647072470746934,Pong1PQFM_XObs_entangled_trainable_rzz_QLayers_5___seed_1_1761468207
5107712,1-Training-Losses/approx_kl,0.00015770729805808514,Pong1PQFM_XObs_entangled_trainable_rzz_QLayers_5___seed_1_1761468207
5111808,1-Training-Losses/approx_kl,0.0002607486676424742,Pong1PQFM_XObs_entangled_trainable_rzz_QLayers_5___seed_1_1761468207
5115904,1-Training-Losses/approx_kl,0.00020246712665539235,Pong1PQFM_XObs_entangled_trainable_rzz_QLayers_5___seed_1_1761468207
5120000,1-Training-Losses/approx_kl,9.004909952636808e-05,Pong1PQFM_XObs_entangled_trainable_rzz_QLayers_5___seed_1_1761468207
5124096,1-Training-Losses/approx_kl,0.0001243453734787181,Pong1PQFM_XObs_entangled_trainable_rzz_QLayers_5___seed_1_1761468207
5128192,1-Training-Losses/approx_kl,0.00029633159283548594,Pong1PQFM_XObs_entangled_trainable_rzz_QLayers_5___seed_1_1761468207
5132288,1-Training-Losses/approx_kl,0.00016621692338958383,Pong1PQFM_XObs_entangled_trainable_rzz_QLayers_5___seed_1_1761468207
5136384,1-Training-Losses/approx_kl,8.094687655102462e-05,Pong1PQFM_XObs_entangled_trainable_rzz_QLayers_5___seed_1_1761468207
5140480,1-Training-Losses/approx_kl,7.396431465167552e-05,Pong1PQFM_XObs_entangled_trainable_rzz_QLayers_5___seed_1_1761468207
5144576,1-Training-Losses/approx_kl,2.005613350775093e-05,Pong1PQFM_XObs_entangled_trainable_rzz_QLayers_5___seed_1_1761468207
5148672,1-Training-Losses/approx_kl,3.536914300639182e-05,Pong1PQFM_XObs_entangled_trainable_rzz_QLayers_5___seed_1_1761468207
5152768,1-Training-Losses/approx_kl,2.516958920750767e-05,Pong1PQFM_XObs_entangled_trainable_rzz_QLayers_5___seed_1_1761468207
5156864,1-Training-Losses/approx_kl,5.632838292513043e-05,Pong1PQFM_XObs_entangled_trainable_rzz_QLayers_5___seed_1_1761468207
5160960,1-Training-Losses/approx_kl,0.00024427141761407256,Pong1PQFM_XObs_entangled_trainable_rzz_QLayers_5___seed_1_1761468207
5165056,1-Training-Losses/approx_kl,0.0003738229279406369,Pong1PQFM_XObs_entangled_trainable_rzz_QLayers_5___seed_1_1761468207
5169152,1-Training-Losses/approx_kl,0.00020317765302024782,Pong1PQFM_XObs_entangled_trainable_rzz_QLayers_5___seed_1_1761468207
5173248,1-Training-Losses/approx_kl,0.0001247828477062285,Pong1PQFM_XObs_entangled_trainable_rzz_QLayers_5___seed_1_1761468207
5177344,1-Training-Losses/approx_kl,0.00016586460696998984,Pong1PQFM_XObs_entangled_trainable_rzz_QLayers_5___seed_1_1761468207
5181440,1-Training-Losses/approx_kl,0.00016758430865593255,Pong1PQFM_XObs_entangled_trainable_rzz_QLayers_5___seed_1_1761468207
5185536,1-Training-Losses/approx_kl,9.067624341696501e-05,Pong1PQFM_XObs_entangled_trainable_rzz_QLayers_5___seed_1_1761468207
5189632,1-Training-Losses/approx_kl,1.9604616682045162e-05,Pong1PQFM_XObs_entangled_trainable_rzz_QLayers_5___seed_1_1761468207
5193728,1-Training-Losses/approx_kl,1.641028211452067e-05,Pong1PQFM_XObs_entangled_trainable_rzz_QLayers_5___seed_1_1761468207
5197824,1-Training-Losses/approx_kl,9.55415889620781e-05,Pong1PQFM_XObs_entangled_trainable_rzz_QLayers_5___seed_1_1761468207
5201920,1-Training-Losses/approx_kl,0.00031940246117301285,Pong1PQFM_XObs_entangled_trainable_rzz_QLayers_5___seed_1_1761468207
5206016,1-Training-Losses/approx_kl,0.0005740690976381302,Pong1PQFM_XObs_entangled_trainable_rzz_QLayers_5___seed_1_1761468207
5210112,1-Training-Losses/approx_kl,0.00033469253685325384,Pong1PQFM_XObs_entangled_trainable_rzz_QLayers_5___seed_1_1761468207
5214208,1-Training-Losses/approx_kl,0.00020238131401129067,Pong1PQFM_XObs_entangled_trainable_rzz_QLayers_5___seed_1_1761468207
5218304,1-Training-Losses/approx_kl,0.00028752294019795954,Pong1PQFM_XObs_entangled_trainable_rzz_QLayers_5___seed_1_1761468207
5222400,1-Training-Losses/approx_kl,0.00024143197515513748,Pong1PQFM_XObs_entangled_trainable_rzz_QLayers_5___seed_1_1761468207
5226496,1-Training-Losses/approx_kl,9.198175393976271e-05,Pong1PQFM_XObs_entangled_trainable_rzz_QLayers_5___seed_1_1761468207
5230592,1-Training-Losses/approx_kl,4.8860558308660984e-05,Pong1PQFM_XObs_entangled_trainable_rzz_QLayers_5___seed_1_1761468207
5234688,1-Training-Losses/approx_kl,9.682179370429367e-05,Pong1PQFM_XObs_entangled_trainable_rzz_QLayers_5___seed_1_1761468207
5238784,1-Training-Losses/approx_kl,9.420346759725362e-05,Pong1PQFM_XObs_entangled_trainable_rzz_QLayers_5___seed_1_1761468207
5242880,1-Training-Losses/approx_kl,8.795472967904061e-05,Pong1PQFM_XObs_entangled_trainable_rzz_QLayers_5___seed_1_1761468207
5246976,1-Training-Losses/approx_kl,4.7288587666116655e-05,Pong1PQFM_XObs_entangled_trainable_rzz_QLayers_5___seed_1_1761468207
5251072,1-Training-Losses/approx_kl,2.257493179058656e-05,Pong1PQFM_XObs_entangled_trainable_rzz_QLayers_5___seed_1_1761468207
5255168,1-Training-Losses/approx_kl,0.00013846674119122326,Pong1PQFM_XObs_entangled_trainable_rzz_QLayers_5___seed_1_1761468207
5259264,1-Training-Losses/approx_kl,0.00015905604232102633,Pong1PQFM_XObs_entangled_trainable_rzz_QLayers_5___seed_1_1761468207
5263360,1-Training-Losses/approx_kl,5.58354367967695e-05,Pong1PQFM_XObs_entangled_trainable_rzz_QLayers_5___seed_1_1761468207
5267456,1-Training-Losses/approx_kl,5.462177796289325e-05,Pong1PQFM_XObs_entangled_trainable_rzz_QLayers_5___seed_1_1761468207
5271552,1-Training-Losses/approx_kl,4.0459170122630894e-05,Pong1PQFM_XObs_entangled_trainable_rzz_QLayers_5___seed_1_1761468207
5275648,1-Training-Losses/approx_kl,5.471067561302334e-05,Pong1PQFM_XObs_entangled_trainable_rzz_QLayers_5___seed_1_1761468207
5279744,1-Training-Losses/approx_kl,3.639985516201705e-05,Pong1PQFM_XObs_entangled_trainable_rzz_QLayers_5___seed_1_1761468207
5283840,1-Training-Losses/approx_kl,0.000236921725445427,Pong1PQFM_XObs_entangled_trainable_rzz_QLayers_5___seed_1_1761468207
5287936,1-Training-Losses/approx_kl,0.0002106451865984127,Pong1PQFM_XObs_entangled_trainable_rzz_QLayers_5___seed_1_1761468207
5292032,1-Training-Losses/approx_kl,5.581548612099141e-05,Pong1PQFM_XObs_entangled_trainable_rzz_QLayers_5___seed_1_1761468207
5296128,1-Training-Losses/approx_kl,2.022407716140151e-05,Pong1PQFM_XObs_entangled_trainable_rzz_QLayers_5___seed_1_1761468207
5300224,1-Training-Losses/approx_kl,2.0662540919147432e-05,Pong1PQFM_XObs_entangled_trainable_rzz_QLayers_5___seed_1_1761468207
5304320,1-Training-Losses/approx_kl,8.059405081439763e-05,Pong1PQFM_XObs_entangled_trainable_rzz_QLayers_5___seed_1_1761468207
5308416,1-Training-Losses/approx_kl,0.00017560315609443933,Pong1PQFM_XObs_entangled_trainable_rzz_QLayers_5___seed_1_1761468207
5312512,1-Training-Losses/approx_kl,0.0002651106915436685,Pong1PQFM_XObs_entangled_trainable_rzz_QLayers_5___seed_1_1761468207
5316608,1-Training-Losses/approx_kl,5.252927076071501e-05,Pong1PQFM_XObs_entangled_trainable_rzz_QLayers_5___seed_1_1761468207
5320704,1-Training-Losses/approx_kl,1.008695107884705e-05,Pong1PQFM_XObs_entangled_trainable_rzz_QLayers_5___seed_1_1761468207
5324800,1-Training-Losses/approx_kl,5.1724331569857895e-05,Pong1PQFM_XObs_entangled_trainable_rzz_QLayers_5___seed_1_1761468207
5328896,1-Training-Losses/approx_kl,0.00012512117973528802,Pong1PQFM_XObs_entangled_trainable_rzz_QLayers_5___seed_1_1761468207
5332992,1-Training-Losses/approx_kl,1.7654718249104917e-05,Pong1PQFM_XObs_entangled_trainable_rzz_QLayers_5___seed_1_1761468207
5337088,1-Training-Losses/approx_kl,4.896637983620167e-05,Pong1PQFM_XObs_entangled_trainable_rzz_QLayers_5___seed_1_1761468207
5341184,1-Training-Losses/approx_kl,0.00019460420298855752,Pong1PQFM_XObs_entangled_trainable_rzz_QLayers_5___seed_1_1761468207
5345280,1-Training-Losses/approx_kl,0.00026270770467817783,Pong1PQFM_XObs_entangled_trainable_rzz_QLayers_5___seed_1_1761468207
5349376,1-Training-Losses/approx_kl,0.0005548287299461663,Pong1PQFM_XObs_entangled_trainable_rzz_QLayers_5___seed_1_1761468207
5353472,1-Training-Losses/approx_kl,0.0001748064678395167,Pong1PQFM_XObs_entangled_trainable_rzz_QLayers_5___seed_1_1761468207
5357568,1-Training-Losses/approx_kl,9.931785461958498e-05,Pong1PQFM_XObs_entangled_trainable_rzz_QLayers_5___seed_1_1761468207
5361664,1-Training-Losses/approx_kl,4.275827086530626e-05,Pong1PQFM_XObs_entangled_trainable_rzz_QLayers_5___seed_1_1761468207
5365760,1-Training-Losses/approx_kl,0.00024662172654643655,Pong1PQFM_XObs_entangled_trainable_rzz_QLayers_5___seed_1_1761468207
5369856,1-Training-Losses/approx_kl,8.820591028779745e-05,Pong1PQFM_XObs_entangled_trainable_rzz_QLayers_5___seed_1_1761468207
5373952,1-Training-Losses/approx_kl,0.0001295536058023572,Pong1PQFM_XObs_entangled_trainable_rzz_QLayers_5___seed_1_1761468207
5378048,1-Training-Losses/approx_kl,0.00010575346823316067,Pong1PQFM_XObs_entangled_trainable_rzz_QLayers_5___seed_1_1761468207
5382144,1-Training-Losses/approx_kl,2.4283304810523987e-05,Pong1PQFM_XObs_entangled_trainable_rzz_QLayers_5___seed_1_1761468207
5386240,1-Training-Losses/approx_kl,5.908604362048209e-05,Pong1PQFM_XObs_entangled_trainable_rzz_QLayers_5___seed_1_1761468207
5390336,1-Training-Losses/approx_kl,0.00013858426245860755,Pong1PQFM_XObs_entangled_trainable_rzz_QLayers_5___seed_1_1761468207
5394432,1-Training-Losses/approx_kl,0.00024535367265343666,Pong1PQFM_XObs_entangled_trainable_rzz_QLayers_5___seed_1_1761468207
5398528,1-Training-Losses/approx_kl,0.00026698061265051365,Pong1PQFM_XObs_entangled_trainable_rzz_QLayers_5___seed_1_1761468207
5402624,1-Training-Losses/approx_kl,0.00020767521345987916,Pong1PQFM_XObs_entangled_trainable_rzz_QLayers_5___seed_1_1761468207
5406720,1-Training-Losses/approx_kl,5.73393190279603e-05,Pong1PQFM_XObs_entangled_trainable_rzz_QLayers_5___seed_1_1761468207
5410816,1-Training-Losses/approx_kl,7.4190611485391855e-06,Pong1PQFM_XObs_entangled_trainable_rzz_QLayers_5___seed_1_1761468207
5414912,1-Training-Losses/approx_kl,5.456642247736454e-05,Pong1PQFM_XObs_entangled_trainable_rzz_QLayers_5___seed_1_1761468207
5419008,1-Training-Losses/approx_kl,5.4352989536710083e-05,Pong1PQFM_XObs_entangled_trainable_rzz_QLayers_5___seed_1_1761468207
5423104,1-Training-Losses/approx_kl,6.92674657329917e-05,Pong1PQFM_XObs_entangled_trainable_rzz_QLayers_5___seed_1_1761468207
5427200,1-Training-Losses/approx_kl,6.0881051467731595e-05,Pong1PQFM_XObs_entangled_trainable_rzz_QLayers_5___seed_1_1761468207
5431296,1-Training-Losses/approx_kl,0.00014373422891367227,Pong1PQFM_XObs_entangled_trainable_rzz_QLayers_5___seed_1_1761468207
5435392,1-Training-Losses/approx_kl,9.85507940640673e-05,Pong1PQFM_XObs_entangled_trainable_rzz_QLayers_5___seed_1_1761468207
5439488,1-Training-Losses/approx_kl,0.00010716067481553182,Pong1PQFM_XObs_entangled_trainable_rzz_QLayers_5___seed_1_1761468207
5443584,1-Training-Losses/approx_kl,9.321347170043737e-05,Pong1PQFM_XObs_entangled_trainable_rzz_QLayers_5___seed_1_1761468207
5447680,1-Training-Losses/approx_kl,7.545265543740243e-05,Pong1PQFM_XObs_entangled_trainable_rzz_QLayers_5___seed_1_1761468207
5451776,1-Training-Losses/approx_kl,7.711525540798903e-06,Pong1PQFM_XObs_entangled_trainable_rzz_QLayers_5___seed_1_1761468207
5455872,1-Training-Losses/approx_kl,3.635369648691267e-05,Pong1PQFM_XObs_entangled_trainable_rzz_QLayers_5___seed_1_1761468207
5459968,1-Training-Losses/approx_kl,0.00017666823987383395,Pong1PQFM_XObs_entangled_trainable_rzz_QLayers_5___seed_1_1761468207
5464064,1-Training-Losses/approx_kl,8.29007476568222e-05,Pong1PQFM_XObs_entangled_trainable_rzz_QLayers_5___seed_1_1761468207
5468160,1-Training-Losses/approx_kl,2.1941305021755397e-05,Pong1PQFM_XObs_entangled_trainable_rzz_QLayers_5___seed_1_1761468207
5472256,1-Training-Losses/approx_kl,1.4047662261873484e-05,Pong1PQFM_XObs_entangled_trainable_rzz_QLayers_5___seed_1_1761468207
5476352,1-Training-Losses/approx_kl,0.00011832118616439402,Pong1PQFM_XObs_entangled_trainable_rzz_QLayers_5___seed_1_1761468207
5480448,1-Training-Losses/approx_kl,4.72042738692835e-05,Pong1PQFM_XObs_entangled_trainable_rzz_QLayers_5___seed_1_1761468207
5484544,1-Training-Losses/approx_kl,3.907226346200332e-05,Pong1PQFM_XObs_entangled_trainable_rzz_QLayers_5___seed_1_1761468207
5488640,1-Training-Losses/approx_kl,6.840037531219423e-05,Pong1PQFM_XObs_entangled_trainable_rzz_QLayers_5___seed_1_1761468207
5492736,1-Training-Losses/approx_kl,4.36290429206565e-05,Pong1PQFM_XObs_entangled_trainable_rzz_QLayers_5___seed_1_1761468207
5496832,1-Training-Losses/approx_kl,2.987027255585417e-05,Pong1PQFM_XObs_entangled_trainable_rzz_QLayers_5___seed_1_1761468207
5500928,1-Training-Losses/approx_kl,4.50123188784346e-05,Pong1PQFM_XObs_entangled_trainable_rzz_QLayers_5___seed_1_1761468207
5505024,1-Training-Losses/approx_kl,3.791456401813775e-05,Pong1PQFM_XObs_entangled_trainable_rzz_QLayers_5___seed_1_1761468207
5509120,1-Training-Losses/approx_kl,6.694332114420831e-05,Pong1PQFM_XObs_entangled_trainable_rzz_QLayers_5___seed_1_1761468207
5513216,1-Training-Losses/approx_kl,0.00014464497508015484,Pong1PQFM_XObs_entangled_trainable_rzz_QLayers_5___seed_1_1761468207
5517312,1-Training-Losses/approx_kl,0.0001686790055828169,Pong1PQFM_XObs_entangled_trainable_rzz_QLayers_5___seed_1_1761468207
5521408,1-Training-Losses/approx_kl,6.31324655842036e-05,Pong1PQFM_XObs_entangled_trainable_rzz_QLayers_5___seed_1_1761468207
5525504,1-Training-Losses/approx_kl,8.516559319104999e-05,Pong1PQFM_XObs_entangled_trainable_rzz_QLayers_5___seed_1_1761468207
5529600,1-Training-Losses/approx_kl,0.00018431214266456664,Pong1PQFM_XObs_entangled_trainable_rzz_QLayers_5___seed_1_1761468207
5533696,1-Training-Losses/approx_kl,0.00020234605472069234,Pong1PQFM_XObs_entangled_trainable_rzz_QLayers_5___seed_1_1761468207
5537792,1-Training-Losses/approx_kl,0.0002510400954633951,Pong1PQFM_XObs_entangled_trainable_rzz_QLayers_5___seed_1_1761468207
5541888,1-Training-Losses/approx_kl,0.00010728898632805794,Pong1PQFM_XObs_entangled_trainable_rzz_QLayers_5___seed_1_1761468207
5545984,1-Training-Losses/approx_kl,6.0841586673632264e-05,Pong1PQFM_XObs_entangled_trainable_rzz_QLayers_5___seed_1_1761468207
5550080,1-Training-Losses/approx_kl,3.256971831433475e-05,Pong1PQFM_XObs_entangled_trainable_rzz_QLayers_5___seed_1_1761468207
5554176,1-Training-Losses/approx_kl,0.00010289440979249775,Pong1PQFM_XObs_entangled_trainable_rzz_QLayers_5___seed_1_1761468207
5558272,1-Training-Losses/approx_kl,0.00012716170749627054,Pong1PQFM_XObs_entangled_trainable_rzz_QLayers_5___seed_1_1761468207
5562368,1-Training-Losses/approx_kl,0.00015272002201527357,Pong1PQFM_XObs_entangled_trainable_rzz_QLayers_5___seed_1_1761468207
5566464,1-Training-Losses/approx_kl,7.7165721450001e-05,Pong1PQFM_XObs_entangled_trainable_rzz_QLayers_5___seed_1_1761468207
5570560,1-Training-Losses/approx_kl,9.049763320945203e-06,Pong1PQFM_XObs_entangled_trainable_rzz_QLayers_5___seed_1_1761468207
5574656,1-Training-Losses/approx_kl,6.897297862451524e-05,Pong1PQFM_XObs_entangled_trainable_rzz_QLayers_5___seed_1_1761468207
5578752,1-Training-Losses/approx_kl,8.659208833705634e-05,Pong1PQFM_XObs_entangled_trainable_rzz_QLayers_5___seed_1_1761468207
5582848,1-Training-Losses/approx_kl,5.951777711743489e-05,Pong1PQFM_XObs_entangled_trainable_rzz_QLayers_5___seed_1_1761468207
5586944,1-Training-Losses/approx_kl,2.6759851607494056e-05,Pong1PQFM_XObs_entangled_trainable_rzz_QLayers_5___seed_1_1761468207
5591040,1-Training-Losses/approx_kl,8.430070010945201e-06,Pong1PQFM_XObs_entangled_trainable_rzz_QLayers_5___seed_1_1761468207
5595136,1-Training-Losses/approx_kl,4.61866584373638e-05,Pong1PQFM_XObs_entangled_trainable_rzz_QLayers_5___seed_1_1761468207
5599232,1-Training-Losses/approx_kl,8.804905519355088e-05,Pong1PQFM_XObs_entangled_trainable_rzz_QLayers_5___seed_1_1761468207
5603328,1-Training-Losses/approx_kl,2.179024158976972e-05,Pong1PQFM_XObs_entangled_trainable_rzz_QLayers_5___seed_1_1761468207
5607424,1-Training-Losses/approx_kl,1.4168872439768165e-05,Pong1PQFM_XObs_entangled_trainable_rzz_QLayers_5___seed_1_1761468207
5611520,1-Training-Losses/approx_kl,2.3325919755734503e-05,Pong1PQFM_XObs_entangled_trainable_rzz_QLayers_5___seed_1_1761468207
5615616,1-Training-Losses/approx_kl,2.9456321499310434e-05,Pong1PQFM_XObs_entangled_trainable_rzz_QLayers_5___seed_1_1761468207
5619712,1-Training-Losses/approx_kl,0.00012436673569027334,Pong1PQFM_XObs_entangled_trainable_rzz_QLayers_5___seed_1_1761468207
5623808,1-Training-Losses/approx_kl,7.638904935447499e-05,Pong1PQFM_XObs_entangled_trainable_rzz_QLayers_5___seed_1_1761468207
5627904,1-Training-Losses/approx_kl,1.45474768942222e-05,Pong1PQFM_XObs_entangled_trainable_rzz_QLayers_5___seed_1_1761468207
5632000,1-Training-Losses/approx_kl,1.8259393982589245e-05,Pong1PQFM_XObs_entangled_trainable_rzz_QLayers_5___seed_1_1761468207
5636096,1-Training-Losses/approx_kl,0.00010191492037847638,Pong1PQFM_XObs_entangled_trainable_rzz_QLayers_5___seed_1_1761468207
5640192,1-Training-Losses/approx_kl,0.00010076187754748389,Pong1PQFM_XObs_entangled_trainable_rzz_QLayers_5___seed_1_1761468207
5644288,1-Training-Losses/approx_kl,6.415165262296796e-05,Pong1PQFM_XObs_entangled_trainable_rzz_QLayers_5___seed_1_1761468207
5648384,1-Training-Losses/approx_kl,7.203374116215855e-05,Pong1PQFM_XObs_entangled_trainable_rzz_QLayers_5___seed_1_1761468207
5652480,1-Training-Losses/approx_kl,4.2833904444705695e-05,Pong1PQFM_XObs_entangled_trainable_rzz_QLayers_5___seed_1_1761468207
5656576,1-Training-Losses/approx_kl,4.5903027057647705e-05,Pong1PQFM_XObs_entangled_trainable_rzz_QLayers_5___seed_1_1761468207
5660672,1-Training-Losses/approx_kl,7.863916107453406e-05,Pong1PQFM_XObs_entangled_trainable_rzz_QLayers_5___seed_1_1761468207
5664768,1-Training-Losses/approx_kl,3.0246330425143242e-05,Pong1PQFM_XObs_entangled_trainable_rzz_QLayers_5___seed_1_1761468207
5668864,1-Training-Losses/approx_kl,2.4263354134745896e-05,Pong1PQFM_XObs_entangled_trainable_rzz_QLayers_5___seed_1_1761468207
5672960,1-Training-Losses/approx_kl,1.830969995353371e-05,Pong1PQFM_XObs_entangled_trainable_rzz_QLayers_5___seed_1_1761468207
5677056,1-Training-Losses/approx_kl,2.816935011651367e-05,Pong1PQFM_XObs_entangled_trainable_rzz_QLayers_5___seed_1_1761468207
5681152,1-Training-Losses/approx_kl,3.257392381783575e-05,Pong1PQFM_XObs_entangled_trainable_rzz_QLayers_5___seed_1_1761468207
5685248,1-Training-Losses/approx_kl,4.761235322803259e-05,Pong1PQFM_XObs_entangled_trainable_rzz_QLayers_5___seed_1_1761468207
5689344,1-Training-Losses/approx_kl,4.1470848373137414e-05,Pong1PQFM_XObs_entangled_trainable_rzz_QLayers_5___seed_1_1761468207
5693440,1-Training-Losses/approx_kl,4.0253522456623614e-05,Pong1PQFM_XObs_entangled_trainable_rzz_QLayers_5___seed_1_1761468207
5697536,1-Training-Losses/approx_kl,4.345245542936027e-05,Pong1PQFM_XObs_entangled_trainable_rzz_QLayers_5___seed_1_1761468207
5701632,1-Training-Losses/approx_kl,5.0573129556141794e-05,Pong1PQFM_XObs_entangled_trainable_rzz_QLayers_5___seed_1_1761468207
5705728,1-Training-Losses/approx_kl,3.358097455929965e-05,Pong1PQFM_XObs_entangled_trainable_rzz_QLayers_5___seed_1_1761468207
5709824,1-Training-Losses/approx_kl,2.7228030376136303e-05,Pong1PQFM_XObs_entangled_trainable_rzz_QLayers_5___seed_1_1761468207
5713920,1-Training-Losses/approx_kl,4.508905112743378e-05,Pong1PQFM_XObs_entangled_trainable_rzz_QLayers_5___seed_1_1761468207
5718016,1-Training-Losses/approx_kl,6.571842095581815e-05,Pong1PQFM_XObs_entangled_trainable_rzz_QLayers_5___seed_1_1761468207
5722112,1-Training-Losses/approx_kl,3.22784690069966e-05,Pong1PQFM_XObs_entangled_trainable_rzz_QLayers_5___seed_1_1761468207
5726208,1-Training-Losses/approx_kl,5.860041710548103e-06,Pong1PQFM_XObs_entangled_trainable_rzz_QLayers_5___seed_1_1761468207
5730304,1-Training-Losses/approx_kl,9.193710866384208e-06,Pong1PQFM_XObs_entangled_trainable_rzz_QLayers_5___seed_1_1761468207
5734400,1-Training-Losses/approx_kl,3.3046031603589654e-05,Pong1PQFM_XObs_entangled_trainable_rzz_QLayers_5___seed_1_1761468207
5738496,1-Training-Losses/approx_kl,3.228966670576483e-05,Pong1PQFM_XObs_entangled_trainable_rzz_QLayers_5___seed_1_1761468207
5742592,1-Training-Losses/approx_kl,1.6965837858151644e-05,Pong1PQFM_XObs_entangled_trainable_rzz_QLayers_5___seed_1_1761468207
5746688,1-Training-Losses/approx_kl,2.7051588403992355e-05,Pong1PQFM_XObs_entangled_trainable_rzz_QLayers_5___seed_1_1761468207
5750784,1-Training-Losses/approx_kl,8.685557986609638e-05,Pong1PQFM_XObs_entangled_trainable_rzz_QLayers_5___seed_1_1761468207
5754880,1-Training-Losses/approx_kl,9.096447320189327e-05,Pong1PQFM_XObs_entangled_trainable_rzz_QLayers_5___seed_1_1761468207
5758976,1-Training-Losses/approx_kl,6.720048259012401e-05,Pong1PQFM_XObs_entangled_trainable_rzz_QLayers_5___seed_1_1761468207
5763072,1-Training-Losses/approx_kl,5.397603672463447e-05,Pong1PQFM_XObs_entangled_trainable_rzz_QLayers_5___seed_1_1761468207
5767168,1-Training-Losses/approx_kl,5.742184293922037e-05,Pong1PQFM_XObs_entangled_trainable_rzz_QLayers_5___seed_1_1761468207
5771264,1-Training-Losses/approx_kl,0.0001156909711426124,Pong1PQFM_XObs_entangled_trainable_rzz_QLayers_5___seed_1_1761468207
5775360,1-Training-Losses/approx_kl,0.00036804465344175696,Pong1PQFM_XObs_entangled_trainable_rzz_QLayers_5___seed_1_1761468207
5779456,1-Training-Losses/approx_kl,0.00046579958871006966,Pong1PQFM_XObs_entangled_trainable_rzz_QLayers_5___seed_1_1761468207
5783552,1-Training-Losses/approx_kl,0.00044251978397369385,Pong1PQFM_XObs_entangled_trainable_rzz_QLayers_5___seed_1_1761468207
5787648,1-Training-Losses/approx_kl,0.000517864478752017,Pong1PQFM_XObs_entangled_trainable_rzz_QLayers_5___seed_1_1761468207
5791744,1-Training-Losses/approx_kl,0.0002647083019837737,Pong1PQFM_XObs_entangled_trainable_rzz_QLayers_5___seed_1_1761468207
5795840,1-Training-Losses/approx_kl,6.437396223191172e-05,Pong1PQFM_XObs_entangled_trainable_rzz_QLayers_5___seed_1_1761468207
5799936,1-Training-Losses/approx_kl,0.0001021668576868251,Pong1PQFM_XObs_entangled_trainable_rzz_QLayers_5___seed_1_1761468207
5804032,1-Training-Losses/approx_kl,0.00010276658576913178,Pong1PQFM_XObs_entangled_trainable_rzz_QLayers_5___seed_1_1761468207
5808128,1-Training-Losses/approx_kl,5.656605935655534e-05,Pong1PQFM_XObs_entangled_trainable_rzz_QLayers_5___seed_1_1761468207
5812224,1-Training-Losses/approx_kl,0.0002282587083755061,Pong1PQFM_XObs_entangled_trainable_rzz_QLayers_5___seed_1_1761468207
5816320,1-Training-Losses/approx_kl,0.0004089274152647704,Pong1PQFM_XObs_entangled_trainable_rzz_QLayers_5___seed_1_1761468207
5820416,1-Training-Losses/approx_kl,0.00028983986703678966,Pong1PQFM_XObs_entangled_trainable_rzz_QLayers_5___seed_1_1761468207
5824512,1-Training-Losses/approx_kl,0.0003485704946797341,Pong1PQFM_XObs_entangled_trainable_rzz_QLayers_5___seed_1_1761468207
5828608,1-Training-Losses/approx_kl,0.0005298880860209465,Pong1PQFM_XObs_entangled_trainable_rzz_QLayers_5___seed_1_1761468207
5832704,1-Training-Losses/approx_kl,0.00017718742310535163,Pong1PQFM_XObs_entangled_trainable_rzz_QLayers_5___seed_1_1761468207
5836800,1-Training-Losses/approx_kl,1.6343663446605206e-05,Pong1PQFM_XObs_entangled_trainable_rzz_QLayers_5___seed_1_1761468207
5840896,1-Training-Losses/approx_kl,1.67373800650239e-05,Pong1PQFM_XObs_entangled_trainable_rzz_QLayers_5___seed_1_1761468207
5844992,1-Training-Losses/approx_kl,1.5046738553792238e-05,Pong1PQFM_XObs_entangled_trainable_rzz_QLayers_5___seed_1_1761468207
5849088,1-Training-Losses/approx_kl,4.584668204188347e-06,Pong1PQFM_XObs_entangled_trainable_rzz_QLayers_5___seed_1_1761468207
5853184,1-Training-Losses/approx_kl,2.14950559893623e-05,Pong1PQFM_XObs_entangled_trainable_rzz_QLayers_5___seed_1_1761468207
5857280,1-Training-Losses/approx_kl,2.7636924642138183e-05,Pong1PQFM_XObs_entangled_trainable_rzz_QLayers_5___seed_1_1761468207
5861376,1-Training-Losses/approx_kl,2.790029247989878e-05,Pong1PQFM_XObs_entangled_trainable_rzz_QLayers_5___seed_1_1761468207
5865472,1-Training-Losses/approx_kl,6.592314457520843e-05,Pong1PQFM_XObs_entangled_trainable_rzz_QLayers_5___seed_1_1761468207
5869568,1-Training-Losses/approx_kl,0.00020215052063576877,Pong1PQFM_XObs_entangled_trainable_rzz_QLayers_5___seed_1_1761468207
5873664,1-Training-Losses/approx_kl,0.00020482513355091214,Pong1PQFM_XObs_entangled_trainable_rzz_QLayers_5___seed_1_1761468207
5877760,1-Training-Losses/approx_kl,0.0002714575966820121,Pong1PQFM_XObs_entangled_trainable_rzz_QLayers_5___seed_1_1761468207
5881856,1-Training-Losses/approx_kl,1.1461597750894725e-05,Pong1PQFM_XObs_entangled_trainable_rzz_QLayers_5___seed_1_1761468207
5885952,1-Training-Losses/approx_kl,0.00015746682765893638,Pong1PQFM_XObs_entangled_trainable_rzz_QLayers_5___seed_1_1761468207
5890048,1-Training-Losses/approx_kl,0.00016035762382671237,Pong1PQFM_XObs_entangled_trainable_rzz_QLayers_5___seed_1_1761468207
5894144,1-Training-Losses/approx_kl,5.696346488548443e-05,Pong1PQFM_XObs_entangled_trainable_rzz_QLayers_5___seed_1_1761468207
5898240,1-Training-Losses/approx_kl,1.3580909580923617e-05,Pong1PQFM_XObs_entangled_trainable_rzz_QLayers_5___seed_1_1761468207
5902336,1-Training-Losses/approx_kl,2.3673128453083336e-05,Pong1PQFM_XObs_entangled_trainable_rzz_QLayers_5___seed_1_1761468207
5906432,1-Training-Losses/approx_kl,6.450935325119644e-05,Pong1PQFM_XObs_entangled_trainable_rzz_QLayers_5___seed_1_1761468207
5910528,1-Training-Losses/approx_kl,0.00021902982553001493,Pong1PQFM_XObs_entangled_trainable_rzz_QLayers_5___seed_1_1761468207
5914624,1-Training-Losses/approx_kl,0.0002958487020805478,Pong1PQFM_XObs_entangled_trainable_rzz_QLayers_5___seed_1_1761468207
5918720,1-Training-Losses/approx_kl,7.909820124041289e-05,Pong1PQFM_XObs_entangled_trainable_rzz_QLayers_5___seed_1_1761468207
5922816,1-Training-Losses/approx_kl,6.126552761998028e-05,Pong1PQFM_XObs_entangled_trainable_rzz_QLayers_5___seed_1_1761468207
5926912,1-Training-Losses/approx_kl,8.073702338151634e-05,Pong1PQFM_XObs_entangled_trainable_rzz_QLayers_5___seed_1_1761468207
5931008,1-Training-Losses/approx_kl,0.00011824896500911564,Pong1PQFM_XObs_entangled_trainable_rzz_QLayers_5___seed_1_1761468207
5935104,1-Training-Losses/approx_kl,4.533273749984801e-05,Pong1PQFM_XObs_entangled_trainable_rzz_QLayers_5___seed_1_1761468207
5939200,1-Training-Losses/approx_kl,4.64127297163941e-05,Pong1PQFM_XObs_entangled_trainable_rzz_QLayers_5___seed_1_1761468207
5943296,1-Training-Losses/approx_kl,2.7683679945766926e-05,Pong1PQFM_XObs_entangled_trainable_rzz_QLayers_5___seed_1_1761468207
5947392,1-Training-Losses/approx_kl,7.159519009292126e-05,Pong1PQFM_XObs_entangled_trainable_rzz_QLayers_5___seed_1_1761468207
5951488,1-Training-Losses/approx_kl,3.8994388887658715e-05,Pong1PQFM_XObs_entangled_trainable_rzz_QLayers_5___seed_1_1761468207
5955584,1-Training-Losses/approx_kl,1.030819839797914e-05,Pong1PQFM_XObs_entangled_trainable_rzz_QLayers_5___seed_1_1761468207
5959680,1-Training-Losses/approx_kl,5.9389276430010796e-06,Pong1PQFM_XObs_entangled_trainable_rzz_QLayers_5___seed_1_1761468207
5963776,1-Training-Losses/approx_kl,3.6707278923131526e-05,Pong1PQFM_XObs_entangled_trainable_rzz_QLayers_5___seed_1_1761468207
5967872,1-Training-Losses/approx_kl,0.00016478492761962116,Pong1PQFM_XObs_entangled_trainable_rzz_QLayers_5___seed_1_1761468207
5971968,1-Training-Losses/approx_kl,5.911716289119795e-05,Pong1PQFM_XObs_entangled_trainable_rzz_QLayers_5___seed_1_1761468207
5976064,1-Training-Losses/approx_kl,1.880056515801698e-05,Pong1PQFM_XObs_entangled_trainable_rzz_QLayers_5___seed_1_1761468207
5980160,1-Training-Losses/approx_kl,3.4247146686539054e-05,Pong1PQFM_XObs_entangled_trainable_rzz_QLayers_5___seed_1_1761468207
5984256,1-Training-Losses/approx_kl,2.505354495951906e-05,Pong1PQFM_XObs_entangled_trainable_rzz_QLayers_5___seed_1_1761468207
5988352,1-Training-Losses/approx_kl,3.128364187432453e-05,Pong1PQFM_XObs_entangled_trainable_rzz_QLayers_5___seed_1_1761468207
5992448,1-Training-Losses/approx_kl,3.676753840409219e-05,Pong1PQFM_XObs_entangled_trainable_rzz_QLayers_5___seed_1_1761468207
5996544,1-Training-Losses/approx_kl,2.2678301320411265e-05,Pong1PQFM_XObs_entangled_trainable_rzz_QLayers_5___seed_1_1761468207
6000640,1-Training-Losses/approx_kl,4.1619117837399244e-05,Pong1PQFM_XObs_entangled_trainable_rzz_QLayers_5___seed_1_1761468207
6004736,1-Training-Losses/approx_kl,6.513245170935988e-05,Pong1PQFM_XObs_entangled_trainable_rzz_QLayers_5___seed_1_1761468207
6008832,1-Training-Losses/approx_kl,4.9873109674081206e-05,Pong1PQFM_XObs_entangled_trainable_rzz_QLayers_5___seed_1_1761468207
6012928,1-Training-Losses/approx_kl,2.8933514840900898e-05,Pong1PQFM_XObs_entangled_trainable_rzz_QLayers_5___seed_1_1761468207
6017024,1-Training-Losses/approx_kl,3.2373194699175656e-05,Pong1PQFM_XObs_entangled_trainable_rzz_QLayers_5___seed_1_1761468207
6021120,1-Training-Losses/approx_kl,3.258771903347224e-05,Pong1PQFM_XObs_entangled_trainable_rzz_QLayers_5___seed_1_1761468207
6025216,1-Training-Losses/approx_kl,6.888183997943997e-05,Pong1PQFM_XObs_entangled_trainable_rzz_QLayers_5___seed_1_1761468207
6029312,1-Training-Losses/approx_kl,7.759727304801345e-05,Pong1PQFM_XObs_entangled_trainable_rzz_QLayers_5___seed_1_1761468207
6033408,1-Training-Losses/approx_kl,0.00016100419452413917,Pong1PQFM_XObs_entangled_trainable_rzz_QLayers_5___seed_1_1761468207
6037504,1-Training-Losses/approx_kl,0.00013869757822249085,Pong1PQFM_XObs_entangled_trainable_rzz_QLayers_5___seed_1_1761468207
6041600,1-Training-Losses/approx_kl,8.924838766688481e-05,Pong1PQFM_XObs_entangled_trainable_rzz_QLayers_5___seed_1_1761468207
6045696,1-Training-Losses/approx_kl,0.0001788333902368322,Pong1PQFM_XObs_entangled_trainable_rzz_QLayers_5___seed_1_1761468207
6049792,1-Training-Losses/approx_kl,0.00010762034798972309,Pong1PQFM_XObs_entangled_trainable_rzz_QLayers_5___seed_1_1761468207
6053888,1-Training-Losses/approx_kl,0.00013588397996500134,Pong1PQFM_XObs_entangled_trainable_rzz_QLayers_5___seed_1_1761468207
6057984,1-Training-Losses/approx_kl,0.00024060701252892613,Pong1PQFM_XObs_entangled_trainable_rzz_QLayers_5___seed_1_1761468207
6062080,1-Training-Losses/approx_kl,0.00028867332730442286,Pong1PQFM_XObs_entangled_trainable_rzz_QLayers_5___seed_1_1761468207
6066176,1-Training-Losses/approx_kl,0.00037452566903084517,Pong1PQFM_XObs_entangled_trainable_rzz_QLayers_5___seed_1_1761468207
6070272,1-Training-Losses/approx_kl,0.00015978730516508222,Pong1PQFM_XObs_entangled_trainable_rzz_QLayers_5___seed_1_1761468207
6074368,1-Training-Losses/approx_kl,1.552779576741159e-05,Pong1PQFM_XObs_entangled_trainable_rzz_QLayers_5___seed_1_1761468207
6078464,1-Training-Losses/approx_kl,1.7233804101124406e-05,Pong1PQFM_XObs_entangled_trainable_rzz_QLayers_5___seed_1_1761468207
6082560,1-Training-Losses/approx_kl,3.799080150201917e-05,Pong1PQFM_XObs_entangled_trainable_rzz_QLayers_5___seed_1_1761468207
6086656,1-Training-Losses/approx_kl,3.8751852116547525e-05,Pong1PQFM_XObs_entangled_trainable_rzz_QLayers_5___seed_1_1761468207
6090752,1-Training-Losses/approx_kl,6.542803021147847e-06,Pong1PQFM_XObs_entangled_trainable_rzz_QLayers_5___seed_1_1761468207
6094848,1-Training-Losses/approx_kl,1.9094630260951817e-05,Pong1PQFM_XObs_entangled_trainable_rzz_QLayers_5___seed_1_1761468207
6098944,1-Training-Losses/approx_kl,3.000862488988787e-05,Pong1PQFM_XObs_entangled_trainable_rzz_QLayers_5___seed_1_1761468207
6103040,1-Training-Losses/approx_kl,4.8754343879409134e-05,Pong1PQFM_XObs_entangled_trainable_rzz_QLayers_5___seed_1_1761468207
6107136,1-Training-Losses/approx_kl,0.00015488530334550887,Pong1PQFM_XObs_entangled_trainable_rzz_QLayers_5___seed_1_1761468207
6111232,1-Training-Losses/approx_kl,0.00019392362446524203,Pong1PQFM_XObs_entangled_trainable_rzz_QLayers_5___seed_1_1761468207
6115328,1-Training-Losses/approx_kl,6.39927529846318e-05,Pong1PQFM_XObs_entangled_trainable_rzz_QLayers_5___seed_1_1761468207
6119424,1-Training-Losses/approx_kl,2.468712773406878e-05,Pong1PQFM_XObs_entangled_trainable_rzz_QLayers_5___seed_1_1761468207
6123520,1-Training-Losses/approx_kl,5.5127093219198287e-05,Pong1PQFM_XObs_entangled_trainable_rzz_QLayers_5___seed_1_1761468207
6127616,1-Training-Losses/approx_kl,2.945318556157872e-05,Pong1PQFM_XObs_entangled_trainable_rzz_QLayers_5___seed_1_1761468207
6131712,1-Training-Losses/approx_kl,2.0588384359143674e-05,Pong1PQFM_XObs_entangled_trainable_rzz_QLayers_5___seed_1_1761468207
6135808,1-Training-Losses/approx_kl,5.5319796956609935e-05,Pong1PQFM_XObs_entangled_trainable_rzz_QLayers_5___seed_1_1761468207
6139904,1-Training-Losses/approx_kl,5.0530084990896285e-05,Pong1PQFM_XObs_entangled_trainable_rzz_QLayers_5___seed_1_1761468207
6144000,1-Training-Losses/approx_kl,3.719358937814832e-05,Pong1PQFM_XObs_entangled_trainable_rzz_QLayers_5___seed_1_1761468207
6148096,1-Training-Losses/approx_kl,3.7039244489278644e-05,Pong1PQFM_XObs_entangled_trainable_rzz_QLayers_5___seed_1_1761468207
6152192,1-Training-Losses/approx_kl,1.2025913747493178e-05,Pong1PQFM_XObs_entangled_trainable_rzz_QLayers_5___seed_1_1761468207
6156288,1-Training-Losses/approx_kl,3.5729164665099233e-05,Pong1PQFM_XObs_entangled_trainable_rzz_QLayers_5___seed_1_1761468207
6160384,1-Training-Losses/approx_kl,6.365690205711871e-05,Pong1PQFM_XObs_entangled_trainable_rzz_QLayers_5___seed_1_1761468207
6164480,1-Training-Losses/approx_kl,4.4664309825748205e-05,Pong1PQFM_XObs_entangled_trainable_rzz_QLayers_5___seed_1_1761468207
6168576,1-Training-Losses/approx_kl,4.595798964146525e-05,Pong1PQFM_XObs_entangled_trainable_rzz_QLayers_5___seed_1_1761468207
6172672,1-Training-Losses/approx_kl,5.565328319789842e-05,Pong1PQFM_XObs_entangled_trainable_rzz_QLayers_5___seed_1_1761468207
6176768,1-Training-Losses/approx_kl,8.106351015157998e-05,Pong1PQFM_XObs_entangled_trainable_rzz_QLayers_5___seed_1_1761468207
6180864,1-Training-Losses/approx_kl,8.131710637826473e-05,Pong1PQFM_XObs_entangled_trainable_rzz_QLayers_5___seed_1_1761468207
6184960,1-Training-Losses/approx_kl,0.0001941859081853181,Pong1PQFM_XObs_entangled_trainable_rzz_QLayers_5___seed_1_1761468207
6189056,1-Training-Losses/approx_kl,0.00017448008293285966,Pong1PQFM_XObs_entangled_trainable_rzz_QLayers_5___seed_1_1761468207
6193152,1-Training-Losses/approx_kl,3.2652184017933905e-05,Pong1PQFM_XObs_entangled_trainable_rzz_QLayers_5___seed_1_1761468207
6197248,1-Training-Losses/approx_kl,1.6394536942243576e-05,Pong1PQFM_XObs_entangled_trainable_rzz_QLayers_5___seed_1_1761468207
6201344,1-Training-Losses/approx_kl,3.470160299912095e-05,Pong1PQFM_XObs_entangled_trainable_rzz_QLayers_5___seed_1_1761468207
6205440,1-Training-Losses/approx_kl,5.5056720157153904e-05,Pong1PQFM_XObs_entangled_trainable_rzz_QLayers_5___seed_1_1761468207
6209536,1-Training-Losses/approx_kl,5.812934250570834e-05,Pong1PQFM_XObs_entangled_trainable_rzz_QLayers_5___seed_1_1761468207
6213632,1-Training-Losses/approx_kl,0.0002491772756911814,Pong1PQFM_XObs_entangled_trainable_rzz_QLayers_5___seed_1_1761468207
6217728,1-Training-Losses/approx_kl,0.0001707236806396395,Pong1PQFM_XObs_entangled_trainable_rzz_QLayers_5___seed_1_1761468207
6221824,1-Training-Losses/approx_kl,8.397134661208838e-05,Pong1PQFM_XObs_entangled_trainable_rzz_QLayers_5___seed_1_1761468207
6225920,1-Training-Losses/approx_kl,4.887478280579671e-05,Pong1PQFM_XObs_entangled_trainable_rzz_QLayers_5___seed_1_1761468207
6230016,1-Training-Losses/approx_kl,3.061219467781484e-05,Pong1PQFM_XObs_entangled_trainable_rzz_QLayers_5___seed_1_1761468207
6234112,1-Training-Losses/approx_kl,4.751734377350658e-05,Pong1PQFM_XObs_entangled_trainable_rzz_QLayers_5___seed_1_1761468207
6238208,1-Training-Losses/approx_kl,6.737399962730706e-05,Pong1PQFM_XObs_entangled_trainable_rzz_QLayers_5___seed_1_1761468207
6242304,1-Training-Losses/approx_kl,7.706662290729582e-05,Pong1PQFM_XObs_entangled_trainable_rzz_QLayers_5___seed_1_1761468207
6246400,1-Training-Losses/approx_kl,6.133379065431654e-05,Pong1PQFM_XObs_entangled_trainable_rzz_QLayers_5___seed_1_1761468207
6250496,1-Training-Losses/approx_kl,6.15815952187404e-05,Pong1PQFM_XObs_entangled_trainable_rzz_QLayers_5___seed_1_1761468207
6254592,1-Training-Losses/approx_kl,0.00018311230815015733,Pong1PQFM_XObs_entangled_trainable_rzz_QLayers_5___seed_1_1761468207
6258688,1-Training-Losses/approx_kl,0.00017691653920337558,Pong1PQFM_XObs_entangled_trainable_rzz_QLayers_5___seed_1_1761468207
6262784,1-Training-Losses/approx_kl,4.785142664331943e-05,Pong1PQFM_XObs_entangled_trainable_rzz_QLayers_5___seed_1_1761468207
6266880,1-Training-Losses/approx_kl,2.1563682821579278e-05,Pong1PQFM_XObs_entangled_trainable_rzz_QLayers_5___seed_1_1761468207
6270976,1-Training-Losses/approx_kl,2.500777191016823e-05,Pong1PQFM_XObs_entangled_trainable_rzz_QLayers_5___seed_1_1761468207
6275072,1-Training-Losses/approx_kl,1.5841374988667667e-05,Pong1PQFM_XObs_entangled_trainable_rzz_QLayers_5___seed_1_1761468207
6279168,1-Training-Losses/approx_kl,5.321935168467462e-05,Pong1PQFM_XObs_entangled_trainable_rzz_QLayers_5___seed_1_1761468207
6283264,1-Training-Losses/approx_kl,8.337515464518219e-05,Pong1PQFM_XObs_entangled_trainable_rzz_QLayers_5___seed_1_1761468207
6287360,1-Training-Losses/approx_kl,0.0001348673104075715,Pong1PQFM_XObs_entangled_trainable_rzz_QLayers_5___seed_1_1761468207
6291456,1-Training-Losses/approx_kl,7.311128138098866e-05,Pong1PQFM_XObs_entangled_trainable_rzz_QLayers_5___seed_1_1761468207
6295552,1-Training-Losses/approx_kl,8.477501978632063e-05,Pong1PQFM_XObs_entangled_trainable_rzz_QLayers_5___seed_1_1761468207
6299648,1-Training-Losses/approx_kl,8.497538510710001e-05,Pong1PQFM_XObs_entangled_trainable_rzz_QLayers_5___seed_1_1761468207
6303744,1-Training-Losses/approx_kl,3.416460094740614e-05,Pong1PQFM_XObs_entangled_trainable_rzz_QLayers_5___seed_1_1761468207
6307840,1-Training-Losses/approx_kl,0.00013071692956145853,Pong1PQFM_XObs_entangled_trainable_rzz_QLayers_5___seed_1_1761468207
6311936,1-Training-Losses/approx_kl,0.0003774292999878526,Pong1PQFM_XObs_entangled_trainable_rzz_QLayers_5___seed_1_1761468207
6316032,1-Training-Losses/approx_kl,0.00024250533897429705,Pong1PQFM_XObs_entangled_trainable_rzz_QLayers_5___seed_1_1761468207
6320128,1-Training-Losses/approx_kl,6.63983155391179e-05,Pong1PQFM_XObs_entangled_trainable_rzz_QLayers_5___seed_1_1761468207
6324224,1-Training-Losses/approx_kl,8.882612746674567e-06,Pong1PQFM_XObs_entangled_trainable_rzz_QLayers_5___seed_1_1761468207
6328320,1-Training-Losses/approx_kl,6.767854210920632e-05,Pong1PQFM_XObs_entangled_trainable_rzz_QLayers_5___seed_1_1761468207
6332416,1-Training-Losses/approx_kl,8.983997395262122e-05,Pong1PQFM_XObs_entangled_trainable_rzz_QLayers_5___seed_1_1761468207
6336512,1-Training-Losses/approx_kl,5.485121801029891e-05,Pong1PQFM_XObs_entangled_trainable_rzz_QLayers_5___seed_1_1761468207
6340608,1-Training-Losses/approx_kl,8.589725621277466e-05,Pong1PQFM_XObs_entangled_trainable_rzz_QLayers_5___seed_1_1761468207
6344704,1-Training-Losses/approx_kl,0.00010852346895262599,Pong1PQFM_XObs_entangled_trainable_rzz_QLayers_5___seed_1_1761468207
6348800,1-Training-Losses/approx_kl,0.00014016071509104222,Pong1PQFM_XObs_entangled_trainable_rzz_QLayers_5___seed_1_1761468207
6352896,1-Training-Losses/approx_kl,8.604950562585145e-05,Pong1PQFM_XObs_entangled_trainable_rzz_QLayers_5___seed_1_1761468207
6356992,1-Training-Losses/approx_kl,2.8004214982502162e-05,Pong1PQFM_XObs_entangled_trainable_rzz_QLayers_5___seed_1_1761468207
6361088,1-Training-Losses/approx_kl,0.00010233869397779927,Pong1PQFM_XObs_entangled_trainable_rzz_QLayers_5___seed_1_1761468207
6365184,1-Training-Losses/approx_kl,6.346198642859235e-05,Pong1PQFM_XObs_entangled_trainable_rzz_QLayers_5___seed_1_1761468207
6369280,1-Training-Losses/approx_kl,2.1059451682958752e-05,Pong1PQFM_XObs_entangled_trainable_rzz_QLayers_5___seed_1_1761468207
6373376,1-Training-Losses/approx_kl,3.4509823308326304e-05,Pong1PQFM_XObs_entangled_trainable_rzz_QLayers_5___seed_1_1761468207
6377472,1-Training-Losses/approx_kl,6.372769712470472e-05,Pong1PQFM_XObs_entangled_trainable_rzz_QLayers_5___seed_1_1761468207
6381568,1-Training-Losses/approx_kl,4.351315146777779e-05,Pong1PQFM_XObs_entangled_trainable_rzz_QLayers_5___seed_1_1761468207
6385664,1-Training-Losses/approx_kl,4.650004848372191e-05,Pong1PQFM_XObs_entangled_trainable_rzz_QLayers_5___seed_1_1761468207
6389760,1-Training-Losses/approx_kl,8.463539415970445e-06,Pong1PQFM_XObs_entangled_trainable_rzz_QLayers_5___seed_1_1761468207
6393856,1-Training-Losses/approx_kl,2.2060252376832068e-05,Pong1PQFM_XObs_entangled_trainable_rzz_QLayers_5___seed_1_1761468207
6397952,1-Training-Losses/approx_kl,0.00019377435091882944,Pong1PQFM_XObs_entangled_trainable_rzz_QLayers_5___seed_1_1761468207
6402048,1-Training-Losses/approx_kl,0.0002722300705499947,Pong1PQFM_XObs_entangled_trainable_rzz_QLayers_5___seed_1_1761468207
6406144,1-Training-Losses/approx_kl,0.0002517587854526937,Pong1PQFM_XObs_entangled_trainable_rzz_QLayers_5___seed_1_1761468207
6410240,1-Training-Losses/approx_kl,0.00019413180416449904,Pong1PQFM_XObs_entangled_trainable_rzz_QLayers_5___seed_1_1761468207
6414336,1-Training-Losses/approx_kl,0.00010743382154032588,Pong1PQFM_XObs_entangled_trainable_rzz_QLayers_5___seed_1_1761468207
6418432,1-Training-Losses/approx_kl,5.648356454912573e-05,Pong1PQFM_XObs_entangled_trainable_rzz_QLayers_5___seed_1_1761468207
6422528,1-Training-Losses/approx_kl,6.40691869193688e-05,Pong1PQFM_XObs_entangled_trainable_rzz_QLayers_5___seed_1_1761468207
6426624,1-Training-Losses/approx_kl,8.693139534443617e-05,Pong1PQFM_XObs_entangled_trainable_rzz_QLayers_5___seed_1_1761468207
6430720,1-Training-Losses/approx_kl,2.1448911866173148e-05,Pong1PQFM_XObs_entangled_trainable_rzz_QLayers_5___seed_1_1761468207
6434816,1-Training-Losses/approx_kl,9.931107342708856e-06,Pong1PQFM_XObs_entangled_trainable_rzz_QLayers_5___seed_1_1761468207
6438912,1-Training-Losses/approx_kl,3.533170820446685e-05,Pong1PQFM_XObs_entangled_trainable_rzz_QLayers_5___seed_1_1761468207
6443008,1-Training-Losses/approx_kl,2.9643866582773626e-05,Pong1PQFM_XObs_entangled_trainable_rzz_QLayers_5___seed_1_1761468207
6447104,1-Training-Losses/approx_kl,2.087129541905597e-05,Pong1PQFM_XObs_entangled_trainable_rzz_QLayers_5___seed_1_1761468207
6451200,1-Training-Losses/approx_kl,5.569581117015332e-05,Pong1PQFM_XObs_entangled_trainable_rzz_QLayers_5___seed_1_1761468207
6455296,1-Training-Losses/approx_kl,2.6726294890977442e-05,Pong1PQFM_XObs_entangled_trainable_rzz_QLayers_5___seed_1_1761468207
6459392,1-Training-Losses/approx_kl,1.887006510514766e-05,Pong1PQFM_XObs_entangled_trainable_rzz_QLayers_5___seed_1_1761468207
6463488,1-Training-Losses/approx_kl,2.0989798940718174e-05,Pong1PQFM_XObs_entangled_trainable_rzz_QLayers_5___seed_1_1761468207
6467584,1-Training-Losses/approx_kl,1.001291093416512e-05,Pong1PQFM_XObs_entangled_trainable_rzz_QLayers_5___seed_1_1761468207
6471680,1-Training-Losses/approx_kl,1.7106009181588888e-05,Pong1PQFM_XObs_entangled_trainable_rzz_QLayers_5___seed_1_1761468207
6475776,1-Training-Losses/approx_kl,3.9473045035265386e-05,Pong1PQFM_XObs_entangled_trainable_rzz_QLayers_5___seed_1_1761468207
6479872,1-Training-Losses/approx_kl,1.4852332242298871e-05,Pong1PQFM_XObs_entangled_trainable_rzz_QLayers_5___seed_1_1761468207
6483968,1-Training-Losses/approx_kl,8.488450839649886e-05,Pong1PQFM_XObs_entangled_trainable_rzz_QLayers_5___seed_1_1761468207
6488064,1-Training-Losses/approx_kl,0.00018528004875406623,Pong1PQFM_XObs_entangled_trainable_rzz_QLayers_5___seed_1_1761468207
6492160,1-Training-Losses/approx_kl,0.00012129622336942703,Pong1PQFM_XObs_entangled_trainable_rzz_QLayers_5___seed_1_1761468207
6496256,1-Training-Losses/approx_kl,6.285989366006106e-05,Pong1PQFM_XObs_entangled_trainable_rzz_QLayers_5___seed_1_1761468207
6500352,1-Training-Losses/approx_kl,4.215698572807014e-05,Pong1PQFM_XObs_entangled_trainable_rzz_QLayers_5___seed_1_1761468207
6504448,1-Training-Losses/approx_kl,2.2745109163224697e-05,Pong1PQFM_XObs_entangled_trainable_rzz_QLayers_5___seed_1_1761468207
6508544,1-Training-Losses/approx_kl,9.510578820481896e-06,Pong1PQFM_XObs_entangled_trainable_rzz_QLayers_5___seed_1_1761468207
6512640,1-Training-Losses/approx_kl,4.905517562292516e-05,Pong1PQFM_XObs_entangled_trainable_rzz_QLayers_5___seed_1_1761468207
6516736,1-Training-Losses/approx_kl,3.257489879615605e-05,Pong1PQFM_XObs_entangled_trainable_rzz_QLayers_5___seed_1_1761468207
6520832,1-Training-Losses/approx_kl,1.0319839930161834e-05,Pong1PQFM_XObs_entangled_trainable_rzz_QLayers_5___seed_1_1761468207
6524928,1-Training-Losses/approx_kl,1.099234214052558e-05,Pong1PQFM_XObs_entangled_trainable_rzz_QLayers_5___seed_1_1761468207
6529024,1-Training-Losses/approx_kl,2.7401729312259704e-05,Pong1PQFM_XObs_entangled_trainable_rzz_QLayers_5___seed_1_1761468207
6533120,1-Training-Losses/approx_kl,0.00010399805614724755,Pong1PQFM_XObs_entangled_trainable_rzz_QLayers_5___seed_1_1761468207
6537216,1-Training-Losses/approx_kl,0.00018390908371657133,Pong1PQFM_XObs_entangled_trainable_rzz_QLayers_5___seed_1_1761468207
6541312,1-Training-Losses/approx_kl,8.256561704911292e-05,Pong1PQFM_XObs_entangled_trainable_rzz_QLayers_5___seed_1_1761468207
6545408,1-Training-Losses/approx_kl,2.3048429284244776e-05,Pong1PQFM_XObs_entangled_trainable_rzz_QLayers_5___seed_1_1761468207
6549504,1-Training-Losses/approx_kl,4.578231164487079e-05,Pong1PQFM_XObs_entangled_trainable_rzz_QLayers_5___seed_1_1761468207
6553600,1-Training-Losses/approx_kl,5.328307452145964e-05,Pong1PQFM_XObs_entangled_trainable_rzz_QLayers_5___seed_1_1761468207
6557696,1-Training-Losses/approx_kl,6.937870057299733e-05,Pong1PQFM_XObs_entangled_trainable_rzz_QLayers_5___seed_1_1761468207
6561792,1-Training-Losses/approx_kl,0.0001236217503901571,Pong1PQFM_XObs_entangled_trainable_rzz_QLayers_5___seed_1_1761468207
6565888,1-Training-Losses/approx_kl,6.647287955274805e-05,Pong1PQFM_XObs_entangled_trainable_rzz_QLayers_5___seed_1_1761468207
6569984,1-Training-Losses/approx_kl,5.600970325758681e-05,Pong1PQFM_XObs_entangled_trainable_rzz_QLayers_5___seed_1_1761468207
6574080,1-Training-Losses/approx_kl,3.680388908833265e-05,Pong1PQFM_XObs_entangled_trainable_rzz_QLayers_5___seed_1_1761468207
6578176,1-Training-Losses/approx_kl,3.5813834983855486e-05,Pong1PQFM_XObs_entangled_trainable_rzz_QLayers_5___seed_1_1761468207
6582272,1-Training-Losses/approx_kl,5.447408329928294e-05,Pong1PQFM_XObs_entangled_trainable_rzz_QLayers_5___seed_1_1761468207
6586368,1-Training-Losses/approx_kl,3.1802046578377485e-05,Pong1PQFM_XObs_entangled_trainable_rzz_QLayers_5___seed_1_1761468207
6590464,1-Training-Losses/approx_kl,3.8355952710844576e-05,Pong1PQFM_XObs_entangled_trainable_rzz_QLayers_5___seed_1_1761468207
6594560,1-Training-Losses/approx_kl,2.5719316909089684e-05,Pong1PQFM_XObs_entangled_trainable_rzz_QLayers_5___seed_1_1761468207
6598656,1-Training-Losses/approx_kl,3.565147198969498e-05,Pong1PQFM_XObs_entangled_trainable_rzz_QLayers_5___seed_1_1761468207
6602752,1-Training-Losses/approx_kl,3.8161088014021516e-05,Pong1PQFM_XObs_entangled_trainable_rzz_QLayers_5___seed_1_1761468207
6606848,1-Training-Losses/approx_kl,3.401300637051463e-05,Pong1PQFM_XObs_entangled_trainable_rzz_QLayers_5___seed_1_1761468207
6610944,1-Training-Losses/approx_kl,4.38296192442067e-05,Pong1PQFM_XObs_entangled_trainable_rzz_QLayers_5___seed_1_1761468207
6615040,1-Training-Losses/approx_kl,3.0059629352763295e-05,Pong1PQFM_XObs_entangled_trainable_rzz_QLayers_5___seed_1_1761468207
6619136,1-Training-Losses/approx_kl,3.93756345147267e-05,Pong1PQFM_XObs_entangled_trainable_rzz_QLayers_5___seed_1_1761468207
6623232,1-Training-Losses/approx_kl,4.8462257836945355e-05,Pong1PQFM_XObs_entangled_trainable_rzz_QLayers_5___seed_1_1761468207
6627328,1-Training-Losses/approx_kl,2.5440793251618743e-05,Pong1PQFM_XObs_entangled_trainable_rzz_QLayers_5___seed_1_1761468207
6631424,1-Training-Losses/approx_kl,8.90032752067782e-05,Pong1PQFM_XObs_entangled_trainable_rzz_QLayers_5___seed_1_1761468207
6635520,1-Training-Losses/approx_kl,1.7673097318038344e-05,Pong1PQFM_XObs_entangled_trainable_rzz_QLayers_5___seed_1_1761468207
6639616,1-Training-Losses/approx_kl,6.088145892135799e-05,Pong1PQFM_XObs_entangled_trainable_rzz_QLayers_5___seed_1_1761468207
6643712,1-Training-Losses/approx_kl,7.48841484892182e-05,Pong1PQFM_XObs_entangled_trainable_rzz_QLayers_5___seed_1_1761468207
6647808,1-Training-Losses/approx_kl,2.143927849829197e-05,Pong1PQFM_XObs_entangled_trainable_rzz_QLayers_5___seed_1_1761468207
6651904,1-Training-Losses/approx_kl,8.605391485616565e-06,Pong1PQFM_XObs_entangled_trainable_rzz_QLayers_5___seed_1_1761468207
6656000,1-Training-Losses/approx_kl,8.914241334423423e-06,Pong1PQFM_XObs_entangled_trainable_rzz_QLayers_5___seed_1_1761468207
6660096,1-Training-Losses/approx_kl,3.421666770009324e-05,Pong1PQFM_XObs_entangled_trainable_rzz_QLayers_5___seed_1_1761468207
6664192,1-Training-Losses/approx_kl,3.847084008157253e-05,Pong1PQFM_XObs_entangled_trainable_rzz_QLayers_5___seed_1_1761468207
6668288,1-Training-Losses/approx_kl,3.1812116503715515e-05,Pong1PQFM_XObs_entangled_trainable_rzz_QLayers_5___seed_1_1761468207
6672384,1-Training-Losses/approx_kl,2.338466583751142e-05,Pong1PQFM_XObs_entangled_trainable_rzz_QLayers_5___seed_1_1761468207
6676480,1-Training-Losses/approx_kl,3.1095900340005755e-05,Pong1PQFM_XObs_entangled_trainable_rzz_QLayers_5___seed_1_1761468207
6680576,1-Training-Losses/approx_kl,3.333437052788213e-05,Pong1PQFM_XObs_entangled_trainable_rzz_QLayers_5___seed_1_1761468207
6684672,1-Training-Losses/approx_kl,4.752371023641899e-05,Pong1PQFM_XObs_entangled_trainable_rzz_QLayers_5___seed_1_1761468207
6688768,1-Training-Losses/approx_kl,7.58055757614784e-05,Pong1PQFM_XObs_entangled_trainable_rzz_QLayers_5___seed_1_1761468207
6692864,1-Training-Losses/approx_kl,8.427268039667979e-05,Pong1PQFM_XObs_entangled_trainable_rzz_QLayers_5___seed_1_1761468207
6696960,1-Training-Losses/approx_kl,3.3229836844839156e-05,Pong1PQFM_XObs_entangled_trainable_rzz_QLayers_5___seed_1_1761468207
6701056,1-Training-Losses/approx_kl,4.191545303910971e-05,Pong1PQFM_XObs_entangled_trainable_rzz_QLayers_5___seed_1_1761468207
6705152,1-Training-Losses/approx_kl,3.688921424327418e-05,Pong1PQFM_XObs_entangled_trainable_rzz_QLayers_5___seed_1_1761468207
6709248,1-Training-Losses/approx_kl,1.4657598512712866e-05,Pong1PQFM_XObs_entangled_trainable_rzz_QLayers_5___seed_1_1761468207
6713344,1-Training-Losses/approx_kl,3.3844393328763545e-05,Pong1PQFM_XObs_entangled_trainable_rzz_QLayers_5___seed_1_1761468207
6717440,1-Training-Losses/approx_kl,7.019421900622547e-05,Pong1PQFM_XObs_entangled_trainable_rzz_QLayers_5___seed_1_1761468207
6721536,1-Training-Losses/approx_kl,3.13364143949002e-05,Pong1PQFM_XObs_entangled_trainable_rzz_QLayers_5___seed_1_1761468207
6725632,1-Training-Losses/approx_kl,1.7639300494920462e-05,Pong1PQFM_XObs_entangled_trainable_rzz_QLayers_5___seed_1_1761468207
6729728,1-Training-Losses/approx_kl,1.1320342309772968e-05,Pong1PQFM_XObs_entangled_trainable_rzz_QLayers_5___seed_1_1761468207
6733824,1-Training-Losses/approx_kl,8.047230949159712e-06,Pong1PQFM_XObs_entangled_trainable_rzz_QLayers_5___seed_1_1761468207
6737920,1-Training-Losses/approx_kl,3.496619319776073e-05,Pong1PQFM_XObs_entangled_trainable_rzz_QLayers_5___seed_1_1761468207
6742016,1-Training-Losses/approx_kl,9.249085269402713e-05,Pong1PQFM_XObs_entangled_trainable_rzz_QLayers_5___seed_1_1761468207
6746112,1-Training-Losses/approx_kl,5.520006379811093e-05,Pong1PQFM_XObs_entangled_trainable_rzz_QLayers_5___seed_1_1761468207
6750208,1-Training-Losses/approx_kl,6.202865915838629e-05,Pong1PQFM_XObs_entangled_trainable_rzz_QLayers_5___seed_1_1761468207
6754304,1-Training-Losses/approx_kl,0.00013704974844586104,Pong1PQFM_XObs_entangled_trainable_rzz_QLayers_5___seed_1_1761468207
6758400,1-Training-Losses/approx_kl,0.00010349384683649987,Pong1PQFM_XObs_entangled_trainable_rzz_QLayers_5___seed_1_1761468207
6762496,1-Training-Losses/approx_kl,0.00011248351074755192,Pong1PQFM_XObs_entangled_trainable_rzz_QLayers_5___seed_1_1761468207
6766592,1-Training-Losses/approx_kl,0.00012023761519230902,Pong1PQFM_XObs_entangled_trainable_rzz_QLayers_5___seed_1_1761468207
6770688,1-Training-Losses/approx_kl,6.142315396573395e-05,Pong1PQFM_XObs_entangled_trainable_rzz_QLayers_5___seed_1_1761468207
6774784,1-Training-Losses/approx_kl,5.590353248408064e-05,Pong1PQFM_XObs_entangled_trainable_rzz_QLayers_5___seed_1_1761468207
6778880,1-Training-Losses/approx_kl,4.315853584557772e-05,Pong1PQFM_XObs_entangled_trainable_rzz_QLayers_5___seed_1_1761468207
6782976,1-Training-Losses/approx_kl,9.857980330707505e-05,Pong1PQFM_XObs_entangled_trainable_rzz_QLayers_5___seed_1_1761468207
6787072,1-Training-Losses/approx_kl,0.00012267711281310767,Pong1PQFM_XObs_entangled_trainable_rzz_QLayers_5___seed_1_1761468207
6791168,1-Training-Losses/approx_kl,0.00013889733236283064,Pong1PQFM_XObs_entangled_trainable_rzz_QLayers_5___seed_1_1761468207
6795264,1-Training-Losses/approx_kl,0.0001633951032999903,Pong1PQFM_XObs_entangled_trainable_rzz_QLayers_5___seed_1_1761468207
6799360,1-Training-Losses/approx_kl,0.0001349488738924265,Pong1PQFM_XObs_entangled_trainable_rzz_QLayers_5___seed_1_1761468207
6803456,1-Training-Losses/approx_kl,7.968493446242064e-05,Pong1PQFM_XObs_entangled_trainable_rzz_QLayers_5___seed_1_1761468207
6807552,1-Training-Losses/approx_kl,2.36512569244951e-05,Pong1PQFM_XObs_entangled_trainable_rzz_QLayers_5___seed_1_1761468207
6811648,1-Training-Losses/approx_kl,2.0852159650530666e-05,Pong1PQFM_XObs_entangled_trainable_rzz_QLayers_5___seed_1_1761468207
6815744,1-Training-Losses/approx_kl,8.40958091430366e-06,Pong1PQFM_XObs_entangled_trainable_rzz_QLayers_5___seed_1_1761468207
6819840,1-Training-Losses/approx_kl,3.7834142858628184e-05,Pong1PQFM_XObs_entangled_trainable_rzz_QLayers_5___seed_1_1761468207
6823936,1-Training-Losses/approx_kl,3.544519859133288e-05,Pong1PQFM_XObs_entangled_trainable_rzz_QLayers_5___seed_1_1761468207
6828032,1-Training-Losses/approx_kl,3.816364915110171e-05,Pong1PQFM_XObs_entangled_trainable_rzz_QLayers_5___seed_1_1761468207
6832128,1-Training-Losses/approx_kl,2.3986431187950075e-05,Pong1PQFM_XObs_entangled_trainable_rzz_QLayers_5___seed_1_1761468207
6836224,1-Training-Losses/approx_kl,3.164230292895809e-05,Pong1PQFM_XObs_entangled_trainable_rzz_QLayers_5___seed_1_1761468207
6840320,1-Training-Losses/approx_kl,0.00017853910685516894,Pong1PQFM_XObs_entangled_trainable_rzz_QLayers_5___seed_1_1761468207
6844416,1-Training-Losses/approx_kl,0.00021107436623424292,Pong1PQFM_XObs_entangled_trainable_rzz_QLayers_5___seed_1_1761468207
6848512,1-Training-Losses/approx_kl,0.00017683810438029468,Pong1PQFM_XObs_entangled_trainable_rzz_QLayers_5___seed_1_1761468207
6852608,1-Training-Losses/approx_kl,0.00010985907283611596,Pong1PQFM_XObs_entangled_trainable_rzz_QLayers_5___seed_1_1761468207
6856704,1-Training-Losses/approx_kl,6.363503780448809e-05,Pong1PQFM_XObs_entangled_trainable_rzz_QLayers_5___seed_1_1761468207
6860800,1-Training-Losses/approx_kl,0.00011679245653795078,Pong1PQFM_XObs_entangled_trainable_rzz_QLayers_5___seed_1_1761468207
6864896,1-Training-Losses/approx_kl,0.00017053252668119967,Pong1PQFM_XObs_entangled_trainable_rzz_QLayers_5___seed_1_1761468207
6868992,1-Training-Losses/approx_kl,0.0001622369309188798,Pong1PQFM_XObs_entangled_trainable_rzz_QLayers_5___seed_1_1761468207
6873088,1-Training-Losses/approx_kl,4.915881436318159e-05,Pong1PQFM_XObs_entangled_trainable_rzz_QLayers_5___seed_1_1761468207
6877184,1-Training-Losses/approx_kl,1.119286025641486e-05,Pong1PQFM_XObs_entangled_trainable_rzz_QLayers_5___seed_1_1761468207
6881280,1-Training-Losses/approx_kl,9.36388096306473e-06,Pong1PQFM_XObs_entangled_trainable_rzz_QLayers_5___seed_1_1761468207
6885376,1-Training-Losses/approx_kl,5.492882337421179e-06,Pong1PQFM_XObs_entangled_trainable_rzz_QLayers_5___seed_1_1761468207
6889472,1-Training-Losses/approx_kl,3.903069591615349e-05,Pong1PQFM_XObs_entangled_trainable_rzz_QLayers_5___seed_1_1761468207
6893568,1-Training-Losses/approx_kl,7.066514808684587e-05,Pong1PQFM_XObs_entangled_trainable_rzz_QLayers_5___seed_1_1761468207
6897664,1-Training-Losses/approx_kl,5.030362808611244e-05,Pong1PQFM_XObs_entangled_trainable_rzz_QLayers_5___seed_1_1761468207
6901760,1-Training-Losses/approx_kl,5.8826633903663605e-05,Pong1PQFM_XObs_entangled_trainable_rzz_QLayers_5___seed_1_1761468207
6905856,1-Training-Losses/approx_kl,3.955830470658839e-05,Pong1PQFM_XObs_entangled_trainable_rzz_QLayers_5___seed_1_1761468207
6909952,1-Training-Losses/approx_kl,4.751876986119896e-06,Pong1PQFM_XObs_entangled_trainable_rzz_QLayers_5___seed_1_1761468207
6914048,1-Training-Losses/approx_kl,2.559232962084934e-05,Pong1PQFM_XObs_entangled_trainable_rzz_QLayers_5___seed_1_1761468207
6918144,1-Training-Losses/approx_kl,4.7813016863074154e-05,Pong1PQFM_XObs_entangled_trainable_rzz_QLayers_5___seed_1_1761468207
6922240,1-Training-Losses/approx_kl,0.00010638674575602636,Pong1PQFM_XObs_entangled_trainable_rzz_QLayers_5___seed_1_1761468207
6926336,1-Training-Losses/approx_kl,0.0001332428801106289,Pong1PQFM_XObs_entangled_trainable_rzz_QLayers_5___seed_1_1761468207
6930432,1-Training-Losses/approx_kl,5.397455970523879e-05,Pong1PQFM_XObs_entangled_trainable_rzz_QLayers_5___seed_1_1761468207
6934528,1-Training-Losses/approx_kl,7.567256398033351e-05,Pong1PQFM_XObs_entangled_trainable_rzz_QLayers_5___seed_1_1761468207
6938624,1-Training-Losses/approx_kl,7.362845644820482e-05,Pong1PQFM_XObs_entangled_trainable_rzz_QLayers_5___seed_1_1761468207
6942720,1-Training-Losses/approx_kl,1.2012962542939931e-05,Pong1PQFM_XObs_entangled_trainable_rzz_QLayers_5___seed_1_1761468207
6946816,1-Training-Losses/approx_kl,5.29595126863569e-06,Pong1PQFM_XObs_entangled_trainable_rzz_QLayers_5___seed_1_1761468207
6950912,1-Training-Losses/approx_kl,7.108712452463806e-06,Pong1PQFM_XObs_entangled_trainable_rzz_QLayers_5___seed_1_1761468207
6955008,1-Training-Losses/approx_kl,5.8722260291688144e-05,Pong1PQFM_XObs_entangled_trainable_rzz_QLayers_5___seed_1_1761468207
6959104,1-Training-Losses/approx_kl,0.00012500837328843772,Pong1PQFM_XObs_entangled_trainable_rzz_QLayers_5___seed_1_1761468207
6963200,1-Training-Losses/approx_kl,0.00015716200869064778,Pong1PQFM_XObs_entangled_trainable_rzz_QLayers_5___seed_1_1761468207
6967296,1-Training-Losses/approx_kl,0.00010752472735475749,Pong1PQFM_XObs_entangled_trainable_rzz_QLayers_5___seed_1_1761468207
6971392,1-Training-Losses/approx_kl,8.226953650591895e-05,Pong1PQFM_XObs_entangled_trainable_rzz_QLayers_5___seed_1_1761468207
6975488,1-Training-Losses/approx_kl,3.7527446693275124e-05,Pong1PQFM_XObs_entangled_trainable_rzz_QLayers_5___seed_1_1761468207
6979584,1-Training-Losses/approx_kl,6.59027136862278e-05,Pong1PQFM_XObs_entangled_trainable_rzz_QLayers_5___seed_1_1761468207
6983680,1-Training-Losses/approx_kl,2.590144140413031e-05,Pong1PQFM_XObs_entangled_trainable_rzz_QLayers_5___seed_1_1761468207
6987776,1-Training-Losses/approx_kl,1.7366677639074624e-05,Pong1PQFM_XObs_entangled_trainable_rzz_QLayers_5___seed_1_1761468207
6991872,1-Training-Losses/approx_kl,2.89972813334316e-05,Pong1PQFM_XObs_entangled_trainable_rzz_QLayers_5___seed_1_1761468207
6995968,1-Training-Losses/approx_kl,7.153429032769054e-05,Pong1PQFM_XObs_entangled_trainable_rzz_QLayers_5___seed_1_1761468207
7000064,1-Training-Losses/approx_kl,2.8603833925444633e-05,Pong1PQFM_XObs_entangled_trainable_rzz_QLayers_5___seed_1_1761468207
7004160,1-Training-Losses/approx_kl,2.4572436814196408e-05,Pong1PQFM_XObs_entangled_trainable_rzz_QLayers_5___seed_1_1761468207
7008256,1-Training-Losses/approx_kl,3.014762478414923e-05,Pong1PQFM_XObs_entangled_trainable_rzz_QLayers_5___seed_1_1761468207
7012352,1-Training-Losses/approx_kl,4.2636311263777316e-05,Pong1PQFM_XObs_entangled_trainable_rzz_QLayers_5___seed_1_1761468207
7016448,1-Training-Losses/approx_kl,2.4428212782368064e-05,Pong1PQFM_XObs_entangled_trainable_rzz_QLayers_5___seed_1_1761468207
7020544,1-Training-Losses/approx_kl,4.4095737393945456e-05,Pong1PQFM_XObs_entangled_trainable_rzz_QLayers_5___seed_1_1761468207
7024640,1-Training-Losses/approx_kl,1.5516328858211637e-05,Pong1PQFM_XObs_entangled_trainable_rzz_QLayers_5___seed_1_1761468207
7028736,1-Training-Losses/approx_kl,4.0202758100349456e-05,Pong1PQFM_XObs_entangled_trainable_rzz_QLayers_5___seed_1_1761468207
7032832,1-Training-Losses/approx_kl,0.00011430419544922188,Pong1PQFM_XObs_entangled_trainable_rzz_QLayers_5___seed_1_1761468207
7036928,1-Training-Losses/approx_kl,0.00014682061737403274,Pong1PQFM_XObs_entangled_trainable_rzz_QLayers_5___seed_1_1761468207
7041024,1-Training-Losses/approx_kl,4.15155227528885e-05,Pong1PQFM_XObs_entangled_trainable_rzz_QLayers_5___seed_1_1761468207
7045120,1-Training-Losses/approx_kl,3.2817377359606326e-05,Pong1PQFM_XObs_entangled_trainable_rzz_QLayers_5___seed_1_1761468207
7049216,1-Training-Losses/approx_kl,7.853257557144389e-05,Pong1PQFM_XObs_entangled_trainable_rzz_QLayers_5___seed_1_1761468207
7053312,1-Training-Losses/approx_kl,6.0982449213042855e-05,Pong1PQFM_XObs_entangled_trainable_rzz_QLayers_5___seed_1_1761468207
7057408,1-Training-Losses/approx_kl,6.239271897356957e-05,Pong1PQFM_XObs_entangled_trainable_rzz_QLayers_5___seed_1_1761468207
7061504,1-Training-Losses/approx_kl,3.83666847483255e-05,Pong1PQFM_XObs_entangled_trainable_rzz_QLayers_5___seed_1_1761468207
7065600,1-Training-Losses/approx_kl,5.960933049209416e-05,Pong1PQFM_XObs_entangled_trainable_rzz_QLayers_5___seed_1_1761468207
7069696,1-Training-Losses/approx_kl,3.7925783544778824e-05,Pong1PQFM_XObs_entangled_trainable_rzz_QLayers_5___seed_1_1761468207
7073792,1-Training-Losses/approx_kl,4.2185485654044896e-05,Pong1PQFM_XObs_entangled_trainable_rzz_QLayers_5___seed_1_1761468207
7077888,1-Training-Losses/approx_kl,0.0001006626698654145,Pong1PQFM_XObs_entangled_trainable_rzz_QLayers_5___seed_1_1761468207
7081984,1-Training-Losses/approx_kl,8.008754230104387e-05,Pong1PQFM_XObs_entangled_trainable_rzz_QLayers_5___seed_1_1761468207
7086080,1-Training-Losses/approx_kl,0.00010735105752246454,Pong1PQFM_XObs_entangled_trainable_rzz_QLayers_5___seed_1_1761468207
7090176,1-Training-Losses/approx_kl,0.00018608156824484468,Pong1PQFM_XObs_entangled_trainable_rzz_QLayers_5___seed_1_1761468207
7094272,1-Training-Losses/approx_kl,0.0001653854560572654,Pong1PQFM_XObs_entangled_trainable_rzz_QLayers_5___seed_1_1761468207
7098368,1-Training-Losses/approx_kl,0.00022055124281905591,Pong1PQFM_XObs_entangled_trainable_rzz_QLayers_5___seed_1_1761468207
7102464,1-Training-Losses/approx_kl,0.00015405593148898333,Pong1PQFM_XObs_entangled_trainable_rzz_QLayers_5___seed_1_1761468207
7106560,1-Training-Losses/approx_kl,5.393387982621789e-05,Pong1PQFM_XObs_entangled_trainable_rzz_QLayers_5___seed_1_1761468207
7110656,1-Training-Losses/approx_kl,3.680722147691995e-05,Pong1PQFM_XObs_entangled_trainable_rzz_QLayers_5___seed_1_1761468207
7114752,1-Training-Losses/approx_kl,2.7323731046635658e-05,Pong1PQFM_XObs_entangled_trainable_rzz_QLayers_5___seed_1_1761468207
7118848,1-Training-Losses/approx_kl,7.077064219629392e-05,Pong1PQFM_XObs_entangled_trainable_rzz_QLayers_5___seed_1_1761468207
7122944,1-Training-Losses/approx_kl,0.00023935691569931805,Pong1PQFM_XObs_entangled_trainable_rzz_QLayers_5___seed_1_1761468207
7127040,1-Training-Losses/approx_kl,0.00024180157925002277,Pong1PQFM_XObs_entangled_trainable_rzz_QLayers_5___seed_1_1761468207
7131136,1-Training-Losses/approx_kl,0.00017299348837696016,Pong1PQFM_XObs_entangled_trainable_rzz_QLayers_5___seed_1_1761468207
7135232,1-Training-Losses/approx_kl,8.742860518395901e-05,Pong1PQFM_XObs_entangled_trainable_rzz_QLayers_5___seed_1_1761468207
7139328,1-Training-Losses/approx_kl,1.609323953744024e-05,Pong1PQFM_XObs_entangled_trainable_rzz_QLayers_5___seed_1_1761468207
7143424,1-Training-Losses/approx_kl,4.766019992530346e-05,Pong1PQFM_XObs_entangled_trainable_rzz_QLayers_5___seed_1_1761468207
7147520,1-Training-Losses/approx_kl,0.00020397845946718007,Pong1PQFM_XObs_entangled_trainable_rzz_QLayers_5___seed_1_1761468207
7151616,1-Training-Losses/approx_kl,0.00018349866149947047,Pong1PQFM_XObs_entangled_trainable_rzz_QLayers_5___seed_1_1761468207
7155712,1-Training-Losses/approx_kl,8.92864482011646e-05,Pong1PQFM_XObs_entangled_trainable_rzz_QLayers_5___seed_1_1761468207
7159808,1-Training-Losses/approx_kl,4.9447306082583964e-05,Pong1PQFM_XObs_entangled_trainable_rzz_QLayers_5___seed_1_1761468207
7163904,1-Training-Losses/approx_kl,3.803009894909337e-05,Pong1PQFM_XObs_entangled_trainable_rzz_QLayers_5___seed_1_1761468207
7168000,1-Training-Losses/approx_kl,0.00010846833902178332,Pong1PQFM_XObs_entangled_trainable_rzz_QLayers_5___seed_1_1761468207
7172096,1-Training-Losses/approx_kl,5.6620534451212734e-05,Pong1PQFM_XObs_entangled_trainable_rzz_QLayers_5___seed_1_1761468207
7176192,1-Training-Losses/approx_kl,1.7932572518475354e-05,Pong1PQFM_XObs_entangled_trainable_rzz_QLayers_5___seed_1_1761468207
7180288,1-Training-Losses/approx_kl,2.1730935259256512e-05,Pong1PQFM_XObs_entangled_trainable_rzz_QLayers_5___seed_1_1761468207
7184384,1-Training-Losses/approx_kl,2.610473893582821e-05,Pong1PQFM_XObs_entangled_trainable_rzz_QLayers_5___seed_1_1761468207
7188480,1-Training-Losses/approx_kl,2.258357562823221e-05,Pong1PQFM_XObs_entangled_trainable_rzz_QLayers_5___seed_1_1761468207
7192576,1-Training-Losses/approx_kl,1.469360722694546e-05,Pong1PQFM_XObs_entangled_trainable_rzz_QLayers_5___seed_1_1761468207
7196672,1-Training-Losses/approx_kl,6.821326678618789e-06,Pong1PQFM_XObs_entangled_trainable_rzz_QLayers_5___seed_1_1761468207
7200768,1-Training-Losses/approx_kl,1.2344411516096443e-05,Pong1PQFM_XObs_entangled_trainable_rzz_QLayers_5___seed_1_1761468207
7204864,1-Training-Losses/approx_kl,1.4235243725124747e-05,Pong1PQFM_XObs_entangled_trainable_rzz_QLayers_5___seed_1_1761468207
7208960,1-Training-Losses/approx_kl,2.59367807302624e-05,Pong1PQFM_XObs_entangled_trainable_rzz_QLayers_5___seed_1_1761468207
7213056,1-Training-Losses/approx_kl,2.3684886400587857e-05,Pong1PQFM_XObs_entangled_trainable_rzz_QLayers_5___seed_1_1761468207
7217152,1-Training-Losses/approx_kl,1.033929584082216e-05,Pong1PQFM_XObs_entangled_trainable_rzz_QLayers_5___seed_1_1761468207
7221248,1-Training-Losses/approx_kl,4.174793866695836e-05,Pong1PQFM_XObs_entangled_trainable_rzz_QLayers_5___seed_1_1761468207
7225344,1-Training-Losses/approx_kl,9.481762390350923e-05,Pong1PQFM_XObs_entangled_trainable_rzz_QLayers_5___seed_1_1761468207
7229440,1-Training-Losses/approx_kl,0.00010818178998306394,Pong1PQFM_XObs_entangled_trainable_rzz_QLayers_5___seed_1_1761468207
7233536,1-Training-Losses/approx_kl,6.800282426411286e-05,Pong1PQFM_XObs_entangled_trainable_rzz_QLayers_5___seed_1_1761468207
7237632,1-Training-Losses/approx_kl,4.6205655962694436e-05,Pong1PQFM_XObs_entangled_trainable_rzz_QLayers_5___seed_1_1761468207
7241728,1-Training-Losses/approx_kl,3.4820084692910314e-05,Pong1PQFM_XObs_entangled_trainable_rzz_QLayers_5___seed_1_1761468207
7245824,1-Training-Losses/approx_kl,4.8468747991137207e-05,Pong1PQFM_XObs_entangled_trainable_rzz_QLayers_5___seed_1_1761468207
7249920,1-Training-Losses/approx_kl,1.9945422536693513e-05,Pong1PQFM_XObs_entangled_trainable_rzz_QLayers_5___seed_1_1761468207
7254016,1-Training-Losses/approx_kl,5.654874257743359e-06,Pong1PQFM_XObs_entangled_trainable_rzz_QLayers_5___seed_1_1761468207
7258112,1-Training-Losses/approx_kl,1.0277653927914798e-05,Pong1PQFM_XObs_entangled_trainable_rzz_QLayers_5___seed_1_1761468207
7262208,1-Training-Losses/approx_kl,1.6277881513815373e-05,Pong1PQFM_XObs_entangled_trainable_rzz_QLayers_5___seed_1_1761468207
7266304,1-Training-Losses/approx_kl,1.9761704606935382e-05,Pong1PQFM_XObs_entangled_trainable_rzz_QLayers_5___seed_1_1761468207
7270400,1-Training-Losses/approx_kl,2.739829506026581e-05,Pong1PQFM_XObs_entangled_trainable_rzz_QLayers_5___seed_1_1761468207
7274496,1-Training-Losses/approx_kl,5.6896693422459066e-05,Pong1PQFM_XObs_entangled_trainable_rzz_QLayers_5___seed_1_1761468207
7278592,1-Training-Losses/approx_kl,7.320397708099335e-05,Pong1PQFM_XObs_entangled_trainable_rzz_QLayers_5___seed_1_1761468207
7282688,1-Training-Losses/approx_kl,9.118827438214794e-05,Pong1PQFM_XObs_entangled_trainable_rzz_QLayers_5___seed_1_1761468207
7286784,1-Training-Losses/approx_kl,9.155915176961571e-05,Pong1PQFM_XObs_entangled_trainable_rzz_QLayers_5___seed_1_1761468207
7290880,1-Training-Losses/approx_kl,5.656948633259162e-05,Pong1PQFM_XObs_entangled_trainable_rzz_QLayers_5___seed_1_1761468207
7294976,1-Training-Losses/approx_kl,4.540170630207285e-05,Pong1PQFM_XObs_entangled_trainable_rzz_QLayers_5___seed_1_1761468207
7299072,1-Training-Losses/approx_kl,6.260919326450676e-05,Pong1PQFM_XObs_entangled_trainable_rzz_QLayers_5___seed_1_1761468207
7303168,1-Training-Losses/approx_kl,2.154302637791261e-05,Pong1PQFM_XObs_entangled_trainable_rzz_QLayers_5___seed_1_1761468207
7307264,1-Training-Losses/approx_kl,5.235347634879872e-05,Pong1PQFM_XObs_entangled_trainable_rzz_QLayers_5___seed_1_1761468207
7311360,1-Training-Losses/approx_kl,3.524705971358344e-05,Pong1PQFM_XObs_entangled_trainable_rzz_QLayers_5___seed_1_1761468207
7315456,1-Training-Losses/approx_kl,2.3514781787525862e-05,Pong1PQFM_XObs_entangled_trainable_rzz_QLayers_5___seed_1_1761468207
7319552,1-Training-Losses/approx_kl,2.0582163415383548e-05,Pong1PQFM_XObs_entangled_trainable_rzz_QLayers_5___seed_1_1761468207
7323648,1-Training-Losses/approx_kl,2.9472372261807323e-05,Pong1PQFM_XObs_entangled_trainable_rzz_QLayers_5___seed_1_1761468207
7327744,1-Training-Losses/approx_kl,4.437033203430474e-05,Pong1PQFM_XObs_entangled_trainable_rzz_QLayers_5___seed_1_1761468207
7331840,1-Training-Losses/approx_kl,3.434285463299602e-05,Pong1PQFM_XObs_entangled_trainable_rzz_QLayers_5___seed_1_1761468207
7335936,1-Training-Losses/approx_kl,1.1945208825636655e-05,Pong1PQFM_XObs_entangled_trainable_rzz_QLayers_5___seed_1_1761468207
7340032,1-Training-Losses/approx_kl,3.3373755286447704e-05,Pong1PQFM_XObs_entangled_trainable_rzz_QLayers_5___seed_1_1761468207
7344128,1-Training-Losses/approx_kl,1.847751991590485e-05,Pong1PQFM_XObs_entangled_trainable_rzz_QLayers_5___seed_1_1761468207
7348224,1-Training-Losses/approx_kl,2.9639151762239635e-05,Pong1PQFM_XObs_entangled_trainable_rzz_QLayers_5___seed_1_1761468207
7352320,1-Training-Losses/approx_kl,7.454668957507238e-05,Pong1PQFM_XObs_entangled_trainable_rzz_QLayers_5___seed_1_1761468207
7356416,1-Training-Losses/approx_kl,5.0675051170401275e-05,Pong1PQFM_XObs_entangled_trainable_rzz_QLayers_5___seed_1_1761468207
7360512,1-Training-Losses/approx_kl,9.443776798434556e-05,Pong1PQFM_XObs_entangled_trainable_rzz_QLayers_5___seed_1_1761468207
7364608,1-Training-Losses/approx_kl,4.957822966389358e-05,Pong1PQFM_XObs_entangled_trainable_rzz_QLayers_5___seed_1_1761468207
7368704,1-Training-Losses/approx_kl,1.523223181720823e-05,Pong1PQFM_XObs_entangled_trainable_rzz_QLayers_5___seed_1_1761468207
7372800,1-Training-Losses/approx_kl,2.207648503826931e-05,Pong1PQFM_XObs_entangled_trainable_rzz_QLayers_5___seed_1_1761468207
7376896,1-Training-Losses/approx_kl,1.3200158718973398e-05,Pong1PQFM_XObs_entangled_trainable_rzz_QLayers_5___seed_1_1761468207
7380992,1-Training-Losses/approx_kl,1.6341648006346077e-05,Pong1PQFM_XObs_entangled_trainable_rzz_QLayers_5___seed_1_1761468207
7385088,1-Training-Losses/approx_kl,5.38861786480993e-06,Pong1PQFM_XObs_entangled_trainable_rzz_QLayers_5___seed_1_1761468207
7389184,1-Training-Losses/approx_kl,6.387934263329953e-06,Pong1PQFM_XObs_entangled_trainable_rzz_QLayers_5___seed_1_1761468207
7393280,1-Training-Losses/approx_kl,9.989438694901764e-06,Pong1PQFM_XObs_entangled_trainable_rzz_QLayers_5___seed_1_1761468207
7397376,1-Training-Losses/approx_kl,1.1067539162468165e-05,Pong1PQFM_XObs_entangled_trainable_rzz_QLayers_5___seed_1_1761468207
7401472,1-Training-Losses/approx_kl,1.4524470316246152e-05,Pong1PQFM_XObs_entangled_trainable_rzz_QLayers_5___seed_1_1761468207
7405568,1-Training-Losses/approx_kl,1.666782918618992e-05,Pong1PQFM_XObs_entangled_trainable_rzz_QLayers_5___seed_1_1761468207
7409664,1-Training-Losses/approx_kl,2.3855762265156955e-05,Pong1PQFM_XObs_entangled_trainable_rzz_QLayers_5___seed_1_1761468207
7413760,1-Training-Losses/approx_kl,1.5520068700425327e-05,Pong1PQFM_XObs_entangled_trainable_rzz_QLayers_5___seed_1_1761468207
7417856,1-Training-Losses/approx_kl,6.3547558966092765e-06,Pong1PQFM_XObs_entangled_trainable_rzz_QLayers_5___seed_1_1761468207
7421952,1-Training-Losses/approx_kl,8.87236456037499e-05,Pong1PQFM_XObs_entangled_trainable_rzz_QLayers_5___seed_1_1761468207
7426048,1-Training-Losses/approx_kl,7.800570892868564e-05,Pong1PQFM_XObs_entangled_trainable_rzz_QLayers_5___seed_1_1761468207
7430144,1-Training-Losses/approx_kl,2.2086460376158357e-05,Pong1PQFM_XObs_entangled_trainable_rzz_QLayers_5___seed_1_1761468207
7434240,1-Training-Losses/approx_kl,5.041212716605514e-06,Pong1PQFM_XObs_entangled_trainable_rzz_QLayers_5___seed_1_1761468207
7438336,1-Training-Losses/approx_kl,4.740270378533751e-05,Pong1PQFM_XObs_entangled_trainable_rzz_QLayers_5___seed_1_1761468207
7442432,1-Training-Losses/approx_kl,8.933043864089996e-05,Pong1PQFM_XObs_entangled_trainable_rzz_QLayers_5___seed_1_1761468207
7446528,1-Training-Losses/approx_kl,2.7825357392430305e-05,Pong1PQFM_XObs_entangled_trainable_rzz_QLayers_5___seed_1_1761468207
7450624,1-Training-Losses/approx_kl,1.68450060300529e-05,Pong1PQFM_XObs_entangled_trainable_rzz_QLayers_5___seed_1_1761468207
7454720,1-Training-Losses/approx_kl,1.4544471923727542e-05,Pong1PQFM_XObs_entangled_trainable_rzz_QLayers_5___seed_1_1761468207
7458816,1-Training-Losses/approx_kl,9.998169844038785e-06,Pong1PQFM_XObs_entangled_trainable_rzz_QLayers_5___seed_1_1761468207
7462912,1-Training-Losses/approx_kl,8.333947334904224e-06,Pong1PQFM_XObs_entangled_trainable_rzz_QLayers_5___seed_1_1761468207
7467008,1-Training-Losses/approx_kl,3.098502929788083e-06,Pong1PQFM_XObs_entangled_trainable_rzz_QLayers_5___seed_1_1761468207
7471104,1-Training-Losses/approx_kl,6.132293492555618e-06,Pong1PQFM_XObs_entangled_trainable_rzz_QLayers_5___seed_1_1761468207
7475200,1-Training-Losses/approx_kl,8.285343938041478e-06,Pong1PQFM_XObs_entangled_trainable_rzz_QLayers_5___seed_1_1761468207
7479296,1-Training-Losses/approx_kl,1.3790850061923265e-06,Pong1PQFM_XObs_entangled_trainable_rzz_QLayers_5___seed_1_1761468207
7483392,1-Training-Losses/approx_kl,2.3190092178992927e-05,Pong1PQFM_XObs_entangled_trainable_rzz_QLayers_5___seed_1_1761468207
7487488,1-Training-Losses/approx_kl,3.390276833670214e-05,Pong1PQFM_XObs_entangled_trainable_rzz_QLayers_5___seed_1_1761468207
7491584,1-Training-Losses/approx_kl,1.2442083971109241e-05,Pong1PQFM_XObs_entangled_trainable_rzz_QLayers_5___seed_1_1761468207
7495680,1-Training-Losses/approx_kl,1.454485027352348e-05,Pong1PQFM_XObs_entangled_trainable_rzz_QLayers_5___seed_1_1761468207
7499776,1-Training-Losses/approx_kl,2.3485015844926238e-05,Pong1PQFM_XObs_entangled_trainable_rzz_QLayers_5___seed_1_1761468207
7503872,1-Training-Losses/approx_kl,2.990684879478067e-05,Pong1PQFM_XObs_entangled_trainable_rzz_QLayers_5___seed_1_1761468207
7507968,1-Training-Losses/approx_kl,1.9117840565741062e-05,Pong1PQFM_XObs_entangled_trainable_rzz_QLayers_5___seed_1_1761468207
7512064,1-Training-Losses/approx_kl,9.448383934795856e-06,Pong1PQFM_XObs_entangled_trainable_rzz_QLayers_5___seed_1_1761468207
7516160,1-Training-Losses/approx_kl,1.5123543562367558e-05,Pong1PQFM_XObs_entangled_trainable_rzz_QLayers_5___seed_1_1761468207
7520256,1-Training-Losses/approx_kl,2.321843203390017e-05,Pong1PQFM_XObs_entangled_trainable_rzz_QLayers_5___seed_1_1761468207
7524352,1-Training-Losses/approx_kl,8.716063166502863e-05,Pong1PQFM_XObs_entangled_trainable_rzz_QLayers_5___seed_1_1761468207
7528448,1-Training-Losses/approx_kl,3.8786289223935455e-05,Pong1PQFM_XObs_entangled_trainable_rzz_QLayers_5___seed_1_1761468207
7532544,1-Training-Losses/approx_kl,3.6360317608341575e-05,Pong1PQFM_XObs_entangled_trainable_rzz_QLayers_5___seed_1_1761468207
7536640,1-Training-Losses/approx_kl,6.149559339974076e-05,Pong1PQFM_XObs_entangled_trainable_rzz_QLayers_5___seed_1_1761468207
7540736,1-Training-Losses/approx_kl,3.603514051064849e-05,Pong1PQFM_XObs_entangled_trainable_rzz_QLayers_5___seed_1_1761468207
7544832,1-Training-Losses/approx_kl,2.4313681933563203e-05,Pong1PQFM_XObs_entangled_trainable_rzz_QLayers_5___seed_1_1761468207
7548928,1-Training-Losses/approx_kl,1.0187468433286995e-05,Pong1PQFM_XObs_entangled_trainable_rzz_QLayers_5___seed_1_1761468207
7553024,1-Training-Losses/approx_kl,4.6335902879945934e-05,Pong1PQFM_XObs_entangled_trainable_rzz_QLayers_5___seed_1_1761468207
7557120,1-Training-Losses/approx_kl,8.979531412478536e-05,Pong1PQFM_XObs_entangled_trainable_rzz_QLayers_5___seed_1_1761468207
7561216,1-Training-Losses/approx_kl,2.694893191801384e-05,Pong1PQFM_XObs_entangled_trainable_rzz_QLayers_5___seed_1_1761468207
7565312,1-Training-Losses/approx_kl,9.987001249101013e-06,Pong1PQFM_XObs_entangled_trainable_rzz_QLayers_5___seed_1_1761468207
7569408,1-Training-Losses/approx_kl,1.303017052123323e-05,Pong1PQFM_XObs_entangled_trainable_rzz_QLayers_5___seed_1_1761468207
7573504,1-Training-Losses/approx_kl,3.6897828977089375e-05,Pong1PQFM_XObs_entangled_trainable_rzz_QLayers_5___seed_1_1761468207
7577600,1-Training-Losses/approx_kl,3.0463772418443114e-05,Pong1PQFM_XObs_entangled_trainable_rzz_QLayers_5___seed_1_1761468207
7581696,1-Training-Losses/approx_kl,5.0368355005048215e-05,Pong1PQFM_XObs_entangled_trainable_rzz_QLayers_5___seed_1_1761468207
7585792,1-Training-Losses/approx_kl,8.905161666916683e-05,Pong1PQFM_XObs_entangled_trainable_rzz_QLayers_5___seed_1_1761468207
7589888,1-Training-Losses/approx_kl,9.451219375478104e-05,Pong1PQFM_XObs_entangled_trainable_rzz_QLayers_5___seed_1_1761468207
7593984,1-Training-Losses/approx_kl,2.94455312541686e-05,Pong1PQFM_XObs_entangled_trainable_rzz_QLayers_5___seed_1_1761468207
7598080,1-Training-Losses/approx_kl,3.2415700843557715e-05,Pong1PQFM_XObs_entangled_trainable_rzz_QLayers_5___seed_1_1761468207
7602176,1-Training-Losses/approx_kl,1.1881675163749605e-05,Pong1PQFM_XObs_entangled_trainable_rzz_QLayers_5___seed_1_1761468207
7606272,1-Training-Losses/approx_kl,3.902455500792712e-05,Pong1PQFM_XObs_entangled_trainable_rzz_QLayers_5___seed_1_1761468207
7610368,1-Training-Losses/approx_kl,8.946947491494939e-05,Pong1PQFM_XObs_entangled_trainable_rzz_QLayers_5___seed_1_1761468207
7614464,1-Training-Losses/approx_kl,7.774337427690625e-05,Pong1PQFM_XObs_entangled_trainable_rzz_QLayers_5___seed_1_1761468207
7618560,1-Training-Losses/approx_kl,5.655894347000867e-05,Pong1PQFM_XObs_entangled_trainable_rzz_QLayers_5___seed_1_1761468207
7622656,1-Training-Losses/approx_kl,3.071308310609311e-05,Pong1PQFM_XObs_entangled_trainable_rzz_QLayers_5___seed_1_1761468207
7626752,1-Training-Losses/approx_kl,3.817137621808797e-05,Pong1PQFM_XObs_entangled_trainable_rzz_QLayers_5___seed_1_1761468207
7630848,1-Training-Losses/approx_kl,2.5412919057998806e-05,Pong1PQFM_XObs_entangled_trainable_rzz_QLayers_5___seed_1_1761468207
7634944,1-Training-Losses/approx_kl,2.5448149244766682e-05,Pong1PQFM_XObs_entangled_trainable_rzz_QLayers_5___seed_1_1761468207
7639040,1-Training-Losses/approx_kl,2.9606366297230124e-05,Pong1PQFM_XObs_entangled_trainable_rzz_QLayers_5___seed_1_1761468207
7643136,1-Training-Losses/approx_kl,2.736964961513877e-05,Pong1PQFM_XObs_entangled_trainable_rzz_QLayers_5___seed_1_1761468207
7647232,1-Training-Losses/approx_kl,1.1844160326290876e-05,Pong1PQFM_XObs_entangled_trainable_rzz_QLayers_5___seed_1_1761468207
7651328,1-Training-Losses/approx_kl,1.606913428986445e-05,Pong1PQFM_XObs_entangled_trainable_rzz_QLayers_5___seed_1_1761468207
7655424,1-Training-Losses/approx_kl,4.140168312005699e-05,Pong1PQFM_XObs_entangled_trainable_rzz_QLayers_5___seed_1_1761468207
7659520,1-Training-Losses/approx_kl,3.9951264625415206e-05,Pong1PQFM_XObs_entangled_trainable_rzz_QLayers_5___seed_1_1761468207
7663616,1-Training-Losses/approx_kl,1.2008982594124973e-05,Pong1PQFM_XObs_entangled_trainable_rzz_QLayers_5___seed_1_1761468207
7667712,1-Training-Losses/approx_kl,2.5497327442280948e-05,Pong1PQFM_XObs_entangled_trainable_rzz_QLayers_5___seed_1_1761468207
7671808,1-Training-Losses/approx_kl,6.238877540454268e-05,Pong1PQFM_XObs_entangled_trainable_rzz_QLayers_5___seed_1_1761468207
7675904,1-Training-Losses/approx_kl,4.005776281701401e-05,Pong1PQFM_XObs_entangled_trainable_rzz_QLayers_5___seed_1_1761468207
7680000,1-Training-Losses/approx_kl,5.35470389877446e-05,Pong1PQFM_XObs_entangled_trainable_rzz_QLayers_5___seed_1_1761468207
7684096,1-Training-Losses/approx_kl,0.00011207877832930535,Pong1PQFM_XObs_entangled_trainable_rzz_QLayers_5___seed_1_1761468207
7688192,1-Training-Losses/approx_kl,8.041749242693186e-05,Pong1PQFM_XObs_entangled_trainable_rzz_QLayers_5___seed_1_1761468207
7692288,1-Training-Losses/approx_kl,6.807121098972857e-05,Pong1PQFM_XObs_entangled_trainable_rzz_QLayers_5___seed_1_1761468207
7696384,1-Training-Losses/approx_kl,3.647109406301752e-05,Pong1PQFM_XObs_entangled_trainable_rzz_QLayers_5___seed_1_1761468207
7700480,1-Training-Losses/approx_kl,1.688248448772356e-05,Pong1PQFM_XObs_entangled_trainable_rzz_QLayers_5___seed_1_1761468207
7704576,1-Training-Losses/approx_kl,1.6361926100216806e-05,Pong1PQFM_XObs_entangled_trainable_rzz_QLayers_5___seed_1_1761468207
7708672,1-Training-Losses/approx_kl,2.9503826226573437e-05,Pong1PQFM_XObs_entangled_trainable_rzz_QLayers_5___seed_1_1761468207
7712768,1-Training-Losses/approx_kl,4.468476981855929e-05,Pong1PQFM_XObs_entangled_trainable_rzz_QLayers_5___seed_1_1761468207
7716864,1-Training-Losses/approx_kl,6.549443060066551e-05,Pong1PQFM_XObs_entangled_trainable_rzz_QLayers_5___seed_1_1761468207
7720960,1-Training-Losses/approx_kl,2.931291237473488e-05,Pong1PQFM_XObs_entangled_trainable_rzz_QLayers_5___seed_1_1761468207
7725056,1-Training-Losses/approx_kl,1.541655365144834e-05,Pong1PQFM_XObs_entangled_trainable_rzz_QLayers_5___seed_1_1761468207
7729152,1-Training-Losses/approx_kl,3.360193659318611e-05,Pong1PQFM_XObs_entangled_trainable_rzz_QLayers_5___seed_1_1761468207
7733248,1-Training-Losses/approx_kl,1.719582360237837e-05,Pong1PQFM_XObs_entangled_trainable_rzz_QLayers_5___seed_1_1761468207
7737344,1-Training-Losses/approx_kl,4.35954425483942e-05,Pong1PQFM_XObs_entangled_trainable_rzz_QLayers_5___seed_1_1761468207
7741440,1-Training-Losses/approx_kl,3.872771776514128e-05,Pong1PQFM_XObs_entangled_trainable_rzz_QLayers_5___seed_1_1761468207
7745536,1-Training-Losses/approx_kl,2.1717212803196162e-05,Pong1PQFM_XObs_entangled_trainable_rzz_QLayers_5___seed_1_1761468207
7749632,1-Training-Losses/approx_kl,3.7347490433603525e-06,Pong1PQFM_XObs_entangled_trainable_rzz_QLayers_5___seed_1_1761468207
7753728,1-Training-Losses/approx_kl,4.944005922880024e-06,Pong1PQFM_XObs_entangled_trainable_rzz_QLayers_5___seed_1_1761468207
7757824,1-Training-Losses/approx_kl,1.266110484721139e-05,Pong1PQFM_XObs_entangled_trainable_rzz_QLayers_5___seed_1_1761468207
7761920,1-Training-Losses/approx_kl,2.574157406343147e-05,Pong1PQFM_XObs_entangled_trainable_rzz_QLayers_5___seed_1_1761468207
7766016,1-Training-Losses/approx_kl,3.8824466173537076e-05,Pong1PQFM_XObs_entangled_trainable_rzz_QLayers_5___seed_1_1761468207
7770112,1-Training-Losses/approx_kl,3.2411109714303166e-05,Pong1PQFM_XObs_entangled_trainable_rzz_QLayers_5___seed_1_1761468207
7774208,1-Training-Losses/approx_kl,1.5518417058046907e-05,Pong1PQFM_XObs_entangled_trainable_rzz_QLayers_5___seed_1_1761468207
7778304,1-Training-Losses/approx_kl,7.202773122116923e-05,Pong1PQFM_XObs_entangled_trainable_rzz_QLayers_5___seed_1_1761468207
7782400,1-Training-Losses/approx_kl,4.973810428055003e-05,Pong1PQFM_XObs_entangled_trainable_rzz_QLayers_5___seed_1_1761468207
7786496,1-Training-Losses/approx_kl,4.017717583337799e-05,Pong1PQFM_XObs_entangled_trainable_rzz_QLayers_5___seed_1_1761468207
7790592,1-Training-Losses/approx_kl,6.045247573638335e-05,Pong1PQFM_XObs_entangled_trainable_rzz_QLayers_5___seed_1_1761468207
7794688,1-Training-Losses/approx_kl,6.43181410850957e-05,Pong1PQFM_XObs_entangled_trainable_rzz_QLayers_5___seed_1_1761468207
7798784,1-Training-Losses/approx_kl,0.00010812679829541594,Pong1PQFM_XObs_entangled_trainable_rzz_QLayers_5___seed_1_1761468207
7802880,1-Training-Losses/approx_kl,4.324015026213601e-05,Pong1PQFM_XObs_entangled_trainable_rzz_QLayers_5___seed_1_1761468207
7806976,1-Training-Losses/approx_kl,1.3162061804905534e-05,Pong1PQFM_XObs_entangled_trainable_rzz_QLayers_5___seed_1_1761468207
7811072,1-Training-Losses/approx_kl,1.0444229701533914e-05,Pong1PQFM_XObs_entangled_trainable_rzz_QLayers_5___seed_1_1761468207
7815168,1-Training-Losses/approx_kl,1.9507438992150128e-05,Pong1PQFM_XObs_entangled_trainable_rzz_QLayers_5___seed_1_1761468207
7819264,1-Training-Losses/approx_kl,1.2162789062131196e-05,Pong1PQFM_XObs_entangled_trainable_rzz_QLayers_5___seed_1_1761468207
7823360,1-Training-Losses/approx_kl,4.21334698330611e-06,Pong1PQFM_XObs_entangled_trainable_rzz_QLayers_5___seed_1_1761468207
7827456,1-Training-Losses/approx_kl,2.6243578759022057e-06,Pong1PQFM_XObs_entangled_trainable_rzz_QLayers_5___seed_1_1761468207
7831552,1-Training-Losses/approx_kl,1.7137135728262365e-06,Pong1PQFM_XObs_entangled_trainable_rzz_QLayers_5___seed_1_1761468207
7835648,1-Training-Losses/approx_kl,2.6404522941447794e-06,Pong1PQFM_XObs_entangled_trainable_rzz_QLayers_5___seed_1_1761468207
7839744,1-Training-Losses/approx_kl,3.5165357985533774e-06,Pong1PQFM_XObs_entangled_trainable_rzz_QLayers_5___seed_1_1761468207
7843840,1-Training-Losses/approx_kl,4.022200300823897e-06,Pong1PQFM_XObs_entangled_trainable_rzz_QLayers_5___seed_1_1761468207
7847936,1-Training-Losses/approx_kl,2.8170470613986254e-06,Pong1PQFM_XObs_entangled_trainable_rzz_QLayers_5___seed_1_1761468207
7852032,1-Training-Losses/approx_kl,3.5252305679023266e-06,Pong1PQFM_XObs_entangled_trainable_rzz_QLayers_5___seed_1_1761468207
7856128,1-Training-Losses/approx_kl,2.2869135136716068e-05,Pong1PQFM_XObs_entangled_trainable_rzz_QLayers_5___seed_1_1761468207
7860224,1-Training-Losses/approx_kl,2.09401550819166e-05,Pong1PQFM_XObs_entangled_trainable_rzz_QLayers_5___seed_1_1761468207
7864320,1-Training-Losses/approx_kl,3.730344906216487e-05,Pong1PQFM_XObs_entangled_trainable_rzz_QLayers_5___seed_1_1761468207
7868416,1-Training-Losses/approx_kl,7.484322850359604e-05,Pong1PQFM_XObs_entangled_trainable_rzz_QLayers_5___seed_1_1761468207
7872512,1-Training-Losses/approx_kl,0.0001003825236693956,Pong1PQFM_XObs_entangled_trainable_rzz_QLayers_5___seed_1_1761468207
7876608,1-Training-Losses/approx_kl,4.4399006583262235e-05,Pong1PQFM_XObs_entangled_trainable_rzz_QLayers_5___seed_1_1761468207
7880704,1-Training-Losses/approx_kl,2.970688365167007e-05,Pong1PQFM_XObs_entangled_trainable_rzz_QLayers_5___seed_1_1761468207
7884800,1-Training-Losses/approx_kl,3.657965862657875e-05,Pong1PQFM_XObs_entangled_trainable_rzz_QLayers_5___seed_1_1761468207
7888896,1-Training-Losses/approx_kl,2.843566471710801e-05,Pong1PQFM_XObs_entangled_trainable_rzz_QLayers_5___seed_1_1761468207
7892992,1-Training-Losses/approx_kl,1.1865049600601196e-05,Pong1PQFM_XObs_entangled_trainable_rzz_QLayers_5___seed_1_1761468207
7897088,1-Training-Losses/approx_kl,9.251831215806305e-06,Pong1PQFM_XObs_entangled_trainable_rzz_QLayers_5___seed_1_1761468207
7901184,1-Training-Losses/approx_kl,9.577837772667408e-06,Pong1PQFM_XObs_entangled_trainable_rzz_QLayers_5___seed_1_1761468207
7905280,1-Training-Losses/approx_kl,1.3275894161779433e-05,Pong1PQFM_XObs_entangled_trainable_rzz_QLayers_5___seed_1_1761468207
7909376,1-Training-Losses/approx_kl,4.4066255213692784e-06,Pong1PQFM_XObs_entangled_trainable_rzz_QLayers_5___seed_1_1761468207
7913472,1-Training-Losses/approx_kl,4.0214319596998394e-05,Pong1PQFM_XObs_entangled_trainable_rzz_QLayers_5___seed_1_1761468207
7917568,1-Training-Losses/approx_kl,8.36758699733764e-05,Pong1PQFM_XObs_entangled_trainable_rzz_QLayers_5___seed_1_1761468207
7921664,1-Training-Losses/approx_kl,8.179333963198587e-05,Pong1PQFM_XObs_entangled_trainable_rzz_QLayers_5___seed_1_1761468207
7925760,1-Training-Losses/approx_kl,4.3364285374991596e-05,Pong1PQFM_XObs_entangled_trainable_rzz_QLayers_5___seed_1_1761468207
7929856,1-Training-Losses/approx_kl,1.090110163204372e-05,Pong1PQFM_XObs_entangled_trainable_rzz_QLayers_5___seed_1_1761468207
7933952,1-Training-Losses/approx_kl,1.6266349120996892e-05,Pong1PQFM_XObs_entangled_trainable_rzz_QLayers_5___seed_1_1761468207
7938048,1-Training-Losses/approx_kl,1.3693956134375185e-05,Pong1PQFM_XObs_entangled_trainable_rzz_QLayers_5___seed_1_1761468207
7942144,1-Training-Losses/approx_kl,6.424161256290972e-06,Pong1PQFM_XObs_entangled_trainable_rzz_QLayers_5___seed_1_1761468207
7946240,1-Training-Losses/approx_kl,5.3591938922181726e-06,Pong1PQFM_XObs_entangled_trainable_rzz_QLayers_5___seed_1_1761468207
7950336,1-Training-Losses/approx_kl,9.054754627868533e-06,Pong1PQFM_XObs_entangled_trainable_rzz_QLayers_5___seed_1_1761468207
7954432,1-Training-Losses/approx_kl,6.5436106524430215e-06,Pong1PQFM_XObs_entangled_trainable_rzz_QLayers_5___seed_1_1761468207
7958528,1-Training-Losses/approx_kl,4.089823050890118e-06,Pong1PQFM_XObs_entangled_trainable_rzz_QLayers_5___seed_1_1761468207
7962624,1-Training-Losses/approx_kl,3.7604186218231916e-06,Pong1PQFM_XObs_entangled_trainable_rzz_QLayers_5___seed_1_1761468207
7966720,1-Training-Losses/approx_kl,3.165216912748292e-05,Pong1PQFM_XObs_entangled_trainable_rzz_QLayers_5___seed_1_1761468207
7970816,1-Training-Losses/approx_kl,7.60098992031999e-05,Pong1PQFM_XObs_entangled_trainable_rzz_QLayers_5___seed_1_1761468207
7974912,1-Training-Losses/approx_kl,0.0001298152783419937,Pong1PQFM_XObs_entangled_trainable_rzz_QLayers_5___seed_1_1761468207
7979008,1-Training-Losses/approx_kl,0.00021955581905785948,Pong1PQFM_XObs_entangled_trainable_rzz_QLayers_5___seed_1_1761468207
7983104,1-Training-Losses/approx_kl,0.00027771969325840473,Pong1PQFM_XObs_entangled_trainable_rzz_QLayers_5___seed_1_1761468207
7987200,1-Training-Losses/approx_kl,0.0001611627812962979,Pong1PQFM_XObs_entangled_trainable_rzz_QLayers_5___seed_1_1761468207
7991296,1-Training-Losses/approx_kl,0.00012247220729477704,Pong1PQFM_XObs_entangled_trainable_rzz_QLayers_5___seed_1_1761468207
7995392,1-Training-Losses/approx_kl,0.00015852635260671377,Pong1PQFM_XObs_entangled_trainable_rzz_QLayers_5___seed_1_1761468207
7999488,1-Training-Losses/approx_kl,0.00010885611845878884,Pong1PQFM_XObs_entangled_trainable_rzz_QLayers_5___seed_1_1761468207
8003584,1-Training-Losses/approx_kl,4.794960841536522e-05,Pong1PQFM_XObs_entangled_trainable_rzz_QLayers_5___seed_1_1761468207
8007680,1-Training-Losses/approx_kl,2.3904169211164117e-05,Pong1PQFM_XObs_entangled_trainable_rzz_QLayers_5___seed_1_1761468207
8011776,1-Training-Losses/approx_kl,1.3187163858674467e-05,Pong1PQFM_XObs_entangled_trainable_rzz_QLayers_5___seed_1_1761468207
8015872,1-Training-Losses/approx_kl,3.8139260141178966e-06,Pong1PQFM_XObs_entangled_trainable_rzz_QLayers_5___seed_1_1761468207
8019968,1-Training-Losses/approx_kl,4.177614755462855e-06,Pong1PQFM_XObs_entangled_trainable_rzz_QLayers_5___seed_1_1761468207
8024064,1-Training-Losses/approx_kl,1.794587296899408e-05,Pong1PQFM_XObs_entangled_trainable_rzz_QLayers_5___seed_1_1761468207
8028160,1-Training-Losses/approx_kl,6.765054422430694e-06,Pong1PQFM_XObs_entangled_trainable_rzz_QLayers_5___seed_1_1761468207
8032256,1-Training-Losses/approx_kl,2.1715823095291853e-06,Pong1PQFM_XObs_entangled_trainable_rzz_QLayers_5___seed_1_1761468207
8036352,1-Training-Losses/approx_kl,5.330490239430219e-06,Pong1PQFM_XObs_entangled_trainable_rzz_QLayers_5___seed_1_1761468207
8040448,1-Training-Losses/approx_kl,1.5051155060064048e-05,Pong1PQFM_XObs_entangled_trainable_rzz_QLayers_5___seed_1_1761468207
8044544,1-Training-Losses/approx_kl,2.1234183805063367e-05,Pong1PQFM_XObs_entangled_trainable_rzz_QLayers_5___seed_1_1761468207
8048640,1-Training-Losses/approx_kl,4.085632099304348e-05,Pong1PQFM_XObs_entangled_trainable_rzz_QLayers_5___seed_1_1761468207
8052736,1-Training-Losses/approx_kl,3.523866325849667e-05,Pong1PQFM_XObs_entangled_trainable_rzz_QLayers_5___seed_1_1761468207
8056832,1-Training-Losses/approx_kl,7.209802424767986e-05,Pong1PQFM_XObs_entangled_trainable_rzz_QLayers_5___seed_1_1761468207
8060928,1-Training-Losses/approx_kl,5.198235885472968e-05,Pong1PQFM_XObs_entangled_trainable_rzz_QLayers_5___seed_1_1761468207
8065024,1-Training-Losses/approx_kl,2.1774816559627652e-05,Pong1PQFM_XObs_entangled_trainable_rzz_QLayers_5___seed_1_1761468207
8069120,1-Training-Losses/approx_kl,2.7649570256471634e-05,Pong1PQFM_XObs_entangled_trainable_rzz_QLayers_5___seed_1_1761468207
8073216,1-Training-Losses/approx_kl,3.6103032471146435e-05,Pong1PQFM_XObs_entangled_trainable_rzz_QLayers_5___seed_1_1761468207
8077312,1-Training-Losses/approx_kl,1.326567871728912e-05,Pong1PQFM_XObs_entangled_trainable_rzz_QLayers_5___seed_1_1761468207
8081408,1-Training-Losses/approx_kl,1.2497315765358508e-05,Pong1PQFM_XObs_entangled_trainable_rzz_QLayers_5___seed_1_1761468207
8085504,1-Training-Losses/approx_kl,7.768278010189533e-06,Pong1PQFM_XObs_entangled_trainable_rzz_QLayers_5___seed_1_1761468207
8089600,1-Training-Losses/approx_kl,4.668402107199654e-05,Pong1PQFM_XObs_entangled_trainable_rzz_QLayers_5___seed_1_1761468207
8093696,1-Training-Losses/approx_kl,5.1802177040372044e-05,Pong1PQFM_XObs_entangled_trainable_rzz_QLayers_5___seed_1_1761468207
8097792,1-Training-Losses/approx_kl,2.6781934138853103e-05,Pong1PQFM_XObs_entangled_trainable_rzz_QLayers_5___seed_1_1761468207
8101888,1-Training-Losses/approx_kl,9.19413287192583e-06,Pong1PQFM_XObs_entangled_trainable_rzz_QLayers_5___seed_1_1761468207
8105984,1-Training-Losses/approx_kl,1.0130584996659309e-05,Pong1PQFM_XObs_entangled_trainable_rzz_QLayers_5___seed_1_1761468207
8110080,1-Training-Losses/approx_kl,8.33548983791843e-06,Pong1PQFM_XObs_entangled_trainable_rzz_QLayers_5___seed_1_1761468207
8114176,1-Training-Losses/approx_kl,5.596310074906796e-06,Pong1PQFM_XObs_entangled_trainable_rzz_QLayers_5___seed_1_1761468207
8118272,1-Training-Losses/approx_kl,1.185962901217863e-05,Pong1PQFM_XObs_entangled_trainable_rzz_QLayers_5___seed_1_1761468207
8122368,1-Training-Losses/approx_kl,3.0904702725820243e-06,Pong1PQFM_XObs_entangled_trainable_rzz_QLayers_5___seed_1_1761468207
8126464,1-Training-Losses/approx_kl,8.477603842038661e-06,Pong1PQFM_XObs_entangled_trainable_rzz_QLayers_5___seed_1_1761468207
8130560,1-Training-Losses/approx_kl,1.5671590517740697e-05,Pong1PQFM_XObs_entangled_trainable_rzz_QLayers_5___seed_1_1761468207
8134656,1-Training-Losses/approx_kl,2.487235178705305e-05,Pong1PQFM_XObs_entangled_trainable_rzz_QLayers_5___seed_1_1761468207
8138752,1-Training-Losses/approx_kl,3.493740950943902e-05,Pong1PQFM_XObs_entangled_trainable_rzz_QLayers_5___seed_1_1761468207
8142848,1-Training-Losses/approx_kl,1.699188578641042e-05,Pong1PQFM_XObs_entangled_trainable_rzz_QLayers_5___seed_1_1761468207
8146944,1-Training-Losses/approx_kl,1.5812569472473115e-05,Pong1PQFM_XObs_entangled_trainable_rzz_QLayers_5___seed_1_1761468207
8151040,1-Training-Losses/approx_kl,2.5241562980227172e-05,Pong1PQFM_XObs_entangled_trainable_rzz_QLayers_5___seed_1_1761468207
8155136,1-Training-Losses/approx_kl,1.8412290955893695e-05,Pong1PQFM_XObs_entangled_trainable_rzz_QLayers_5___seed_1_1761468207
8159232,1-Training-Losses/approx_kl,9.951552783604711e-06,Pong1PQFM_XObs_entangled_trainable_rzz_QLayers_5___seed_1_1761468207
8163328,1-Training-Losses/approx_kl,9.761824912857264e-06,Pong1PQFM_XObs_entangled_trainable_rzz_QLayers_5___seed_1_1761468207
8167424,1-Training-Losses/approx_kl,5.510408664122224e-05,Pong1PQFM_XObs_entangled_trainable_rzz_QLayers_5___seed_1_1761468207
8171520,1-Training-Losses/approx_kl,8.04736337158829e-05,Pong1PQFM_XObs_entangled_trainable_rzz_QLayers_5___seed_1_1761468207
8175616,1-Training-Losses/approx_kl,4.7078872739803046e-05,Pong1PQFM_XObs_entangled_trainable_rzz_QLayers_5___seed_1_1761468207
8179712,1-Training-Losses/approx_kl,2.2205160348676145e-05,Pong1PQFM_XObs_entangled_trainable_rzz_QLayers_5___seed_1_1761468207
8183808,1-Training-Losses/approx_kl,8.866707503329962e-06,Pong1PQFM_XObs_entangled_trainable_rzz_QLayers_5___seed_1_1761468207
8187904,1-Training-Losses/approx_kl,7.161375833675265e-06,Pong1PQFM_XObs_entangled_trainable_rzz_QLayers_5___seed_1_1761468207
8192000,1-Training-Losses/approx_kl,1.4084602298680693e-05,Pong1PQFM_XObs_entangled_trainable_rzz_QLayers_5___seed_1_1761468207
8196096,1-Training-Losses/approx_kl,3.145146183669567e-05,Pong1PQFM_XObs_entangled_trainable_rzz_QLayers_5___seed_1_1761468207
8200192,1-Training-Losses/approx_kl,2.81073444057256e-05,Pong1PQFM_XObs_entangled_trainable_rzz_QLayers_5___seed_1_1761468207
8204288,1-Training-Losses/approx_kl,4.2730156565085053e-05,Pong1PQFM_XObs_entangled_trainable_rzz_QLayers_5___seed_1_1761468207
8208384,1-Training-Losses/approx_kl,2.1012536308262497e-05,Pong1PQFM_XObs_entangled_trainable_rzz_QLayers_5___seed_1_1761468207
8212480,1-Training-Losses/approx_kl,1.3486045645549893e-05,Pong1PQFM_XObs_entangled_trainable_rzz_QLayers_5___seed_1_1761468207
8216576,1-Training-Losses/approx_kl,3.0754730687476695e-05,Pong1PQFM_XObs_entangled_trainable_rzz_QLayers_5___seed_1_1761468207
8220672,1-Training-Losses/approx_kl,3.56693853973411e-05,Pong1PQFM_XObs_entangled_trainable_rzz_QLayers_5___seed_1_1761468207
8224768,1-Training-Losses/approx_kl,2.926463639596477e-05,Pong1PQFM_XObs_entangled_trainable_rzz_QLayers_5___seed_1_1761468207
8228864,1-Training-Losses/approx_kl,1.427673123544082e-05,Pong1PQFM_XObs_entangled_trainable_rzz_QLayers_5___seed_1_1761468207
8232960,1-Training-Losses/approx_kl,7.264483429025859e-06,Pong1PQFM_XObs_entangled_trainable_rzz_QLayers_5___seed_1_1761468207
8237056,1-Training-Losses/approx_kl,6.105081411078572e-06,Pong1PQFM_XObs_entangled_trainable_rzz_QLayers_5___seed_1_1761468207
8241152,1-Training-Losses/approx_kl,1.5705540135968477e-05,Pong1PQFM_XObs_entangled_trainable_rzz_QLayers_5___seed_1_1761468207
8245248,1-Training-Losses/approx_kl,1.9009748939424753e-05,Pong1PQFM_XObs_entangled_trainable_rzz_QLayers_5___seed_1_1761468207
8249344,1-Training-Losses/approx_kl,2.148107159882784e-05,Pong1PQFM_XObs_entangled_trainable_rzz_QLayers_5___seed_1_1761468207
8253440,1-Training-Losses/approx_kl,2.427513391012326e-05,Pong1PQFM_XObs_entangled_trainable_rzz_QLayers_5___seed_1_1761468207
8257536,1-Training-Losses/approx_kl,1.1463962437119335e-05,Pong1PQFM_XObs_entangled_trainable_rzz_QLayers_5___seed_1_1761468207
8261632,1-Training-Losses/approx_kl,7.06581340637058e-06,Pong1PQFM_XObs_entangled_trainable_rzz_QLayers_5___seed_1_1761468207
8265728,1-Training-Losses/approx_kl,9.95276786852628e-06,Pong1PQFM_XObs_entangled_trainable_rzz_QLayers_5___seed_1_1761468207
8269824,1-Training-Losses/approx_kl,1.871805579867214e-05,Pong1PQFM_XObs_entangled_trainable_rzz_QLayers_5___seed_1_1761468207
8273920,1-Training-Losses/approx_kl,1.9913823052775115e-05,Pong1PQFM_XObs_entangled_trainable_rzz_QLayers_5___seed_1_1761468207
8278016,1-Training-Losses/approx_kl,1.919154601637274e-05,Pong1PQFM_XObs_entangled_trainable_rzz_QLayers_5___seed_1_1761468207
8282112,1-Training-Losses/approx_kl,1.3479802873916924e-05,Pong1PQFM_XObs_entangled_trainable_rzz_QLayers_5___seed_1_1761468207
8286208,1-Training-Losses/approx_kl,8.868817531038076e-06,Pong1PQFM_XObs_entangled_trainable_rzz_QLayers_5___seed_1_1761468207
8290304,1-Training-Losses/approx_kl,7.322792953345925e-06,Pong1PQFM_XObs_entangled_trainable_rzz_QLayers_5___seed_1_1761468207
8294400,1-Training-Losses/approx_kl,3.7943245843052864e-06,Pong1PQFM_XObs_entangled_trainable_rzz_QLayers_5___seed_1_1761468207
8298496,1-Training-Losses/approx_kl,6.6661013988777995e-06,Pong1PQFM_XObs_entangled_trainable_rzz_QLayers_5___seed_1_1761468207
8302592,1-Training-Losses/approx_kl,9.102121111936867e-06,Pong1PQFM_XObs_entangled_trainable_rzz_QLayers_5___seed_1_1761468207
8306688,1-Training-Losses/approx_kl,2.7363974368199706e-05,Pong1PQFM_XObs_entangled_trainable_rzz_QLayers_5___seed_1_1761468207
8310784,1-Training-Losses/approx_kl,4.2734318412840366e-05,Pong1PQFM_XObs_entangled_trainable_rzz_QLayers_5___seed_1_1761468207
8314880,1-Training-Losses/approx_kl,2.1174906578380615e-05,Pong1PQFM_XObs_entangled_trainable_rzz_QLayers_5___seed_1_1761468207
8318976,1-Training-Losses/approx_kl,1.2000709830317646e-05,Pong1PQFM_XObs_entangled_trainable_rzz_QLayers_5___seed_1_1761468207
8323072,1-Training-Losses/approx_kl,1.8227583495900035e-06,Pong1PQFM_XObs_entangled_trainable_rzz_QLayers_5___seed_1_1761468207
8327168,1-Training-Losses/approx_kl,2.4581386242061853e-06,Pong1PQFM_XObs_entangled_trainable_rzz_QLayers_5___seed_1_1761468207
8331264,1-Training-Losses/approx_kl,8.921582775656134e-06,Pong1PQFM_XObs_entangled_trainable_rzz_QLayers_5___seed_1_1761468207
8335360,1-Training-Losses/approx_kl,3.6869023460894823e-06,Pong1PQFM_XObs_entangled_trainable_rzz_QLayers_5___seed_1_1761468207
8339456,1-Training-Losses/approx_kl,2.156071423087269e-05,Pong1PQFM_XObs_entangled_trainable_rzz_QLayers_5___seed_1_1761468207
8343552,1-Training-Losses/approx_kl,3.950735117541626e-05,Pong1PQFM_XObs_entangled_trainable_rzz_QLayers_5___seed_1_1761468207
8347648,1-Training-Losses/approx_kl,3.9704624214209616e-05,Pong1PQFM_XObs_entangled_trainable_rzz_QLayers_5___seed_1_1761468207
8351744,1-Training-Losses/approx_kl,2.06354379770346e-05,Pong1PQFM_XObs_entangled_trainable_rzz_QLayers_5___seed_1_1761468207
8355840,1-Training-Losses/approx_kl,1.8498889403417706e-05,Pong1PQFM_XObs_entangled_trainable_rzz_QLayers_5___seed_1_1761468207
8359936,1-Training-Losses/approx_kl,2.075080556096509e-05,Pong1PQFM_XObs_entangled_trainable_rzz_QLayers_5___seed_1_1761468207
8364032,1-Training-Losses/approx_kl,9.552852134220302e-06,Pong1PQFM_XObs_entangled_trainable_rzz_QLayers_5___seed_1_1761468207
8368128,1-Training-Losses/approx_kl,5.349204002413899e-06,Pong1PQFM_XObs_entangled_trainable_rzz_QLayers_5___seed_1_1761468207
8372224,1-Training-Losses/approx_kl,1.6699785192031413e-05,Pong1PQFM_XObs_entangled_trainable_rzz_QLayers_5___seed_1_1761468207
8376320,1-Training-Losses/approx_kl,1.9355305994395167e-05,Pong1PQFM_XObs_entangled_trainable_rzz_QLayers_5___seed_1_1761468207
8380416,1-Training-Losses/approx_kl,6.854090315755457e-06,Pong1PQFM_XObs_entangled_trainable_rzz_QLayers_5___seed_1_1761468207
8384512,1-Training-Losses/approx_kl,1.4008110156282783e-06,Pong1PQFM_XObs_entangled_trainable_rzz_QLayers_5___seed_1_1761468207
8388608,1-Training-Losses/approx_kl,8.286377124022692e-06,Pong1PQFM_XObs_entangled_trainable_rzz_QLayers_5___seed_1_1761468207
8392704,1-Training-Losses/approx_kl,1.6020960174500942e-05,Pong1PQFM_XObs_entangled_trainable_rzz_QLayers_5___seed_1_1761468207
8396800,1-Training-Losses/approx_kl,1.7830723663792014e-05,Pong1PQFM_XObs_entangled_trainable_rzz_QLayers_5___seed_1_1761468207
8400896,1-Training-Losses/approx_kl,5.965506716165692e-06,Pong1PQFM_XObs_entangled_trainable_rzz_QLayers_5___seed_1_1761468207
8404992,1-Training-Losses/approx_kl,1.051852450473234e-05,Pong1PQFM_XObs_entangled_trainable_rzz_QLayers_5___seed_1_1761468207
8409088,1-Training-Losses/approx_kl,2.7742724341806024e-05,Pong1PQFM_XObs_entangled_trainable_rzz_QLayers_5___seed_1_1761468207
8413184,1-Training-Losses/approx_kl,1.4195167750585824e-05,Pong1PQFM_XObs_entangled_trainable_rzz_QLayers_5___seed_1_1761468207
8417280,1-Training-Losses/approx_kl,1.3615375792142004e-05,Pong1PQFM_XObs_entangled_trainable_rzz_QLayers_5___seed_1_1761468207
8421376,1-Training-Losses/approx_kl,2.6558409444987774e-05,Pong1PQFM_XObs_entangled_trainable_rzz_QLayers_5___seed_1_1761468207
8425472,1-Training-Losses/approx_kl,1.9474689906928688e-05,Pong1PQFM_XObs_entangled_trainable_rzz_QLayers_5___seed_1_1761468207
8429568,1-Training-Losses/approx_kl,4.126690328121185e-06,Pong1PQFM_XObs_entangled_trainable_rzz_QLayers_5___seed_1_1761468207
8433664,1-Training-Losses/approx_kl,1.2133306881878525e-05,Pong1PQFM_XObs_entangled_trainable_rzz_QLayers_5___seed_1_1761468207
8437760,1-Training-Losses/approx_kl,7.902776269474998e-05,Pong1PQFM_XObs_entangled_trainable_rzz_QLayers_5___seed_1_1761468207
8441856,1-Training-Losses/approx_kl,7.344544428633526e-05,Pong1PQFM_XObs_entangled_trainable_rzz_QLayers_5___seed_1_1761468207
8445952,1-Training-Losses/approx_kl,3.947284130845219e-05,Pong1PQFM_XObs_entangled_trainable_rzz_QLayers_5___seed_1_1761468207
8450048,1-Training-Losses/approx_kl,4.631387128029019e-06,Pong1PQFM_XObs_entangled_trainable_rzz_QLayers_5___seed_1_1761468207
8454144,1-Training-Losses/approx_kl,3.1023810151964426e-06,Pong1PQFM_XObs_entangled_trainable_rzz_QLayers_5___seed_1_1761468207
8458240,1-Training-Losses/approx_kl,2.030072209890932e-06,Pong1PQFM_XObs_entangled_trainable_rzz_QLayers_5___seed_1_1761468207
8462336,1-Training-Losses/approx_kl,1.2830350897274911e-06,Pong1PQFM_XObs_entangled_trainable_rzz_QLayers_5___seed_1_1761468207
8466432,1-Training-Losses/approx_kl,1.605840225238353e-06,Pong1PQFM_XObs_entangled_trainable_rzz_QLayers_5___seed_1_1761468207
8470528,1-Training-Losses/approx_kl,3.824134182650596e-06,Pong1PQFM_XObs_entangled_trainable_rzz_QLayers_5___seed_1_1761468207
8474624,1-Training-Losses/approx_kl,5.758884071838111e-06,Pong1PQFM_XObs_entangled_trainable_rzz_QLayers_5___seed_1_1761468207
8478720,1-Training-Losses/approx_kl,3.1906020012684166e-06,Pong1PQFM_XObs_entangled_trainable_rzz_QLayers_5___seed_1_1761468207
8482816,1-Training-Losses/approx_kl,2.868124283850193e-06,Pong1PQFM_XObs_entangled_trainable_rzz_QLayers_5___seed_1_1761468207
8486912,1-Training-Losses/approx_kl,8.406699635088444e-06,Pong1PQFM_XObs_entangled_trainable_rzz_QLayers_5___seed_1_1761468207
8491008,1-Training-Losses/approx_kl,7.533708412665874e-06,Pong1PQFM_XObs_entangled_trainable_rzz_QLayers_5___seed_1_1761468207
8495104,1-Training-Losses/approx_kl,1.3604083505924791e-05,Pong1PQFM_XObs_entangled_trainable_rzz_QLayers_5___seed_1_1761468207
8499200,1-Training-Losses/approx_kl,3.6946003092452884e-06,Pong1PQFM_XObs_entangled_trainable_rzz_QLayers_5___seed_1_1761468207
8503296,1-Training-Losses/approx_kl,3.2409807317890227e-06,Pong1PQFM_XObs_entangled_trainable_rzz_QLayers_5___seed_1_1761468207
8507392,1-Training-Losses/approx_kl,6.764370482414961e-06,Pong1PQFM_XObs_entangled_trainable_rzz_QLayers_5___seed_1_1761468207
8511488,1-Training-Losses/approx_kl,8.420807716902345e-06,Pong1PQFM_XObs_entangled_trainable_rzz_QLayers_5___seed_1_1761468207
8515584,1-Training-Losses/approx_kl,4.456429451238364e-06,Pong1PQFM_XObs_entangled_trainable_rzz_QLayers_5___seed_1_1761468207
8519680,1-Training-Losses/approx_kl,1.4844408724457026e-06,Pong1PQFM_XObs_entangled_trainable_rzz_QLayers_5___seed_1_1761468207
8523776,1-Training-Losses/approx_kl,2.4014952941797674e-06,Pong1PQFM_XObs_entangled_trainable_rzz_QLayers_5___seed_1_1761468207
8527872,1-Training-Losses/approx_kl,3.7761637941002846e-06,Pong1PQFM_XObs_entangled_trainable_rzz_QLayers_5___seed_1_1761468207
8531968,1-Training-Losses/approx_kl,2.33758328249678e-06,Pong1PQFM_XObs_entangled_trainable_rzz_QLayers_5___seed_1_1761468207
8536064,1-Training-Losses/approx_kl,2.143679012078792e-06,Pong1PQFM_XObs_entangled_trainable_rzz_QLayers_5___seed_1_1761468207
8540160,1-Training-Losses/approx_kl,1.624801370780915e-06,Pong1PQFM_XObs_entangled_trainable_rzz_QLayers_5___seed_1_1761468207
8544256,1-Training-Losses/approx_kl,3.26483859680593e-06,Pong1PQFM_XObs_entangled_trainable_rzz_QLayers_5___seed_1_1761468207
8548352,1-Training-Losses/approx_kl,1.3470089470501989e-05,Pong1PQFM_XObs_entangled_trainable_rzz_QLayers_5___seed_1_1761468207
8552448,1-Training-Losses/approx_kl,7.3164046625606716e-06,Pong1PQFM_XObs_entangled_trainable_rzz_QLayers_5___seed_1_1761468207
8556544,1-Training-Losses/approx_kl,1.7716243746690452e-05,Pong1PQFM_XObs_entangled_trainable_rzz_QLayers_5___seed_1_1761468207
8560640,1-Training-Losses/approx_kl,1.103340764530003e-05,Pong1PQFM_XObs_entangled_trainable_rzz_QLayers_5___seed_1_1761468207
8564736,1-Training-Losses/approx_kl,1.280532160308212e-06,Pong1PQFM_XObs_entangled_trainable_rzz_QLayers_5___seed_1_1761468207
8568832,1-Training-Losses/approx_kl,6.476562703028321e-06,Pong1PQFM_XObs_entangled_trainable_rzz_QLayers_5___seed_1_1761468207
8572928,1-Training-Losses/approx_kl,5.144291208125651e-06,Pong1PQFM_XObs_entangled_trainable_rzz_QLayers_5___seed_1_1761468207
8577024,1-Training-Losses/approx_kl,1.9843646441586316e-06,Pong1PQFM_XObs_entangled_trainable_rzz_QLayers_5___seed_1_1761468207
8581120,1-Training-Losses/approx_kl,2.384105755481869e-06,Pong1PQFM_XObs_entangled_trainable_rzz_QLayers_5___seed_1_1761468207
8585216,1-Training-Losses/approx_kl,5.253285053186119e-06,Pong1PQFM_XObs_entangled_trainable_rzz_QLayers_5___seed_1_1761468207
8589312,1-Training-Losses/approx_kl,5.99978375248611e-06,Pong1PQFM_XObs_entangled_trainable_rzz_QLayers_5___seed_1_1761468207
8593408,1-Training-Losses/approx_kl,4.314977559261024e-06,Pong1PQFM_XObs_entangled_trainable_rzz_QLayers_5___seed_1_1761468207
8597504,1-Training-Losses/approx_kl,1.4574179658666253e-06,Pong1PQFM_XObs_entangled_trainable_rzz_QLayers_5___seed_1_1761468207
8601600,1-Training-Losses/approx_kl,1.4612887753173709e-05,Pong1PQFM_XObs_entangled_trainable_rzz_QLayers_5___seed_1_1761468207
8605696,1-Training-Losses/approx_kl,1.9079743651673198e-05,Pong1PQFM_XObs_entangled_trainable_rzz_QLayers_5___seed_1_1761468207
8609792,1-Training-Losses/approx_kl,1.1712945706676692e-05,Pong1PQFM_XObs_entangled_trainable_rzz_QLayers_5___seed_1_1761468207
8613888,1-Training-Losses/approx_kl,3.904220648109913e-06,Pong1PQFM_XObs_entangled_trainable_rzz_QLayers_5___seed_1_1761468207
8617984,1-Training-Losses/approx_kl,2.742664946708828e-06,Pong1PQFM_XObs_entangled_trainable_rzz_QLayers_5___seed_1_1761468207
8622080,1-Training-Losses/approx_kl,3.7784506275784224e-05,Pong1PQFM_XObs_entangled_trainable_rzz_QLayers_5___seed_1_1761468207
8626176,1-Training-Losses/approx_kl,5.5252174206543714e-05,Pong1PQFM_XObs_entangled_trainable_rzz_QLayers_5___seed_1_1761468207
8630272,1-Training-Losses/approx_kl,5.092255742056295e-05,Pong1PQFM_XObs_entangled_trainable_rzz_QLayers_5___seed_1_1761468207
8634368,1-Training-Losses/approx_kl,5.0103131798096e-05,Pong1PQFM_XObs_entangled_trainable_rzz_QLayers_5___seed_1_1761468207
8638464,1-Training-Losses/approx_kl,3.939551243092865e-05,Pong1PQFM_XObs_entangled_trainable_rzz_QLayers_5___seed_1_1761468207
8642560,1-Training-Losses/approx_kl,1.37335155159235e-05,Pong1PQFM_XObs_entangled_trainable_rzz_QLayers_5___seed_1_1761468207
8646656,1-Training-Losses/approx_kl,6.601978384424001e-06,Pong1PQFM_XObs_entangled_trainable_rzz_QLayers_5___seed_1_1761468207
8650752,1-Training-Losses/approx_kl,1.232353679370135e-05,Pong1PQFM_XObs_entangled_trainable_rzz_QLayers_5___seed_1_1761468207
8654848,1-Training-Losses/approx_kl,6.855654646642506e-06,Pong1PQFM_XObs_entangled_trainable_rzz_QLayers_5___seed_1_1761468207
8658944,1-Training-Losses/approx_kl,2.496846718713641e-06,Pong1PQFM_XObs_entangled_trainable_rzz_QLayers_5___seed_1_1761468207
8663040,1-Training-Losses/approx_kl,7.443399226758629e-06,Pong1PQFM_XObs_entangled_trainable_rzz_QLayers_5___seed_1_1761468207
8667136,1-Training-Losses/approx_kl,1.86486286111176e-05,Pong1PQFM_XObs_entangled_trainable_rzz_QLayers_5___seed_1_1761468207
8671232,1-Training-Losses/approx_kl,1.3907287211623043e-05,Pong1PQFM_XObs_entangled_trainable_rzz_QLayers_5___seed_1_1761468207
8675328,1-Training-Losses/approx_kl,8.019771485123783e-06,Pong1PQFM_XObs_entangled_trainable_rzz_QLayers_5___seed_1_1761468207
8679424,1-Training-Losses/approx_kl,2.2445048671215773e-05,Pong1PQFM_XObs_entangled_trainable_rzz_QLayers_5___seed_1_1761468207
8683520,1-Training-Losses/approx_kl,1.8220387573819607e-05,Pong1PQFM_XObs_entangled_trainable_rzz_QLayers_5___seed_1_1761468207
8687616,1-Training-Losses/approx_kl,1.7303820641245693e-05,Pong1PQFM_XObs_entangled_trainable_rzz_QLayers_5___seed_1_1761468207
8691712,1-Training-Losses/approx_kl,2.3959684767760336e-05,Pong1PQFM_XObs_entangled_trainable_rzz_QLayers_5___seed_1_1761468207
8695808,1-Training-Losses/approx_kl,2.2214400814846158e-05,Pong1PQFM_XObs_entangled_trainable_rzz_QLayers_5___seed_1_1761468207
8699904,1-Training-Losses/approx_kl,2.0417632185854018e-05,Pong1PQFM_XObs_entangled_trainable_rzz_QLayers_5___seed_1_1761468207
8704000,1-Training-Losses/approx_kl,7.906528480816633e-06,Pong1PQFM_XObs_entangled_trainable_rzz_QLayers_5___seed_1_1761468207
8708096,1-Training-Losses/approx_kl,2.6957859518006444e-06,Pong1PQFM_XObs_entangled_trainable_rzz_QLayers_5___seed_1_1761468207
8712192,1-Training-Losses/approx_kl,3.5865014069713652e-06,Pong1PQFM_XObs_entangled_trainable_rzz_QLayers_5___seed_1_1761468207
8716288,1-Training-Losses/approx_kl,3.7150821299292147e-06,Pong1PQFM_XObs_entangled_trainable_rzz_QLayers_5___seed_1_1761468207
8720384,1-Training-Losses/approx_kl,1.7763377400115132e-06,Pong1PQFM_XObs_entangled_trainable_rzz_QLayers_5___seed_1_1761468207
8724480,1-Training-Losses/approx_kl,1.029341365210712e-05,Pong1PQFM_XObs_entangled_trainable_rzz_QLayers_5___seed_1_1761468207
8728576,1-Training-Losses/approx_kl,3.6967678170185536e-05,Pong1PQFM_XObs_entangled_trainable_rzz_QLayers_5___seed_1_1761468207
8732672,1-Training-Losses/approx_kl,1.4416567864827812e-05,Pong1PQFM_XObs_entangled_trainable_rzz_QLayers_5___seed_1_1761468207
8736768,1-Training-Losses/approx_kl,5.1942188292741776e-06,Pong1PQFM_XObs_entangled_trainable_rzz_QLayers_5___seed_1_1761468207
8740864,1-Training-Losses/approx_kl,4.612455086316913e-06,Pong1PQFM_XObs_entangled_trainable_rzz_QLayers_5___seed_1_1761468207
8744960,1-Training-Losses/approx_kl,3.850800567306578e-06,Pong1PQFM_XObs_entangled_trainable_rzz_QLayers_5___seed_1_1761468207
8749056,1-Training-Losses/approx_kl,3.6538767744787037e-06,Pong1PQFM_XObs_entangled_trainable_rzz_QLayers_5___seed_1_1761468207
8753152,1-Training-Losses/approx_kl,6.946844223421067e-06,Pong1PQFM_XObs_entangled_trainable_rzz_QLayers_5___seed_1_1761468207
8757248,1-Training-Losses/approx_kl,6.490859959740192e-06,Pong1PQFM_XObs_entangled_trainable_rzz_QLayers_5___seed_1_1761468207
8761344,1-Training-Losses/approx_kl,4.019195330329239e-06,Pong1PQFM_XObs_entangled_trainable_rzz_QLayers_5___seed_1_1761468207
8765440,1-Training-Losses/approx_kl,6.860136636532843e-06,Pong1PQFM_XObs_entangled_trainable_rzz_QLayers_5___seed_1_1761468207
8769536,1-Training-Losses/approx_kl,3.263288817834109e-06,Pong1PQFM_XObs_entangled_trainable_rzz_QLayers_5___seed_1_1761468207
8773632,1-Training-Losses/approx_kl,1.1225492926314473e-06,Pong1PQFM_XObs_entangled_trainable_rzz_QLayers_5___seed_1_1761468207
8777728,1-Training-Losses/approx_kl,8.860515663400292e-07,Pong1PQFM_XObs_entangled_trainable_rzz_QLayers_5___seed_1_1761468207
8781824,1-Training-Losses/approx_kl,2.655302523635328e-06,Pong1PQFM_XObs_entangled_trainable_rzz_QLayers_5___seed_1_1761468207
8785920,1-Training-Losses/approx_kl,3.735396603588015e-06,Pong1PQFM_XObs_entangled_trainable_rzz_QLayers_5___seed_1_1761468207
8790016,1-Training-Losses/approx_kl,6.2623294070363045e-06,Pong1PQFM_XObs_entangled_trainable_rzz_QLayers_5___seed_1_1761468207
8794112,1-Training-Losses/approx_kl,5.908928869757801e-06,Pong1PQFM_XObs_entangled_trainable_rzz_QLayers_5___seed_1_1761468207
8798208,1-Training-Losses/approx_kl,5.773697921540588e-06,Pong1PQFM_XObs_entangled_trainable_rzz_QLayers_5___seed_1_1761468207
8802304,1-Training-Losses/approx_kl,9.725881682243198e-06,Pong1PQFM_XObs_entangled_trainable_rzz_QLayers_5___seed_1_1761468207
8806400,1-Training-Losses/approx_kl,5.239729944150895e-06,Pong1PQFM_XObs_entangled_trainable_rzz_QLayers_5___seed_1_1761468207
8810496,1-Training-Losses/approx_kl,2.578985004220158e-06,Pong1PQFM_XObs_entangled_trainable_rzz_QLayers_5___seed_1_1761468207
8814592,1-Training-Losses/approx_kl,1.73551234183833e-06,Pong1PQFM_XObs_entangled_trainable_rzz_QLayers_5___seed_1_1761468207
8818688,1-Training-Losses/approx_kl,2.5459594326093793e-06,Pong1PQFM_XObs_entangled_trainable_rzz_QLayers_5___seed_1_1761468207
8822784,1-Training-Losses/approx_kl,2.328175469301641e-06,Pong1PQFM_XObs_entangled_trainable_rzz_QLayers_5___seed_1_1761468207
8826880,1-Training-Losses/approx_kl,1.4761717466171831e-05,Pong1PQFM_XObs_entangled_trainable_rzz_QLayers_5___seed_1_1761468207
8830976,1-Training-Losses/approx_kl,7.823720807209611e-06,Pong1PQFM_XObs_entangled_trainable_rzz_QLayers_5___seed_1_1761468207
8835072,1-Training-Losses/approx_kl,5.25786163052544e-06,Pong1PQFM_XObs_entangled_trainable_rzz_QLayers_5___seed_1_1761468207
8839168,1-Training-Losses/approx_kl,7.991366146598011e-06,Pong1PQFM_XObs_entangled_trainable_rzz_QLayers_5___seed_1_1761468207
8843264,1-Training-Losses/approx_kl,7.185968570411205e-06,Pong1PQFM_XObs_entangled_trainable_rzz_QLayers_5___seed_1_1761468207
8847360,1-Training-Losses/approx_kl,4.965091648045927e-06,Pong1PQFM_XObs_entangled_trainable_rzz_QLayers_5___seed_1_1761468207
8851456,1-Training-Losses/approx_kl,3.084620402660221e-06,Pong1PQFM_XObs_entangled_trainable_rzz_QLayers_5___seed_1_1761468207
8855552,1-Training-Losses/approx_kl,1.65128440130502e-05,Pong1PQFM_XObs_entangled_trainable_rzz_QLayers_5___seed_1_1761468207
8859648,1-Training-Losses/approx_kl,2.130280336132273e-05,Pong1PQFM_XObs_entangled_trainable_rzz_QLayers_5___seed_1_1761468207
8863744,1-Training-Losses/approx_kl,1.290195359615609e-05,Pong1PQFM_XObs_entangled_trainable_rzz_QLayers_5___seed_1_1761468207
8867840,1-Training-Losses/approx_kl,6.127607775852084e-06,Pong1PQFM_XObs_entangled_trainable_rzz_QLayers_5___seed_1_1761468207
8871936,1-Training-Losses/approx_kl,4.034089215565473e-06,Pong1PQFM_XObs_entangled_trainable_rzz_QLayers_5___seed_1_1761468207
8876032,1-Training-Losses/approx_kl,1.3402896001935005e-06,Pong1PQFM_XObs_entangled_trainable_rzz_QLayers_5___seed_1_1761468207
8880128,1-Training-Losses/approx_kl,2.601329470053315e-06,Pong1PQFM_XObs_entangled_trainable_rzz_QLayers_5___seed_1_1761468207
8884224,1-Training-Losses/approx_kl,2.838329237420112e-06,Pong1PQFM_XObs_entangled_trainable_rzz_QLayers_5___seed_1_1761468207
8888320,1-Training-Losses/approx_kl,3.300381649751216e-06,Pong1PQFM_XObs_entangled_trainable_rzz_QLayers_5___seed_1_1761468207
8892416,1-Training-Losses/approx_kl,1.712034281808883e-05,Pong1PQFM_XObs_entangled_trainable_rzz_QLayers_5___seed_1_1761468207
8896512,1-Training-Losses/approx_kl,1.657434768276289e-05,Pong1PQFM_XObs_entangled_trainable_rzz_QLayers_5___seed_1_1761468207
8900608,1-Training-Losses/approx_kl,9.395851520821452e-06,Pong1PQFM_XObs_entangled_trainable_rzz_QLayers_5___seed_1_1761468207
8904704,1-Training-Losses/approx_kl,4.5284032239578664e-06,Pong1PQFM_XObs_entangled_trainable_rzz_QLayers_5___seed_1_1761468207
8908800,1-Training-Losses/approx_kl,7.281778380274773e-06,Pong1PQFM_XObs_entangled_trainable_rzz_QLayers_5___seed_1_1761468207
8912896,1-Training-Losses/approx_kl,1.2747390428557992e-05,Pong1PQFM_XObs_entangled_trainable_rzz_QLayers_5___seed_1_1761468207
8916992,1-Training-Losses/approx_kl,9.812123607844114e-06,Pong1PQFM_XObs_entangled_trainable_rzz_QLayers_5___seed_1_1761468207
8921088,1-Training-Losses/approx_kl,7.411945261992514e-06,Pong1PQFM_XObs_entangled_trainable_rzz_QLayers_5___seed_1_1761468207
8925184,1-Training-Losses/approx_kl,4.329463990870863e-06,Pong1PQFM_XObs_entangled_trainable_rzz_QLayers_5___seed_1_1761468207
8929280,1-Training-Losses/approx_kl,7.64543074183166e-07,Pong1PQFM_XObs_entangled_trainable_rzz_QLayers_5___seed_1_1761468207
8933376,1-Training-Losses/approx_kl,1.5239129425026476e-06,Pong1PQFM_XObs_entangled_trainable_rzz_QLayers_5___seed_1_1761468207
8937472,1-Training-Losses/approx_kl,1.441614585928619e-06,Pong1PQFM_XObs_entangled_trainable_rzz_QLayers_5___seed_1_1761468207
8941568,1-Training-Losses/approx_kl,4.828594683203846e-06,Pong1PQFM_XObs_entangled_trainable_rzz_QLayers_5___seed_1_1761468207
8945664,1-Training-Losses/approx_kl,7.70588667364791e-06,Pong1PQFM_XObs_entangled_trainable_rzz_QLayers_5___seed_1_1761468207
8949760,1-Training-Losses/approx_kl,1.607626472832635e-05,Pong1PQFM_XObs_entangled_trainable_rzz_QLayers_5___seed_1_1761468207
8953856,1-Training-Losses/approx_kl,2.267813397338614e-05,Pong1PQFM_XObs_entangled_trainable_rzz_QLayers_5___seed_1_1761468207
8957952,1-Training-Losses/approx_kl,3.163571818731725e-05,Pong1PQFM_XObs_entangled_trainable_rzz_QLayers_5___seed_1_1761468207
8962048,1-Training-Losses/approx_kl,4.047238326165825e-05,Pong1PQFM_XObs_entangled_trainable_rzz_QLayers_5___seed_1_1761468207
8966144,1-Training-Losses/approx_kl,3.0796909413766116e-05,Pong1PQFM_XObs_entangled_trainable_rzz_QLayers_5___seed_1_1761468207
8970240,1-Training-Losses/approx_kl,5.694382707588375e-06,Pong1PQFM_XObs_entangled_trainable_rzz_QLayers_5___seed_1_1761468207
8974336,1-Training-Losses/approx_kl,1.441061613149941e-06,Pong1PQFM_XObs_entangled_trainable_rzz_QLayers_5___seed_1_1761468207
8978432,1-Training-Losses/approx_kl,1.09472603071481e-06,Pong1PQFM_XObs_entangled_trainable_rzz_QLayers_5___seed_1_1761468207
8982528,1-Training-Losses/approx_kl,1.3595999917015433e-06,Pong1PQFM_XObs_entangled_trainable_rzz_QLayers_5___seed_1_1761468207
8986624,1-Training-Losses/approx_kl,2.8729482437483966e-06,Pong1PQFM_XObs_entangled_trainable_rzz_QLayers_5___seed_1_1761468207
8990720,1-Training-Losses/approx_kl,3.9217775338329375e-06,Pong1PQFM_XObs_entangled_trainable_rzz_QLayers_5___seed_1_1761468207
8994816,1-Training-Losses/approx_kl,5.221423634793609e-06,Pong1PQFM_XObs_entangled_trainable_rzz_QLayers_5___seed_1_1761468207
8998912,1-Training-Losses/approx_kl,3.992827259935439e-06,Pong1PQFM_XObs_entangled_trainable_rzz_QLayers_5___seed_1_1761468207
9003008,1-Training-Losses/approx_kl,2.9724687919951975e-06,Pong1PQFM_XObs_entangled_trainable_rzz_QLayers_5___seed_1_1761468207
9007104,1-Training-Losses/approx_kl,2.8572394512593746e-06,Pong1PQFM_XObs_entangled_trainable_rzz_QLayers_5___seed_1_1761468207
9011200,1-Training-Losses/approx_kl,2.647379005793482e-06,Pong1PQFM_XObs_entangled_trainable_rzz_QLayers_5___seed_1_1761468207
9015296,1-Training-Losses/approx_kl,8.302195055875927e-06,Pong1PQFM_XObs_entangled_trainable_rzz_QLayers_5___seed_1_1761468207
9019392,1-Training-Losses/approx_kl,3.6711207940243185e-06,Pong1PQFM_XObs_entangled_trainable_rzz_QLayers_5___seed_1_1761468207
9023488,1-Training-Losses/approx_kl,7.940761861391366e-07,Pong1PQFM_XObs_entangled_trainable_rzz_QLayers_5___seed_1_1761468207
9027584,1-Training-Losses/approx_kl,1.8134742276743054e-06,Pong1PQFM_XObs_entangled_trainable_rzz_QLayers_5___seed_1_1761468207
9031680,1-Training-Losses/approx_kl,1.6540943761356175e-06,Pong1PQFM_XObs_entangled_trainable_rzz_QLayers_5___seed_1_1761468207
9035776,1-Training-Losses/approx_kl,2.6762718334794044e-06,Pong1PQFM_XObs_entangled_trainable_rzz_QLayers_5___seed_1_1761468207
9039872,1-Training-Losses/approx_kl,5.8052464737556875e-06,Pong1PQFM_XObs_entangled_trainable_rzz_QLayers_5___seed_1_1761468207
9043968,1-Training-Losses/approx_kl,4.770088708028197e-06,Pong1PQFM_XObs_entangled_trainable_rzz_QLayers_5___seed_1_1761468207
9048064,1-Training-Losses/approx_kl,3.1853269319981337e-06,Pong1PQFM_XObs_entangled_trainable_rzz_QLayers_5___seed_1_1761468207
9052160,1-Training-Losses/approx_kl,2.7032074285671115e-06,Pong1PQFM_XObs_entangled_trainable_rzz_QLayers_5___seed_1_1761468207
9056256,1-Training-Losses/approx_kl,1.0134681360796094e-06,Pong1PQFM_XObs_entangled_trainable_rzz_QLayers_5___seed_1_1761468207
9060352,1-Training-Losses/approx_kl,2.0283041521906853e-06,Pong1PQFM_XObs_entangled_trainable_rzz_QLayers_5___seed_1_1761468207
9064448,1-Training-Losses/approx_kl,2.459077222738415e-06,Pong1PQFM_XObs_entangled_trainable_rzz_QLayers_5___seed_1_1761468207
9068544,1-Training-Losses/approx_kl,8.803181117400527e-07,Pong1PQFM_XObs_entangled_trainable_rzz_QLayers_5___seed_1_1761468207
9072640,1-Training-Losses/approx_kl,8.764764061197639e-07,Pong1PQFM_XObs_entangled_trainable_rzz_QLayers_5___seed_1_1761468207
9076736,1-Training-Losses/approx_kl,2.5614426704123616e-06,Pong1PQFM_XObs_entangled_trainable_rzz_QLayers_5___seed_1_1761468207
9080832,1-Training-Losses/approx_kl,4.107481800019741e-06,Pong1PQFM_XObs_entangled_trainable_rzz_QLayers_5___seed_1_1761468207
9084928,1-Training-Losses/approx_kl,3.4804907045327127e-06,Pong1PQFM_XObs_entangled_trainable_rzz_QLayers_5___seed_1_1761468207
9089024,1-Training-Losses/approx_kl,1.4826218830421567e-06,Pong1PQFM_XObs_entangled_trainable_rzz_QLayers_5___seed_1_1761468207
9093120,1-Training-Losses/approx_kl,2.5909612304531038e-06,Pong1PQFM_XObs_entangled_trainable_rzz_QLayers_5___seed_1_1761468207
9097216,1-Training-Losses/approx_kl,8.911010809242725e-07,Pong1PQFM_XObs_entangled_trainable_rzz_QLayers_5___seed_1_1761468207
9101312,1-Training-Losses/approx_kl,5.646143108606339e-07,Pong1PQFM_XObs_entangled_trainable_rzz_QLayers_5___seed_1_1761468207
9105408,1-Training-Losses/approx_kl,7.509152055718005e-07,Pong1PQFM_XObs_entangled_trainable_rzz_QLayers_5___seed_1_1761468207
9109504,1-Training-Losses/approx_kl,9.019349818117917e-07,Pong1PQFM_XObs_entangled_trainable_rzz_QLayers_5___seed_1_1761468207
9113600,1-Training-Losses/approx_kl,1.4722900232300162e-06,Pong1PQFM_XObs_entangled_trainable_rzz_QLayers_5___seed_1_1761468207
9117696,1-Training-Losses/approx_kl,2.2421227185986936e-06,Pong1PQFM_XObs_entangled_trainable_rzz_QLayers_5___seed_1_1761468207
9121792,1-Training-Losses/approx_kl,1.2325544958002865e-06,Pong1PQFM_XObs_entangled_trainable_rzz_QLayers_5___seed_1_1761468207
9125888,1-Training-Losses/approx_kl,2.4820183170959353e-06,Pong1PQFM_XObs_entangled_trainable_rzz_QLayers_5___seed_1_1761468207
9129984,1-Training-Losses/approx_kl,2.394190232735127e-06,Pong1PQFM_XObs_entangled_trainable_rzz_QLayers_5___seed_1_1761468207
9134080,1-Training-Losses/approx_kl,1.9741273717954755e-06,Pong1PQFM_XObs_entangled_trainable_rzz_QLayers_5___seed_1_1761468207
9138176,1-Training-Losses/approx_kl,1.687832991592586e-06,Pong1PQFM_XObs_entangled_trainable_rzz_QLayers_5___seed_1_1761468207
9142272,1-Training-Losses/approx_kl,1.9283179426565766e-06,Pong1PQFM_XObs_entangled_trainable_rzz_QLayers_5___seed_1_1761468207
9146368,1-Training-Losses/approx_kl,2.580614818725735e-06,Pong1PQFM_XObs_entangled_trainable_rzz_QLayers_5___seed_1_1761468207
9150464,1-Training-Losses/approx_kl,2.5827393983490765e-06,Pong1PQFM_XObs_entangled_trainable_rzz_QLayers_5___seed_1_1761468207
9154560,1-Training-Losses/approx_kl,2.7561254682950675e-06,Pong1PQFM_XObs_entangled_trainable_rzz_QLayers_5___seed_1_1761468207
9158656,1-Training-Losses/approx_kl,2.9601651476696134e-06,Pong1PQFM_XObs_entangled_trainable_rzz_QLayers_5___seed_1_1761468207
9162752,1-Training-Losses/approx_kl,2.1874584490433335e-06,Pong1PQFM_XObs_entangled_trainable_rzz_QLayers_5___seed_1_1761468207
9166848,1-Training-Losses/approx_kl,1.0671064956113696e-06,Pong1PQFM_XObs_entangled_trainable_rzz_QLayers_5___seed_1_1761468207
9170944,1-Training-Losses/approx_kl,1.3791286619380116e-06,Pong1PQFM_XObs_entangled_trainable_rzz_QLayers_5___seed_1_1761468207
9175040,1-Training-Losses/approx_kl,8.316623279824853e-06,Pong1PQFM_XObs_entangled_trainable_rzz_QLayers_5___seed_1_1761468207
9179136,1-Training-Losses/approx_kl,9.183961083181202e-06,Pong1PQFM_XObs_entangled_trainable_rzz_QLayers_5___seed_1_1761468207
9183232,1-Training-Losses/approx_kl,9.613017027731985e-06,Pong1PQFM_XObs_entangled_trainable_rzz_QLayers_5___seed_1_1761468207
9187328,1-Training-Losses/approx_kl,8.982926374301314e-06,Pong1PQFM_XObs_entangled_trainable_rzz_QLayers_5___seed_1_1761468207
9191424,1-Training-Losses/approx_kl,9.269497240893543e-07,Pong1PQFM_XObs_entangled_trainable_rzz_QLayers_5___seed_1_1761468207
9195520,1-Training-Losses/approx_kl,1.1454176274128258e-06,Pong1PQFM_XObs_entangled_trainable_rzz_QLayers_5___seed_1_1761468207
9199616,1-Training-Losses/approx_kl,2.160464646294713e-06,Pong1PQFM_XObs_entangled_trainable_rzz_QLayers_5___seed_1_1761468207
9203712,1-Training-Losses/approx_kl,5.586538463830948e-06,Pong1PQFM_XObs_entangled_trainable_rzz_QLayers_5___seed_1_1761468207
9207808,1-Training-Losses/approx_kl,5.094589141663164e-06,Pong1PQFM_XObs_entangled_trainable_rzz_QLayers_5___seed_1_1761468207
9211904,1-Training-Losses/approx_kl,2.147527993656695e-06,Pong1PQFM_XObs_entangled_trainable_rzz_QLayers_5___seed_1_1761468207
9216000,1-Training-Losses/approx_kl,1.2290765880607069e-06,Pong1PQFM_XObs_entangled_trainable_rzz_QLayers_5___seed_1_1761468207
9220096,1-Training-Losses/approx_kl,1.356012944597751e-06,Pong1PQFM_XObs_entangled_trainable_rzz_QLayers_5___seed_1_1761468207
9224192,1-Training-Losses/approx_kl,1.6295889508910477e-06,Pong1PQFM_XObs_entangled_trainable_rzz_QLayers_5___seed_1_1761468207
9228288,1-Training-Losses/approx_kl,1.5893310774117708e-06,Pong1PQFM_XObs_entangled_trainable_rzz_QLayers_5___seed_1_1761468207
9232384,1-Training-Losses/approx_kl,2.247295924462378e-06,Pong1PQFM_XObs_entangled_trainable_rzz_QLayers_5___seed_1_1761468207
9236480,1-Training-Losses/approx_kl,6.227048288565129e-06,Pong1PQFM_XObs_entangled_trainable_rzz_QLayers_5___seed_1_1761468207
9240576,1-Training-Losses/approx_kl,9.567855158820748e-06,Pong1PQFM_XObs_entangled_trainable_rzz_QLayers_5___seed_1_1761468207
9244672,1-Training-Losses/approx_kl,2.7773785404860973e-06,Pong1PQFM_XObs_entangled_trainable_rzz_QLayers_5___seed_1_1761468207
9248768,1-Training-Losses/approx_kl,1.4822871889919043e-06,Pong1PQFM_XObs_entangled_trainable_rzz_QLayers_5___seed_1_1761468207
9252864,1-Training-Losses/approx_kl,1.4900724636390805e-06,Pong1PQFM_XObs_entangled_trainable_rzz_QLayers_5___seed_1_1761468207
9256960,1-Training-Losses/approx_kl,1.7070924513973296e-06,Pong1PQFM_XObs_entangled_trainable_rzz_QLayers_5___seed_1_1761468207
9261056,1-Training-Losses/approx_kl,2.472806954756379e-06,Pong1PQFM_XObs_entangled_trainable_rzz_QLayers_5___seed_1_1761468207
9265152,1-Training-Losses/approx_kl,3.9716396713629365e-06,Pong1PQFM_XObs_entangled_trainable_rzz_QLayers_5___seed_1_1761468207
9269248,1-Training-Losses/approx_kl,3.3745745895430446e-06,Pong1PQFM_XObs_entangled_trainable_rzz_QLayers_5___seed_1_1761468207
9273344,1-Training-Losses/approx_kl,5.92386641073972e-07,Pong1PQFM_XObs_entangled_trainable_rzz_QLayers_5___seed_1_1761468207
9277440,1-Training-Losses/approx_kl,5.974216037429869e-07,Pong1PQFM_XObs_entangled_trainable_rzz_QLayers_5___seed_1_1761468207
9281536,1-Training-Losses/approx_kl,3.149951226077974e-06,Pong1PQFM_XObs_entangled_trainable_rzz_QLayers_5___seed_1_1761468207
9285632,1-Training-Losses/approx_kl,5.384470568969846e-06,Pong1PQFM_XObs_entangled_trainable_rzz_QLayers_5___seed_1_1761468207
9289728,1-Training-Losses/approx_kl,3.842411388177425e-06,Pong1PQFM_XObs_entangled_trainable_rzz_QLayers_5___seed_1_1761468207
9293824,1-Training-Losses/approx_kl,1.962092937901616e-06,Pong1PQFM_XObs_entangled_trainable_rzz_QLayers_5___seed_1_1761468207
9297920,1-Training-Losses/approx_kl,1.400519977323711e-06,Pong1PQFM_XObs_entangled_trainable_rzz_QLayers_5___seed_1_1761468207
9302016,1-Training-Losses/approx_kl,3.888329956680536e-06,Pong1PQFM_XObs_entangled_trainable_rzz_QLayers_5___seed_1_1761468207
9306112,1-Training-Losses/approx_kl,2.025124558713287e-06,Pong1PQFM_XObs_entangled_trainable_rzz_QLayers_5___seed_1_1761468207
9310208,1-Training-Losses/approx_kl,1.6762351151555777e-06,Pong1PQFM_XObs_entangled_trainable_rzz_QLayers_5___seed_1_1761468207
9314304,1-Training-Losses/approx_kl,3.8948855944909155e-06,Pong1PQFM_XObs_entangled_trainable_rzz_QLayers_5___seed_1_1761468207
9318400,1-Training-Losses/approx_kl,3.479275619611144e-06,Pong1PQFM_XObs_entangled_trainable_rzz_QLayers_5___seed_1_1761468207
9322496,1-Training-Losses/approx_kl,1.4886900316923857e-06,Pong1PQFM_XObs_entangled_trainable_rzz_QLayers_5___seed_1_1761468207
9326592,1-Training-Losses/approx_kl,1.0923977242782712e-06,Pong1PQFM_XObs_entangled_trainable_rzz_QLayers_5___seed_1_1761468207
9330688,1-Training-Losses/approx_kl,2.0057123037986457e-06,Pong1PQFM_XObs_entangled_trainable_rzz_QLayers_5___seed_1_1761468207
9334784,1-Training-Losses/approx_kl,1.0384173947386444e-06,Pong1PQFM_XObs_entangled_trainable_rzz_QLayers_5___seed_1_1761468207
9338880,1-Training-Losses/approx_kl,8.528149919584394e-07,Pong1PQFM_XObs_entangled_trainable_rzz_QLayers_5___seed_1_1761468207
9342976,1-Training-Losses/approx_kl,7.738708518445492e-07,Pong1PQFM_XObs_entangled_trainable_rzz_QLayers_5___seed_1_1761468207
9347072,1-Training-Losses/approx_kl,6.391492206603289e-07,Pong1PQFM_XObs_entangled_trainable_rzz_QLayers_5___seed_1_1761468207
9351168,1-Training-Losses/approx_kl,5.703041097149253e-07,Pong1PQFM_XObs_entangled_trainable_rzz_QLayers_5___seed_1_1761468207
9355264,1-Training-Losses/approx_kl,6.727277650497854e-07,Pong1PQFM_XObs_entangled_trainable_rzz_QLayers_5___seed_1_1761468207
9359360,1-Training-Losses/approx_kl,1.1324300430715084e-06,Pong1PQFM_XObs_entangled_trainable_rzz_QLayers_5___seed_1_1761468207
9363456,1-Training-Losses/approx_kl,3.983914211858064e-06,Pong1PQFM_XObs_entangled_trainable_rzz_QLayers_5___seed_1_1761468207
9367552,1-Training-Losses/approx_kl,3.796259989030659e-06,Pong1PQFM_XObs_entangled_trainable_rzz_QLayers_5___seed_1_1761468207
9371648,1-Training-Losses/approx_kl,2.8336435207165778e-06,Pong1PQFM_XObs_entangled_trainable_rzz_QLayers_5___seed_1_1761468207
9375744,1-Training-Losses/approx_kl,2.260392648167908e-06,Pong1PQFM_XObs_entangled_trainable_rzz_QLayers_5___seed_1_1761468207
9379840,1-Training-Losses/approx_kl,2.83349072560668e-06,Pong1PQFM_XObs_entangled_trainable_rzz_QLayers_5___seed_1_1761468207
9383936,1-Training-Losses/approx_kl,1.8897117115557194e-06,Pong1PQFM_XObs_entangled_trainable_rzz_QLayers_5___seed_1_1761468207
9388032,1-Training-Losses/approx_kl,5.7521756389178336e-06,Pong1PQFM_XObs_entangled_trainable_rzz_QLayers_5___seed_1_1761468207
9392128,1-Training-Losses/approx_kl,3.7363643059507012e-06,Pong1PQFM_XObs_entangled_trainable_rzz_QLayers_5___seed_1_1761468207
9396224,1-Training-Losses/approx_kl,1.711792720016092e-06,Pong1PQFM_XObs_entangled_trainable_rzz_QLayers_5___seed_1_1761468207
9400320,1-Training-Losses/approx_kl,2.3757675080560148e-06,Pong1PQFM_XObs_entangled_trainable_rzz_QLayers_5___seed_1_1761468207
9404416,1-Training-Losses/approx_kl,2.7014611987397075e-06,Pong1PQFM_XObs_entangled_trainable_rzz_QLayers_5___seed_1_1761468207
9408512,1-Training-Losses/approx_kl,5.360358045436442e-06,Pong1PQFM_XObs_entangled_trainable_rzz_QLayers_5___seed_1_1761468207
9412608,1-Training-Losses/approx_kl,4.722962330561131e-06,Pong1PQFM_XObs_entangled_trainable_rzz_QLayers_5___seed_1_1761468207
9416704,1-Training-Losses/approx_kl,9.334449714515358e-06,Pong1PQFM_XObs_entangled_trainable_rzz_QLayers_5___seed_1_1761468207
9420800,1-Training-Losses/approx_kl,6.1747850850224495e-06,Pong1PQFM_XObs_entangled_trainable_rzz_QLayers_5___seed_1_1761468207
9424896,1-Training-Losses/approx_kl,2.4250985006801784e-06,Pong1PQFM_XObs_entangled_trainable_rzz_QLayers_5___seed_1_1761468207
9428992,1-Training-Losses/approx_kl,1.701599103398621e-06,Pong1PQFM_XObs_entangled_trainable_rzz_QLayers_5___seed_1_1761468207
9433088,1-Training-Losses/approx_kl,7.679409463889897e-07,Pong1PQFM_XObs_entangled_trainable_rzz_QLayers_5___seed_1_1761468207
9437184,1-Training-Losses/approx_kl,1.039472408592701e-06,Pong1PQFM_XObs_entangled_trainable_rzz_QLayers_5___seed_1_1761468207
9441280,1-Training-Losses/approx_kl,1.2649470590986311e-06,Pong1PQFM_XObs_entangled_trainable_rzz_QLayers_5___seed_1_1761468207
9445376,1-Training-Losses/approx_kl,1.1975571396760643e-06,Pong1PQFM_XObs_entangled_trainable_rzz_QLayers_5___seed_1_1761468207
9449472,1-Training-Losses/approx_kl,1.6523918020538986e-06,Pong1PQFM_XObs_entangled_trainable_rzz_QLayers_5___seed_1_1761468207
9453568,1-Training-Losses/approx_kl,1.2907476047985256e-06,Pong1PQFM_XObs_entangled_trainable_rzz_QLayers_5___seed_1_1761468207
9457664,1-Training-Losses/approx_kl,1.0564690455794334e-06,Pong1PQFM_XObs_entangled_trainable_rzz_QLayers_5___seed_1_1761468207
9461760,1-Training-Losses/approx_kl,9.955911082215607e-07,Pong1PQFM_XObs_entangled_trainable_rzz_QLayers_5___seed_1_1761468207
9465856,1-Training-Losses/approx_kl,6.447953637689352e-07,Pong1PQFM_XObs_entangled_trainable_rzz_QLayers_5___seed_1_1761468207
9469952,1-Training-Losses/approx_kl,2.1939340513199568e-06,Pong1PQFM_XObs_entangled_trainable_rzz_QLayers_5___seed_1_1761468207
9474048,1-Training-Losses/approx_kl,2.6891357265412807e-06,Pong1PQFM_XObs_entangled_trainable_rzz_QLayers_5___seed_1_1761468207
9478144,1-Training-Losses/approx_kl,2.870387106668204e-06,Pong1PQFM_XObs_entangled_trainable_rzz_QLayers_5___seed_1_1761468207
9482240,1-Training-Losses/approx_kl,1.361651811748743e-06,Pong1PQFM_XObs_entangled_trainable_rzz_QLayers_5___seed_1_1761468207
9486336,1-Training-Losses/approx_kl,4.244648152962327e-07,Pong1PQFM_XObs_entangled_trainable_rzz_QLayers_5___seed_1_1761468207
9490432,1-Training-Losses/approx_kl,3.214663593098521e-07,Pong1PQFM_XObs_entangled_trainable_rzz_QLayers_5___seed_1_1761468207
9494528,1-Training-Losses/approx_kl,1.9875005818903446e-07,Pong1PQFM_XObs_entangled_trainable_rzz_QLayers_5___seed_1_1761468207
9498624,1-Training-Losses/approx_kl,1.9855215214192867e-06,Pong1PQFM_XObs_entangled_trainable_rzz_QLayers_5___seed_1_1761468207
9502720,1-Training-Losses/approx_kl,1.9260914996266365e-06,Pong1PQFM_XObs_entangled_trainable_rzz_QLayers_5___seed_1_1761468207
9506816,1-Training-Losses/approx_kl,1.197942765429616e-06,Pong1PQFM_XObs_entangled_trainable_rzz_QLayers_5___seed_1_1761468207
9510912,1-Training-Losses/approx_kl,6.191548891365528e-07,Pong1PQFM_XObs_entangled_trainable_rzz_QLayers_5___seed_1_1761468207
9515008,1-Training-Losses/approx_kl,1.0194489732384682e-06,Pong1PQFM_XObs_entangled_trainable_rzz_QLayers_5___seed_1_1761468207
9519104,1-Training-Losses/approx_kl,5.815672921016812e-07,Pong1PQFM_XObs_entangled_trainable_rzz_QLayers_5___seed_1_1761468207
9523200,1-Training-Losses/approx_kl,1.5589466784149408e-07,Pong1PQFM_XObs_entangled_trainable_rzz_QLayers_5___seed_1_1761468207
9527296,1-Training-Losses/approx_kl,3.4862023312598467e-07,Pong1PQFM_XObs_entangled_trainable_rzz_QLayers_5___seed_1_1761468207
9531392,1-Training-Losses/approx_kl,3.855748218484223e-07,Pong1PQFM_XObs_entangled_trainable_rzz_QLayers_5___seed_1_1761468207
9535488,1-Training-Losses/approx_kl,1.2781674740836024e-07,Pong1PQFM_XObs_entangled_trainable_rzz_QLayers_5___seed_1_1761468207
9539584,1-Training-Losses/approx_kl,1.6860285541042686e-06,Pong1PQFM_XObs_entangled_trainable_rzz_QLayers_5___seed_1_1761468207
9543680,1-Training-Losses/approx_kl,1.782711478881538e-06,Pong1PQFM_XObs_entangled_trainable_rzz_QLayers_5___seed_1_1761468207
9547776,1-Training-Losses/approx_kl,2.9524817364290357e-06,Pong1PQFM_XObs_entangled_trainable_rzz_QLayers_5___seed_1_1761468207
9551872,1-Training-Losses/approx_kl,6.290836608968675e-06,Pong1PQFM_XObs_entangled_trainable_rzz_QLayers_5___seed_1_1761468207
9555968,1-Training-Losses/approx_kl,4.824934876523912e-06,Pong1PQFM_XObs_entangled_trainable_rzz_QLayers_5___seed_1_1761468207
9560064,1-Training-Losses/approx_kl,2.770975697785616e-06,Pong1PQFM_XObs_entangled_trainable_rzz_QLayers_5___seed_1_1761468207
9564160,1-Training-Losses/approx_kl,6.008485797792673e-07,Pong1PQFM_XObs_entangled_trainable_rzz_QLayers_5___seed_1_1761468207
9568256,1-Training-Losses/approx_kl,1.528969733044505e-07,Pong1PQFM_XObs_entangled_trainable_rzz_QLayers_5___seed_1_1761468207
9572352,1-Training-Losses/approx_kl,6.45857653580606e-07,Pong1PQFM_XObs_entangled_trainable_rzz_QLayers_5___seed_1_1761468207
9576448,1-Training-Losses/approx_kl,1.4649194781668484e-06,Pong1PQFM_XObs_entangled_trainable_rzz_QLayers_5___seed_1_1761468207
9580544,1-Training-Losses/approx_kl,7.680791895836592e-07,Pong1PQFM_XObs_entangled_trainable_rzz_QLayers_5___seed_1_1761468207
9584640,1-Training-Losses/approx_kl,1.0708754416555166e-06,Pong1PQFM_XObs_entangled_trainable_rzz_QLayers_5___seed_1_1761468207
9588736,1-Training-Losses/approx_kl,1.2335731298662722e-06,Pong1PQFM_XObs_entangled_trainable_rzz_QLayers_5___seed_1_1761468207
9592832,1-Training-Losses/approx_kl,6.00361090619117e-07,Pong1PQFM_XObs_entangled_trainable_rzz_QLayers_5___seed_1_1761468207
9596928,1-Training-Losses/approx_kl,8.247006917372346e-07,Pong1PQFM_XObs_entangled_trainable_rzz_QLayers_5___seed_1_1761468207
9601024,1-Training-Losses/approx_kl,6.581176421605051e-07,Pong1PQFM_XObs_entangled_trainable_rzz_QLayers_5___seed_1_1761468207
9605120,1-Training-Losses/approx_kl,3.211243893019855e-07,Pong1PQFM_XObs_entangled_trainable_rzz_QLayers_5___seed_1_1761468207
9609216,1-Training-Losses/approx_kl,1.8307764548808336e-07,Pong1PQFM_XObs_entangled_trainable_rzz_QLayers_5___seed_1_1761468207
9613312,1-Training-Losses/approx_kl,3.4590630093589425e-07,Pong1PQFM_XObs_entangled_trainable_rzz_QLayers_5___seed_1_1761468207
9617408,1-Training-Losses/approx_kl,3.416716936044395e-07,Pong1PQFM_XObs_entangled_trainable_rzz_QLayers_5___seed_1_1761468207
9621504,1-Training-Losses/approx_kl,1.7619458958506584e-07,Pong1PQFM_XObs_entangled_trainable_rzz_QLayers_5___seed_1_1761468207
9625600,1-Training-Losses/approx_kl,2.6429916033521295e-07,Pong1PQFM_XObs_entangled_trainable_rzz_QLayers_5___seed_1_1761468207
9629696,1-Training-Losses/approx_kl,2.2127642296254635e-07,Pong1PQFM_XObs_entangled_trainable_rzz_QLayers_5___seed_1_1761468207
9633792,1-Training-Losses/approx_kl,4.5236083678901196e-07,Pong1PQFM_XObs_entangled_trainable_rzz_QLayers_5___seed_1_1761468207
9637888,1-Training-Losses/approx_kl,4.5043998397886753e-07,Pong1PQFM_XObs_entangled_trainable_rzz_QLayers_5___seed_1_1761468207
9641984,1-Training-Losses/approx_kl,1.6680132830515504e-07,Pong1PQFM_XObs_entangled_trainable_rzz_QLayers_5___seed_1_1761468207
9646080,1-Training-Losses/approx_kl,6.011687219142914e-07,Pong1PQFM_XObs_entangled_trainable_rzz_QLayers_5___seed_1_1761468207
9650176,1-Training-Losses/approx_kl,7.699345587752759e-07,Pong1PQFM_XObs_entangled_trainable_rzz_QLayers_5___seed_1_1761468207
9654272,1-Training-Losses/approx_kl,6.503614713437855e-07,Pong1PQFM_XObs_entangled_trainable_rzz_QLayers_5___seed_1_1761468207
9658368,1-Training-Losses/approx_kl,1.0225121513940394e-06,Pong1PQFM_XObs_entangled_trainable_rzz_QLayers_5___seed_1_1761468207
9662464,1-Training-Losses/approx_kl,2.091874193865806e-06,Pong1PQFM_XObs_entangled_trainable_rzz_QLayers_5___seed_1_1761468207
9666560,1-Training-Losses/approx_kl,1.3753451639786363e-06,Pong1PQFM_XObs_entangled_trainable_rzz_QLayers_5___seed_1_1761468207
9670656,1-Training-Losses/approx_kl,5.082474672235548e-07,Pong1PQFM_XObs_entangled_trainable_rzz_QLayers_5___seed_1_1761468207
9674752,1-Training-Losses/approx_kl,1.7644924810156226e-07,Pong1PQFM_XObs_entangled_trainable_rzz_QLayers_5___seed_1_1761468207
9678848,1-Training-Losses/approx_kl,2.1823507267981768e-07,Pong1PQFM_XObs_entangled_trainable_rzz_QLayers_5___seed_1_1761468207
9682944,1-Training-Losses/approx_kl,3.0297815101221204e-07,Pong1PQFM_XObs_entangled_trainable_rzz_QLayers_5___seed_1_1761468207
9687040,1-Training-Losses/approx_kl,1.5712430467829108e-07,Pong1PQFM_XObs_entangled_trainable_rzz_QLayers_5___seed_1_1761468207
9691136,1-Training-Losses/approx_kl,1.4247780200093985e-07,Pong1PQFM_XObs_entangled_trainable_rzz_QLayers_5___seed_1_1761468207
9695232,1-Training-Losses/approx_kl,6.56924385111779e-07,Pong1PQFM_XObs_entangled_trainable_rzz_QLayers_5___seed_1_1761468207
9699328,1-Training-Losses/approx_kl,1.0603034752421081e-06,Pong1PQFM_XObs_entangled_trainable_rzz_QLayers_5___seed_1_1761468207
9703424,1-Training-Losses/approx_kl,7.14004272595048e-07,Pong1PQFM_XObs_entangled_trainable_rzz_QLayers_5___seed_1_1761468207
9707520,1-Training-Losses/approx_kl,2.3510074242949486e-07,Pong1PQFM_XObs_entangled_trainable_rzz_QLayers_5___seed_1_1761468207
9711616,1-Training-Losses/approx_kl,4.4819898903369904e-08,Pong1PQFM_XObs_entangled_trainable_rzz_QLayers_5___seed_1_1761468207
9715712,1-Training-Losses/approx_kl,7.052585715427995e-08,Pong1PQFM_XObs_entangled_trainable_rzz_QLayers_5___seed_1_1761468207
9719808,1-Training-Losses/approx_kl,1.713415258564055e-07,Pong1PQFM_XObs_entangled_trainable_rzz_QLayers_5___seed_1_1761468207
9723904,1-Training-Losses/approx_kl,4.0973100112751126e-07,Pong1PQFM_XObs_entangled_trainable_rzz_QLayers_5___seed_1_1761468207
9728000,1-Training-Losses/approx_kl,3.52243660017848e-07,Pong1PQFM_XObs_entangled_trainable_rzz_QLayers_5___seed_1_1761468207
9732096,1-Training-Losses/approx_kl,8.838105713948607e-07,Pong1PQFM_XObs_entangled_trainable_rzz_QLayers_5___seed_1_1761468207
9736192,1-Training-Losses/approx_kl,8.559945854358375e-07,Pong1PQFM_XObs_entangled_trainable_rzz_QLayers_5___seed_1_1761468207
9740288,1-Training-Losses/approx_kl,2.547094481997192e-07,Pong1PQFM_XObs_entangled_trainable_rzz_QLayers_5___seed_1_1761468207
9744384,1-Training-Losses/approx_kl,2.71997123491019e-07,Pong1PQFM_XObs_entangled_trainable_rzz_QLayers_5___seed_1_1761468207
9748480,1-Training-Losses/approx_kl,4.502726369537413e-07,Pong1PQFM_XObs_entangled_trainable_rzz_QLayers_5___seed_1_1761468207
9752576,1-Training-Losses/approx_kl,3.3352262107655406e-07,Pong1PQFM_XObs_entangled_trainable_rzz_QLayers_5___seed_1_1761468207
9756672,1-Training-Losses/approx_kl,2.9490183806046844e-07,Pong1PQFM_XObs_entangled_trainable_rzz_QLayers_5___seed_1_1761468207
9760768,1-Training-Losses/approx_kl,2.3366737877950072e-07,Pong1PQFM_XObs_entangled_trainable_rzz_QLayers_5___seed_1_1761468207
9764864,1-Training-Losses/approx_kl,1.1888914741575718e-07,Pong1PQFM_XObs_entangled_trainable_rzz_QLayers_5___seed_1_1761468207
9768960,1-Training-Losses/approx_kl,1.3268436305224895e-07,Pong1PQFM_XObs_entangled_trainable_rzz_QLayers_5___seed_1_1761468207
9773056,1-Training-Losses/approx_kl,1.787630026228726e-07,Pong1PQFM_XObs_entangled_trainable_rzz_QLayers_5___seed_1_1761468207
9777152,1-Training-Losses/approx_kl,2.6031193556264043e-07,Pong1PQFM_XObs_entangled_trainable_rzz_QLayers_5___seed_1_1761468207
9781248,1-Training-Losses/approx_kl,1.5133264241740108e-07,Pong1PQFM_XObs_entangled_trainable_rzz_QLayers_5___seed_1_1761468207
9785344,1-Training-Losses/approx_kl,2.0939478417858481e-07,Pong1PQFM_XObs_entangled_trainable_rzz_QLayers_5___seed_1_1761468207
9789440,1-Training-Losses/approx_kl,1.8694117898121476e-07,Pong1PQFM_XObs_entangled_trainable_rzz_QLayers_5___seed_1_1761468207
9793536,1-Training-Losses/approx_kl,8.603819878771901e-08,Pong1PQFM_XObs_entangled_trainable_rzz_QLayers_5___seed_1_1761468207
9797632,1-Training-Losses/approx_kl,2.918459358625114e-07,Pong1PQFM_XObs_entangled_trainable_rzz_QLayers_5___seed_1_1761468207
9801728,1-Training-Losses/approx_kl,2.0443258108571172e-07,Pong1PQFM_XObs_entangled_trainable_rzz_QLayers_5___seed_1_1761468207
9805824,1-Training-Losses/approx_kl,1.9901926862075925e-07,Pong1PQFM_XObs_entangled_trainable_rzz_QLayers_5___seed_1_1761468207
9809920,1-Training-Losses/approx_kl,1.83063093572855e-07,Pong1PQFM_XObs_entangled_trainable_rzz_QLayers_5___seed_1_1761468207
9814016,1-Training-Losses/approx_kl,7.890776032581925e-08,Pong1PQFM_XObs_entangled_trainable_rzz_QLayers_5___seed_1_1761468207
9818112,1-Training-Losses/approx_kl,1.4878605725243688e-07,Pong1PQFM_XObs_entangled_trainable_rzz_QLayers_5___seed_1_1761468207
9822208,1-Training-Losses/approx_kl,1.0898656910285354e-07,Pong1PQFM_XObs_entangled_trainable_rzz_QLayers_5___seed_1_1761468207
9826304,1-Training-Losses/approx_kl,4.294270183891058e-08,Pong1PQFM_XObs_entangled_trainable_rzz_QLayers_5___seed_1_1761468207
9830400,1-Training-Losses/approx_kl,1.2646341929212213e-07,Pong1PQFM_XObs_entangled_trainable_rzz_QLayers_5___seed_1_1761468207
9834496,1-Training-Losses/approx_kl,4.062967491336167e-07,Pong1PQFM_XObs_entangled_trainable_rzz_QLayers_5___seed_1_1761468207
9838592,1-Training-Losses/approx_kl,7.786002242937684e-07,Pong1PQFM_XObs_entangled_trainable_rzz_QLayers_5___seed_1_1761468207
9842688,1-Training-Losses/approx_kl,4.2728788685053587e-07,Pong1PQFM_XObs_entangled_trainable_rzz_QLayers_5___seed_1_1761468207
9846784,1-Training-Losses/approx_kl,2.4476321414113045e-07,Pong1PQFM_XObs_entangled_trainable_rzz_QLayers_5___seed_1_1761468207
9850880,1-Training-Losses/approx_kl,5.910987965762615e-08,Pong1PQFM_XObs_entangled_trainable_rzz_QLayers_5___seed_1_1761468207
9854976,1-Training-Losses/approx_kl,1.3114913599565625e-07,Pong1PQFM_XObs_entangled_trainable_rzz_QLayers_5___seed_1_1761468207
9859072,1-Training-Losses/approx_kl,7.803464541211724e-08,Pong1PQFM_XObs_entangled_trainable_rzz_QLayers_5___seed_1_1761468207
9863168,1-Training-Losses/approx_kl,3.881723387166858e-08,Pong1PQFM_XObs_entangled_trainable_rzz_QLayers_5___seed_1_1761468207
9867264,1-Training-Losses/approx_kl,1.3106910046190023e-07,Pong1PQFM_XObs_entangled_trainable_rzz_QLayers_5___seed_1_1761468207
9871360,1-Training-Losses/approx_kl,1.6789999790489674e-07,Pong1PQFM_XObs_entangled_trainable_rzz_QLayers_5___seed_1_1761468207
9875456,1-Training-Losses/approx_kl,1.0798248695209622e-07,Pong1PQFM_XObs_entangled_trainable_rzz_QLayers_5___seed_1_1761468207
9879552,1-Training-Losses/approx_kl,4.628236638382077e-08,Pong1PQFM_XObs_entangled_trainable_rzz_QLayers_5___seed_1_1761468207
9883648,1-Training-Losses/approx_kl,1.9550498109310865e-07,Pong1PQFM_XObs_entangled_trainable_rzz_QLayers_5___seed_1_1761468207
9887744,1-Training-Losses/approx_kl,2.7953501557931304e-07,Pong1PQFM_XObs_entangled_trainable_rzz_QLayers_5___seed_1_1761468207
9891840,1-Training-Losses/approx_kl,4.226603778079152e-08,Pong1PQFM_XObs_entangled_trainable_rzz_QLayers_5___seed_1_1761468207
9895936,1-Training-Losses/approx_kl,4.623143468052149e-08,Pong1PQFM_XObs_entangled_trainable_rzz_QLayers_5___seed_1_1761468207
9900032,1-Training-Losses/approx_kl,1.1821248335763812e-07,Pong1PQFM_XObs_entangled_trainable_rzz_QLayers_5___seed_1_1761468207
9904128,1-Training-Losses/approx_kl,1.3988028513267636e-07,Pong1PQFM_XObs_entangled_trainable_rzz_QLayers_5___seed_1_1761468207
9908224,1-Training-Losses/approx_kl,1.3728276826441288e-07,Pong1PQFM_XObs_entangled_trainable_rzz_QLayers_5___seed_1_1761468207
9912320,1-Training-Losses/approx_kl,8.429924491792917e-08,Pong1PQFM_XObs_entangled_trainable_rzz_QLayers_5___seed_1_1761468207
9916416,1-Training-Losses/approx_kl,5.957554094493389e-08,Pong1PQFM_XObs_entangled_trainable_rzz_QLayers_5___seed_1_1761468207
9920512,1-Training-Losses/approx_kl,5.6439603213220835e-08,Pong1PQFM_XObs_entangled_trainable_rzz_QLayers_5___seed_1_1761468207
9924608,1-Training-Losses/approx_kl,3.349850885570049e-08,Pong1PQFM_XObs_entangled_trainable_rzz_QLayers_5___seed_1_1761468207
9928704,1-Training-Losses/approx_kl,1.8080754671245813e-08,Pong1PQFM_XObs_entangled_trainable_rzz_QLayers_5___seed_1_1761468207
9932800,1-Training-Losses/approx_kl,1.2201780918985605e-08,Pong1PQFM_XObs_entangled_trainable_rzz_QLayers_5___seed_1_1761468207
9936896,1-Training-Losses/approx_kl,1.3184035196900368e-08,Pong1PQFM_XObs_entangled_trainable_rzz_QLayers_5___seed_1_1761468207
9940992,1-Training-Losses/approx_kl,1.1823431123048067e-08,Pong1PQFM_XObs_entangled_trainable_rzz_QLayers_5___seed_1_1761468207
9945088,1-Training-Losses/approx_kl,1.4297256711870432e-08,Pong1PQFM_XObs_entangled_trainable_rzz_QLayers_5___seed_1_1761468207
9949184,1-Training-Losses/approx_kl,1.2965756468474865e-08,Pong1PQFM_XObs_entangled_trainable_rzz_QLayers_5___seed_1_1761468207
9953280,1-Training-Losses/approx_kl,1.964508555829525e-08,Pong1PQFM_XObs_entangled_trainable_rzz_QLayers_5___seed_1_1761468207
9957376,1-Training-Losses/approx_kl,3.472814569249749e-08,Pong1PQFM_XObs_entangled_trainable_rzz_QLayers_5___seed_1_1761468207
9961472,1-Training-Losses/approx_kl,2.6746420189738274e-08,Pong1PQFM_XObs_entangled_trainable_rzz_QLayers_5___seed_1_1761468207
9965568,1-Training-Losses/approx_kl,2.7568603400141e-08,Pong1PQFM_XObs_entangled_trainable_rzz_QLayers_5___seed_1_1761468207
9969664,1-Training-Losses/approx_kl,2.1187588572502136e-08,Pong1PQFM_XObs_entangled_trainable_rzz_QLayers_5___seed_1_1761468207
9973760,1-Training-Losses/approx_kl,1.6581907402724028e-08,Pong1PQFM_XObs_entangled_trainable_rzz_QLayers_5___seed_1_1761468207
9977856,1-Training-Losses/approx_kl,8.883944246917963e-09,Pong1PQFM_XObs_entangled_trainable_rzz_QLayers_5___seed_1_1761468207
9981952,1-Training-Losses/approx_kl,8.651113603264093e-09,Pong1PQFM_XObs_entangled_trainable_rzz_QLayers_5___seed_1_1761468207
9986048,1-Training-Losses/approx_kl,7.887138053774834e-09,Pong1PQFM_XObs_entangled_trainable_rzz_QLayers_5___seed_1_1761468207
9990144,1-Training-Losses/approx_kl,6.2791514210402966e-09,Pong1PQFM_XObs_entangled_trainable_rzz_QLayers_5___seed_1_1761468207
9994240,1-Training-Losses/approx_kl,8.018105290830135e-09,Pong1PQFM_XObs_entangled_trainable_rzz_QLayers_5___seed_1_1761468207
9998336,1-Training-Losses/approx_kl,5.73345459997654e-09,Pong1PQFM_XObs_entangled_trainable_rzz_QLayers_5___seed_1_1761468207
4096,1-Training-Losses/clipfrac,0.0,Pong1PQFM_XObs_entangled_trainable_rzz_QLayers_5___seed_1_1761468207
8192,1-Training-Losses/clipfrac,0.0,Pong1PQFM_XObs_entangled_trainable_rzz_QLayers_5___seed_1_1761468207
12288,1-Training-Losses/clipfrac,0.0,Pong1PQFM_XObs_entangled_trainable_rzz_QLayers_5___seed_1_1761468207
16384,1-Training-Losses/clipfrac,0.0,Pong1PQFM_XObs_entangled_trainable_rzz_QLayers_5___seed_1_1761468207
20480,1-Training-Losses/clipfrac,0.0,Pong1PQFM_XObs_entangled_trainable_rzz_QLayers_5___seed_1_1761468207
24576,1-Training-Losses/clipfrac,0.0,Pong1PQFM_XObs_entangled_trainable_rzz_QLayers_5___seed_1_1761468207
28672,1-Training-Losses/clipfrac,0.0,Pong1PQFM_XObs_entangled_trainable_rzz_QLayers_5___seed_1_1761468207
32768,1-Training-Losses/clipfrac,0.0,Pong1PQFM_XObs_entangled_trainable_rzz_QLayers_5___seed_1_1761468207
36864,1-Training-Losses/clipfrac,0.0,Pong1PQFM_XObs_entangled_trainable_rzz_QLayers_5___seed_1_1761468207
40960,1-Training-Losses/clipfrac,0.0,Pong1PQFM_XObs_entangled_trainable_rzz_QLayers_5___seed_1_1761468207
45056,1-Training-Losses/clipfrac,0.0,Pong1PQFM_XObs_entangled_trainable_rzz_QLayers_5___seed_1_1761468207
49152,1-Training-Losses/clipfrac,0.0,Pong1PQFM_XObs_entangled_trainable_rzz_QLayers_5___seed_1_1761468207
53248,1-Training-Losses/clipfrac,0.0,Pong1PQFM_XObs_entangled_trainable_rzz_QLayers_5___seed_1_1761468207
57344,1-Training-Losses/clipfrac,0.0,Pong1PQFM_XObs_entangled_trainable_rzz_QLayers_5___seed_1_1761468207
61440,1-Training-Losses/clipfrac,0.0,Pong1PQFM_XObs_entangled_trainable_rzz_QLayers_5___seed_1_1761468207
65536,1-Training-Losses/clipfrac,0.0,Pong1PQFM_XObs_entangled_trainable_rzz_QLayers_5___seed_1_1761468207
69632,1-Training-Losses/clipfrac,0.0,Pong1PQFM_XObs_entangled_trainable_rzz_QLayers_5___seed_1_1761468207
73728,1-Training-Losses/clipfrac,0.0,Pong1PQFM_XObs_entangled_trainable_rzz_QLayers_5___seed_1_1761468207
77824,1-Training-Losses/clipfrac,0.0,Pong1PQFM_XObs_entangled_trainable_rzz_QLayers_5___seed_1_1761468207
81920,1-Training-Losses/clipfrac,0.0,Pong1PQFM_XObs_entangled_trainable_rzz_QLayers_5___seed_1_1761468207
86016,1-Training-Losses/clipfrac,0.0,Pong1PQFM_XObs_entangled_trainable_rzz_QLayers_5___seed_1_1761468207
90112,1-Training-Losses/clipfrac,0.0,Pong1PQFM_XObs_entangled_trainable_rzz_QLayers_5___seed_1_1761468207
94208,1-Training-Losses/clipfrac,0.0,Pong1PQFM_XObs_entangled_trainable_rzz_QLayers_5___seed_1_1761468207
98304,1-Training-Losses/clipfrac,0.0,Pong1PQFM_XObs_entangled_trainable_rzz_QLayers_5___seed_1_1761468207
102400,1-Training-Losses/clipfrac,0.0,Pong1PQFM_XObs_entangled_trainable_rzz_QLayers_5___seed_1_1761468207
106496,1-Training-Losses/clipfrac,0.0,Pong1PQFM_XObs_entangled_trainable_rzz_QLayers_5___seed_1_1761468207
110592,1-Training-Losses/clipfrac,0.0,Pong1PQFM_XObs_entangled_trainable_rzz_QLayers_5___seed_1_1761468207
114688,1-Training-Losses/clipfrac,0.0,Pong1PQFM_XObs_entangled_trainable_rzz_QLayers_5___seed_1_1761468207
118784,1-Training-Losses/clipfrac,0.0,Pong1PQFM_XObs_entangled_trainable_rzz_QLayers_5___seed_1_1761468207
122880,1-Training-Losses/clipfrac,0.0,Pong1PQFM_XObs_entangled_trainable_rzz_QLayers_5___seed_1_1761468207
126976,1-Training-Losses/clipfrac,0.0,Pong1PQFM_XObs_entangled_trainable_rzz_QLayers_5___seed_1_1761468207
131072,1-Training-Losses/clipfrac,0.0,Pong1PQFM_XObs_entangled_trainable_rzz_QLayers_5___seed_1_1761468207
135168,1-Training-Losses/clipfrac,0.0,Pong1PQFM_XObs_entangled_trainable_rzz_QLayers_5___seed_1_1761468207
139264,1-Training-Losses/clipfrac,0.0,Pong1PQFM_XObs_entangled_trainable_rzz_QLayers_5___seed_1_1761468207
143360,1-Training-Losses/clipfrac,0.0,Pong1PQFM_XObs_entangled_trainable_rzz_QLayers_5___seed_1_1761468207
147456,1-Training-Losses/clipfrac,0.0,Pong1PQFM_XObs_entangled_trainable_rzz_QLayers_5___seed_1_1761468207
151552,1-Training-Losses/clipfrac,0.0,Pong1PQFM_XObs_entangled_trainable_rzz_QLayers_5___seed_1_1761468207
155648,1-Training-Losses/clipfrac,0.0,Pong1PQFM_XObs_entangled_trainable_rzz_QLayers_5___seed_1_1761468207
159744,1-Training-Losses/clipfrac,0.0,Pong1PQFM_XObs_entangled_trainable_rzz_QLayers_5___seed_1_1761468207
163840,1-Training-Losses/clipfrac,0.0,Pong1PQFM_XObs_entangled_trainable_rzz_QLayers_5___seed_1_1761468207
167936,1-Training-Losses/clipfrac,0.0,Pong1PQFM_XObs_entangled_trainable_rzz_QLayers_5___seed_1_1761468207
172032,1-Training-Losses/clipfrac,0.0,Pong1PQFM_XObs_entangled_trainable_rzz_QLayers_5___seed_1_1761468207
176128,1-Training-Losses/clipfrac,0.0,Pong1PQFM_XObs_entangled_trainable_rzz_QLayers_5___seed_1_1761468207
180224,1-Training-Losses/clipfrac,0.0,Pong1PQFM_XObs_entangled_trainable_rzz_QLayers_5___seed_1_1761468207
184320,1-Training-Losses/clipfrac,0.0,Pong1PQFM_XObs_entangled_trainable_rzz_QLayers_5___seed_1_1761468207
188416,1-Training-Losses/clipfrac,0.0,Pong1PQFM_XObs_entangled_trainable_rzz_QLayers_5___seed_1_1761468207
192512,1-Training-Losses/clipfrac,0.0,Pong1PQFM_XObs_entangled_trainable_rzz_QLayers_5___seed_1_1761468207
196608,1-Training-Losses/clipfrac,0.0,Pong1PQFM_XObs_entangled_trainable_rzz_QLayers_5___seed_1_1761468207
200704,1-Training-Losses/clipfrac,0.0,Pong1PQFM_XObs_entangled_trainable_rzz_QLayers_5___seed_1_1761468207
204800,1-Training-Losses/clipfrac,0.0,Pong1PQFM_XObs_entangled_trainable_rzz_QLayers_5___seed_1_1761468207
208896,1-Training-Losses/clipfrac,0.0,Pong1PQFM_XObs_entangled_trainable_rzz_QLayers_5___seed_1_1761468207
212992,1-Training-Losses/clipfrac,0.0,Pong1PQFM_XObs_entangled_trainable_rzz_QLayers_5___seed_1_1761468207
217088,1-Training-Losses/clipfrac,0.0,Pong1PQFM_XObs_entangled_trainable_rzz_QLayers_5___seed_1_1761468207
221184,1-Training-Losses/clipfrac,0.0,Pong1PQFM_XObs_entangled_trainable_rzz_QLayers_5___seed_1_1761468207
225280,1-Training-Losses/clipfrac,0.0,Pong1PQFM_XObs_entangled_trainable_rzz_QLayers_5___seed_1_1761468207
229376,1-Training-Losses/clipfrac,0.0,Pong1PQFM_XObs_entangled_trainable_rzz_QLayers_5___seed_1_1761468207
233472,1-Training-Losses/clipfrac,0.0,Pong1PQFM_XObs_entangled_trainable_rzz_QLayers_5___seed_1_1761468207
237568,1-Training-Losses/clipfrac,0.0,Pong1PQFM_XObs_entangled_trainable_rzz_QLayers_5___seed_1_1761468207
241664,1-Training-Losses/clipfrac,0.0,Pong1PQFM_XObs_entangled_trainable_rzz_QLayers_5___seed_1_1761468207
245760,1-Training-Losses/clipfrac,0.0,Pong1PQFM_XObs_entangled_trainable_rzz_QLayers_5___seed_1_1761468207
249856,1-Training-Losses/clipfrac,0.0,Pong1PQFM_XObs_entangled_trainable_rzz_QLayers_5___seed_1_1761468207
253952,1-Training-Losses/clipfrac,0.0,Pong1PQFM_XObs_entangled_trainable_rzz_QLayers_5___seed_1_1761468207
258048,1-Training-Losses/clipfrac,0.0,Pong1PQFM_XObs_entangled_trainable_rzz_QLayers_5___seed_1_1761468207
262144,1-Training-Losses/clipfrac,0.0,Pong1PQFM_XObs_entangled_trainable_rzz_QLayers_5___seed_1_1761468207
266240,1-Training-Losses/clipfrac,0.0,Pong1PQFM_XObs_entangled_trainable_rzz_QLayers_5___seed_1_1761468207
270336,1-Training-Losses/clipfrac,0.0,Pong1PQFM_XObs_entangled_trainable_rzz_QLayers_5___seed_1_1761468207
274432,1-Training-Losses/clipfrac,0.0,Pong1PQFM_XObs_entangled_trainable_rzz_QLayers_5___seed_1_1761468207
278528,1-Training-Losses/clipfrac,0.0,Pong1PQFM_XObs_entangled_trainable_rzz_QLayers_5___seed_1_1761468207
282624,1-Training-Losses/clipfrac,0.0,Pong1PQFM_XObs_entangled_trainable_rzz_QLayers_5___seed_1_1761468207
286720,1-Training-Losses/clipfrac,0.0,Pong1PQFM_XObs_entangled_trainable_rzz_QLayers_5___seed_1_1761468207
290816,1-Training-Losses/clipfrac,0.0,Pong1PQFM_XObs_entangled_trainable_rzz_QLayers_5___seed_1_1761468207
294912,1-Training-Losses/clipfrac,0.0,Pong1PQFM_XObs_entangled_trainable_rzz_QLayers_5___seed_1_1761468207
299008,1-Training-Losses/clipfrac,0.0,Pong1PQFM_XObs_entangled_trainable_rzz_QLayers_5___seed_1_1761468207
303104,1-Training-Losses/clipfrac,0.0,Pong1PQFM_XObs_entangled_trainable_rzz_QLayers_5___seed_1_1761468207
307200,1-Training-Losses/clipfrac,0.0,Pong1PQFM_XObs_entangled_trainable_rzz_QLayers_5___seed_1_1761468207
311296,1-Training-Losses/clipfrac,0.0,Pong1PQFM_XObs_entangled_trainable_rzz_QLayers_5___seed_1_1761468207
315392,1-Training-Losses/clipfrac,0.0,Pong1PQFM_XObs_entangled_trainable_rzz_QLayers_5___seed_1_1761468207
319488,1-Training-Losses/clipfrac,0.0,Pong1PQFM_XObs_entangled_trainable_rzz_QLayers_5___seed_1_1761468207
323584,1-Training-Losses/clipfrac,0.0,Pong1PQFM_XObs_entangled_trainable_rzz_QLayers_5___seed_1_1761468207
327680,1-Training-Losses/clipfrac,0.0,Pong1PQFM_XObs_entangled_trainable_rzz_QLayers_5___seed_1_1761468207
331776,1-Training-Losses/clipfrac,0.0,Pong1PQFM_XObs_entangled_trainable_rzz_QLayers_5___seed_1_1761468207
335872,1-Training-Losses/clipfrac,0.0,Pong1PQFM_XObs_entangled_trainable_rzz_QLayers_5___seed_1_1761468207
339968,1-Training-Losses/clipfrac,0.0,Pong1PQFM_XObs_entangled_trainable_rzz_QLayers_5___seed_1_1761468207
344064,1-Training-Losses/clipfrac,0.0,Pong1PQFM_XObs_entangled_trainable_rzz_QLayers_5___seed_1_1761468207
348160,1-Training-Losses/clipfrac,0.0,Pong1PQFM_XObs_entangled_trainable_rzz_QLayers_5___seed_1_1761468207
352256,1-Training-Losses/clipfrac,0.0,Pong1PQFM_XObs_entangled_trainable_rzz_QLayers_5___seed_1_1761468207
356352,1-Training-Losses/clipfrac,0.0,Pong1PQFM_XObs_entangled_trainable_rzz_QLayers_5___seed_1_1761468207
360448,1-Training-Losses/clipfrac,0.0,Pong1PQFM_XObs_entangled_trainable_rzz_QLayers_5___seed_1_1761468207
364544,1-Training-Losses/clipfrac,0.0,Pong1PQFM_XObs_entangled_trainable_rzz_QLayers_5___seed_1_1761468207
368640,1-Training-Losses/clipfrac,0.0,Pong1PQFM_XObs_entangled_trainable_rzz_QLayers_5___seed_1_1761468207
372736,1-Training-Losses/clipfrac,0.0,Pong1PQFM_XObs_entangled_trainable_rzz_QLayers_5___seed_1_1761468207
376832,1-Training-Losses/clipfrac,0.0,Pong1PQFM_XObs_entangled_trainable_rzz_QLayers_5___seed_1_1761468207
380928,1-Training-Losses/clipfrac,0.0,Pong1PQFM_XObs_entangled_trainable_rzz_QLayers_5___seed_1_1761468207
385024,1-Training-Losses/clipfrac,0.0,Pong1PQFM_XObs_entangled_trainable_rzz_QLayers_5___seed_1_1761468207
389120,1-Training-Losses/clipfrac,0.0,Pong1PQFM_XObs_entangled_trainable_rzz_QLayers_5___seed_1_1761468207
393216,1-Training-Losses/clipfrac,0.0,Pong1PQFM_XObs_entangled_trainable_rzz_QLayers_5___seed_1_1761468207
397312,1-Training-Losses/clipfrac,0.0,Pong1PQFM_XObs_entangled_trainable_rzz_QLayers_5___seed_1_1761468207
401408,1-Training-Losses/clipfrac,0.0,Pong1PQFM_XObs_entangled_trainable_rzz_QLayers_5___seed_1_1761468207
405504,1-Training-Losses/clipfrac,0.0,Pong1PQFM_XObs_entangled_trainable_rzz_QLayers_5___seed_1_1761468207
409600,1-Training-Losses/clipfrac,0.0,Pong1PQFM_XObs_entangled_trainable_rzz_QLayers_5___seed_1_1761468207
413696,1-Training-Losses/clipfrac,0.0,Pong1PQFM_XObs_entangled_trainable_rzz_QLayers_5___seed_1_1761468207
417792,1-Training-Losses/clipfrac,0.0,Pong1PQFM_XObs_entangled_trainable_rzz_QLayers_5___seed_1_1761468207
421888,1-Training-Losses/clipfrac,0.0,Pong1PQFM_XObs_entangled_trainable_rzz_QLayers_5___seed_1_1761468207
425984,1-Training-Losses/clipfrac,0.0,Pong1PQFM_XObs_entangled_trainable_rzz_QLayers_5___seed_1_1761468207
430080,1-Training-Losses/clipfrac,0.0,Pong1PQFM_XObs_entangled_trainable_rzz_QLayers_5___seed_1_1761468207
434176,1-Training-Losses/clipfrac,0.0,Pong1PQFM_XObs_entangled_trainable_rzz_QLayers_5___seed_1_1761468207
438272,1-Training-Losses/clipfrac,0.0,Pong1PQFM_XObs_entangled_trainable_rzz_QLayers_5___seed_1_1761468207
442368,1-Training-Losses/clipfrac,0.0,Pong1PQFM_XObs_entangled_trainable_rzz_QLayers_5___seed_1_1761468207
446464,1-Training-Losses/clipfrac,0.0,Pong1PQFM_XObs_entangled_trainable_rzz_QLayers_5___seed_1_1761468207
450560,1-Training-Losses/clipfrac,0.0,Pong1PQFM_XObs_entangled_trainable_rzz_QLayers_5___seed_1_1761468207
454656,1-Training-Losses/clipfrac,0.0,Pong1PQFM_XObs_entangled_trainable_rzz_QLayers_5___seed_1_1761468207
458752,1-Training-Losses/clipfrac,0.0,Pong1PQFM_XObs_entangled_trainable_rzz_QLayers_5___seed_1_1761468207
462848,1-Training-Losses/clipfrac,0.0,Pong1PQFM_XObs_entangled_trainable_rzz_QLayers_5___seed_1_1761468207
466944,1-Training-Losses/clipfrac,0.0,Pong1PQFM_XObs_entangled_trainable_rzz_QLayers_5___seed_1_1761468207
471040,1-Training-Losses/clipfrac,0.0,Pong1PQFM_XObs_entangled_trainable_rzz_QLayers_5___seed_1_1761468207
475136,1-Training-Losses/clipfrac,0.0,Pong1PQFM_XObs_entangled_trainable_rzz_QLayers_5___seed_1_1761468207
479232,1-Training-Losses/clipfrac,0.0,Pong1PQFM_XObs_entangled_trainable_rzz_QLayers_5___seed_1_1761468207
483328,1-Training-Losses/clipfrac,0.0,Pong1PQFM_XObs_entangled_trainable_rzz_QLayers_5___seed_1_1761468207
487424,1-Training-Losses/clipfrac,0.0,Pong1PQFM_XObs_entangled_trainable_rzz_QLayers_5___seed_1_1761468207
491520,1-Training-Losses/clipfrac,0.0,Pong1PQFM_XObs_entangled_trainable_rzz_QLayers_5___seed_1_1761468207
495616,1-Training-Losses/clipfrac,0.0,Pong1PQFM_XObs_entangled_trainable_rzz_QLayers_5___seed_1_1761468207
499712,1-Training-Losses/clipfrac,0.0,Pong1PQFM_XObs_entangled_trainable_rzz_QLayers_5___seed_1_1761468207
503808,1-Training-Losses/clipfrac,0.0,Pong1PQFM_XObs_entangled_trainable_rzz_QLayers_5___seed_1_1761468207
507904,1-Training-Losses/clipfrac,0.0,Pong1PQFM_XObs_entangled_trainable_rzz_QLayers_5___seed_1_1761468207
512000,1-Training-Losses/clipfrac,0.0,Pong1PQFM_XObs_entangled_trainable_rzz_QLayers_5___seed_1_1761468207
516096,1-Training-Losses/clipfrac,0.0,Pong1PQFM_XObs_entangled_trainable_rzz_QLayers_5___seed_1_1761468207
520192,1-Training-Losses/clipfrac,0.0,Pong1PQFM_XObs_entangled_trainable_rzz_QLayers_5___seed_1_1761468207
524288,1-Training-Losses/clipfrac,0.0,Pong1PQFM_XObs_entangled_trainable_rzz_QLayers_5___seed_1_1761468207
528384,1-Training-Losses/clipfrac,0.0,Pong1PQFM_XObs_entangled_trainable_rzz_QLayers_5___seed_1_1761468207
532480,1-Training-Losses/clipfrac,0.0,Pong1PQFM_XObs_entangled_trainable_rzz_QLayers_5___seed_1_1761468207
536576,1-Training-Losses/clipfrac,0.0,Pong1PQFM_XObs_entangled_trainable_rzz_QLayers_5___seed_1_1761468207
540672,1-Training-Losses/clipfrac,0.0,Pong1PQFM_XObs_entangled_trainable_rzz_QLayers_5___seed_1_1761468207
544768,1-Training-Losses/clipfrac,0.0,Pong1PQFM_XObs_entangled_trainable_rzz_QLayers_5___seed_1_1761468207
548864,1-Training-Losses/clipfrac,0.0,Pong1PQFM_XObs_entangled_trainable_rzz_QLayers_5___seed_1_1761468207
552960,1-Training-Losses/clipfrac,0.0,Pong1PQFM_XObs_entangled_trainable_rzz_QLayers_5___seed_1_1761468207
557056,1-Training-Losses/clipfrac,0.0,Pong1PQFM_XObs_entangled_trainable_rzz_QLayers_5___seed_1_1761468207
561152,1-Training-Losses/clipfrac,0.0,Pong1PQFM_XObs_entangled_trainable_rzz_QLayers_5___seed_1_1761468207
565248,1-Training-Losses/clipfrac,0.0,Pong1PQFM_XObs_entangled_trainable_rzz_QLayers_5___seed_1_1761468207
569344,1-Training-Losses/clipfrac,0.0,Pong1PQFM_XObs_entangled_trainable_rzz_QLayers_5___seed_1_1761468207
573440,1-Training-Losses/clipfrac,0.0,Pong1PQFM_XObs_entangled_trainable_rzz_QLayers_5___seed_1_1761468207
577536,1-Training-Losses/clipfrac,0.0,Pong1PQFM_XObs_entangled_trainable_rzz_QLayers_5___seed_1_1761468207
581632,1-Training-Losses/clipfrac,0.0,Pong1PQFM_XObs_entangled_trainable_rzz_QLayers_5___seed_1_1761468207
585728,1-Training-Losses/clipfrac,0.0,Pong1PQFM_XObs_entangled_trainable_rzz_QLayers_5___seed_1_1761468207
589824,1-Training-Losses/clipfrac,0.0,Pong1PQFM_XObs_entangled_trainable_rzz_QLayers_5___seed_1_1761468207
593920,1-Training-Losses/clipfrac,0.0,Pong1PQFM_XObs_entangled_trainable_rzz_QLayers_5___seed_1_1761468207
598016,1-Training-Losses/clipfrac,0.0,Pong1PQFM_XObs_entangled_trainable_rzz_QLayers_5___seed_1_1761468207
602112,1-Training-Losses/clipfrac,0.0,Pong1PQFM_XObs_entangled_trainable_rzz_QLayers_5___seed_1_1761468207
606208,1-Training-Losses/clipfrac,0.0,Pong1PQFM_XObs_entangled_trainable_rzz_QLayers_5___seed_1_1761468207
610304,1-Training-Losses/clipfrac,0.0,Pong1PQFM_XObs_entangled_trainable_rzz_QLayers_5___seed_1_1761468207
614400,1-Training-Losses/clipfrac,0.0,Pong1PQFM_XObs_entangled_trainable_rzz_QLayers_5___seed_1_1761468207
618496,1-Training-Losses/clipfrac,0.0,Pong1PQFM_XObs_entangled_trainable_rzz_QLayers_5___seed_1_1761468207
622592,1-Training-Losses/clipfrac,0.0,Pong1PQFM_XObs_entangled_trainable_rzz_QLayers_5___seed_1_1761468207
626688,1-Training-Losses/clipfrac,0.0,Pong1PQFM_XObs_entangled_trainable_rzz_QLayers_5___seed_1_1761468207
630784,1-Training-Losses/clipfrac,0.0,Pong1PQFM_XObs_entangled_trainable_rzz_QLayers_5___seed_1_1761468207
634880,1-Training-Losses/clipfrac,0.0,Pong1PQFM_XObs_entangled_trainable_rzz_QLayers_5___seed_1_1761468207
638976,1-Training-Losses/clipfrac,0.0,Pong1PQFM_XObs_entangled_trainable_rzz_QLayers_5___seed_1_1761468207
643072,1-Training-Losses/clipfrac,0.0,Pong1PQFM_XObs_entangled_trainable_rzz_QLayers_5___seed_1_1761468207
647168,1-Training-Losses/clipfrac,0.0,Pong1PQFM_XObs_entangled_trainable_rzz_QLayers_5___seed_1_1761468207
651264,1-Training-Losses/clipfrac,0.0,Pong1PQFM_XObs_entangled_trainable_rzz_QLayers_5___seed_1_1761468207
655360,1-Training-Losses/clipfrac,0.0,Pong1PQFM_XObs_entangled_trainable_rzz_QLayers_5___seed_1_1761468207
659456,1-Training-Losses/clipfrac,0.0,Pong1PQFM_XObs_entangled_trainable_rzz_QLayers_5___seed_1_1761468207
663552,1-Training-Losses/clipfrac,0.0,Pong1PQFM_XObs_entangled_trainable_rzz_QLayers_5___seed_1_1761468207
667648,1-Training-Losses/clipfrac,0.0,Pong1PQFM_XObs_entangled_trainable_rzz_QLayers_5___seed_1_1761468207
671744,1-Training-Losses/clipfrac,0.0,Pong1PQFM_XObs_entangled_trainable_rzz_QLayers_5___seed_1_1761468207
675840,1-Training-Losses/clipfrac,0.0,Pong1PQFM_XObs_entangled_trainable_rzz_QLayers_5___seed_1_1761468207
679936,1-Training-Losses/clipfrac,0.0,Pong1PQFM_XObs_entangled_trainable_rzz_QLayers_5___seed_1_1761468207
684032,1-Training-Losses/clipfrac,0.0,Pong1PQFM_XObs_entangled_trainable_rzz_QLayers_5___seed_1_1761468207
688128,1-Training-Losses/clipfrac,0.0,Pong1PQFM_XObs_entangled_trainable_rzz_QLayers_5___seed_1_1761468207
692224,1-Training-Losses/clipfrac,0.0,Pong1PQFM_XObs_entangled_trainable_rzz_QLayers_5___seed_1_1761468207
696320,1-Training-Losses/clipfrac,0.0,Pong1PQFM_XObs_entangled_trainable_rzz_QLayers_5___seed_1_1761468207
700416,1-Training-Losses/clipfrac,0.0,Pong1PQFM_XObs_entangled_trainable_rzz_QLayers_5___seed_1_1761468207
704512,1-Training-Losses/clipfrac,0.0,Pong1PQFM_XObs_entangled_trainable_rzz_QLayers_5___seed_1_1761468207
708608,1-Training-Losses/clipfrac,0.0,Pong1PQFM_XObs_entangled_trainable_rzz_QLayers_5___seed_1_1761468207
712704,1-Training-Losses/clipfrac,0.0,Pong1PQFM_XObs_entangled_trainable_rzz_QLayers_5___seed_1_1761468207
716800,1-Training-Losses/clipfrac,0.0,Pong1PQFM_XObs_entangled_trainable_rzz_QLayers_5___seed_1_1761468207
720896,1-Training-Losses/clipfrac,0.0,Pong1PQFM_XObs_entangled_trainable_rzz_QLayers_5___seed_1_1761468207
724992,1-Training-Losses/clipfrac,0.0,Pong1PQFM_XObs_entangled_trainable_rzz_QLayers_5___seed_1_1761468207
729088,1-Training-Losses/clipfrac,0.0,Pong1PQFM_XObs_entangled_trainable_rzz_QLayers_5___seed_1_1761468207
733184,1-Training-Losses/clipfrac,0.0,Pong1PQFM_XObs_entangled_trainable_rzz_QLayers_5___seed_1_1761468207
737280,1-Training-Losses/clipfrac,0.0,Pong1PQFM_XObs_entangled_trainable_rzz_QLayers_5___seed_1_1761468207
741376,1-Training-Losses/clipfrac,0.0,Pong1PQFM_XObs_entangled_trainable_rzz_QLayers_5___seed_1_1761468207
745472,1-Training-Losses/clipfrac,0.0,Pong1PQFM_XObs_entangled_trainable_rzz_QLayers_5___seed_1_1761468207
749568,1-Training-Losses/clipfrac,0.0,Pong1PQFM_XObs_entangled_trainable_rzz_QLayers_5___seed_1_1761468207
753664,1-Training-Losses/clipfrac,0.0,Pong1PQFM_XObs_entangled_trainable_rzz_QLayers_5___seed_1_1761468207
757760,1-Training-Losses/clipfrac,0.0,Pong1PQFM_XObs_entangled_trainable_rzz_QLayers_5___seed_1_1761468207
761856,1-Training-Losses/clipfrac,0.0,Pong1PQFM_XObs_entangled_trainable_rzz_QLayers_5___seed_1_1761468207
765952,1-Training-Losses/clipfrac,0.0,Pong1PQFM_XObs_entangled_trainable_rzz_QLayers_5___seed_1_1761468207
770048,1-Training-Losses/clipfrac,0.0,Pong1PQFM_XObs_entangled_trainable_rzz_QLayers_5___seed_1_1761468207
774144,1-Training-Losses/clipfrac,0.0,Pong1PQFM_XObs_entangled_trainable_rzz_QLayers_5___seed_1_1761468207
778240,1-Training-Losses/clipfrac,0.0,Pong1PQFM_XObs_entangled_trainable_rzz_QLayers_5___seed_1_1761468207
782336,1-Training-Losses/clipfrac,0.0,Pong1PQFM_XObs_entangled_trainable_rzz_QLayers_5___seed_1_1761468207
786432,1-Training-Losses/clipfrac,0.0,Pong1PQFM_XObs_entangled_trainable_rzz_QLayers_5___seed_1_1761468207
790528,1-Training-Losses/clipfrac,0.0,Pong1PQFM_XObs_entangled_trainable_rzz_QLayers_5___seed_1_1761468207
794624,1-Training-Losses/clipfrac,0.0,Pong1PQFM_XObs_entangled_trainable_rzz_QLayers_5___seed_1_1761468207
798720,1-Training-Losses/clipfrac,0.0,Pong1PQFM_XObs_entangled_trainable_rzz_QLayers_5___seed_1_1761468207
802816,1-Training-Losses/clipfrac,0.0,Pong1PQFM_XObs_entangled_trainable_rzz_QLayers_5___seed_1_1761468207
806912,1-Training-Losses/clipfrac,0.0,Pong1PQFM_XObs_entangled_trainable_rzz_QLayers_5___seed_1_1761468207
811008,1-Training-Losses/clipfrac,0.0,Pong1PQFM_XObs_entangled_trainable_rzz_QLayers_5___seed_1_1761468207
815104,1-Training-Losses/clipfrac,0.0,Pong1PQFM_XObs_entangled_trainable_rzz_QLayers_5___seed_1_1761468207
819200,1-Training-Losses/clipfrac,0.00653076171875,Pong1PQFM_XObs_entangled_trainable_rzz_QLayers_5___seed_1_1761468207
823296,1-Training-Losses/clipfrac,0.0,Pong1PQFM_XObs_entangled_trainable_rzz_QLayers_5___seed_1_1761468207
827392,1-Training-Losses/clipfrac,0.0,Pong1PQFM_XObs_entangled_trainable_rzz_QLayers_5___seed_1_1761468207
831488,1-Training-Losses/clipfrac,0.0,Pong1PQFM_XObs_entangled_trainable_rzz_QLayers_5___seed_1_1761468207
835584,1-Training-Losses/clipfrac,0.0,Pong1PQFM_XObs_entangled_trainable_rzz_QLayers_5___seed_1_1761468207
839680,1-Training-Losses/clipfrac,0.0,Pong1PQFM_XObs_entangled_trainable_rzz_QLayers_5___seed_1_1761468207
843776,1-Training-Losses/clipfrac,0.0,Pong1PQFM_XObs_entangled_trainable_rzz_QLayers_5___seed_1_1761468207
847872,1-Training-Losses/clipfrac,0.0,Pong1PQFM_XObs_entangled_trainable_rzz_QLayers_5___seed_1_1761468207
851968,1-Training-Losses/clipfrac,0.0,Pong1PQFM_XObs_entangled_trainable_rzz_QLayers_5___seed_1_1761468207
856064,1-Training-Losses/clipfrac,0.0,Pong1PQFM_XObs_entangled_trainable_rzz_QLayers_5___seed_1_1761468207
860160,1-Training-Losses/clipfrac,0.0,Pong1PQFM_XObs_entangled_trainable_rzz_QLayers_5___seed_1_1761468207
864256,1-Training-Losses/clipfrac,0.0,Pong1PQFM_XObs_entangled_trainable_rzz_QLayers_5___seed_1_1761468207
868352,1-Training-Losses/clipfrac,0.0,Pong1PQFM_XObs_entangled_trainable_rzz_QLayers_5___seed_1_1761468207
872448,1-Training-Losses/clipfrac,0.0,Pong1PQFM_XObs_entangled_trainable_rzz_QLayers_5___seed_1_1761468207
876544,1-Training-Losses/clipfrac,0.0,Pong1PQFM_XObs_entangled_trainable_rzz_QLayers_5___seed_1_1761468207
880640,1-Training-Losses/clipfrac,0.0,Pong1PQFM_XObs_entangled_trainable_rzz_QLayers_5___seed_1_1761468207
884736,1-Training-Losses/clipfrac,0.0,Pong1PQFM_XObs_entangled_trainable_rzz_QLayers_5___seed_1_1761468207
888832,1-Training-Losses/clipfrac,0.0,Pong1PQFM_XObs_entangled_trainable_rzz_QLayers_5___seed_1_1761468207
892928,1-Training-Losses/clipfrac,0.0,Pong1PQFM_XObs_entangled_trainable_rzz_QLayers_5___seed_1_1761468207
897024,1-Training-Losses/clipfrac,0.0,Pong1PQFM_XObs_entangled_trainable_rzz_QLayers_5___seed_1_1761468207
901120,1-Training-Losses/clipfrac,0.0,Pong1PQFM_XObs_entangled_trainable_rzz_QLayers_5___seed_1_1761468207
905216,1-Training-Losses/clipfrac,0.0,Pong1PQFM_XObs_entangled_trainable_rzz_QLayers_5___seed_1_1761468207
909312,1-Training-Losses/clipfrac,0.0,Pong1PQFM_XObs_entangled_trainable_rzz_QLayers_5___seed_1_1761468207
913408,1-Training-Losses/clipfrac,0.0,Pong1PQFM_XObs_entangled_trainable_rzz_QLayers_5___seed_1_1761468207
917504,1-Training-Losses/clipfrac,0.0,Pong1PQFM_XObs_entangled_trainable_rzz_QLayers_5___seed_1_1761468207
921600,1-Training-Losses/clipfrac,0.0,Pong1PQFM_XObs_entangled_trainable_rzz_QLayers_5___seed_1_1761468207
925696,1-Training-Losses/clipfrac,0.0,Pong1PQFM_XObs_entangled_trainable_rzz_QLayers_5___seed_1_1761468207
929792,1-Training-Losses/clipfrac,0.0,Pong1PQFM_XObs_entangled_trainable_rzz_QLayers_5___seed_1_1761468207
933888,1-Training-Losses/clipfrac,0.0,Pong1PQFM_XObs_entangled_trainable_rzz_QLayers_5___seed_1_1761468207
937984,1-Training-Losses/clipfrac,0.0,Pong1PQFM_XObs_entangled_trainable_rzz_QLayers_5___seed_1_1761468207
942080,1-Training-Losses/clipfrac,0.0,Pong1PQFM_XObs_entangled_trainable_rzz_QLayers_5___seed_1_1761468207
946176,1-Training-Losses/clipfrac,0.0,Pong1PQFM_XObs_entangled_trainable_rzz_QLayers_5___seed_1_1761468207
950272,1-Training-Losses/clipfrac,0.0,Pong1PQFM_XObs_entangled_trainable_rzz_QLayers_5___seed_1_1761468207
954368,1-Training-Losses/clipfrac,0.0,Pong1PQFM_XObs_entangled_trainable_rzz_QLayers_5___seed_1_1761468207
958464,1-Training-Losses/clipfrac,0.0,Pong1PQFM_XObs_entangled_trainable_rzz_QLayers_5___seed_1_1761468207
962560,1-Training-Losses/clipfrac,0.0,Pong1PQFM_XObs_entangled_trainable_rzz_QLayers_5___seed_1_1761468207
966656,1-Training-Losses/clipfrac,0.0,Pong1PQFM_XObs_entangled_trainable_rzz_QLayers_5___seed_1_1761468207
970752,1-Training-Losses/clipfrac,0.0,Pong1PQFM_XObs_entangled_trainable_rzz_QLayers_5___seed_1_1761468207
974848,1-Training-Losses/clipfrac,0.0,Pong1PQFM_XObs_entangled_trainable_rzz_QLayers_5___seed_1_1761468207
978944,1-Training-Losses/clipfrac,0.0,Pong1PQFM_XObs_entangled_trainable_rzz_QLayers_5___seed_1_1761468207
983040,1-Training-Losses/clipfrac,0.0,Pong1PQFM_XObs_entangled_trainable_rzz_QLayers_5___seed_1_1761468207
987136,1-Training-Losses/clipfrac,0.0,Pong1PQFM_XObs_entangled_trainable_rzz_QLayers_5___seed_1_1761468207
991232,1-Training-Losses/clipfrac,0.0,Pong1PQFM_XObs_entangled_trainable_rzz_QLayers_5___seed_1_1761468207
995328,1-Training-Losses/clipfrac,0.0,Pong1PQFM_XObs_entangled_trainable_rzz_QLayers_5___seed_1_1761468207
999424,1-Training-Losses/clipfrac,0.0,Pong1PQFM_XObs_entangled_trainable_rzz_QLayers_5___seed_1_1761468207
1003520,1-Training-Losses/clipfrac,0.0,Pong1PQFM_XObs_entangled_trainable_rzz_QLayers_5___seed_1_1761468207
1007616,1-Training-Losses/clipfrac,0.0,Pong1PQFM_XObs_entangled_trainable_rzz_QLayers_5___seed_1_1761468207
1011712,1-Training-Losses/clipfrac,0.0,Pong1PQFM_XObs_entangled_trainable_rzz_QLayers_5___seed_1_1761468207
1015808,1-Training-Losses/clipfrac,0.0,Pong1PQFM_XObs_entangled_trainable_rzz_QLayers_5___seed_1_1761468207
1019904,1-Training-Losses/clipfrac,0.0,Pong1PQFM_XObs_entangled_trainable_rzz_QLayers_5___seed_1_1761468207
1024000,1-Training-Losses/clipfrac,0.0,Pong1PQFM_XObs_entangled_trainable_rzz_QLayers_5___seed_1_1761468207
1028096,1-Training-Losses/clipfrac,0.0,Pong1PQFM_XObs_entangled_trainable_rzz_QLayers_5___seed_1_1761468207
1032192,1-Training-Losses/clipfrac,0.0,Pong1PQFM_XObs_entangled_trainable_rzz_QLayers_5___seed_1_1761468207
1036288,1-Training-Losses/clipfrac,0.0,Pong1PQFM_XObs_entangled_trainable_rzz_QLayers_5___seed_1_1761468207
1040384,1-Training-Losses/clipfrac,0.0,Pong1PQFM_XObs_entangled_trainable_rzz_QLayers_5___seed_1_1761468207
1044480,1-Training-Losses/clipfrac,0.0,Pong1PQFM_XObs_entangled_trainable_rzz_QLayers_5___seed_1_1761468207
1048576,1-Training-Losses/clipfrac,0.0,Pong1PQFM_XObs_entangled_trainable_rzz_QLayers_5___seed_1_1761468207
1052672,1-Training-Losses/clipfrac,0.0,Pong1PQFM_XObs_entangled_trainable_rzz_QLayers_5___seed_1_1761468207
1056768,1-Training-Losses/clipfrac,0.0,Pong1PQFM_XObs_entangled_trainable_rzz_QLayers_5___seed_1_1761468207
1060864,1-Training-Losses/clipfrac,0.0,Pong1PQFM_XObs_entangled_trainable_rzz_QLayers_5___seed_1_1761468207
1064960,1-Training-Losses/clipfrac,0.0,Pong1PQFM_XObs_entangled_trainable_rzz_QLayers_5___seed_1_1761468207
1069056,1-Training-Losses/clipfrac,0.0,Pong1PQFM_XObs_entangled_trainable_rzz_QLayers_5___seed_1_1761468207
1073152,1-Training-Losses/clipfrac,0.0,Pong1PQFM_XObs_entangled_trainable_rzz_QLayers_5___seed_1_1761468207
1077248,1-Training-Losses/clipfrac,0.0,Pong1PQFM_XObs_entangled_trainable_rzz_QLayers_5___seed_1_1761468207
1081344,1-Training-Losses/clipfrac,0.0,Pong1PQFM_XObs_entangled_trainable_rzz_QLayers_5___seed_1_1761468207
1085440,1-Training-Losses/clipfrac,0.0,Pong1PQFM_XObs_entangled_trainable_rzz_QLayers_5___seed_1_1761468207
1089536,1-Training-Losses/clipfrac,0.0,Pong1PQFM_XObs_entangled_trainable_rzz_QLayers_5___seed_1_1761468207
1093632,1-Training-Losses/clipfrac,0.0,Pong1PQFM_XObs_entangled_trainable_rzz_QLayers_5___seed_1_1761468207
1097728,1-Training-Losses/clipfrac,0.0,Pong1PQFM_XObs_entangled_trainable_rzz_QLayers_5___seed_1_1761468207
1101824,1-Training-Losses/clipfrac,0.0,Pong1PQFM_XObs_entangled_trainable_rzz_QLayers_5___seed_1_1761468207
1105920,1-Training-Losses/clipfrac,0.0,Pong1PQFM_XObs_entangled_trainable_rzz_QLayers_5___seed_1_1761468207
1110016,1-Training-Losses/clipfrac,0.0,Pong1PQFM_XObs_entangled_trainable_rzz_QLayers_5___seed_1_1761468207
1114112,1-Training-Losses/clipfrac,0.0,Pong1PQFM_XObs_entangled_trainable_rzz_QLayers_5___seed_1_1761468207
1118208,1-Training-Losses/clipfrac,0.0,Pong1PQFM_XObs_entangled_trainable_rzz_QLayers_5___seed_1_1761468207
1122304,1-Training-Losses/clipfrac,0.0,Pong1PQFM_XObs_entangled_trainable_rzz_QLayers_5___seed_1_1761468207
1126400,1-Training-Losses/clipfrac,0.0,Pong1PQFM_XObs_entangled_trainable_rzz_QLayers_5___seed_1_1761468207
1130496,1-Training-Losses/clipfrac,0.0,Pong1PQFM_XObs_entangled_trainable_rzz_QLayers_5___seed_1_1761468207
1134592,1-Training-Losses/clipfrac,0.0,Pong1PQFM_XObs_entangled_trainable_rzz_QLayers_5___seed_1_1761468207
1138688,1-Training-Losses/clipfrac,0.0,Pong1PQFM_XObs_entangled_trainable_rzz_QLayers_5___seed_1_1761468207
1142784,1-Training-Losses/clipfrac,0.0,Pong1PQFM_XObs_entangled_trainable_rzz_QLayers_5___seed_1_1761468207
1146880,1-Training-Losses/clipfrac,0.0,Pong1PQFM_XObs_entangled_trainable_rzz_QLayers_5___seed_1_1761468207
1150976,1-Training-Losses/clipfrac,0.0,Pong1PQFM_XObs_entangled_trainable_rzz_QLayers_5___seed_1_1761468207
1155072,1-Training-Losses/clipfrac,0.0,Pong1PQFM_XObs_entangled_trainable_rzz_QLayers_5___seed_1_1761468207
1159168,1-Training-Losses/clipfrac,6.103515625e-05,Pong1PQFM_XObs_entangled_trainable_rzz_QLayers_5___seed_1_1761468207
1163264,1-Training-Losses/clipfrac,0.00042724609375,Pong1PQFM_XObs_entangled_trainable_rzz_QLayers_5___seed_1_1761468207
1167360,1-Training-Losses/clipfrac,0.0,Pong1PQFM_XObs_entangled_trainable_rzz_QLayers_5___seed_1_1761468207
1171456,1-Training-Losses/clipfrac,0.0,Pong1PQFM_XObs_entangled_trainable_rzz_QLayers_5___seed_1_1761468207
1175552,1-Training-Losses/clipfrac,0.0,Pong1PQFM_XObs_entangled_trainable_rzz_QLayers_5___seed_1_1761468207
1179648,1-Training-Losses/clipfrac,0.0,Pong1PQFM_XObs_entangled_trainable_rzz_QLayers_5___seed_1_1761468207
1183744,1-Training-Losses/clipfrac,0.0,Pong1PQFM_XObs_entangled_trainable_rzz_QLayers_5___seed_1_1761468207
1187840,1-Training-Losses/clipfrac,0.0,Pong1PQFM_XObs_entangled_trainable_rzz_QLayers_5___seed_1_1761468207
1191936,1-Training-Losses/clipfrac,0.0,Pong1PQFM_XObs_entangled_trainable_rzz_QLayers_5___seed_1_1761468207
1196032,1-Training-Losses/clipfrac,0.0,Pong1PQFM_XObs_entangled_trainable_rzz_QLayers_5___seed_1_1761468207
1200128,1-Training-Losses/clipfrac,0.0,Pong1PQFM_XObs_entangled_trainable_rzz_QLayers_5___seed_1_1761468207
1204224,1-Training-Losses/clipfrac,0.0,Pong1PQFM_XObs_entangled_trainable_rzz_QLayers_5___seed_1_1761468207
1208320,1-Training-Losses/clipfrac,0.0,Pong1PQFM_XObs_entangled_trainable_rzz_QLayers_5___seed_1_1761468207
1212416,1-Training-Losses/clipfrac,0.0,Pong1PQFM_XObs_entangled_trainable_rzz_QLayers_5___seed_1_1761468207
1216512,1-Training-Losses/clipfrac,0.0,Pong1PQFM_XObs_entangled_trainable_rzz_QLayers_5___seed_1_1761468207
1220608,1-Training-Losses/clipfrac,0.0,Pong1PQFM_XObs_entangled_trainable_rzz_QLayers_5___seed_1_1761468207
1224704,1-Training-Losses/clipfrac,0.0,Pong1PQFM_XObs_entangled_trainable_rzz_QLayers_5___seed_1_1761468207
1228800,1-Training-Losses/clipfrac,0.0,Pong1PQFM_XObs_entangled_trainable_rzz_QLayers_5___seed_1_1761468207
1232896,1-Training-Losses/clipfrac,0.0,Pong1PQFM_XObs_entangled_trainable_rzz_QLayers_5___seed_1_1761468207
1236992,1-Training-Losses/clipfrac,0.00030517578125,Pong1PQFM_XObs_entangled_trainable_rzz_QLayers_5___seed_1_1761468207
1241088,1-Training-Losses/clipfrac,0.0,Pong1PQFM_XObs_entangled_trainable_rzz_QLayers_5___seed_1_1761468207
1245184,1-Training-Losses/clipfrac,0.0,Pong1PQFM_XObs_entangled_trainable_rzz_QLayers_5___seed_1_1761468207
1249280,1-Training-Losses/clipfrac,0.0,Pong1PQFM_XObs_entangled_trainable_rzz_QLayers_5___seed_1_1761468207
1253376,1-Training-Losses/clipfrac,0.0,Pong1PQFM_XObs_entangled_trainable_rzz_QLayers_5___seed_1_1761468207
1257472,1-Training-Losses/clipfrac,0.0,Pong1PQFM_XObs_entangled_trainable_rzz_QLayers_5___seed_1_1761468207
1261568,1-Training-Losses/clipfrac,0.0,Pong1PQFM_XObs_entangled_trainable_rzz_QLayers_5___seed_1_1761468207
1265664,1-Training-Losses/clipfrac,0.0,Pong1PQFM_XObs_entangled_trainable_rzz_QLayers_5___seed_1_1761468207
1269760,1-Training-Losses/clipfrac,0.0,Pong1PQFM_XObs_entangled_trainable_rzz_QLayers_5___seed_1_1761468207
1273856,1-Training-Losses/clipfrac,0.0,Pong1PQFM_XObs_entangled_trainable_rzz_QLayers_5___seed_1_1761468207
1277952,1-Training-Losses/clipfrac,0.0,Pong1PQFM_XObs_entangled_trainable_rzz_QLayers_5___seed_1_1761468207
1282048,1-Training-Losses/clipfrac,0.0,Pong1PQFM_XObs_entangled_trainable_rzz_QLayers_5___seed_1_1761468207
1286144,1-Training-Losses/clipfrac,0.0,Pong1PQFM_XObs_entangled_trainable_rzz_QLayers_5___seed_1_1761468207
1290240,1-Training-Losses/clipfrac,0.0,Pong1PQFM_XObs_entangled_trainable_rzz_QLayers_5___seed_1_1761468207
1294336,1-Training-Losses/clipfrac,0.0,Pong1PQFM_XObs_entangled_trainable_rzz_QLayers_5___seed_1_1761468207
1298432,1-Training-Losses/clipfrac,0.0,Pong1PQFM_XObs_entangled_trainable_rzz_QLayers_5___seed_1_1761468207
1302528,1-Training-Losses/clipfrac,0.0,Pong1PQFM_XObs_entangled_trainable_rzz_QLayers_5___seed_1_1761468207
1306624,1-Training-Losses/clipfrac,0.0,Pong1PQFM_XObs_entangled_trainable_rzz_QLayers_5___seed_1_1761468207
1310720,1-Training-Losses/clipfrac,0.0,Pong1PQFM_XObs_entangled_trainable_rzz_QLayers_5___seed_1_1761468207
1314816,1-Training-Losses/clipfrac,0.0,Pong1PQFM_XObs_entangled_trainable_rzz_QLayers_5___seed_1_1761468207
1318912,1-Training-Losses/clipfrac,0.0,Pong1PQFM_XObs_entangled_trainable_rzz_QLayers_5___seed_1_1761468207
1323008,1-Training-Losses/clipfrac,0.0,Pong1PQFM_XObs_entangled_trainable_rzz_QLayers_5___seed_1_1761468207
1327104,1-Training-Losses/clipfrac,0.0,Pong1PQFM_XObs_entangled_trainable_rzz_QLayers_5___seed_1_1761468207
1331200,1-Training-Losses/clipfrac,0.0,Pong1PQFM_XObs_entangled_trainable_rzz_QLayers_5___seed_1_1761468207
1335296,1-Training-Losses/clipfrac,0.0,Pong1PQFM_XObs_entangled_trainable_rzz_QLayers_5___seed_1_1761468207
1339392,1-Training-Losses/clipfrac,0.0,Pong1PQFM_XObs_entangled_trainable_rzz_QLayers_5___seed_1_1761468207
1343488,1-Training-Losses/clipfrac,0.0,Pong1PQFM_XObs_entangled_trainable_rzz_QLayers_5___seed_1_1761468207
1347584,1-Training-Losses/clipfrac,0.0,Pong1PQFM_XObs_entangled_trainable_rzz_QLayers_5___seed_1_1761468207
1351680,1-Training-Losses/clipfrac,0.0,Pong1PQFM_XObs_entangled_trainable_rzz_QLayers_5___seed_1_1761468207
1355776,1-Training-Losses/clipfrac,0.0,Pong1PQFM_XObs_entangled_trainable_rzz_QLayers_5___seed_1_1761468207
1359872,1-Training-Losses/clipfrac,0.0,Pong1PQFM_XObs_entangled_trainable_rzz_QLayers_5___seed_1_1761468207
1363968,1-Training-Losses/clipfrac,0.0,Pong1PQFM_XObs_entangled_trainable_rzz_QLayers_5___seed_1_1761468207
1368064,1-Training-Losses/clipfrac,0.0,Pong1PQFM_XObs_entangled_trainable_rzz_QLayers_5___seed_1_1761468207
1372160,1-Training-Losses/clipfrac,0.0,Pong1PQFM_XObs_entangled_trainable_rzz_QLayers_5___seed_1_1761468207
1376256,1-Training-Losses/clipfrac,0.0,Pong1PQFM_XObs_entangled_trainable_rzz_QLayers_5___seed_1_1761468207
1380352,1-Training-Losses/clipfrac,0.0025634765625,Pong1PQFM_XObs_entangled_trainable_rzz_QLayers_5___seed_1_1761468207
1384448,1-Training-Losses/clipfrac,0.0,Pong1PQFM_XObs_entangled_trainable_rzz_QLayers_5___seed_1_1761468207
1388544,1-Training-Losses/clipfrac,0.0,Pong1PQFM_XObs_entangled_trainable_rzz_QLayers_5___seed_1_1761468207
1392640,1-Training-Losses/clipfrac,0.0,Pong1PQFM_XObs_entangled_trainable_rzz_QLayers_5___seed_1_1761468207
1396736,1-Training-Losses/clipfrac,0.0,Pong1PQFM_XObs_entangled_trainable_rzz_QLayers_5___seed_1_1761468207
1400832,1-Training-Losses/clipfrac,0.0,Pong1PQFM_XObs_entangled_trainable_rzz_QLayers_5___seed_1_1761468207
1404928,1-Training-Losses/clipfrac,0.0,Pong1PQFM_XObs_entangled_trainable_rzz_QLayers_5___seed_1_1761468207
1409024,1-Training-Losses/clipfrac,0.0,Pong1PQFM_XObs_entangled_trainable_rzz_QLayers_5___seed_1_1761468207
1413120,1-Training-Losses/clipfrac,0.0,Pong1PQFM_XObs_entangled_trainable_rzz_QLayers_5___seed_1_1761468207
1417216,1-Training-Losses/clipfrac,0.0,Pong1PQFM_XObs_entangled_trainable_rzz_QLayers_5___seed_1_1761468207
1421312,1-Training-Losses/clipfrac,0.0,Pong1PQFM_XObs_entangled_trainable_rzz_QLayers_5___seed_1_1761468207
1425408,1-Training-Losses/clipfrac,0.0,Pong1PQFM_XObs_entangled_trainable_rzz_QLayers_5___seed_1_1761468207
1429504,1-Training-Losses/clipfrac,0.0,Pong1PQFM_XObs_entangled_trainable_rzz_QLayers_5___seed_1_1761468207
1433600,1-Training-Losses/clipfrac,0.0,Pong1PQFM_XObs_entangled_trainable_rzz_QLayers_5___seed_1_1761468207
1437696,1-Training-Losses/clipfrac,0.0,Pong1PQFM_XObs_entangled_trainable_rzz_QLayers_5___seed_1_1761468207
1441792,1-Training-Losses/clipfrac,0.0,Pong1PQFM_XObs_entangled_trainable_rzz_QLayers_5___seed_1_1761468207
1445888,1-Training-Losses/clipfrac,0.0,Pong1PQFM_XObs_entangled_trainable_rzz_QLayers_5___seed_1_1761468207
1449984,1-Training-Losses/clipfrac,0.0,Pong1PQFM_XObs_entangled_trainable_rzz_QLayers_5___seed_1_1761468207
1454080,1-Training-Losses/clipfrac,0.0,Pong1PQFM_XObs_entangled_trainable_rzz_QLayers_5___seed_1_1761468207
1458176,1-Training-Losses/clipfrac,0.0,Pong1PQFM_XObs_entangled_trainable_rzz_QLayers_5___seed_1_1761468207
1462272,1-Training-Losses/clipfrac,0.0,Pong1PQFM_XObs_entangled_trainable_rzz_QLayers_5___seed_1_1761468207
1466368,1-Training-Losses/clipfrac,0.0,Pong1PQFM_XObs_entangled_trainable_rzz_QLayers_5___seed_1_1761468207
1470464,1-Training-Losses/clipfrac,0.0,Pong1PQFM_XObs_entangled_trainable_rzz_QLayers_5___seed_1_1761468207
1474560,1-Training-Losses/clipfrac,0.0,Pong1PQFM_XObs_entangled_trainable_rzz_QLayers_5___seed_1_1761468207
1478656,1-Training-Losses/clipfrac,0.0,Pong1PQFM_XObs_entangled_trainable_rzz_QLayers_5___seed_1_1761468207
1482752,1-Training-Losses/clipfrac,0.0,Pong1PQFM_XObs_entangled_trainable_rzz_QLayers_5___seed_1_1761468207
1486848,1-Training-Losses/clipfrac,0.0,Pong1PQFM_XObs_entangled_trainable_rzz_QLayers_5___seed_1_1761468207
1490944,1-Training-Losses/clipfrac,0.0,Pong1PQFM_XObs_entangled_trainable_rzz_QLayers_5___seed_1_1761468207
1495040,1-Training-Losses/clipfrac,0.0,Pong1PQFM_XObs_entangled_trainable_rzz_QLayers_5___seed_1_1761468207
1499136,1-Training-Losses/clipfrac,0.0,Pong1PQFM_XObs_entangled_trainable_rzz_QLayers_5___seed_1_1761468207
1503232,1-Training-Losses/clipfrac,0.0,Pong1PQFM_XObs_entangled_trainable_rzz_QLayers_5___seed_1_1761468207
1507328,1-Training-Losses/clipfrac,0.0,Pong1PQFM_XObs_entangled_trainable_rzz_QLayers_5___seed_1_1761468207
1511424,1-Training-Losses/clipfrac,0.0,Pong1PQFM_XObs_entangled_trainable_rzz_QLayers_5___seed_1_1761468207
1515520,1-Training-Losses/clipfrac,0.0,Pong1PQFM_XObs_entangled_trainable_rzz_QLayers_5___seed_1_1761468207
1519616,1-Training-Losses/clipfrac,0.0,Pong1PQFM_XObs_entangled_trainable_rzz_QLayers_5___seed_1_1761468207
1523712,1-Training-Losses/clipfrac,0.0,Pong1PQFM_XObs_entangled_trainable_rzz_QLayers_5___seed_1_1761468207
1527808,1-Training-Losses/clipfrac,0.0,Pong1PQFM_XObs_entangled_trainable_rzz_QLayers_5___seed_1_1761468207
1531904,1-Training-Losses/clipfrac,0.0,Pong1PQFM_XObs_entangled_trainable_rzz_QLayers_5___seed_1_1761468207
1536000,1-Training-Losses/clipfrac,0.0,Pong1PQFM_XObs_entangled_trainable_rzz_QLayers_5___seed_1_1761468207
1540096,1-Training-Losses/clipfrac,0.0,Pong1PQFM_XObs_entangled_trainable_rzz_QLayers_5___seed_1_1761468207
1544192,1-Training-Losses/clipfrac,0.0,Pong1PQFM_XObs_entangled_trainable_rzz_QLayers_5___seed_1_1761468207
1548288,1-Training-Losses/clipfrac,0.0,Pong1PQFM_XObs_entangled_trainable_rzz_QLayers_5___seed_1_1761468207
1552384,1-Training-Losses/clipfrac,0.0,Pong1PQFM_XObs_entangled_trainable_rzz_QLayers_5___seed_1_1761468207
1556480,1-Training-Losses/clipfrac,0.0,Pong1PQFM_XObs_entangled_trainable_rzz_QLayers_5___seed_1_1761468207
1560576,1-Training-Losses/clipfrac,0.0,Pong1PQFM_XObs_entangled_trainable_rzz_QLayers_5___seed_1_1761468207
1564672,1-Training-Losses/clipfrac,0.0,Pong1PQFM_XObs_entangled_trainable_rzz_QLayers_5___seed_1_1761468207
1568768,1-Training-Losses/clipfrac,0.0,Pong1PQFM_XObs_entangled_trainable_rzz_QLayers_5___seed_1_1761468207
1572864,1-Training-Losses/clipfrac,0.0001220703125,Pong1PQFM_XObs_entangled_trainable_rzz_QLayers_5___seed_1_1761468207
1576960,1-Training-Losses/clipfrac,0.0,Pong1PQFM_XObs_entangled_trainable_rzz_QLayers_5___seed_1_1761468207
1581056,1-Training-Losses/clipfrac,0.0,Pong1PQFM_XObs_entangled_trainable_rzz_QLayers_5___seed_1_1761468207
1585152,1-Training-Losses/clipfrac,0.00018310546875,Pong1PQFM_XObs_entangled_trainable_rzz_QLayers_5___seed_1_1761468207
1589248,1-Training-Losses/clipfrac,0.00140380859375,Pong1PQFM_XObs_entangled_trainable_rzz_QLayers_5___seed_1_1761468207
1593344,1-Training-Losses/clipfrac,0.00018310546875,Pong1PQFM_XObs_entangled_trainable_rzz_QLayers_5___seed_1_1761468207
1597440,1-Training-Losses/clipfrac,0.0,Pong1PQFM_XObs_entangled_trainable_rzz_QLayers_5___seed_1_1761468207
1601536,1-Training-Losses/clipfrac,0.0,Pong1PQFM_XObs_entangled_trainable_rzz_QLayers_5___seed_1_1761468207
1605632,1-Training-Losses/clipfrac,0.0,Pong1PQFM_XObs_entangled_trainable_rzz_QLayers_5___seed_1_1761468207
1609728,1-Training-Losses/clipfrac,0.0,Pong1PQFM_XObs_entangled_trainable_rzz_QLayers_5___seed_1_1761468207
1613824,1-Training-Losses/clipfrac,0.0,Pong1PQFM_XObs_entangled_trainable_rzz_QLayers_5___seed_1_1761468207
1617920,1-Training-Losses/clipfrac,0.0,Pong1PQFM_XObs_entangled_trainable_rzz_QLayers_5___seed_1_1761468207
1622016,1-Training-Losses/clipfrac,0.0,Pong1PQFM_XObs_entangled_trainable_rzz_QLayers_5___seed_1_1761468207
1626112,1-Training-Losses/clipfrac,0.0,Pong1PQFM_XObs_entangled_trainable_rzz_QLayers_5___seed_1_1761468207
1630208,1-Training-Losses/clipfrac,0.0,Pong1PQFM_XObs_entangled_trainable_rzz_QLayers_5___seed_1_1761468207
1634304,1-Training-Losses/clipfrac,0.0,Pong1PQFM_XObs_entangled_trainable_rzz_QLayers_5___seed_1_1761468207
1638400,1-Training-Losses/clipfrac,0.0,Pong1PQFM_XObs_entangled_trainable_rzz_QLayers_5___seed_1_1761468207
1642496,1-Training-Losses/clipfrac,0.0,Pong1PQFM_XObs_entangled_trainable_rzz_QLayers_5___seed_1_1761468207
1646592,1-Training-Losses/clipfrac,0.0,Pong1PQFM_XObs_entangled_trainable_rzz_QLayers_5___seed_1_1761468207
1650688,1-Training-Losses/clipfrac,0.0,Pong1PQFM_XObs_entangled_trainable_rzz_QLayers_5___seed_1_1761468207
1654784,1-Training-Losses/clipfrac,0.0,Pong1PQFM_XObs_entangled_trainable_rzz_QLayers_5___seed_1_1761468207
1658880,1-Training-Losses/clipfrac,0.0,Pong1PQFM_XObs_entangled_trainable_rzz_QLayers_5___seed_1_1761468207
1662976,1-Training-Losses/clipfrac,0.0,Pong1PQFM_XObs_entangled_trainable_rzz_QLayers_5___seed_1_1761468207
1667072,1-Training-Losses/clipfrac,0.0,Pong1PQFM_XObs_entangled_trainable_rzz_QLayers_5___seed_1_1761468207
1671168,1-Training-Losses/clipfrac,0.0,Pong1PQFM_XObs_entangled_trainable_rzz_QLayers_5___seed_1_1761468207
1675264,1-Training-Losses/clipfrac,0.0,Pong1PQFM_XObs_entangled_trainable_rzz_QLayers_5___seed_1_1761468207
1679360,1-Training-Losses/clipfrac,0.0,Pong1PQFM_XObs_entangled_trainable_rzz_QLayers_5___seed_1_1761468207
1683456,1-Training-Losses/clipfrac,0.0,Pong1PQFM_XObs_entangled_trainable_rzz_QLayers_5___seed_1_1761468207
1687552,1-Training-Losses/clipfrac,0.0,Pong1PQFM_XObs_entangled_trainable_rzz_QLayers_5___seed_1_1761468207
1691648,1-Training-Losses/clipfrac,0.0,Pong1PQFM_XObs_entangled_trainable_rzz_QLayers_5___seed_1_1761468207
1695744,1-Training-Losses/clipfrac,0.0,Pong1PQFM_XObs_entangled_trainable_rzz_QLayers_5___seed_1_1761468207
1699840,1-Training-Losses/clipfrac,0.0,Pong1PQFM_XObs_entangled_trainable_rzz_QLayers_5___seed_1_1761468207
1703936,1-Training-Losses/clipfrac,0.0,Pong1PQFM_XObs_entangled_trainable_rzz_QLayers_5___seed_1_1761468207
1708032,1-Training-Losses/clipfrac,0.0,Pong1PQFM_XObs_entangled_trainable_rzz_QLayers_5___seed_1_1761468207
1712128,1-Training-Losses/clipfrac,0.0,Pong1PQFM_XObs_entangled_trainable_rzz_QLayers_5___seed_1_1761468207
1716224,1-Training-Losses/clipfrac,0.0,Pong1PQFM_XObs_entangled_trainable_rzz_QLayers_5___seed_1_1761468207
1720320,1-Training-Losses/clipfrac,0.0,Pong1PQFM_XObs_entangled_trainable_rzz_QLayers_5___seed_1_1761468207
1724416,1-Training-Losses/clipfrac,0.0,Pong1PQFM_XObs_entangled_trainable_rzz_QLayers_5___seed_1_1761468207
1728512,1-Training-Losses/clipfrac,0.0,Pong1PQFM_XObs_entangled_trainable_rzz_QLayers_5___seed_1_1761468207
1732608,1-Training-Losses/clipfrac,0.0,Pong1PQFM_XObs_entangled_trainable_rzz_QLayers_5___seed_1_1761468207
1736704,1-Training-Losses/clipfrac,0.0,Pong1PQFM_XObs_entangled_trainable_rzz_QLayers_5___seed_1_1761468207
1740800,1-Training-Losses/clipfrac,0.0,Pong1PQFM_XObs_entangled_trainable_rzz_QLayers_5___seed_1_1761468207
1744896,1-Training-Losses/clipfrac,0.0,Pong1PQFM_XObs_entangled_trainable_rzz_QLayers_5___seed_1_1761468207
1748992,1-Training-Losses/clipfrac,0.0,Pong1PQFM_XObs_entangled_trainable_rzz_QLayers_5___seed_1_1761468207
1753088,1-Training-Losses/clipfrac,0.0,Pong1PQFM_XObs_entangled_trainable_rzz_QLayers_5___seed_1_1761468207
1757184,1-Training-Losses/clipfrac,0.0,Pong1PQFM_XObs_entangled_trainable_rzz_QLayers_5___seed_1_1761468207
1761280,1-Training-Losses/clipfrac,0.0,Pong1PQFM_XObs_entangled_trainable_rzz_QLayers_5___seed_1_1761468207
1765376,1-Training-Losses/clipfrac,0.0,Pong1PQFM_XObs_entangled_trainable_rzz_QLayers_5___seed_1_1761468207
1769472,1-Training-Losses/clipfrac,0.0,Pong1PQFM_XObs_entangled_trainable_rzz_QLayers_5___seed_1_1761468207
1773568,1-Training-Losses/clipfrac,0.0,Pong1PQFM_XObs_entangled_trainable_rzz_QLayers_5___seed_1_1761468207
1777664,1-Training-Losses/clipfrac,0.0,Pong1PQFM_XObs_entangled_trainable_rzz_QLayers_5___seed_1_1761468207
1781760,1-Training-Losses/clipfrac,0.0,Pong1PQFM_XObs_entangled_trainable_rzz_QLayers_5___seed_1_1761468207
1785856,1-Training-Losses/clipfrac,0.0,Pong1PQFM_XObs_entangled_trainable_rzz_QLayers_5___seed_1_1761468207
1789952,1-Training-Losses/clipfrac,0.0,Pong1PQFM_XObs_entangled_trainable_rzz_QLayers_5___seed_1_1761468207
1794048,1-Training-Losses/clipfrac,0.0,Pong1PQFM_XObs_entangled_trainable_rzz_QLayers_5___seed_1_1761468207
1798144,1-Training-Losses/clipfrac,0.0,Pong1PQFM_XObs_entangled_trainable_rzz_QLayers_5___seed_1_1761468207
1802240,1-Training-Losses/clipfrac,0.0,Pong1PQFM_XObs_entangled_trainable_rzz_QLayers_5___seed_1_1761468207
1806336,1-Training-Losses/clipfrac,0.0,Pong1PQFM_XObs_entangled_trainable_rzz_QLayers_5___seed_1_1761468207
1810432,1-Training-Losses/clipfrac,0.0,Pong1PQFM_XObs_entangled_trainable_rzz_QLayers_5___seed_1_1761468207
1814528,1-Training-Losses/clipfrac,0.0,Pong1PQFM_XObs_entangled_trainable_rzz_QLayers_5___seed_1_1761468207
1818624,1-Training-Losses/clipfrac,0.0,Pong1PQFM_XObs_entangled_trainable_rzz_QLayers_5___seed_1_1761468207
1822720,1-Training-Losses/clipfrac,0.0,Pong1PQFM_XObs_entangled_trainable_rzz_QLayers_5___seed_1_1761468207
1826816,1-Training-Losses/clipfrac,0.0,Pong1PQFM_XObs_entangled_trainable_rzz_QLayers_5___seed_1_1761468207
1830912,1-Training-Losses/clipfrac,0.0,Pong1PQFM_XObs_entangled_trainable_rzz_QLayers_5___seed_1_1761468207
1835008,1-Training-Losses/clipfrac,0.0,Pong1PQFM_XObs_entangled_trainable_rzz_QLayers_5___seed_1_1761468207
1839104,1-Training-Losses/clipfrac,0.0,Pong1PQFM_XObs_entangled_trainable_rzz_QLayers_5___seed_1_1761468207
1843200,1-Training-Losses/clipfrac,0.0,Pong1PQFM_XObs_entangled_trainable_rzz_QLayers_5___seed_1_1761468207
1847296,1-Training-Losses/clipfrac,0.0,Pong1PQFM_XObs_entangled_trainable_rzz_QLayers_5___seed_1_1761468207
1851392,1-Training-Losses/clipfrac,0.0,Pong1PQFM_XObs_entangled_trainable_rzz_QLayers_5___seed_1_1761468207
1855488,1-Training-Losses/clipfrac,0.0,Pong1PQFM_XObs_entangled_trainable_rzz_QLayers_5___seed_1_1761468207
1859584,1-Training-Losses/clipfrac,0.0,Pong1PQFM_XObs_entangled_trainable_rzz_QLayers_5___seed_1_1761468207
1863680,1-Training-Losses/clipfrac,6.103515625e-05,Pong1PQFM_XObs_entangled_trainable_rzz_QLayers_5___seed_1_1761468207
1867776,1-Training-Losses/clipfrac,0.0,Pong1PQFM_XObs_entangled_trainable_rzz_QLayers_5___seed_1_1761468207
1871872,1-Training-Losses/clipfrac,0.0,Pong1PQFM_XObs_entangled_trainable_rzz_QLayers_5___seed_1_1761468207
1875968,1-Training-Losses/clipfrac,0.0,Pong1PQFM_XObs_entangled_trainable_rzz_QLayers_5___seed_1_1761468207
1880064,1-Training-Losses/clipfrac,0.0,Pong1PQFM_XObs_entangled_trainable_rzz_QLayers_5___seed_1_1761468207
1884160,1-Training-Losses/clipfrac,0.0,Pong1PQFM_XObs_entangled_trainable_rzz_QLayers_5___seed_1_1761468207
1888256,1-Training-Losses/clipfrac,0.0,Pong1PQFM_XObs_entangled_trainable_rzz_QLayers_5___seed_1_1761468207
1892352,1-Training-Losses/clipfrac,0.00030517578125,Pong1PQFM_XObs_entangled_trainable_rzz_QLayers_5___seed_1_1761468207
1896448,1-Training-Losses/clipfrac,0.0,Pong1PQFM_XObs_entangled_trainable_rzz_QLayers_5___seed_1_1761468207
1900544,1-Training-Losses/clipfrac,0.00048828125,Pong1PQFM_XObs_entangled_trainable_rzz_QLayers_5___seed_1_1761468207
1904640,1-Training-Losses/clipfrac,0.00244140625,Pong1PQFM_XObs_entangled_trainable_rzz_QLayers_5___seed_1_1761468207
1908736,1-Training-Losses/clipfrac,0.00103759765625,Pong1PQFM_XObs_entangled_trainable_rzz_QLayers_5___seed_1_1761468207
1912832,1-Training-Losses/clipfrac,0.0,Pong1PQFM_XObs_entangled_trainable_rzz_QLayers_5___seed_1_1761468207
1916928,1-Training-Losses/clipfrac,0.0,Pong1PQFM_XObs_entangled_trainable_rzz_QLayers_5___seed_1_1761468207
1921024,1-Training-Losses/clipfrac,0.0,Pong1PQFM_XObs_entangled_trainable_rzz_QLayers_5___seed_1_1761468207
1925120,1-Training-Losses/clipfrac,0.0,Pong1PQFM_XObs_entangled_trainable_rzz_QLayers_5___seed_1_1761468207
1929216,1-Training-Losses/clipfrac,0.0,Pong1PQFM_XObs_entangled_trainable_rzz_QLayers_5___seed_1_1761468207
1933312,1-Training-Losses/clipfrac,0.0,Pong1PQFM_XObs_entangled_trainable_rzz_QLayers_5___seed_1_1761468207
1937408,1-Training-Losses/clipfrac,0.0,Pong1PQFM_XObs_entangled_trainable_rzz_QLayers_5___seed_1_1761468207
1941504,1-Training-Losses/clipfrac,0.0,Pong1PQFM_XObs_entangled_trainable_rzz_QLayers_5___seed_1_1761468207
1945600,1-Training-Losses/clipfrac,0.0,Pong1PQFM_XObs_entangled_trainable_rzz_QLayers_5___seed_1_1761468207
1949696,1-Training-Losses/clipfrac,0.0,Pong1PQFM_XObs_entangled_trainable_rzz_QLayers_5___seed_1_1761468207
1953792,1-Training-Losses/clipfrac,0.0,Pong1PQFM_XObs_entangled_trainable_rzz_QLayers_5___seed_1_1761468207
1957888,1-Training-Losses/clipfrac,0.0,Pong1PQFM_XObs_entangled_trainable_rzz_QLayers_5___seed_1_1761468207
1961984,1-Training-Losses/clipfrac,0.0,Pong1PQFM_XObs_entangled_trainable_rzz_QLayers_5___seed_1_1761468207
1966080,1-Training-Losses/clipfrac,0.00054931640625,Pong1PQFM_XObs_entangled_trainable_rzz_QLayers_5___seed_1_1761468207
1970176,1-Training-Losses/clipfrac,0.0,Pong1PQFM_XObs_entangled_trainable_rzz_QLayers_5___seed_1_1761468207
1974272,1-Training-Losses/clipfrac,0.0,Pong1PQFM_XObs_entangled_trainable_rzz_QLayers_5___seed_1_1761468207
1978368,1-Training-Losses/clipfrac,0.0,Pong1PQFM_XObs_entangled_trainable_rzz_QLayers_5___seed_1_1761468207
1982464,1-Training-Losses/clipfrac,0.0,Pong1PQFM_XObs_entangled_trainable_rzz_QLayers_5___seed_1_1761468207
1986560,1-Training-Losses/clipfrac,0.0,Pong1PQFM_XObs_entangled_trainable_rzz_QLayers_5___seed_1_1761468207
1990656,1-Training-Losses/clipfrac,0.0,Pong1PQFM_XObs_entangled_trainable_rzz_QLayers_5___seed_1_1761468207
1994752,1-Training-Losses/clipfrac,0.0,Pong1PQFM_XObs_entangled_trainable_rzz_QLayers_5___seed_1_1761468207
1998848,1-Training-Losses/clipfrac,0.0,Pong1PQFM_XObs_entangled_trainable_rzz_QLayers_5___seed_1_1761468207
2002944,1-Training-Losses/clipfrac,0.0,Pong1PQFM_XObs_entangled_trainable_rzz_QLayers_5___seed_1_1761468207
2007040,1-Training-Losses/clipfrac,0.0,Pong1PQFM_XObs_entangled_trainable_rzz_QLayers_5___seed_1_1761468207
2011136,1-Training-Losses/clipfrac,0.0,Pong1PQFM_XObs_entangled_trainable_rzz_QLayers_5___seed_1_1761468207
2015232,1-Training-Losses/clipfrac,0.0,Pong1PQFM_XObs_entangled_trainable_rzz_QLayers_5___seed_1_1761468207
2019328,1-Training-Losses/clipfrac,0.0,Pong1PQFM_XObs_entangled_trainable_rzz_QLayers_5___seed_1_1761468207
2023424,1-Training-Losses/clipfrac,0.0,Pong1PQFM_XObs_entangled_trainable_rzz_QLayers_5___seed_1_1761468207
2027520,1-Training-Losses/clipfrac,0.0,Pong1PQFM_XObs_entangled_trainable_rzz_QLayers_5___seed_1_1761468207
2031616,1-Training-Losses/clipfrac,0.0,Pong1PQFM_XObs_entangled_trainable_rzz_QLayers_5___seed_1_1761468207
2035712,1-Training-Losses/clipfrac,0.0,Pong1PQFM_XObs_entangled_trainable_rzz_QLayers_5___seed_1_1761468207
2039808,1-Training-Losses/clipfrac,0.0,Pong1PQFM_XObs_entangled_trainable_rzz_QLayers_5___seed_1_1761468207
2043904,1-Training-Losses/clipfrac,0.0,Pong1PQFM_XObs_entangled_trainable_rzz_QLayers_5___seed_1_1761468207
2048000,1-Training-Losses/clipfrac,0.0,Pong1PQFM_XObs_entangled_trainable_rzz_QLayers_5___seed_1_1761468207
2052096,1-Training-Losses/clipfrac,0.0,Pong1PQFM_XObs_entangled_trainable_rzz_QLayers_5___seed_1_1761468207
2056192,1-Training-Losses/clipfrac,0.0,Pong1PQFM_XObs_entangled_trainable_rzz_QLayers_5___seed_1_1761468207
2060288,1-Training-Losses/clipfrac,0.0,Pong1PQFM_XObs_entangled_trainable_rzz_QLayers_5___seed_1_1761468207
2064384,1-Training-Losses/clipfrac,0.0,Pong1PQFM_XObs_entangled_trainable_rzz_QLayers_5___seed_1_1761468207
2068480,1-Training-Losses/clipfrac,0.0,Pong1PQFM_XObs_entangled_trainable_rzz_QLayers_5___seed_1_1761468207
2072576,1-Training-Losses/clipfrac,0.0,Pong1PQFM_XObs_entangled_trainable_rzz_QLayers_5___seed_1_1761468207
2076672,1-Training-Losses/clipfrac,0.0,Pong1PQFM_XObs_entangled_trainable_rzz_QLayers_5___seed_1_1761468207
2080768,1-Training-Losses/clipfrac,0.0,Pong1PQFM_XObs_entangled_trainable_rzz_QLayers_5___seed_1_1761468207
2084864,1-Training-Losses/clipfrac,0.0,Pong1PQFM_XObs_entangled_trainable_rzz_QLayers_5___seed_1_1761468207
2088960,1-Training-Losses/clipfrac,0.0,Pong1PQFM_XObs_entangled_trainable_rzz_QLayers_5___seed_1_1761468207
2093056,1-Training-Losses/clipfrac,0.0,Pong1PQFM_XObs_entangled_trainable_rzz_QLayers_5___seed_1_1761468207
2097152,1-Training-Losses/clipfrac,0.0,Pong1PQFM_XObs_entangled_trainable_rzz_QLayers_5___seed_1_1761468207
2101248,1-Training-Losses/clipfrac,0.0001220703125,Pong1PQFM_XObs_entangled_trainable_rzz_QLayers_5___seed_1_1761468207
2105344,1-Training-Losses/clipfrac,0.0,Pong1PQFM_XObs_entangled_trainable_rzz_QLayers_5___seed_1_1761468207
2109440,1-Training-Losses/clipfrac,0.0,Pong1PQFM_XObs_entangled_trainable_rzz_QLayers_5___seed_1_1761468207
2113536,1-Training-Losses/clipfrac,0.0,Pong1PQFM_XObs_entangled_trainable_rzz_QLayers_5___seed_1_1761468207
2117632,1-Training-Losses/clipfrac,0.0,Pong1PQFM_XObs_entangled_trainable_rzz_QLayers_5___seed_1_1761468207
2121728,1-Training-Losses/clipfrac,0.0,Pong1PQFM_XObs_entangled_trainable_rzz_QLayers_5___seed_1_1761468207
2125824,1-Training-Losses/clipfrac,0.0,Pong1PQFM_XObs_entangled_trainable_rzz_QLayers_5___seed_1_1761468207
2129920,1-Training-Losses/clipfrac,0.0,Pong1PQFM_XObs_entangled_trainable_rzz_QLayers_5___seed_1_1761468207
2134016,1-Training-Losses/clipfrac,0.0,Pong1PQFM_XObs_entangled_trainable_rzz_QLayers_5___seed_1_1761468207
2138112,1-Training-Losses/clipfrac,0.0,Pong1PQFM_XObs_entangled_trainable_rzz_QLayers_5___seed_1_1761468207
2142208,1-Training-Losses/clipfrac,0.0,Pong1PQFM_XObs_entangled_trainable_rzz_QLayers_5___seed_1_1761468207
2146304,1-Training-Losses/clipfrac,0.0,Pong1PQFM_XObs_entangled_trainable_rzz_QLayers_5___seed_1_1761468207
2150400,1-Training-Losses/clipfrac,0.0,Pong1PQFM_XObs_entangled_trainable_rzz_QLayers_5___seed_1_1761468207
2154496,1-Training-Losses/clipfrac,0.0,Pong1PQFM_XObs_entangled_trainable_rzz_QLayers_5___seed_1_1761468207
2158592,1-Training-Losses/clipfrac,0.0,Pong1PQFM_XObs_entangled_trainable_rzz_QLayers_5___seed_1_1761468207
2162688,1-Training-Losses/clipfrac,0.0,Pong1PQFM_XObs_entangled_trainable_rzz_QLayers_5___seed_1_1761468207
2166784,1-Training-Losses/clipfrac,0.0,Pong1PQFM_XObs_entangled_trainable_rzz_QLayers_5___seed_1_1761468207
2170880,1-Training-Losses/clipfrac,0.0,Pong1PQFM_XObs_entangled_trainable_rzz_QLayers_5___seed_1_1761468207
2174976,1-Training-Losses/clipfrac,0.0,Pong1PQFM_XObs_entangled_trainable_rzz_QLayers_5___seed_1_1761468207
2179072,1-Training-Losses/clipfrac,0.0,Pong1PQFM_XObs_entangled_trainable_rzz_QLayers_5___seed_1_1761468207
2183168,1-Training-Losses/clipfrac,0.0,Pong1PQFM_XObs_entangled_trainable_rzz_QLayers_5___seed_1_1761468207
2187264,1-Training-Losses/clipfrac,0.00067138671875,Pong1PQFM_XObs_entangled_trainable_rzz_QLayers_5___seed_1_1761468207
2191360,1-Training-Losses/clipfrac,0.0,Pong1PQFM_XObs_entangled_trainable_rzz_QLayers_5___seed_1_1761468207
2195456,1-Training-Losses/clipfrac,0.0,Pong1PQFM_XObs_entangled_trainable_rzz_QLayers_5___seed_1_1761468207
2199552,1-Training-Losses/clipfrac,0.0,Pong1PQFM_XObs_entangled_trainable_rzz_QLayers_5___seed_1_1761468207
2203648,1-Training-Losses/clipfrac,0.0,Pong1PQFM_XObs_entangled_trainable_rzz_QLayers_5___seed_1_1761468207
2207744,1-Training-Losses/clipfrac,0.0,Pong1PQFM_XObs_entangled_trainable_rzz_QLayers_5___seed_1_1761468207
2211840,1-Training-Losses/clipfrac,0.0,Pong1PQFM_XObs_entangled_trainable_rzz_QLayers_5___seed_1_1761468207
2215936,1-Training-Losses/clipfrac,0.0,Pong1PQFM_XObs_entangled_trainable_rzz_QLayers_5___seed_1_1761468207
2220032,1-Training-Losses/clipfrac,0.0,Pong1PQFM_XObs_entangled_trainable_rzz_QLayers_5___seed_1_1761468207
2224128,1-Training-Losses/clipfrac,0.0,Pong1PQFM_XObs_entangled_trainable_rzz_QLayers_5___seed_1_1761468207
2228224,1-Training-Losses/clipfrac,0.0,Pong1PQFM_XObs_entangled_trainable_rzz_QLayers_5___seed_1_1761468207
2232320,1-Training-Losses/clipfrac,0.0,Pong1PQFM_XObs_entangled_trainable_rzz_QLayers_5___seed_1_1761468207
2236416,1-Training-Losses/clipfrac,0.0,Pong1PQFM_XObs_entangled_trainable_rzz_QLayers_5___seed_1_1761468207
2240512,1-Training-Losses/clipfrac,0.0,Pong1PQFM_XObs_entangled_trainable_rzz_QLayers_5___seed_1_1761468207
2244608,1-Training-Losses/clipfrac,0.0,Pong1PQFM_XObs_entangled_trainable_rzz_QLayers_5___seed_1_1761468207
2248704,1-Training-Losses/clipfrac,0.0,Pong1PQFM_XObs_entangled_trainable_rzz_QLayers_5___seed_1_1761468207
2252800,1-Training-Losses/clipfrac,0.0,Pong1PQFM_XObs_entangled_trainable_rzz_QLayers_5___seed_1_1761468207
2256896,1-Training-Losses/clipfrac,0.0,Pong1PQFM_XObs_entangled_trainable_rzz_QLayers_5___seed_1_1761468207
2260992,1-Training-Losses/clipfrac,0.0,Pong1PQFM_XObs_entangled_trainable_rzz_QLayers_5___seed_1_1761468207
2265088,1-Training-Losses/clipfrac,0.0,Pong1PQFM_XObs_entangled_trainable_rzz_QLayers_5___seed_1_1761468207
2269184,1-Training-Losses/clipfrac,0.0,Pong1PQFM_XObs_entangled_trainable_rzz_QLayers_5___seed_1_1761468207
2273280,1-Training-Losses/clipfrac,0.0,Pong1PQFM_XObs_entangled_trainable_rzz_QLayers_5___seed_1_1761468207
2277376,1-Training-Losses/clipfrac,0.0,Pong1PQFM_XObs_entangled_trainable_rzz_QLayers_5___seed_1_1761468207
2281472,1-Training-Losses/clipfrac,0.0,Pong1PQFM_XObs_entangled_trainable_rzz_QLayers_5___seed_1_1761468207
2285568,1-Training-Losses/clipfrac,0.0,Pong1PQFM_XObs_entangled_trainable_rzz_QLayers_5___seed_1_1761468207
2289664,1-Training-Losses/clipfrac,0.0,Pong1PQFM_XObs_entangled_trainable_rzz_QLayers_5___seed_1_1761468207
2293760,1-Training-Losses/clipfrac,6.103515625e-05,Pong1PQFM_XObs_entangled_trainable_rzz_QLayers_5___seed_1_1761468207
2297856,1-Training-Losses/clipfrac,0.0,Pong1PQFM_XObs_entangled_trainable_rzz_QLayers_5___seed_1_1761468207
2301952,1-Training-Losses/clipfrac,0.0,Pong1PQFM_XObs_entangled_trainable_rzz_QLayers_5___seed_1_1761468207
2306048,1-Training-Losses/clipfrac,0.0,Pong1PQFM_XObs_entangled_trainable_rzz_QLayers_5___seed_1_1761468207
2310144,1-Training-Losses/clipfrac,0.0,Pong1PQFM_XObs_entangled_trainable_rzz_QLayers_5___seed_1_1761468207
2314240,1-Training-Losses/clipfrac,0.0,Pong1PQFM_XObs_entangled_trainable_rzz_QLayers_5___seed_1_1761468207
2318336,1-Training-Losses/clipfrac,0.0,Pong1PQFM_XObs_entangled_trainable_rzz_QLayers_5___seed_1_1761468207
2322432,1-Training-Losses/clipfrac,0.0,Pong1PQFM_XObs_entangled_trainable_rzz_QLayers_5___seed_1_1761468207
2326528,1-Training-Losses/clipfrac,0.0,Pong1PQFM_XObs_entangled_trainable_rzz_QLayers_5___seed_1_1761468207
2330624,1-Training-Losses/clipfrac,0.0,Pong1PQFM_XObs_entangled_trainable_rzz_QLayers_5___seed_1_1761468207
2334720,1-Training-Losses/clipfrac,0.0,Pong1PQFM_XObs_entangled_trainable_rzz_QLayers_5___seed_1_1761468207
2338816,1-Training-Losses/clipfrac,0.0,Pong1PQFM_XObs_entangled_trainable_rzz_QLayers_5___seed_1_1761468207
2342912,1-Training-Losses/clipfrac,0.0,Pong1PQFM_XObs_entangled_trainable_rzz_QLayers_5___seed_1_1761468207
2347008,1-Training-Losses/clipfrac,0.0,Pong1PQFM_XObs_entangled_trainable_rzz_QLayers_5___seed_1_1761468207
2351104,1-Training-Losses/clipfrac,0.0,Pong1PQFM_XObs_entangled_trainable_rzz_QLayers_5___seed_1_1761468207
2355200,1-Training-Losses/clipfrac,0.0,Pong1PQFM_XObs_entangled_trainable_rzz_QLayers_5___seed_1_1761468207
2359296,1-Training-Losses/clipfrac,0.0,Pong1PQFM_XObs_entangled_trainable_rzz_QLayers_5___seed_1_1761468207
2363392,1-Training-Losses/clipfrac,0.0,Pong1PQFM_XObs_entangled_trainable_rzz_QLayers_5___seed_1_1761468207
2367488,1-Training-Losses/clipfrac,0.0,Pong1PQFM_XObs_entangled_trainable_rzz_QLayers_5___seed_1_1761468207
2371584,1-Training-Losses/clipfrac,6.103515625e-05,Pong1PQFM_XObs_entangled_trainable_rzz_QLayers_5___seed_1_1761468207
2375680,1-Training-Losses/clipfrac,0.0,Pong1PQFM_XObs_entangled_trainable_rzz_QLayers_5___seed_1_1761468207
2379776,1-Training-Losses/clipfrac,0.0,Pong1PQFM_XObs_entangled_trainable_rzz_QLayers_5___seed_1_1761468207
2383872,1-Training-Losses/clipfrac,0.0,Pong1PQFM_XObs_entangled_trainable_rzz_QLayers_5___seed_1_1761468207
2387968,1-Training-Losses/clipfrac,0.0,Pong1PQFM_XObs_entangled_trainable_rzz_QLayers_5___seed_1_1761468207
2392064,1-Training-Losses/clipfrac,0.0,Pong1PQFM_XObs_entangled_trainable_rzz_QLayers_5___seed_1_1761468207
2396160,1-Training-Losses/clipfrac,0.00030517578125,Pong1PQFM_XObs_entangled_trainable_rzz_QLayers_5___seed_1_1761468207
2400256,1-Training-Losses/clipfrac,0.00177001953125,Pong1PQFM_XObs_entangled_trainable_rzz_QLayers_5___seed_1_1761468207
2404352,1-Training-Losses/clipfrac,0.0001220703125,Pong1PQFM_XObs_entangled_trainable_rzz_QLayers_5___seed_1_1761468207
2408448,1-Training-Losses/clipfrac,0.0,Pong1PQFM_XObs_entangled_trainable_rzz_QLayers_5___seed_1_1761468207
2412544,1-Training-Losses/clipfrac,0.0,Pong1PQFM_XObs_entangled_trainable_rzz_QLayers_5___seed_1_1761468207
2416640,1-Training-Losses/clipfrac,0.00054931640625,Pong1PQFM_XObs_entangled_trainable_rzz_QLayers_5___seed_1_1761468207
2420736,1-Training-Losses/clipfrac,6.103515625e-05,Pong1PQFM_XObs_entangled_trainable_rzz_QLayers_5___seed_1_1761468207
2424832,1-Training-Losses/clipfrac,0.0,Pong1PQFM_XObs_entangled_trainable_rzz_QLayers_5___seed_1_1761468207
2428928,1-Training-Losses/clipfrac,0.0,Pong1PQFM_XObs_entangled_trainable_rzz_QLayers_5___seed_1_1761468207
2433024,1-Training-Losses/clipfrac,0.0,Pong1PQFM_XObs_entangled_trainable_rzz_QLayers_5___seed_1_1761468207
2437120,1-Training-Losses/clipfrac,0.0,Pong1PQFM_XObs_entangled_trainable_rzz_QLayers_5___seed_1_1761468207
2441216,1-Training-Losses/clipfrac,0.0,Pong1PQFM_XObs_entangled_trainable_rzz_QLayers_5___seed_1_1761468207
2445312,1-Training-Losses/clipfrac,0.0,Pong1PQFM_XObs_entangled_trainable_rzz_QLayers_5___seed_1_1761468207
2449408,1-Training-Losses/clipfrac,0.0,Pong1PQFM_XObs_entangled_trainable_rzz_QLayers_5___seed_1_1761468207
2453504,1-Training-Losses/clipfrac,0.0,Pong1PQFM_XObs_entangled_trainable_rzz_QLayers_5___seed_1_1761468207
2457600,1-Training-Losses/clipfrac,0.0,Pong1PQFM_XObs_entangled_trainable_rzz_QLayers_5___seed_1_1761468207
2461696,1-Training-Losses/clipfrac,0.0,Pong1PQFM_XObs_entangled_trainable_rzz_QLayers_5___seed_1_1761468207
2465792,1-Training-Losses/clipfrac,0.0,Pong1PQFM_XObs_entangled_trainable_rzz_QLayers_5___seed_1_1761468207
2469888,1-Training-Losses/clipfrac,0.0,Pong1PQFM_XObs_entangled_trainable_rzz_QLayers_5___seed_1_1761468207
2473984,1-Training-Losses/clipfrac,0.0,Pong1PQFM_XObs_entangled_trainable_rzz_QLayers_5___seed_1_1761468207
2478080,1-Training-Losses/clipfrac,0.0,Pong1PQFM_XObs_entangled_trainable_rzz_QLayers_5___seed_1_1761468207
2482176,1-Training-Losses/clipfrac,0.0,Pong1PQFM_XObs_entangled_trainable_rzz_QLayers_5___seed_1_1761468207
2486272,1-Training-Losses/clipfrac,0.0,Pong1PQFM_XObs_entangled_trainable_rzz_QLayers_5___seed_1_1761468207
2490368,1-Training-Losses/clipfrac,0.0,Pong1PQFM_XObs_entangled_trainable_rzz_QLayers_5___seed_1_1761468207
2494464,1-Training-Losses/clipfrac,0.0,Pong1PQFM_XObs_entangled_trainable_rzz_QLayers_5___seed_1_1761468207
2498560,1-Training-Losses/clipfrac,0.0,Pong1PQFM_XObs_entangled_trainable_rzz_QLayers_5___seed_1_1761468207
2502656,1-Training-Losses/clipfrac,0.0,Pong1PQFM_XObs_entangled_trainable_rzz_QLayers_5___seed_1_1761468207
2506752,1-Training-Losses/clipfrac,0.0,Pong1PQFM_XObs_entangled_trainable_rzz_QLayers_5___seed_1_1761468207
2510848,1-Training-Losses/clipfrac,0.0,Pong1PQFM_XObs_entangled_trainable_rzz_QLayers_5___seed_1_1761468207
2514944,1-Training-Losses/clipfrac,0.0,Pong1PQFM_XObs_entangled_trainable_rzz_QLayers_5___seed_1_1761468207
2519040,1-Training-Losses/clipfrac,0.0,Pong1PQFM_XObs_entangled_trainable_rzz_QLayers_5___seed_1_1761468207
2523136,1-Training-Losses/clipfrac,0.0,Pong1PQFM_XObs_entangled_trainable_rzz_QLayers_5___seed_1_1761468207
2527232,1-Training-Losses/clipfrac,0.0,Pong1PQFM_XObs_entangled_trainable_rzz_QLayers_5___seed_1_1761468207
2531328,1-Training-Losses/clipfrac,0.0,Pong1PQFM_XObs_entangled_trainable_rzz_QLayers_5___seed_1_1761468207
2535424,1-Training-Losses/clipfrac,0.0,Pong1PQFM_XObs_entangled_trainable_rzz_QLayers_5___seed_1_1761468207
2539520,1-Training-Losses/clipfrac,0.0,Pong1PQFM_XObs_entangled_trainable_rzz_QLayers_5___seed_1_1761468207
2543616,1-Training-Losses/clipfrac,0.0001220703125,Pong1PQFM_XObs_entangled_trainable_rzz_QLayers_5___seed_1_1761468207
2547712,1-Training-Losses/clipfrac,0.0,Pong1PQFM_XObs_entangled_trainable_rzz_QLayers_5___seed_1_1761468207
2551808,1-Training-Losses/clipfrac,0.0,Pong1PQFM_XObs_entangled_trainable_rzz_QLayers_5___seed_1_1761468207
2555904,1-Training-Losses/clipfrac,0.0,Pong1PQFM_XObs_entangled_trainable_rzz_QLayers_5___seed_1_1761468207
2560000,1-Training-Losses/clipfrac,0.0,Pong1PQFM_XObs_entangled_trainable_rzz_QLayers_5___seed_1_1761468207
2564096,1-Training-Losses/clipfrac,0.0,Pong1PQFM_XObs_entangled_trainable_rzz_QLayers_5___seed_1_1761468207
2568192,1-Training-Losses/clipfrac,0.0,Pong1PQFM_XObs_entangled_trainable_rzz_QLayers_5___seed_1_1761468207
2572288,1-Training-Losses/clipfrac,0.0,Pong1PQFM_XObs_entangled_trainable_rzz_QLayers_5___seed_1_1761468207
2576384,1-Training-Losses/clipfrac,0.0,Pong1PQFM_XObs_entangled_trainable_rzz_QLayers_5___seed_1_1761468207
2580480,1-Training-Losses/clipfrac,0.0,Pong1PQFM_XObs_entangled_trainable_rzz_QLayers_5___seed_1_1761468207
2584576,1-Training-Losses/clipfrac,0.0,Pong1PQFM_XObs_entangled_trainable_rzz_QLayers_5___seed_1_1761468207
2588672,1-Training-Losses/clipfrac,0.0,Pong1PQFM_XObs_entangled_trainable_rzz_QLayers_5___seed_1_1761468207
2592768,1-Training-Losses/clipfrac,0.0,Pong1PQFM_XObs_entangled_trainable_rzz_QLayers_5___seed_1_1761468207
2596864,1-Training-Losses/clipfrac,0.0,Pong1PQFM_XObs_entangled_trainable_rzz_QLayers_5___seed_1_1761468207
2600960,1-Training-Losses/clipfrac,0.0,Pong1PQFM_XObs_entangled_trainable_rzz_QLayers_5___seed_1_1761468207
2605056,1-Training-Losses/clipfrac,0.0,Pong1PQFM_XObs_entangled_trainable_rzz_QLayers_5___seed_1_1761468207
2609152,1-Training-Losses/clipfrac,0.0,Pong1PQFM_XObs_entangled_trainable_rzz_QLayers_5___seed_1_1761468207
2613248,1-Training-Losses/clipfrac,0.0,Pong1PQFM_XObs_entangled_trainable_rzz_QLayers_5___seed_1_1761468207
2617344,1-Training-Losses/clipfrac,0.0,Pong1PQFM_XObs_entangled_trainable_rzz_QLayers_5___seed_1_1761468207
2621440,1-Training-Losses/clipfrac,0.0,Pong1PQFM_XObs_entangled_trainable_rzz_QLayers_5___seed_1_1761468207
2625536,1-Training-Losses/clipfrac,0.0,Pong1PQFM_XObs_entangled_trainable_rzz_QLayers_5___seed_1_1761468207
2629632,1-Training-Losses/clipfrac,0.0,Pong1PQFM_XObs_entangled_trainable_rzz_QLayers_5___seed_1_1761468207
2633728,1-Training-Losses/clipfrac,0.0,Pong1PQFM_XObs_entangled_trainable_rzz_QLayers_5___seed_1_1761468207
2637824,1-Training-Losses/clipfrac,0.0,Pong1PQFM_XObs_entangled_trainable_rzz_QLayers_5___seed_1_1761468207
2641920,1-Training-Losses/clipfrac,0.0,Pong1PQFM_XObs_entangled_trainable_rzz_QLayers_5___seed_1_1761468207
2646016,1-Training-Losses/clipfrac,0.0,Pong1PQFM_XObs_entangled_trainable_rzz_QLayers_5___seed_1_1761468207
2650112,1-Training-Losses/clipfrac,0.0,Pong1PQFM_XObs_entangled_trainable_rzz_QLayers_5___seed_1_1761468207
2654208,1-Training-Losses/clipfrac,0.0,Pong1PQFM_XObs_entangled_trainable_rzz_QLayers_5___seed_1_1761468207
2658304,1-Training-Losses/clipfrac,6.103515625e-05,Pong1PQFM_XObs_entangled_trainable_rzz_QLayers_5___seed_1_1761468207
2662400,1-Training-Losses/clipfrac,0.0,Pong1PQFM_XObs_entangled_trainable_rzz_QLayers_5___seed_1_1761468207
2666496,1-Training-Losses/clipfrac,0.00042724609375,Pong1PQFM_XObs_entangled_trainable_rzz_QLayers_5___seed_1_1761468207
2670592,1-Training-Losses/clipfrac,0.0,Pong1PQFM_XObs_entangled_trainable_rzz_QLayers_5___seed_1_1761468207
2674688,1-Training-Losses/clipfrac,0.0,Pong1PQFM_XObs_entangled_trainable_rzz_QLayers_5___seed_1_1761468207
2678784,1-Training-Losses/clipfrac,0.0,Pong1PQFM_XObs_entangled_trainable_rzz_QLayers_5___seed_1_1761468207
2682880,1-Training-Losses/clipfrac,0.0,Pong1PQFM_XObs_entangled_trainable_rzz_QLayers_5___seed_1_1761468207
2686976,1-Training-Losses/clipfrac,0.0,Pong1PQFM_XObs_entangled_trainable_rzz_QLayers_5___seed_1_1761468207
2691072,1-Training-Losses/clipfrac,0.0003662109375,Pong1PQFM_XObs_entangled_trainable_rzz_QLayers_5___seed_1_1761468207
2695168,1-Training-Losses/clipfrac,0.0,Pong1PQFM_XObs_entangled_trainable_rzz_QLayers_5___seed_1_1761468207
2699264,1-Training-Losses/clipfrac,0.0,Pong1PQFM_XObs_entangled_trainable_rzz_QLayers_5___seed_1_1761468207
2703360,1-Training-Losses/clipfrac,0.0,Pong1PQFM_XObs_entangled_trainable_rzz_QLayers_5___seed_1_1761468207
2707456,1-Training-Losses/clipfrac,0.0,Pong1PQFM_XObs_entangled_trainable_rzz_QLayers_5___seed_1_1761468207
2711552,1-Training-Losses/clipfrac,0.0,Pong1PQFM_XObs_entangled_trainable_rzz_QLayers_5___seed_1_1761468207
2715648,1-Training-Losses/clipfrac,0.0,Pong1PQFM_XObs_entangled_trainable_rzz_QLayers_5___seed_1_1761468207
2719744,1-Training-Losses/clipfrac,0.0,Pong1PQFM_XObs_entangled_trainable_rzz_QLayers_5___seed_1_1761468207
2723840,1-Training-Losses/clipfrac,0.0,Pong1PQFM_XObs_entangled_trainable_rzz_QLayers_5___seed_1_1761468207
2727936,1-Training-Losses/clipfrac,0.0,Pong1PQFM_XObs_entangled_trainable_rzz_QLayers_5___seed_1_1761468207
2732032,1-Training-Losses/clipfrac,0.0001220703125,Pong1PQFM_XObs_entangled_trainable_rzz_QLayers_5___seed_1_1761468207
2736128,1-Training-Losses/clipfrac,0.0,Pong1PQFM_XObs_entangled_trainable_rzz_QLayers_5___seed_1_1761468207
2740224,1-Training-Losses/clipfrac,0.0,Pong1PQFM_XObs_entangled_trainable_rzz_QLayers_5___seed_1_1761468207
2744320,1-Training-Losses/clipfrac,0.0,Pong1PQFM_XObs_entangled_trainable_rzz_QLayers_5___seed_1_1761468207
2748416,1-Training-Losses/clipfrac,0.0,Pong1PQFM_XObs_entangled_trainable_rzz_QLayers_5___seed_1_1761468207
2752512,1-Training-Losses/clipfrac,0.0,Pong1PQFM_XObs_entangled_trainable_rzz_QLayers_5___seed_1_1761468207
2756608,1-Training-Losses/clipfrac,0.0,Pong1PQFM_XObs_entangled_trainable_rzz_QLayers_5___seed_1_1761468207
2760704,1-Training-Losses/clipfrac,0.0,Pong1PQFM_XObs_entangled_trainable_rzz_QLayers_5___seed_1_1761468207
2764800,1-Training-Losses/clipfrac,0.0,Pong1PQFM_XObs_entangled_trainable_rzz_QLayers_5___seed_1_1761468207
2768896,1-Training-Losses/clipfrac,0.0,Pong1PQFM_XObs_entangled_trainable_rzz_QLayers_5___seed_1_1761468207
2772992,1-Training-Losses/clipfrac,0.0,Pong1PQFM_XObs_entangled_trainable_rzz_QLayers_5___seed_1_1761468207
2777088,1-Training-Losses/clipfrac,0.00018310546875,Pong1PQFM_XObs_entangled_trainable_rzz_QLayers_5___seed_1_1761468207
2781184,1-Training-Losses/clipfrac,0.0,Pong1PQFM_XObs_entangled_trainable_rzz_QLayers_5___seed_1_1761468207
2785280,1-Training-Losses/clipfrac,0.0,Pong1PQFM_XObs_entangled_trainable_rzz_QLayers_5___seed_1_1761468207
2789376,1-Training-Losses/clipfrac,0.0,Pong1PQFM_XObs_entangled_trainable_rzz_QLayers_5___seed_1_1761468207
2793472,1-Training-Losses/clipfrac,0.0,Pong1PQFM_XObs_entangled_trainable_rzz_QLayers_5___seed_1_1761468207
2797568,1-Training-Losses/clipfrac,0.0,Pong1PQFM_XObs_entangled_trainable_rzz_QLayers_5___seed_1_1761468207
2801664,1-Training-Losses/clipfrac,0.0,Pong1PQFM_XObs_entangled_trainable_rzz_QLayers_5___seed_1_1761468207
2805760,1-Training-Losses/clipfrac,0.0,Pong1PQFM_XObs_entangled_trainable_rzz_QLayers_5___seed_1_1761468207
2809856,1-Training-Losses/clipfrac,0.0,Pong1PQFM_XObs_entangled_trainable_rzz_QLayers_5___seed_1_1761468207
2813952,1-Training-Losses/clipfrac,0.0,Pong1PQFM_XObs_entangled_trainable_rzz_QLayers_5___seed_1_1761468207
2818048,1-Training-Losses/clipfrac,0.0,Pong1PQFM_XObs_entangled_trainable_rzz_QLayers_5___seed_1_1761468207
2822144,1-Training-Losses/clipfrac,0.0,Pong1PQFM_XObs_entangled_trainable_rzz_QLayers_5___seed_1_1761468207
2826240,1-Training-Losses/clipfrac,0.0,Pong1PQFM_XObs_entangled_trainable_rzz_QLayers_5___seed_1_1761468207
2830336,1-Training-Losses/clipfrac,0.0,Pong1PQFM_XObs_entangled_trainable_rzz_QLayers_5___seed_1_1761468207
2834432,1-Training-Losses/clipfrac,0.0,Pong1PQFM_XObs_entangled_trainable_rzz_QLayers_5___seed_1_1761468207
2838528,1-Training-Losses/clipfrac,0.0,Pong1PQFM_XObs_entangled_trainable_rzz_QLayers_5___seed_1_1761468207
2842624,1-Training-Losses/clipfrac,0.0,Pong1PQFM_XObs_entangled_trainable_rzz_QLayers_5___seed_1_1761468207
2846720,1-Training-Losses/clipfrac,0.0,Pong1PQFM_XObs_entangled_trainable_rzz_QLayers_5___seed_1_1761468207
2850816,1-Training-Losses/clipfrac,0.0,Pong1PQFM_XObs_entangled_trainable_rzz_QLayers_5___seed_1_1761468207
2854912,1-Training-Losses/clipfrac,0.0,Pong1PQFM_XObs_entangled_trainable_rzz_QLayers_5___seed_1_1761468207
2859008,1-Training-Losses/clipfrac,0.0,Pong1PQFM_XObs_entangled_trainable_rzz_QLayers_5___seed_1_1761468207
2863104,1-Training-Losses/clipfrac,0.0,Pong1PQFM_XObs_entangled_trainable_rzz_QLayers_5___seed_1_1761468207
2867200,1-Training-Losses/clipfrac,0.0,Pong1PQFM_XObs_entangled_trainable_rzz_QLayers_5___seed_1_1761468207
2871296,1-Training-Losses/clipfrac,6.103515625e-05,Pong1PQFM_XObs_entangled_trainable_rzz_QLayers_5___seed_1_1761468207
2875392,1-Training-Losses/clipfrac,0.0,Pong1PQFM_XObs_entangled_trainable_rzz_QLayers_5___seed_1_1761468207
2879488,1-Training-Losses/clipfrac,0.0,Pong1PQFM_XObs_entangled_trainable_rzz_QLayers_5___seed_1_1761468207
2883584,1-Training-Losses/clipfrac,0.0,Pong1PQFM_XObs_entangled_trainable_rzz_QLayers_5___seed_1_1761468207
2887680,1-Training-Losses/clipfrac,0.0,Pong1PQFM_XObs_entangled_trainable_rzz_QLayers_5___seed_1_1761468207
2891776,1-Training-Losses/clipfrac,0.0,Pong1PQFM_XObs_entangled_trainable_rzz_QLayers_5___seed_1_1761468207
2895872,1-Training-Losses/clipfrac,0.0,Pong1PQFM_XObs_entangled_trainable_rzz_QLayers_5___seed_1_1761468207
2899968,1-Training-Losses/clipfrac,6.103515625e-05,Pong1PQFM_XObs_entangled_trainable_rzz_QLayers_5___seed_1_1761468207
2904064,1-Training-Losses/clipfrac,0.0,Pong1PQFM_XObs_entangled_trainable_rzz_QLayers_5___seed_1_1761468207
2908160,1-Training-Losses/clipfrac,0.0,Pong1PQFM_XObs_entangled_trainable_rzz_QLayers_5___seed_1_1761468207
2912256,1-Training-Losses/clipfrac,0.0,Pong1PQFM_XObs_entangled_trainable_rzz_QLayers_5___seed_1_1761468207
2916352,1-Training-Losses/clipfrac,0.0,Pong1PQFM_XObs_entangled_trainable_rzz_QLayers_5___seed_1_1761468207
2920448,1-Training-Losses/clipfrac,0.0,Pong1PQFM_XObs_entangled_trainable_rzz_QLayers_5___seed_1_1761468207
2924544,1-Training-Losses/clipfrac,0.0,Pong1PQFM_XObs_entangled_trainable_rzz_QLayers_5___seed_1_1761468207
2928640,1-Training-Losses/clipfrac,0.0,Pong1PQFM_XObs_entangled_trainable_rzz_QLayers_5___seed_1_1761468207
2932736,1-Training-Losses/clipfrac,0.0,Pong1PQFM_XObs_entangled_trainable_rzz_QLayers_5___seed_1_1761468207
2936832,1-Training-Losses/clipfrac,0.0,Pong1PQFM_XObs_entangled_trainable_rzz_QLayers_5___seed_1_1761468207
2940928,1-Training-Losses/clipfrac,0.0,Pong1PQFM_XObs_entangled_trainable_rzz_QLayers_5___seed_1_1761468207
2945024,1-Training-Losses/clipfrac,0.0,Pong1PQFM_XObs_entangled_trainable_rzz_QLayers_5___seed_1_1761468207
2949120,1-Training-Losses/clipfrac,0.0,Pong1PQFM_XObs_entangled_trainable_rzz_QLayers_5___seed_1_1761468207
2953216,1-Training-Losses/clipfrac,0.0,Pong1PQFM_XObs_entangled_trainable_rzz_QLayers_5___seed_1_1761468207
2957312,1-Training-Losses/clipfrac,0.0,Pong1PQFM_XObs_entangled_trainable_rzz_QLayers_5___seed_1_1761468207
2961408,1-Training-Losses/clipfrac,0.0,Pong1PQFM_XObs_entangled_trainable_rzz_QLayers_5___seed_1_1761468207
2965504,1-Training-Losses/clipfrac,0.0,Pong1PQFM_XObs_entangled_trainable_rzz_QLayers_5___seed_1_1761468207
2969600,1-Training-Losses/clipfrac,6.103515625e-05,Pong1PQFM_XObs_entangled_trainable_rzz_QLayers_5___seed_1_1761468207
2973696,1-Training-Losses/clipfrac,0.0,Pong1PQFM_XObs_entangled_trainable_rzz_QLayers_5___seed_1_1761468207
2977792,1-Training-Losses/clipfrac,0.0,Pong1PQFM_XObs_entangled_trainable_rzz_QLayers_5___seed_1_1761468207
2981888,1-Training-Losses/clipfrac,0.0,Pong1PQFM_XObs_entangled_trainable_rzz_QLayers_5___seed_1_1761468207
2985984,1-Training-Losses/clipfrac,0.0,Pong1PQFM_XObs_entangled_trainable_rzz_QLayers_5___seed_1_1761468207
2990080,1-Training-Losses/clipfrac,0.0,Pong1PQFM_XObs_entangled_trainable_rzz_QLayers_5___seed_1_1761468207
2994176,1-Training-Losses/clipfrac,0.0001220703125,Pong1PQFM_XObs_entangled_trainable_rzz_QLayers_5___seed_1_1761468207
2998272,1-Training-Losses/clipfrac,0.0,Pong1PQFM_XObs_entangled_trainable_rzz_QLayers_5___seed_1_1761468207
3002368,1-Training-Losses/clipfrac,0.00048828125,Pong1PQFM_XObs_entangled_trainable_rzz_QLayers_5___seed_1_1761468207
3006464,1-Training-Losses/clipfrac,0.000732421875,Pong1PQFM_XObs_entangled_trainable_rzz_QLayers_5___seed_1_1761468207
3010560,1-Training-Losses/clipfrac,0.0,Pong1PQFM_XObs_entangled_trainable_rzz_QLayers_5___seed_1_1761468207
3014656,1-Training-Losses/clipfrac,0.0,Pong1PQFM_XObs_entangled_trainable_rzz_QLayers_5___seed_1_1761468207
3018752,1-Training-Losses/clipfrac,0.0,Pong1PQFM_XObs_entangled_trainable_rzz_QLayers_5___seed_1_1761468207
3022848,1-Training-Losses/clipfrac,0.00140380859375,Pong1PQFM_XObs_entangled_trainable_rzz_QLayers_5___seed_1_1761468207
3026944,1-Training-Losses/clipfrac,0.00152587890625,Pong1PQFM_XObs_entangled_trainable_rzz_QLayers_5___seed_1_1761468207
3031040,1-Training-Losses/clipfrac,0.00177001953125,Pong1PQFM_XObs_entangled_trainable_rzz_QLayers_5___seed_1_1761468207
3035136,1-Training-Losses/clipfrac,0.0010986328125,Pong1PQFM_XObs_entangled_trainable_rzz_QLayers_5___seed_1_1761468207
3039232,1-Training-Losses/clipfrac,0.0,Pong1PQFM_XObs_entangled_trainable_rzz_QLayers_5___seed_1_1761468207
3043328,1-Training-Losses/clipfrac,0.0,Pong1PQFM_XObs_entangled_trainable_rzz_QLayers_5___seed_1_1761468207
3047424,1-Training-Losses/clipfrac,0.0,Pong1PQFM_XObs_entangled_trainable_rzz_QLayers_5___seed_1_1761468207
3051520,1-Training-Losses/clipfrac,0.0,Pong1PQFM_XObs_entangled_trainable_rzz_QLayers_5___seed_1_1761468207
3055616,1-Training-Losses/clipfrac,0.0,Pong1PQFM_XObs_entangled_trainable_rzz_QLayers_5___seed_1_1761468207
3059712,1-Training-Losses/clipfrac,0.0,Pong1PQFM_XObs_entangled_trainable_rzz_QLayers_5___seed_1_1761468207
3063808,1-Training-Losses/clipfrac,0.0,Pong1PQFM_XObs_entangled_trainable_rzz_QLayers_5___seed_1_1761468207
3067904,1-Training-Losses/clipfrac,0.0,Pong1PQFM_XObs_entangled_trainable_rzz_QLayers_5___seed_1_1761468207
3072000,1-Training-Losses/clipfrac,0.0001220703125,Pong1PQFM_XObs_entangled_trainable_rzz_QLayers_5___seed_1_1761468207
3076096,1-Training-Losses/clipfrac,0.0,Pong1PQFM_XObs_entangled_trainable_rzz_QLayers_5___seed_1_1761468207
3080192,1-Training-Losses/clipfrac,0.0,Pong1PQFM_XObs_entangled_trainable_rzz_QLayers_5___seed_1_1761468207
3084288,1-Training-Losses/clipfrac,0.0,Pong1PQFM_XObs_entangled_trainable_rzz_QLayers_5___seed_1_1761468207
3088384,1-Training-Losses/clipfrac,0.0,Pong1PQFM_XObs_entangled_trainable_rzz_QLayers_5___seed_1_1761468207
3092480,1-Training-Losses/clipfrac,0.00030517578125,Pong1PQFM_XObs_entangled_trainable_rzz_QLayers_5___seed_1_1761468207
3096576,1-Training-Losses/clipfrac,0.0,Pong1PQFM_XObs_entangled_trainable_rzz_QLayers_5___seed_1_1761468207
3100672,1-Training-Losses/clipfrac,0.0,Pong1PQFM_XObs_entangled_trainable_rzz_QLayers_5___seed_1_1761468207
3104768,1-Training-Losses/clipfrac,0.0,Pong1PQFM_XObs_entangled_trainable_rzz_QLayers_5___seed_1_1761468207
3108864,1-Training-Losses/clipfrac,0.0,Pong1PQFM_XObs_entangled_trainable_rzz_QLayers_5___seed_1_1761468207
3112960,1-Training-Losses/clipfrac,0.0,Pong1PQFM_XObs_entangled_trainable_rzz_QLayers_5___seed_1_1761468207
3117056,1-Training-Losses/clipfrac,0.0,Pong1PQFM_XObs_entangled_trainable_rzz_QLayers_5___seed_1_1761468207
3121152,1-Training-Losses/clipfrac,0.0,Pong1PQFM_XObs_entangled_trainable_rzz_QLayers_5___seed_1_1761468207
3125248,1-Training-Losses/clipfrac,0.0,Pong1PQFM_XObs_entangled_trainable_rzz_QLayers_5___seed_1_1761468207
3129344,1-Training-Losses/clipfrac,0.0,Pong1PQFM_XObs_entangled_trainable_rzz_QLayers_5___seed_1_1761468207
3133440,1-Training-Losses/clipfrac,0.0003662109375,Pong1PQFM_XObs_entangled_trainable_rzz_QLayers_5___seed_1_1761468207
3137536,1-Training-Losses/clipfrac,0.00030517578125,Pong1PQFM_XObs_entangled_trainable_rzz_QLayers_5___seed_1_1761468207
3141632,1-Training-Losses/clipfrac,0.00067138671875,Pong1PQFM_XObs_entangled_trainable_rzz_QLayers_5___seed_1_1761468207
3145728,1-Training-Losses/clipfrac,0.0,Pong1PQFM_XObs_entangled_trainable_rzz_QLayers_5___seed_1_1761468207
3149824,1-Training-Losses/clipfrac,0.0,Pong1PQFM_XObs_entangled_trainable_rzz_QLayers_5___seed_1_1761468207
3153920,1-Training-Losses/clipfrac,0.0,Pong1PQFM_XObs_entangled_trainable_rzz_QLayers_5___seed_1_1761468207
3158016,1-Training-Losses/clipfrac,0.0,Pong1PQFM_XObs_entangled_trainable_rzz_QLayers_5___seed_1_1761468207
3162112,1-Training-Losses/clipfrac,0.0,Pong1PQFM_XObs_entangled_trainable_rzz_QLayers_5___seed_1_1761468207
3166208,1-Training-Losses/clipfrac,0.0,Pong1PQFM_XObs_entangled_trainable_rzz_QLayers_5___seed_1_1761468207
3170304,1-Training-Losses/clipfrac,0.0,Pong1PQFM_XObs_entangled_trainable_rzz_QLayers_5___seed_1_1761468207
3174400,1-Training-Losses/clipfrac,0.0,Pong1PQFM_XObs_entangled_trainable_rzz_QLayers_5___seed_1_1761468207
3178496,1-Training-Losses/clipfrac,0.0,Pong1PQFM_XObs_entangled_trainable_rzz_QLayers_5___seed_1_1761468207
3182592,1-Training-Losses/clipfrac,0.0,Pong1PQFM_XObs_entangled_trainable_rzz_QLayers_5___seed_1_1761468207
3186688,1-Training-Losses/clipfrac,0.0,Pong1PQFM_XObs_entangled_trainable_rzz_QLayers_5___seed_1_1761468207
3190784,1-Training-Losses/clipfrac,0.0,Pong1PQFM_XObs_entangled_trainable_rzz_QLayers_5___seed_1_1761468207
3194880,1-Training-Losses/clipfrac,0.0,Pong1PQFM_XObs_entangled_trainable_rzz_QLayers_5___seed_1_1761468207
3198976,1-Training-Losses/clipfrac,0.0,Pong1PQFM_XObs_entangled_trainable_rzz_QLayers_5___seed_1_1761468207
3203072,1-Training-Losses/clipfrac,0.000244140625,Pong1PQFM_XObs_entangled_trainable_rzz_QLayers_5___seed_1_1761468207
3207168,1-Training-Losses/clipfrac,6.103515625e-05,Pong1PQFM_XObs_entangled_trainable_rzz_QLayers_5___seed_1_1761468207
3211264,1-Training-Losses/clipfrac,0.000244140625,Pong1PQFM_XObs_entangled_trainable_rzz_QLayers_5___seed_1_1761468207
3215360,1-Training-Losses/clipfrac,0.000244140625,Pong1PQFM_XObs_entangled_trainable_rzz_QLayers_5___seed_1_1761468207
3219456,1-Training-Losses/clipfrac,0.0,Pong1PQFM_XObs_entangled_trainable_rzz_QLayers_5___seed_1_1761468207
3223552,1-Training-Losses/clipfrac,0.0,Pong1PQFM_XObs_entangled_trainable_rzz_QLayers_5___seed_1_1761468207
3227648,1-Training-Losses/clipfrac,0.0,Pong1PQFM_XObs_entangled_trainable_rzz_QLayers_5___seed_1_1761468207
3231744,1-Training-Losses/clipfrac,0.0,Pong1PQFM_XObs_entangled_trainable_rzz_QLayers_5___seed_1_1761468207
3235840,1-Training-Losses/clipfrac,0.0,Pong1PQFM_XObs_entangled_trainable_rzz_QLayers_5___seed_1_1761468207
3239936,1-Training-Losses/clipfrac,0.0,Pong1PQFM_XObs_entangled_trainable_rzz_QLayers_5___seed_1_1761468207
3244032,1-Training-Losses/clipfrac,0.0,Pong1PQFM_XObs_entangled_trainable_rzz_QLayers_5___seed_1_1761468207
3248128,1-Training-Losses/clipfrac,0.0001220703125,Pong1PQFM_XObs_entangled_trainable_rzz_QLayers_5___seed_1_1761468207
3252224,1-Training-Losses/clipfrac,0.0006103515625,Pong1PQFM_XObs_entangled_trainable_rzz_QLayers_5___seed_1_1761468207
3256320,1-Training-Losses/clipfrac,0.0020751953125,Pong1PQFM_XObs_entangled_trainable_rzz_QLayers_5___seed_1_1761468207
3260416,1-Training-Losses/clipfrac,0.000244140625,Pong1PQFM_XObs_entangled_trainable_rzz_QLayers_5___seed_1_1761468207
3264512,1-Training-Losses/clipfrac,0.0,Pong1PQFM_XObs_entangled_trainable_rzz_QLayers_5___seed_1_1761468207
3268608,1-Training-Losses/clipfrac,0.0,Pong1PQFM_XObs_entangled_trainable_rzz_QLayers_5___seed_1_1761468207
3272704,1-Training-Losses/clipfrac,0.0,Pong1PQFM_XObs_entangled_trainable_rzz_QLayers_5___seed_1_1761468207
3276800,1-Training-Losses/clipfrac,0.0,Pong1PQFM_XObs_entangled_trainable_rzz_QLayers_5___seed_1_1761468207
3280896,1-Training-Losses/clipfrac,0.0,Pong1PQFM_XObs_entangled_trainable_rzz_QLayers_5___seed_1_1761468207
3284992,1-Training-Losses/clipfrac,0.0,Pong1PQFM_XObs_entangled_trainable_rzz_QLayers_5___seed_1_1761468207
3289088,1-Training-Losses/clipfrac,0.0,Pong1PQFM_XObs_entangled_trainable_rzz_QLayers_5___seed_1_1761468207
3293184,1-Training-Losses/clipfrac,0.0,Pong1PQFM_XObs_entangled_trainable_rzz_QLayers_5___seed_1_1761468207
3297280,1-Training-Losses/clipfrac,0.0,Pong1PQFM_XObs_entangled_trainable_rzz_QLayers_5___seed_1_1761468207
3301376,1-Training-Losses/clipfrac,0.0,Pong1PQFM_XObs_entangled_trainable_rzz_QLayers_5___seed_1_1761468207
3305472,1-Training-Losses/clipfrac,0.0,Pong1PQFM_XObs_entangled_trainable_rzz_QLayers_5___seed_1_1761468207
3309568,1-Training-Losses/clipfrac,0.0,Pong1PQFM_XObs_entangled_trainable_rzz_QLayers_5___seed_1_1761468207
3313664,1-Training-Losses/clipfrac,0.0,Pong1PQFM_XObs_entangled_trainable_rzz_QLayers_5___seed_1_1761468207
3317760,1-Training-Losses/clipfrac,0.0,Pong1PQFM_XObs_entangled_trainable_rzz_QLayers_5___seed_1_1761468207
3321856,1-Training-Losses/clipfrac,0.0,Pong1PQFM_XObs_entangled_trainable_rzz_QLayers_5___seed_1_1761468207
3325952,1-Training-Losses/clipfrac,0.00030517578125,Pong1PQFM_XObs_entangled_trainable_rzz_QLayers_5___seed_1_1761468207
3330048,1-Training-Losses/clipfrac,0.0,Pong1PQFM_XObs_entangled_trainable_rzz_QLayers_5___seed_1_1761468207
3334144,1-Training-Losses/clipfrac,0.0,Pong1PQFM_XObs_entangled_trainable_rzz_QLayers_5___seed_1_1761468207
3338240,1-Training-Losses/clipfrac,0.0,Pong1PQFM_XObs_entangled_trainable_rzz_QLayers_5___seed_1_1761468207
3342336,1-Training-Losses/clipfrac,0.00177001953125,Pong1PQFM_XObs_entangled_trainable_rzz_QLayers_5___seed_1_1761468207
3346432,1-Training-Losses/clipfrac,6.103515625e-05,Pong1PQFM_XObs_entangled_trainable_rzz_QLayers_5___seed_1_1761468207
3350528,1-Training-Losses/clipfrac,0.0,Pong1PQFM_XObs_entangled_trainable_rzz_QLayers_5___seed_1_1761468207
3354624,1-Training-Losses/clipfrac,0.00372314453125,Pong1PQFM_XObs_entangled_trainable_rzz_QLayers_5___seed_1_1761468207
3358720,1-Training-Losses/clipfrac,0.00347900390625,Pong1PQFM_XObs_entangled_trainable_rzz_QLayers_5___seed_1_1761468207
3362816,1-Training-Losses/clipfrac,0.0,Pong1PQFM_XObs_entangled_trainable_rzz_QLayers_5___seed_1_1761468207
3366912,1-Training-Losses/clipfrac,0.0,Pong1PQFM_XObs_entangled_trainable_rzz_QLayers_5___seed_1_1761468207
3371008,1-Training-Losses/clipfrac,0.0,Pong1PQFM_XObs_entangled_trainable_rzz_QLayers_5___seed_1_1761468207
3375104,1-Training-Losses/clipfrac,0.0,Pong1PQFM_XObs_entangled_trainable_rzz_QLayers_5___seed_1_1761468207
3379200,1-Training-Losses/clipfrac,0.0,Pong1PQFM_XObs_entangled_trainable_rzz_QLayers_5___seed_1_1761468207
3383296,1-Training-Losses/clipfrac,0.0,Pong1PQFM_XObs_entangled_trainable_rzz_QLayers_5___seed_1_1761468207
3387392,1-Training-Losses/clipfrac,0.0,Pong1PQFM_XObs_entangled_trainable_rzz_QLayers_5___seed_1_1761468207
3391488,1-Training-Losses/clipfrac,0.0,Pong1PQFM_XObs_entangled_trainable_rzz_QLayers_5___seed_1_1761468207
3395584,1-Training-Losses/clipfrac,0.0,Pong1PQFM_XObs_entangled_trainable_rzz_QLayers_5___seed_1_1761468207
3399680,1-Training-Losses/clipfrac,6.103515625e-05,Pong1PQFM_XObs_entangled_trainable_rzz_QLayers_5___seed_1_1761468207
3403776,1-Training-Losses/clipfrac,0.0,Pong1PQFM_XObs_entangled_trainable_rzz_QLayers_5___seed_1_1761468207
3407872,1-Training-Losses/clipfrac,0.0,Pong1PQFM_XObs_entangled_trainable_rzz_QLayers_5___seed_1_1761468207
3411968,1-Training-Losses/clipfrac,0.0,Pong1PQFM_XObs_entangled_trainable_rzz_QLayers_5___seed_1_1761468207
3416064,1-Training-Losses/clipfrac,0.0,Pong1PQFM_XObs_entangled_trainable_rzz_QLayers_5___seed_1_1761468207
3420160,1-Training-Losses/clipfrac,0.0,Pong1PQFM_XObs_entangled_trainable_rzz_QLayers_5___seed_1_1761468207
3424256,1-Training-Losses/clipfrac,0.0,Pong1PQFM_XObs_entangled_trainable_rzz_QLayers_5___seed_1_1761468207
3428352,1-Training-Losses/clipfrac,0.0,Pong1PQFM_XObs_entangled_trainable_rzz_QLayers_5___seed_1_1761468207
3432448,1-Training-Losses/clipfrac,0.0,Pong1PQFM_XObs_entangled_trainable_rzz_QLayers_5___seed_1_1761468207
3436544,1-Training-Losses/clipfrac,0.0,Pong1PQFM_XObs_entangled_trainable_rzz_QLayers_5___seed_1_1761468207
3440640,1-Training-Losses/clipfrac,0.0,Pong1PQFM_XObs_entangled_trainable_rzz_QLayers_5___seed_1_1761468207
3444736,1-Training-Losses/clipfrac,0.0,Pong1PQFM_XObs_entangled_trainable_rzz_QLayers_5___seed_1_1761468207
3448832,1-Training-Losses/clipfrac,0.0001220703125,Pong1PQFM_XObs_entangled_trainable_rzz_QLayers_5___seed_1_1761468207
3452928,1-Training-Losses/clipfrac,0.000732421875,Pong1PQFM_XObs_entangled_trainable_rzz_QLayers_5___seed_1_1761468207
3457024,1-Training-Losses/clipfrac,0.0,Pong1PQFM_XObs_entangled_trainable_rzz_QLayers_5___seed_1_1761468207
3461120,1-Training-Losses/clipfrac,0.0,Pong1PQFM_XObs_entangled_trainable_rzz_QLayers_5___seed_1_1761468207
3465216,1-Training-Losses/clipfrac,6.103515625e-05,Pong1PQFM_XObs_entangled_trainable_rzz_QLayers_5___seed_1_1761468207
3469312,1-Training-Losses/clipfrac,0.0,Pong1PQFM_XObs_entangled_trainable_rzz_QLayers_5___seed_1_1761468207
3473408,1-Training-Losses/clipfrac,0.0,Pong1PQFM_XObs_entangled_trainable_rzz_QLayers_5___seed_1_1761468207
3477504,1-Training-Losses/clipfrac,0.0,Pong1PQFM_XObs_entangled_trainable_rzz_QLayers_5___seed_1_1761468207
3481600,1-Training-Losses/clipfrac,0.0,Pong1PQFM_XObs_entangled_trainable_rzz_QLayers_5___seed_1_1761468207
3485696,1-Training-Losses/clipfrac,0.0,Pong1PQFM_XObs_entangled_trainable_rzz_QLayers_5___seed_1_1761468207
3489792,1-Training-Losses/clipfrac,6.103515625e-05,Pong1PQFM_XObs_entangled_trainable_rzz_QLayers_5___seed_1_1761468207
3493888,1-Training-Losses/clipfrac,0.0,Pong1PQFM_XObs_entangled_trainable_rzz_QLayers_5___seed_1_1761468207
3497984,1-Training-Losses/clipfrac,0.0,Pong1PQFM_XObs_entangled_trainable_rzz_QLayers_5___seed_1_1761468207
3502080,1-Training-Losses/clipfrac,0.0,Pong1PQFM_XObs_entangled_trainable_rzz_QLayers_5___seed_1_1761468207
3506176,1-Training-Losses/clipfrac,0.0,Pong1PQFM_XObs_entangled_trainable_rzz_QLayers_5___seed_1_1761468207
3510272,1-Training-Losses/clipfrac,0.0,Pong1PQFM_XObs_entangled_trainable_rzz_QLayers_5___seed_1_1761468207
3514368,1-Training-Losses/clipfrac,0.0,Pong1PQFM_XObs_entangled_trainable_rzz_QLayers_5___seed_1_1761468207
3518464,1-Training-Losses/clipfrac,0.0,Pong1PQFM_XObs_entangled_trainable_rzz_QLayers_5___seed_1_1761468207
3522560,1-Training-Losses/clipfrac,0.0,Pong1PQFM_XObs_entangled_trainable_rzz_QLayers_5___seed_1_1761468207
3526656,1-Training-Losses/clipfrac,0.0,Pong1PQFM_XObs_entangled_trainable_rzz_QLayers_5___seed_1_1761468207
3530752,1-Training-Losses/clipfrac,0.0,Pong1PQFM_XObs_entangled_trainable_rzz_QLayers_5___seed_1_1761468207
3534848,1-Training-Losses/clipfrac,0.0,Pong1PQFM_XObs_entangled_trainable_rzz_QLayers_5___seed_1_1761468207
3538944,1-Training-Losses/clipfrac,6.103515625e-05,Pong1PQFM_XObs_entangled_trainable_rzz_QLayers_5___seed_1_1761468207
3543040,1-Training-Losses/clipfrac,6.103515625e-05,Pong1PQFM_XObs_entangled_trainable_rzz_QLayers_5___seed_1_1761468207
3547136,1-Training-Losses/clipfrac,0.0,Pong1PQFM_XObs_entangled_trainable_rzz_QLayers_5___seed_1_1761468207
3551232,1-Training-Losses/clipfrac,0.0,Pong1PQFM_XObs_entangled_trainable_rzz_QLayers_5___seed_1_1761468207
3555328,1-Training-Losses/clipfrac,0.0,Pong1PQFM_XObs_entangled_trainable_rzz_QLayers_5___seed_1_1761468207
3559424,1-Training-Losses/clipfrac,0.0,Pong1PQFM_XObs_entangled_trainable_rzz_QLayers_5___seed_1_1761468207
3563520,1-Training-Losses/clipfrac,0.0,Pong1PQFM_XObs_entangled_trainable_rzz_QLayers_5___seed_1_1761468207
3567616,1-Training-Losses/clipfrac,0.0,Pong1PQFM_XObs_entangled_trainable_rzz_QLayers_5___seed_1_1761468207
3571712,1-Training-Losses/clipfrac,0.0,Pong1PQFM_XObs_entangled_trainable_rzz_QLayers_5___seed_1_1761468207
3575808,1-Training-Losses/clipfrac,0.0,Pong1PQFM_XObs_entangled_trainable_rzz_QLayers_5___seed_1_1761468207
3579904,1-Training-Losses/clipfrac,0.0,Pong1PQFM_XObs_entangled_trainable_rzz_QLayers_5___seed_1_1761468207
3584000,1-Training-Losses/clipfrac,0.0,Pong1PQFM_XObs_entangled_trainable_rzz_QLayers_5___seed_1_1761468207
3588096,1-Training-Losses/clipfrac,0.0,Pong1PQFM_XObs_entangled_trainable_rzz_QLayers_5___seed_1_1761468207
3592192,1-Training-Losses/clipfrac,0.0,Pong1PQFM_XObs_entangled_trainable_rzz_QLayers_5___seed_1_1761468207
3596288,1-Training-Losses/clipfrac,0.0,Pong1PQFM_XObs_entangled_trainable_rzz_QLayers_5___seed_1_1761468207
3600384,1-Training-Losses/clipfrac,0.0,Pong1PQFM_XObs_entangled_trainable_rzz_QLayers_5___seed_1_1761468207
3604480,1-Training-Losses/clipfrac,0.0,Pong1PQFM_XObs_entangled_trainable_rzz_QLayers_5___seed_1_1761468207
3608576,1-Training-Losses/clipfrac,0.0,Pong1PQFM_XObs_entangled_trainable_rzz_QLayers_5___seed_1_1761468207
3612672,1-Training-Losses/clipfrac,0.0001220703125,Pong1PQFM_XObs_entangled_trainable_rzz_QLayers_5___seed_1_1761468207
3616768,1-Training-Losses/clipfrac,0.0,Pong1PQFM_XObs_entangled_trainable_rzz_QLayers_5___seed_1_1761468207
3620864,1-Training-Losses/clipfrac,0.0,Pong1PQFM_XObs_entangled_trainable_rzz_QLayers_5___seed_1_1761468207
3624960,1-Training-Losses/clipfrac,0.0,Pong1PQFM_XObs_entangled_trainable_rzz_QLayers_5___seed_1_1761468207
3629056,1-Training-Losses/clipfrac,0.0,Pong1PQFM_XObs_entangled_trainable_rzz_QLayers_5___seed_1_1761468207
3633152,1-Training-Losses/clipfrac,0.0001220703125,Pong1PQFM_XObs_entangled_trainable_rzz_QLayers_5___seed_1_1761468207
3637248,1-Training-Losses/clipfrac,6.103515625e-05,Pong1PQFM_XObs_entangled_trainable_rzz_QLayers_5___seed_1_1761468207
3641344,1-Training-Losses/clipfrac,0.0,Pong1PQFM_XObs_entangled_trainable_rzz_QLayers_5___seed_1_1761468207
3645440,1-Training-Losses/clipfrac,0.0,Pong1PQFM_XObs_entangled_trainable_rzz_QLayers_5___seed_1_1761468207
3649536,1-Training-Losses/clipfrac,0.0,Pong1PQFM_XObs_entangled_trainable_rzz_QLayers_5___seed_1_1761468207
3653632,1-Training-Losses/clipfrac,0.0,Pong1PQFM_XObs_entangled_trainable_rzz_QLayers_5___seed_1_1761468207
3657728,1-Training-Losses/clipfrac,0.0,Pong1PQFM_XObs_entangled_trainable_rzz_QLayers_5___seed_1_1761468207
3661824,1-Training-Losses/clipfrac,0.0,Pong1PQFM_XObs_entangled_trainable_rzz_QLayers_5___seed_1_1761468207
3665920,1-Training-Losses/clipfrac,0.0,Pong1PQFM_XObs_entangled_trainable_rzz_QLayers_5___seed_1_1761468207
3670016,1-Training-Losses/clipfrac,0.0,Pong1PQFM_XObs_entangled_trainable_rzz_QLayers_5___seed_1_1761468207
3674112,1-Training-Losses/clipfrac,0.0,Pong1PQFM_XObs_entangled_trainable_rzz_QLayers_5___seed_1_1761468207
3678208,1-Training-Losses/clipfrac,0.0,Pong1PQFM_XObs_entangled_trainable_rzz_QLayers_5___seed_1_1761468207
3682304,1-Training-Losses/clipfrac,0.0,Pong1PQFM_XObs_entangled_trainable_rzz_QLayers_5___seed_1_1761468207
3686400,1-Training-Losses/clipfrac,0.0,Pong1PQFM_XObs_entangled_trainable_rzz_QLayers_5___seed_1_1761468207
3690496,1-Training-Losses/clipfrac,0.0,Pong1PQFM_XObs_entangled_trainable_rzz_QLayers_5___seed_1_1761468207
3694592,1-Training-Losses/clipfrac,0.0,Pong1PQFM_XObs_entangled_trainable_rzz_QLayers_5___seed_1_1761468207
3698688,1-Training-Losses/clipfrac,6.103515625e-05,Pong1PQFM_XObs_entangled_trainable_rzz_QLayers_5___seed_1_1761468207
3702784,1-Training-Losses/clipfrac,0.0,Pong1PQFM_XObs_entangled_trainable_rzz_QLayers_5___seed_1_1761468207
3706880,1-Training-Losses/clipfrac,0.0,Pong1PQFM_XObs_entangled_trainable_rzz_QLayers_5___seed_1_1761468207
3710976,1-Training-Losses/clipfrac,0.0,Pong1PQFM_XObs_entangled_trainable_rzz_QLayers_5___seed_1_1761468207
3715072,1-Training-Losses/clipfrac,0.0,Pong1PQFM_XObs_entangled_trainable_rzz_QLayers_5___seed_1_1761468207
3719168,1-Training-Losses/clipfrac,0.0,Pong1PQFM_XObs_entangled_trainable_rzz_QLayers_5___seed_1_1761468207
3723264,1-Training-Losses/clipfrac,0.0,Pong1PQFM_XObs_entangled_trainable_rzz_QLayers_5___seed_1_1761468207
3727360,1-Training-Losses/clipfrac,0.0,Pong1PQFM_XObs_entangled_trainable_rzz_QLayers_5___seed_1_1761468207
3731456,1-Training-Losses/clipfrac,0.0,Pong1PQFM_XObs_entangled_trainable_rzz_QLayers_5___seed_1_1761468207
3735552,1-Training-Losses/clipfrac,0.0,Pong1PQFM_XObs_entangled_trainable_rzz_QLayers_5___seed_1_1761468207
3739648,1-Training-Losses/clipfrac,0.00048828125,Pong1PQFM_XObs_entangled_trainable_rzz_QLayers_5___seed_1_1761468207
3743744,1-Training-Losses/clipfrac,0.0,Pong1PQFM_XObs_entangled_trainable_rzz_QLayers_5___seed_1_1761468207
3747840,1-Training-Losses/clipfrac,0.0,Pong1PQFM_XObs_entangled_trainable_rzz_QLayers_5___seed_1_1761468207
3751936,1-Training-Losses/clipfrac,0.0,Pong1PQFM_XObs_entangled_trainable_rzz_QLayers_5___seed_1_1761468207
3756032,1-Training-Losses/clipfrac,0.0,Pong1PQFM_XObs_entangled_trainable_rzz_QLayers_5___seed_1_1761468207
3760128,1-Training-Losses/clipfrac,0.0,Pong1PQFM_XObs_entangled_trainable_rzz_QLayers_5___seed_1_1761468207
3764224,1-Training-Losses/clipfrac,0.0001220703125,Pong1PQFM_XObs_entangled_trainable_rzz_QLayers_5___seed_1_1761468207
3768320,1-Training-Losses/clipfrac,0.00103759765625,Pong1PQFM_XObs_entangled_trainable_rzz_QLayers_5___seed_1_1761468207
3772416,1-Training-Losses/clipfrac,6.103515625e-05,Pong1PQFM_XObs_entangled_trainable_rzz_QLayers_5___seed_1_1761468207
3776512,1-Training-Losses/clipfrac,0.0,Pong1PQFM_XObs_entangled_trainable_rzz_QLayers_5___seed_1_1761468207
3780608,1-Training-Losses/clipfrac,0.0,Pong1PQFM_XObs_entangled_trainable_rzz_QLayers_5___seed_1_1761468207
3784704,1-Training-Losses/clipfrac,0.0,Pong1PQFM_XObs_entangled_trainable_rzz_QLayers_5___seed_1_1761468207
3788800,1-Training-Losses/clipfrac,0.0001220703125,Pong1PQFM_XObs_entangled_trainable_rzz_QLayers_5___seed_1_1761468207
3792896,1-Training-Losses/clipfrac,0.0,Pong1PQFM_XObs_entangled_trainable_rzz_QLayers_5___seed_1_1761468207
3796992,1-Training-Losses/clipfrac,0.0,Pong1PQFM_XObs_entangled_trainable_rzz_QLayers_5___seed_1_1761468207
3801088,1-Training-Losses/clipfrac,0.0,Pong1PQFM_XObs_entangled_trainable_rzz_QLayers_5___seed_1_1761468207
3805184,1-Training-Losses/clipfrac,0.0,Pong1PQFM_XObs_entangled_trainable_rzz_QLayers_5___seed_1_1761468207
3809280,1-Training-Losses/clipfrac,0.0,Pong1PQFM_XObs_entangled_trainable_rzz_QLayers_5___seed_1_1761468207
3813376,1-Training-Losses/clipfrac,0.0,Pong1PQFM_XObs_entangled_trainable_rzz_QLayers_5___seed_1_1761468207
3817472,1-Training-Losses/clipfrac,0.0,Pong1PQFM_XObs_entangled_trainable_rzz_QLayers_5___seed_1_1761468207
3821568,1-Training-Losses/clipfrac,0.0,Pong1PQFM_XObs_entangled_trainable_rzz_QLayers_5___seed_1_1761468207
3825664,1-Training-Losses/clipfrac,0.0001220703125,Pong1PQFM_XObs_entangled_trainable_rzz_QLayers_5___seed_1_1761468207
3829760,1-Training-Losses/clipfrac,0.0,Pong1PQFM_XObs_entangled_trainable_rzz_QLayers_5___seed_1_1761468207
3833856,1-Training-Losses/clipfrac,0.0,Pong1PQFM_XObs_entangled_trainable_rzz_QLayers_5___seed_1_1761468207
3837952,1-Training-Losses/clipfrac,0.00244140625,Pong1PQFM_XObs_entangled_trainable_rzz_QLayers_5___seed_1_1761468207
3842048,1-Training-Losses/clipfrac,0.0001220703125,Pong1PQFM_XObs_entangled_trainable_rzz_QLayers_5___seed_1_1761468207
3846144,1-Training-Losses/clipfrac,0.0,Pong1PQFM_XObs_entangled_trainable_rzz_QLayers_5___seed_1_1761468207
3850240,1-Training-Losses/clipfrac,0.0,Pong1PQFM_XObs_entangled_trainable_rzz_QLayers_5___seed_1_1761468207
3854336,1-Training-Losses/clipfrac,0.0,Pong1PQFM_XObs_entangled_trainable_rzz_QLayers_5___seed_1_1761468207
3858432,1-Training-Losses/clipfrac,0.0,Pong1PQFM_XObs_entangled_trainable_rzz_QLayers_5___seed_1_1761468207
3862528,1-Training-Losses/clipfrac,6.103515625e-05,Pong1PQFM_XObs_entangled_trainable_rzz_QLayers_5___seed_1_1761468207
3866624,1-Training-Losses/clipfrac,0.0,Pong1PQFM_XObs_entangled_trainable_rzz_QLayers_5___seed_1_1761468207
3870720,1-Training-Losses/clipfrac,0.004150390625,Pong1PQFM_XObs_entangled_trainable_rzz_QLayers_5___seed_1_1761468207
3874816,1-Training-Losses/clipfrac,0.000244140625,Pong1PQFM_XObs_entangled_trainable_rzz_QLayers_5___seed_1_1761468207
3878912,1-Training-Losses/clipfrac,0.0,Pong1PQFM_XObs_entangled_trainable_rzz_QLayers_5___seed_1_1761468207
3883008,1-Training-Losses/clipfrac,6.103515625e-05,Pong1PQFM_XObs_entangled_trainable_rzz_QLayers_5___seed_1_1761468207
3887104,1-Training-Losses/clipfrac,0.000244140625,Pong1PQFM_XObs_entangled_trainable_rzz_QLayers_5___seed_1_1761468207
3891200,1-Training-Losses/clipfrac,0.0,Pong1PQFM_XObs_entangled_trainable_rzz_QLayers_5___seed_1_1761468207
3895296,1-Training-Losses/clipfrac,0.0,Pong1PQFM_XObs_entangled_trainable_rzz_QLayers_5___seed_1_1761468207
3899392,1-Training-Losses/clipfrac,0.0,Pong1PQFM_XObs_entangled_trainable_rzz_QLayers_5___seed_1_1761468207
3903488,1-Training-Losses/clipfrac,0.0,Pong1PQFM_XObs_entangled_trainable_rzz_QLayers_5___seed_1_1761468207
3907584,1-Training-Losses/clipfrac,0.0003662109375,Pong1PQFM_XObs_entangled_trainable_rzz_QLayers_5___seed_1_1761468207
3911680,1-Training-Losses/clipfrac,0.003662109375,Pong1PQFM_XObs_entangled_trainable_rzz_QLayers_5___seed_1_1761468207
3915776,1-Training-Losses/clipfrac,0.00274658203125,Pong1PQFM_XObs_entangled_trainable_rzz_QLayers_5___seed_1_1761468207
3919872,1-Training-Losses/clipfrac,0.00555419921875,Pong1PQFM_XObs_entangled_trainable_rzz_QLayers_5___seed_1_1761468207
3923968,1-Training-Losses/clipfrac,0.0,Pong1PQFM_XObs_entangled_trainable_rzz_QLayers_5___seed_1_1761468207
3928064,1-Training-Losses/clipfrac,0.0,Pong1PQFM_XObs_entangled_trainable_rzz_QLayers_5___seed_1_1761468207
3932160,1-Training-Losses/clipfrac,0.0,Pong1PQFM_XObs_entangled_trainable_rzz_QLayers_5___seed_1_1761468207
3936256,1-Training-Losses/clipfrac,0.0,Pong1PQFM_XObs_entangled_trainable_rzz_QLayers_5___seed_1_1761468207
3940352,1-Training-Losses/clipfrac,0.0,Pong1PQFM_XObs_entangled_trainable_rzz_QLayers_5___seed_1_1761468207
3944448,1-Training-Losses/clipfrac,0.0001220703125,Pong1PQFM_XObs_entangled_trainable_rzz_QLayers_5___seed_1_1761468207
3948544,1-Training-Losses/clipfrac,0.0,Pong1PQFM_XObs_entangled_trainable_rzz_QLayers_5___seed_1_1761468207
3952640,1-Training-Losses/clipfrac,0.0,Pong1PQFM_XObs_entangled_trainable_rzz_QLayers_5___seed_1_1761468207
3956736,1-Training-Losses/clipfrac,0.0,Pong1PQFM_XObs_entangled_trainable_rzz_QLayers_5___seed_1_1761468207
3960832,1-Training-Losses/clipfrac,0.0,Pong1PQFM_XObs_entangled_trainable_rzz_QLayers_5___seed_1_1761468207
3964928,1-Training-Losses/clipfrac,0.0,Pong1PQFM_XObs_entangled_trainable_rzz_QLayers_5___seed_1_1761468207
3969024,1-Training-Losses/clipfrac,0.0,Pong1PQFM_XObs_entangled_trainable_rzz_QLayers_5___seed_1_1761468207
3973120,1-Training-Losses/clipfrac,0.0,Pong1PQFM_XObs_entangled_trainable_rzz_QLayers_5___seed_1_1761468207
3977216,1-Training-Losses/clipfrac,0.00018310546875,Pong1PQFM_XObs_entangled_trainable_rzz_QLayers_5___seed_1_1761468207
3981312,1-Training-Losses/clipfrac,0.00054931640625,Pong1PQFM_XObs_entangled_trainable_rzz_QLayers_5___seed_1_1761468207
3985408,1-Training-Losses/clipfrac,0.00018310546875,Pong1PQFM_XObs_entangled_trainable_rzz_QLayers_5___seed_1_1761468207
3989504,1-Training-Losses/clipfrac,6.103515625e-05,Pong1PQFM_XObs_entangled_trainable_rzz_QLayers_5___seed_1_1761468207
3993600,1-Training-Losses/clipfrac,0.0,Pong1PQFM_XObs_entangled_trainable_rzz_QLayers_5___seed_1_1761468207
3997696,1-Training-Losses/clipfrac,0.0,Pong1PQFM_XObs_entangled_trainable_rzz_QLayers_5___seed_1_1761468207
4001792,1-Training-Losses/clipfrac,0.0,Pong1PQFM_XObs_entangled_trainable_rzz_QLayers_5___seed_1_1761468207
4005888,1-Training-Losses/clipfrac,0.0,Pong1PQFM_XObs_entangled_trainable_rzz_QLayers_5___seed_1_1761468207
4009984,1-Training-Losses/clipfrac,0.0,Pong1PQFM_XObs_entangled_trainable_rzz_QLayers_5___seed_1_1761468207
4014080,1-Training-Losses/clipfrac,0.000732421875,Pong1PQFM_XObs_entangled_trainable_rzz_QLayers_5___seed_1_1761468207
4018176,1-Training-Losses/clipfrac,0.00164794921875,Pong1PQFM_XObs_entangled_trainable_rzz_QLayers_5___seed_1_1761468207
4022272,1-Training-Losses/clipfrac,0.0,Pong1PQFM_XObs_entangled_trainable_rzz_QLayers_5___seed_1_1761468207
4026368,1-Training-Losses/clipfrac,0.0,Pong1PQFM_XObs_entangled_trainable_rzz_QLayers_5___seed_1_1761468207
4030464,1-Training-Losses/clipfrac,0.0,Pong1PQFM_XObs_entangled_trainable_rzz_QLayers_5___seed_1_1761468207
4034560,1-Training-Losses/clipfrac,0.0,Pong1PQFM_XObs_entangled_trainable_rzz_QLayers_5___seed_1_1761468207
4038656,1-Training-Losses/clipfrac,0.0,Pong1PQFM_XObs_entangled_trainable_rzz_QLayers_5___seed_1_1761468207
4042752,1-Training-Losses/clipfrac,0.00018310546875,Pong1PQFM_XObs_entangled_trainable_rzz_QLayers_5___seed_1_1761468207
4046848,1-Training-Losses/clipfrac,0.00042724609375,Pong1PQFM_XObs_entangled_trainable_rzz_QLayers_5___seed_1_1761468207
4050944,1-Training-Losses/clipfrac,0.00018310546875,Pong1PQFM_XObs_entangled_trainable_rzz_QLayers_5___seed_1_1761468207
4055040,1-Training-Losses/clipfrac,0.0,Pong1PQFM_XObs_entangled_trainable_rzz_QLayers_5___seed_1_1761468207
4059136,1-Training-Losses/clipfrac,0.0,Pong1PQFM_XObs_entangled_trainable_rzz_QLayers_5___seed_1_1761468207
4063232,1-Training-Losses/clipfrac,0.0,Pong1PQFM_XObs_entangled_trainable_rzz_QLayers_5___seed_1_1761468207
4067328,1-Training-Losses/clipfrac,0.0,Pong1PQFM_XObs_entangled_trainable_rzz_QLayers_5___seed_1_1761468207
4071424,1-Training-Losses/clipfrac,0.0,Pong1PQFM_XObs_entangled_trainable_rzz_QLayers_5___seed_1_1761468207
4075520,1-Training-Losses/clipfrac,0.0,Pong1PQFM_XObs_entangled_trainable_rzz_QLayers_5___seed_1_1761468207
4079616,1-Training-Losses/clipfrac,0.0,Pong1PQFM_XObs_entangled_trainable_rzz_QLayers_5___seed_1_1761468207
4083712,1-Training-Losses/clipfrac,0.0,Pong1PQFM_XObs_entangled_trainable_rzz_QLayers_5___seed_1_1761468207
4087808,1-Training-Losses/clipfrac,0.0,Pong1PQFM_XObs_entangled_trainable_rzz_QLayers_5___seed_1_1761468207
4091904,1-Training-Losses/clipfrac,0.0,Pong1PQFM_XObs_entangled_trainable_rzz_QLayers_5___seed_1_1761468207
4096000,1-Training-Losses/clipfrac,0.0,Pong1PQFM_XObs_entangled_trainable_rzz_QLayers_5___seed_1_1761468207
4100096,1-Training-Losses/clipfrac,0.0,Pong1PQFM_XObs_entangled_trainable_rzz_QLayers_5___seed_1_1761468207
4104192,1-Training-Losses/clipfrac,0.00152587890625,Pong1PQFM_XObs_entangled_trainable_rzz_QLayers_5___seed_1_1761468207
4108288,1-Training-Losses/clipfrac,0.002685546875,Pong1PQFM_XObs_entangled_trainable_rzz_QLayers_5___seed_1_1761468207
4112384,1-Training-Losses/clipfrac,0.0,Pong1PQFM_XObs_entangled_trainable_rzz_QLayers_5___seed_1_1761468207
4116480,1-Training-Losses/clipfrac,0.0,Pong1PQFM_XObs_entangled_trainable_rzz_QLayers_5___seed_1_1761468207
4120576,1-Training-Losses/clipfrac,0.0001220703125,Pong1PQFM_XObs_entangled_trainable_rzz_QLayers_5___seed_1_1761468207
4124672,1-Training-Losses/clipfrac,0.00152587890625,Pong1PQFM_XObs_entangled_trainable_rzz_QLayers_5___seed_1_1761468207
4128768,1-Training-Losses/clipfrac,0.00439453125,Pong1PQFM_XObs_entangled_trainable_rzz_QLayers_5___seed_1_1761468207
4132864,1-Training-Losses/clipfrac,0.0040283203125,Pong1PQFM_XObs_entangled_trainable_rzz_QLayers_5___seed_1_1761468207
4136960,1-Training-Losses/clipfrac,6.103515625e-05,Pong1PQFM_XObs_entangled_trainable_rzz_QLayers_5___seed_1_1761468207
4141056,1-Training-Losses/clipfrac,0.0,Pong1PQFM_XObs_entangled_trainable_rzz_QLayers_5___seed_1_1761468207
4145152,1-Training-Losses/clipfrac,0.0,Pong1PQFM_XObs_entangled_trainable_rzz_QLayers_5___seed_1_1761468207
4149248,1-Training-Losses/clipfrac,0.0,Pong1PQFM_XObs_entangled_trainable_rzz_QLayers_5___seed_1_1761468207
4153344,1-Training-Losses/clipfrac,0.00042724609375,Pong1PQFM_XObs_entangled_trainable_rzz_QLayers_5___seed_1_1761468207
4157440,1-Training-Losses/clipfrac,0.00152587890625,Pong1PQFM_XObs_entangled_trainable_rzz_QLayers_5___seed_1_1761468207
4161536,1-Training-Losses/clipfrac,0.0,Pong1PQFM_XObs_entangled_trainable_rzz_QLayers_5___seed_1_1761468207
4165632,1-Training-Losses/clipfrac,0.0,Pong1PQFM_XObs_entangled_trainable_rzz_QLayers_5___seed_1_1761468207
4169728,1-Training-Losses/clipfrac,0.0001220703125,Pong1PQFM_XObs_entangled_trainable_rzz_QLayers_5___seed_1_1761468207
4173824,1-Training-Losses/clipfrac,0.0,Pong1PQFM_XObs_entangled_trainable_rzz_QLayers_5___seed_1_1761468207
4177920,1-Training-Losses/clipfrac,0.0,Pong1PQFM_XObs_entangled_trainable_rzz_QLayers_5___seed_1_1761468207
4182016,1-Training-Losses/clipfrac,0.0,Pong1PQFM_XObs_entangled_trainable_rzz_QLayers_5___seed_1_1761468207
4186112,1-Training-Losses/clipfrac,0.0,Pong1PQFM_XObs_entangled_trainable_rzz_QLayers_5___seed_1_1761468207
4190208,1-Training-Losses/clipfrac,0.0,Pong1PQFM_XObs_entangled_trainable_rzz_QLayers_5___seed_1_1761468207
4194304,1-Training-Losses/clipfrac,0.0,Pong1PQFM_XObs_entangled_trainable_rzz_QLayers_5___seed_1_1761468207
4198400,1-Training-Losses/clipfrac,0.0,Pong1PQFM_XObs_entangled_trainable_rzz_QLayers_5___seed_1_1761468207
4202496,1-Training-Losses/clipfrac,0.0,Pong1PQFM_XObs_entangled_trainable_rzz_QLayers_5___seed_1_1761468207
4206592,1-Training-Losses/clipfrac,0.0,Pong1PQFM_XObs_entangled_trainable_rzz_QLayers_5___seed_1_1761468207
4210688,1-Training-Losses/clipfrac,0.0,Pong1PQFM_XObs_entangled_trainable_rzz_QLayers_5___seed_1_1761468207
4214784,1-Training-Losses/clipfrac,0.0,Pong1PQFM_XObs_entangled_trainable_rzz_QLayers_5___seed_1_1761468207
4218880,1-Training-Losses/clipfrac,0.0,Pong1PQFM_XObs_entangled_trainable_rzz_QLayers_5___seed_1_1761468207
4222976,1-Training-Losses/clipfrac,0.0,Pong1PQFM_XObs_entangled_trainable_rzz_QLayers_5___seed_1_1761468207
4227072,1-Training-Losses/clipfrac,0.0,Pong1PQFM_XObs_entangled_trainable_rzz_QLayers_5___seed_1_1761468207
4231168,1-Training-Losses/clipfrac,0.0,Pong1PQFM_XObs_entangled_trainable_rzz_QLayers_5___seed_1_1761468207
4235264,1-Training-Losses/clipfrac,0.0,Pong1PQFM_XObs_entangled_trainable_rzz_QLayers_5___seed_1_1761468207
4239360,1-Training-Losses/clipfrac,6.103515625e-05,Pong1PQFM_XObs_entangled_trainable_rzz_QLayers_5___seed_1_1761468207
4243456,1-Training-Losses/clipfrac,0.0,Pong1PQFM_XObs_entangled_trainable_rzz_QLayers_5___seed_1_1761468207
4247552,1-Training-Losses/clipfrac,0.0,Pong1PQFM_XObs_entangled_trainable_rzz_QLayers_5___seed_1_1761468207
4251648,1-Training-Losses/clipfrac,0.0,Pong1PQFM_XObs_entangled_trainable_rzz_QLayers_5___seed_1_1761468207
4255744,1-Training-Losses/clipfrac,0.0003662109375,Pong1PQFM_XObs_entangled_trainable_rzz_QLayers_5___seed_1_1761468207
4259840,1-Training-Losses/clipfrac,0.00030517578125,Pong1PQFM_XObs_entangled_trainable_rzz_QLayers_5___seed_1_1761468207
4263936,1-Training-Losses/clipfrac,0.0,Pong1PQFM_XObs_entangled_trainable_rzz_QLayers_5___seed_1_1761468207
4268032,1-Training-Losses/clipfrac,0.0,Pong1PQFM_XObs_entangled_trainable_rzz_QLayers_5___seed_1_1761468207
4272128,1-Training-Losses/clipfrac,0.0,Pong1PQFM_XObs_entangled_trainable_rzz_QLayers_5___seed_1_1761468207
4276224,1-Training-Losses/clipfrac,6.103515625e-05,Pong1PQFM_XObs_entangled_trainable_rzz_QLayers_5___seed_1_1761468207
4280320,1-Training-Losses/clipfrac,0.00396728515625,Pong1PQFM_XObs_entangled_trainable_rzz_QLayers_5___seed_1_1761468207
4284416,1-Training-Losses/clipfrac,0.00079345703125,Pong1PQFM_XObs_entangled_trainable_rzz_QLayers_5___seed_1_1761468207
4288512,1-Training-Losses/clipfrac,0.0,Pong1PQFM_XObs_entangled_trainable_rzz_QLayers_5___seed_1_1761468207
4292608,1-Training-Losses/clipfrac,0.0,Pong1PQFM_XObs_entangled_trainable_rzz_QLayers_5___seed_1_1761468207
4296704,1-Training-Losses/clipfrac,0.0,Pong1PQFM_XObs_entangled_trainable_rzz_QLayers_5___seed_1_1761468207
4300800,1-Training-Losses/clipfrac,0.0,Pong1PQFM_XObs_entangled_trainable_rzz_QLayers_5___seed_1_1761468207
4304896,1-Training-Losses/clipfrac,0.0,Pong1PQFM_XObs_entangled_trainable_rzz_QLayers_5___seed_1_1761468207
4308992,1-Training-Losses/clipfrac,0.0,Pong1PQFM_XObs_entangled_trainable_rzz_QLayers_5___seed_1_1761468207
4313088,1-Training-Losses/clipfrac,0.0,Pong1PQFM_XObs_entangled_trainable_rzz_QLayers_5___seed_1_1761468207
4317184,1-Training-Losses/clipfrac,0.0,Pong1PQFM_XObs_entangled_trainable_rzz_QLayers_5___seed_1_1761468207
4321280,1-Training-Losses/clipfrac,0.0,Pong1PQFM_XObs_entangled_trainable_rzz_QLayers_5___seed_1_1761468207
4325376,1-Training-Losses/clipfrac,0.0,Pong1PQFM_XObs_entangled_trainable_rzz_QLayers_5___seed_1_1761468207
4329472,1-Training-Losses/clipfrac,0.0,Pong1PQFM_XObs_entangled_trainable_rzz_QLayers_5___seed_1_1761468207
4333568,1-Training-Losses/clipfrac,0.0,Pong1PQFM_XObs_entangled_trainable_rzz_QLayers_5___seed_1_1761468207
4337664,1-Training-Losses/clipfrac,0.0,Pong1PQFM_XObs_entangled_trainable_rzz_QLayers_5___seed_1_1761468207
4341760,1-Training-Losses/clipfrac,0.0,Pong1PQFM_XObs_entangled_trainable_rzz_QLayers_5___seed_1_1761468207
4345856,1-Training-Losses/clipfrac,0.0,Pong1PQFM_XObs_entangled_trainable_rzz_QLayers_5___seed_1_1761468207
4349952,1-Training-Losses/clipfrac,0.0,Pong1PQFM_XObs_entangled_trainable_rzz_QLayers_5___seed_1_1761468207
4354048,1-Training-Losses/clipfrac,0.00244140625,Pong1PQFM_XObs_entangled_trainable_rzz_QLayers_5___seed_1_1761468207
4358144,1-Training-Losses/clipfrac,0.00042724609375,Pong1PQFM_XObs_entangled_trainable_rzz_QLayers_5___seed_1_1761468207
4362240,1-Training-Losses/clipfrac,0.0,Pong1PQFM_XObs_entangled_trainable_rzz_QLayers_5___seed_1_1761468207
4366336,1-Training-Losses/clipfrac,0.0,Pong1PQFM_XObs_entangled_trainable_rzz_QLayers_5___seed_1_1761468207
4370432,1-Training-Losses/clipfrac,0.0,Pong1PQFM_XObs_entangled_trainable_rzz_QLayers_5___seed_1_1761468207
4374528,1-Training-Losses/clipfrac,0.0,Pong1PQFM_XObs_entangled_trainable_rzz_QLayers_5___seed_1_1761468207
4378624,1-Training-Losses/clipfrac,0.0,Pong1PQFM_XObs_entangled_trainable_rzz_QLayers_5___seed_1_1761468207
4382720,1-Training-Losses/clipfrac,0.0,Pong1PQFM_XObs_entangled_trainable_rzz_QLayers_5___seed_1_1761468207
4386816,1-Training-Losses/clipfrac,0.0,Pong1PQFM_XObs_entangled_trainable_rzz_QLayers_5___seed_1_1761468207
4390912,1-Training-Losses/clipfrac,0.00018310546875,Pong1PQFM_XObs_entangled_trainable_rzz_QLayers_5___seed_1_1761468207
4395008,1-Training-Losses/clipfrac,0.0,Pong1PQFM_XObs_entangled_trainable_rzz_QLayers_5___seed_1_1761468207
4399104,1-Training-Losses/clipfrac,0.0,Pong1PQFM_XObs_entangled_trainable_rzz_QLayers_5___seed_1_1761468207
4403200,1-Training-Losses/clipfrac,0.0,Pong1PQFM_XObs_entangled_trainable_rzz_QLayers_5___seed_1_1761468207
4407296,1-Training-Losses/clipfrac,0.0,Pong1PQFM_XObs_entangled_trainable_rzz_QLayers_5___seed_1_1761468207
4411392,1-Training-Losses/clipfrac,0.0,Pong1PQFM_XObs_entangled_trainable_rzz_QLayers_5___seed_1_1761468207
4415488,1-Training-Losses/clipfrac,0.0,Pong1PQFM_XObs_entangled_trainable_rzz_QLayers_5___seed_1_1761468207
4419584,1-Training-Losses/clipfrac,0.0,Pong1PQFM_XObs_entangled_trainable_rzz_QLayers_5___seed_1_1761468207
4423680,1-Training-Losses/clipfrac,0.0,Pong1PQFM_XObs_entangled_trainable_rzz_QLayers_5___seed_1_1761468207
4427776,1-Training-Losses/clipfrac,0.0,Pong1PQFM_XObs_entangled_trainable_rzz_QLayers_5___seed_1_1761468207
4431872,1-Training-Losses/clipfrac,0.00286865234375,Pong1PQFM_XObs_entangled_trainable_rzz_QLayers_5___seed_1_1761468207
4435968,1-Training-Losses/clipfrac,0.0025634765625,Pong1PQFM_XObs_entangled_trainable_rzz_QLayers_5___seed_1_1761468207
4440064,1-Training-Losses/clipfrac,0.0,Pong1PQFM_XObs_entangled_trainable_rzz_QLayers_5___seed_1_1761468207
4444160,1-Training-Losses/clipfrac,0.0,Pong1PQFM_XObs_entangled_trainable_rzz_QLayers_5___seed_1_1761468207
4448256,1-Training-Losses/clipfrac,0.0,Pong1PQFM_XObs_entangled_trainable_rzz_QLayers_5___seed_1_1761468207
4452352,1-Training-Losses/clipfrac,0.0,Pong1PQFM_XObs_entangled_trainable_rzz_QLayers_5___seed_1_1761468207
4456448,1-Training-Losses/clipfrac,0.0001220703125,Pong1PQFM_XObs_entangled_trainable_rzz_QLayers_5___seed_1_1761468207
4460544,1-Training-Losses/clipfrac,0.0,Pong1PQFM_XObs_entangled_trainable_rzz_QLayers_5___seed_1_1761468207
4464640,1-Training-Losses/clipfrac,0.0,Pong1PQFM_XObs_entangled_trainable_rzz_QLayers_5___seed_1_1761468207
4468736,1-Training-Losses/clipfrac,0.0,Pong1PQFM_XObs_entangled_trainable_rzz_QLayers_5___seed_1_1761468207
4472832,1-Training-Losses/clipfrac,0.0,Pong1PQFM_XObs_entangled_trainable_rzz_QLayers_5___seed_1_1761468207
4476928,1-Training-Losses/clipfrac,0.0,Pong1PQFM_XObs_entangled_trainable_rzz_QLayers_5___seed_1_1761468207
4481024,1-Training-Losses/clipfrac,0.0,Pong1PQFM_XObs_entangled_trainable_rzz_QLayers_5___seed_1_1761468207
4485120,1-Training-Losses/clipfrac,0.0,Pong1PQFM_XObs_entangled_trainable_rzz_QLayers_5___seed_1_1761468207
4489216,1-Training-Losses/clipfrac,6.103515625e-05,Pong1PQFM_XObs_entangled_trainable_rzz_QLayers_5___seed_1_1761468207
4493312,1-Training-Losses/clipfrac,0.000244140625,Pong1PQFM_XObs_entangled_trainable_rzz_QLayers_5___seed_1_1761468207
4497408,1-Training-Losses/clipfrac,0.0,Pong1PQFM_XObs_entangled_trainable_rzz_QLayers_5___seed_1_1761468207
4501504,1-Training-Losses/clipfrac,0.0,Pong1PQFM_XObs_entangled_trainable_rzz_QLayers_5___seed_1_1761468207
4505600,1-Training-Losses/clipfrac,0.0,Pong1PQFM_XObs_entangled_trainable_rzz_QLayers_5___seed_1_1761468207
4509696,1-Training-Losses/clipfrac,0.0,Pong1PQFM_XObs_entangled_trainable_rzz_QLayers_5___seed_1_1761468207
4513792,1-Training-Losses/clipfrac,0.0,Pong1PQFM_XObs_entangled_trainable_rzz_QLayers_5___seed_1_1761468207
4517888,1-Training-Losses/clipfrac,0.00030517578125,Pong1PQFM_XObs_entangled_trainable_rzz_QLayers_5___seed_1_1761468207
4521984,1-Training-Losses/clipfrac,0.0,Pong1PQFM_XObs_entangled_trainable_rzz_QLayers_5___seed_1_1761468207
4526080,1-Training-Losses/clipfrac,0.0,Pong1PQFM_XObs_entangled_trainable_rzz_QLayers_5___seed_1_1761468207
4530176,1-Training-Losses/clipfrac,0.0,Pong1PQFM_XObs_entangled_trainable_rzz_QLayers_5___seed_1_1761468207
4534272,1-Training-Losses/clipfrac,0.0,Pong1PQFM_XObs_entangled_trainable_rzz_QLayers_5___seed_1_1761468207
4538368,1-Training-Losses/clipfrac,0.0,Pong1PQFM_XObs_entangled_trainable_rzz_QLayers_5___seed_1_1761468207
4542464,1-Training-Losses/clipfrac,0.0,Pong1PQFM_XObs_entangled_trainable_rzz_QLayers_5___seed_1_1761468207
4546560,1-Training-Losses/clipfrac,0.0,Pong1PQFM_XObs_entangled_trainable_rzz_QLayers_5___seed_1_1761468207
4550656,1-Training-Losses/clipfrac,0.0,Pong1PQFM_XObs_entangled_trainable_rzz_QLayers_5___seed_1_1761468207
4554752,1-Training-Losses/clipfrac,0.0,Pong1PQFM_XObs_entangled_trainable_rzz_QLayers_5___seed_1_1761468207
4558848,1-Training-Losses/clipfrac,0.0,Pong1PQFM_XObs_entangled_trainable_rzz_QLayers_5___seed_1_1761468207
4562944,1-Training-Losses/clipfrac,0.0,Pong1PQFM_XObs_entangled_trainable_rzz_QLayers_5___seed_1_1761468207
4567040,1-Training-Losses/clipfrac,0.0,Pong1PQFM_XObs_entangled_trainable_rzz_QLayers_5___seed_1_1761468207
4571136,1-Training-Losses/clipfrac,0.0,Pong1PQFM_XObs_entangled_trainable_rzz_QLayers_5___seed_1_1761468207
4575232,1-Training-Losses/clipfrac,0.0,Pong1PQFM_XObs_entangled_trainable_rzz_QLayers_5___seed_1_1761468207
4579328,1-Training-Losses/clipfrac,0.0,Pong1PQFM_XObs_entangled_trainable_rzz_QLayers_5___seed_1_1761468207
4583424,1-Training-Losses/clipfrac,0.0,Pong1PQFM_XObs_entangled_trainable_rzz_QLayers_5___seed_1_1761468207
4587520,1-Training-Losses/clipfrac,0.0,Pong1PQFM_XObs_entangled_trainable_rzz_QLayers_5___seed_1_1761468207
4591616,1-Training-Losses/clipfrac,0.00396728515625,Pong1PQFM_XObs_entangled_trainable_rzz_QLayers_5___seed_1_1761468207
4595712,1-Training-Losses/clipfrac,0.00238037109375,Pong1PQFM_XObs_entangled_trainable_rzz_QLayers_5___seed_1_1761468207
4599808,1-Training-Losses/clipfrac,0.0,Pong1PQFM_XObs_entangled_trainable_rzz_QLayers_5___seed_1_1761468207
4603904,1-Training-Losses/clipfrac,0.0,Pong1PQFM_XObs_entangled_trainable_rzz_QLayers_5___seed_1_1761468207
4608000,1-Training-Losses/clipfrac,0.0,Pong1PQFM_XObs_entangled_trainable_rzz_QLayers_5___seed_1_1761468207
4612096,1-Training-Losses/clipfrac,0.0,Pong1PQFM_XObs_entangled_trainable_rzz_QLayers_5___seed_1_1761468207
4616192,1-Training-Losses/clipfrac,0.0,Pong1PQFM_XObs_entangled_trainable_rzz_QLayers_5___seed_1_1761468207
4620288,1-Training-Losses/clipfrac,0.0,Pong1PQFM_XObs_entangled_trainable_rzz_QLayers_5___seed_1_1761468207
4624384,1-Training-Losses/clipfrac,0.000244140625,Pong1PQFM_XObs_entangled_trainable_rzz_QLayers_5___seed_1_1761468207
4628480,1-Training-Losses/clipfrac,6.103515625e-05,Pong1PQFM_XObs_entangled_trainable_rzz_QLayers_5___seed_1_1761468207
4632576,1-Training-Losses/clipfrac,6.103515625e-05,Pong1PQFM_XObs_entangled_trainable_rzz_QLayers_5___seed_1_1761468207
4636672,1-Training-Losses/clipfrac,0.0001220703125,Pong1PQFM_XObs_entangled_trainable_rzz_QLayers_5___seed_1_1761468207
4640768,1-Training-Losses/clipfrac,0.00030517578125,Pong1PQFM_XObs_entangled_trainable_rzz_QLayers_5___seed_1_1761468207
4644864,1-Training-Losses/clipfrac,0.0,Pong1PQFM_XObs_entangled_trainable_rzz_QLayers_5___seed_1_1761468207
4648960,1-Training-Losses/clipfrac,0.0,Pong1PQFM_XObs_entangled_trainable_rzz_QLayers_5___seed_1_1761468207
4653056,1-Training-Losses/clipfrac,0.0,Pong1PQFM_XObs_entangled_trainable_rzz_QLayers_5___seed_1_1761468207
4657152,1-Training-Losses/clipfrac,0.0,Pong1PQFM_XObs_entangled_trainable_rzz_QLayers_5___seed_1_1761468207
4661248,1-Training-Losses/clipfrac,0.0,Pong1PQFM_XObs_entangled_trainable_rzz_QLayers_5___seed_1_1761468207
4665344,1-Training-Losses/clipfrac,0.0,Pong1PQFM_XObs_entangled_trainable_rzz_QLayers_5___seed_1_1761468207
4669440,1-Training-Losses/clipfrac,0.0,Pong1PQFM_XObs_entangled_trainable_rzz_QLayers_5___seed_1_1761468207
4673536,1-Training-Losses/clipfrac,0.00067138671875,Pong1PQFM_XObs_entangled_trainable_rzz_QLayers_5___seed_1_1761468207
4677632,1-Training-Losses/clipfrac,0.0010986328125,Pong1PQFM_XObs_entangled_trainable_rzz_QLayers_5___seed_1_1761468207
4681728,1-Training-Losses/clipfrac,0.0,Pong1PQFM_XObs_entangled_trainable_rzz_QLayers_5___seed_1_1761468207
4685824,1-Training-Losses/clipfrac,0.0,Pong1PQFM_XObs_entangled_trainable_rzz_QLayers_5___seed_1_1761468207
4689920,1-Training-Losses/clipfrac,0.0,Pong1PQFM_XObs_entangled_trainable_rzz_QLayers_5___seed_1_1761468207
4694016,1-Training-Losses/clipfrac,0.0,Pong1PQFM_XObs_entangled_trainable_rzz_QLayers_5___seed_1_1761468207
4698112,1-Training-Losses/clipfrac,0.000244140625,Pong1PQFM_XObs_entangled_trainable_rzz_QLayers_5___seed_1_1761468207
4702208,1-Training-Losses/clipfrac,0.0,Pong1PQFM_XObs_entangled_trainable_rzz_QLayers_5___seed_1_1761468207
4706304,1-Training-Losses/clipfrac,0.0,Pong1PQFM_XObs_entangled_trainable_rzz_QLayers_5___seed_1_1761468207
4710400,1-Training-Losses/clipfrac,0.0,Pong1PQFM_XObs_entangled_trainable_rzz_QLayers_5___seed_1_1761468207
4714496,1-Training-Losses/clipfrac,0.0,Pong1PQFM_XObs_entangled_trainable_rzz_QLayers_5___seed_1_1761468207
4718592,1-Training-Losses/clipfrac,0.0,Pong1PQFM_XObs_entangled_trainable_rzz_QLayers_5___seed_1_1761468207
4722688,1-Training-Losses/clipfrac,6.103515625e-05,Pong1PQFM_XObs_entangled_trainable_rzz_QLayers_5___seed_1_1761468207
4726784,1-Training-Losses/clipfrac,0.0,Pong1PQFM_XObs_entangled_trainable_rzz_QLayers_5___seed_1_1761468207
4730880,1-Training-Losses/clipfrac,0.0,Pong1PQFM_XObs_entangled_trainable_rzz_QLayers_5___seed_1_1761468207
4734976,1-Training-Losses/clipfrac,0.0,Pong1PQFM_XObs_entangled_trainable_rzz_QLayers_5___seed_1_1761468207
4739072,1-Training-Losses/clipfrac,0.0,Pong1PQFM_XObs_entangled_trainable_rzz_QLayers_5___seed_1_1761468207
4743168,1-Training-Losses/clipfrac,0.0,Pong1PQFM_XObs_entangled_trainable_rzz_QLayers_5___seed_1_1761468207
4747264,1-Training-Losses/clipfrac,0.0,Pong1PQFM_XObs_entangled_trainable_rzz_QLayers_5___seed_1_1761468207
4751360,1-Training-Losses/clipfrac,0.00048828125,Pong1PQFM_XObs_entangled_trainable_rzz_QLayers_5___seed_1_1761468207
4755456,1-Training-Losses/clipfrac,0.0,Pong1PQFM_XObs_entangled_trainable_rzz_QLayers_5___seed_1_1761468207
4759552,1-Training-Losses/clipfrac,0.0,Pong1PQFM_XObs_entangled_trainable_rzz_QLayers_5___seed_1_1761468207
4763648,1-Training-Losses/clipfrac,0.0,Pong1PQFM_XObs_entangled_trainable_rzz_QLayers_5___seed_1_1761468207
4767744,1-Training-Losses/clipfrac,0.0,Pong1PQFM_XObs_entangled_trainable_rzz_QLayers_5___seed_1_1761468207
4771840,1-Training-Losses/clipfrac,6.103515625e-05,Pong1PQFM_XObs_entangled_trainable_rzz_QLayers_5___seed_1_1761468207
4775936,1-Training-Losses/clipfrac,0.0,Pong1PQFM_XObs_entangled_trainable_rzz_QLayers_5___seed_1_1761468207
4780032,1-Training-Losses/clipfrac,0.0,Pong1PQFM_XObs_entangled_trainable_rzz_QLayers_5___seed_1_1761468207
4784128,1-Training-Losses/clipfrac,0.0,Pong1PQFM_XObs_entangled_trainable_rzz_QLayers_5___seed_1_1761468207
4788224,1-Training-Losses/clipfrac,0.0,Pong1PQFM_XObs_entangled_trainable_rzz_QLayers_5___seed_1_1761468207
4792320,1-Training-Losses/clipfrac,0.0,Pong1PQFM_XObs_entangled_trainable_rzz_QLayers_5___seed_1_1761468207
4796416,1-Training-Losses/clipfrac,0.0,Pong1PQFM_XObs_entangled_trainable_rzz_QLayers_5___seed_1_1761468207
4800512,1-Training-Losses/clipfrac,0.0,Pong1PQFM_XObs_entangled_trainable_rzz_QLayers_5___seed_1_1761468207
4804608,1-Training-Losses/clipfrac,0.0,Pong1PQFM_XObs_entangled_trainable_rzz_QLayers_5___seed_1_1761468207
4808704,1-Training-Losses/clipfrac,0.0,Pong1PQFM_XObs_entangled_trainable_rzz_QLayers_5___seed_1_1761468207
4812800,1-Training-Losses/clipfrac,0.0,Pong1PQFM_XObs_entangled_trainable_rzz_QLayers_5___seed_1_1761468207
4816896,1-Training-Losses/clipfrac,0.0,Pong1PQFM_XObs_entangled_trainable_rzz_QLayers_5___seed_1_1761468207
4820992,1-Training-Losses/clipfrac,0.0,Pong1PQFM_XObs_entangled_trainable_rzz_QLayers_5___seed_1_1761468207
4825088,1-Training-Losses/clipfrac,0.0,Pong1PQFM_XObs_entangled_trainable_rzz_QLayers_5___seed_1_1761468207
4829184,1-Training-Losses/clipfrac,0.0,Pong1PQFM_XObs_entangled_trainable_rzz_QLayers_5___seed_1_1761468207
4833280,1-Training-Losses/clipfrac,0.0,Pong1PQFM_XObs_entangled_trainable_rzz_QLayers_5___seed_1_1761468207
4837376,1-Training-Losses/clipfrac,6.103515625e-05,Pong1PQFM_XObs_entangled_trainable_rzz_QLayers_5___seed_1_1761468207
4841472,1-Training-Losses/clipfrac,0.00018310546875,Pong1PQFM_XObs_entangled_trainable_rzz_QLayers_5___seed_1_1761468207
4845568,1-Training-Losses/clipfrac,0.0,Pong1PQFM_XObs_entangled_trainable_rzz_QLayers_5___seed_1_1761468207
4849664,1-Training-Losses/clipfrac,0.0,Pong1PQFM_XObs_entangled_trainable_rzz_QLayers_5___seed_1_1761468207
4853760,1-Training-Losses/clipfrac,0.0,Pong1PQFM_XObs_entangled_trainable_rzz_QLayers_5___seed_1_1761468207
4857856,1-Training-Losses/clipfrac,0.00018310546875,Pong1PQFM_XObs_entangled_trainable_rzz_QLayers_5___seed_1_1761468207
4861952,1-Training-Losses/clipfrac,0.00018310546875,Pong1PQFM_XObs_entangled_trainable_rzz_QLayers_5___seed_1_1761468207
4866048,1-Training-Losses/clipfrac,0.0,Pong1PQFM_XObs_entangled_trainable_rzz_QLayers_5___seed_1_1761468207
4870144,1-Training-Losses/clipfrac,0.0,Pong1PQFM_XObs_entangled_trainable_rzz_QLayers_5___seed_1_1761468207
4874240,1-Training-Losses/clipfrac,0.0,Pong1PQFM_XObs_entangled_trainable_rzz_QLayers_5___seed_1_1761468207
4878336,1-Training-Losses/clipfrac,0.0,Pong1PQFM_XObs_entangled_trainable_rzz_QLayers_5___seed_1_1761468207
4882432,1-Training-Losses/clipfrac,0.0,Pong1PQFM_XObs_entangled_trainable_rzz_QLayers_5___seed_1_1761468207
4886528,1-Training-Losses/clipfrac,0.0,Pong1PQFM_XObs_entangled_trainable_rzz_QLayers_5___seed_1_1761468207
4890624,1-Training-Losses/clipfrac,0.0,Pong1PQFM_XObs_entangled_trainable_rzz_QLayers_5___seed_1_1761468207
4894720,1-Training-Losses/clipfrac,0.00042724609375,Pong1PQFM_XObs_entangled_trainable_rzz_QLayers_5___seed_1_1761468207
4898816,1-Training-Losses/clipfrac,0.000732421875,Pong1PQFM_XObs_entangled_trainable_rzz_QLayers_5___seed_1_1761468207
4902912,1-Training-Losses/clipfrac,0.0,Pong1PQFM_XObs_entangled_trainable_rzz_QLayers_5___seed_1_1761468207
4907008,1-Training-Losses/clipfrac,0.0,Pong1PQFM_XObs_entangled_trainable_rzz_QLayers_5___seed_1_1761468207
4911104,1-Training-Losses/clipfrac,0.0,Pong1PQFM_XObs_entangled_trainable_rzz_QLayers_5___seed_1_1761468207
4915200,1-Training-Losses/clipfrac,0.0,Pong1PQFM_XObs_entangled_trainable_rzz_QLayers_5___seed_1_1761468207
4919296,1-Training-Losses/clipfrac,0.00042724609375,Pong1PQFM_XObs_entangled_trainable_rzz_QLayers_5___seed_1_1761468207
4923392,1-Training-Losses/clipfrac,0.0,Pong1PQFM_XObs_entangled_trainable_rzz_QLayers_5___seed_1_1761468207
4927488,1-Training-Losses/clipfrac,0.0,Pong1PQFM_XObs_entangled_trainable_rzz_QLayers_5___seed_1_1761468207
4931584,1-Training-Losses/clipfrac,0.0,Pong1PQFM_XObs_entangled_trainable_rzz_QLayers_5___seed_1_1761468207
4935680,1-Training-Losses/clipfrac,0.00030517578125,Pong1PQFM_XObs_entangled_trainable_rzz_QLayers_5___seed_1_1761468207
4939776,1-Training-Losses/clipfrac,0.0,Pong1PQFM_XObs_entangled_trainable_rzz_QLayers_5___seed_1_1761468207
4943872,1-Training-Losses/clipfrac,0.004638671875,Pong1PQFM_XObs_entangled_trainable_rzz_QLayers_5___seed_1_1761468207
4947968,1-Training-Losses/clipfrac,0.0,Pong1PQFM_XObs_entangled_trainable_rzz_QLayers_5___seed_1_1761468207
4952064,1-Training-Losses/clipfrac,0.0,Pong1PQFM_XObs_entangled_trainable_rzz_QLayers_5___seed_1_1761468207
4956160,1-Training-Losses/clipfrac,0.0,Pong1PQFM_XObs_entangled_trainable_rzz_QLayers_5___seed_1_1761468207
4960256,1-Training-Losses/clipfrac,0.0006103515625,Pong1PQFM_XObs_entangled_trainable_rzz_QLayers_5___seed_1_1761468207
4964352,1-Training-Losses/clipfrac,0.0,Pong1PQFM_XObs_entangled_trainable_rzz_QLayers_5___seed_1_1761468207
4968448,1-Training-Losses/clipfrac,0.0,Pong1PQFM_XObs_entangled_trainable_rzz_QLayers_5___seed_1_1761468207
4972544,1-Training-Losses/clipfrac,0.00030517578125,Pong1PQFM_XObs_entangled_trainable_rzz_QLayers_5___seed_1_1761468207
4976640,1-Training-Losses/clipfrac,0.0037841796875,Pong1PQFM_XObs_entangled_trainable_rzz_QLayers_5___seed_1_1761468207
4980736,1-Training-Losses/clipfrac,0.0028076171875,Pong1PQFM_XObs_entangled_trainable_rzz_QLayers_5___seed_1_1761468207
4984832,1-Training-Losses/clipfrac,0.000244140625,Pong1PQFM_XObs_entangled_trainable_rzz_QLayers_5___seed_1_1761468207
4988928,1-Training-Losses/clipfrac,0.0,Pong1PQFM_XObs_entangled_trainable_rzz_QLayers_5___seed_1_1761468207
4993024,1-Training-Losses/clipfrac,0.0,Pong1PQFM_XObs_entangled_trainable_rzz_QLayers_5___seed_1_1761468207
4997120,1-Training-Losses/clipfrac,0.0,Pong1PQFM_XObs_entangled_trainable_rzz_QLayers_5___seed_1_1761468207
5001216,1-Training-Losses/clipfrac,0.0,Pong1PQFM_XObs_entangled_trainable_rzz_QLayers_5___seed_1_1761468207
5005312,1-Training-Losses/clipfrac,0.0,Pong1PQFM_XObs_entangled_trainable_rzz_QLayers_5___seed_1_1761468207
5009408,1-Training-Losses/clipfrac,0.0,Pong1PQFM_XObs_entangled_trainable_rzz_QLayers_5___seed_1_1761468207
5013504,1-Training-Losses/clipfrac,0.0,Pong1PQFM_XObs_entangled_trainable_rzz_QLayers_5___seed_1_1761468207
5017600,1-Training-Losses/clipfrac,6.103515625e-05,Pong1PQFM_XObs_entangled_trainable_rzz_QLayers_5___seed_1_1761468207
5021696,1-Training-Losses/clipfrac,0.0,Pong1PQFM_XObs_entangled_trainable_rzz_QLayers_5___seed_1_1761468207
5025792,1-Training-Losses/clipfrac,0.0,Pong1PQFM_XObs_entangled_trainable_rzz_QLayers_5___seed_1_1761468207
5029888,1-Training-Losses/clipfrac,0.0,Pong1PQFM_XObs_entangled_trainable_rzz_QLayers_5___seed_1_1761468207
5033984,1-Training-Losses/clipfrac,0.0,Pong1PQFM_XObs_entangled_trainable_rzz_QLayers_5___seed_1_1761468207
5038080,1-Training-Losses/clipfrac,0.0,Pong1PQFM_XObs_entangled_trainable_rzz_QLayers_5___seed_1_1761468207
5042176,1-Training-Losses/clipfrac,0.0,Pong1PQFM_XObs_entangled_trainable_rzz_QLayers_5___seed_1_1761468207
5046272,1-Training-Losses/clipfrac,0.0,Pong1PQFM_XObs_entangled_trainable_rzz_QLayers_5___seed_1_1761468207
5050368,1-Training-Losses/clipfrac,0.0,Pong1PQFM_XObs_entangled_trainable_rzz_QLayers_5___seed_1_1761468207
5054464,1-Training-Losses/clipfrac,0.0,Pong1PQFM_XObs_entangled_trainable_rzz_QLayers_5___seed_1_1761468207
5058560,1-Training-Losses/clipfrac,0.0,Pong1PQFM_XObs_entangled_trainable_rzz_QLayers_5___seed_1_1761468207
5062656,1-Training-Losses/clipfrac,0.0,Pong1PQFM_XObs_entangled_trainable_rzz_QLayers_5___seed_1_1761468207
5066752,1-Training-Losses/clipfrac,0.0,Pong1PQFM_XObs_entangled_trainable_rzz_QLayers_5___seed_1_1761468207
5070848,1-Training-Losses/clipfrac,0.0,Pong1PQFM_XObs_entangled_trainable_rzz_QLayers_5___seed_1_1761468207
5074944,1-Training-Losses/clipfrac,0.00018310546875,Pong1PQFM_XObs_entangled_trainable_rzz_QLayers_5___seed_1_1761468207
5079040,1-Training-Losses/clipfrac,0.00103759765625,Pong1PQFM_XObs_entangled_trainable_rzz_QLayers_5___seed_1_1761468207
5083136,1-Training-Losses/clipfrac,0.00018310546875,Pong1PQFM_XObs_entangled_trainable_rzz_QLayers_5___seed_1_1761468207
5087232,1-Training-Losses/clipfrac,0.0,Pong1PQFM_XObs_entangled_trainable_rzz_QLayers_5___seed_1_1761468207
5091328,1-Training-Losses/clipfrac,0.0,Pong1PQFM_XObs_entangled_trainable_rzz_QLayers_5___seed_1_1761468207
5095424,1-Training-Losses/clipfrac,0.0,Pong1PQFM_XObs_entangled_trainable_rzz_QLayers_5___seed_1_1761468207
5099520,1-Training-Losses/clipfrac,0.0,Pong1PQFM_XObs_entangled_trainable_rzz_QLayers_5___seed_1_1761468207
5103616,1-Training-Losses/clipfrac,0.00054931640625,Pong1PQFM_XObs_entangled_trainable_rzz_QLayers_5___seed_1_1761468207
5107712,1-Training-Losses/clipfrac,0.0,Pong1PQFM_XObs_entangled_trainable_rzz_QLayers_5___seed_1_1761468207
5111808,1-Training-Losses/clipfrac,6.103515625e-05,Pong1PQFM_XObs_entangled_trainable_rzz_QLayers_5___seed_1_1761468207
5115904,1-Training-Losses/clipfrac,0.0,Pong1PQFM_XObs_entangled_trainable_rzz_QLayers_5___seed_1_1761468207
5120000,1-Training-Losses/clipfrac,0.0,Pong1PQFM_XObs_entangled_trainable_rzz_QLayers_5___seed_1_1761468207
5124096,1-Training-Losses/clipfrac,0.0,Pong1PQFM_XObs_entangled_trainable_rzz_QLayers_5___seed_1_1761468207
5128192,1-Training-Losses/clipfrac,0.001220703125,Pong1PQFM_XObs_entangled_trainable_rzz_QLayers_5___seed_1_1761468207
5132288,1-Training-Losses/clipfrac,0.0,Pong1PQFM_XObs_entangled_trainable_rzz_QLayers_5___seed_1_1761468207
5136384,1-Training-Losses/clipfrac,0.0,Pong1PQFM_XObs_entangled_trainable_rzz_QLayers_5___seed_1_1761468207
5140480,1-Training-Losses/clipfrac,0.0,Pong1PQFM_XObs_entangled_trainable_rzz_QLayers_5___seed_1_1761468207
5144576,1-Training-Losses/clipfrac,0.0,Pong1PQFM_XObs_entangled_trainable_rzz_QLayers_5___seed_1_1761468207
5148672,1-Training-Losses/clipfrac,0.0,Pong1PQFM_XObs_entangled_trainable_rzz_QLayers_5___seed_1_1761468207
5152768,1-Training-Losses/clipfrac,0.0,Pong1PQFM_XObs_entangled_trainable_rzz_QLayers_5___seed_1_1761468207
5156864,1-Training-Losses/clipfrac,0.0,Pong1PQFM_XObs_entangled_trainable_rzz_QLayers_5___seed_1_1761468207
5160960,1-Training-Losses/clipfrac,0.0,Pong1PQFM_XObs_entangled_trainable_rzz_QLayers_5___seed_1_1761468207
5165056,1-Training-Losses/clipfrac,0.0,Pong1PQFM_XObs_entangled_trainable_rzz_QLayers_5___seed_1_1761468207
5169152,1-Training-Losses/clipfrac,0.0,Pong1PQFM_XObs_entangled_trainable_rzz_QLayers_5___seed_1_1761468207
5173248,1-Training-Losses/clipfrac,0.0,Pong1PQFM_XObs_entangled_trainable_rzz_QLayers_5___seed_1_1761468207
5177344,1-Training-Losses/clipfrac,0.0,Pong1PQFM_XObs_entangled_trainable_rzz_QLayers_5___seed_1_1761468207
5181440,1-Training-Losses/clipfrac,0.00018310546875,Pong1PQFM_XObs_entangled_trainable_rzz_QLayers_5___seed_1_1761468207
5185536,1-Training-Losses/clipfrac,0.0,Pong1PQFM_XObs_entangled_trainable_rzz_QLayers_5___seed_1_1761468207
5189632,1-Training-Losses/clipfrac,0.0,Pong1PQFM_XObs_entangled_trainable_rzz_QLayers_5___seed_1_1761468207
5193728,1-Training-Losses/clipfrac,0.0,Pong1PQFM_XObs_entangled_trainable_rzz_QLayers_5___seed_1_1761468207
5197824,1-Training-Losses/clipfrac,0.0,Pong1PQFM_XObs_entangled_trainable_rzz_QLayers_5___seed_1_1761468207
5201920,1-Training-Losses/clipfrac,0.0003662109375,Pong1PQFM_XObs_entangled_trainable_rzz_QLayers_5___seed_1_1761468207
5206016,1-Training-Losses/clipfrac,0.003662109375,Pong1PQFM_XObs_entangled_trainable_rzz_QLayers_5___seed_1_1761468207
5210112,1-Training-Losses/clipfrac,0.00103759765625,Pong1PQFM_XObs_entangled_trainable_rzz_QLayers_5___seed_1_1761468207
5214208,1-Training-Losses/clipfrac,0.0003662109375,Pong1PQFM_XObs_entangled_trainable_rzz_QLayers_5___seed_1_1761468207
5218304,1-Training-Losses/clipfrac,0.0010986328125,Pong1PQFM_XObs_entangled_trainable_rzz_QLayers_5___seed_1_1761468207
5222400,1-Training-Losses/clipfrac,0.0003662109375,Pong1PQFM_XObs_entangled_trainable_rzz_QLayers_5___seed_1_1761468207
5226496,1-Training-Losses/clipfrac,0.0,Pong1PQFM_XObs_entangled_trainable_rzz_QLayers_5___seed_1_1761468207
5230592,1-Training-Losses/clipfrac,0.0,Pong1PQFM_XObs_entangled_trainable_rzz_QLayers_5___seed_1_1761468207
5234688,1-Training-Losses/clipfrac,0.000244140625,Pong1PQFM_XObs_entangled_trainable_rzz_QLayers_5___seed_1_1761468207
5238784,1-Training-Losses/clipfrac,0.0001220703125,Pong1PQFM_XObs_entangled_trainable_rzz_QLayers_5___seed_1_1761468207
5242880,1-Training-Losses/clipfrac,0.00030517578125,Pong1PQFM_XObs_entangled_trainable_rzz_QLayers_5___seed_1_1761468207
5246976,1-Training-Losses/clipfrac,0.0,Pong1PQFM_XObs_entangled_trainable_rzz_QLayers_5___seed_1_1761468207
5251072,1-Training-Losses/clipfrac,0.0,Pong1PQFM_XObs_entangled_trainable_rzz_QLayers_5___seed_1_1761468207
5255168,1-Training-Losses/clipfrac,0.0001220703125,Pong1PQFM_XObs_entangled_trainable_rzz_QLayers_5___seed_1_1761468207
5259264,1-Training-Losses/clipfrac,0.00030517578125,Pong1PQFM_XObs_entangled_trainable_rzz_QLayers_5___seed_1_1761468207
5263360,1-Training-Losses/clipfrac,0.0,Pong1PQFM_XObs_entangled_trainable_rzz_QLayers_5___seed_1_1761468207
5267456,1-Training-Losses/clipfrac,0.0,Pong1PQFM_XObs_entangled_trainable_rzz_QLayers_5___seed_1_1761468207
5271552,1-Training-Losses/clipfrac,0.0,Pong1PQFM_XObs_entangled_trainable_rzz_QLayers_5___seed_1_1761468207
5275648,1-Training-Losses/clipfrac,0.0,Pong1PQFM_XObs_entangled_trainable_rzz_QLayers_5___seed_1_1761468207
5279744,1-Training-Losses/clipfrac,0.0,Pong1PQFM_XObs_entangled_trainable_rzz_QLayers_5___seed_1_1761468207
5283840,1-Training-Losses/clipfrac,6.103515625e-05,Pong1PQFM_XObs_entangled_trainable_rzz_QLayers_5___seed_1_1761468207
5287936,1-Training-Losses/clipfrac,0.00042724609375,Pong1PQFM_XObs_entangled_trainable_rzz_QLayers_5___seed_1_1761468207
5292032,1-Training-Losses/clipfrac,0.0,Pong1PQFM_XObs_entangled_trainable_rzz_QLayers_5___seed_1_1761468207
5296128,1-Training-Losses/clipfrac,0.0,Pong1PQFM_XObs_entangled_trainable_rzz_QLayers_5___seed_1_1761468207
5300224,1-Training-Losses/clipfrac,0.0,Pong1PQFM_XObs_entangled_trainable_rzz_QLayers_5___seed_1_1761468207
5304320,1-Training-Losses/clipfrac,0.0,Pong1PQFM_XObs_entangled_trainable_rzz_QLayers_5___seed_1_1761468207
5308416,1-Training-Losses/clipfrac,0.0,Pong1PQFM_XObs_entangled_trainable_rzz_QLayers_5___seed_1_1761468207
5312512,1-Training-Losses/clipfrac,0.0,Pong1PQFM_XObs_entangled_trainable_rzz_QLayers_5___seed_1_1761468207
5316608,1-Training-Losses/clipfrac,0.0,Pong1PQFM_XObs_entangled_trainable_rzz_QLayers_5___seed_1_1761468207
5320704,1-Training-Losses/clipfrac,0.0,Pong1PQFM_XObs_entangled_trainable_rzz_QLayers_5___seed_1_1761468207
5324800,1-Training-Losses/clipfrac,0.0,Pong1PQFM_XObs_entangled_trainable_rzz_QLayers_5___seed_1_1761468207
5328896,1-Training-Losses/clipfrac,0.0,Pong1PQFM_XObs_entangled_trainable_rzz_QLayers_5___seed_1_1761468207
5332992,1-Training-Losses/clipfrac,0.0,Pong1PQFM_XObs_entangled_trainable_rzz_QLayers_5___seed_1_1761468207
5337088,1-Training-Losses/clipfrac,0.0,Pong1PQFM_XObs_entangled_trainable_rzz_QLayers_5___seed_1_1761468207
5341184,1-Training-Losses/clipfrac,0.0,Pong1PQFM_XObs_entangled_trainable_rzz_QLayers_5___seed_1_1761468207
5345280,1-Training-Losses/clipfrac,0.00018310546875,Pong1PQFM_XObs_entangled_trainable_rzz_QLayers_5___seed_1_1761468207
5349376,1-Training-Losses/clipfrac,0.00286865234375,Pong1PQFM_XObs_entangled_trainable_rzz_QLayers_5___seed_1_1761468207
5353472,1-Training-Losses/clipfrac,0.0,Pong1PQFM_XObs_entangled_trainable_rzz_QLayers_5___seed_1_1761468207
5357568,1-Training-Losses/clipfrac,0.0,Pong1PQFM_XObs_entangled_trainable_rzz_QLayers_5___seed_1_1761468207
5361664,1-Training-Losses/clipfrac,0.0,Pong1PQFM_XObs_entangled_trainable_rzz_QLayers_5___seed_1_1761468207
5365760,1-Training-Losses/clipfrac,0.000244140625,Pong1PQFM_XObs_entangled_trainable_rzz_QLayers_5___seed_1_1761468207
5369856,1-Training-Losses/clipfrac,0.0,Pong1PQFM_XObs_entangled_trainable_rzz_QLayers_5___seed_1_1761468207
5373952,1-Training-Losses/clipfrac,0.0,Pong1PQFM_XObs_entangled_trainable_rzz_QLayers_5___seed_1_1761468207
5378048,1-Training-Losses/clipfrac,0.0,Pong1PQFM_XObs_entangled_trainable_rzz_QLayers_5___seed_1_1761468207
5382144,1-Training-Losses/clipfrac,0.0,Pong1PQFM_XObs_entangled_trainable_rzz_QLayers_5___seed_1_1761468207
5386240,1-Training-Losses/clipfrac,0.0,Pong1PQFM_XObs_entangled_trainable_rzz_QLayers_5___seed_1_1761468207
5390336,1-Training-Losses/clipfrac,0.0,Pong1PQFM_XObs_entangled_trainable_rzz_QLayers_5___seed_1_1761468207
5394432,1-Training-Losses/clipfrac,0.0003662109375,Pong1PQFM_XObs_entangled_trainable_rzz_QLayers_5___seed_1_1761468207
5398528,1-Training-Losses/clipfrac,0.000244140625,Pong1PQFM_XObs_entangled_trainable_rzz_QLayers_5___seed_1_1761468207
5402624,1-Training-Losses/clipfrac,0.0,Pong1PQFM_XObs_entangled_trainable_rzz_QLayers_5___seed_1_1761468207
5406720,1-Training-Losses/clipfrac,0.0,Pong1PQFM_XObs_entangled_trainable_rzz_QLayers_5___seed_1_1761468207
5410816,1-Training-Losses/clipfrac,0.0,Pong1PQFM_XObs_entangled_trainable_rzz_QLayers_5___seed_1_1761468207
5414912,1-Training-Losses/clipfrac,0.0,Pong1PQFM_XObs_entangled_trainable_rzz_QLayers_5___seed_1_1761468207
5419008,1-Training-Losses/clipfrac,0.0,Pong1PQFM_XObs_entangled_trainable_rzz_QLayers_5___seed_1_1761468207
5423104,1-Training-Losses/clipfrac,0.0,Pong1PQFM_XObs_entangled_trainable_rzz_QLayers_5___seed_1_1761468207
5427200,1-Training-Losses/clipfrac,0.0,Pong1PQFM_XObs_entangled_trainable_rzz_QLayers_5___seed_1_1761468207
5431296,1-Training-Losses/clipfrac,0.0,Pong1PQFM_XObs_entangled_trainable_rzz_QLayers_5___seed_1_1761468207
5435392,1-Training-Losses/clipfrac,0.0,Pong1PQFM_XObs_entangled_trainable_rzz_QLayers_5___seed_1_1761468207
5439488,1-Training-Losses/clipfrac,0.0,Pong1PQFM_XObs_entangled_trainable_rzz_QLayers_5___seed_1_1761468207
5443584,1-Training-Losses/clipfrac,0.0,Pong1PQFM_XObs_entangled_trainable_rzz_QLayers_5___seed_1_1761468207
5447680,1-Training-Losses/clipfrac,0.0,Pong1PQFM_XObs_entangled_trainable_rzz_QLayers_5___seed_1_1761468207
5451776,1-Training-Losses/clipfrac,0.0,Pong1PQFM_XObs_entangled_trainable_rzz_QLayers_5___seed_1_1761468207
5455872,1-Training-Losses/clipfrac,0.0,Pong1PQFM_XObs_entangled_trainable_rzz_QLayers_5___seed_1_1761468207
5459968,1-Training-Losses/clipfrac,0.000244140625,Pong1PQFM_XObs_entangled_trainable_rzz_QLayers_5___seed_1_1761468207
5464064,1-Training-Losses/clipfrac,0.0,Pong1PQFM_XObs_entangled_trainable_rzz_QLayers_5___seed_1_1761468207
5468160,1-Training-Losses/clipfrac,0.0,Pong1PQFM_XObs_entangled_trainable_rzz_QLayers_5___seed_1_1761468207
5472256,1-Training-Losses/clipfrac,0.0,Pong1PQFM_XObs_entangled_trainable_rzz_QLayers_5___seed_1_1761468207
5476352,1-Training-Losses/clipfrac,0.0,Pong1PQFM_XObs_entangled_trainable_rzz_QLayers_5___seed_1_1761468207
5480448,1-Training-Losses/clipfrac,0.0,Pong1PQFM_XObs_entangled_trainable_rzz_QLayers_5___seed_1_1761468207
5484544,1-Training-Losses/clipfrac,0.0,Pong1PQFM_XObs_entangled_trainable_rzz_QLayers_5___seed_1_1761468207
5488640,1-Training-Losses/clipfrac,0.0,Pong1PQFM_XObs_entangled_trainable_rzz_QLayers_5___seed_1_1761468207
5492736,1-Training-Losses/clipfrac,0.0,Pong1PQFM_XObs_entangled_trainable_rzz_QLayers_5___seed_1_1761468207
5496832,1-Training-Losses/clipfrac,0.0,Pong1PQFM_XObs_entangled_trainable_rzz_QLayers_5___seed_1_1761468207
5500928,1-Training-Losses/clipfrac,0.0,Pong1PQFM_XObs_entangled_trainable_rzz_QLayers_5___seed_1_1761468207
5505024,1-Training-Losses/clipfrac,0.0,Pong1PQFM_XObs_entangled_trainable_rzz_QLayers_5___seed_1_1761468207
5509120,1-Training-Losses/clipfrac,0.0,Pong1PQFM_XObs_entangled_trainable_rzz_QLayers_5___seed_1_1761468207
5513216,1-Training-Losses/clipfrac,0.0,Pong1PQFM_XObs_entangled_trainable_rzz_QLayers_5___seed_1_1761468207
5517312,1-Training-Losses/clipfrac,0.0,Pong1PQFM_XObs_entangled_trainable_rzz_QLayers_5___seed_1_1761468207
5521408,1-Training-Losses/clipfrac,0.0,Pong1PQFM_XObs_entangled_trainable_rzz_QLayers_5___seed_1_1761468207
5525504,1-Training-Losses/clipfrac,0.0,Pong1PQFM_XObs_entangled_trainable_rzz_QLayers_5___seed_1_1761468207
5529600,1-Training-Losses/clipfrac,0.0,Pong1PQFM_XObs_entangled_trainable_rzz_QLayers_5___seed_1_1761468207
5533696,1-Training-Losses/clipfrac,0.00018310546875,Pong1PQFM_XObs_entangled_trainable_rzz_QLayers_5___seed_1_1761468207
5537792,1-Training-Losses/clipfrac,0.000244140625,Pong1PQFM_XObs_entangled_trainable_rzz_QLayers_5___seed_1_1761468207
5541888,1-Training-Losses/clipfrac,6.103515625e-05,Pong1PQFM_XObs_entangled_trainable_rzz_QLayers_5___seed_1_1761468207
5545984,1-Training-Losses/clipfrac,6.103515625e-05,Pong1PQFM_XObs_entangled_trainable_rzz_QLayers_5___seed_1_1761468207
5550080,1-Training-Losses/clipfrac,0.0,Pong1PQFM_XObs_entangled_trainable_rzz_QLayers_5___seed_1_1761468207
5554176,1-Training-Losses/clipfrac,0.0,Pong1PQFM_XObs_entangled_trainable_rzz_QLayers_5___seed_1_1761468207
5558272,1-Training-Losses/clipfrac,0.0,Pong1PQFM_XObs_entangled_trainable_rzz_QLayers_5___seed_1_1761468207
5562368,1-Training-Losses/clipfrac,6.103515625e-05,Pong1PQFM_XObs_entangled_trainable_rzz_QLayers_5___seed_1_1761468207
5566464,1-Training-Losses/clipfrac,0.0,Pong1PQFM_XObs_entangled_trainable_rzz_QLayers_5___seed_1_1761468207
5570560,1-Training-Losses/clipfrac,0.0,Pong1PQFM_XObs_entangled_trainable_rzz_QLayers_5___seed_1_1761468207
5574656,1-Training-Losses/clipfrac,0.0,Pong1PQFM_XObs_entangled_trainable_rzz_QLayers_5___seed_1_1761468207
5578752,1-Training-Losses/clipfrac,0.0,Pong1PQFM_XObs_entangled_trainable_rzz_QLayers_5___seed_1_1761468207
5582848,1-Training-Losses/clipfrac,0.0,Pong1PQFM_XObs_entangled_trainable_rzz_QLayers_5___seed_1_1761468207
5586944,1-Training-Losses/clipfrac,0.0,Pong1PQFM_XObs_entangled_trainable_rzz_QLayers_5___seed_1_1761468207
5591040,1-Training-Losses/clipfrac,0.0,Pong1PQFM_XObs_entangled_trainable_rzz_QLayers_5___seed_1_1761468207
5595136,1-Training-Losses/clipfrac,0.0,Pong1PQFM_XObs_entangled_trainable_rzz_QLayers_5___seed_1_1761468207
5599232,1-Training-Losses/clipfrac,0.0,Pong1PQFM_XObs_entangled_trainable_rzz_QLayers_5___seed_1_1761468207
5603328,1-Training-Losses/clipfrac,0.0,Pong1PQFM_XObs_entangled_trainable_rzz_QLayers_5___seed_1_1761468207
5607424,1-Training-Losses/clipfrac,0.0,Pong1PQFM_XObs_entangled_trainable_rzz_QLayers_5___seed_1_1761468207
5611520,1-Training-Losses/clipfrac,0.0,Pong1PQFM_XObs_entangled_trainable_rzz_QLayers_5___seed_1_1761468207
5615616,1-Training-Losses/clipfrac,0.0,Pong1PQFM_XObs_entangled_trainable_rzz_QLayers_5___seed_1_1761468207
5619712,1-Training-Losses/clipfrac,0.0,Pong1PQFM_XObs_entangled_trainable_rzz_QLayers_5___seed_1_1761468207
5623808,1-Training-Losses/clipfrac,0.0,Pong1PQFM_XObs_entangled_trainable_rzz_QLayers_5___seed_1_1761468207
5627904,1-Training-Losses/clipfrac,0.0,Pong1PQFM_XObs_entangled_trainable_rzz_QLayers_5___seed_1_1761468207
5632000,1-Training-Losses/clipfrac,0.0,Pong1PQFM_XObs_entangled_trainable_rzz_QLayers_5___seed_1_1761468207
5636096,1-Training-Losses/clipfrac,0.0,Pong1PQFM_XObs_entangled_trainable_rzz_QLayers_5___seed_1_1761468207
5640192,1-Training-Losses/clipfrac,0.0,Pong1PQFM_XObs_entangled_trainable_rzz_QLayers_5___seed_1_1761468207
5644288,1-Training-Losses/clipfrac,0.0,Pong1PQFM_XObs_entangled_trainable_rzz_QLayers_5___seed_1_1761468207
5648384,1-Training-Losses/clipfrac,0.0,Pong1PQFM_XObs_entangled_trainable_rzz_QLayers_5___seed_1_1761468207
5652480,1-Training-Losses/clipfrac,0.0,Pong1PQFM_XObs_entangled_trainable_rzz_QLayers_5___seed_1_1761468207
5656576,1-Training-Losses/clipfrac,0.0,Pong1PQFM_XObs_entangled_trainable_rzz_QLayers_5___seed_1_1761468207
5660672,1-Training-Losses/clipfrac,0.0,Pong1PQFM_XObs_entangled_trainable_rzz_QLayers_5___seed_1_1761468207
5664768,1-Training-Losses/clipfrac,0.0,Pong1PQFM_XObs_entangled_trainable_rzz_QLayers_5___seed_1_1761468207
5668864,1-Training-Losses/clipfrac,0.0,Pong1PQFM_XObs_entangled_trainable_rzz_QLayers_5___seed_1_1761468207
5672960,1-Training-Losses/clipfrac,0.0,Pong1PQFM_XObs_entangled_trainable_rzz_QLayers_5___seed_1_1761468207
5677056,1-Training-Losses/clipfrac,0.0,Pong1PQFM_XObs_entangled_trainable_rzz_QLayers_5___seed_1_1761468207
5681152,1-Training-Losses/clipfrac,0.0,Pong1PQFM_XObs_entangled_trainable_rzz_QLayers_5___seed_1_1761468207
5685248,1-Training-Losses/clipfrac,0.0,Pong1PQFM_XObs_entangled_trainable_rzz_QLayers_5___seed_1_1761468207
5689344,1-Training-Losses/clipfrac,0.0,Pong1PQFM_XObs_entangled_trainable_rzz_QLayers_5___seed_1_1761468207
5693440,1-Training-Losses/clipfrac,0.0,Pong1PQFM_XObs_entangled_trainable_rzz_QLayers_5___seed_1_1761468207
5697536,1-Training-Losses/clipfrac,0.0,Pong1PQFM_XObs_entangled_trainable_rzz_QLayers_5___seed_1_1761468207
5701632,1-Training-Losses/clipfrac,0.0,Pong1PQFM_XObs_entangled_trainable_rzz_QLayers_5___seed_1_1761468207
5705728,1-Training-Losses/clipfrac,0.0,Pong1PQFM_XObs_entangled_trainable_rzz_QLayers_5___seed_1_1761468207
5709824,1-Training-Losses/clipfrac,0.0,Pong1PQFM_XObs_entangled_trainable_rzz_QLayers_5___seed_1_1761468207
5713920,1-Training-Losses/clipfrac,0.0,Pong1PQFM_XObs_entangled_trainable_rzz_QLayers_5___seed_1_1761468207
5718016,1-Training-Losses/clipfrac,0.0,Pong1PQFM_XObs_entangled_trainable_rzz_QLayers_5___seed_1_1761468207
5722112,1-Training-Losses/clipfrac,0.0,Pong1PQFM_XObs_entangled_trainable_rzz_QLayers_5___seed_1_1761468207
5726208,1-Training-Losses/clipfrac,0.0,Pong1PQFM_XObs_entangled_trainable_rzz_QLayers_5___seed_1_1761468207
5730304,1-Training-Losses/clipfrac,0.0,Pong1PQFM_XObs_entangled_trainable_rzz_QLayers_5___seed_1_1761468207
5734400,1-Training-Losses/clipfrac,0.0,Pong1PQFM_XObs_entangled_trainable_rzz_QLayers_5___seed_1_1761468207
5738496,1-Training-Losses/clipfrac,0.0,Pong1PQFM_XObs_entangled_trainable_rzz_QLayers_5___seed_1_1761468207
5742592,1-Training-Losses/clipfrac,0.0,Pong1PQFM_XObs_entangled_trainable_rzz_QLayers_5___seed_1_1761468207
5746688,1-Training-Losses/clipfrac,0.0,Pong1PQFM_XObs_entangled_trainable_rzz_QLayers_5___seed_1_1761468207
5750784,1-Training-Losses/clipfrac,0.0,Pong1PQFM_XObs_entangled_trainable_rzz_QLayers_5___seed_1_1761468207
5754880,1-Training-Losses/clipfrac,0.0,Pong1PQFM_XObs_entangled_trainable_rzz_QLayers_5___seed_1_1761468207
5758976,1-Training-Losses/clipfrac,0.0,Pong1PQFM_XObs_entangled_trainable_rzz_QLayers_5___seed_1_1761468207
5763072,1-Training-Losses/clipfrac,0.0,Pong1PQFM_XObs_entangled_trainable_rzz_QLayers_5___seed_1_1761468207
5767168,1-Training-Losses/clipfrac,0.0,Pong1PQFM_XObs_entangled_trainable_rzz_QLayers_5___seed_1_1761468207
5771264,1-Training-Losses/clipfrac,0.0,Pong1PQFM_XObs_entangled_trainable_rzz_QLayers_5___seed_1_1761468207
5775360,1-Training-Losses/clipfrac,0.0003662109375,Pong1PQFM_XObs_entangled_trainable_rzz_QLayers_5___seed_1_1761468207
5779456,1-Training-Losses/clipfrac,0.00164794921875,Pong1PQFM_XObs_entangled_trainable_rzz_QLayers_5___seed_1_1761468207
5783552,1-Training-Losses/clipfrac,0.0006103515625,Pong1PQFM_XObs_entangled_trainable_rzz_QLayers_5___seed_1_1761468207
5787648,1-Training-Losses/clipfrac,0.001953125,Pong1PQFM_XObs_entangled_trainable_rzz_QLayers_5___seed_1_1761468207
5791744,1-Training-Losses/clipfrac,0.00079345703125,Pong1PQFM_XObs_entangled_trainable_rzz_QLayers_5___seed_1_1761468207
5795840,1-Training-Losses/clipfrac,0.0,Pong1PQFM_XObs_entangled_trainable_rzz_QLayers_5___seed_1_1761468207
5799936,1-Training-Losses/clipfrac,0.0,Pong1PQFM_XObs_entangled_trainable_rzz_QLayers_5___seed_1_1761468207
5804032,1-Training-Losses/clipfrac,6.103515625e-05,Pong1PQFM_XObs_entangled_trainable_rzz_QLayers_5___seed_1_1761468207
5808128,1-Training-Losses/clipfrac,0.0,Pong1PQFM_XObs_entangled_trainable_rzz_QLayers_5___seed_1_1761468207
5812224,1-Training-Losses/clipfrac,0.0003662109375,Pong1PQFM_XObs_entangled_trainable_rzz_QLayers_5___seed_1_1761468207
5816320,1-Training-Losses/clipfrac,0.0008544921875,Pong1PQFM_XObs_entangled_trainable_rzz_QLayers_5___seed_1_1761468207
5820416,1-Training-Losses/clipfrac,0.00030517578125,Pong1PQFM_XObs_entangled_trainable_rzz_QLayers_5___seed_1_1761468207
5824512,1-Training-Losses/clipfrac,0.0008544921875,Pong1PQFM_XObs_entangled_trainable_rzz_QLayers_5___seed_1_1761468207
5828608,1-Training-Losses/clipfrac,0.002197265625,Pong1PQFM_XObs_entangled_trainable_rzz_QLayers_5___seed_1_1761468207
5832704,1-Training-Losses/clipfrac,0.0,Pong1PQFM_XObs_entangled_trainable_rzz_QLayers_5___seed_1_1761468207
5836800,1-Training-Losses/clipfrac,0.0,Pong1PQFM_XObs_entangled_trainable_rzz_QLayers_5___seed_1_1761468207
5840896,1-Training-Losses/clipfrac,0.0,Pong1PQFM_XObs_entangled_trainable_rzz_QLayers_5___seed_1_1761468207
5844992,1-Training-Losses/clipfrac,0.0,Pong1PQFM_XObs_entangled_trainable_rzz_QLayers_5___seed_1_1761468207
5849088,1-Training-Losses/clipfrac,0.0,Pong1PQFM_XObs_entangled_trainable_rzz_QLayers_5___seed_1_1761468207
5853184,1-Training-Losses/clipfrac,0.0,Pong1PQFM_XObs_entangled_trainable_rzz_QLayers_5___seed_1_1761468207
5857280,1-Training-Losses/clipfrac,0.0,Pong1PQFM_XObs_entangled_trainable_rzz_QLayers_5___seed_1_1761468207
5861376,1-Training-Losses/clipfrac,0.0,Pong1PQFM_XObs_entangled_trainable_rzz_QLayers_5___seed_1_1761468207
5865472,1-Training-Losses/clipfrac,0.0,Pong1PQFM_XObs_entangled_trainable_rzz_QLayers_5___seed_1_1761468207
5869568,1-Training-Losses/clipfrac,0.0,Pong1PQFM_XObs_entangled_trainable_rzz_QLayers_5___seed_1_1761468207
5873664,1-Training-Losses/clipfrac,0.0,Pong1PQFM_XObs_entangled_trainable_rzz_QLayers_5___seed_1_1761468207
5877760,1-Training-Losses/clipfrac,6.103515625e-05,Pong1PQFM_XObs_entangled_trainable_rzz_QLayers_5___seed_1_1761468207
5881856,1-Training-Losses/clipfrac,0.0,Pong1PQFM_XObs_entangled_trainable_rzz_QLayers_5___seed_1_1761468207
5885952,1-Training-Losses/clipfrac,0.0,Pong1PQFM_XObs_entangled_trainable_rzz_QLayers_5___seed_1_1761468207
5890048,1-Training-Losses/clipfrac,0.00042724609375,Pong1PQFM_XObs_entangled_trainable_rzz_QLayers_5___seed_1_1761468207
5894144,1-Training-Losses/clipfrac,0.0,Pong1PQFM_XObs_entangled_trainable_rzz_QLayers_5___seed_1_1761468207
5898240,1-Training-Losses/clipfrac,0.0,Pong1PQFM_XObs_entangled_trainable_rzz_QLayers_5___seed_1_1761468207
5902336,1-Training-Losses/clipfrac,0.0,Pong1PQFM_XObs_entangled_trainable_rzz_QLayers_5___seed_1_1761468207
5906432,1-Training-Losses/clipfrac,0.0,Pong1PQFM_XObs_entangled_trainable_rzz_QLayers_5___seed_1_1761468207
5910528,1-Training-Losses/clipfrac,0.0,Pong1PQFM_XObs_entangled_trainable_rzz_QLayers_5___seed_1_1761468207
5914624,1-Training-Losses/clipfrac,0.00152587890625,Pong1PQFM_XObs_entangled_trainable_rzz_QLayers_5___seed_1_1761468207
5918720,1-Training-Losses/clipfrac,0.0,Pong1PQFM_XObs_entangled_trainable_rzz_QLayers_5___seed_1_1761468207
5922816,1-Training-Losses/clipfrac,0.0,Pong1PQFM_XObs_entangled_trainable_rzz_QLayers_5___seed_1_1761468207
5926912,1-Training-Losses/clipfrac,0.0,Pong1PQFM_XObs_entangled_trainable_rzz_QLayers_5___seed_1_1761468207
5931008,1-Training-Losses/clipfrac,0.0,Pong1PQFM_XObs_entangled_trainable_rzz_QLayers_5___seed_1_1761468207
5935104,1-Training-Losses/clipfrac,0.0,Pong1PQFM_XObs_entangled_trainable_rzz_QLayers_5___seed_1_1761468207
5939200,1-Training-Losses/clipfrac,0.0,Pong1PQFM_XObs_entangled_trainable_rzz_QLayers_5___seed_1_1761468207
5943296,1-Training-Losses/clipfrac,0.0,Pong1PQFM_XObs_entangled_trainable_rzz_QLayers_5___seed_1_1761468207
5947392,1-Training-Losses/clipfrac,0.0,Pong1PQFM_XObs_entangled_trainable_rzz_QLayers_5___seed_1_1761468207
5951488,1-Training-Losses/clipfrac,0.0,Pong1PQFM_XObs_entangled_trainable_rzz_QLayers_5___seed_1_1761468207
5955584,1-Training-Losses/clipfrac,0.0,Pong1PQFM_XObs_entangled_trainable_rzz_QLayers_5___seed_1_1761468207
5959680,1-Training-Losses/clipfrac,0.0,Pong1PQFM_XObs_entangled_trainable_rzz_QLayers_5___seed_1_1761468207
5963776,1-Training-Losses/clipfrac,0.0,Pong1PQFM_XObs_entangled_trainable_rzz_QLayers_5___seed_1_1761468207
5967872,1-Training-Losses/clipfrac,0.0,Pong1PQFM_XObs_entangled_trainable_rzz_QLayers_5___seed_1_1761468207
5971968,1-Training-Losses/clipfrac,0.0,Pong1PQFM_XObs_entangled_trainable_rzz_QLayers_5___seed_1_1761468207
5976064,1-Training-Losses/clipfrac,0.0,Pong1PQFM_XObs_entangled_trainable_rzz_QLayers_5___seed_1_1761468207
5980160,1-Training-Losses/clipfrac,0.0,Pong1PQFM_XObs_entangled_trainable_rzz_QLayers_5___seed_1_1761468207
5984256,1-Training-Losses/clipfrac,0.0,Pong1PQFM_XObs_entangled_trainable_rzz_QLayers_5___seed_1_1761468207
5988352,1-Training-Losses/clipfrac,0.0,Pong1PQFM_XObs_entangled_trainable_rzz_QLayers_5___seed_1_1761468207
5992448,1-Training-Losses/clipfrac,0.0,Pong1PQFM_XObs_entangled_trainable_rzz_QLayers_5___seed_1_1761468207
5996544,1-Training-Losses/clipfrac,0.0,Pong1PQFM_XObs_entangled_trainable_rzz_QLayers_5___seed_1_1761468207
6000640,1-Training-Losses/clipfrac,0.0,Pong1PQFM_XObs_entangled_trainable_rzz_QLayers_5___seed_1_1761468207
6004736,1-Training-Losses/clipfrac,0.0,Pong1PQFM_XObs_entangled_trainable_rzz_QLayers_5___seed_1_1761468207
6008832,1-Training-Losses/clipfrac,0.0,Pong1PQFM_XObs_entangled_trainable_rzz_QLayers_5___seed_1_1761468207
6012928,1-Training-Losses/clipfrac,0.0,Pong1PQFM_XObs_entangled_trainable_rzz_QLayers_5___seed_1_1761468207
6017024,1-Training-Losses/clipfrac,0.0,Pong1PQFM_XObs_entangled_trainable_rzz_QLayers_5___seed_1_1761468207
6021120,1-Training-Losses/clipfrac,0.0,Pong1PQFM_XObs_entangled_trainable_rzz_QLayers_5___seed_1_1761468207
6025216,1-Training-Losses/clipfrac,0.0,Pong1PQFM_XObs_entangled_trainable_rzz_QLayers_5___seed_1_1761468207
6029312,1-Training-Losses/clipfrac,0.0,Pong1PQFM_XObs_entangled_trainable_rzz_QLayers_5___seed_1_1761468207
6033408,1-Training-Losses/clipfrac,0.0006103515625,Pong1PQFM_XObs_entangled_trainable_rzz_QLayers_5___seed_1_1761468207
6037504,1-Training-Losses/clipfrac,0.000732421875,Pong1PQFM_XObs_entangled_trainable_rzz_QLayers_5___seed_1_1761468207
6041600,1-Training-Losses/clipfrac,0.0,Pong1PQFM_XObs_entangled_trainable_rzz_QLayers_5___seed_1_1761468207
6045696,1-Training-Losses/clipfrac,0.00018310546875,Pong1PQFM_XObs_entangled_trainable_rzz_QLayers_5___seed_1_1761468207
6049792,1-Training-Losses/clipfrac,0.0,Pong1PQFM_XObs_entangled_trainable_rzz_QLayers_5___seed_1_1761468207
6053888,1-Training-Losses/clipfrac,0.0,Pong1PQFM_XObs_entangled_trainable_rzz_QLayers_5___seed_1_1761468207
6057984,1-Training-Losses/clipfrac,0.00054931640625,Pong1PQFM_XObs_entangled_trainable_rzz_QLayers_5___seed_1_1761468207
6062080,1-Training-Losses/clipfrac,0.00030517578125,Pong1PQFM_XObs_entangled_trainable_rzz_QLayers_5___seed_1_1761468207
6066176,1-Training-Losses/clipfrac,0.00067138671875,Pong1PQFM_XObs_entangled_trainable_rzz_QLayers_5___seed_1_1761468207
6070272,1-Training-Losses/clipfrac,0.0001220703125,Pong1PQFM_XObs_entangled_trainable_rzz_QLayers_5___seed_1_1761468207
6074368,1-Training-Losses/clipfrac,0.0,Pong1PQFM_XObs_entangled_trainable_rzz_QLayers_5___seed_1_1761468207
6078464,1-Training-Losses/clipfrac,0.0,Pong1PQFM_XObs_entangled_trainable_rzz_QLayers_5___seed_1_1761468207
6082560,1-Training-Losses/clipfrac,0.0,Pong1PQFM_XObs_entangled_trainable_rzz_QLayers_5___seed_1_1761468207
6086656,1-Training-Losses/clipfrac,0.0,Pong1PQFM_XObs_entangled_trainable_rzz_QLayers_5___seed_1_1761468207
6090752,1-Training-Losses/clipfrac,0.0,Pong1PQFM_XObs_entangled_trainable_rzz_QLayers_5___seed_1_1761468207
6094848,1-Training-Losses/clipfrac,0.0,Pong1PQFM_XObs_entangled_trainable_rzz_QLayers_5___seed_1_1761468207
6098944,1-Training-Losses/clipfrac,0.0,Pong1PQFM_XObs_entangled_trainable_rzz_QLayers_5___seed_1_1761468207
6103040,1-Training-Losses/clipfrac,0.0,Pong1PQFM_XObs_entangled_trainable_rzz_QLayers_5___seed_1_1761468207
6107136,1-Training-Losses/clipfrac,0.0,Pong1PQFM_XObs_entangled_trainable_rzz_QLayers_5___seed_1_1761468207
6111232,1-Training-Losses/clipfrac,0.0,Pong1PQFM_XObs_entangled_trainable_rzz_QLayers_5___seed_1_1761468207
6115328,1-Training-Losses/clipfrac,0.0,Pong1PQFM_XObs_entangled_trainable_rzz_QLayers_5___seed_1_1761468207
6119424,1-Training-Losses/clipfrac,0.0,Pong1PQFM_XObs_entangled_trainable_rzz_QLayers_5___seed_1_1761468207
6123520,1-Training-Losses/clipfrac,0.0,Pong1PQFM_XObs_entangled_trainable_rzz_QLayers_5___seed_1_1761468207
6127616,1-Training-Losses/clipfrac,0.0,Pong1PQFM_XObs_entangled_trainable_rzz_QLayers_5___seed_1_1761468207
6131712,1-Training-Losses/clipfrac,0.0,Pong1PQFM_XObs_entangled_trainable_rzz_QLayers_5___seed_1_1761468207
6135808,1-Training-Losses/clipfrac,0.0,Pong1PQFM_XObs_entangled_trainable_rzz_QLayers_5___seed_1_1761468207
6139904,1-Training-Losses/clipfrac,0.0,Pong1PQFM_XObs_entangled_trainable_rzz_QLayers_5___seed_1_1761468207
6144000,1-Training-Losses/clipfrac,0.0,Pong1PQFM_XObs_entangled_trainable_rzz_QLayers_5___seed_1_1761468207
6148096,1-Training-Losses/clipfrac,0.0,Pong1PQFM_XObs_entangled_trainable_rzz_QLayers_5___seed_1_1761468207
6152192,1-Training-Losses/clipfrac,0.0,Pong1PQFM_XObs_entangled_trainable_rzz_QLayers_5___seed_1_1761468207
6156288,1-Training-Losses/clipfrac,0.0,Pong1PQFM_XObs_entangled_trainable_rzz_QLayers_5___seed_1_1761468207
6160384,1-Training-Losses/clipfrac,0.0,Pong1PQFM_XObs_entangled_trainable_rzz_QLayers_5___seed_1_1761468207
6164480,1-Training-Losses/clipfrac,0.0,Pong1PQFM_XObs_entangled_trainable_rzz_QLayers_5___seed_1_1761468207
6168576,1-Training-Losses/clipfrac,0.0,Pong1PQFM_XObs_entangled_trainable_rzz_QLayers_5___seed_1_1761468207
6172672,1-Training-Losses/clipfrac,0.0,Pong1PQFM_XObs_entangled_trainable_rzz_QLayers_5___seed_1_1761468207
6176768,1-Training-Losses/clipfrac,0.0,Pong1PQFM_XObs_entangled_trainable_rzz_QLayers_5___seed_1_1761468207
6180864,1-Training-Losses/clipfrac,6.103515625e-05,Pong1PQFM_XObs_entangled_trainable_rzz_QLayers_5___seed_1_1761468207
6184960,1-Training-Losses/clipfrac,0.0001220703125,Pong1PQFM_XObs_entangled_trainable_rzz_QLayers_5___seed_1_1761468207
6189056,1-Training-Losses/clipfrac,6.103515625e-05,Pong1PQFM_XObs_entangled_trainable_rzz_QLayers_5___seed_1_1761468207
6193152,1-Training-Losses/clipfrac,0.0,Pong1PQFM_XObs_entangled_trainable_rzz_QLayers_5___seed_1_1761468207
6197248,1-Training-Losses/clipfrac,0.0,Pong1PQFM_XObs_entangled_trainable_rzz_QLayers_5___seed_1_1761468207
6201344,1-Training-Losses/clipfrac,0.0,Pong1PQFM_XObs_entangled_trainable_rzz_QLayers_5___seed_1_1761468207
6205440,1-Training-Losses/clipfrac,0.0,Pong1PQFM_XObs_entangled_trainable_rzz_QLayers_5___seed_1_1761468207
6209536,1-Training-Losses/clipfrac,0.0,Pong1PQFM_XObs_entangled_trainable_rzz_QLayers_5___seed_1_1761468207
6213632,1-Training-Losses/clipfrac,0.00048828125,Pong1PQFM_XObs_entangled_trainable_rzz_QLayers_5___seed_1_1761468207
6217728,1-Training-Losses/clipfrac,0.0,Pong1PQFM_XObs_entangled_trainable_rzz_QLayers_5___seed_1_1761468207
6221824,1-Training-Losses/clipfrac,0.0,Pong1PQFM_XObs_entangled_trainable_rzz_QLayers_5___seed_1_1761468207
6225920,1-Training-Losses/clipfrac,0.0,Pong1PQFM_XObs_entangled_trainable_rzz_QLayers_5___seed_1_1761468207
6230016,1-Training-Losses/clipfrac,0.0,Pong1PQFM_XObs_entangled_trainable_rzz_QLayers_5___seed_1_1761468207
6234112,1-Training-Losses/clipfrac,0.0,Pong1PQFM_XObs_entangled_trainable_rzz_QLayers_5___seed_1_1761468207
6238208,1-Training-Losses/clipfrac,0.0,Pong1PQFM_XObs_entangled_trainable_rzz_QLayers_5___seed_1_1761468207
6242304,1-Training-Losses/clipfrac,0.0,Pong1PQFM_XObs_entangled_trainable_rzz_QLayers_5___seed_1_1761468207
6246400,1-Training-Losses/clipfrac,0.0,Pong1PQFM_XObs_entangled_trainable_rzz_QLayers_5___seed_1_1761468207
6250496,1-Training-Losses/clipfrac,0.0,Pong1PQFM_XObs_entangled_trainable_rzz_QLayers_5___seed_1_1761468207
6254592,1-Training-Losses/clipfrac,0.00042724609375,Pong1PQFM_XObs_entangled_trainable_rzz_QLayers_5___seed_1_1761468207
6258688,1-Training-Losses/clipfrac,6.103515625e-05,Pong1PQFM_XObs_entangled_trainable_rzz_QLayers_5___seed_1_1761468207
6262784,1-Training-Losses/clipfrac,0.0,Pong1PQFM_XObs_entangled_trainable_rzz_QLayers_5___seed_1_1761468207
6266880,1-Training-Losses/clipfrac,0.0,Pong1PQFM_XObs_entangled_trainable_rzz_QLayers_5___seed_1_1761468207
6270976,1-Training-Losses/clipfrac,0.0,Pong1PQFM_XObs_entangled_trainable_rzz_QLayers_5___seed_1_1761468207
6275072,1-Training-Losses/clipfrac,0.0,Pong1PQFM_XObs_entangled_trainable_rzz_QLayers_5___seed_1_1761468207
6279168,1-Training-Losses/clipfrac,0.0,Pong1PQFM_XObs_entangled_trainable_rzz_QLayers_5___seed_1_1761468207
6283264,1-Training-Losses/clipfrac,0.0,Pong1PQFM_XObs_entangled_trainable_rzz_QLayers_5___seed_1_1761468207
6287360,1-Training-Losses/clipfrac,0.0003662109375,Pong1PQFM_XObs_entangled_trainable_rzz_QLayers_5___seed_1_1761468207
6291456,1-Training-Losses/clipfrac,0.0,Pong1PQFM_XObs_entangled_trainable_rzz_QLayers_5___seed_1_1761468207
6295552,1-Training-Losses/clipfrac,0.0,Pong1PQFM_XObs_entangled_trainable_rzz_QLayers_5___seed_1_1761468207
6299648,1-Training-Losses/clipfrac,0.0,Pong1PQFM_XObs_entangled_trainable_rzz_QLayers_5___seed_1_1761468207
6303744,1-Training-Losses/clipfrac,0.0,Pong1PQFM_XObs_entangled_trainable_rzz_QLayers_5___seed_1_1761468207
6307840,1-Training-Losses/clipfrac,0.00030517578125,Pong1PQFM_XObs_entangled_trainable_rzz_QLayers_5___seed_1_1761468207
6311936,1-Training-Losses/clipfrac,0.00140380859375,Pong1PQFM_XObs_entangled_trainable_rzz_QLayers_5___seed_1_1761468207
6316032,1-Training-Losses/clipfrac,0.0,Pong1PQFM_XObs_entangled_trainable_rzz_QLayers_5___seed_1_1761468207
6320128,1-Training-Losses/clipfrac,0.0,Pong1PQFM_XObs_entangled_trainable_rzz_QLayers_5___seed_1_1761468207
6324224,1-Training-Losses/clipfrac,0.0,Pong1PQFM_XObs_entangled_trainable_rzz_QLayers_5___seed_1_1761468207
6328320,1-Training-Losses/clipfrac,0.0,Pong1PQFM_XObs_entangled_trainable_rzz_QLayers_5___seed_1_1761468207
6332416,1-Training-Losses/clipfrac,0.0,Pong1PQFM_XObs_entangled_trainable_rzz_QLayers_5___seed_1_1761468207
6336512,1-Training-Losses/clipfrac,0.0,Pong1PQFM_XObs_entangled_trainable_rzz_QLayers_5___seed_1_1761468207
6340608,1-Training-Losses/clipfrac,0.0,Pong1PQFM_XObs_entangled_trainable_rzz_QLayers_5___seed_1_1761468207
6344704,1-Training-Losses/clipfrac,0.0,Pong1PQFM_XObs_entangled_trainable_rzz_QLayers_5___seed_1_1761468207
6348800,1-Training-Losses/clipfrac,6.103515625e-05,Pong1PQFM_XObs_entangled_trainable_rzz_QLayers_5___seed_1_1761468207
6352896,1-Training-Losses/clipfrac,6.103515625e-05,Pong1PQFM_XObs_entangled_trainable_rzz_QLayers_5___seed_1_1761468207
6356992,1-Training-Losses/clipfrac,0.0,Pong1PQFM_XObs_entangled_trainable_rzz_QLayers_5___seed_1_1761468207
6361088,1-Training-Losses/clipfrac,0.0,Pong1PQFM_XObs_entangled_trainable_rzz_QLayers_5___seed_1_1761468207
6365184,1-Training-Losses/clipfrac,0.0,Pong1PQFM_XObs_entangled_trainable_rzz_QLayers_5___seed_1_1761468207
6369280,1-Training-Losses/clipfrac,0.0,Pong1PQFM_XObs_entangled_trainable_rzz_QLayers_5___seed_1_1761468207
6373376,1-Training-Losses/clipfrac,0.0,Pong1PQFM_XObs_entangled_trainable_rzz_QLayers_5___seed_1_1761468207
6377472,1-Training-Losses/clipfrac,0.0,Pong1PQFM_XObs_entangled_trainable_rzz_QLayers_5___seed_1_1761468207
6381568,1-Training-Losses/clipfrac,0.0,Pong1PQFM_XObs_entangled_trainable_rzz_QLayers_5___seed_1_1761468207
6385664,1-Training-Losses/clipfrac,0.0,Pong1PQFM_XObs_entangled_trainable_rzz_QLayers_5___seed_1_1761468207
6389760,1-Training-Losses/clipfrac,0.0,Pong1PQFM_XObs_entangled_trainable_rzz_QLayers_5___seed_1_1761468207
6393856,1-Training-Losses/clipfrac,0.0,Pong1PQFM_XObs_entangled_trainable_rzz_QLayers_5___seed_1_1761468207
6397952,1-Training-Losses/clipfrac,0.0,Pong1PQFM_XObs_entangled_trainable_rzz_QLayers_5___seed_1_1761468207
6402048,1-Training-Losses/clipfrac,0.0,Pong1PQFM_XObs_entangled_trainable_rzz_QLayers_5___seed_1_1761468207
6406144,1-Training-Losses/clipfrac,0.00018310546875,Pong1PQFM_XObs_entangled_trainable_rzz_QLayers_5___seed_1_1761468207
6410240,1-Training-Losses/clipfrac,0.00079345703125,Pong1PQFM_XObs_entangled_trainable_rzz_QLayers_5___seed_1_1761468207
6414336,1-Training-Losses/clipfrac,0.0001220703125,Pong1PQFM_XObs_entangled_trainable_rzz_QLayers_5___seed_1_1761468207
6418432,1-Training-Losses/clipfrac,0.0,Pong1PQFM_XObs_entangled_trainable_rzz_QLayers_5___seed_1_1761468207
6422528,1-Training-Losses/clipfrac,0.0,Pong1PQFM_XObs_entangled_trainable_rzz_QLayers_5___seed_1_1761468207
6426624,1-Training-Losses/clipfrac,0.0,Pong1PQFM_XObs_entangled_trainable_rzz_QLayers_5___seed_1_1761468207
6430720,1-Training-Losses/clipfrac,0.0,Pong1PQFM_XObs_entangled_trainable_rzz_QLayers_5___seed_1_1761468207
6434816,1-Training-Losses/clipfrac,0.0,Pong1PQFM_XObs_entangled_trainable_rzz_QLayers_5___seed_1_1761468207
6438912,1-Training-Losses/clipfrac,0.0,Pong1PQFM_XObs_entangled_trainable_rzz_QLayers_5___seed_1_1761468207
6443008,1-Training-Losses/clipfrac,0.0,Pong1PQFM_XObs_entangled_trainable_rzz_QLayers_5___seed_1_1761468207
6447104,1-Training-Losses/clipfrac,0.0,Pong1PQFM_XObs_entangled_trainable_rzz_QLayers_5___seed_1_1761468207
6451200,1-Training-Losses/clipfrac,0.0,Pong1PQFM_XObs_entangled_trainable_rzz_QLayers_5___seed_1_1761468207
6455296,1-Training-Losses/clipfrac,0.0,Pong1PQFM_XObs_entangled_trainable_rzz_QLayers_5___seed_1_1761468207
6459392,1-Training-Losses/clipfrac,0.0,Pong1PQFM_XObs_entangled_trainable_rzz_QLayers_5___seed_1_1761468207
6463488,1-Training-Losses/clipfrac,0.0,Pong1PQFM_XObs_entangled_trainable_rzz_QLayers_5___seed_1_1761468207
6467584,1-Training-Losses/clipfrac,0.0,Pong1PQFM_XObs_entangled_trainable_rzz_QLayers_5___seed_1_1761468207
6471680,1-Training-Losses/clipfrac,0.0,Pong1PQFM_XObs_entangled_trainable_rzz_QLayers_5___seed_1_1761468207
6475776,1-Training-Losses/clipfrac,0.0,Pong1PQFM_XObs_entangled_trainable_rzz_QLayers_5___seed_1_1761468207
6479872,1-Training-Losses/clipfrac,0.0,Pong1PQFM_XObs_entangled_trainable_rzz_QLayers_5___seed_1_1761468207
6483968,1-Training-Losses/clipfrac,0.0,Pong1PQFM_XObs_entangled_trainable_rzz_QLayers_5___seed_1_1761468207
6488064,1-Training-Losses/clipfrac,0.0,Pong1PQFM_XObs_entangled_trainable_rzz_QLayers_5___seed_1_1761468207
6492160,1-Training-Losses/clipfrac,0.0,Pong1PQFM_XObs_entangled_trainable_rzz_QLayers_5___seed_1_1761468207
6496256,1-Training-Losses/clipfrac,0.0,Pong1PQFM_XObs_entangled_trainable_rzz_QLayers_5___seed_1_1761468207
6500352,1-Training-Losses/clipfrac,0.0,Pong1PQFM_XObs_entangled_trainable_rzz_QLayers_5___seed_1_1761468207
6504448,1-Training-Losses/clipfrac,0.0,Pong1PQFM_XObs_entangled_trainable_rzz_QLayers_5___seed_1_1761468207
6508544,1-Training-Losses/clipfrac,0.0,Pong1PQFM_XObs_entangled_trainable_rzz_QLayers_5___seed_1_1761468207
6512640,1-Training-Losses/clipfrac,0.0,Pong1PQFM_XObs_entangled_trainable_rzz_QLayers_5___seed_1_1761468207
6516736,1-Training-Losses/clipfrac,0.0,Pong1PQFM_XObs_entangled_trainable_rzz_QLayers_5___seed_1_1761468207
6520832,1-Training-Losses/clipfrac,0.0,Pong1PQFM_XObs_entangled_trainable_rzz_QLayers_5___seed_1_1761468207
6524928,1-Training-Losses/clipfrac,0.0,Pong1PQFM_XObs_entangled_trainable_rzz_QLayers_5___seed_1_1761468207
6529024,1-Training-Losses/clipfrac,0.0,Pong1PQFM_XObs_entangled_trainable_rzz_QLayers_5___seed_1_1761468207
6533120,1-Training-Losses/clipfrac,0.0,Pong1PQFM_XObs_entangled_trainable_rzz_QLayers_5___seed_1_1761468207
6537216,1-Training-Losses/clipfrac,0.0,Pong1PQFM_XObs_entangled_trainable_rzz_QLayers_5___seed_1_1761468207
6541312,1-Training-Losses/clipfrac,0.0,Pong1PQFM_XObs_entangled_trainable_rzz_QLayers_5___seed_1_1761468207
6545408,1-Training-Losses/clipfrac,0.0,Pong1PQFM_XObs_entangled_trainable_rzz_QLayers_5___seed_1_1761468207
6549504,1-Training-Losses/clipfrac,0.0,Pong1PQFM_XObs_entangled_trainable_rzz_QLayers_5___seed_1_1761468207
6553600,1-Training-Losses/clipfrac,0.0,Pong1PQFM_XObs_entangled_trainable_rzz_QLayers_5___seed_1_1761468207
6557696,1-Training-Losses/clipfrac,0.0,Pong1PQFM_XObs_entangled_trainable_rzz_QLayers_5___seed_1_1761468207
6561792,1-Training-Losses/clipfrac,0.0,Pong1PQFM_XObs_entangled_trainable_rzz_QLayers_5___seed_1_1761468207
6565888,1-Training-Losses/clipfrac,0.0,Pong1PQFM_XObs_entangled_trainable_rzz_QLayers_5___seed_1_1761468207
6569984,1-Training-Losses/clipfrac,0.0,Pong1PQFM_XObs_entangled_trainable_rzz_QLayers_5___seed_1_1761468207
6574080,1-Training-Losses/clipfrac,0.0,Pong1PQFM_XObs_entangled_trainable_rzz_QLayers_5___seed_1_1761468207
6578176,1-Training-Losses/clipfrac,0.0,Pong1PQFM_XObs_entangled_trainable_rzz_QLayers_5___seed_1_1761468207
6582272,1-Training-Losses/clipfrac,0.0,Pong1PQFM_XObs_entangled_trainable_rzz_QLayers_5___seed_1_1761468207
6586368,1-Training-Losses/clipfrac,0.0,Pong1PQFM_XObs_entangled_trainable_rzz_QLayers_5___seed_1_1761468207
6590464,1-Training-Losses/clipfrac,0.0,Pong1PQFM_XObs_entangled_trainable_rzz_QLayers_5___seed_1_1761468207
6594560,1-Training-Losses/clipfrac,0.0,Pong1PQFM_XObs_entangled_trainable_rzz_QLayers_5___seed_1_1761468207
6598656,1-Training-Losses/clipfrac,0.0,Pong1PQFM_XObs_entangled_trainable_rzz_QLayers_5___seed_1_1761468207
6602752,1-Training-Losses/clipfrac,0.0,Pong1PQFM_XObs_entangled_trainable_rzz_QLayers_5___seed_1_1761468207
6606848,1-Training-Losses/clipfrac,0.0,Pong1PQFM_XObs_entangled_trainable_rzz_QLayers_5___seed_1_1761468207
6610944,1-Training-Losses/clipfrac,0.0,Pong1PQFM_XObs_entangled_trainable_rzz_QLayers_5___seed_1_1761468207
6615040,1-Training-Losses/clipfrac,0.0,Pong1PQFM_XObs_entangled_trainable_rzz_QLayers_5___seed_1_1761468207
6619136,1-Training-Losses/clipfrac,0.0,Pong1PQFM_XObs_entangled_trainable_rzz_QLayers_5___seed_1_1761468207
6623232,1-Training-Losses/clipfrac,0.0,Pong1PQFM_XObs_entangled_trainable_rzz_QLayers_5___seed_1_1761468207
6627328,1-Training-Losses/clipfrac,0.0,Pong1PQFM_XObs_entangled_trainable_rzz_QLayers_5___seed_1_1761468207
6631424,1-Training-Losses/clipfrac,0.0,Pong1PQFM_XObs_entangled_trainable_rzz_QLayers_5___seed_1_1761468207
6635520,1-Training-Losses/clipfrac,0.0,Pong1PQFM_XObs_entangled_trainable_rzz_QLayers_5___seed_1_1761468207
6639616,1-Training-Losses/clipfrac,0.0,Pong1PQFM_XObs_entangled_trainable_rzz_QLayers_5___seed_1_1761468207
6643712,1-Training-Losses/clipfrac,0.0,Pong1PQFM_XObs_entangled_trainable_rzz_QLayers_5___seed_1_1761468207
6647808,1-Training-Losses/clipfrac,0.0,Pong1PQFM_XObs_entangled_trainable_rzz_QLayers_5___seed_1_1761468207
6651904,1-Training-Losses/clipfrac,0.0,Pong1PQFM_XObs_entangled_trainable_rzz_QLayers_5___seed_1_1761468207
6656000,1-Training-Losses/clipfrac,0.0,Pong1PQFM_XObs_entangled_trainable_rzz_QLayers_5___seed_1_1761468207
6660096,1-Training-Losses/clipfrac,0.0,Pong1PQFM_XObs_entangled_trainable_rzz_QLayers_5___seed_1_1761468207
6664192,1-Training-Losses/clipfrac,0.0,Pong1PQFM_XObs_entangled_trainable_rzz_QLayers_5___seed_1_1761468207
6668288,1-Training-Losses/clipfrac,0.0,Pong1PQFM_XObs_entangled_trainable_rzz_QLayers_5___seed_1_1761468207
6672384,1-Training-Losses/clipfrac,0.0,Pong1PQFM_XObs_entangled_trainable_rzz_QLayers_5___seed_1_1761468207
6676480,1-Training-Losses/clipfrac,0.0,Pong1PQFM_XObs_entangled_trainable_rzz_QLayers_5___seed_1_1761468207
6680576,1-Training-Losses/clipfrac,0.0,Pong1PQFM_XObs_entangled_trainable_rzz_QLayers_5___seed_1_1761468207
6684672,1-Training-Losses/clipfrac,0.0,Pong1PQFM_XObs_entangled_trainable_rzz_QLayers_5___seed_1_1761468207
6688768,1-Training-Losses/clipfrac,0.0,Pong1PQFM_XObs_entangled_trainable_rzz_QLayers_5___seed_1_1761468207
6692864,1-Training-Losses/clipfrac,0.0,Pong1PQFM_XObs_entangled_trainable_rzz_QLayers_5___seed_1_1761468207
6696960,1-Training-Losses/clipfrac,0.0,Pong1PQFM_XObs_entangled_trainable_rzz_QLayers_5___seed_1_1761468207
6701056,1-Training-Losses/clipfrac,0.0,Pong1PQFM_XObs_entangled_trainable_rzz_QLayers_5___seed_1_1761468207
6705152,1-Training-Losses/clipfrac,0.0,Pong1PQFM_XObs_entangled_trainable_rzz_QLayers_5___seed_1_1761468207
6709248,1-Training-Losses/clipfrac,0.0,Pong1PQFM_XObs_entangled_trainable_rzz_QLayers_5___seed_1_1761468207
6713344,1-Training-Losses/clipfrac,0.0,Pong1PQFM_XObs_entangled_trainable_rzz_QLayers_5___seed_1_1761468207
6717440,1-Training-Losses/clipfrac,0.0,Pong1PQFM_XObs_entangled_trainable_rzz_QLayers_5___seed_1_1761468207
6721536,1-Training-Losses/clipfrac,0.0,Pong1PQFM_XObs_entangled_trainable_rzz_QLayers_5___seed_1_1761468207
6725632,1-Training-Losses/clipfrac,0.0,Pong1PQFM_XObs_entangled_trainable_rzz_QLayers_5___seed_1_1761468207
6729728,1-Training-Losses/clipfrac,0.0,Pong1PQFM_XObs_entangled_trainable_rzz_QLayers_5___seed_1_1761468207
6733824,1-Training-Losses/clipfrac,0.0,Pong1PQFM_XObs_entangled_trainable_rzz_QLayers_5___seed_1_1761468207
6737920,1-Training-Losses/clipfrac,0.0,Pong1PQFM_XObs_entangled_trainable_rzz_QLayers_5___seed_1_1761468207
6742016,1-Training-Losses/clipfrac,0.0,Pong1PQFM_XObs_entangled_trainable_rzz_QLayers_5___seed_1_1761468207
6746112,1-Training-Losses/clipfrac,0.0,Pong1PQFM_XObs_entangled_trainable_rzz_QLayers_5___seed_1_1761468207
6750208,1-Training-Losses/clipfrac,0.0,Pong1PQFM_XObs_entangled_trainable_rzz_QLayers_5___seed_1_1761468207
6754304,1-Training-Losses/clipfrac,0.0,Pong1PQFM_XObs_entangled_trainable_rzz_QLayers_5___seed_1_1761468207
6758400,1-Training-Losses/clipfrac,0.0,Pong1PQFM_XObs_entangled_trainable_rzz_QLayers_5___seed_1_1761468207
6762496,1-Training-Losses/clipfrac,0.0,Pong1PQFM_XObs_entangled_trainable_rzz_QLayers_5___seed_1_1761468207
6766592,1-Training-Losses/clipfrac,0.0,Pong1PQFM_XObs_entangled_trainable_rzz_QLayers_5___seed_1_1761468207
6770688,1-Training-Losses/clipfrac,0.0,Pong1PQFM_XObs_entangled_trainable_rzz_QLayers_5___seed_1_1761468207
6774784,1-Training-Losses/clipfrac,0.0,Pong1PQFM_XObs_entangled_trainable_rzz_QLayers_5___seed_1_1761468207
6778880,1-Training-Losses/clipfrac,0.0,Pong1PQFM_XObs_entangled_trainable_rzz_QLayers_5___seed_1_1761468207
6782976,1-Training-Losses/clipfrac,0.0,Pong1PQFM_XObs_entangled_trainable_rzz_QLayers_5___seed_1_1761468207
6787072,1-Training-Losses/clipfrac,0.0,Pong1PQFM_XObs_entangled_trainable_rzz_QLayers_5___seed_1_1761468207
6791168,1-Training-Losses/clipfrac,0.0,Pong1PQFM_XObs_entangled_trainable_rzz_QLayers_5___seed_1_1761468207
6795264,1-Training-Losses/clipfrac,0.0,Pong1PQFM_XObs_entangled_trainable_rzz_QLayers_5___seed_1_1761468207
6799360,1-Training-Losses/clipfrac,0.0,Pong1PQFM_XObs_entangled_trainable_rzz_QLayers_5___seed_1_1761468207
6803456,1-Training-Losses/clipfrac,0.0,Pong1PQFM_XObs_entangled_trainable_rzz_QLayers_5___seed_1_1761468207
6807552,1-Training-Losses/clipfrac,0.0,Pong1PQFM_XObs_entangled_trainable_rzz_QLayers_5___seed_1_1761468207
6811648,1-Training-Losses/clipfrac,0.0,Pong1PQFM_XObs_entangled_trainable_rzz_QLayers_5___seed_1_1761468207
6815744,1-Training-Losses/clipfrac,0.0,Pong1PQFM_XObs_entangled_trainable_rzz_QLayers_5___seed_1_1761468207
6819840,1-Training-Losses/clipfrac,0.0,Pong1PQFM_XObs_entangled_trainable_rzz_QLayers_5___seed_1_1761468207
6823936,1-Training-Losses/clipfrac,0.0,Pong1PQFM_XObs_entangled_trainable_rzz_QLayers_5___seed_1_1761468207
6828032,1-Training-Losses/clipfrac,0.0,Pong1PQFM_XObs_entangled_trainable_rzz_QLayers_5___seed_1_1761468207
6832128,1-Training-Losses/clipfrac,0.0,Pong1PQFM_XObs_entangled_trainable_rzz_QLayers_5___seed_1_1761468207
6836224,1-Training-Losses/clipfrac,0.0,Pong1PQFM_XObs_entangled_trainable_rzz_QLayers_5___seed_1_1761468207
6840320,1-Training-Losses/clipfrac,0.0001220703125,Pong1PQFM_XObs_entangled_trainable_rzz_QLayers_5___seed_1_1761468207
6844416,1-Training-Losses/clipfrac,0.0,Pong1PQFM_XObs_entangled_trainable_rzz_QLayers_5___seed_1_1761468207
6848512,1-Training-Losses/clipfrac,0.0,Pong1PQFM_XObs_entangled_trainable_rzz_QLayers_5___seed_1_1761468207
6852608,1-Training-Losses/clipfrac,0.0,Pong1PQFM_XObs_entangled_trainable_rzz_QLayers_5___seed_1_1761468207
6856704,1-Training-Losses/clipfrac,0.0,Pong1PQFM_XObs_entangled_trainable_rzz_QLayers_5___seed_1_1761468207
6860800,1-Training-Losses/clipfrac,0.0,Pong1PQFM_XObs_entangled_trainable_rzz_QLayers_5___seed_1_1761468207
6864896,1-Training-Losses/clipfrac,0.0,Pong1PQFM_XObs_entangled_trainable_rzz_QLayers_5___seed_1_1761468207
6868992,1-Training-Losses/clipfrac,0.0,Pong1PQFM_XObs_entangled_trainable_rzz_QLayers_5___seed_1_1761468207
6873088,1-Training-Losses/clipfrac,0.0,Pong1PQFM_XObs_entangled_trainable_rzz_QLayers_5___seed_1_1761468207
6877184,1-Training-Losses/clipfrac,0.0,Pong1PQFM_XObs_entangled_trainable_rzz_QLayers_5___seed_1_1761468207
6881280,1-Training-Losses/clipfrac,0.0,Pong1PQFM_XObs_entangled_trainable_rzz_QLayers_5___seed_1_1761468207
6885376,1-Training-Losses/clipfrac,0.0,Pong1PQFM_XObs_entangled_trainable_rzz_QLayers_5___seed_1_1761468207
6889472,1-Training-Losses/clipfrac,0.0,Pong1PQFM_XObs_entangled_trainable_rzz_QLayers_5___seed_1_1761468207
6893568,1-Training-Losses/clipfrac,0.0,Pong1PQFM_XObs_entangled_trainable_rzz_QLayers_5___seed_1_1761468207
6897664,1-Training-Losses/clipfrac,0.0,Pong1PQFM_XObs_entangled_trainable_rzz_QLayers_5___seed_1_1761468207
6901760,1-Training-Losses/clipfrac,0.0,Pong1PQFM_XObs_entangled_trainable_rzz_QLayers_5___seed_1_1761468207
6905856,1-Training-Losses/clipfrac,0.0,Pong1PQFM_XObs_entangled_trainable_rzz_QLayers_5___seed_1_1761468207
6909952,1-Training-Losses/clipfrac,0.0,Pong1PQFM_XObs_entangled_trainable_rzz_QLayers_5___seed_1_1761468207
6914048,1-Training-Losses/clipfrac,0.0,Pong1PQFM_XObs_entangled_trainable_rzz_QLayers_5___seed_1_1761468207
6918144,1-Training-Losses/clipfrac,0.0,Pong1PQFM_XObs_entangled_trainable_rzz_QLayers_5___seed_1_1761468207
6922240,1-Training-Losses/clipfrac,0.00018310546875,Pong1PQFM_XObs_entangled_trainable_rzz_QLayers_5___seed_1_1761468207
6926336,1-Training-Losses/clipfrac,0.00030517578125,Pong1PQFM_XObs_entangled_trainable_rzz_QLayers_5___seed_1_1761468207
6930432,1-Training-Losses/clipfrac,0.0,Pong1PQFM_XObs_entangled_trainable_rzz_QLayers_5___seed_1_1761468207
6934528,1-Training-Losses/clipfrac,0.0,Pong1PQFM_XObs_entangled_trainable_rzz_QLayers_5___seed_1_1761468207
6938624,1-Training-Losses/clipfrac,0.0,Pong1PQFM_XObs_entangled_trainable_rzz_QLayers_5___seed_1_1761468207
6942720,1-Training-Losses/clipfrac,0.0,Pong1PQFM_XObs_entangled_trainable_rzz_QLayers_5___seed_1_1761468207
6946816,1-Training-Losses/clipfrac,0.0,Pong1PQFM_XObs_entangled_trainable_rzz_QLayers_5___seed_1_1761468207
6950912,1-Training-Losses/clipfrac,0.0,Pong1PQFM_XObs_entangled_trainable_rzz_QLayers_5___seed_1_1761468207
6955008,1-Training-Losses/clipfrac,0.0,Pong1PQFM_XObs_entangled_trainable_rzz_QLayers_5___seed_1_1761468207
6959104,1-Training-Losses/clipfrac,0.00042724609375,Pong1PQFM_XObs_entangled_trainable_rzz_QLayers_5___seed_1_1761468207
6963200,1-Training-Losses/clipfrac,0.0,Pong1PQFM_XObs_entangled_trainable_rzz_QLayers_5___seed_1_1761468207
6967296,1-Training-Losses/clipfrac,0.0,Pong1PQFM_XObs_entangled_trainable_rzz_QLayers_5___seed_1_1761468207
6971392,1-Training-Losses/clipfrac,0.0,Pong1PQFM_XObs_entangled_trainable_rzz_QLayers_5___seed_1_1761468207
6975488,1-Training-Losses/clipfrac,0.0,Pong1PQFM_XObs_entangled_trainable_rzz_QLayers_5___seed_1_1761468207
6979584,1-Training-Losses/clipfrac,0.0,Pong1PQFM_XObs_entangled_trainable_rzz_QLayers_5___seed_1_1761468207
6983680,1-Training-Losses/clipfrac,0.0,Pong1PQFM_XObs_entangled_trainable_rzz_QLayers_5___seed_1_1761468207
6987776,1-Training-Losses/clipfrac,0.0,Pong1PQFM_XObs_entangled_trainable_rzz_QLayers_5___seed_1_1761468207
6991872,1-Training-Losses/clipfrac,0.0,Pong1PQFM_XObs_entangled_trainable_rzz_QLayers_5___seed_1_1761468207
6995968,1-Training-Losses/clipfrac,0.0,Pong1PQFM_XObs_entangled_trainable_rzz_QLayers_5___seed_1_1761468207
7000064,1-Training-Losses/clipfrac,0.0,Pong1PQFM_XObs_entangled_trainable_rzz_QLayers_5___seed_1_1761468207
7004160,1-Training-Losses/clipfrac,0.0,Pong1PQFM_XObs_entangled_trainable_rzz_QLayers_5___seed_1_1761468207
7008256,1-Training-Losses/clipfrac,0.0,Pong1PQFM_XObs_entangled_trainable_rzz_QLayers_5___seed_1_1761468207
7012352,1-Training-Losses/clipfrac,0.0,Pong1PQFM_XObs_entangled_trainable_rzz_QLayers_5___seed_1_1761468207
7016448,1-Training-Losses/clipfrac,0.0,Pong1PQFM_XObs_entangled_trainable_rzz_QLayers_5___seed_1_1761468207
7020544,1-Training-Losses/clipfrac,0.0,Pong1PQFM_XObs_entangled_trainable_rzz_QLayers_5___seed_1_1761468207
7024640,1-Training-Losses/clipfrac,0.0,Pong1PQFM_XObs_entangled_trainable_rzz_QLayers_5___seed_1_1761468207
7028736,1-Training-Losses/clipfrac,0.0,Pong1PQFM_XObs_entangled_trainable_rzz_QLayers_5___seed_1_1761468207
7032832,1-Training-Losses/clipfrac,0.0,Pong1PQFM_XObs_entangled_trainable_rzz_QLayers_5___seed_1_1761468207
7036928,1-Training-Losses/clipfrac,6.103515625e-05,Pong1PQFM_XObs_entangled_trainable_rzz_QLayers_5___seed_1_1761468207
7041024,1-Training-Losses/clipfrac,0.0,Pong1PQFM_XObs_entangled_trainable_rzz_QLayers_5___seed_1_1761468207
7045120,1-Training-Losses/clipfrac,0.0,Pong1PQFM_XObs_entangled_trainable_rzz_QLayers_5___seed_1_1761468207
7049216,1-Training-Losses/clipfrac,0.0,Pong1PQFM_XObs_entangled_trainable_rzz_QLayers_5___seed_1_1761468207
7053312,1-Training-Losses/clipfrac,0.0,Pong1PQFM_XObs_entangled_trainable_rzz_QLayers_5___seed_1_1761468207
7057408,1-Training-Losses/clipfrac,0.0,Pong1PQFM_XObs_entangled_trainable_rzz_QLayers_5___seed_1_1761468207
7061504,1-Training-Losses/clipfrac,0.0,Pong1PQFM_XObs_entangled_trainable_rzz_QLayers_5___seed_1_1761468207
7065600,1-Training-Losses/clipfrac,0.0,Pong1PQFM_XObs_entangled_trainable_rzz_QLayers_5___seed_1_1761468207
7069696,1-Training-Losses/clipfrac,0.0,Pong1PQFM_XObs_entangled_trainable_rzz_QLayers_5___seed_1_1761468207
7073792,1-Training-Losses/clipfrac,0.0,Pong1PQFM_XObs_entangled_trainable_rzz_QLayers_5___seed_1_1761468207
7077888,1-Training-Losses/clipfrac,0.0,Pong1PQFM_XObs_entangled_trainable_rzz_QLayers_5___seed_1_1761468207
7081984,1-Training-Losses/clipfrac,0.0,Pong1PQFM_XObs_entangled_trainable_rzz_QLayers_5___seed_1_1761468207
7086080,1-Training-Losses/clipfrac,0.0,Pong1PQFM_XObs_entangled_trainable_rzz_QLayers_5___seed_1_1761468207
7090176,1-Training-Losses/clipfrac,0.0,Pong1PQFM_XObs_entangled_trainable_rzz_QLayers_5___seed_1_1761468207
7094272,1-Training-Losses/clipfrac,0.0,Pong1PQFM_XObs_entangled_trainable_rzz_QLayers_5___seed_1_1761468207
7098368,1-Training-Losses/clipfrac,0.0,Pong1PQFM_XObs_entangled_trainable_rzz_QLayers_5___seed_1_1761468207
7102464,1-Training-Losses/clipfrac,0.0,Pong1PQFM_XObs_entangled_trainable_rzz_QLayers_5___seed_1_1761468207
7106560,1-Training-Losses/clipfrac,0.0,Pong1PQFM_XObs_entangled_trainable_rzz_QLayers_5___seed_1_1761468207
7110656,1-Training-Losses/clipfrac,0.0,Pong1PQFM_XObs_entangled_trainable_rzz_QLayers_5___seed_1_1761468207
7114752,1-Training-Losses/clipfrac,0.0,Pong1PQFM_XObs_entangled_trainable_rzz_QLayers_5___seed_1_1761468207
7118848,1-Training-Losses/clipfrac,0.0,Pong1PQFM_XObs_entangled_trainable_rzz_QLayers_5___seed_1_1761468207
7122944,1-Training-Losses/clipfrac,0.0001220703125,Pong1PQFM_XObs_entangled_trainable_rzz_QLayers_5___seed_1_1761468207
7127040,1-Training-Losses/clipfrac,0.00018310546875,Pong1PQFM_XObs_entangled_trainable_rzz_QLayers_5___seed_1_1761468207
7131136,1-Training-Losses/clipfrac,0.0,Pong1PQFM_XObs_entangled_trainable_rzz_QLayers_5___seed_1_1761468207
7135232,1-Training-Losses/clipfrac,0.0,Pong1PQFM_XObs_entangled_trainable_rzz_QLayers_5___seed_1_1761468207
7139328,1-Training-Losses/clipfrac,0.0,Pong1PQFM_XObs_entangled_trainable_rzz_QLayers_5___seed_1_1761468207
7143424,1-Training-Losses/clipfrac,0.0,Pong1PQFM_XObs_entangled_trainable_rzz_QLayers_5___seed_1_1761468207
7147520,1-Training-Losses/clipfrac,0.0001220703125,Pong1PQFM_XObs_entangled_trainable_rzz_QLayers_5___seed_1_1761468207
7151616,1-Training-Losses/clipfrac,0.00018310546875,Pong1PQFM_XObs_entangled_trainable_rzz_QLayers_5___seed_1_1761468207
7155712,1-Training-Losses/clipfrac,0.0,Pong1PQFM_XObs_entangled_trainable_rzz_QLayers_5___seed_1_1761468207
7159808,1-Training-Losses/clipfrac,0.0,Pong1PQFM_XObs_entangled_trainable_rzz_QLayers_5___seed_1_1761468207
7163904,1-Training-Losses/clipfrac,0.0,Pong1PQFM_XObs_entangled_trainable_rzz_QLayers_5___seed_1_1761468207
7168000,1-Training-Losses/clipfrac,6.103515625e-05,Pong1PQFM_XObs_entangled_trainable_rzz_QLayers_5___seed_1_1761468207
7172096,1-Training-Losses/clipfrac,0.0,Pong1PQFM_XObs_entangled_trainable_rzz_QLayers_5___seed_1_1761468207
7176192,1-Training-Losses/clipfrac,0.0,Pong1PQFM_XObs_entangled_trainable_rzz_QLayers_5___seed_1_1761468207
7180288,1-Training-Losses/clipfrac,0.0,Pong1PQFM_XObs_entangled_trainable_rzz_QLayers_5___seed_1_1761468207
7184384,1-Training-Losses/clipfrac,0.0,Pong1PQFM_XObs_entangled_trainable_rzz_QLayers_5___seed_1_1761468207
7188480,1-Training-Losses/clipfrac,0.0,Pong1PQFM_XObs_entangled_trainable_rzz_QLayers_5___seed_1_1761468207
7192576,1-Training-Losses/clipfrac,0.0,Pong1PQFM_XObs_entangled_trainable_rzz_QLayers_5___seed_1_1761468207
7196672,1-Training-Losses/clipfrac,0.0,Pong1PQFM_XObs_entangled_trainable_rzz_QLayers_5___seed_1_1761468207
7200768,1-Training-Losses/clipfrac,0.0,Pong1PQFM_XObs_entangled_trainable_rzz_QLayers_5___seed_1_1761468207
7204864,1-Training-Losses/clipfrac,0.0,Pong1PQFM_XObs_entangled_trainable_rzz_QLayers_5___seed_1_1761468207
7208960,1-Training-Losses/clipfrac,0.0,Pong1PQFM_XObs_entangled_trainable_rzz_QLayers_5___seed_1_1761468207
7213056,1-Training-Losses/clipfrac,0.0,Pong1PQFM_XObs_entangled_trainable_rzz_QLayers_5___seed_1_1761468207
7217152,1-Training-Losses/clipfrac,0.0,Pong1PQFM_XObs_entangled_trainable_rzz_QLayers_5___seed_1_1761468207
7221248,1-Training-Losses/clipfrac,0.0,Pong1PQFM_XObs_entangled_trainable_rzz_QLayers_5___seed_1_1761468207
7225344,1-Training-Losses/clipfrac,0.0,Pong1PQFM_XObs_entangled_trainable_rzz_QLayers_5___seed_1_1761468207
7229440,1-Training-Losses/clipfrac,0.0,Pong1PQFM_XObs_entangled_trainable_rzz_QLayers_5___seed_1_1761468207
7233536,1-Training-Losses/clipfrac,0.0,Pong1PQFM_XObs_entangled_trainable_rzz_QLayers_5___seed_1_1761468207
7237632,1-Training-Losses/clipfrac,0.0,Pong1PQFM_XObs_entangled_trainable_rzz_QLayers_5___seed_1_1761468207
7241728,1-Training-Losses/clipfrac,0.0,Pong1PQFM_XObs_entangled_trainable_rzz_QLayers_5___seed_1_1761468207
7245824,1-Training-Losses/clipfrac,0.0,Pong1PQFM_XObs_entangled_trainable_rzz_QLayers_5___seed_1_1761468207
7249920,1-Training-Losses/clipfrac,0.0,Pong1PQFM_XObs_entangled_trainable_rzz_QLayers_5___seed_1_1761468207
7254016,1-Training-Losses/clipfrac,0.0,Pong1PQFM_XObs_entangled_trainable_rzz_QLayers_5___seed_1_1761468207
7258112,1-Training-Losses/clipfrac,0.0,Pong1PQFM_XObs_entangled_trainable_rzz_QLayers_5___seed_1_1761468207
7262208,1-Training-Losses/clipfrac,0.0,Pong1PQFM_XObs_entangled_trainable_rzz_QLayers_5___seed_1_1761468207
7266304,1-Training-Losses/clipfrac,0.0,Pong1PQFM_XObs_entangled_trainable_rzz_QLayers_5___seed_1_1761468207
7270400,1-Training-Losses/clipfrac,0.0,Pong1PQFM_XObs_entangled_trainable_rzz_QLayers_5___seed_1_1761468207
7274496,1-Training-Losses/clipfrac,0.0,Pong1PQFM_XObs_entangled_trainable_rzz_QLayers_5___seed_1_1761468207
7278592,1-Training-Losses/clipfrac,0.0,Pong1PQFM_XObs_entangled_trainable_rzz_QLayers_5___seed_1_1761468207
7282688,1-Training-Losses/clipfrac,0.0,Pong1PQFM_XObs_entangled_trainable_rzz_QLayers_5___seed_1_1761468207
7286784,1-Training-Losses/clipfrac,0.0,Pong1PQFM_XObs_entangled_trainable_rzz_QLayers_5___seed_1_1761468207
7290880,1-Training-Losses/clipfrac,0.0,Pong1PQFM_XObs_entangled_trainable_rzz_QLayers_5___seed_1_1761468207
7294976,1-Training-Losses/clipfrac,0.0,Pong1PQFM_XObs_entangled_trainable_rzz_QLayers_5___seed_1_1761468207
7299072,1-Training-Losses/clipfrac,0.0,Pong1PQFM_XObs_entangled_trainable_rzz_QLayers_5___seed_1_1761468207
7303168,1-Training-Losses/clipfrac,0.0,Pong1PQFM_XObs_entangled_trainable_rzz_QLayers_5___seed_1_1761468207
7307264,1-Training-Losses/clipfrac,0.0,Pong1PQFM_XObs_entangled_trainable_rzz_QLayers_5___seed_1_1761468207
7311360,1-Training-Losses/clipfrac,0.0,Pong1PQFM_XObs_entangled_trainable_rzz_QLayers_5___seed_1_1761468207
7315456,1-Training-Losses/clipfrac,0.0,Pong1PQFM_XObs_entangled_trainable_rzz_QLayers_5___seed_1_1761468207
7319552,1-Training-Losses/clipfrac,0.0,Pong1PQFM_XObs_entangled_trainable_rzz_QLayers_5___seed_1_1761468207
7323648,1-Training-Losses/clipfrac,0.0,Pong1PQFM_XObs_entangled_trainable_rzz_QLayers_5___seed_1_1761468207
7327744,1-Training-Losses/clipfrac,0.0,Pong1PQFM_XObs_entangled_trainable_rzz_QLayers_5___seed_1_1761468207
7331840,1-Training-Losses/clipfrac,0.0,Pong1PQFM_XObs_entangled_trainable_rzz_QLayers_5___seed_1_1761468207
7335936,1-Training-Losses/clipfrac,0.0,Pong1PQFM_XObs_entangled_trainable_rzz_QLayers_5___seed_1_1761468207
7340032,1-Training-Losses/clipfrac,0.0,Pong1PQFM_XObs_entangled_trainable_rzz_QLayers_5___seed_1_1761468207
7344128,1-Training-Losses/clipfrac,0.0,Pong1PQFM_XObs_entangled_trainable_rzz_QLayers_5___seed_1_1761468207
7348224,1-Training-Losses/clipfrac,0.0,Pong1PQFM_XObs_entangled_trainable_rzz_QLayers_5___seed_1_1761468207
7352320,1-Training-Losses/clipfrac,0.0,Pong1PQFM_XObs_entangled_trainable_rzz_QLayers_5___seed_1_1761468207
7356416,1-Training-Losses/clipfrac,0.0,Pong1PQFM_XObs_entangled_trainable_rzz_QLayers_5___seed_1_1761468207
7360512,1-Training-Losses/clipfrac,0.0,Pong1PQFM_XObs_entangled_trainable_rzz_QLayers_5___seed_1_1761468207
7364608,1-Training-Losses/clipfrac,0.0,Pong1PQFM_XObs_entangled_trainable_rzz_QLayers_5___seed_1_1761468207
7368704,1-Training-Losses/clipfrac,0.0,Pong1PQFM_XObs_entangled_trainable_rzz_QLayers_5___seed_1_1761468207
7372800,1-Training-Losses/clipfrac,0.0,Pong1PQFM_XObs_entangled_trainable_rzz_QLayers_5___seed_1_1761468207
7376896,1-Training-Losses/clipfrac,0.0,Pong1PQFM_XObs_entangled_trainable_rzz_QLayers_5___seed_1_1761468207
7380992,1-Training-Losses/clipfrac,0.0,Pong1PQFM_XObs_entangled_trainable_rzz_QLayers_5___seed_1_1761468207
7385088,1-Training-Losses/clipfrac,0.0,Pong1PQFM_XObs_entangled_trainable_rzz_QLayers_5___seed_1_1761468207
7389184,1-Training-Losses/clipfrac,0.0,Pong1PQFM_XObs_entangled_trainable_rzz_QLayers_5___seed_1_1761468207
7393280,1-Training-Losses/clipfrac,0.0,Pong1PQFM_XObs_entangled_trainable_rzz_QLayers_5___seed_1_1761468207
7397376,1-Training-Losses/clipfrac,0.0,Pong1PQFM_XObs_entangled_trainable_rzz_QLayers_5___seed_1_1761468207
7401472,1-Training-Losses/clipfrac,0.0,Pong1PQFM_XObs_entangled_trainable_rzz_QLayers_5___seed_1_1761468207
7405568,1-Training-Losses/clipfrac,0.0,Pong1PQFM_XObs_entangled_trainable_rzz_QLayers_5___seed_1_1761468207
7409664,1-Training-Losses/clipfrac,0.0,Pong1PQFM_XObs_entangled_trainable_rzz_QLayers_5___seed_1_1761468207
7413760,1-Training-Losses/clipfrac,0.0,Pong1PQFM_XObs_entangled_trainable_rzz_QLayers_5___seed_1_1761468207
7417856,1-Training-Losses/clipfrac,0.0,Pong1PQFM_XObs_entangled_trainable_rzz_QLayers_5___seed_1_1761468207
7421952,1-Training-Losses/clipfrac,0.0,Pong1PQFM_XObs_entangled_trainable_rzz_QLayers_5___seed_1_1761468207
7426048,1-Training-Losses/clipfrac,0.0,Pong1PQFM_XObs_entangled_trainable_rzz_QLayers_5___seed_1_1761468207
7430144,1-Training-Losses/clipfrac,0.0,Pong1PQFM_XObs_entangled_trainable_rzz_QLayers_5___seed_1_1761468207
7434240,1-Training-Losses/clipfrac,0.0,Pong1PQFM_XObs_entangled_trainable_rzz_QLayers_5___seed_1_1761468207
7438336,1-Training-Losses/clipfrac,0.0,Pong1PQFM_XObs_entangled_trainable_rzz_QLayers_5___seed_1_1761468207
7442432,1-Training-Losses/clipfrac,0.0,Pong1PQFM_XObs_entangled_trainable_rzz_QLayers_5___seed_1_1761468207
7446528,1-Training-Losses/clipfrac,0.0,Pong1PQFM_XObs_entangled_trainable_rzz_QLayers_5___seed_1_1761468207
7450624,1-Training-Losses/clipfrac,0.0,Pong1PQFM_XObs_entangled_trainable_rzz_QLayers_5___seed_1_1761468207
7454720,1-Training-Losses/clipfrac,0.0,Pong1PQFM_XObs_entangled_trainable_rzz_QLayers_5___seed_1_1761468207
7458816,1-Training-Losses/clipfrac,0.0,Pong1PQFM_XObs_entangled_trainable_rzz_QLayers_5___seed_1_1761468207
7462912,1-Training-Losses/clipfrac,0.0,Pong1PQFM_XObs_entangled_trainable_rzz_QLayers_5___seed_1_1761468207
7467008,1-Training-Losses/clipfrac,0.0,Pong1PQFM_XObs_entangled_trainable_rzz_QLayers_5___seed_1_1761468207
7471104,1-Training-Losses/clipfrac,0.0,Pong1PQFM_XObs_entangled_trainable_rzz_QLayers_5___seed_1_1761468207
7475200,1-Training-Losses/clipfrac,0.0,Pong1PQFM_XObs_entangled_trainable_rzz_QLayers_5___seed_1_1761468207
7479296,1-Training-Losses/clipfrac,0.0,Pong1PQFM_XObs_entangled_trainable_rzz_QLayers_5___seed_1_1761468207
7483392,1-Training-Losses/clipfrac,0.0,Pong1PQFM_XObs_entangled_trainable_rzz_QLayers_5___seed_1_1761468207
7487488,1-Training-Losses/clipfrac,0.0,Pong1PQFM_XObs_entangled_trainable_rzz_QLayers_5___seed_1_1761468207
7491584,1-Training-Losses/clipfrac,0.0,Pong1PQFM_XObs_entangled_trainable_rzz_QLayers_5___seed_1_1761468207
7495680,1-Training-Losses/clipfrac,0.0,Pong1PQFM_XObs_entangled_trainable_rzz_QLayers_5___seed_1_1761468207
7499776,1-Training-Losses/clipfrac,0.0,Pong1PQFM_XObs_entangled_trainable_rzz_QLayers_5___seed_1_1761468207
7503872,1-Training-Losses/clipfrac,0.0,Pong1PQFM_XObs_entangled_trainable_rzz_QLayers_5___seed_1_1761468207
7507968,1-Training-Losses/clipfrac,0.0,Pong1PQFM_XObs_entangled_trainable_rzz_QLayers_5___seed_1_1761468207
7512064,1-Training-Losses/clipfrac,0.0,Pong1PQFM_XObs_entangled_trainable_rzz_QLayers_5___seed_1_1761468207
7516160,1-Training-Losses/clipfrac,0.0,Pong1PQFM_XObs_entangled_trainable_rzz_QLayers_5___seed_1_1761468207
7520256,1-Training-Losses/clipfrac,0.0,Pong1PQFM_XObs_entangled_trainable_rzz_QLayers_5___seed_1_1761468207
7524352,1-Training-Losses/clipfrac,0.0,Pong1PQFM_XObs_entangled_trainable_rzz_QLayers_5___seed_1_1761468207
7528448,1-Training-Losses/clipfrac,0.0,Pong1PQFM_XObs_entangled_trainable_rzz_QLayers_5___seed_1_1761468207
7532544,1-Training-Losses/clipfrac,0.0,Pong1PQFM_XObs_entangled_trainable_rzz_QLayers_5___seed_1_1761468207
7536640,1-Training-Losses/clipfrac,0.0,Pong1PQFM_XObs_entangled_trainable_rzz_QLayers_5___seed_1_1761468207
7540736,1-Training-Losses/clipfrac,0.0,Pong1PQFM_XObs_entangled_trainable_rzz_QLayers_5___seed_1_1761468207
7544832,1-Training-Losses/clipfrac,0.0,Pong1PQFM_XObs_entangled_trainable_rzz_QLayers_5___seed_1_1761468207
7548928,1-Training-Losses/clipfrac,0.0,Pong1PQFM_XObs_entangled_trainable_rzz_QLayers_5___seed_1_1761468207
7553024,1-Training-Losses/clipfrac,0.0,Pong1PQFM_XObs_entangled_trainable_rzz_QLayers_5___seed_1_1761468207
7557120,1-Training-Losses/clipfrac,0.0,Pong1PQFM_XObs_entangled_trainable_rzz_QLayers_5___seed_1_1761468207
7561216,1-Training-Losses/clipfrac,0.0,Pong1PQFM_XObs_entangled_trainable_rzz_QLayers_5___seed_1_1761468207
7565312,1-Training-Losses/clipfrac,0.0,Pong1PQFM_XObs_entangled_trainable_rzz_QLayers_5___seed_1_1761468207
7569408,1-Training-Losses/clipfrac,0.0,Pong1PQFM_XObs_entangled_trainable_rzz_QLayers_5___seed_1_1761468207
7573504,1-Training-Losses/clipfrac,0.0,Pong1PQFM_XObs_entangled_trainable_rzz_QLayers_5___seed_1_1761468207
7577600,1-Training-Losses/clipfrac,0.0,Pong1PQFM_XObs_entangled_trainable_rzz_QLayers_5___seed_1_1761468207
7581696,1-Training-Losses/clipfrac,0.0,Pong1PQFM_XObs_entangled_trainable_rzz_QLayers_5___seed_1_1761468207
7585792,1-Training-Losses/clipfrac,0.0,Pong1PQFM_XObs_entangled_trainable_rzz_QLayers_5___seed_1_1761468207
7589888,1-Training-Losses/clipfrac,0.0,Pong1PQFM_XObs_entangled_trainable_rzz_QLayers_5___seed_1_1761468207
7593984,1-Training-Losses/clipfrac,0.0,Pong1PQFM_XObs_entangled_trainable_rzz_QLayers_5___seed_1_1761468207
7598080,1-Training-Losses/clipfrac,0.0,Pong1PQFM_XObs_entangled_trainable_rzz_QLayers_5___seed_1_1761468207
7602176,1-Training-Losses/clipfrac,0.0,Pong1PQFM_XObs_entangled_trainable_rzz_QLayers_5___seed_1_1761468207
7606272,1-Training-Losses/clipfrac,0.0,Pong1PQFM_XObs_entangled_trainable_rzz_QLayers_5___seed_1_1761468207
7610368,1-Training-Losses/clipfrac,0.0,Pong1PQFM_XObs_entangled_trainable_rzz_QLayers_5___seed_1_1761468207
7614464,1-Training-Losses/clipfrac,0.0,Pong1PQFM_XObs_entangled_trainable_rzz_QLayers_5___seed_1_1761468207
7618560,1-Training-Losses/clipfrac,0.0,Pong1PQFM_XObs_entangled_trainable_rzz_QLayers_5___seed_1_1761468207
7622656,1-Training-Losses/clipfrac,0.0,Pong1PQFM_XObs_entangled_trainable_rzz_QLayers_5___seed_1_1761468207
7626752,1-Training-Losses/clipfrac,0.0,Pong1PQFM_XObs_entangled_trainable_rzz_QLayers_5___seed_1_1761468207
7630848,1-Training-Losses/clipfrac,0.0,Pong1PQFM_XObs_entangled_trainable_rzz_QLayers_5___seed_1_1761468207
7634944,1-Training-Losses/clipfrac,0.0,Pong1PQFM_XObs_entangled_trainable_rzz_QLayers_5___seed_1_1761468207
7639040,1-Training-Losses/clipfrac,0.0,Pong1PQFM_XObs_entangled_trainable_rzz_QLayers_5___seed_1_1761468207
7643136,1-Training-Losses/clipfrac,0.0,Pong1PQFM_XObs_entangled_trainable_rzz_QLayers_5___seed_1_1761468207
7647232,1-Training-Losses/clipfrac,0.0,Pong1PQFM_XObs_entangled_trainable_rzz_QLayers_5___seed_1_1761468207
7651328,1-Training-Losses/clipfrac,0.0,Pong1PQFM_XObs_entangled_trainable_rzz_QLayers_5___seed_1_1761468207
7655424,1-Training-Losses/clipfrac,0.0,Pong1PQFM_XObs_entangled_trainable_rzz_QLayers_5___seed_1_1761468207
7659520,1-Training-Losses/clipfrac,0.0,Pong1PQFM_XObs_entangled_trainable_rzz_QLayers_5___seed_1_1761468207
7663616,1-Training-Losses/clipfrac,0.0,Pong1PQFM_XObs_entangled_trainable_rzz_QLayers_5___seed_1_1761468207
7667712,1-Training-Losses/clipfrac,0.0,Pong1PQFM_XObs_entangled_trainable_rzz_QLayers_5___seed_1_1761468207
7671808,1-Training-Losses/clipfrac,0.0,Pong1PQFM_XObs_entangled_trainable_rzz_QLayers_5___seed_1_1761468207
7675904,1-Training-Losses/clipfrac,0.0,Pong1PQFM_XObs_entangled_trainable_rzz_QLayers_5___seed_1_1761468207
7680000,1-Training-Losses/clipfrac,0.0,Pong1PQFM_XObs_entangled_trainable_rzz_QLayers_5___seed_1_1761468207
7684096,1-Training-Losses/clipfrac,0.0,Pong1PQFM_XObs_entangled_trainable_rzz_QLayers_5___seed_1_1761468207
7688192,1-Training-Losses/clipfrac,0.0,Pong1PQFM_XObs_entangled_trainable_rzz_QLayers_5___seed_1_1761468207
7692288,1-Training-Losses/clipfrac,0.0,Pong1PQFM_XObs_entangled_trainable_rzz_QLayers_5___seed_1_1761468207
7696384,1-Training-Losses/clipfrac,0.0,Pong1PQFM_XObs_entangled_trainable_rzz_QLayers_5___seed_1_1761468207
7700480,1-Training-Losses/clipfrac,0.0,Pong1PQFM_XObs_entangled_trainable_rzz_QLayers_5___seed_1_1761468207
7704576,1-Training-Losses/clipfrac,0.0,Pong1PQFM_XObs_entangled_trainable_rzz_QLayers_5___seed_1_1761468207
7708672,1-Training-Losses/clipfrac,0.0,Pong1PQFM_XObs_entangled_trainable_rzz_QLayers_5___seed_1_1761468207
7712768,1-Training-Losses/clipfrac,0.0,Pong1PQFM_XObs_entangled_trainable_rzz_QLayers_5___seed_1_1761468207
7716864,1-Training-Losses/clipfrac,0.0,Pong1PQFM_XObs_entangled_trainable_rzz_QLayers_5___seed_1_1761468207
7720960,1-Training-Losses/clipfrac,0.0,Pong1PQFM_XObs_entangled_trainable_rzz_QLayers_5___seed_1_1761468207
7725056,1-Training-Losses/clipfrac,0.0,Pong1PQFM_XObs_entangled_trainable_rzz_QLayers_5___seed_1_1761468207
7729152,1-Training-Losses/clipfrac,0.0,Pong1PQFM_XObs_entangled_trainable_rzz_QLayers_5___seed_1_1761468207
7733248,1-Training-Losses/clipfrac,0.0,Pong1PQFM_XObs_entangled_trainable_rzz_QLayers_5___seed_1_1761468207
7737344,1-Training-Losses/clipfrac,0.0,Pong1PQFM_XObs_entangled_trainable_rzz_QLayers_5___seed_1_1761468207
7741440,1-Training-Losses/clipfrac,0.0,Pong1PQFM_XObs_entangled_trainable_rzz_QLayers_5___seed_1_1761468207
7745536,1-Training-Losses/clipfrac,0.0,Pong1PQFM_XObs_entangled_trainable_rzz_QLayers_5___seed_1_1761468207
7749632,1-Training-Losses/clipfrac,0.0,Pong1PQFM_XObs_entangled_trainable_rzz_QLayers_5___seed_1_1761468207
7753728,1-Training-Losses/clipfrac,0.0,Pong1PQFM_XObs_entangled_trainable_rzz_QLayers_5___seed_1_1761468207
7757824,1-Training-Losses/clipfrac,0.0,Pong1PQFM_XObs_entangled_trainable_rzz_QLayers_5___seed_1_1761468207
7761920,1-Training-Losses/clipfrac,0.0,Pong1PQFM_XObs_entangled_trainable_rzz_QLayers_5___seed_1_1761468207
7766016,1-Training-Losses/clipfrac,0.0,Pong1PQFM_XObs_entangled_trainable_rzz_QLayers_5___seed_1_1761468207
7770112,1-Training-Losses/clipfrac,0.0,Pong1PQFM_XObs_entangled_trainable_rzz_QLayers_5___seed_1_1761468207
7774208,1-Training-Losses/clipfrac,0.0,Pong1PQFM_XObs_entangled_trainable_rzz_QLayers_5___seed_1_1761468207
7778304,1-Training-Losses/clipfrac,0.0,Pong1PQFM_XObs_entangled_trainable_rzz_QLayers_5___seed_1_1761468207
7782400,1-Training-Losses/clipfrac,0.0,Pong1PQFM_XObs_entangled_trainable_rzz_QLayers_5___seed_1_1761468207
7786496,1-Training-Losses/clipfrac,0.0,Pong1PQFM_XObs_entangled_trainable_rzz_QLayers_5___seed_1_1761468207
7790592,1-Training-Losses/clipfrac,0.0,Pong1PQFM_XObs_entangled_trainable_rzz_QLayers_5___seed_1_1761468207
7794688,1-Training-Losses/clipfrac,0.0,Pong1PQFM_XObs_entangled_trainable_rzz_QLayers_5___seed_1_1761468207
7798784,1-Training-Losses/clipfrac,0.0,Pong1PQFM_XObs_entangled_trainable_rzz_QLayers_5___seed_1_1761468207
7802880,1-Training-Losses/clipfrac,0.0,Pong1PQFM_XObs_entangled_trainable_rzz_QLayers_5___seed_1_1761468207
7806976,1-Training-Losses/clipfrac,0.0,Pong1PQFM_XObs_entangled_trainable_rzz_QLayers_5___seed_1_1761468207
7811072,1-Training-Losses/clipfrac,0.0,Pong1PQFM_XObs_entangled_trainable_rzz_QLayers_5___seed_1_1761468207
7815168,1-Training-Losses/clipfrac,0.0,Pong1PQFM_XObs_entangled_trainable_rzz_QLayers_5___seed_1_1761468207
7819264,1-Training-Losses/clipfrac,0.0,Pong1PQFM_XObs_entangled_trainable_rzz_QLayers_5___seed_1_1761468207
7823360,1-Training-Losses/clipfrac,0.0,Pong1PQFM_XObs_entangled_trainable_rzz_QLayers_5___seed_1_1761468207
7827456,1-Training-Losses/clipfrac,0.0,Pong1PQFM_XObs_entangled_trainable_rzz_QLayers_5___seed_1_1761468207
7831552,1-Training-Losses/clipfrac,0.0,Pong1PQFM_XObs_entangled_trainable_rzz_QLayers_5___seed_1_1761468207
7835648,1-Training-Losses/clipfrac,0.0,Pong1PQFM_XObs_entangled_trainable_rzz_QLayers_5___seed_1_1761468207
7839744,1-Training-Losses/clipfrac,0.0,Pong1PQFM_XObs_entangled_trainable_rzz_QLayers_5___seed_1_1761468207
7843840,1-Training-Losses/clipfrac,0.0,Pong1PQFM_XObs_entangled_trainable_rzz_QLayers_5___seed_1_1761468207
7847936,1-Training-Losses/clipfrac,0.0,Pong1PQFM_XObs_entangled_trainable_rzz_QLayers_5___seed_1_1761468207
7852032,1-Training-Losses/clipfrac,0.0,Pong1PQFM_XObs_entangled_trainable_rzz_QLayers_5___seed_1_1761468207
7856128,1-Training-Losses/clipfrac,0.0,Pong1PQFM_XObs_entangled_trainable_rzz_QLayers_5___seed_1_1761468207
7860224,1-Training-Losses/clipfrac,0.0,Pong1PQFM_XObs_entangled_trainable_rzz_QLayers_5___seed_1_1761468207
7864320,1-Training-Losses/clipfrac,0.0,Pong1PQFM_XObs_entangled_trainable_rzz_QLayers_5___seed_1_1761468207
7868416,1-Training-Losses/clipfrac,0.0,Pong1PQFM_XObs_entangled_trainable_rzz_QLayers_5___seed_1_1761468207
7872512,1-Training-Losses/clipfrac,0.0,Pong1PQFM_XObs_entangled_trainable_rzz_QLayers_5___seed_1_1761468207
7876608,1-Training-Losses/clipfrac,0.0,Pong1PQFM_XObs_entangled_trainable_rzz_QLayers_5___seed_1_1761468207
7880704,1-Training-Losses/clipfrac,0.0,Pong1PQFM_XObs_entangled_trainable_rzz_QLayers_5___seed_1_1761468207
7884800,1-Training-Losses/clipfrac,0.0,Pong1PQFM_XObs_entangled_trainable_rzz_QLayers_5___seed_1_1761468207
7888896,1-Training-Losses/clipfrac,0.0,Pong1PQFM_XObs_entangled_trainable_rzz_QLayers_5___seed_1_1761468207
7892992,1-Training-Losses/clipfrac,0.0,Pong1PQFM_XObs_entangled_trainable_rzz_QLayers_5___seed_1_1761468207
7897088,1-Training-Losses/clipfrac,0.0,Pong1PQFM_XObs_entangled_trainable_rzz_QLayers_5___seed_1_1761468207
7901184,1-Training-Losses/clipfrac,0.0,Pong1PQFM_XObs_entangled_trainable_rzz_QLayers_5___seed_1_1761468207
7905280,1-Training-Losses/clipfrac,0.0,Pong1PQFM_XObs_entangled_trainable_rzz_QLayers_5___seed_1_1761468207
7909376,1-Training-Losses/clipfrac,0.0,Pong1PQFM_XObs_entangled_trainable_rzz_QLayers_5___seed_1_1761468207
7913472,1-Training-Losses/clipfrac,0.0,Pong1PQFM_XObs_entangled_trainable_rzz_QLayers_5___seed_1_1761468207
7917568,1-Training-Losses/clipfrac,0.0,Pong1PQFM_XObs_entangled_trainable_rzz_QLayers_5___seed_1_1761468207
7921664,1-Training-Losses/clipfrac,0.0,Pong1PQFM_XObs_entangled_trainable_rzz_QLayers_5___seed_1_1761468207
7925760,1-Training-Losses/clipfrac,0.0,Pong1PQFM_XObs_entangled_trainable_rzz_QLayers_5___seed_1_1761468207
7929856,1-Training-Losses/clipfrac,0.0,Pong1PQFM_XObs_entangled_trainable_rzz_QLayers_5___seed_1_1761468207
7933952,1-Training-Losses/clipfrac,0.0,Pong1PQFM_XObs_entangled_trainable_rzz_QLayers_5___seed_1_1761468207
7938048,1-Training-Losses/clipfrac,0.0,Pong1PQFM_XObs_entangled_trainable_rzz_QLayers_5___seed_1_1761468207
7942144,1-Training-Losses/clipfrac,0.0,Pong1PQFM_XObs_entangled_trainable_rzz_QLayers_5___seed_1_1761468207
7946240,1-Training-Losses/clipfrac,0.0,Pong1PQFM_XObs_entangled_trainable_rzz_QLayers_5___seed_1_1761468207
7950336,1-Training-Losses/clipfrac,0.0,Pong1PQFM_XObs_entangled_trainable_rzz_QLayers_5___seed_1_1761468207
7954432,1-Training-Losses/clipfrac,0.0,Pong1PQFM_XObs_entangled_trainable_rzz_QLayers_5___seed_1_1761468207
7958528,1-Training-Losses/clipfrac,0.0,Pong1PQFM_XObs_entangled_trainable_rzz_QLayers_5___seed_1_1761468207
7962624,1-Training-Losses/clipfrac,0.0,Pong1PQFM_XObs_entangled_trainable_rzz_QLayers_5___seed_1_1761468207
7966720,1-Training-Losses/clipfrac,0.0,Pong1PQFM_XObs_entangled_trainable_rzz_QLayers_5___seed_1_1761468207
7970816,1-Training-Losses/clipfrac,0.0,Pong1PQFM_XObs_entangled_trainable_rzz_QLayers_5___seed_1_1761468207
7974912,1-Training-Losses/clipfrac,0.0,Pong1PQFM_XObs_entangled_trainable_rzz_QLayers_5___seed_1_1761468207
7979008,1-Training-Losses/clipfrac,0.0,Pong1PQFM_XObs_entangled_trainable_rzz_QLayers_5___seed_1_1761468207
7983104,1-Training-Losses/clipfrac,6.103515625e-05,Pong1PQFM_XObs_entangled_trainable_rzz_QLayers_5___seed_1_1761468207
7987200,1-Training-Losses/clipfrac,0.0,Pong1PQFM_XObs_entangled_trainable_rzz_QLayers_5___seed_1_1761468207
7991296,1-Training-Losses/clipfrac,0.0,Pong1PQFM_XObs_entangled_trainable_rzz_QLayers_5___seed_1_1761468207
7995392,1-Training-Losses/clipfrac,0.0,Pong1PQFM_XObs_entangled_trainable_rzz_QLayers_5___seed_1_1761468207
7999488,1-Training-Losses/clipfrac,0.0,Pong1PQFM_XObs_entangled_trainable_rzz_QLayers_5___seed_1_1761468207
8003584,1-Training-Losses/clipfrac,0.0,Pong1PQFM_XObs_entangled_trainable_rzz_QLayers_5___seed_1_1761468207
8007680,1-Training-Losses/clipfrac,0.0,Pong1PQFM_XObs_entangled_trainable_rzz_QLayers_5___seed_1_1761468207
8011776,1-Training-Losses/clipfrac,0.0,Pong1PQFM_XObs_entangled_trainable_rzz_QLayers_5___seed_1_1761468207
8015872,1-Training-Losses/clipfrac,0.0,Pong1PQFM_XObs_entangled_trainable_rzz_QLayers_5___seed_1_1761468207
8019968,1-Training-Losses/clipfrac,0.0,Pong1PQFM_XObs_entangled_trainable_rzz_QLayers_5___seed_1_1761468207
8024064,1-Training-Losses/clipfrac,0.0,Pong1PQFM_XObs_entangled_trainable_rzz_QLayers_5___seed_1_1761468207
8028160,1-Training-Losses/clipfrac,0.0,Pong1PQFM_XObs_entangled_trainable_rzz_QLayers_5___seed_1_1761468207
8032256,1-Training-Losses/clipfrac,0.0,Pong1PQFM_XObs_entangled_trainable_rzz_QLayers_5___seed_1_1761468207
8036352,1-Training-Losses/clipfrac,0.0,Pong1PQFM_XObs_entangled_trainable_rzz_QLayers_5___seed_1_1761468207
8040448,1-Training-Losses/clipfrac,0.0,Pong1PQFM_XObs_entangled_trainable_rzz_QLayers_5___seed_1_1761468207
8044544,1-Training-Losses/clipfrac,0.0,Pong1PQFM_XObs_entangled_trainable_rzz_QLayers_5___seed_1_1761468207
8048640,1-Training-Losses/clipfrac,0.0,Pong1PQFM_XObs_entangled_trainable_rzz_QLayers_5___seed_1_1761468207
8052736,1-Training-Losses/clipfrac,0.0,Pong1PQFM_XObs_entangled_trainable_rzz_QLayers_5___seed_1_1761468207
8056832,1-Training-Losses/clipfrac,0.0,Pong1PQFM_XObs_entangled_trainable_rzz_QLayers_5___seed_1_1761468207
8060928,1-Training-Losses/clipfrac,0.0,Pong1PQFM_XObs_entangled_trainable_rzz_QLayers_5___seed_1_1761468207
8065024,1-Training-Losses/clipfrac,0.0,Pong1PQFM_XObs_entangled_trainable_rzz_QLayers_5___seed_1_1761468207
8069120,1-Training-Losses/clipfrac,0.0,Pong1PQFM_XObs_entangled_trainable_rzz_QLayers_5___seed_1_1761468207
8073216,1-Training-Losses/clipfrac,0.0,Pong1PQFM_XObs_entangled_trainable_rzz_QLayers_5___seed_1_1761468207
8077312,1-Training-Losses/clipfrac,0.0,Pong1PQFM_XObs_entangled_trainable_rzz_QLayers_5___seed_1_1761468207
8081408,1-Training-Losses/clipfrac,0.0,Pong1PQFM_XObs_entangled_trainable_rzz_QLayers_5___seed_1_1761468207
8085504,1-Training-Losses/clipfrac,0.0,Pong1PQFM_XObs_entangled_trainable_rzz_QLayers_5___seed_1_1761468207
8089600,1-Training-Losses/clipfrac,0.0,Pong1PQFM_XObs_entangled_trainable_rzz_QLayers_5___seed_1_1761468207
8093696,1-Training-Losses/clipfrac,0.0,Pong1PQFM_XObs_entangled_trainable_rzz_QLayers_5___seed_1_1761468207
8097792,1-Training-Losses/clipfrac,0.0,Pong1PQFM_XObs_entangled_trainable_rzz_QLayers_5___seed_1_1761468207
8101888,1-Training-Losses/clipfrac,0.0,Pong1PQFM_XObs_entangled_trainable_rzz_QLayers_5___seed_1_1761468207
8105984,1-Training-Losses/clipfrac,0.0,Pong1PQFM_XObs_entangled_trainable_rzz_QLayers_5___seed_1_1761468207
8110080,1-Training-Losses/clipfrac,0.0,Pong1PQFM_XObs_entangled_trainable_rzz_QLayers_5___seed_1_1761468207
8114176,1-Training-Losses/clipfrac,0.0,Pong1PQFM_XObs_entangled_trainable_rzz_QLayers_5___seed_1_1761468207
8118272,1-Training-Losses/clipfrac,0.0,Pong1PQFM_XObs_entangled_trainable_rzz_QLayers_5___seed_1_1761468207
8122368,1-Training-Losses/clipfrac,0.0,Pong1PQFM_XObs_entangled_trainable_rzz_QLayers_5___seed_1_1761468207
8126464,1-Training-Losses/clipfrac,0.0,Pong1PQFM_XObs_entangled_trainable_rzz_QLayers_5___seed_1_1761468207
8130560,1-Training-Losses/clipfrac,0.0,Pong1PQFM_XObs_entangled_trainable_rzz_QLayers_5___seed_1_1761468207
8134656,1-Training-Losses/clipfrac,0.0,Pong1PQFM_XObs_entangled_trainable_rzz_QLayers_5___seed_1_1761468207
8138752,1-Training-Losses/clipfrac,0.0,Pong1PQFM_XObs_entangled_trainable_rzz_QLayers_5___seed_1_1761468207
8142848,1-Training-Losses/clipfrac,0.0,Pong1PQFM_XObs_entangled_trainable_rzz_QLayers_5___seed_1_1761468207
8146944,1-Training-Losses/clipfrac,0.0,Pong1PQFM_XObs_entangled_trainable_rzz_QLayers_5___seed_1_1761468207
8151040,1-Training-Losses/clipfrac,0.0,Pong1PQFM_XObs_entangled_trainable_rzz_QLayers_5___seed_1_1761468207
8155136,1-Training-Losses/clipfrac,0.0,Pong1PQFM_XObs_entangled_trainable_rzz_QLayers_5___seed_1_1761468207
8159232,1-Training-Losses/clipfrac,0.0,Pong1PQFM_XObs_entangled_trainable_rzz_QLayers_5___seed_1_1761468207
8163328,1-Training-Losses/clipfrac,0.0,Pong1PQFM_XObs_entangled_trainable_rzz_QLayers_5___seed_1_1761468207
8167424,1-Training-Losses/clipfrac,0.0,Pong1PQFM_XObs_entangled_trainable_rzz_QLayers_5___seed_1_1761468207
8171520,1-Training-Losses/clipfrac,0.0,Pong1PQFM_XObs_entangled_trainable_rzz_QLayers_5___seed_1_1761468207
8175616,1-Training-Losses/clipfrac,0.0,Pong1PQFM_XObs_entangled_trainable_rzz_QLayers_5___seed_1_1761468207
8179712,1-Training-Losses/clipfrac,0.0,Pong1PQFM_XObs_entangled_trainable_rzz_QLayers_5___seed_1_1761468207
8183808,1-Training-Losses/clipfrac,0.0,Pong1PQFM_XObs_entangled_trainable_rzz_QLayers_5___seed_1_1761468207
8187904,1-Training-Losses/clipfrac,0.0,Pong1PQFM_XObs_entangled_trainable_rzz_QLayers_5___seed_1_1761468207
8192000,1-Training-Losses/clipfrac,0.0,Pong1PQFM_XObs_entangled_trainable_rzz_QLayers_5___seed_1_1761468207
8196096,1-Training-Losses/clipfrac,0.0,Pong1PQFM_XObs_entangled_trainable_rzz_QLayers_5___seed_1_1761468207
8200192,1-Training-Losses/clipfrac,0.0,Pong1PQFM_XObs_entangled_trainable_rzz_QLayers_5___seed_1_1761468207
8204288,1-Training-Losses/clipfrac,0.0,Pong1PQFM_XObs_entangled_trainable_rzz_QLayers_5___seed_1_1761468207
8208384,1-Training-Losses/clipfrac,0.0,Pong1PQFM_XObs_entangled_trainable_rzz_QLayers_5___seed_1_1761468207
8212480,1-Training-Losses/clipfrac,0.0,Pong1PQFM_XObs_entangled_trainable_rzz_QLayers_5___seed_1_1761468207
8216576,1-Training-Losses/clipfrac,0.0,Pong1PQFM_XObs_entangled_trainable_rzz_QLayers_5___seed_1_1761468207
8220672,1-Training-Losses/clipfrac,0.0,Pong1PQFM_XObs_entangled_trainable_rzz_QLayers_5___seed_1_1761468207
8224768,1-Training-Losses/clipfrac,0.0,Pong1PQFM_XObs_entangled_trainable_rzz_QLayers_5___seed_1_1761468207
8228864,1-Training-Losses/clipfrac,0.0,Pong1PQFM_XObs_entangled_trainable_rzz_QLayers_5___seed_1_1761468207
8232960,1-Training-Losses/clipfrac,0.0,Pong1PQFM_XObs_entangled_trainable_rzz_QLayers_5___seed_1_1761468207
8237056,1-Training-Losses/clipfrac,0.0,Pong1PQFM_XObs_entangled_trainable_rzz_QLayers_5___seed_1_1761468207
8241152,1-Training-Losses/clipfrac,0.0,Pong1PQFM_XObs_entangled_trainable_rzz_QLayers_5___seed_1_1761468207
8245248,1-Training-Losses/clipfrac,0.0,Pong1PQFM_XObs_entangled_trainable_rzz_QLayers_5___seed_1_1761468207
8249344,1-Training-Losses/clipfrac,0.0,Pong1PQFM_XObs_entangled_trainable_rzz_QLayers_5___seed_1_1761468207
8253440,1-Training-Losses/clipfrac,0.0,Pong1PQFM_XObs_entangled_trainable_rzz_QLayers_5___seed_1_1761468207
8257536,1-Training-Losses/clipfrac,0.0,Pong1PQFM_XObs_entangled_trainable_rzz_QLayers_5___seed_1_1761468207
8261632,1-Training-Losses/clipfrac,0.0,Pong1PQFM_XObs_entangled_trainable_rzz_QLayers_5___seed_1_1761468207
8265728,1-Training-Losses/clipfrac,0.0,Pong1PQFM_XObs_entangled_trainable_rzz_QLayers_5___seed_1_1761468207
8269824,1-Training-Losses/clipfrac,0.0,Pong1PQFM_XObs_entangled_trainable_rzz_QLayers_5___seed_1_1761468207
8273920,1-Training-Losses/clipfrac,0.0,Pong1PQFM_XObs_entangled_trainable_rzz_QLayers_5___seed_1_1761468207
8278016,1-Training-Losses/clipfrac,0.0,Pong1PQFM_XObs_entangled_trainable_rzz_QLayers_5___seed_1_1761468207
8282112,1-Training-Losses/clipfrac,0.0,Pong1PQFM_XObs_entangled_trainable_rzz_QLayers_5___seed_1_1761468207
8286208,1-Training-Losses/clipfrac,0.0,Pong1PQFM_XObs_entangled_trainable_rzz_QLayers_5___seed_1_1761468207
8290304,1-Training-Losses/clipfrac,0.0,Pong1PQFM_XObs_entangled_trainable_rzz_QLayers_5___seed_1_1761468207
8294400,1-Training-Losses/clipfrac,0.0,Pong1PQFM_XObs_entangled_trainable_rzz_QLayers_5___seed_1_1761468207
8298496,1-Training-Losses/clipfrac,0.0,Pong1PQFM_XObs_entangled_trainable_rzz_QLayers_5___seed_1_1761468207
8302592,1-Training-Losses/clipfrac,0.0,Pong1PQFM_XObs_entangled_trainable_rzz_QLayers_5___seed_1_1761468207
8306688,1-Training-Losses/clipfrac,0.0,Pong1PQFM_XObs_entangled_trainable_rzz_QLayers_5___seed_1_1761468207
8310784,1-Training-Losses/clipfrac,0.0,Pong1PQFM_XObs_entangled_trainable_rzz_QLayers_5___seed_1_1761468207
8314880,1-Training-Losses/clipfrac,0.0,Pong1PQFM_XObs_entangled_trainable_rzz_QLayers_5___seed_1_1761468207
8318976,1-Training-Losses/clipfrac,0.0,Pong1PQFM_XObs_entangled_trainable_rzz_QLayers_5___seed_1_1761468207
8323072,1-Training-Losses/clipfrac,0.0,Pong1PQFM_XObs_entangled_trainable_rzz_QLayers_5___seed_1_1761468207
8327168,1-Training-Losses/clipfrac,0.0,Pong1PQFM_XObs_entangled_trainable_rzz_QLayers_5___seed_1_1761468207
8331264,1-Training-Losses/clipfrac,0.0,Pong1PQFM_XObs_entangled_trainable_rzz_QLayers_5___seed_1_1761468207
8335360,1-Training-Losses/clipfrac,0.0,Pong1PQFM_XObs_entangled_trainable_rzz_QLayers_5___seed_1_1761468207
8339456,1-Training-Losses/clipfrac,0.0,Pong1PQFM_XObs_entangled_trainable_rzz_QLayers_5___seed_1_1761468207
8343552,1-Training-Losses/clipfrac,0.0,Pong1PQFM_XObs_entangled_trainable_rzz_QLayers_5___seed_1_1761468207
8347648,1-Training-Losses/clipfrac,0.0,Pong1PQFM_XObs_entangled_trainable_rzz_QLayers_5___seed_1_1761468207
8351744,1-Training-Losses/clipfrac,0.0,Pong1PQFM_XObs_entangled_trainable_rzz_QLayers_5___seed_1_1761468207
8355840,1-Training-Losses/clipfrac,0.0,Pong1PQFM_XObs_entangled_trainable_rzz_QLayers_5___seed_1_1761468207
8359936,1-Training-Losses/clipfrac,0.0,Pong1PQFM_XObs_entangled_trainable_rzz_QLayers_5___seed_1_1761468207
8364032,1-Training-Losses/clipfrac,0.0,Pong1PQFM_XObs_entangled_trainable_rzz_QLayers_5___seed_1_1761468207
8368128,1-Training-Losses/clipfrac,0.0,Pong1PQFM_XObs_entangled_trainable_rzz_QLayers_5___seed_1_1761468207
8372224,1-Training-Losses/clipfrac,0.0,Pong1PQFM_XObs_entangled_trainable_rzz_QLayers_5___seed_1_1761468207
8376320,1-Training-Losses/clipfrac,0.0,Pong1PQFM_XObs_entangled_trainable_rzz_QLayers_5___seed_1_1761468207
8380416,1-Training-Losses/clipfrac,0.0,Pong1PQFM_XObs_entangled_trainable_rzz_QLayers_5___seed_1_1761468207
8384512,1-Training-Losses/clipfrac,0.0,Pong1PQFM_XObs_entangled_trainable_rzz_QLayers_5___seed_1_1761468207
8388608,1-Training-Losses/clipfrac,0.0,Pong1PQFM_XObs_entangled_trainable_rzz_QLayers_5___seed_1_1761468207
8392704,1-Training-Losses/clipfrac,0.0,Pong1PQFM_XObs_entangled_trainable_rzz_QLayers_5___seed_1_1761468207
8396800,1-Training-Losses/clipfrac,0.0,Pong1PQFM_XObs_entangled_trainable_rzz_QLayers_5___seed_1_1761468207
8400896,1-Training-Losses/clipfrac,0.0,Pong1PQFM_XObs_entangled_trainable_rzz_QLayers_5___seed_1_1761468207
8404992,1-Training-Losses/clipfrac,0.0,Pong1PQFM_XObs_entangled_trainable_rzz_QLayers_5___seed_1_1761468207
8409088,1-Training-Losses/clipfrac,0.0,Pong1PQFM_XObs_entangled_trainable_rzz_QLayers_5___seed_1_1761468207
8413184,1-Training-Losses/clipfrac,0.0,Pong1PQFM_XObs_entangled_trainable_rzz_QLayers_5___seed_1_1761468207
8417280,1-Training-Losses/clipfrac,0.0,Pong1PQFM_XObs_entangled_trainable_rzz_QLayers_5___seed_1_1761468207
8421376,1-Training-Losses/clipfrac,0.0,Pong1PQFM_XObs_entangled_trainable_rzz_QLayers_5___seed_1_1761468207
8425472,1-Training-Losses/clipfrac,0.0,Pong1PQFM_XObs_entangled_trainable_rzz_QLayers_5___seed_1_1761468207
8429568,1-Training-Losses/clipfrac,0.0,Pong1PQFM_XObs_entangled_trainable_rzz_QLayers_5___seed_1_1761468207
8433664,1-Training-Losses/clipfrac,0.0,Pong1PQFM_XObs_entangled_trainable_rzz_QLayers_5___seed_1_1761468207
8437760,1-Training-Losses/clipfrac,0.0,Pong1PQFM_XObs_entangled_trainable_rzz_QLayers_5___seed_1_1761468207
8441856,1-Training-Losses/clipfrac,0.0,Pong1PQFM_XObs_entangled_trainable_rzz_QLayers_5___seed_1_1761468207
8445952,1-Training-Losses/clipfrac,0.0,Pong1PQFM_XObs_entangled_trainable_rzz_QLayers_5___seed_1_1761468207
8450048,1-Training-Losses/clipfrac,0.0,Pong1PQFM_XObs_entangled_trainable_rzz_QLayers_5___seed_1_1761468207
8454144,1-Training-Losses/clipfrac,0.0,Pong1PQFM_XObs_entangled_trainable_rzz_QLayers_5___seed_1_1761468207
8458240,1-Training-Losses/clipfrac,0.0,Pong1PQFM_XObs_entangled_trainable_rzz_QLayers_5___seed_1_1761468207
8462336,1-Training-Losses/clipfrac,0.0,Pong1PQFM_XObs_entangled_trainable_rzz_QLayers_5___seed_1_1761468207
8466432,1-Training-Losses/clipfrac,0.0,Pong1PQFM_XObs_entangled_trainable_rzz_QLayers_5___seed_1_1761468207
8470528,1-Training-Losses/clipfrac,0.0,Pong1PQFM_XObs_entangled_trainable_rzz_QLayers_5___seed_1_1761468207
8474624,1-Training-Losses/clipfrac,0.0,Pong1PQFM_XObs_entangled_trainable_rzz_QLayers_5___seed_1_1761468207
8478720,1-Training-Losses/clipfrac,0.0,Pong1PQFM_XObs_entangled_trainable_rzz_QLayers_5___seed_1_1761468207
8482816,1-Training-Losses/clipfrac,0.0,Pong1PQFM_XObs_entangled_trainable_rzz_QLayers_5___seed_1_1761468207
8486912,1-Training-Losses/clipfrac,0.0,Pong1PQFM_XObs_entangled_trainable_rzz_QLayers_5___seed_1_1761468207
8491008,1-Training-Losses/clipfrac,0.0,Pong1PQFM_XObs_entangled_trainable_rzz_QLayers_5___seed_1_1761468207
8495104,1-Training-Losses/clipfrac,0.0,Pong1PQFM_XObs_entangled_trainable_rzz_QLayers_5___seed_1_1761468207
8499200,1-Training-Losses/clipfrac,0.0,Pong1PQFM_XObs_entangled_trainable_rzz_QLayers_5___seed_1_1761468207
8503296,1-Training-Losses/clipfrac,0.0,Pong1PQFM_XObs_entangled_trainable_rzz_QLayers_5___seed_1_1761468207
8507392,1-Training-Losses/clipfrac,0.0,Pong1PQFM_XObs_entangled_trainable_rzz_QLayers_5___seed_1_1761468207
8511488,1-Training-Losses/clipfrac,0.0,Pong1PQFM_XObs_entangled_trainable_rzz_QLayers_5___seed_1_1761468207
8515584,1-Training-Losses/clipfrac,0.0,Pong1PQFM_XObs_entangled_trainable_rzz_QLayers_5___seed_1_1761468207
8519680,1-Training-Losses/clipfrac,0.0,Pong1PQFM_XObs_entangled_trainable_rzz_QLayers_5___seed_1_1761468207
8523776,1-Training-Losses/clipfrac,0.0,Pong1PQFM_XObs_entangled_trainable_rzz_QLayers_5___seed_1_1761468207
8527872,1-Training-Losses/clipfrac,0.0,Pong1PQFM_XObs_entangled_trainable_rzz_QLayers_5___seed_1_1761468207
8531968,1-Training-Losses/clipfrac,0.0,Pong1PQFM_XObs_entangled_trainable_rzz_QLayers_5___seed_1_1761468207
8536064,1-Training-Losses/clipfrac,0.0,Pong1PQFM_XObs_entangled_trainable_rzz_QLayers_5___seed_1_1761468207
8540160,1-Training-Losses/clipfrac,0.0,Pong1PQFM_XObs_entangled_trainable_rzz_QLayers_5___seed_1_1761468207
8544256,1-Training-Losses/clipfrac,0.0,Pong1PQFM_XObs_entangled_trainable_rzz_QLayers_5___seed_1_1761468207
8548352,1-Training-Losses/clipfrac,0.0,Pong1PQFM_XObs_entangled_trainable_rzz_QLayers_5___seed_1_1761468207
8552448,1-Training-Losses/clipfrac,0.0,Pong1PQFM_XObs_entangled_trainable_rzz_QLayers_5___seed_1_1761468207
8556544,1-Training-Losses/clipfrac,0.0,Pong1PQFM_XObs_entangled_trainable_rzz_QLayers_5___seed_1_1761468207
8560640,1-Training-Losses/clipfrac,0.0,Pong1PQFM_XObs_entangled_trainable_rzz_QLayers_5___seed_1_1761468207
8564736,1-Training-Losses/clipfrac,0.0,Pong1PQFM_XObs_entangled_trainable_rzz_QLayers_5___seed_1_1761468207
8568832,1-Training-Losses/clipfrac,0.0,Pong1PQFM_XObs_entangled_trainable_rzz_QLayers_5___seed_1_1761468207
8572928,1-Training-Losses/clipfrac,0.0,Pong1PQFM_XObs_entangled_trainable_rzz_QLayers_5___seed_1_1761468207
8577024,1-Training-Losses/clipfrac,0.0,Pong1PQFM_XObs_entangled_trainable_rzz_QLayers_5___seed_1_1761468207
8581120,1-Training-Losses/clipfrac,0.0,Pong1PQFM_XObs_entangled_trainable_rzz_QLayers_5___seed_1_1761468207
8585216,1-Training-Losses/clipfrac,0.0,Pong1PQFM_XObs_entangled_trainable_rzz_QLayers_5___seed_1_1761468207
8589312,1-Training-Losses/clipfrac,0.0,Pong1PQFM_XObs_entangled_trainable_rzz_QLayers_5___seed_1_1761468207
8593408,1-Training-Losses/clipfrac,0.0,Pong1PQFM_XObs_entangled_trainable_rzz_QLayers_5___seed_1_1761468207
8597504,1-Training-Losses/clipfrac,0.0,Pong1PQFM_XObs_entangled_trainable_rzz_QLayers_5___seed_1_1761468207
8601600,1-Training-Losses/clipfrac,0.0,Pong1PQFM_XObs_entangled_trainable_rzz_QLayers_5___seed_1_1761468207
8605696,1-Training-Losses/clipfrac,0.0,Pong1PQFM_XObs_entangled_trainable_rzz_QLayers_5___seed_1_1761468207
8609792,1-Training-Losses/clipfrac,0.0,Pong1PQFM_XObs_entangled_trainable_rzz_QLayers_5___seed_1_1761468207
8613888,1-Training-Losses/clipfrac,0.0,Pong1PQFM_XObs_entangled_trainable_rzz_QLayers_5___seed_1_1761468207
8617984,1-Training-Losses/clipfrac,0.0,Pong1PQFM_XObs_entangled_trainable_rzz_QLayers_5___seed_1_1761468207
8622080,1-Training-Losses/clipfrac,0.0,Pong1PQFM_XObs_entangled_trainable_rzz_QLayers_5___seed_1_1761468207
8626176,1-Training-Losses/clipfrac,0.0,Pong1PQFM_XObs_entangled_trainable_rzz_QLayers_5___seed_1_1761468207
8630272,1-Training-Losses/clipfrac,0.0,Pong1PQFM_XObs_entangled_trainable_rzz_QLayers_5___seed_1_1761468207
8634368,1-Training-Losses/clipfrac,0.0,Pong1PQFM_XObs_entangled_trainable_rzz_QLayers_5___seed_1_1761468207
8638464,1-Training-Losses/clipfrac,0.0,Pong1PQFM_XObs_entangled_trainable_rzz_QLayers_5___seed_1_1761468207
8642560,1-Training-Losses/clipfrac,0.0,Pong1PQFM_XObs_entangled_trainable_rzz_QLayers_5___seed_1_1761468207
8646656,1-Training-Losses/clipfrac,0.0,Pong1PQFM_XObs_entangled_trainable_rzz_QLayers_5___seed_1_1761468207
8650752,1-Training-Losses/clipfrac,0.0,Pong1PQFM_XObs_entangled_trainable_rzz_QLayers_5___seed_1_1761468207
8654848,1-Training-Losses/clipfrac,0.0,Pong1PQFM_XObs_entangled_trainable_rzz_QLayers_5___seed_1_1761468207
8658944,1-Training-Losses/clipfrac,0.0,Pong1PQFM_XObs_entangled_trainable_rzz_QLayers_5___seed_1_1761468207
8663040,1-Training-Losses/clipfrac,0.0,Pong1PQFM_XObs_entangled_trainable_rzz_QLayers_5___seed_1_1761468207
8667136,1-Training-Losses/clipfrac,0.0,Pong1PQFM_XObs_entangled_trainable_rzz_QLayers_5___seed_1_1761468207
8671232,1-Training-Losses/clipfrac,0.0,Pong1PQFM_XObs_entangled_trainable_rzz_QLayers_5___seed_1_1761468207
8675328,1-Training-Losses/clipfrac,0.0,Pong1PQFM_XObs_entangled_trainable_rzz_QLayers_5___seed_1_1761468207
8679424,1-Training-Losses/clipfrac,0.0,Pong1PQFM_XObs_entangled_trainable_rzz_QLayers_5___seed_1_1761468207
8683520,1-Training-Losses/clipfrac,0.0,Pong1PQFM_XObs_entangled_trainable_rzz_QLayers_5___seed_1_1761468207
8687616,1-Training-Losses/clipfrac,0.0,Pong1PQFM_XObs_entangled_trainable_rzz_QLayers_5___seed_1_1761468207
8691712,1-Training-Losses/clipfrac,0.0,Pong1PQFM_XObs_entangled_trainable_rzz_QLayers_5___seed_1_1761468207
8695808,1-Training-Losses/clipfrac,0.0,Pong1PQFM_XObs_entangled_trainable_rzz_QLayers_5___seed_1_1761468207
8699904,1-Training-Losses/clipfrac,0.0,Pong1PQFM_XObs_entangled_trainable_rzz_QLayers_5___seed_1_1761468207
8704000,1-Training-Losses/clipfrac,0.0,Pong1PQFM_XObs_entangled_trainable_rzz_QLayers_5___seed_1_1761468207
8708096,1-Training-Losses/clipfrac,0.0,Pong1PQFM_XObs_entangled_trainable_rzz_QLayers_5___seed_1_1761468207
8712192,1-Training-Losses/clipfrac,0.0,Pong1PQFM_XObs_entangled_trainable_rzz_QLayers_5___seed_1_1761468207
8716288,1-Training-Losses/clipfrac,0.0,Pong1PQFM_XObs_entangled_trainable_rzz_QLayers_5___seed_1_1761468207
8720384,1-Training-Losses/clipfrac,0.0,Pong1PQFM_XObs_entangled_trainable_rzz_QLayers_5___seed_1_1761468207
8724480,1-Training-Losses/clipfrac,0.0,Pong1PQFM_XObs_entangled_trainable_rzz_QLayers_5___seed_1_1761468207
8728576,1-Training-Losses/clipfrac,0.0,Pong1PQFM_XObs_entangled_trainable_rzz_QLayers_5___seed_1_1761468207
8732672,1-Training-Losses/clipfrac,0.0,Pong1PQFM_XObs_entangled_trainable_rzz_QLayers_5___seed_1_1761468207
8736768,1-Training-Losses/clipfrac,0.0,Pong1PQFM_XObs_entangled_trainable_rzz_QLayers_5___seed_1_1761468207
8740864,1-Training-Losses/clipfrac,0.0,Pong1PQFM_XObs_entangled_trainable_rzz_QLayers_5___seed_1_1761468207
8744960,1-Training-Losses/clipfrac,0.0,Pong1PQFM_XObs_entangled_trainable_rzz_QLayers_5___seed_1_1761468207
8749056,1-Training-Losses/clipfrac,0.0,Pong1PQFM_XObs_entangled_trainable_rzz_QLayers_5___seed_1_1761468207
8753152,1-Training-Losses/clipfrac,0.0,Pong1PQFM_XObs_entangled_trainable_rzz_QLayers_5___seed_1_1761468207
8757248,1-Training-Losses/clipfrac,0.0,Pong1PQFM_XObs_entangled_trainable_rzz_QLayers_5___seed_1_1761468207
8761344,1-Training-Losses/clipfrac,0.0,Pong1PQFM_XObs_entangled_trainable_rzz_QLayers_5___seed_1_1761468207
8765440,1-Training-Losses/clipfrac,0.0,Pong1PQFM_XObs_entangled_trainable_rzz_QLayers_5___seed_1_1761468207
8769536,1-Training-Losses/clipfrac,0.0,Pong1PQFM_XObs_entangled_trainable_rzz_QLayers_5___seed_1_1761468207
8773632,1-Training-Losses/clipfrac,0.0,Pong1PQFM_XObs_entangled_trainable_rzz_QLayers_5___seed_1_1761468207
8777728,1-Training-Losses/clipfrac,0.0,Pong1PQFM_XObs_entangled_trainable_rzz_QLayers_5___seed_1_1761468207
8781824,1-Training-Losses/clipfrac,0.0,Pong1PQFM_XObs_entangled_trainable_rzz_QLayers_5___seed_1_1761468207
8785920,1-Training-Losses/clipfrac,0.0,Pong1PQFM_XObs_entangled_trainable_rzz_QLayers_5___seed_1_1761468207
8790016,1-Training-Losses/clipfrac,0.0,Pong1PQFM_XObs_entangled_trainable_rzz_QLayers_5___seed_1_1761468207
8794112,1-Training-Losses/clipfrac,0.0,Pong1PQFM_XObs_entangled_trainable_rzz_QLayers_5___seed_1_1761468207
8798208,1-Training-Losses/clipfrac,0.0,Pong1PQFM_XObs_entangled_trainable_rzz_QLayers_5___seed_1_1761468207
8802304,1-Training-Losses/clipfrac,0.0,Pong1PQFM_XObs_entangled_trainable_rzz_QLayers_5___seed_1_1761468207
8806400,1-Training-Losses/clipfrac,0.0,Pong1PQFM_XObs_entangled_trainable_rzz_QLayers_5___seed_1_1761468207
8810496,1-Training-Losses/clipfrac,0.0,Pong1PQFM_XObs_entangled_trainable_rzz_QLayers_5___seed_1_1761468207
8814592,1-Training-Losses/clipfrac,0.0,Pong1PQFM_XObs_entangled_trainable_rzz_QLayers_5___seed_1_1761468207
8818688,1-Training-Losses/clipfrac,0.0,Pong1PQFM_XObs_entangled_trainable_rzz_QLayers_5___seed_1_1761468207
8822784,1-Training-Losses/clipfrac,0.0,Pong1PQFM_XObs_entangled_trainable_rzz_QLayers_5___seed_1_1761468207
8826880,1-Training-Losses/clipfrac,0.0,Pong1PQFM_XObs_entangled_trainable_rzz_QLayers_5___seed_1_1761468207
8830976,1-Training-Losses/clipfrac,0.0,Pong1PQFM_XObs_entangled_trainable_rzz_QLayers_5___seed_1_1761468207
8835072,1-Training-Losses/clipfrac,0.0,Pong1PQFM_XObs_entangled_trainable_rzz_QLayers_5___seed_1_1761468207
8839168,1-Training-Losses/clipfrac,0.0,Pong1PQFM_XObs_entangled_trainable_rzz_QLayers_5___seed_1_1761468207
8843264,1-Training-Losses/clipfrac,0.0,Pong1PQFM_XObs_entangled_trainable_rzz_QLayers_5___seed_1_1761468207
8847360,1-Training-Losses/clipfrac,0.0,Pong1PQFM_XObs_entangled_trainable_rzz_QLayers_5___seed_1_1761468207
8851456,1-Training-Losses/clipfrac,0.0,Pong1PQFM_XObs_entangled_trainable_rzz_QLayers_5___seed_1_1761468207
8855552,1-Training-Losses/clipfrac,0.0,Pong1PQFM_XObs_entangled_trainable_rzz_QLayers_5___seed_1_1761468207
8859648,1-Training-Losses/clipfrac,0.0,Pong1PQFM_XObs_entangled_trainable_rzz_QLayers_5___seed_1_1761468207
8863744,1-Training-Losses/clipfrac,0.0,Pong1PQFM_XObs_entangled_trainable_rzz_QLayers_5___seed_1_1761468207
8867840,1-Training-Losses/clipfrac,0.0,Pong1PQFM_XObs_entangled_trainable_rzz_QLayers_5___seed_1_1761468207
8871936,1-Training-Losses/clipfrac,0.0,Pong1PQFM_XObs_entangled_trainable_rzz_QLayers_5___seed_1_1761468207
8876032,1-Training-Losses/clipfrac,0.0,Pong1PQFM_XObs_entangled_trainable_rzz_QLayers_5___seed_1_1761468207
8880128,1-Training-Losses/clipfrac,0.0,Pong1PQFM_XObs_entangled_trainable_rzz_QLayers_5___seed_1_1761468207
8884224,1-Training-Losses/clipfrac,0.0,Pong1PQFM_XObs_entangled_trainable_rzz_QLayers_5___seed_1_1761468207
8888320,1-Training-Losses/clipfrac,0.0,Pong1PQFM_XObs_entangled_trainable_rzz_QLayers_5___seed_1_1761468207
8892416,1-Training-Losses/clipfrac,0.0,Pong1PQFM_XObs_entangled_trainable_rzz_QLayers_5___seed_1_1761468207
8896512,1-Training-Losses/clipfrac,0.0,Pong1PQFM_XObs_entangled_trainable_rzz_QLayers_5___seed_1_1761468207
8900608,1-Training-Losses/clipfrac,0.0,Pong1PQFM_XObs_entangled_trainable_rzz_QLayers_5___seed_1_1761468207
8904704,1-Training-Losses/clipfrac,0.0,Pong1PQFM_XObs_entangled_trainable_rzz_QLayers_5___seed_1_1761468207
8908800,1-Training-Losses/clipfrac,0.0,Pong1PQFM_XObs_entangled_trainable_rzz_QLayers_5___seed_1_1761468207
8912896,1-Training-Losses/clipfrac,0.0,Pong1PQFM_XObs_entangled_trainable_rzz_QLayers_5___seed_1_1761468207
8916992,1-Training-Losses/clipfrac,0.0,Pong1PQFM_XObs_entangled_trainable_rzz_QLayers_5___seed_1_1761468207
8921088,1-Training-Losses/clipfrac,0.0,Pong1PQFM_XObs_entangled_trainable_rzz_QLayers_5___seed_1_1761468207
8925184,1-Training-Losses/clipfrac,0.0,Pong1PQFM_XObs_entangled_trainable_rzz_QLayers_5___seed_1_1761468207
8929280,1-Training-Losses/clipfrac,0.0,Pong1PQFM_XObs_entangled_trainable_rzz_QLayers_5___seed_1_1761468207
8933376,1-Training-Losses/clipfrac,0.0,Pong1PQFM_XObs_entangled_trainable_rzz_QLayers_5___seed_1_1761468207
8937472,1-Training-Losses/clipfrac,0.0,Pong1PQFM_XObs_entangled_trainable_rzz_QLayers_5___seed_1_1761468207
8941568,1-Training-Losses/clipfrac,0.0,Pong1PQFM_XObs_entangled_trainable_rzz_QLayers_5___seed_1_1761468207
8945664,1-Training-Losses/clipfrac,0.0,Pong1PQFM_XObs_entangled_trainable_rzz_QLayers_5___seed_1_1761468207
8949760,1-Training-Losses/clipfrac,0.0,Pong1PQFM_XObs_entangled_trainable_rzz_QLayers_5___seed_1_1761468207
8953856,1-Training-Losses/clipfrac,0.0,Pong1PQFM_XObs_entangled_trainable_rzz_QLayers_5___seed_1_1761468207
8957952,1-Training-Losses/clipfrac,0.0,Pong1PQFM_XObs_entangled_trainable_rzz_QLayers_5___seed_1_1761468207
8962048,1-Training-Losses/clipfrac,0.0,Pong1PQFM_XObs_entangled_trainable_rzz_QLayers_5___seed_1_1761468207
8966144,1-Training-Losses/clipfrac,0.0,Pong1PQFM_XObs_entangled_trainable_rzz_QLayers_5___seed_1_1761468207
8970240,1-Training-Losses/clipfrac,0.0,Pong1PQFM_XObs_entangled_trainable_rzz_QLayers_5___seed_1_1761468207
8974336,1-Training-Losses/clipfrac,0.0,Pong1PQFM_XObs_entangled_trainable_rzz_QLayers_5___seed_1_1761468207
8978432,1-Training-Losses/clipfrac,0.0,Pong1PQFM_XObs_entangled_trainable_rzz_QLayers_5___seed_1_1761468207
8982528,1-Training-Losses/clipfrac,0.0,Pong1PQFM_XObs_entangled_trainable_rzz_QLayers_5___seed_1_1761468207
8986624,1-Training-Losses/clipfrac,0.0,Pong1PQFM_XObs_entangled_trainable_rzz_QLayers_5___seed_1_1761468207
8990720,1-Training-Losses/clipfrac,0.0,Pong1PQFM_XObs_entangled_trainable_rzz_QLayers_5___seed_1_1761468207
8994816,1-Training-Losses/clipfrac,0.0,Pong1PQFM_XObs_entangled_trainable_rzz_QLayers_5___seed_1_1761468207
8998912,1-Training-Losses/clipfrac,0.0,Pong1PQFM_XObs_entangled_trainable_rzz_QLayers_5___seed_1_1761468207
9003008,1-Training-Losses/clipfrac,0.0,Pong1PQFM_XObs_entangled_trainable_rzz_QLayers_5___seed_1_1761468207
9007104,1-Training-Losses/clipfrac,0.0,Pong1PQFM_XObs_entangled_trainable_rzz_QLayers_5___seed_1_1761468207
9011200,1-Training-Losses/clipfrac,0.0,Pong1PQFM_XObs_entangled_trainable_rzz_QLayers_5___seed_1_1761468207
9015296,1-Training-Losses/clipfrac,0.0,Pong1PQFM_XObs_entangled_trainable_rzz_QLayers_5___seed_1_1761468207
9019392,1-Training-Losses/clipfrac,0.0,Pong1PQFM_XObs_entangled_trainable_rzz_QLayers_5___seed_1_1761468207
9023488,1-Training-Losses/clipfrac,0.0,Pong1PQFM_XObs_entangled_trainable_rzz_QLayers_5___seed_1_1761468207
9027584,1-Training-Losses/clipfrac,0.0,Pong1PQFM_XObs_entangled_trainable_rzz_QLayers_5___seed_1_1761468207
9031680,1-Training-Losses/clipfrac,0.0,Pong1PQFM_XObs_entangled_trainable_rzz_QLayers_5___seed_1_1761468207
9035776,1-Training-Losses/clipfrac,0.0,Pong1PQFM_XObs_entangled_trainable_rzz_QLayers_5___seed_1_1761468207
9039872,1-Training-Losses/clipfrac,0.0,Pong1PQFM_XObs_entangled_trainable_rzz_QLayers_5___seed_1_1761468207
9043968,1-Training-Losses/clipfrac,0.0,Pong1PQFM_XObs_entangled_trainable_rzz_QLayers_5___seed_1_1761468207
9048064,1-Training-Losses/clipfrac,0.0,Pong1PQFM_XObs_entangled_trainable_rzz_QLayers_5___seed_1_1761468207
9052160,1-Training-Losses/clipfrac,0.0,Pong1PQFM_XObs_entangled_trainable_rzz_QLayers_5___seed_1_1761468207
9056256,1-Training-Losses/clipfrac,0.0,Pong1PQFM_XObs_entangled_trainable_rzz_QLayers_5___seed_1_1761468207
9060352,1-Training-Losses/clipfrac,0.0,Pong1PQFM_XObs_entangled_trainable_rzz_QLayers_5___seed_1_1761468207
9064448,1-Training-Losses/clipfrac,0.0,Pong1PQFM_XObs_entangled_trainable_rzz_QLayers_5___seed_1_1761468207
9068544,1-Training-Losses/clipfrac,0.0,Pong1PQFM_XObs_entangled_trainable_rzz_QLayers_5___seed_1_1761468207
9072640,1-Training-Losses/clipfrac,0.0,Pong1PQFM_XObs_entangled_trainable_rzz_QLayers_5___seed_1_1761468207
9076736,1-Training-Losses/clipfrac,0.0,Pong1PQFM_XObs_entangled_trainable_rzz_QLayers_5___seed_1_1761468207
9080832,1-Training-Losses/clipfrac,0.0,Pong1PQFM_XObs_entangled_trainable_rzz_QLayers_5___seed_1_1761468207
9084928,1-Training-Losses/clipfrac,0.0,Pong1PQFM_XObs_entangled_trainable_rzz_QLayers_5___seed_1_1761468207
9089024,1-Training-Losses/clipfrac,0.0,Pong1PQFM_XObs_entangled_trainable_rzz_QLayers_5___seed_1_1761468207
9093120,1-Training-Losses/clipfrac,0.0,Pong1PQFM_XObs_entangled_trainable_rzz_QLayers_5___seed_1_1761468207
9097216,1-Training-Losses/clipfrac,0.0,Pong1PQFM_XObs_entangled_trainable_rzz_QLayers_5___seed_1_1761468207
9101312,1-Training-Losses/clipfrac,0.0,Pong1PQFM_XObs_entangled_trainable_rzz_QLayers_5___seed_1_1761468207
9105408,1-Training-Losses/clipfrac,0.0,Pong1PQFM_XObs_entangled_trainable_rzz_QLayers_5___seed_1_1761468207
9109504,1-Training-Losses/clipfrac,0.0,Pong1PQFM_XObs_entangled_trainable_rzz_QLayers_5___seed_1_1761468207
9113600,1-Training-Losses/clipfrac,0.0,Pong1PQFM_XObs_entangled_trainable_rzz_QLayers_5___seed_1_1761468207
9117696,1-Training-Losses/clipfrac,0.0,Pong1PQFM_XObs_entangled_trainable_rzz_QLayers_5___seed_1_1761468207
9121792,1-Training-Losses/clipfrac,0.0,Pong1PQFM_XObs_entangled_trainable_rzz_QLayers_5___seed_1_1761468207
9125888,1-Training-Losses/clipfrac,0.0,Pong1PQFM_XObs_entangled_trainable_rzz_QLayers_5___seed_1_1761468207
9129984,1-Training-Losses/clipfrac,0.0,Pong1PQFM_XObs_entangled_trainable_rzz_QLayers_5___seed_1_1761468207
9134080,1-Training-Losses/clipfrac,0.0,Pong1PQFM_XObs_entangled_trainable_rzz_QLayers_5___seed_1_1761468207
9138176,1-Training-Losses/clipfrac,0.0,Pong1PQFM_XObs_entangled_trainable_rzz_QLayers_5___seed_1_1761468207
9142272,1-Training-Losses/clipfrac,0.0,Pong1PQFM_XObs_entangled_trainable_rzz_QLayers_5___seed_1_1761468207
9146368,1-Training-Losses/clipfrac,0.0,Pong1PQFM_XObs_entangled_trainable_rzz_QLayers_5___seed_1_1761468207
9150464,1-Training-Losses/clipfrac,0.0,Pong1PQFM_XObs_entangled_trainable_rzz_QLayers_5___seed_1_1761468207
9154560,1-Training-Losses/clipfrac,0.0,Pong1PQFM_XObs_entangled_trainable_rzz_QLayers_5___seed_1_1761468207
9158656,1-Training-Losses/clipfrac,0.0,Pong1PQFM_XObs_entangled_trainable_rzz_QLayers_5___seed_1_1761468207
9162752,1-Training-Losses/clipfrac,0.0,Pong1PQFM_XObs_entangled_trainable_rzz_QLayers_5___seed_1_1761468207
9166848,1-Training-Losses/clipfrac,0.0,Pong1PQFM_XObs_entangled_trainable_rzz_QLayers_5___seed_1_1761468207
9170944,1-Training-Losses/clipfrac,0.0,Pong1PQFM_XObs_entangled_trainable_rzz_QLayers_5___seed_1_1761468207
9175040,1-Training-Losses/clipfrac,0.0,Pong1PQFM_XObs_entangled_trainable_rzz_QLayers_5___seed_1_1761468207
9179136,1-Training-Losses/clipfrac,0.0,Pong1PQFM_XObs_entangled_trainable_rzz_QLayers_5___seed_1_1761468207
9183232,1-Training-Losses/clipfrac,0.0,Pong1PQFM_XObs_entangled_trainable_rzz_QLayers_5___seed_1_1761468207
9187328,1-Training-Losses/clipfrac,0.0,Pong1PQFM_XObs_entangled_trainable_rzz_QLayers_5___seed_1_1761468207
9191424,1-Training-Losses/clipfrac,0.0,Pong1PQFM_XObs_entangled_trainable_rzz_QLayers_5___seed_1_1761468207
9195520,1-Training-Losses/clipfrac,0.0,Pong1PQFM_XObs_entangled_trainable_rzz_QLayers_5___seed_1_1761468207
9199616,1-Training-Losses/clipfrac,0.0,Pong1PQFM_XObs_entangled_trainable_rzz_QLayers_5___seed_1_1761468207
9203712,1-Training-Losses/clipfrac,0.0,Pong1PQFM_XObs_entangled_trainable_rzz_QLayers_5___seed_1_1761468207
9207808,1-Training-Losses/clipfrac,0.0,Pong1PQFM_XObs_entangled_trainable_rzz_QLayers_5___seed_1_1761468207
9211904,1-Training-Losses/clipfrac,0.0,Pong1PQFM_XObs_entangled_trainable_rzz_QLayers_5___seed_1_1761468207
9216000,1-Training-Losses/clipfrac,0.0,Pong1PQFM_XObs_entangled_trainable_rzz_QLayers_5___seed_1_1761468207
9220096,1-Training-Losses/clipfrac,0.0,Pong1PQFM_XObs_entangled_trainable_rzz_QLayers_5___seed_1_1761468207
9224192,1-Training-Losses/clipfrac,0.0,Pong1PQFM_XObs_entangled_trainable_rzz_QLayers_5___seed_1_1761468207
9228288,1-Training-Losses/clipfrac,0.0,Pong1PQFM_XObs_entangled_trainable_rzz_QLayers_5___seed_1_1761468207
9232384,1-Training-Losses/clipfrac,0.0,Pong1PQFM_XObs_entangled_trainable_rzz_QLayers_5___seed_1_1761468207
9236480,1-Training-Losses/clipfrac,0.0,Pong1PQFM_XObs_entangled_trainable_rzz_QLayers_5___seed_1_1761468207
9240576,1-Training-Losses/clipfrac,0.0,Pong1PQFM_XObs_entangled_trainable_rzz_QLayers_5___seed_1_1761468207
9244672,1-Training-Losses/clipfrac,0.0,Pong1PQFM_XObs_entangled_trainable_rzz_QLayers_5___seed_1_1761468207
9248768,1-Training-Losses/clipfrac,0.0,Pong1PQFM_XObs_entangled_trainable_rzz_QLayers_5___seed_1_1761468207
9252864,1-Training-Losses/clipfrac,0.0,Pong1PQFM_XObs_entangled_trainable_rzz_QLayers_5___seed_1_1761468207
9256960,1-Training-Losses/clipfrac,0.0,Pong1PQFM_XObs_entangled_trainable_rzz_QLayers_5___seed_1_1761468207
9261056,1-Training-Losses/clipfrac,0.0,Pong1PQFM_XObs_entangled_trainable_rzz_QLayers_5___seed_1_1761468207
9265152,1-Training-Losses/clipfrac,0.0,Pong1PQFM_XObs_entangled_trainable_rzz_QLayers_5___seed_1_1761468207
9269248,1-Training-Losses/clipfrac,0.0,Pong1PQFM_XObs_entangled_trainable_rzz_QLayers_5___seed_1_1761468207
9273344,1-Training-Losses/clipfrac,0.0,Pong1PQFM_XObs_entangled_trainable_rzz_QLayers_5___seed_1_1761468207
9277440,1-Training-Losses/clipfrac,0.0,Pong1PQFM_XObs_entangled_trainable_rzz_QLayers_5___seed_1_1761468207
9281536,1-Training-Losses/clipfrac,0.0,Pong1PQFM_XObs_entangled_trainable_rzz_QLayers_5___seed_1_1761468207
9285632,1-Training-Losses/clipfrac,0.0,Pong1PQFM_XObs_entangled_trainable_rzz_QLayers_5___seed_1_1761468207
9289728,1-Training-Losses/clipfrac,0.0,Pong1PQFM_XObs_entangled_trainable_rzz_QLayers_5___seed_1_1761468207
9293824,1-Training-Losses/clipfrac,0.0,Pong1PQFM_XObs_entangled_trainable_rzz_QLayers_5___seed_1_1761468207
9297920,1-Training-Losses/clipfrac,0.0,Pong1PQFM_XObs_entangled_trainable_rzz_QLayers_5___seed_1_1761468207
9302016,1-Training-Losses/clipfrac,0.0,Pong1PQFM_XObs_entangled_trainable_rzz_QLayers_5___seed_1_1761468207
9306112,1-Training-Losses/clipfrac,0.0,Pong1PQFM_XObs_entangled_trainable_rzz_QLayers_5___seed_1_1761468207
9310208,1-Training-Losses/clipfrac,0.0,Pong1PQFM_XObs_entangled_trainable_rzz_QLayers_5___seed_1_1761468207
9314304,1-Training-Losses/clipfrac,0.0,Pong1PQFM_XObs_entangled_trainable_rzz_QLayers_5___seed_1_1761468207
9318400,1-Training-Losses/clipfrac,0.0,Pong1PQFM_XObs_entangled_trainable_rzz_QLayers_5___seed_1_1761468207
9322496,1-Training-Losses/clipfrac,0.0,Pong1PQFM_XObs_entangled_trainable_rzz_QLayers_5___seed_1_1761468207
9326592,1-Training-Losses/clipfrac,0.0,Pong1PQFM_XObs_entangled_trainable_rzz_QLayers_5___seed_1_1761468207
9330688,1-Training-Losses/clipfrac,0.0,Pong1PQFM_XObs_entangled_trainable_rzz_QLayers_5___seed_1_1761468207
9334784,1-Training-Losses/clipfrac,0.0,Pong1PQFM_XObs_entangled_trainable_rzz_QLayers_5___seed_1_1761468207
9338880,1-Training-Losses/clipfrac,0.0,Pong1PQFM_XObs_entangled_trainable_rzz_QLayers_5___seed_1_1761468207
9342976,1-Training-Losses/clipfrac,0.0,Pong1PQFM_XObs_entangled_trainable_rzz_QLayers_5___seed_1_1761468207
9347072,1-Training-Losses/clipfrac,0.0,Pong1PQFM_XObs_entangled_trainable_rzz_QLayers_5___seed_1_1761468207
9351168,1-Training-Losses/clipfrac,0.0,Pong1PQFM_XObs_entangled_trainable_rzz_QLayers_5___seed_1_1761468207
9355264,1-Training-Losses/clipfrac,0.0,Pong1PQFM_XObs_entangled_trainable_rzz_QLayers_5___seed_1_1761468207
9359360,1-Training-Losses/clipfrac,0.0,Pong1PQFM_XObs_entangled_trainable_rzz_QLayers_5___seed_1_1761468207
9363456,1-Training-Losses/clipfrac,0.0,Pong1PQFM_XObs_entangled_trainable_rzz_QLayers_5___seed_1_1761468207
9367552,1-Training-Losses/clipfrac,0.0,Pong1PQFM_XObs_entangled_trainable_rzz_QLayers_5___seed_1_1761468207
9371648,1-Training-Losses/clipfrac,0.0,Pong1PQFM_XObs_entangled_trainable_rzz_QLayers_5___seed_1_1761468207
9375744,1-Training-Losses/clipfrac,0.0,Pong1PQFM_XObs_entangled_trainable_rzz_QLayers_5___seed_1_1761468207
9379840,1-Training-Losses/clipfrac,0.0,Pong1PQFM_XObs_entangled_trainable_rzz_QLayers_5___seed_1_1761468207
9383936,1-Training-Losses/clipfrac,0.0,Pong1PQFM_XObs_entangled_trainable_rzz_QLayers_5___seed_1_1761468207
9388032,1-Training-Losses/clipfrac,0.0,Pong1PQFM_XObs_entangled_trainable_rzz_QLayers_5___seed_1_1761468207
9392128,1-Training-Losses/clipfrac,0.0,Pong1PQFM_XObs_entangled_trainable_rzz_QLayers_5___seed_1_1761468207
9396224,1-Training-Losses/clipfrac,0.0,Pong1PQFM_XObs_entangled_trainable_rzz_QLayers_5___seed_1_1761468207
9400320,1-Training-Losses/clipfrac,0.0,Pong1PQFM_XObs_entangled_trainable_rzz_QLayers_5___seed_1_1761468207
9404416,1-Training-Losses/clipfrac,0.0,Pong1PQFM_XObs_entangled_trainable_rzz_QLayers_5___seed_1_1761468207
9408512,1-Training-Losses/clipfrac,0.0,Pong1PQFM_XObs_entangled_trainable_rzz_QLayers_5___seed_1_1761468207
9412608,1-Training-Losses/clipfrac,0.0,Pong1PQFM_XObs_entangled_trainable_rzz_QLayers_5___seed_1_1761468207
9416704,1-Training-Losses/clipfrac,0.0,Pong1PQFM_XObs_entangled_trainable_rzz_QLayers_5___seed_1_1761468207
9420800,1-Training-Losses/clipfrac,0.0,Pong1PQFM_XObs_entangled_trainable_rzz_QLayers_5___seed_1_1761468207
9424896,1-Training-Losses/clipfrac,0.0,Pong1PQFM_XObs_entangled_trainable_rzz_QLayers_5___seed_1_1761468207
9428992,1-Training-Losses/clipfrac,0.0,Pong1PQFM_XObs_entangled_trainable_rzz_QLayers_5___seed_1_1761468207
9433088,1-Training-Losses/clipfrac,0.0,Pong1PQFM_XObs_entangled_trainable_rzz_QLayers_5___seed_1_1761468207
9437184,1-Training-Losses/clipfrac,0.0,Pong1PQFM_XObs_entangled_trainable_rzz_QLayers_5___seed_1_1761468207
9441280,1-Training-Losses/clipfrac,0.0,Pong1PQFM_XObs_entangled_trainable_rzz_QLayers_5___seed_1_1761468207
9445376,1-Training-Losses/clipfrac,0.0,Pong1PQFM_XObs_entangled_trainable_rzz_QLayers_5___seed_1_1761468207
9449472,1-Training-Losses/clipfrac,0.0,Pong1PQFM_XObs_entangled_trainable_rzz_QLayers_5___seed_1_1761468207
9453568,1-Training-Losses/clipfrac,0.0,Pong1PQFM_XObs_entangled_trainable_rzz_QLayers_5___seed_1_1761468207
9457664,1-Training-Losses/clipfrac,0.0,Pong1PQFM_XObs_entangled_trainable_rzz_QLayers_5___seed_1_1761468207
9461760,1-Training-Losses/clipfrac,0.0,Pong1PQFM_XObs_entangled_trainable_rzz_QLayers_5___seed_1_1761468207
9465856,1-Training-Losses/clipfrac,0.0,Pong1PQFM_XObs_entangled_trainable_rzz_QLayers_5___seed_1_1761468207
9469952,1-Training-Losses/clipfrac,0.0,Pong1PQFM_XObs_entangled_trainable_rzz_QLayers_5___seed_1_1761468207
9474048,1-Training-Losses/clipfrac,0.0,Pong1PQFM_XObs_entangled_trainable_rzz_QLayers_5___seed_1_1761468207
9478144,1-Training-Losses/clipfrac,0.0,Pong1PQFM_XObs_entangled_trainable_rzz_QLayers_5___seed_1_1761468207
9482240,1-Training-Losses/clipfrac,0.0,Pong1PQFM_XObs_entangled_trainable_rzz_QLayers_5___seed_1_1761468207
9486336,1-Training-Losses/clipfrac,0.0,Pong1PQFM_XObs_entangled_trainable_rzz_QLayers_5___seed_1_1761468207
9490432,1-Training-Losses/clipfrac,0.0,Pong1PQFM_XObs_entangled_trainable_rzz_QLayers_5___seed_1_1761468207
9494528,1-Training-Losses/clipfrac,0.0,Pong1PQFM_XObs_entangled_trainable_rzz_QLayers_5___seed_1_1761468207
9498624,1-Training-Losses/clipfrac,0.0,Pong1PQFM_XObs_entangled_trainable_rzz_QLayers_5___seed_1_1761468207
9502720,1-Training-Losses/clipfrac,0.0,Pong1PQFM_XObs_entangled_trainable_rzz_QLayers_5___seed_1_1761468207
9506816,1-Training-Losses/clipfrac,0.0,Pong1PQFM_XObs_entangled_trainable_rzz_QLayers_5___seed_1_1761468207
9510912,1-Training-Losses/clipfrac,0.0,Pong1PQFM_XObs_entangled_trainable_rzz_QLayers_5___seed_1_1761468207
9515008,1-Training-Losses/clipfrac,0.0,Pong1PQFM_XObs_entangled_trainable_rzz_QLayers_5___seed_1_1761468207
9519104,1-Training-Losses/clipfrac,0.0,Pong1PQFM_XObs_entangled_trainable_rzz_QLayers_5___seed_1_1761468207
9523200,1-Training-Losses/clipfrac,0.0,Pong1PQFM_XObs_entangled_trainable_rzz_QLayers_5___seed_1_1761468207
9527296,1-Training-Losses/clipfrac,0.0,Pong1PQFM_XObs_entangled_trainable_rzz_QLayers_5___seed_1_1761468207
9531392,1-Training-Losses/clipfrac,0.0,Pong1PQFM_XObs_entangled_trainable_rzz_QLayers_5___seed_1_1761468207
9535488,1-Training-Losses/clipfrac,0.0,Pong1PQFM_XObs_entangled_trainable_rzz_QLayers_5___seed_1_1761468207
9539584,1-Training-Losses/clipfrac,0.0,Pong1PQFM_XObs_entangled_trainable_rzz_QLayers_5___seed_1_1761468207
9543680,1-Training-Losses/clipfrac,0.0,Pong1PQFM_XObs_entangled_trainable_rzz_QLayers_5___seed_1_1761468207
9547776,1-Training-Losses/clipfrac,0.0,Pong1PQFM_XObs_entangled_trainable_rzz_QLayers_5___seed_1_1761468207
9551872,1-Training-Losses/clipfrac,0.0,Pong1PQFM_XObs_entangled_trainable_rzz_QLayers_5___seed_1_1761468207
9555968,1-Training-Losses/clipfrac,0.0,Pong1PQFM_XObs_entangled_trainable_rzz_QLayers_5___seed_1_1761468207
9560064,1-Training-Losses/clipfrac,0.0,Pong1PQFM_XObs_entangled_trainable_rzz_QLayers_5___seed_1_1761468207
9564160,1-Training-Losses/clipfrac,0.0,Pong1PQFM_XObs_entangled_trainable_rzz_QLayers_5___seed_1_1761468207
9568256,1-Training-Losses/clipfrac,0.0,Pong1PQFM_XObs_entangled_trainable_rzz_QLayers_5___seed_1_1761468207
9572352,1-Training-Losses/clipfrac,0.0,Pong1PQFM_XObs_entangled_trainable_rzz_QLayers_5___seed_1_1761468207
9576448,1-Training-Losses/clipfrac,0.0,Pong1PQFM_XObs_entangled_trainable_rzz_QLayers_5___seed_1_1761468207
9580544,1-Training-Losses/clipfrac,0.0,Pong1PQFM_XObs_entangled_trainable_rzz_QLayers_5___seed_1_1761468207
9584640,1-Training-Losses/clipfrac,0.0,Pong1PQFM_XObs_entangled_trainable_rzz_QLayers_5___seed_1_1761468207
9588736,1-Training-Losses/clipfrac,0.0,Pong1PQFM_XObs_entangled_trainable_rzz_QLayers_5___seed_1_1761468207
9592832,1-Training-Losses/clipfrac,0.0,Pong1PQFM_XObs_entangled_trainable_rzz_QLayers_5___seed_1_1761468207
9596928,1-Training-Losses/clipfrac,0.0,Pong1PQFM_XObs_entangled_trainable_rzz_QLayers_5___seed_1_1761468207
9601024,1-Training-Losses/clipfrac,0.0,Pong1PQFM_XObs_entangled_trainable_rzz_QLayers_5___seed_1_1761468207
9605120,1-Training-Losses/clipfrac,0.0,Pong1PQFM_XObs_entangled_trainable_rzz_QLayers_5___seed_1_1761468207
9609216,1-Training-Losses/clipfrac,0.0,Pong1PQFM_XObs_entangled_trainable_rzz_QLayers_5___seed_1_1761468207
9613312,1-Training-Losses/clipfrac,0.0,Pong1PQFM_XObs_entangled_trainable_rzz_QLayers_5___seed_1_1761468207
9617408,1-Training-Losses/clipfrac,0.0,Pong1PQFM_XObs_entangled_trainable_rzz_QLayers_5___seed_1_1761468207
9621504,1-Training-Losses/clipfrac,0.0,Pong1PQFM_XObs_entangled_trainable_rzz_QLayers_5___seed_1_1761468207
9625600,1-Training-Losses/clipfrac,0.0,Pong1PQFM_XObs_entangled_trainable_rzz_QLayers_5___seed_1_1761468207
9629696,1-Training-Losses/clipfrac,0.0,Pong1PQFM_XObs_entangled_trainable_rzz_QLayers_5___seed_1_1761468207
9633792,1-Training-Losses/clipfrac,0.0,Pong1PQFM_XObs_entangled_trainable_rzz_QLayers_5___seed_1_1761468207
9637888,1-Training-Losses/clipfrac,0.0,Pong1PQFM_XObs_entangled_trainable_rzz_QLayers_5___seed_1_1761468207
9641984,1-Training-Losses/clipfrac,0.0,Pong1PQFM_XObs_entangled_trainable_rzz_QLayers_5___seed_1_1761468207
9646080,1-Training-Losses/clipfrac,0.0,Pong1PQFM_XObs_entangled_trainable_rzz_QLayers_5___seed_1_1761468207
9650176,1-Training-Losses/clipfrac,0.0,Pong1PQFM_XObs_entangled_trainable_rzz_QLayers_5___seed_1_1761468207
9654272,1-Training-Losses/clipfrac,0.0,Pong1PQFM_XObs_entangled_trainable_rzz_QLayers_5___seed_1_1761468207
9658368,1-Training-Losses/clipfrac,0.0,Pong1PQFM_XObs_entangled_trainable_rzz_QLayers_5___seed_1_1761468207
9662464,1-Training-Losses/clipfrac,0.0,Pong1PQFM_XObs_entangled_trainable_rzz_QLayers_5___seed_1_1761468207
9666560,1-Training-Losses/clipfrac,0.0,Pong1PQFM_XObs_entangled_trainable_rzz_QLayers_5___seed_1_1761468207
9670656,1-Training-Losses/clipfrac,0.0,Pong1PQFM_XObs_entangled_trainable_rzz_QLayers_5___seed_1_1761468207
9674752,1-Training-Losses/clipfrac,0.0,Pong1PQFM_XObs_entangled_trainable_rzz_QLayers_5___seed_1_1761468207
9678848,1-Training-Losses/clipfrac,0.0,Pong1PQFM_XObs_entangled_trainable_rzz_QLayers_5___seed_1_1761468207
9682944,1-Training-Losses/clipfrac,0.0,Pong1PQFM_XObs_entangled_trainable_rzz_QLayers_5___seed_1_1761468207
9687040,1-Training-Losses/clipfrac,0.0,Pong1PQFM_XObs_entangled_trainable_rzz_QLayers_5___seed_1_1761468207
9691136,1-Training-Losses/clipfrac,0.0,Pong1PQFM_XObs_entangled_trainable_rzz_QLayers_5___seed_1_1761468207
9695232,1-Training-Losses/clipfrac,0.0,Pong1PQFM_XObs_entangled_trainable_rzz_QLayers_5___seed_1_1761468207
9699328,1-Training-Losses/clipfrac,0.0,Pong1PQFM_XObs_entangled_trainable_rzz_QLayers_5___seed_1_1761468207
9703424,1-Training-Losses/clipfrac,0.0,Pong1PQFM_XObs_entangled_trainable_rzz_QLayers_5___seed_1_1761468207
9707520,1-Training-Losses/clipfrac,0.0,Pong1PQFM_XObs_entangled_trainable_rzz_QLayers_5___seed_1_1761468207
9711616,1-Training-Losses/clipfrac,0.0,Pong1PQFM_XObs_entangled_trainable_rzz_QLayers_5___seed_1_1761468207
9715712,1-Training-Losses/clipfrac,0.0,Pong1PQFM_XObs_entangled_trainable_rzz_QLayers_5___seed_1_1761468207
9719808,1-Training-Losses/clipfrac,0.0,Pong1PQFM_XObs_entangled_trainable_rzz_QLayers_5___seed_1_1761468207
9723904,1-Training-Losses/clipfrac,0.0,Pong1PQFM_XObs_entangled_trainable_rzz_QLayers_5___seed_1_1761468207
9728000,1-Training-Losses/clipfrac,0.0,Pong1PQFM_XObs_entangled_trainable_rzz_QLayers_5___seed_1_1761468207
9732096,1-Training-Losses/clipfrac,0.0,Pong1PQFM_XObs_entangled_trainable_rzz_QLayers_5___seed_1_1761468207
9736192,1-Training-Losses/clipfrac,0.0,Pong1PQFM_XObs_entangled_trainable_rzz_QLayers_5___seed_1_1761468207
9740288,1-Training-Losses/clipfrac,0.0,Pong1PQFM_XObs_entangled_trainable_rzz_QLayers_5___seed_1_1761468207
9744384,1-Training-Losses/clipfrac,0.0,Pong1PQFM_XObs_entangled_trainable_rzz_QLayers_5___seed_1_1761468207
9748480,1-Training-Losses/clipfrac,0.0,Pong1PQFM_XObs_entangled_trainable_rzz_QLayers_5___seed_1_1761468207
9752576,1-Training-Losses/clipfrac,0.0,Pong1PQFM_XObs_entangled_trainable_rzz_QLayers_5___seed_1_1761468207
9756672,1-Training-Losses/clipfrac,0.0,Pong1PQFM_XObs_entangled_trainable_rzz_QLayers_5___seed_1_1761468207
9760768,1-Training-Losses/clipfrac,0.0,Pong1PQFM_XObs_entangled_trainable_rzz_QLayers_5___seed_1_1761468207
9764864,1-Training-Losses/clipfrac,0.0,Pong1PQFM_XObs_entangled_trainable_rzz_QLayers_5___seed_1_1761468207
9768960,1-Training-Losses/clipfrac,0.0,Pong1PQFM_XObs_entangled_trainable_rzz_QLayers_5___seed_1_1761468207
9773056,1-Training-Losses/clipfrac,0.0,Pong1PQFM_XObs_entangled_trainable_rzz_QLayers_5___seed_1_1761468207
9777152,1-Training-Losses/clipfrac,0.0,Pong1PQFM_XObs_entangled_trainable_rzz_QLayers_5___seed_1_1761468207
9781248,1-Training-Losses/clipfrac,0.0,Pong1PQFM_XObs_entangled_trainable_rzz_QLayers_5___seed_1_1761468207
9785344,1-Training-Losses/clipfrac,0.0,Pong1PQFM_XObs_entangled_trainable_rzz_QLayers_5___seed_1_1761468207
9789440,1-Training-Losses/clipfrac,0.0,Pong1PQFM_XObs_entangled_trainable_rzz_QLayers_5___seed_1_1761468207
9793536,1-Training-Losses/clipfrac,0.0,Pong1PQFM_XObs_entangled_trainable_rzz_QLayers_5___seed_1_1761468207
9797632,1-Training-Losses/clipfrac,0.0,Pong1PQFM_XObs_entangled_trainable_rzz_QLayers_5___seed_1_1761468207
9801728,1-Training-Losses/clipfrac,0.0,Pong1PQFM_XObs_entangled_trainable_rzz_QLayers_5___seed_1_1761468207
9805824,1-Training-Losses/clipfrac,0.0,Pong1PQFM_XObs_entangled_trainable_rzz_QLayers_5___seed_1_1761468207
9809920,1-Training-Losses/clipfrac,0.0,Pong1PQFM_XObs_entangled_trainable_rzz_QLayers_5___seed_1_1761468207
9814016,1-Training-Losses/clipfrac,0.0,Pong1PQFM_XObs_entangled_trainable_rzz_QLayers_5___seed_1_1761468207
9818112,1-Training-Losses/clipfrac,0.0,Pong1PQFM_XObs_entangled_trainable_rzz_QLayers_5___seed_1_1761468207
9822208,1-Training-Losses/clipfrac,0.0,Pong1PQFM_XObs_entangled_trainable_rzz_QLayers_5___seed_1_1761468207
9826304,1-Training-Losses/clipfrac,0.0,Pong1PQFM_XObs_entangled_trainable_rzz_QLayers_5___seed_1_1761468207
9830400,1-Training-Losses/clipfrac,0.0,Pong1PQFM_XObs_entangled_trainable_rzz_QLayers_5___seed_1_1761468207
9834496,1-Training-Losses/clipfrac,0.0,Pong1PQFM_XObs_entangled_trainable_rzz_QLayers_5___seed_1_1761468207
9838592,1-Training-Losses/clipfrac,0.0,Pong1PQFM_XObs_entangled_trainable_rzz_QLayers_5___seed_1_1761468207
9842688,1-Training-Losses/clipfrac,0.0,Pong1PQFM_XObs_entangled_trainable_rzz_QLayers_5___seed_1_1761468207
9846784,1-Training-Losses/clipfrac,0.0,Pong1PQFM_XObs_entangled_trainable_rzz_QLayers_5___seed_1_1761468207
9850880,1-Training-Losses/clipfrac,0.0,Pong1PQFM_XObs_entangled_trainable_rzz_QLayers_5___seed_1_1761468207
9854976,1-Training-Losses/clipfrac,0.0,Pong1PQFM_XObs_entangled_trainable_rzz_QLayers_5___seed_1_1761468207
9859072,1-Training-Losses/clipfrac,0.0,Pong1PQFM_XObs_entangled_trainable_rzz_QLayers_5___seed_1_1761468207
9863168,1-Training-Losses/clipfrac,0.0,Pong1PQFM_XObs_entangled_trainable_rzz_QLayers_5___seed_1_1761468207
9867264,1-Training-Losses/clipfrac,0.0,Pong1PQFM_XObs_entangled_trainable_rzz_QLayers_5___seed_1_1761468207
9871360,1-Training-Losses/clipfrac,0.0,Pong1PQFM_XObs_entangled_trainable_rzz_QLayers_5___seed_1_1761468207
9875456,1-Training-Losses/clipfrac,0.0,Pong1PQFM_XObs_entangled_trainable_rzz_QLayers_5___seed_1_1761468207
9879552,1-Training-Losses/clipfrac,0.0,Pong1PQFM_XObs_entangled_trainable_rzz_QLayers_5___seed_1_1761468207
9883648,1-Training-Losses/clipfrac,0.0,Pong1PQFM_XObs_entangled_trainable_rzz_QLayers_5___seed_1_1761468207
9887744,1-Training-Losses/clipfrac,0.0,Pong1PQFM_XObs_entangled_trainable_rzz_QLayers_5___seed_1_1761468207
9891840,1-Training-Losses/clipfrac,0.0,Pong1PQFM_XObs_entangled_trainable_rzz_QLayers_5___seed_1_1761468207
9895936,1-Training-Losses/clipfrac,0.0,Pong1PQFM_XObs_entangled_trainable_rzz_QLayers_5___seed_1_1761468207
9900032,1-Training-Losses/clipfrac,0.0,Pong1PQFM_XObs_entangled_trainable_rzz_QLayers_5___seed_1_1761468207
9904128,1-Training-Losses/clipfrac,0.0,Pong1PQFM_XObs_entangled_trainable_rzz_QLayers_5___seed_1_1761468207
9908224,1-Training-Losses/clipfrac,0.0,Pong1PQFM_XObs_entangled_trainable_rzz_QLayers_5___seed_1_1761468207
9912320,1-Training-Losses/clipfrac,0.0,Pong1PQFM_XObs_entangled_trainable_rzz_QLayers_5___seed_1_1761468207
9916416,1-Training-Losses/clipfrac,0.0,Pong1PQFM_XObs_entangled_trainable_rzz_QLayers_5___seed_1_1761468207
9920512,1-Training-Losses/clipfrac,0.0,Pong1PQFM_XObs_entangled_trainable_rzz_QLayers_5___seed_1_1761468207
9924608,1-Training-Losses/clipfrac,0.0,Pong1PQFM_XObs_entangled_trainable_rzz_QLayers_5___seed_1_1761468207
9928704,1-Training-Losses/clipfrac,0.0,Pong1PQFM_XObs_entangled_trainable_rzz_QLayers_5___seed_1_1761468207
9932800,1-Training-Losses/clipfrac,0.0,Pong1PQFM_XObs_entangled_trainable_rzz_QLayers_5___seed_1_1761468207
9936896,1-Training-Losses/clipfrac,0.0,Pong1PQFM_XObs_entangled_trainable_rzz_QLayers_5___seed_1_1761468207
9940992,1-Training-Losses/clipfrac,0.0,Pong1PQFM_XObs_entangled_trainable_rzz_QLayers_5___seed_1_1761468207
9945088,1-Training-Losses/clipfrac,0.0,Pong1PQFM_XObs_entangled_trainable_rzz_QLayers_5___seed_1_1761468207
9949184,1-Training-Losses/clipfrac,0.0,Pong1PQFM_XObs_entangled_trainable_rzz_QLayers_5___seed_1_1761468207
9953280,1-Training-Losses/clipfrac,0.0,Pong1PQFM_XObs_entangled_trainable_rzz_QLayers_5___seed_1_1761468207
9957376,1-Training-Losses/clipfrac,0.0,Pong1PQFM_XObs_entangled_trainable_rzz_QLayers_5___seed_1_1761468207
9961472,1-Training-Losses/clipfrac,0.0,Pong1PQFM_XObs_entangled_trainable_rzz_QLayers_5___seed_1_1761468207
9965568,1-Training-Losses/clipfrac,0.0,Pong1PQFM_XObs_entangled_trainable_rzz_QLayers_5___seed_1_1761468207
9969664,1-Training-Losses/clipfrac,0.0,Pong1PQFM_XObs_entangled_trainable_rzz_QLayers_5___seed_1_1761468207
9973760,1-Training-Losses/clipfrac,0.0,Pong1PQFM_XObs_entangled_trainable_rzz_QLayers_5___seed_1_1761468207
9977856,1-Training-Losses/clipfrac,0.0,Pong1PQFM_XObs_entangled_trainable_rzz_QLayers_5___seed_1_1761468207
9981952,1-Training-Losses/clipfrac,0.0,Pong1PQFM_XObs_entangled_trainable_rzz_QLayers_5___seed_1_1761468207
9986048,1-Training-Losses/clipfrac,0.0,Pong1PQFM_XObs_entangled_trainable_rzz_QLayers_5___seed_1_1761468207
9990144,1-Training-Losses/clipfrac,0.0,Pong1PQFM_XObs_entangled_trainable_rzz_QLayers_5___seed_1_1761468207
9994240,1-Training-Losses/clipfrac,0.0,Pong1PQFM_XObs_entangled_trainable_rzz_QLayers_5___seed_1_1761468207
9998336,1-Training-Losses/clipfrac,0.0,Pong1PQFM_XObs_entangled_trainable_rzz_QLayers_5___seed_1_1761468207
4096,1-Training-Losses/entropy,1.0801961421966553,Pong1PQFM_XObs_entangled_trainable_rzz_QLayers_5___seed_1_1761468207
8192,1-Training-Losses/entropy,1.0809593200683594,Pong1PQFM_XObs_entangled_trainable_rzz_QLayers_5___seed_1_1761468207
12288,1-Training-Losses/entropy,1.0809450149536133,Pong1PQFM_XObs_entangled_trainable_rzz_QLayers_5___seed_1_1761468207
16384,1-Training-Losses/entropy,1.0812987089157104,Pong1PQFM_XObs_entangled_trainable_rzz_QLayers_5___seed_1_1761468207
20480,1-Training-Losses/entropy,1.0814404487609863,Pong1PQFM_XObs_entangled_trainable_rzz_QLayers_5___seed_1_1761468207
24576,1-Training-Losses/entropy,1.0824533700942993,Pong1PQFM_XObs_entangled_trainable_rzz_QLayers_5___seed_1_1761468207
28672,1-Training-Losses/entropy,1.0825350284576416,Pong1PQFM_XObs_entangled_trainable_rzz_QLayers_5___seed_1_1761468207
32768,1-Training-Losses/entropy,1.0831626653671265,Pong1PQFM_XObs_entangled_trainable_rzz_QLayers_5___seed_1_1761468207
36864,1-Training-Losses/entropy,1.0835392475128174,Pong1PQFM_XObs_entangled_trainable_rzz_QLayers_5___seed_1_1761468207
40960,1-Training-Losses/entropy,1.082503318786621,Pong1PQFM_XObs_entangled_trainable_rzz_QLayers_5___seed_1_1761468207
45056,1-Training-Losses/entropy,1.0843898057937622,Pong1PQFM_XObs_entangled_trainable_rzz_QLayers_5___seed_1_1761468207
49152,1-Training-Losses/entropy,1.0823020935058594,Pong1PQFM_XObs_entangled_trainable_rzz_QLayers_5___seed_1_1761468207
53248,1-Training-Losses/entropy,1.0824973583221436,Pong1PQFM_XObs_entangled_trainable_rzz_QLayers_5___seed_1_1761468207
57344,1-Training-Losses/entropy,1.082089900970459,Pong1PQFM_XObs_entangled_trainable_rzz_QLayers_5___seed_1_1761468207
61440,1-Training-Losses/entropy,1.0818065404891968,Pong1PQFM_XObs_entangled_trainable_rzz_QLayers_5___seed_1_1761468207
65536,1-Training-Losses/entropy,1.0856921672821045,Pong1PQFM_XObs_entangled_trainable_rzz_QLayers_5___seed_1_1761468207
69632,1-Training-Losses/entropy,1.0844088792800903,Pong1PQFM_XObs_entangled_trainable_rzz_QLayers_5___seed_1_1761468207
73728,1-Training-Losses/entropy,1.0843287706375122,Pong1PQFM_XObs_entangled_trainable_rzz_QLayers_5___seed_1_1761468207
77824,1-Training-Losses/entropy,1.0834451913833618,Pong1PQFM_XObs_entangled_trainable_rzz_QLayers_5___seed_1_1761468207
81920,1-Training-Losses/entropy,1.081923484802246,Pong1PQFM_XObs_entangled_trainable_rzz_QLayers_5___seed_1_1761468207
86016,1-Training-Losses/entropy,1.0804266929626465,Pong1PQFM_XObs_entangled_trainable_rzz_QLayers_5___seed_1_1761468207
90112,1-Training-Losses/entropy,1.0789469480514526,Pong1PQFM_XObs_entangled_trainable_rzz_QLayers_5___seed_1_1761468207
94208,1-Training-Losses/entropy,1.0787068605422974,Pong1PQFM_XObs_entangled_trainable_rzz_QLayers_5___seed_1_1761468207
98304,1-Training-Losses/entropy,1.0791118144989014,Pong1PQFM_XObs_entangled_trainable_rzz_QLayers_5___seed_1_1761468207
102400,1-Training-Losses/entropy,1.0794751644134521,Pong1PQFM_XObs_entangled_trainable_rzz_QLayers_5___seed_1_1761468207
106496,1-Training-Losses/entropy,1.0795924663543701,Pong1PQFM_XObs_entangled_trainable_rzz_QLayers_5___seed_1_1761468207
110592,1-Training-Losses/entropy,1.0782864093780518,Pong1PQFM_XObs_entangled_trainable_rzz_QLayers_5___seed_1_1761468207
114688,1-Training-Losses/entropy,1.0780999660491943,Pong1PQFM_XObs_entangled_trainable_rzz_QLayers_5___seed_1_1761468207
118784,1-Training-Losses/entropy,1.0792052745819092,Pong1PQFM_XObs_entangled_trainable_rzz_QLayers_5___seed_1_1761468207
122880,1-Training-Losses/entropy,1.0782568454742432,Pong1PQFM_XObs_entangled_trainable_rzz_QLayers_5___seed_1_1761468207
126976,1-Training-Losses/entropy,1.0782396793365479,Pong1PQFM_XObs_entangled_trainable_rzz_QLayers_5___seed_1_1761468207
131072,1-Training-Losses/entropy,1.081291913986206,Pong1PQFM_XObs_entangled_trainable_rzz_QLayers_5___seed_1_1761468207
135168,1-Training-Losses/entropy,1.0828361511230469,Pong1PQFM_XObs_entangled_trainable_rzz_QLayers_5___seed_1_1761468207
139264,1-Training-Losses/entropy,1.082854151725769,Pong1PQFM_XObs_entangled_trainable_rzz_QLayers_5___seed_1_1761468207
143360,1-Training-Losses/entropy,1.0830379724502563,Pong1PQFM_XObs_entangled_trainable_rzz_QLayers_5___seed_1_1761468207
147456,1-Training-Losses/entropy,1.0820927619934082,Pong1PQFM_XObs_entangled_trainable_rzz_QLayers_5___seed_1_1761468207
151552,1-Training-Losses/entropy,1.0822237730026245,Pong1PQFM_XObs_entangled_trainable_rzz_QLayers_5___seed_1_1761468207
155648,1-Training-Losses/entropy,1.0804693698883057,Pong1PQFM_XObs_entangled_trainable_rzz_QLayers_5___seed_1_1761468207
159744,1-Training-Losses/entropy,1.0802979469299316,Pong1PQFM_XObs_entangled_trainable_rzz_QLayers_5___seed_1_1761468207
163840,1-Training-Losses/entropy,1.0803029537200928,Pong1PQFM_XObs_entangled_trainable_rzz_QLayers_5___seed_1_1761468207
167936,1-Training-Losses/entropy,1.0801525115966797,Pong1PQFM_XObs_entangled_trainable_rzz_QLayers_5___seed_1_1761468207
172032,1-Training-Losses/entropy,1.0825111865997314,Pong1PQFM_XObs_entangled_trainable_rzz_QLayers_5___seed_1_1761468207
176128,1-Training-Losses/entropy,1.0846623182296753,Pong1PQFM_XObs_entangled_trainable_rzz_QLayers_5___seed_1_1761468207
180224,1-Training-Losses/entropy,1.08400297164917,Pong1PQFM_XObs_entangled_trainable_rzz_QLayers_5___seed_1_1761468207
184320,1-Training-Losses/entropy,1.0847539901733398,Pong1PQFM_XObs_entangled_trainable_rzz_QLayers_5___seed_1_1761468207
188416,1-Training-Losses/entropy,1.0825284719467163,Pong1PQFM_XObs_entangled_trainable_rzz_QLayers_5___seed_1_1761468207
192512,1-Training-Losses/entropy,1.0821285247802734,Pong1PQFM_XObs_entangled_trainable_rzz_QLayers_5___seed_1_1761468207
196608,1-Training-Losses/entropy,1.0822148323059082,Pong1PQFM_XObs_entangled_trainable_rzz_QLayers_5___seed_1_1761468207
200704,1-Training-Losses/entropy,1.0802969932556152,Pong1PQFM_XObs_entangled_trainable_rzz_QLayers_5___seed_1_1761468207
204800,1-Training-Losses/entropy,1.0774861574172974,Pong1PQFM_XObs_entangled_trainable_rzz_QLayers_5___seed_1_1761468207
208896,1-Training-Losses/entropy,1.079473614692688,Pong1PQFM_XObs_entangled_trainable_rzz_QLayers_5___seed_1_1761468207
212992,1-Training-Losses/entropy,1.0792677402496338,Pong1PQFM_XObs_entangled_trainable_rzz_QLayers_5___seed_1_1761468207
217088,1-Training-Losses/entropy,1.0746033191680908,Pong1PQFM_XObs_entangled_trainable_rzz_QLayers_5___seed_1_1761468207
221184,1-Training-Losses/entropy,1.0743231773376465,Pong1PQFM_XObs_entangled_trainable_rzz_QLayers_5___seed_1_1761468207
225280,1-Training-Losses/entropy,1.0755658149719238,Pong1PQFM_XObs_entangled_trainable_rzz_QLayers_5___seed_1_1761468207
229376,1-Training-Losses/entropy,1.0745666027069092,Pong1PQFM_XObs_entangled_trainable_rzz_QLayers_5___seed_1_1761468207
233472,1-Training-Losses/entropy,1.077645182609558,Pong1PQFM_XObs_entangled_trainable_rzz_QLayers_5___seed_1_1761468207
237568,1-Training-Losses/entropy,1.0754971504211426,Pong1PQFM_XObs_entangled_trainable_rzz_QLayers_5___seed_1_1761468207
241664,1-Training-Losses/entropy,1.0748741626739502,Pong1PQFM_XObs_entangled_trainable_rzz_QLayers_5___seed_1_1761468207
245760,1-Training-Losses/entropy,1.0741486549377441,Pong1PQFM_XObs_entangled_trainable_rzz_QLayers_5___seed_1_1761468207
249856,1-Training-Losses/entropy,1.07215416431427,Pong1PQFM_XObs_entangled_trainable_rzz_QLayers_5___seed_1_1761468207
253952,1-Training-Losses/entropy,1.075934886932373,Pong1PQFM_XObs_entangled_trainable_rzz_QLayers_5___seed_1_1761468207
258048,1-Training-Losses/entropy,1.0714704990386963,Pong1PQFM_XObs_entangled_trainable_rzz_QLayers_5___seed_1_1761468207
262144,1-Training-Losses/entropy,1.0717999935150146,Pong1PQFM_XObs_entangled_trainable_rzz_QLayers_5___seed_1_1761468207
266240,1-Training-Losses/entropy,1.0744824409484863,Pong1PQFM_XObs_entangled_trainable_rzz_QLayers_5___seed_1_1761468207
270336,1-Training-Losses/entropy,1.0727198123931885,Pong1PQFM_XObs_entangled_trainable_rzz_QLayers_5___seed_1_1761468207
274432,1-Training-Losses/entropy,1.0736007690429688,Pong1PQFM_XObs_entangled_trainable_rzz_QLayers_5___seed_1_1761468207
278528,1-Training-Losses/entropy,1.0697317123413086,Pong1PQFM_XObs_entangled_trainable_rzz_QLayers_5___seed_1_1761468207
282624,1-Training-Losses/entropy,1.0730230808258057,Pong1PQFM_XObs_entangled_trainable_rzz_QLayers_5___seed_1_1761468207
286720,1-Training-Losses/entropy,1.0714190006256104,Pong1PQFM_XObs_entangled_trainable_rzz_QLayers_5___seed_1_1761468207
290816,1-Training-Losses/entropy,1.071243166923523,Pong1PQFM_XObs_entangled_trainable_rzz_QLayers_5___seed_1_1761468207
294912,1-Training-Losses/entropy,1.0691783428192139,Pong1PQFM_XObs_entangled_trainable_rzz_QLayers_5___seed_1_1761468207
299008,1-Training-Losses/entropy,1.071866750717163,Pong1PQFM_XObs_entangled_trainable_rzz_QLayers_5___seed_1_1761468207
303104,1-Training-Losses/entropy,1.0691759586334229,Pong1PQFM_XObs_entangled_trainable_rzz_QLayers_5___seed_1_1761468207
307200,1-Training-Losses/entropy,1.0689990520477295,Pong1PQFM_XObs_entangled_trainable_rzz_QLayers_5___seed_1_1761468207
311296,1-Training-Losses/entropy,1.0637214183807373,Pong1PQFM_XObs_entangled_trainable_rzz_QLayers_5___seed_1_1761468207
315392,1-Training-Losses/entropy,1.072068214416504,Pong1PQFM_XObs_entangled_trainable_rzz_QLayers_5___seed_1_1761468207
319488,1-Training-Losses/entropy,1.0641406774520874,Pong1PQFM_XObs_entangled_trainable_rzz_QLayers_5___seed_1_1761468207
323584,1-Training-Losses/entropy,1.0660662651062012,Pong1PQFM_XObs_entangled_trainable_rzz_QLayers_5___seed_1_1761468207
327680,1-Training-Losses/entropy,1.063510775566101,Pong1PQFM_XObs_entangled_trainable_rzz_QLayers_5___seed_1_1761468207
331776,1-Training-Losses/entropy,1.0617221593856812,Pong1PQFM_XObs_entangled_trainable_rzz_QLayers_5___seed_1_1761468207
335872,1-Training-Losses/entropy,1.054758906364441,Pong1PQFM_XObs_entangled_trainable_rzz_QLayers_5___seed_1_1761468207
339968,1-Training-Losses/entropy,1.059852123260498,Pong1PQFM_XObs_entangled_trainable_rzz_QLayers_5___seed_1_1761468207
344064,1-Training-Losses/entropy,1.0660865306854248,Pong1PQFM_XObs_entangled_trainable_rzz_QLayers_5___seed_1_1761468207
348160,1-Training-Losses/entropy,1.0592010021209717,Pong1PQFM_XObs_entangled_trainable_rzz_QLayers_5___seed_1_1761468207
352256,1-Training-Losses/entropy,1.0603853464126587,Pong1PQFM_XObs_entangled_trainable_rzz_QLayers_5___seed_1_1761468207
356352,1-Training-Losses/entropy,1.064483404159546,Pong1PQFM_XObs_entangled_trainable_rzz_QLayers_5___seed_1_1761468207
360448,1-Training-Losses/entropy,1.064671277999878,Pong1PQFM_XObs_entangled_trainable_rzz_QLayers_5___seed_1_1761468207
364544,1-Training-Losses/entropy,1.067755103111267,Pong1PQFM_XObs_entangled_trainable_rzz_QLayers_5___seed_1_1761468207
368640,1-Training-Losses/entropy,1.0670956373214722,Pong1PQFM_XObs_entangled_trainable_rzz_QLayers_5___seed_1_1761468207
372736,1-Training-Losses/entropy,1.0640486478805542,Pong1PQFM_XObs_entangled_trainable_rzz_QLayers_5___seed_1_1761468207
376832,1-Training-Losses/entropy,1.055706262588501,Pong1PQFM_XObs_entangled_trainable_rzz_QLayers_5___seed_1_1761468207
380928,1-Training-Losses/entropy,1.0576502084732056,Pong1PQFM_XObs_entangled_trainable_rzz_QLayers_5___seed_1_1761468207
385024,1-Training-Losses/entropy,1.0584642887115479,Pong1PQFM_XObs_entangled_trainable_rzz_QLayers_5___seed_1_1761468207
389120,1-Training-Losses/entropy,1.0572363138198853,Pong1PQFM_XObs_entangled_trainable_rzz_QLayers_5___seed_1_1761468207
393216,1-Training-Losses/entropy,1.0565605163574219,Pong1PQFM_XObs_entangled_trainable_rzz_QLayers_5___seed_1_1761468207
397312,1-Training-Losses/entropy,1.0558357238769531,Pong1PQFM_XObs_entangled_trainable_rzz_QLayers_5___seed_1_1761468207
401408,1-Training-Losses/entropy,1.0496740341186523,Pong1PQFM_XObs_entangled_trainable_rzz_QLayers_5___seed_1_1761468207
405504,1-Training-Losses/entropy,1.052536129951477,Pong1PQFM_XObs_entangled_trainable_rzz_QLayers_5___seed_1_1761468207
409600,1-Training-Losses/entropy,1.0518231391906738,Pong1PQFM_XObs_entangled_trainable_rzz_QLayers_5___seed_1_1761468207
413696,1-Training-Losses/entropy,1.0572179555892944,Pong1PQFM_XObs_entangled_trainable_rzz_QLayers_5___seed_1_1761468207
417792,1-Training-Losses/entropy,1.0581780672073364,Pong1PQFM_XObs_entangled_trainable_rzz_QLayers_5___seed_1_1761468207
421888,1-Training-Losses/entropy,1.0592949390411377,Pong1PQFM_XObs_entangled_trainable_rzz_QLayers_5___seed_1_1761468207
425984,1-Training-Losses/entropy,1.0466374158859253,Pong1PQFM_XObs_entangled_trainable_rzz_QLayers_5___seed_1_1761468207
430080,1-Training-Losses/entropy,1.0487390756607056,Pong1PQFM_XObs_entangled_trainable_rzz_QLayers_5___seed_1_1761468207
434176,1-Training-Losses/entropy,1.0613226890563965,Pong1PQFM_XObs_entangled_trainable_rzz_QLayers_5___seed_1_1761468207
438272,1-Training-Losses/entropy,1.0529811382293701,Pong1PQFM_XObs_entangled_trainable_rzz_QLayers_5___seed_1_1761468207
442368,1-Training-Losses/entropy,1.043859839439392,Pong1PQFM_XObs_entangled_trainable_rzz_QLayers_5___seed_1_1761468207
446464,1-Training-Losses/entropy,1.0501205921173096,Pong1PQFM_XObs_entangled_trainable_rzz_QLayers_5___seed_1_1761468207
450560,1-Training-Losses/entropy,1.05210542678833,Pong1PQFM_XObs_entangled_trainable_rzz_QLayers_5___seed_1_1761468207
454656,1-Training-Losses/entropy,1.0519672632217407,Pong1PQFM_XObs_entangled_trainable_rzz_QLayers_5___seed_1_1761468207
458752,1-Training-Losses/entropy,1.053356409072876,Pong1PQFM_XObs_entangled_trainable_rzz_QLayers_5___seed_1_1761468207
462848,1-Training-Losses/entropy,1.0493597984313965,Pong1PQFM_XObs_entangled_trainable_rzz_QLayers_5___seed_1_1761468207
466944,1-Training-Losses/entropy,1.0586278438568115,Pong1PQFM_XObs_entangled_trainable_rzz_QLayers_5___seed_1_1761468207
471040,1-Training-Losses/entropy,1.0519647598266602,Pong1PQFM_XObs_entangled_trainable_rzz_QLayers_5___seed_1_1761468207
475136,1-Training-Losses/entropy,1.051527976989746,Pong1PQFM_XObs_entangled_trainable_rzz_QLayers_5___seed_1_1761468207
479232,1-Training-Losses/entropy,1.0497703552246094,Pong1PQFM_XObs_entangled_trainable_rzz_QLayers_5___seed_1_1761468207
483328,1-Training-Losses/entropy,1.052577257156372,Pong1PQFM_XObs_entangled_trainable_rzz_QLayers_5___seed_1_1761468207
487424,1-Training-Losses/entropy,1.0527081489562988,Pong1PQFM_XObs_entangled_trainable_rzz_QLayers_5___seed_1_1761468207
491520,1-Training-Losses/entropy,1.051440954208374,Pong1PQFM_XObs_entangled_trainable_rzz_QLayers_5___seed_1_1761468207
495616,1-Training-Losses/entropy,1.045876383781433,Pong1PQFM_XObs_entangled_trainable_rzz_QLayers_5___seed_1_1761468207
499712,1-Training-Losses/entropy,1.0409138202667236,Pong1PQFM_XObs_entangled_trainable_rzz_QLayers_5___seed_1_1761468207
503808,1-Training-Losses/entropy,1.0407702922821045,Pong1PQFM_XObs_entangled_trainable_rzz_QLayers_5___seed_1_1761468207
507904,1-Training-Losses/entropy,1.0392498970031738,Pong1PQFM_XObs_entangled_trainable_rzz_QLayers_5___seed_1_1761468207
512000,1-Training-Losses/entropy,1.0365750789642334,Pong1PQFM_XObs_entangled_trainable_rzz_QLayers_5___seed_1_1761468207
516096,1-Training-Losses/entropy,1.0371599197387695,Pong1PQFM_XObs_entangled_trainable_rzz_QLayers_5___seed_1_1761468207
520192,1-Training-Losses/entropy,1.033888578414917,Pong1PQFM_XObs_entangled_trainable_rzz_QLayers_5___seed_1_1761468207
524288,1-Training-Losses/entropy,1.034348726272583,Pong1PQFM_XObs_entangled_trainable_rzz_QLayers_5___seed_1_1761468207
528384,1-Training-Losses/entropy,1.042008876800537,Pong1PQFM_XObs_entangled_trainable_rzz_QLayers_5___seed_1_1761468207
532480,1-Training-Losses/entropy,1.0368034839630127,Pong1PQFM_XObs_entangled_trainable_rzz_QLayers_5___seed_1_1761468207
536576,1-Training-Losses/entropy,1.034124732017517,Pong1PQFM_XObs_entangled_trainable_rzz_QLayers_5___seed_1_1761468207
540672,1-Training-Losses/entropy,1.031118392944336,Pong1PQFM_XObs_entangled_trainable_rzz_QLayers_5___seed_1_1761468207
544768,1-Training-Losses/entropy,1.0291866064071655,Pong1PQFM_XObs_entangled_trainable_rzz_QLayers_5___seed_1_1761468207
548864,1-Training-Losses/entropy,1.0277459621429443,Pong1PQFM_XObs_entangled_trainable_rzz_QLayers_5___seed_1_1761468207
552960,1-Training-Losses/entropy,1.034874439239502,Pong1PQFM_XObs_entangled_trainable_rzz_QLayers_5___seed_1_1761468207
557056,1-Training-Losses/entropy,1.0308279991149902,Pong1PQFM_XObs_entangled_trainable_rzz_QLayers_5___seed_1_1761468207
561152,1-Training-Losses/entropy,1.029679536819458,Pong1PQFM_XObs_entangled_trainable_rzz_QLayers_5___seed_1_1761468207
565248,1-Training-Losses/entropy,1.0408909320831299,Pong1PQFM_XObs_entangled_trainable_rzz_QLayers_5___seed_1_1761468207
569344,1-Training-Losses/entropy,1.0325982570648193,Pong1PQFM_XObs_entangled_trainable_rzz_QLayers_5___seed_1_1761468207
573440,1-Training-Losses/entropy,1.0367175340652466,Pong1PQFM_XObs_entangled_trainable_rzz_QLayers_5___seed_1_1761468207
577536,1-Training-Losses/entropy,1.031959056854248,Pong1PQFM_XObs_entangled_trainable_rzz_QLayers_5___seed_1_1761468207
581632,1-Training-Losses/entropy,1.0385085344314575,Pong1PQFM_XObs_entangled_trainable_rzz_QLayers_5___seed_1_1761468207
585728,1-Training-Losses/entropy,1.028486967086792,Pong1PQFM_XObs_entangled_trainable_rzz_QLayers_5___seed_1_1761468207
589824,1-Training-Losses/entropy,1.0283586978912354,Pong1PQFM_XObs_entangled_trainable_rzz_QLayers_5___seed_1_1761468207
593920,1-Training-Losses/entropy,1.0341722965240479,Pong1PQFM_XObs_entangled_trainable_rzz_QLayers_5___seed_1_1761468207
598016,1-Training-Losses/entropy,1.0303250551223755,Pong1PQFM_XObs_entangled_trainable_rzz_QLayers_5___seed_1_1761468207
602112,1-Training-Losses/entropy,1.0246763229370117,Pong1PQFM_XObs_entangled_trainable_rzz_QLayers_5___seed_1_1761468207
606208,1-Training-Losses/entropy,1.0269577503204346,Pong1PQFM_XObs_entangled_trainable_rzz_QLayers_5___seed_1_1761468207
610304,1-Training-Losses/entropy,1.029759407043457,Pong1PQFM_XObs_entangled_trainable_rzz_QLayers_5___seed_1_1761468207
614400,1-Training-Losses/entropy,1.0147241353988647,Pong1PQFM_XObs_entangled_trainable_rzz_QLayers_5___seed_1_1761468207
618496,1-Training-Losses/entropy,1.0247912406921387,Pong1PQFM_XObs_entangled_trainable_rzz_QLayers_5___seed_1_1761468207
622592,1-Training-Losses/entropy,1.032700777053833,Pong1PQFM_XObs_entangled_trainable_rzz_QLayers_5___seed_1_1761468207
626688,1-Training-Losses/entropy,1.021388053894043,Pong1PQFM_XObs_entangled_trainable_rzz_QLayers_5___seed_1_1761468207
630784,1-Training-Losses/entropy,1.0231199264526367,Pong1PQFM_XObs_entangled_trainable_rzz_QLayers_5___seed_1_1761468207
634880,1-Training-Losses/entropy,1.0161666870117188,Pong1PQFM_XObs_entangled_trainable_rzz_QLayers_5___seed_1_1761468207
638976,1-Training-Losses/entropy,1.0244683027267456,Pong1PQFM_XObs_entangled_trainable_rzz_QLayers_5___seed_1_1761468207
643072,1-Training-Losses/entropy,1.0195661783218384,Pong1PQFM_XObs_entangled_trainable_rzz_QLayers_5___seed_1_1761468207
647168,1-Training-Losses/entropy,1.0280933380126953,Pong1PQFM_XObs_entangled_trainable_rzz_QLayers_5___seed_1_1761468207
651264,1-Training-Losses/entropy,1.0234997272491455,Pong1PQFM_XObs_entangled_trainable_rzz_QLayers_5___seed_1_1761468207
655360,1-Training-Losses/entropy,1.0218682289123535,Pong1PQFM_XObs_entangled_trainable_rzz_QLayers_5___seed_1_1761468207
659456,1-Training-Losses/entropy,1.0277869701385498,Pong1PQFM_XObs_entangled_trainable_rzz_QLayers_5___seed_1_1761468207
663552,1-Training-Losses/entropy,1.0169901847839355,Pong1PQFM_XObs_entangled_trainable_rzz_QLayers_5___seed_1_1761468207
667648,1-Training-Losses/entropy,1.0203438997268677,Pong1PQFM_XObs_entangled_trainable_rzz_QLayers_5___seed_1_1761468207
671744,1-Training-Losses/entropy,1.0151139497756958,Pong1PQFM_XObs_entangled_trainable_rzz_QLayers_5___seed_1_1761468207
675840,1-Training-Losses/entropy,1.0276579856872559,Pong1PQFM_XObs_entangled_trainable_rzz_QLayers_5___seed_1_1761468207
679936,1-Training-Losses/entropy,1.0186089277267456,Pong1PQFM_XObs_entangled_trainable_rzz_QLayers_5___seed_1_1761468207
684032,1-Training-Losses/entropy,1.0309388637542725,Pong1PQFM_XObs_entangled_trainable_rzz_QLayers_5___seed_1_1761468207
688128,1-Training-Losses/entropy,1.01548433303833,Pong1PQFM_XObs_entangled_trainable_rzz_QLayers_5___seed_1_1761468207
692224,1-Training-Losses/entropy,1.0218071937561035,Pong1PQFM_XObs_entangled_trainable_rzz_QLayers_5___seed_1_1761468207
696320,1-Training-Losses/entropy,1.0236332416534424,Pong1PQFM_XObs_entangled_trainable_rzz_QLayers_5___seed_1_1761468207
700416,1-Training-Losses/entropy,1.0155467987060547,Pong1PQFM_XObs_entangled_trainable_rzz_QLayers_5___seed_1_1761468207
704512,1-Training-Losses/entropy,1.0113296508789062,Pong1PQFM_XObs_entangled_trainable_rzz_QLayers_5___seed_1_1761468207
708608,1-Training-Losses/entropy,1.0265816450119019,Pong1PQFM_XObs_entangled_trainable_rzz_QLayers_5___seed_1_1761468207
712704,1-Training-Losses/entropy,1.0202043056488037,Pong1PQFM_XObs_entangled_trainable_rzz_QLayers_5___seed_1_1761468207
716800,1-Training-Losses/entropy,1.0197134017944336,Pong1PQFM_XObs_entangled_trainable_rzz_QLayers_5___seed_1_1761468207
720896,1-Training-Losses/entropy,1.0182857513427734,Pong1PQFM_XObs_entangled_trainable_rzz_QLayers_5___seed_1_1761468207
724992,1-Training-Losses/entropy,1.018458366394043,Pong1PQFM_XObs_entangled_trainable_rzz_QLayers_5___seed_1_1761468207
729088,1-Training-Losses/entropy,1.0288536548614502,Pong1PQFM_XObs_entangled_trainable_rzz_QLayers_5___seed_1_1761468207
733184,1-Training-Losses/entropy,1.0092297792434692,Pong1PQFM_XObs_entangled_trainable_rzz_QLayers_5___seed_1_1761468207
737280,1-Training-Losses/entropy,1.0102009773254395,Pong1PQFM_XObs_entangled_trainable_rzz_QLayers_5___seed_1_1761468207
741376,1-Training-Losses/entropy,1.0072836875915527,Pong1PQFM_XObs_entangled_trainable_rzz_QLayers_5___seed_1_1761468207
745472,1-Training-Losses/entropy,1.0231842994689941,Pong1PQFM_XObs_entangled_trainable_rzz_QLayers_5___seed_1_1761468207
749568,1-Training-Losses/entropy,1.0228990316390991,Pong1PQFM_XObs_entangled_trainable_rzz_QLayers_5___seed_1_1761468207
753664,1-Training-Losses/entropy,1.0096300840377808,Pong1PQFM_XObs_entangled_trainable_rzz_QLayers_5___seed_1_1761468207
757760,1-Training-Losses/entropy,1.0240395069122314,Pong1PQFM_XObs_entangled_trainable_rzz_QLayers_5___seed_1_1761468207
761856,1-Training-Losses/entropy,1.006170630455017,Pong1PQFM_XObs_entangled_trainable_rzz_QLayers_5___seed_1_1761468207
765952,1-Training-Losses/entropy,1.014074444770813,Pong1PQFM_XObs_entangled_trainable_rzz_QLayers_5___seed_1_1761468207
770048,1-Training-Losses/entropy,1.0091294050216675,Pong1PQFM_XObs_entangled_trainable_rzz_QLayers_5___seed_1_1761468207
774144,1-Training-Losses/entropy,1.012775182723999,Pong1PQFM_XObs_entangled_trainable_rzz_QLayers_5___seed_1_1761468207
778240,1-Training-Losses/entropy,1.021348237991333,Pong1PQFM_XObs_entangled_trainable_rzz_QLayers_5___seed_1_1761468207
782336,1-Training-Losses/entropy,1.0060641765594482,Pong1PQFM_XObs_entangled_trainable_rzz_QLayers_5___seed_1_1761468207
786432,1-Training-Losses/entropy,1.0160987377166748,Pong1PQFM_XObs_entangled_trainable_rzz_QLayers_5___seed_1_1761468207
790528,1-Training-Losses/entropy,1.0213358402252197,Pong1PQFM_XObs_entangled_trainable_rzz_QLayers_5___seed_1_1761468207
794624,1-Training-Losses/entropy,1.0098944902420044,Pong1PQFM_XObs_entangled_trainable_rzz_QLayers_5___seed_1_1761468207
798720,1-Training-Losses/entropy,1.0213457345962524,Pong1PQFM_XObs_entangled_trainable_rzz_QLayers_5___seed_1_1761468207
802816,1-Training-Losses/entropy,1.0225731134414673,Pong1PQFM_XObs_entangled_trainable_rzz_QLayers_5___seed_1_1761468207
806912,1-Training-Losses/entropy,1.0167601108551025,Pong1PQFM_XObs_entangled_trainable_rzz_QLayers_5___seed_1_1761468207
811008,1-Training-Losses/entropy,1.007387399673462,Pong1PQFM_XObs_entangled_trainable_rzz_QLayers_5___seed_1_1761468207
815104,1-Training-Losses/entropy,1.0101295709609985,Pong1PQFM_XObs_entangled_trainable_rzz_QLayers_5___seed_1_1761468207
819200,1-Training-Losses/entropy,1.0050935745239258,Pong1PQFM_XObs_entangled_trainable_rzz_QLayers_5___seed_1_1761468207
823296,1-Training-Losses/entropy,1.0052440166473389,Pong1PQFM_XObs_entangled_trainable_rzz_QLayers_5___seed_1_1761468207
827392,1-Training-Losses/entropy,1.0140705108642578,Pong1PQFM_XObs_entangled_trainable_rzz_QLayers_5___seed_1_1761468207
831488,1-Training-Losses/entropy,1.0017952919006348,Pong1PQFM_XObs_entangled_trainable_rzz_QLayers_5___seed_1_1761468207
835584,1-Training-Losses/entropy,1.0160324573516846,Pong1PQFM_XObs_entangled_trainable_rzz_QLayers_5___seed_1_1761468207
839680,1-Training-Losses/entropy,1.0114049911499023,Pong1PQFM_XObs_entangled_trainable_rzz_QLayers_5___seed_1_1761468207
843776,1-Training-Losses/entropy,1.0093963146209717,Pong1PQFM_XObs_entangled_trainable_rzz_QLayers_5___seed_1_1761468207
847872,1-Training-Losses/entropy,0.9921603202819824,Pong1PQFM_XObs_entangled_trainable_rzz_QLayers_5___seed_1_1761468207
851968,1-Training-Losses/entropy,1.014319658279419,Pong1PQFM_XObs_entangled_trainable_rzz_QLayers_5___seed_1_1761468207
856064,1-Training-Losses/entropy,0.997322142124176,Pong1PQFM_XObs_entangled_trainable_rzz_QLayers_5___seed_1_1761468207
860160,1-Training-Losses/entropy,1.0013809204101562,Pong1PQFM_XObs_entangled_trainable_rzz_QLayers_5___seed_1_1761468207
864256,1-Training-Losses/entropy,0.9907763600349426,Pong1PQFM_XObs_entangled_trainable_rzz_QLayers_5___seed_1_1761468207
868352,1-Training-Losses/entropy,1.0038516521453857,Pong1PQFM_XObs_entangled_trainable_rzz_QLayers_5___seed_1_1761468207
872448,1-Training-Losses/entropy,1.0060653686523438,Pong1PQFM_XObs_entangled_trainable_rzz_QLayers_5___seed_1_1761468207
876544,1-Training-Losses/entropy,0.9918882846832275,Pong1PQFM_XObs_entangled_trainable_rzz_QLayers_5___seed_1_1761468207
880640,1-Training-Losses/entropy,0.9923031330108643,Pong1PQFM_XObs_entangled_trainable_rzz_QLayers_5___seed_1_1761468207
884736,1-Training-Losses/entropy,0.9927703142166138,Pong1PQFM_XObs_entangled_trainable_rzz_QLayers_5___seed_1_1761468207
888832,1-Training-Losses/entropy,0.9837938547134399,Pong1PQFM_XObs_entangled_trainable_rzz_QLayers_5___seed_1_1761468207
892928,1-Training-Losses/entropy,1.011258840560913,Pong1PQFM_XObs_entangled_trainable_rzz_QLayers_5___seed_1_1761468207
897024,1-Training-Losses/entropy,0.990494966506958,Pong1PQFM_XObs_entangled_trainable_rzz_QLayers_5___seed_1_1761468207
901120,1-Training-Losses/entropy,1.0038269758224487,Pong1PQFM_XObs_entangled_trainable_rzz_QLayers_5___seed_1_1761468207
905216,1-Training-Losses/entropy,1.0057568550109863,Pong1PQFM_XObs_entangled_trainable_rzz_QLayers_5___seed_1_1761468207
909312,1-Training-Losses/entropy,1.01273775100708,Pong1PQFM_XObs_entangled_trainable_rzz_QLayers_5___seed_1_1761468207
913408,1-Training-Losses/entropy,1.0068039894104004,Pong1PQFM_XObs_entangled_trainable_rzz_QLayers_5___seed_1_1761468207
917504,1-Training-Losses/entropy,0.9794864058494568,Pong1PQFM_XObs_entangled_trainable_rzz_QLayers_5___seed_1_1761468207
921600,1-Training-Losses/entropy,1.0057575702667236,Pong1PQFM_XObs_entangled_trainable_rzz_QLayers_5___seed_1_1761468207
925696,1-Training-Losses/entropy,0.9988763332366943,Pong1PQFM_XObs_entangled_trainable_rzz_QLayers_5___seed_1_1761468207
929792,1-Training-Losses/entropy,1.008476972579956,Pong1PQFM_XObs_entangled_trainable_rzz_QLayers_5___seed_1_1761468207
933888,1-Training-Losses/entropy,0.9989596605300903,Pong1PQFM_XObs_entangled_trainable_rzz_QLayers_5___seed_1_1761468207
937984,1-Training-Losses/entropy,0.9892079830169678,Pong1PQFM_XObs_entangled_trainable_rzz_QLayers_5___seed_1_1761468207
942080,1-Training-Losses/entropy,0.9873213171958923,Pong1PQFM_XObs_entangled_trainable_rzz_QLayers_5___seed_1_1761468207
946176,1-Training-Losses/entropy,1.0019021034240723,Pong1PQFM_XObs_entangled_trainable_rzz_QLayers_5___seed_1_1761468207
950272,1-Training-Losses/entropy,1.0097408294677734,Pong1PQFM_XObs_entangled_trainable_rzz_QLayers_5___seed_1_1761468207
954368,1-Training-Losses/entropy,1.0002952814102173,Pong1PQFM_XObs_entangled_trainable_rzz_QLayers_5___seed_1_1761468207
958464,1-Training-Losses/entropy,1.000663161277771,Pong1PQFM_XObs_entangled_trainable_rzz_QLayers_5___seed_1_1761468207
962560,1-Training-Losses/entropy,1.000221610069275,Pong1PQFM_XObs_entangled_trainable_rzz_QLayers_5___seed_1_1761468207
966656,1-Training-Losses/entropy,1.020327091217041,Pong1PQFM_XObs_entangled_trainable_rzz_QLayers_5___seed_1_1761468207
970752,1-Training-Losses/entropy,0.9968810677528381,Pong1PQFM_XObs_entangled_trainable_rzz_QLayers_5___seed_1_1761468207
974848,1-Training-Losses/entropy,1.0019433498382568,Pong1PQFM_XObs_entangled_trainable_rzz_QLayers_5___seed_1_1761468207
978944,1-Training-Losses/entropy,1.0015335083007812,Pong1PQFM_XObs_entangled_trainable_rzz_QLayers_5___seed_1_1761468207
983040,1-Training-Losses/entropy,1.0138136148452759,Pong1PQFM_XObs_entangled_trainable_rzz_QLayers_5___seed_1_1761468207
987136,1-Training-Losses/entropy,1.0040565729141235,Pong1PQFM_XObs_entangled_trainable_rzz_QLayers_5___seed_1_1761468207
991232,1-Training-Losses/entropy,0.9955127239227295,Pong1PQFM_XObs_entangled_trainable_rzz_QLayers_5___seed_1_1761468207
995328,1-Training-Losses/entropy,1.0046255588531494,Pong1PQFM_XObs_entangled_trainable_rzz_QLayers_5___seed_1_1761468207
999424,1-Training-Losses/entropy,0.9897372722625732,Pong1PQFM_XObs_entangled_trainable_rzz_QLayers_5___seed_1_1761468207
1003520,1-Training-Losses/entropy,0.9911720156669617,Pong1PQFM_XObs_entangled_trainable_rzz_QLayers_5___seed_1_1761468207
1007616,1-Training-Losses/entropy,1.00621497631073,Pong1PQFM_XObs_entangled_trainable_rzz_QLayers_5___seed_1_1761468207
1011712,1-Training-Losses/entropy,0.9894164204597473,Pong1PQFM_XObs_entangled_trainable_rzz_QLayers_5___seed_1_1761468207
1015808,1-Training-Losses/entropy,0.9955081343650818,Pong1PQFM_XObs_entangled_trainable_rzz_QLayers_5___seed_1_1761468207
1019904,1-Training-Losses/entropy,0.9964276552200317,Pong1PQFM_XObs_entangled_trainable_rzz_QLayers_5___seed_1_1761468207
1024000,1-Training-Losses/entropy,1.0199201107025146,Pong1PQFM_XObs_entangled_trainable_rzz_QLayers_5___seed_1_1761468207
1028096,1-Training-Losses/entropy,0.9874711632728577,Pong1PQFM_XObs_entangled_trainable_rzz_QLayers_5___seed_1_1761468207
1032192,1-Training-Losses/entropy,0.990947961807251,Pong1PQFM_XObs_entangled_trainable_rzz_QLayers_5___seed_1_1761468207
1036288,1-Training-Losses/entropy,0.9897754192352295,Pong1PQFM_XObs_entangled_trainable_rzz_QLayers_5___seed_1_1761468207
1040384,1-Training-Losses/entropy,0.9949350357055664,Pong1PQFM_XObs_entangled_trainable_rzz_QLayers_5___seed_1_1761468207
1044480,1-Training-Losses/entropy,0.991260290145874,Pong1PQFM_XObs_entangled_trainable_rzz_QLayers_5___seed_1_1761468207
1048576,1-Training-Losses/entropy,0.998955249786377,Pong1PQFM_XObs_entangled_trainable_rzz_QLayers_5___seed_1_1761468207
1052672,1-Training-Losses/entropy,0.9925872087478638,Pong1PQFM_XObs_entangled_trainable_rzz_QLayers_5___seed_1_1761468207
1056768,1-Training-Losses/entropy,0.9901196956634521,Pong1PQFM_XObs_entangled_trainable_rzz_QLayers_5___seed_1_1761468207
1060864,1-Training-Losses/entropy,0.9943645000457764,Pong1PQFM_XObs_entangled_trainable_rzz_QLayers_5___seed_1_1761468207
1064960,1-Training-Losses/entropy,0.9831615686416626,Pong1PQFM_XObs_entangled_trainable_rzz_QLayers_5___seed_1_1761468207
1069056,1-Training-Losses/entropy,0.9689875841140747,Pong1PQFM_XObs_entangled_trainable_rzz_QLayers_5___seed_1_1761468207
1073152,1-Training-Losses/entropy,0.9788594245910645,Pong1PQFM_XObs_entangled_trainable_rzz_QLayers_5___seed_1_1761468207
1077248,1-Training-Losses/entropy,0.9795326590538025,Pong1PQFM_XObs_entangled_trainable_rzz_QLayers_5___seed_1_1761468207
1081344,1-Training-Losses/entropy,0.9961659908294678,Pong1PQFM_XObs_entangled_trainable_rzz_QLayers_5___seed_1_1761468207
1085440,1-Training-Losses/entropy,0.9864083528518677,Pong1PQFM_XObs_entangled_trainable_rzz_QLayers_5___seed_1_1761468207
1089536,1-Training-Losses/entropy,0.9802707433700562,Pong1PQFM_XObs_entangled_trainable_rzz_QLayers_5___seed_1_1761468207
1093632,1-Training-Losses/entropy,0.9799562096595764,Pong1PQFM_XObs_entangled_trainable_rzz_QLayers_5___seed_1_1761468207
1097728,1-Training-Losses/entropy,0.979867160320282,Pong1PQFM_XObs_entangled_trainable_rzz_QLayers_5___seed_1_1761468207
1101824,1-Training-Losses/entropy,0.9758113622665405,Pong1PQFM_XObs_entangled_trainable_rzz_QLayers_5___seed_1_1761468207
1105920,1-Training-Losses/entropy,0.9767898917198181,Pong1PQFM_XObs_entangled_trainable_rzz_QLayers_5___seed_1_1761468207
1110016,1-Training-Losses/entropy,0.9703540802001953,Pong1PQFM_XObs_entangled_trainable_rzz_QLayers_5___seed_1_1761468207
1114112,1-Training-Losses/entropy,0.9790469408035278,Pong1PQFM_XObs_entangled_trainable_rzz_QLayers_5___seed_1_1761468207
1118208,1-Training-Losses/entropy,0.9716572761535645,Pong1PQFM_XObs_entangled_trainable_rzz_QLayers_5___seed_1_1761468207
1122304,1-Training-Losses/entropy,0.9800162315368652,Pong1PQFM_XObs_entangled_trainable_rzz_QLayers_5___seed_1_1761468207
1126400,1-Training-Losses/entropy,1.0006418228149414,Pong1PQFM_XObs_entangled_trainable_rzz_QLayers_5___seed_1_1761468207
1130496,1-Training-Losses/entropy,0.9879752397537231,Pong1PQFM_XObs_entangled_trainable_rzz_QLayers_5___seed_1_1761468207
1134592,1-Training-Losses/entropy,1.0000274181365967,Pong1PQFM_XObs_entangled_trainable_rzz_QLayers_5___seed_1_1761468207
1138688,1-Training-Losses/entropy,0.993206262588501,Pong1PQFM_XObs_entangled_trainable_rzz_QLayers_5___seed_1_1761468207
1142784,1-Training-Losses/entropy,0.9814401865005493,Pong1PQFM_XObs_entangled_trainable_rzz_QLayers_5___seed_1_1761468207
1146880,1-Training-Losses/entropy,0.9830833673477173,Pong1PQFM_XObs_entangled_trainable_rzz_QLayers_5___seed_1_1761468207
1150976,1-Training-Losses/entropy,0.9919016361236572,Pong1PQFM_XObs_entangled_trainable_rzz_QLayers_5___seed_1_1761468207
1155072,1-Training-Losses/entropy,0.9826264977455139,Pong1PQFM_XObs_entangled_trainable_rzz_QLayers_5___seed_1_1761468207
1159168,1-Training-Losses/entropy,0.9687660932540894,Pong1PQFM_XObs_entangled_trainable_rzz_QLayers_5___seed_1_1761468207
1163264,1-Training-Losses/entropy,0.9835819005966187,Pong1PQFM_XObs_entangled_trainable_rzz_QLayers_5___seed_1_1761468207
1167360,1-Training-Losses/entropy,1.005598783493042,Pong1PQFM_XObs_entangled_trainable_rzz_QLayers_5___seed_1_1761468207
1171456,1-Training-Losses/entropy,0.9805681109428406,Pong1PQFM_XObs_entangled_trainable_rzz_QLayers_5___seed_1_1761468207
1175552,1-Training-Losses/entropy,0.9993301630020142,Pong1PQFM_XObs_entangled_trainable_rzz_QLayers_5___seed_1_1761468207
1179648,1-Training-Losses/entropy,0.996640145778656,Pong1PQFM_XObs_entangled_trainable_rzz_QLayers_5___seed_1_1761468207
1183744,1-Training-Losses/entropy,0.9987757802009583,Pong1PQFM_XObs_entangled_trainable_rzz_QLayers_5___seed_1_1761468207
1187840,1-Training-Losses/entropy,0.9903351068496704,Pong1PQFM_XObs_entangled_trainable_rzz_QLayers_5___seed_1_1761468207
1191936,1-Training-Losses/entropy,0.9962971210479736,Pong1PQFM_XObs_entangled_trainable_rzz_QLayers_5___seed_1_1761468207
1196032,1-Training-Losses/entropy,1.0014052391052246,Pong1PQFM_XObs_entangled_trainable_rzz_QLayers_5___seed_1_1761468207
1200128,1-Training-Losses/entropy,1.0012507438659668,Pong1PQFM_XObs_entangled_trainable_rzz_QLayers_5___seed_1_1761468207
1204224,1-Training-Losses/entropy,1.0065674781799316,Pong1PQFM_XObs_entangled_trainable_rzz_QLayers_5___seed_1_1761468207
1208320,1-Training-Losses/entropy,1.0010677576065063,Pong1PQFM_XObs_entangled_trainable_rzz_QLayers_5___seed_1_1761468207
1212416,1-Training-Losses/entropy,1.0005215406417847,Pong1PQFM_XObs_entangled_trainable_rzz_QLayers_5___seed_1_1761468207
1216512,1-Training-Losses/entropy,1.0073857307434082,Pong1PQFM_XObs_entangled_trainable_rzz_QLayers_5___seed_1_1761468207
1220608,1-Training-Losses/entropy,0.9871490001678467,Pong1PQFM_XObs_entangled_trainable_rzz_QLayers_5___seed_1_1761468207
1224704,1-Training-Losses/entropy,1.004783034324646,Pong1PQFM_XObs_entangled_trainable_rzz_QLayers_5___seed_1_1761468207
1228800,1-Training-Losses/entropy,0.9893957376480103,Pong1PQFM_XObs_entangled_trainable_rzz_QLayers_5___seed_1_1761468207
1232896,1-Training-Losses/entropy,0.9946591854095459,Pong1PQFM_XObs_entangled_trainable_rzz_QLayers_5___seed_1_1761468207
1236992,1-Training-Losses/entropy,0.9857392311096191,Pong1PQFM_XObs_entangled_trainable_rzz_QLayers_5___seed_1_1761468207
1241088,1-Training-Losses/entropy,0.9953178763389587,Pong1PQFM_XObs_entangled_trainable_rzz_QLayers_5___seed_1_1761468207
1245184,1-Training-Losses/entropy,0.988324761390686,Pong1PQFM_XObs_entangled_trainable_rzz_QLayers_5___seed_1_1761468207
1249280,1-Training-Losses/entropy,1.0018644332885742,Pong1PQFM_XObs_entangled_trainable_rzz_QLayers_5___seed_1_1761468207
1253376,1-Training-Losses/entropy,1.0042192935943604,Pong1PQFM_XObs_entangled_trainable_rzz_QLayers_5___seed_1_1761468207
1257472,1-Training-Losses/entropy,0.9887323379516602,Pong1PQFM_XObs_entangled_trainable_rzz_QLayers_5___seed_1_1761468207
1261568,1-Training-Losses/entropy,0.9875122308731079,Pong1PQFM_XObs_entangled_trainable_rzz_QLayers_5___seed_1_1761468207
1265664,1-Training-Losses/entropy,1.005275011062622,Pong1PQFM_XObs_entangled_trainable_rzz_QLayers_5___seed_1_1761468207
1269760,1-Training-Losses/entropy,0.9969533085823059,Pong1PQFM_XObs_entangled_trainable_rzz_QLayers_5___seed_1_1761468207
1273856,1-Training-Losses/entropy,1.008068561553955,Pong1PQFM_XObs_entangled_trainable_rzz_QLayers_5___seed_1_1761468207
1277952,1-Training-Losses/entropy,0.9999258518218994,Pong1PQFM_XObs_entangled_trainable_rzz_QLayers_5___seed_1_1761468207
1282048,1-Training-Losses/entropy,0.9917752146720886,Pong1PQFM_XObs_entangled_trainable_rzz_QLayers_5___seed_1_1761468207
1286144,1-Training-Losses/entropy,1.0049922466278076,Pong1PQFM_XObs_entangled_trainable_rzz_QLayers_5___seed_1_1761468207
1290240,1-Training-Losses/entropy,0.9890580177307129,Pong1PQFM_XObs_entangled_trainable_rzz_QLayers_5___seed_1_1761468207
1294336,1-Training-Losses/entropy,1.0070514678955078,Pong1PQFM_XObs_entangled_trainable_rzz_QLayers_5___seed_1_1761468207
1298432,1-Training-Losses/entropy,0.9922096133232117,Pong1PQFM_XObs_entangled_trainable_rzz_QLayers_5___seed_1_1761468207
1302528,1-Training-Losses/entropy,1.0028550624847412,Pong1PQFM_XObs_entangled_trainable_rzz_QLayers_5___seed_1_1761468207
1306624,1-Training-Losses/entropy,1.0075876712799072,Pong1PQFM_XObs_entangled_trainable_rzz_QLayers_5___seed_1_1761468207
1310720,1-Training-Losses/entropy,0.9956283569335938,Pong1PQFM_XObs_entangled_trainable_rzz_QLayers_5___seed_1_1761468207
1314816,1-Training-Losses/entropy,0.9986585378646851,Pong1PQFM_XObs_entangled_trainable_rzz_QLayers_5___seed_1_1761468207
1318912,1-Training-Losses/entropy,0.977145791053772,Pong1PQFM_XObs_entangled_trainable_rzz_QLayers_5___seed_1_1761468207
1323008,1-Training-Losses/entropy,0.9881916642189026,Pong1PQFM_XObs_entangled_trainable_rzz_QLayers_5___seed_1_1761468207
1327104,1-Training-Losses/entropy,0.9755743741989136,Pong1PQFM_XObs_entangled_trainable_rzz_QLayers_5___seed_1_1761468207
1331200,1-Training-Losses/entropy,0.9892596006393433,Pong1PQFM_XObs_entangled_trainable_rzz_QLayers_5___seed_1_1761468207
1335296,1-Training-Losses/entropy,0.9888938665390015,Pong1PQFM_XObs_entangled_trainable_rzz_QLayers_5___seed_1_1761468207
1339392,1-Training-Losses/entropy,1.0025761127471924,Pong1PQFM_XObs_entangled_trainable_rzz_QLayers_5___seed_1_1761468207
1343488,1-Training-Losses/entropy,0.9713191390037537,Pong1PQFM_XObs_entangled_trainable_rzz_QLayers_5___seed_1_1761468207
1347584,1-Training-Losses/entropy,0.9829719662666321,Pong1PQFM_XObs_entangled_trainable_rzz_QLayers_5___seed_1_1761468207
1351680,1-Training-Losses/entropy,0.994723916053772,Pong1PQFM_XObs_entangled_trainable_rzz_QLayers_5___seed_1_1761468207
1355776,1-Training-Losses/entropy,0.9871373772621155,Pong1PQFM_XObs_entangled_trainable_rzz_QLayers_5___seed_1_1761468207
1359872,1-Training-Losses/entropy,0.9926351308822632,Pong1PQFM_XObs_entangled_trainable_rzz_QLayers_5___seed_1_1761468207
1363968,1-Training-Losses/entropy,0.9937422275543213,Pong1PQFM_XObs_entangled_trainable_rzz_QLayers_5___seed_1_1761468207
1368064,1-Training-Losses/entropy,0.9799463152885437,Pong1PQFM_XObs_entangled_trainable_rzz_QLayers_5___seed_1_1761468207
1372160,1-Training-Losses/entropy,0.99568772315979,Pong1PQFM_XObs_entangled_trainable_rzz_QLayers_5___seed_1_1761468207
1376256,1-Training-Losses/entropy,0.9876246452331543,Pong1PQFM_XObs_entangled_trainable_rzz_QLayers_5___seed_1_1761468207
1380352,1-Training-Losses/entropy,0.9833589792251587,Pong1PQFM_XObs_entangled_trainable_rzz_QLayers_5___seed_1_1761468207
1384448,1-Training-Losses/entropy,0.9795010089874268,Pong1PQFM_XObs_entangled_trainable_rzz_QLayers_5___seed_1_1761468207
1388544,1-Training-Losses/entropy,0.996179461479187,Pong1PQFM_XObs_entangled_trainable_rzz_QLayers_5___seed_1_1761468207
1392640,1-Training-Losses/entropy,0.9838680028915405,Pong1PQFM_XObs_entangled_trainable_rzz_QLayers_5___seed_1_1761468207
1396736,1-Training-Losses/entropy,0.9733116030693054,Pong1PQFM_XObs_entangled_trainable_rzz_QLayers_5___seed_1_1761468207
1400832,1-Training-Losses/entropy,0.9790232181549072,Pong1PQFM_XObs_entangled_trainable_rzz_QLayers_5___seed_1_1761468207
1404928,1-Training-Losses/entropy,0.9646377563476562,Pong1PQFM_XObs_entangled_trainable_rzz_QLayers_5___seed_1_1761468207
1409024,1-Training-Losses/entropy,0.9933485984802246,Pong1PQFM_XObs_entangled_trainable_rzz_QLayers_5___seed_1_1761468207
1413120,1-Training-Losses/entropy,0.9743028879165649,Pong1PQFM_XObs_entangled_trainable_rzz_QLayers_5___seed_1_1761468207
1417216,1-Training-Losses/entropy,0.978488564491272,Pong1PQFM_XObs_entangled_trainable_rzz_QLayers_5___seed_1_1761468207
1421312,1-Training-Losses/entropy,0.9689308404922485,Pong1PQFM_XObs_entangled_trainable_rzz_QLayers_5___seed_1_1761468207
1425408,1-Training-Losses/entropy,0.9670090079307556,Pong1PQFM_XObs_entangled_trainable_rzz_QLayers_5___seed_1_1761468207
1429504,1-Training-Losses/entropy,0.9755361676216125,Pong1PQFM_XObs_entangled_trainable_rzz_QLayers_5___seed_1_1761468207
1433600,1-Training-Losses/entropy,0.9675289392471313,Pong1PQFM_XObs_entangled_trainable_rzz_QLayers_5___seed_1_1761468207
1437696,1-Training-Losses/entropy,0.9556179046630859,Pong1PQFM_XObs_entangled_trainable_rzz_QLayers_5___seed_1_1761468207
1441792,1-Training-Losses/entropy,0.9673863649368286,Pong1PQFM_XObs_entangled_trainable_rzz_QLayers_5___seed_1_1761468207
1445888,1-Training-Losses/entropy,0.9724007248878479,Pong1PQFM_XObs_entangled_trainable_rzz_QLayers_5___seed_1_1761468207
1449984,1-Training-Losses/entropy,0.969971776008606,Pong1PQFM_XObs_entangled_trainable_rzz_QLayers_5___seed_1_1761468207
1454080,1-Training-Losses/entropy,0.9819669127464294,Pong1PQFM_XObs_entangled_trainable_rzz_QLayers_5___seed_1_1761468207
1458176,1-Training-Losses/entropy,0.9876976013183594,Pong1PQFM_XObs_entangled_trainable_rzz_QLayers_5___seed_1_1761468207
1462272,1-Training-Losses/entropy,0.9735643863677979,Pong1PQFM_XObs_entangled_trainable_rzz_QLayers_5___seed_1_1761468207
1466368,1-Training-Losses/entropy,0.9462897181510925,Pong1PQFM_XObs_entangled_trainable_rzz_QLayers_5___seed_1_1761468207
1470464,1-Training-Losses/entropy,0.9613807201385498,Pong1PQFM_XObs_entangled_trainable_rzz_QLayers_5___seed_1_1761468207
1474560,1-Training-Losses/entropy,0.9771025776863098,Pong1PQFM_XObs_entangled_trainable_rzz_QLayers_5___seed_1_1761468207
1478656,1-Training-Losses/entropy,0.9548616409301758,Pong1PQFM_XObs_entangled_trainable_rzz_QLayers_5___seed_1_1761468207
1482752,1-Training-Losses/entropy,0.9695164561271667,Pong1PQFM_XObs_entangled_trainable_rzz_QLayers_5___seed_1_1761468207
1486848,1-Training-Losses/entropy,0.9622316956520081,Pong1PQFM_XObs_entangled_trainable_rzz_QLayers_5___seed_1_1761468207
1490944,1-Training-Losses/entropy,0.9698549509048462,Pong1PQFM_XObs_entangled_trainable_rzz_QLayers_5___seed_1_1761468207
1495040,1-Training-Losses/entropy,0.9698430299758911,Pong1PQFM_XObs_entangled_trainable_rzz_QLayers_5___seed_1_1761468207
1499136,1-Training-Losses/entropy,0.9632827043533325,Pong1PQFM_XObs_entangled_trainable_rzz_QLayers_5___seed_1_1761468207
1503232,1-Training-Losses/entropy,0.9676741361618042,Pong1PQFM_XObs_entangled_trainable_rzz_QLayers_5___seed_1_1761468207
1507328,1-Training-Losses/entropy,0.9648009538650513,Pong1PQFM_XObs_entangled_trainable_rzz_QLayers_5___seed_1_1761468207
1511424,1-Training-Losses/entropy,0.9836189150810242,Pong1PQFM_XObs_entangled_trainable_rzz_QLayers_5___seed_1_1761468207
1515520,1-Training-Losses/entropy,0.9630460739135742,Pong1PQFM_XObs_entangled_trainable_rzz_QLayers_5___seed_1_1761468207
1519616,1-Training-Losses/entropy,0.9720182418823242,Pong1PQFM_XObs_entangled_trainable_rzz_QLayers_5___seed_1_1761468207
1523712,1-Training-Losses/entropy,0.9644408226013184,Pong1PQFM_XObs_entangled_trainable_rzz_QLayers_5___seed_1_1761468207
1527808,1-Training-Losses/entropy,0.9718464016914368,Pong1PQFM_XObs_entangled_trainable_rzz_QLayers_5___seed_1_1761468207
1531904,1-Training-Losses/entropy,0.9569674134254456,Pong1PQFM_XObs_entangled_trainable_rzz_QLayers_5___seed_1_1761468207
1536000,1-Training-Losses/entropy,0.9928228259086609,Pong1PQFM_XObs_entangled_trainable_rzz_QLayers_5___seed_1_1761468207
1540096,1-Training-Losses/entropy,0.9738956689834595,Pong1PQFM_XObs_entangled_trainable_rzz_QLayers_5___seed_1_1761468207
1544192,1-Training-Losses/entropy,0.9890320897102356,Pong1PQFM_XObs_entangled_trainable_rzz_QLayers_5___seed_1_1761468207
1548288,1-Training-Losses/entropy,0.969970166683197,Pong1PQFM_XObs_entangled_trainable_rzz_QLayers_5___seed_1_1761468207
1552384,1-Training-Losses/entropy,0.9777073860168457,Pong1PQFM_XObs_entangled_trainable_rzz_QLayers_5___seed_1_1761468207
1556480,1-Training-Losses/entropy,0.9874402284622192,Pong1PQFM_XObs_entangled_trainable_rzz_QLayers_5___seed_1_1761468207
1560576,1-Training-Losses/entropy,0.9863462448120117,Pong1PQFM_XObs_entangled_trainable_rzz_QLayers_5___seed_1_1761468207
1564672,1-Training-Losses/entropy,0.9778028726577759,Pong1PQFM_XObs_entangled_trainable_rzz_QLayers_5___seed_1_1761468207
1568768,1-Training-Losses/entropy,0.9760750532150269,Pong1PQFM_XObs_entangled_trainable_rzz_QLayers_5___seed_1_1761468207
1572864,1-Training-Losses/entropy,0.9842196702957153,Pong1PQFM_XObs_entangled_trainable_rzz_QLayers_5___seed_1_1761468207
1576960,1-Training-Losses/entropy,0.9850437641143799,Pong1PQFM_XObs_entangled_trainable_rzz_QLayers_5___seed_1_1761468207
1581056,1-Training-Losses/entropy,0.9951726794242859,Pong1PQFM_XObs_entangled_trainable_rzz_QLayers_5___seed_1_1761468207
1585152,1-Training-Losses/entropy,0.9993239641189575,Pong1PQFM_XObs_entangled_trainable_rzz_QLayers_5___seed_1_1761468207
1589248,1-Training-Losses/entropy,0.9860138297080994,Pong1PQFM_XObs_entangled_trainable_rzz_QLayers_5___seed_1_1761468207
1593344,1-Training-Losses/entropy,0.9815709590911865,Pong1PQFM_XObs_entangled_trainable_rzz_QLayers_5___seed_1_1761468207
1597440,1-Training-Losses/entropy,0.9984427690505981,Pong1PQFM_XObs_entangled_trainable_rzz_QLayers_5___seed_1_1761468207
1601536,1-Training-Losses/entropy,0.9827655553817749,Pong1PQFM_XObs_entangled_trainable_rzz_QLayers_5___seed_1_1761468207
1605632,1-Training-Losses/entropy,0.9845887422561646,Pong1PQFM_XObs_entangled_trainable_rzz_QLayers_5___seed_1_1761468207
1609728,1-Training-Losses/entropy,0.9740710258483887,Pong1PQFM_XObs_entangled_trainable_rzz_QLayers_5___seed_1_1761468207
1613824,1-Training-Losses/entropy,0.9942129254341125,Pong1PQFM_XObs_entangled_trainable_rzz_QLayers_5___seed_1_1761468207
1617920,1-Training-Losses/entropy,0.9967875480651855,Pong1PQFM_XObs_entangled_trainable_rzz_QLayers_5___seed_1_1761468207
1622016,1-Training-Losses/entropy,0.9907870292663574,Pong1PQFM_XObs_entangled_trainable_rzz_QLayers_5___seed_1_1761468207
1626112,1-Training-Losses/entropy,0.9926279783248901,Pong1PQFM_XObs_entangled_trainable_rzz_QLayers_5___seed_1_1761468207
1630208,1-Training-Losses/entropy,0.9873117804527283,Pong1PQFM_XObs_entangled_trainable_rzz_QLayers_5___seed_1_1761468207
1634304,1-Training-Losses/entropy,0.9947509765625,Pong1PQFM_XObs_entangled_trainable_rzz_QLayers_5___seed_1_1761468207
1638400,1-Training-Losses/entropy,0.9874800443649292,Pong1PQFM_XObs_entangled_trainable_rzz_QLayers_5___seed_1_1761468207
1642496,1-Training-Losses/entropy,0.9873417615890503,Pong1PQFM_XObs_entangled_trainable_rzz_QLayers_5___seed_1_1761468207
1646592,1-Training-Losses/entropy,0.9921696186065674,Pong1PQFM_XObs_entangled_trainable_rzz_QLayers_5___seed_1_1761468207
1650688,1-Training-Losses/entropy,0.9809314608573914,Pong1PQFM_XObs_entangled_trainable_rzz_QLayers_5___seed_1_1761468207
1654784,1-Training-Losses/entropy,0.9816734194755554,Pong1PQFM_XObs_entangled_trainable_rzz_QLayers_5___seed_1_1761468207
1658880,1-Training-Losses/entropy,0.9825094938278198,Pong1PQFM_XObs_entangled_trainable_rzz_QLayers_5___seed_1_1761468207
1662976,1-Training-Losses/entropy,0.9991942644119263,Pong1PQFM_XObs_entangled_trainable_rzz_QLayers_5___seed_1_1761468207
1667072,1-Training-Losses/entropy,0.987621545791626,Pong1PQFM_XObs_entangled_trainable_rzz_QLayers_5___seed_1_1761468207
1671168,1-Training-Losses/entropy,0.9937359094619751,Pong1PQFM_XObs_entangled_trainable_rzz_QLayers_5___seed_1_1761468207
1675264,1-Training-Losses/entropy,1.0013039112091064,Pong1PQFM_XObs_entangled_trainable_rzz_QLayers_5___seed_1_1761468207
1679360,1-Training-Losses/entropy,0.9841207265853882,Pong1PQFM_XObs_entangled_trainable_rzz_QLayers_5___seed_1_1761468207
1683456,1-Training-Losses/entropy,0.9864374995231628,Pong1PQFM_XObs_entangled_trainable_rzz_QLayers_5___seed_1_1761468207
1687552,1-Training-Losses/entropy,0.9922724962234497,Pong1PQFM_XObs_entangled_trainable_rzz_QLayers_5___seed_1_1761468207
1691648,1-Training-Losses/entropy,0.9971674680709839,Pong1PQFM_XObs_entangled_trainable_rzz_QLayers_5___seed_1_1761468207
1695744,1-Training-Losses/entropy,0.9961370825767517,Pong1PQFM_XObs_entangled_trainable_rzz_QLayers_5___seed_1_1761468207
1699840,1-Training-Losses/entropy,0.9948011636734009,Pong1PQFM_XObs_entangled_trainable_rzz_QLayers_5___seed_1_1761468207
1703936,1-Training-Losses/entropy,0.9936501979827881,Pong1PQFM_XObs_entangled_trainable_rzz_QLayers_5___seed_1_1761468207
1708032,1-Training-Losses/entropy,1.0050079822540283,Pong1PQFM_XObs_entangled_trainable_rzz_QLayers_5___seed_1_1761468207
1712128,1-Training-Losses/entropy,0.991924524307251,Pong1PQFM_XObs_entangled_trainable_rzz_QLayers_5___seed_1_1761468207
1716224,1-Training-Losses/entropy,0.9978164434432983,Pong1PQFM_XObs_entangled_trainable_rzz_QLayers_5___seed_1_1761468207
1720320,1-Training-Losses/entropy,0.993100643157959,Pong1PQFM_XObs_entangled_trainable_rzz_QLayers_5___seed_1_1761468207
1724416,1-Training-Losses/entropy,0.9954698085784912,Pong1PQFM_XObs_entangled_trainable_rzz_QLayers_5___seed_1_1761468207
1728512,1-Training-Losses/entropy,0.9857678413391113,Pong1PQFM_XObs_entangled_trainable_rzz_QLayers_5___seed_1_1761468207
1732608,1-Training-Losses/entropy,0.9833300709724426,Pong1PQFM_XObs_entangled_trainable_rzz_QLayers_5___seed_1_1761468207
1736704,1-Training-Losses/entropy,0.9885056614875793,Pong1PQFM_XObs_entangled_trainable_rzz_QLayers_5___seed_1_1761468207
1740800,1-Training-Losses/entropy,0.9875019788742065,Pong1PQFM_XObs_entangled_trainable_rzz_QLayers_5___seed_1_1761468207
1744896,1-Training-Losses/entropy,0.9881051778793335,Pong1PQFM_XObs_entangled_trainable_rzz_QLayers_5___seed_1_1761468207
1748992,1-Training-Losses/entropy,0.9816998243331909,Pong1PQFM_XObs_entangled_trainable_rzz_QLayers_5___seed_1_1761468207
1753088,1-Training-Losses/entropy,0.9828530550003052,Pong1PQFM_XObs_entangled_trainable_rzz_QLayers_5___seed_1_1761468207
1757184,1-Training-Losses/entropy,0.9772342443466187,Pong1PQFM_XObs_entangled_trainable_rzz_QLayers_5___seed_1_1761468207
1761280,1-Training-Losses/entropy,0.9916103482246399,Pong1PQFM_XObs_entangled_trainable_rzz_QLayers_5___seed_1_1761468207
1765376,1-Training-Losses/entropy,0.9866110682487488,Pong1PQFM_XObs_entangled_trainable_rzz_QLayers_5___seed_1_1761468207
1769472,1-Training-Losses/entropy,0.979340672492981,Pong1PQFM_XObs_entangled_trainable_rzz_QLayers_5___seed_1_1761468207
1773568,1-Training-Losses/entropy,0.9818974733352661,Pong1PQFM_XObs_entangled_trainable_rzz_QLayers_5___seed_1_1761468207
1777664,1-Training-Losses/entropy,0.972497820854187,Pong1PQFM_XObs_entangled_trainable_rzz_QLayers_5___seed_1_1761468207
1781760,1-Training-Losses/entropy,0.9694864749908447,Pong1PQFM_XObs_entangled_trainable_rzz_QLayers_5___seed_1_1761468207
1785856,1-Training-Losses/entropy,0.980801522731781,Pong1PQFM_XObs_entangled_trainable_rzz_QLayers_5___seed_1_1761468207
1789952,1-Training-Losses/entropy,0.9820735454559326,Pong1PQFM_XObs_entangled_trainable_rzz_QLayers_5___seed_1_1761468207
1794048,1-Training-Losses/entropy,0.9658259153366089,Pong1PQFM_XObs_entangled_trainable_rzz_QLayers_5___seed_1_1761468207
1798144,1-Training-Losses/entropy,0.9669433236122131,Pong1PQFM_XObs_entangled_trainable_rzz_QLayers_5___seed_1_1761468207
1802240,1-Training-Losses/entropy,0.967951774597168,Pong1PQFM_XObs_entangled_trainable_rzz_QLayers_5___seed_1_1761468207
1806336,1-Training-Losses/entropy,0.9680007100105286,Pong1PQFM_XObs_entangled_trainable_rzz_QLayers_5___seed_1_1761468207
1810432,1-Training-Losses/entropy,0.9651957154273987,Pong1PQFM_XObs_entangled_trainable_rzz_QLayers_5___seed_1_1761468207
1814528,1-Training-Losses/entropy,0.9669064283370972,Pong1PQFM_XObs_entangled_trainable_rzz_QLayers_5___seed_1_1761468207
1818624,1-Training-Losses/entropy,0.9740224480628967,Pong1PQFM_XObs_entangled_trainable_rzz_QLayers_5___seed_1_1761468207
1822720,1-Training-Losses/entropy,0.9475743770599365,Pong1PQFM_XObs_entangled_trainable_rzz_QLayers_5___seed_1_1761468207
1826816,1-Training-Losses/entropy,0.9665825963020325,Pong1PQFM_XObs_entangled_trainable_rzz_QLayers_5___seed_1_1761468207
1830912,1-Training-Losses/entropy,0.9695289134979248,Pong1PQFM_XObs_entangled_trainable_rzz_QLayers_5___seed_1_1761468207
1835008,1-Training-Losses/entropy,0.9654185771942139,Pong1PQFM_XObs_entangled_trainable_rzz_QLayers_5___seed_1_1761468207
1839104,1-Training-Losses/entropy,0.9701300859451294,Pong1PQFM_XObs_entangled_trainable_rzz_QLayers_5___seed_1_1761468207
1843200,1-Training-Losses/entropy,0.973763108253479,Pong1PQFM_XObs_entangled_trainable_rzz_QLayers_5___seed_1_1761468207
1847296,1-Training-Losses/entropy,0.9699897766113281,Pong1PQFM_XObs_entangled_trainable_rzz_QLayers_5___seed_1_1761468207
1851392,1-Training-Losses/entropy,0.96506667137146,Pong1PQFM_XObs_entangled_trainable_rzz_QLayers_5___seed_1_1761468207
1855488,1-Training-Losses/entropy,0.9659016728401184,Pong1PQFM_XObs_entangled_trainable_rzz_QLayers_5___seed_1_1761468207
1859584,1-Training-Losses/entropy,0.9610905647277832,Pong1PQFM_XObs_entangled_trainable_rzz_QLayers_5___seed_1_1761468207
1863680,1-Training-Losses/entropy,0.9547040462493896,Pong1PQFM_XObs_entangled_trainable_rzz_QLayers_5___seed_1_1761468207
1867776,1-Training-Losses/entropy,0.9812938570976257,Pong1PQFM_XObs_entangled_trainable_rzz_QLayers_5___seed_1_1761468207
1871872,1-Training-Losses/entropy,0.9720653295516968,Pong1PQFM_XObs_entangled_trainable_rzz_QLayers_5___seed_1_1761468207
1875968,1-Training-Losses/entropy,0.9845406413078308,Pong1PQFM_XObs_entangled_trainable_rzz_QLayers_5___seed_1_1761468207
1880064,1-Training-Losses/entropy,0.971735954284668,Pong1PQFM_XObs_entangled_trainable_rzz_QLayers_5___seed_1_1761468207
1884160,1-Training-Losses/entropy,0.9731022119522095,Pong1PQFM_XObs_entangled_trainable_rzz_QLayers_5___seed_1_1761468207
1888256,1-Training-Losses/entropy,0.960804283618927,Pong1PQFM_XObs_entangled_trainable_rzz_QLayers_5___seed_1_1761468207
1892352,1-Training-Losses/entropy,0.9690691232681274,Pong1PQFM_XObs_entangled_trainable_rzz_QLayers_5___seed_1_1761468207
1896448,1-Training-Losses/entropy,0.9700939655303955,Pong1PQFM_XObs_entangled_trainable_rzz_QLayers_5___seed_1_1761468207
1900544,1-Training-Losses/entropy,0.9852662086486816,Pong1PQFM_XObs_entangled_trainable_rzz_QLayers_5___seed_1_1761468207
1904640,1-Training-Losses/entropy,0.9753609895706177,Pong1PQFM_XObs_entangled_trainable_rzz_QLayers_5___seed_1_1761468207
1908736,1-Training-Losses/entropy,0.9758789539337158,Pong1PQFM_XObs_entangled_trainable_rzz_QLayers_5___seed_1_1761468207
1912832,1-Training-Losses/entropy,0.9733635187149048,Pong1PQFM_XObs_entangled_trainable_rzz_QLayers_5___seed_1_1761468207
1916928,1-Training-Losses/entropy,0.9664334058761597,Pong1PQFM_XObs_entangled_trainable_rzz_QLayers_5___seed_1_1761468207
1921024,1-Training-Losses/entropy,0.9559561610221863,Pong1PQFM_XObs_entangled_trainable_rzz_QLayers_5___seed_1_1761468207
1925120,1-Training-Losses/entropy,0.9604653120040894,Pong1PQFM_XObs_entangled_trainable_rzz_QLayers_5___seed_1_1761468207
1929216,1-Training-Losses/entropy,0.9627537727355957,Pong1PQFM_XObs_entangled_trainable_rzz_QLayers_5___seed_1_1761468207
1933312,1-Training-Losses/entropy,0.9721233248710632,Pong1PQFM_XObs_entangled_trainable_rzz_QLayers_5___seed_1_1761468207
1937408,1-Training-Losses/entropy,0.971653163433075,Pong1PQFM_XObs_entangled_trainable_rzz_QLayers_5___seed_1_1761468207
1941504,1-Training-Losses/entropy,0.9479866027832031,Pong1PQFM_XObs_entangled_trainable_rzz_QLayers_5___seed_1_1761468207
1945600,1-Training-Losses/entropy,0.9799660444259644,Pong1PQFM_XObs_entangled_trainable_rzz_QLayers_5___seed_1_1761468207
1949696,1-Training-Losses/entropy,0.9752943515777588,Pong1PQFM_XObs_entangled_trainable_rzz_QLayers_5___seed_1_1761468207
1953792,1-Training-Losses/entropy,0.9672848582267761,Pong1PQFM_XObs_entangled_trainable_rzz_QLayers_5___seed_1_1761468207
1957888,1-Training-Losses/entropy,0.9735015630722046,Pong1PQFM_XObs_entangled_trainable_rzz_QLayers_5___seed_1_1761468207
1961984,1-Training-Losses/entropy,0.9674471020698547,Pong1PQFM_XObs_entangled_trainable_rzz_QLayers_5___seed_1_1761468207
1966080,1-Training-Losses/entropy,0.9707812070846558,Pong1PQFM_XObs_entangled_trainable_rzz_QLayers_5___seed_1_1761468207
1970176,1-Training-Losses/entropy,0.9722092151641846,Pong1PQFM_XObs_entangled_trainable_rzz_QLayers_5___seed_1_1761468207
1974272,1-Training-Losses/entropy,0.9496510028839111,Pong1PQFM_XObs_entangled_trainable_rzz_QLayers_5___seed_1_1761468207
1978368,1-Training-Losses/entropy,0.9691454172134399,Pong1PQFM_XObs_entangled_trainable_rzz_QLayers_5___seed_1_1761468207
1982464,1-Training-Losses/entropy,0.9622647166252136,Pong1PQFM_XObs_entangled_trainable_rzz_QLayers_5___seed_1_1761468207
1986560,1-Training-Losses/entropy,0.9567372798919678,Pong1PQFM_XObs_entangled_trainable_rzz_QLayers_5___seed_1_1761468207
1990656,1-Training-Losses/entropy,0.9720913767814636,Pong1PQFM_XObs_entangled_trainable_rzz_QLayers_5___seed_1_1761468207
1994752,1-Training-Losses/entropy,0.9715499877929688,Pong1PQFM_XObs_entangled_trainable_rzz_QLayers_5___seed_1_1761468207
1998848,1-Training-Losses/entropy,0.9833958148956299,Pong1PQFM_XObs_entangled_trainable_rzz_QLayers_5___seed_1_1761468207
2002944,1-Training-Losses/entropy,0.9729154109954834,Pong1PQFM_XObs_entangled_trainable_rzz_QLayers_5___seed_1_1761468207
2007040,1-Training-Losses/entropy,0.9703969359397888,Pong1PQFM_XObs_entangled_trainable_rzz_QLayers_5___seed_1_1761468207
2011136,1-Training-Losses/entropy,0.9782309532165527,Pong1PQFM_XObs_entangled_trainable_rzz_QLayers_5___seed_1_1761468207
2015232,1-Training-Losses/entropy,0.9786993265151978,Pong1PQFM_XObs_entangled_trainable_rzz_QLayers_5___seed_1_1761468207
2019328,1-Training-Losses/entropy,0.9675956964492798,Pong1PQFM_XObs_entangled_trainable_rzz_QLayers_5___seed_1_1761468207
2023424,1-Training-Losses/entropy,0.9687570333480835,Pong1PQFM_XObs_entangled_trainable_rzz_QLayers_5___seed_1_1761468207
2027520,1-Training-Losses/entropy,0.9727749824523926,Pong1PQFM_XObs_entangled_trainable_rzz_QLayers_5___seed_1_1761468207
2031616,1-Training-Losses/entropy,0.9812895655632019,Pong1PQFM_XObs_entangled_trainable_rzz_QLayers_5___seed_1_1761468207
2035712,1-Training-Losses/entropy,0.9768939018249512,Pong1PQFM_XObs_entangled_trainable_rzz_QLayers_5___seed_1_1761468207
2039808,1-Training-Losses/entropy,0.9572726488113403,Pong1PQFM_XObs_entangled_trainable_rzz_QLayers_5___seed_1_1761468207
2043904,1-Training-Losses/entropy,0.9716342687606812,Pong1PQFM_XObs_entangled_trainable_rzz_QLayers_5___seed_1_1761468207
2048000,1-Training-Losses/entropy,0.9761650562286377,Pong1PQFM_XObs_entangled_trainable_rzz_QLayers_5___seed_1_1761468207
2052096,1-Training-Losses/entropy,0.9775995016098022,Pong1PQFM_XObs_entangled_trainable_rzz_QLayers_5___seed_1_1761468207
2056192,1-Training-Losses/entropy,0.9668265581130981,Pong1PQFM_XObs_entangled_trainable_rzz_QLayers_5___seed_1_1761468207
2060288,1-Training-Losses/entropy,0.9718798398971558,Pong1PQFM_XObs_entangled_trainable_rzz_QLayers_5___seed_1_1761468207
2064384,1-Training-Losses/entropy,0.9606943130493164,Pong1PQFM_XObs_entangled_trainable_rzz_QLayers_5___seed_1_1761468207
2068480,1-Training-Losses/entropy,0.9724645614624023,Pong1PQFM_XObs_entangled_trainable_rzz_QLayers_5___seed_1_1761468207
2072576,1-Training-Losses/entropy,0.9828782677650452,Pong1PQFM_XObs_entangled_trainable_rzz_QLayers_5___seed_1_1761468207
2076672,1-Training-Losses/entropy,0.9624944925308228,Pong1PQFM_XObs_entangled_trainable_rzz_QLayers_5___seed_1_1761468207
2080768,1-Training-Losses/entropy,0.9732340574264526,Pong1PQFM_XObs_entangled_trainable_rzz_QLayers_5___seed_1_1761468207
2084864,1-Training-Losses/entropy,0.9819543361663818,Pong1PQFM_XObs_entangled_trainable_rzz_QLayers_5___seed_1_1761468207
2088960,1-Training-Losses/entropy,0.9696457386016846,Pong1PQFM_XObs_entangled_trainable_rzz_QLayers_5___seed_1_1761468207
2093056,1-Training-Losses/entropy,0.9381483793258667,Pong1PQFM_XObs_entangled_trainable_rzz_QLayers_5___seed_1_1761468207
2097152,1-Training-Losses/entropy,0.9589787721633911,Pong1PQFM_XObs_entangled_trainable_rzz_QLayers_5___seed_1_1761468207
2101248,1-Training-Losses/entropy,0.9572412967681885,Pong1PQFM_XObs_entangled_trainable_rzz_QLayers_5___seed_1_1761468207
2105344,1-Training-Losses/entropy,0.963079571723938,Pong1PQFM_XObs_entangled_trainable_rzz_QLayers_5___seed_1_1761468207
2109440,1-Training-Losses/entropy,0.9550029039382935,Pong1PQFM_XObs_entangled_trainable_rzz_QLayers_5___seed_1_1761468207
2113536,1-Training-Losses/entropy,0.9514356851577759,Pong1PQFM_XObs_entangled_trainable_rzz_QLayers_5___seed_1_1761468207
2117632,1-Training-Losses/entropy,0.9756600856781006,Pong1PQFM_XObs_entangled_trainable_rzz_QLayers_5___seed_1_1761468207
2121728,1-Training-Losses/entropy,0.9640129804611206,Pong1PQFM_XObs_entangled_trainable_rzz_QLayers_5___seed_1_1761468207
2125824,1-Training-Losses/entropy,0.9605604410171509,Pong1PQFM_XObs_entangled_trainable_rzz_QLayers_5___seed_1_1761468207
2129920,1-Training-Losses/entropy,0.9569866061210632,Pong1PQFM_XObs_entangled_trainable_rzz_QLayers_5___seed_1_1761468207
2134016,1-Training-Losses/entropy,0.9650495648384094,Pong1PQFM_XObs_entangled_trainable_rzz_QLayers_5___seed_1_1761468207
2138112,1-Training-Losses/entropy,0.9557594060897827,Pong1PQFM_XObs_entangled_trainable_rzz_QLayers_5___seed_1_1761468207
2142208,1-Training-Losses/entropy,0.9589215517044067,Pong1PQFM_XObs_entangled_trainable_rzz_QLayers_5___seed_1_1761468207
2146304,1-Training-Losses/entropy,0.9603527784347534,Pong1PQFM_XObs_entangled_trainable_rzz_QLayers_5___seed_1_1761468207
2150400,1-Training-Losses/entropy,0.9469749927520752,Pong1PQFM_XObs_entangled_trainable_rzz_QLayers_5___seed_1_1761468207
2154496,1-Training-Losses/entropy,0.9674965739250183,Pong1PQFM_XObs_entangled_trainable_rzz_QLayers_5___seed_1_1761468207
2158592,1-Training-Losses/entropy,0.9379687309265137,Pong1PQFM_XObs_entangled_trainable_rzz_QLayers_5___seed_1_1761468207
2162688,1-Training-Losses/entropy,0.94991534948349,Pong1PQFM_XObs_entangled_trainable_rzz_QLayers_5___seed_1_1761468207
2166784,1-Training-Losses/entropy,0.9465708136558533,Pong1PQFM_XObs_entangled_trainable_rzz_QLayers_5___seed_1_1761468207
2170880,1-Training-Losses/entropy,0.9675095081329346,Pong1PQFM_XObs_entangled_trainable_rzz_QLayers_5___seed_1_1761468207
2174976,1-Training-Losses/entropy,0.954815149307251,Pong1PQFM_XObs_entangled_trainable_rzz_QLayers_5___seed_1_1761468207
2179072,1-Training-Losses/entropy,0.9463257789611816,Pong1PQFM_XObs_entangled_trainable_rzz_QLayers_5___seed_1_1761468207
2183168,1-Training-Losses/entropy,0.9483319520950317,Pong1PQFM_XObs_entangled_trainable_rzz_QLayers_5___seed_1_1761468207
2187264,1-Training-Losses/entropy,0.9394766092300415,Pong1PQFM_XObs_entangled_trainable_rzz_QLayers_5___seed_1_1761468207
2191360,1-Training-Losses/entropy,0.9412480592727661,Pong1PQFM_XObs_entangled_trainable_rzz_QLayers_5___seed_1_1761468207
2195456,1-Training-Losses/entropy,0.9457466006278992,Pong1PQFM_XObs_entangled_trainable_rzz_QLayers_5___seed_1_1761468207
2199552,1-Training-Losses/entropy,0.9533621072769165,Pong1PQFM_XObs_entangled_trainable_rzz_QLayers_5___seed_1_1761468207
2203648,1-Training-Losses/entropy,0.9453640580177307,Pong1PQFM_XObs_entangled_trainable_rzz_QLayers_5___seed_1_1761468207
2207744,1-Training-Losses/entropy,0.9682137966156006,Pong1PQFM_XObs_entangled_trainable_rzz_QLayers_5___seed_1_1761468207
2211840,1-Training-Losses/entropy,0.9562199115753174,Pong1PQFM_XObs_entangled_trainable_rzz_QLayers_5___seed_1_1761468207
2215936,1-Training-Losses/entropy,0.9619100689888,Pong1PQFM_XObs_entangled_trainable_rzz_QLayers_5___seed_1_1761468207
2220032,1-Training-Losses/entropy,0.954155445098877,Pong1PQFM_XObs_entangled_trainable_rzz_QLayers_5___seed_1_1761468207
2224128,1-Training-Losses/entropy,0.9787063598632812,Pong1PQFM_XObs_entangled_trainable_rzz_QLayers_5___seed_1_1761468207
2228224,1-Training-Losses/entropy,0.9420098066329956,Pong1PQFM_XObs_entangled_trainable_rzz_QLayers_5___seed_1_1761468207
2232320,1-Training-Losses/entropy,0.9772806167602539,Pong1PQFM_XObs_entangled_trainable_rzz_QLayers_5___seed_1_1761468207
2236416,1-Training-Losses/entropy,0.9414572715759277,Pong1PQFM_XObs_entangled_trainable_rzz_QLayers_5___seed_1_1761468207
2240512,1-Training-Losses/entropy,0.9616109132766724,Pong1PQFM_XObs_entangled_trainable_rzz_QLayers_5___seed_1_1761468207
2244608,1-Training-Losses/entropy,0.9572915434837341,Pong1PQFM_XObs_entangled_trainable_rzz_QLayers_5___seed_1_1761468207
2248704,1-Training-Losses/entropy,0.9690530896186829,Pong1PQFM_XObs_entangled_trainable_rzz_QLayers_5___seed_1_1761468207
2252800,1-Training-Losses/entropy,0.9648973345756531,Pong1PQFM_XObs_entangled_trainable_rzz_QLayers_5___seed_1_1761468207
2256896,1-Training-Losses/entropy,0.980790913105011,Pong1PQFM_XObs_entangled_trainable_rzz_QLayers_5___seed_1_1761468207
2260992,1-Training-Losses/entropy,0.964929461479187,Pong1PQFM_XObs_entangled_trainable_rzz_QLayers_5___seed_1_1761468207
2265088,1-Training-Losses/entropy,0.9729702472686768,Pong1PQFM_XObs_entangled_trainable_rzz_QLayers_5___seed_1_1761468207
2269184,1-Training-Losses/entropy,0.9509430527687073,Pong1PQFM_XObs_entangled_trainable_rzz_QLayers_5___seed_1_1761468207
2273280,1-Training-Losses/entropy,0.949597954750061,Pong1PQFM_XObs_entangled_trainable_rzz_QLayers_5___seed_1_1761468207
2277376,1-Training-Losses/entropy,0.9396620988845825,Pong1PQFM_XObs_entangled_trainable_rzz_QLayers_5___seed_1_1761468207
2281472,1-Training-Losses/entropy,0.9556941986083984,Pong1PQFM_XObs_entangled_trainable_rzz_QLayers_5___seed_1_1761468207
2285568,1-Training-Losses/entropy,0.957821249961853,Pong1PQFM_XObs_entangled_trainable_rzz_QLayers_5___seed_1_1761468207
2289664,1-Training-Losses/entropy,0.9502358436584473,Pong1PQFM_XObs_entangled_trainable_rzz_QLayers_5___seed_1_1761468207
2293760,1-Training-Losses/entropy,0.9679656028747559,Pong1PQFM_XObs_entangled_trainable_rzz_QLayers_5___seed_1_1761468207
2297856,1-Training-Losses/entropy,0.9442614316940308,Pong1PQFM_XObs_entangled_trainable_rzz_QLayers_5___seed_1_1761468207
2301952,1-Training-Losses/entropy,0.9548673033714294,Pong1PQFM_XObs_entangled_trainable_rzz_QLayers_5___seed_1_1761468207
2306048,1-Training-Losses/entropy,0.9407650232315063,Pong1PQFM_XObs_entangled_trainable_rzz_QLayers_5___seed_1_1761468207
2310144,1-Training-Losses/entropy,0.9765459299087524,Pong1PQFM_XObs_entangled_trainable_rzz_QLayers_5___seed_1_1761468207
2314240,1-Training-Losses/entropy,0.9517757892608643,Pong1PQFM_XObs_entangled_trainable_rzz_QLayers_5___seed_1_1761468207
2318336,1-Training-Losses/entropy,0.9663414359092712,Pong1PQFM_XObs_entangled_trainable_rzz_QLayers_5___seed_1_1761468207
2322432,1-Training-Losses/entropy,0.956730306148529,Pong1PQFM_XObs_entangled_trainable_rzz_QLayers_5___seed_1_1761468207
2326528,1-Training-Losses/entropy,0.9638744592666626,Pong1PQFM_XObs_entangled_trainable_rzz_QLayers_5___seed_1_1761468207
2330624,1-Training-Losses/entropy,0.9706096649169922,Pong1PQFM_XObs_entangled_trainable_rzz_QLayers_5___seed_1_1761468207
2334720,1-Training-Losses/entropy,0.9726281762123108,Pong1PQFM_XObs_entangled_trainable_rzz_QLayers_5___seed_1_1761468207
2338816,1-Training-Losses/entropy,0.95451819896698,Pong1PQFM_XObs_entangled_trainable_rzz_QLayers_5___seed_1_1761468207
2342912,1-Training-Losses/entropy,0.9483466148376465,Pong1PQFM_XObs_entangled_trainable_rzz_QLayers_5___seed_1_1761468207
2347008,1-Training-Losses/entropy,0.9620658755302429,Pong1PQFM_XObs_entangled_trainable_rzz_QLayers_5___seed_1_1761468207
2351104,1-Training-Losses/entropy,0.9451271295547485,Pong1PQFM_XObs_entangled_trainable_rzz_QLayers_5___seed_1_1761468207
2355200,1-Training-Losses/entropy,0.9582085609436035,Pong1PQFM_XObs_entangled_trainable_rzz_QLayers_5___seed_1_1761468207
2359296,1-Training-Losses/entropy,0.9560747146606445,Pong1PQFM_XObs_entangled_trainable_rzz_QLayers_5___seed_1_1761468207
2363392,1-Training-Losses/entropy,0.9540485143661499,Pong1PQFM_XObs_entangled_trainable_rzz_QLayers_5___seed_1_1761468207
2367488,1-Training-Losses/entropy,0.9591134786605835,Pong1PQFM_XObs_entangled_trainable_rzz_QLayers_5___seed_1_1761468207
2371584,1-Training-Losses/entropy,0.9606436491012573,Pong1PQFM_XObs_entangled_trainable_rzz_QLayers_5___seed_1_1761468207
2375680,1-Training-Losses/entropy,0.9614046812057495,Pong1PQFM_XObs_entangled_trainable_rzz_QLayers_5___seed_1_1761468207
2379776,1-Training-Losses/entropy,0.9776155352592468,Pong1PQFM_XObs_entangled_trainable_rzz_QLayers_5___seed_1_1761468207
2383872,1-Training-Losses/entropy,0.9423079490661621,Pong1PQFM_XObs_entangled_trainable_rzz_QLayers_5___seed_1_1761468207
2387968,1-Training-Losses/entropy,0.9691115021705627,Pong1PQFM_XObs_entangled_trainable_rzz_QLayers_5___seed_1_1761468207
2392064,1-Training-Losses/entropy,0.9616020917892456,Pong1PQFM_XObs_entangled_trainable_rzz_QLayers_5___seed_1_1761468207
2396160,1-Training-Losses/entropy,0.9546113014221191,Pong1PQFM_XObs_entangled_trainable_rzz_QLayers_5___seed_1_1761468207
2400256,1-Training-Losses/entropy,0.9343223571777344,Pong1PQFM_XObs_entangled_trainable_rzz_QLayers_5___seed_1_1761468207
2404352,1-Training-Losses/entropy,0.9502052664756775,Pong1PQFM_XObs_entangled_trainable_rzz_QLayers_5___seed_1_1761468207
2408448,1-Training-Losses/entropy,0.9574334621429443,Pong1PQFM_XObs_entangled_trainable_rzz_QLayers_5___seed_1_1761468207
2412544,1-Training-Losses/entropy,0.952584981918335,Pong1PQFM_XObs_entangled_trainable_rzz_QLayers_5___seed_1_1761468207
2416640,1-Training-Losses/entropy,0.9715554714202881,Pong1PQFM_XObs_entangled_trainable_rzz_QLayers_5___seed_1_1761468207
2420736,1-Training-Losses/entropy,0.944511890411377,Pong1PQFM_XObs_entangled_trainable_rzz_QLayers_5___seed_1_1761468207
2424832,1-Training-Losses/entropy,0.9553455710411072,Pong1PQFM_XObs_entangled_trainable_rzz_QLayers_5___seed_1_1761468207
2428928,1-Training-Losses/entropy,0.9575896263122559,Pong1PQFM_XObs_entangled_trainable_rzz_QLayers_5___seed_1_1761468207
2433024,1-Training-Losses/entropy,0.9604568481445312,Pong1PQFM_XObs_entangled_trainable_rzz_QLayers_5___seed_1_1761468207
2437120,1-Training-Losses/entropy,0.9739176034927368,Pong1PQFM_XObs_entangled_trainable_rzz_QLayers_5___seed_1_1761468207
2441216,1-Training-Losses/entropy,0.9612331390380859,Pong1PQFM_XObs_entangled_trainable_rzz_QLayers_5___seed_1_1761468207
2445312,1-Training-Losses/entropy,0.9681554436683655,Pong1PQFM_XObs_entangled_trainable_rzz_QLayers_5___seed_1_1761468207
2449408,1-Training-Losses/entropy,0.9720509052276611,Pong1PQFM_XObs_entangled_trainable_rzz_QLayers_5___seed_1_1761468207
2453504,1-Training-Losses/entropy,0.9584628343582153,Pong1PQFM_XObs_entangled_trainable_rzz_QLayers_5___seed_1_1761468207
2457600,1-Training-Losses/entropy,0.9615947604179382,Pong1PQFM_XObs_entangled_trainable_rzz_QLayers_5___seed_1_1761468207
2461696,1-Training-Losses/entropy,0.9696067571640015,Pong1PQFM_XObs_entangled_trainable_rzz_QLayers_5___seed_1_1761468207
2465792,1-Training-Losses/entropy,0.952959418296814,Pong1PQFM_XObs_entangled_trainable_rzz_QLayers_5___seed_1_1761468207
2469888,1-Training-Losses/entropy,0.9488201141357422,Pong1PQFM_XObs_entangled_trainable_rzz_QLayers_5___seed_1_1761468207
2473984,1-Training-Losses/entropy,0.9637622237205505,Pong1PQFM_XObs_entangled_trainable_rzz_QLayers_5___seed_1_1761468207
2478080,1-Training-Losses/entropy,0.9614388942718506,Pong1PQFM_XObs_entangled_trainable_rzz_QLayers_5___seed_1_1761468207
2482176,1-Training-Losses/entropy,0.9635907411575317,Pong1PQFM_XObs_entangled_trainable_rzz_QLayers_5___seed_1_1761468207
2486272,1-Training-Losses/entropy,0.9649701714515686,Pong1PQFM_XObs_entangled_trainable_rzz_QLayers_5___seed_1_1761468207
2490368,1-Training-Losses/entropy,0.9529865384101868,Pong1PQFM_XObs_entangled_trainable_rzz_QLayers_5___seed_1_1761468207
2494464,1-Training-Losses/entropy,0.9479647874832153,Pong1PQFM_XObs_entangled_trainable_rzz_QLayers_5___seed_1_1761468207
2498560,1-Training-Losses/entropy,0.9673441648483276,Pong1PQFM_XObs_entangled_trainable_rzz_QLayers_5___seed_1_1761468207
2502656,1-Training-Losses/entropy,0.9469794034957886,Pong1PQFM_XObs_entangled_trainable_rzz_QLayers_5___seed_1_1761468207
2506752,1-Training-Losses/entropy,0.9598029851913452,Pong1PQFM_XObs_entangled_trainable_rzz_QLayers_5___seed_1_1761468207
2510848,1-Training-Losses/entropy,0.9529428482055664,Pong1PQFM_XObs_entangled_trainable_rzz_QLayers_5___seed_1_1761468207
2514944,1-Training-Losses/entropy,0.9454150795936584,Pong1PQFM_XObs_entangled_trainable_rzz_QLayers_5___seed_1_1761468207
2519040,1-Training-Losses/entropy,0.9679708480834961,Pong1PQFM_XObs_entangled_trainable_rzz_QLayers_5___seed_1_1761468207
2523136,1-Training-Losses/entropy,0.9474914073944092,Pong1PQFM_XObs_entangled_trainable_rzz_QLayers_5___seed_1_1761468207
2527232,1-Training-Losses/entropy,0.9555934071540833,Pong1PQFM_XObs_entangled_trainable_rzz_QLayers_5___seed_1_1761468207
2531328,1-Training-Losses/entropy,0.9539987444877625,Pong1PQFM_XObs_entangled_trainable_rzz_QLayers_5___seed_1_1761468207
2535424,1-Training-Losses/entropy,0.9519518613815308,Pong1PQFM_XObs_entangled_trainable_rzz_QLayers_5___seed_1_1761468207
2539520,1-Training-Losses/entropy,0.9555096626281738,Pong1PQFM_XObs_entangled_trainable_rzz_QLayers_5___seed_1_1761468207
2543616,1-Training-Losses/entropy,0.941820502281189,Pong1PQFM_XObs_entangled_trainable_rzz_QLayers_5___seed_1_1761468207
2547712,1-Training-Losses/entropy,0.9734603762626648,Pong1PQFM_XObs_entangled_trainable_rzz_QLayers_5___seed_1_1761468207
2551808,1-Training-Losses/entropy,0.9489580988883972,Pong1PQFM_XObs_entangled_trainable_rzz_QLayers_5___seed_1_1761468207
2555904,1-Training-Losses/entropy,0.9472551345825195,Pong1PQFM_XObs_entangled_trainable_rzz_QLayers_5___seed_1_1761468207
2560000,1-Training-Losses/entropy,0.9388264417648315,Pong1PQFM_XObs_entangled_trainable_rzz_QLayers_5___seed_1_1761468207
2564096,1-Training-Losses/entropy,0.9518949389457703,Pong1PQFM_XObs_entangled_trainable_rzz_QLayers_5___seed_1_1761468207
2568192,1-Training-Losses/entropy,0.9516386389732361,Pong1PQFM_XObs_entangled_trainable_rzz_QLayers_5___seed_1_1761468207
2572288,1-Training-Losses/entropy,0.9557830095291138,Pong1PQFM_XObs_entangled_trainable_rzz_QLayers_5___seed_1_1761468207
2576384,1-Training-Losses/entropy,0.9540347456932068,Pong1PQFM_XObs_entangled_trainable_rzz_QLayers_5___seed_1_1761468207
2580480,1-Training-Losses/entropy,0.9391646385192871,Pong1PQFM_XObs_entangled_trainable_rzz_QLayers_5___seed_1_1761468207
2584576,1-Training-Losses/entropy,0.9532883167266846,Pong1PQFM_XObs_entangled_trainable_rzz_QLayers_5___seed_1_1761468207
2588672,1-Training-Losses/entropy,0.9571942090988159,Pong1PQFM_XObs_entangled_trainable_rzz_QLayers_5___seed_1_1761468207
2592768,1-Training-Losses/entropy,0.9378483891487122,Pong1PQFM_XObs_entangled_trainable_rzz_QLayers_5___seed_1_1761468207
2596864,1-Training-Losses/entropy,0.9439361095428467,Pong1PQFM_XObs_entangled_trainable_rzz_QLayers_5___seed_1_1761468207
2600960,1-Training-Losses/entropy,0.9460806846618652,Pong1PQFM_XObs_entangled_trainable_rzz_QLayers_5___seed_1_1761468207
2605056,1-Training-Losses/entropy,0.9555370807647705,Pong1PQFM_XObs_entangled_trainable_rzz_QLayers_5___seed_1_1761468207
2609152,1-Training-Losses/entropy,0.9526668190956116,Pong1PQFM_XObs_entangled_trainable_rzz_QLayers_5___seed_1_1761468207
2613248,1-Training-Losses/entropy,0.9589402675628662,Pong1PQFM_XObs_entangled_trainable_rzz_QLayers_5___seed_1_1761468207
2617344,1-Training-Losses/entropy,0.9596149325370789,Pong1PQFM_XObs_entangled_trainable_rzz_QLayers_5___seed_1_1761468207
2621440,1-Training-Losses/entropy,0.9536817073822021,Pong1PQFM_XObs_entangled_trainable_rzz_QLayers_5___seed_1_1761468207
2625536,1-Training-Losses/entropy,0.9522255659103394,Pong1PQFM_XObs_entangled_trainable_rzz_QLayers_5___seed_1_1761468207
2629632,1-Training-Losses/entropy,0.9535640478134155,Pong1PQFM_XObs_entangled_trainable_rzz_QLayers_5___seed_1_1761468207
2633728,1-Training-Losses/entropy,0.9554833173751831,Pong1PQFM_XObs_entangled_trainable_rzz_QLayers_5___seed_1_1761468207
2637824,1-Training-Losses/entropy,0.9532201290130615,Pong1PQFM_XObs_entangled_trainable_rzz_QLayers_5___seed_1_1761468207
2641920,1-Training-Losses/entropy,0.9684226512908936,Pong1PQFM_XObs_entangled_trainable_rzz_QLayers_5___seed_1_1761468207
2646016,1-Training-Losses/entropy,0.9603061676025391,Pong1PQFM_XObs_entangled_trainable_rzz_QLayers_5___seed_1_1761468207
2650112,1-Training-Losses/entropy,0.9570311307907104,Pong1PQFM_XObs_entangled_trainable_rzz_QLayers_5___seed_1_1761468207
2654208,1-Training-Losses/entropy,0.9723498225212097,Pong1PQFM_XObs_entangled_trainable_rzz_QLayers_5___seed_1_1761468207
2658304,1-Training-Losses/entropy,0.9427036046981812,Pong1PQFM_XObs_entangled_trainable_rzz_QLayers_5___seed_1_1761468207
2662400,1-Training-Losses/entropy,0.9640474319458008,Pong1PQFM_XObs_entangled_trainable_rzz_QLayers_5___seed_1_1761468207
2666496,1-Training-Losses/entropy,0.9592249393463135,Pong1PQFM_XObs_entangled_trainable_rzz_QLayers_5___seed_1_1761468207
2670592,1-Training-Losses/entropy,0.9427310228347778,Pong1PQFM_XObs_entangled_trainable_rzz_QLayers_5___seed_1_1761468207
2674688,1-Training-Losses/entropy,0.9594696760177612,Pong1PQFM_XObs_entangled_trainable_rzz_QLayers_5___seed_1_1761468207
2678784,1-Training-Losses/entropy,0.9528247714042664,Pong1PQFM_XObs_entangled_trainable_rzz_QLayers_5___seed_1_1761468207
2682880,1-Training-Losses/entropy,0.9557961821556091,Pong1PQFM_XObs_entangled_trainable_rzz_QLayers_5___seed_1_1761468207
2686976,1-Training-Losses/entropy,0.9481954574584961,Pong1PQFM_XObs_entangled_trainable_rzz_QLayers_5___seed_1_1761468207
2691072,1-Training-Losses/entropy,0.9438087940216064,Pong1PQFM_XObs_entangled_trainable_rzz_QLayers_5___seed_1_1761468207
2695168,1-Training-Losses/entropy,0.9416487216949463,Pong1PQFM_XObs_entangled_trainable_rzz_QLayers_5___seed_1_1761468207
2699264,1-Training-Losses/entropy,0.9350445866584778,Pong1PQFM_XObs_entangled_trainable_rzz_QLayers_5___seed_1_1761468207
2703360,1-Training-Losses/entropy,0.9377065896987915,Pong1PQFM_XObs_entangled_trainable_rzz_QLayers_5___seed_1_1761468207
2707456,1-Training-Losses/entropy,0.9470969438552856,Pong1PQFM_XObs_entangled_trainable_rzz_QLayers_5___seed_1_1761468207
2711552,1-Training-Losses/entropy,0.9502065777778625,Pong1PQFM_XObs_entangled_trainable_rzz_QLayers_5___seed_1_1761468207
2715648,1-Training-Losses/entropy,0.953305721282959,Pong1PQFM_XObs_entangled_trainable_rzz_QLayers_5___seed_1_1761468207
2719744,1-Training-Losses/entropy,0.9572250843048096,Pong1PQFM_XObs_entangled_trainable_rzz_QLayers_5___seed_1_1761468207
2723840,1-Training-Losses/entropy,0.9600348472595215,Pong1PQFM_XObs_entangled_trainable_rzz_QLayers_5___seed_1_1761468207
2727936,1-Training-Losses/entropy,0.9580585956573486,Pong1PQFM_XObs_entangled_trainable_rzz_QLayers_5___seed_1_1761468207
2732032,1-Training-Losses/entropy,0.9491381049156189,Pong1PQFM_XObs_entangled_trainable_rzz_QLayers_5___seed_1_1761468207
2736128,1-Training-Losses/entropy,0.9735860824584961,Pong1PQFM_XObs_entangled_trainable_rzz_QLayers_5___seed_1_1761468207
2740224,1-Training-Losses/entropy,0.9615634083747864,Pong1PQFM_XObs_entangled_trainable_rzz_QLayers_5___seed_1_1761468207
2744320,1-Training-Losses/entropy,0.9581321477890015,Pong1PQFM_XObs_entangled_trainable_rzz_QLayers_5___seed_1_1761468207
2748416,1-Training-Losses/entropy,0.9468229413032532,Pong1PQFM_XObs_entangled_trainable_rzz_QLayers_5___seed_1_1761468207
2752512,1-Training-Losses/entropy,0.9444977641105652,Pong1PQFM_XObs_entangled_trainable_rzz_QLayers_5___seed_1_1761468207
2756608,1-Training-Losses/entropy,0.9537248611450195,Pong1PQFM_XObs_entangled_trainable_rzz_QLayers_5___seed_1_1761468207
2760704,1-Training-Losses/entropy,0.9578131437301636,Pong1PQFM_XObs_entangled_trainable_rzz_QLayers_5___seed_1_1761468207
2764800,1-Training-Losses/entropy,0.9438631534576416,Pong1PQFM_XObs_entangled_trainable_rzz_QLayers_5___seed_1_1761468207
2768896,1-Training-Losses/entropy,0.9343456625938416,Pong1PQFM_XObs_entangled_trainable_rzz_QLayers_5___seed_1_1761468207
2772992,1-Training-Losses/entropy,0.9532947540283203,Pong1PQFM_XObs_entangled_trainable_rzz_QLayers_5___seed_1_1761468207
2777088,1-Training-Losses/entropy,0.9393184781074524,Pong1PQFM_XObs_entangled_trainable_rzz_QLayers_5___seed_1_1761468207
2781184,1-Training-Losses/entropy,0.9395742416381836,Pong1PQFM_XObs_entangled_trainable_rzz_QLayers_5___seed_1_1761468207
2785280,1-Training-Losses/entropy,0.9488914608955383,Pong1PQFM_XObs_entangled_trainable_rzz_QLayers_5___seed_1_1761468207
2789376,1-Training-Losses/entropy,0.9435937404632568,Pong1PQFM_XObs_entangled_trainable_rzz_QLayers_5___seed_1_1761468207
2793472,1-Training-Losses/entropy,0.9270503520965576,Pong1PQFM_XObs_entangled_trainable_rzz_QLayers_5___seed_1_1761468207
2797568,1-Training-Losses/entropy,0.9304658770561218,Pong1PQFM_XObs_entangled_trainable_rzz_QLayers_5___seed_1_1761468207
2801664,1-Training-Losses/entropy,0.9500586986541748,Pong1PQFM_XObs_entangled_trainable_rzz_QLayers_5___seed_1_1761468207
2805760,1-Training-Losses/entropy,0.9626762866973877,Pong1PQFM_XObs_entangled_trainable_rzz_QLayers_5___seed_1_1761468207
2809856,1-Training-Losses/entropy,0.9416990280151367,Pong1PQFM_XObs_entangled_trainable_rzz_QLayers_5___seed_1_1761468207
2813952,1-Training-Losses/entropy,0.9325640797615051,Pong1PQFM_XObs_entangled_trainable_rzz_QLayers_5___seed_1_1761468207
2818048,1-Training-Losses/entropy,0.944200873374939,Pong1PQFM_XObs_entangled_trainable_rzz_QLayers_5___seed_1_1761468207
2822144,1-Training-Losses/entropy,0.9549120664596558,Pong1PQFM_XObs_entangled_trainable_rzz_QLayers_5___seed_1_1761468207
2826240,1-Training-Losses/entropy,0.9430672526359558,Pong1PQFM_XObs_entangled_trainable_rzz_QLayers_5___seed_1_1761468207
2830336,1-Training-Losses/entropy,0.9273390173912048,Pong1PQFM_XObs_entangled_trainable_rzz_QLayers_5___seed_1_1761468207
2834432,1-Training-Losses/entropy,0.949029266834259,Pong1PQFM_XObs_entangled_trainable_rzz_QLayers_5___seed_1_1761468207
2838528,1-Training-Losses/entropy,0.9433222413063049,Pong1PQFM_XObs_entangled_trainable_rzz_QLayers_5___seed_1_1761468207
2842624,1-Training-Losses/entropy,0.953021764755249,Pong1PQFM_XObs_entangled_trainable_rzz_QLayers_5___seed_1_1761468207
2846720,1-Training-Losses/entropy,0.9516215324401855,Pong1PQFM_XObs_entangled_trainable_rzz_QLayers_5___seed_1_1761468207
2850816,1-Training-Losses/entropy,0.9278620481491089,Pong1PQFM_XObs_entangled_trainable_rzz_QLayers_5___seed_1_1761468207
2854912,1-Training-Losses/entropy,0.9500852823257446,Pong1PQFM_XObs_entangled_trainable_rzz_QLayers_5___seed_1_1761468207
2859008,1-Training-Losses/entropy,0.9564270377159119,Pong1PQFM_XObs_entangled_trainable_rzz_QLayers_5___seed_1_1761468207
2863104,1-Training-Losses/entropy,0.9253081679344177,Pong1PQFM_XObs_entangled_trainable_rzz_QLayers_5___seed_1_1761468207
2867200,1-Training-Losses/entropy,0.9376977682113647,Pong1PQFM_XObs_entangled_trainable_rzz_QLayers_5___seed_1_1761468207
2871296,1-Training-Losses/entropy,0.9567371606826782,Pong1PQFM_XObs_entangled_trainable_rzz_QLayers_5___seed_1_1761468207
2875392,1-Training-Losses/entropy,0.9553812742233276,Pong1PQFM_XObs_entangled_trainable_rzz_QLayers_5___seed_1_1761468207
2879488,1-Training-Losses/entropy,0.9516253471374512,Pong1PQFM_XObs_entangled_trainable_rzz_QLayers_5___seed_1_1761468207
2883584,1-Training-Losses/entropy,0.9315295219421387,Pong1PQFM_XObs_entangled_trainable_rzz_QLayers_5___seed_1_1761468207
2887680,1-Training-Losses/entropy,0.9515268802642822,Pong1PQFM_XObs_entangled_trainable_rzz_QLayers_5___seed_1_1761468207
2891776,1-Training-Losses/entropy,0.9388630986213684,Pong1PQFM_XObs_entangled_trainable_rzz_QLayers_5___seed_1_1761468207
2895872,1-Training-Losses/entropy,0.9349590539932251,Pong1PQFM_XObs_entangled_trainable_rzz_QLayers_5___seed_1_1761468207
2899968,1-Training-Losses/entropy,0.9365742206573486,Pong1PQFM_XObs_entangled_trainable_rzz_QLayers_5___seed_1_1761468207
2904064,1-Training-Losses/entropy,0.9261311292648315,Pong1PQFM_XObs_entangled_trainable_rzz_QLayers_5___seed_1_1761468207
2908160,1-Training-Losses/entropy,0.9519489407539368,Pong1PQFM_XObs_entangled_trainable_rzz_QLayers_5___seed_1_1761468207
2912256,1-Training-Losses/entropy,0.9420082569122314,Pong1PQFM_XObs_entangled_trainable_rzz_QLayers_5___seed_1_1761468207
2916352,1-Training-Losses/entropy,0.9380550384521484,Pong1PQFM_XObs_entangled_trainable_rzz_QLayers_5___seed_1_1761468207
2920448,1-Training-Losses/entropy,0.9330868721008301,Pong1PQFM_XObs_entangled_trainable_rzz_QLayers_5___seed_1_1761468207
2924544,1-Training-Losses/entropy,0.9465440511703491,Pong1PQFM_XObs_entangled_trainable_rzz_QLayers_5___seed_1_1761468207
2928640,1-Training-Losses/entropy,0.9310466051101685,Pong1PQFM_XObs_entangled_trainable_rzz_QLayers_5___seed_1_1761468207
2932736,1-Training-Losses/entropy,0.9477726221084595,Pong1PQFM_XObs_entangled_trainable_rzz_QLayers_5___seed_1_1761468207
2936832,1-Training-Losses/entropy,0.9368456602096558,Pong1PQFM_XObs_entangled_trainable_rzz_QLayers_5___seed_1_1761468207
2940928,1-Training-Losses/entropy,0.9451242685317993,Pong1PQFM_XObs_entangled_trainable_rzz_QLayers_5___seed_1_1761468207
2945024,1-Training-Losses/entropy,0.9573837518692017,Pong1PQFM_XObs_entangled_trainable_rzz_QLayers_5___seed_1_1761468207
2949120,1-Training-Losses/entropy,0.9227080345153809,Pong1PQFM_XObs_entangled_trainable_rzz_QLayers_5___seed_1_1761468207
2953216,1-Training-Losses/entropy,0.9280894994735718,Pong1PQFM_XObs_entangled_trainable_rzz_QLayers_5___seed_1_1761468207
2957312,1-Training-Losses/entropy,0.9463334679603577,Pong1PQFM_XObs_entangled_trainable_rzz_QLayers_5___seed_1_1761468207
2961408,1-Training-Losses/entropy,0.9244834184646606,Pong1PQFM_XObs_entangled_trainable_rzz_QLayers_5___seed_1_1761468207
2965504,1-Training-Losses/entropy,0.9420700073242188,Pong1PQFM_XObs_entangled_trainable_rzz_QLayers_5___seed_1_1761468207
2969600,1-Training-Losses/entropy,0.9634793996810913,Pong1PQFM_XObs_entangled_trainable_rzz_QLayers_5___seed_1_1761468207
2973696,1-Training-Losses/entropy,0.9429478049278259,Pong1PQFM_XObs_entangled_trainable_rzz_QLayers_5___seed_1_1761468207
2977792,1-Training-Losses/entropy,0.9372997283935547,Pong1PQFM_XObs_entangled_trainable_rzz_QLayers_5___seed_1_1761468207
2981888,1-Training-Losses/entropy,0.9324001669883728,Pong1PQFM_XObs_entangled_trainable_rzz_QLayers_5___seed_1_1761468207
2985984,1-Training-Losses/entropy,0.950308084487915,Pong1PQFM_XObs_entangled_trainable_rzz_QLayers_5___seed_1_1761468207
2990080,1-Training-Losses/entropy,0.9490190744400024,Pong1PQFM_XObs_entangled_trainable_rzz_QLayers_5___seed_1_1761468207
2994176,1-Training-Losses/entropy,0.9358779191970825,Pong1PQFM_XObs_entangled_trainable_rzz_QLayers_5___seed_1_1761468207
2998272,1-Training-Losses/entropy,0.94586580991745,Pong1PQFM_XObs_entangled_trainable_rzz_QLayers_5___seed_1_1761468207
3002368,1-Training-Losses/entropy,0.9502550363540649,Pong1PQFM_XObs_entangled_trainable_rzz_QLayers_5___seed_1_1761468207
3006464,1-Training-Losses/entropy,0.9506547451019287,Pong1PQFM_XObs_entangled_trainable_rzz_QLayers_5___seed_1_1761468207
3010560,1-Training-Losses/entropy,0.9381992220878601,Pong1PQFM_XObs_entangled_trainable_rzz_QLayers_5___seed_1_1761468207
3014656,1-Training-Losses/entropy,0.9589478373527527,Pong1PQFM_XObs_entangled_trainable_rzz_QLayers_5___seed_1_1761468207
3018752,1-Training-Losses/entropy,0.9496520161628723,Pong1PQFM_XObs_entangled_trainable_rzz_QLayers_5___seed_1_1761468207
3022848,1-Training-Losses/entropy,0.9457236528396606,Pong1PQFM_XObs_entangled_trainable_rzz_QLayers_5___seed_1_1761468207
3026944,1-Training-Losses/entropy,0.9471156597137451,Pong1PQFM_XObs_entangled_trainable_rzz_QLayers_5___seed_1_1761468207
3031040,1-Training-Losses/entropy,0.9359884262084961,Pong1PQFM_XObs_entangled_trainable_rzz_QLayers_5___seed_1_1761468207
3035136,1-Training-Losses/entropy,0.947505533695221,Pong1PQFM_XObs_entangled_trainable_rzz_QLayers_5___seed_1_1761468207
3039232,1-Training-Losses/entropy,0.9064139723777771,Pong1PQFM_XObs_entangled_trainable_rzz_QLayers_5___seed_1_1761468207
3043328,1-Training-Losses/entropy,0.9294159412384033,Pong1PQFM_XObs_entangled_trainable_rzz_QLayers_5___seed_1_1761468207
3047424,1-Training-Losses/entropy,0.9391059875488281,Pong1PQFM_XObs_entangled_trainable_rzz_QLayers_5___seed_1_1761468207
3051520,1-Training-Losses/entropy,0.9262878894805908,Pong1PQFM_XObs_entangled_trainable_rzz_QLayers_5___seed_1_1761468207
3055616,1-Training-Losses/entropy,0.9441483616828918,Pong1PQFM_XObs_entangled_trainable_rzz_QLayers_5___seed_1_1761468207
3059712,1-Training-Losses/entropy,0.9383731484413147,Pong1PQFM_XObs_entangled_trainable_rzz_QLayers_5___seed_1_1761468207
3063808,1-Training-Losses/entropy,0.9127051830291748,Pong1PQFM_XObs_entangled_trainable_rzz_QLayers_5___seed_1_1761468207
3067904,1-Training-Losses/entropy,0.9345858693122864,Pong1PQFM_XObs_entangled_trainable_rzz_QLayers_5___seed_1_1761468207
3072000,1-Training-Losses/entropy,0.9231336116790771,Pong1PQFM_XObs_entangled_trainable_rzz_QLayers_5___seed_1_1761468207
3076096,1-Training-Losses/entropy,0.9402847290039062,Pong1PQFM_XObs_entangled_trainable_rzz_QLayers_5___seed_1_1761468207
3080192,1-Training-Losses/entropy,0.944770336151123,Pong1PQFM_XObs_entangled_trainable_rzz_QLayers_5___seed_1_1761468207
3084288,1-Training-Losses/entropy,0.9147196412086487,Pong1PQFM_XObs_entangled_trainable_rzz_QLayers_5___seed_1_1761468207
3088384,1-Training-Losses/entropy,0.9080410599708557,Pong1PQFM_XObs_entangled_trainable_rzz_QLayers_5___seed_1_1761468207
3092480,1-Training-Losses/entropy,0.92202228307724,Pong1PQFM_XObs_entangled_trainable_rzz_QLayers_5___seed_1_1761468207
3096576,1-Training-Losses/entropy,0.9308406114578247,Pong1PQFM_XObs_entangled_trainable_rzz_QLayers_5___seed_1_1761468207
3100672,1-Training-Losses/entropy,0.9219309687614441,Pong1PQFM_XObs_entangled_trainable_rzz_QLayers_5___seed_1_1761468207
3104768,1-Training-Losses/entropy,0.9306965470314026,Pong1PQFM_XObs_entangled_trainable_rzz_QLayers_5___seed_1_1761468207
3108864,1-Training-Losses/entropy,0.9384377002716064,Pong1PQFM_XObs_entangled_trainable_rzz_QLayers_5___seed_1_1761468207
3112960,1-Training-Losses/entropy,0.9402580261230469,Pong1PQFM_XObs_entangled_trainable_rzz_QLayers_5___seed_1_1761468207
3117056,1-Training-Losses/entropy,0.9550486207008362,Pong1PQFM_XObs_entangled_trainable_rzz_QLayers_5___seed_1_1761468207
3121152,1-Training-Losses/entropy,0.9350259900093079,Pong1PQFM_XObs_entangled_trainable_rzz_QLayers_5___seed_1_1761468207
3125248,1-Training-Losses/entropy,0.941954493522644,Pong1PQFM_XObs_entangled_trainable_rzz_QLayers_5___seed_1_1761468207
3129344,1-Training-Losses/entropy,0.9330023527145386,Pong1PQFM_XObs_entangled_trainable_rzz_QLayers_5___seed_1_1761468207
3133440,1-Training-Losses/entropy,0.923992395401001,Pong1PQFM_XObs_entangled_trainable_rzz_QLayers_5___seed_1_1761468207
3137536,1-Training-Losses/entropy,0.9187589287757874,Pong1PQFM_XObs_entangled_trainable_rzz_QLayers_5___seed_1_1761468207
3141632,1-Training-Losses/entropy,0.9029245972633362,Pong1PQFM_XObs_entangled_trainable_rzz_QLayers_5___seed_1_1761468207
3145728,1-Training-Losses/entropy,0.9071279764175415,Pong1PQFM_XObs_entangled_trainable_rzz_QLayers_5___seed_1_1761468207
3149824,1-Training-Losses/entropy,0.922622561454773,Pong1PQFM_XObs_entangled_trainable_rzz_QLayers_5___seed_1_1761468207
3153920,1-Training-Losses/entropy,0.9019254446029663,Pong1PQFM_XObs_entangled_trainable_rzz_QLayers_5___seed_1_1761468207
3158016,1-Training-Losses/entropy,0.9319965839385986,Pong1PQFM_XObs_entangled_trainable_rzz_QLayers_5___seed_1_1761468207
3162112,1-Training-Losses/entropy,0.9274125099182129,Pong1PQFM_XObs_entangled_trainable_rzz_QLayers_5___seed_1_1761468207
3166208,1-Training-Losses/entropy,0.9102440476417542,Pong1PQFM_XObs_entangled_trainable_rzz_QLayers_5___seed_1_1761468207
3170304,1-Training-Losses/entropy,0.9080488681793213,Pong1PQFM_XObs_entangled_trainable_rzz_QLayers_5___seed_1_1761468207
3174400,1-Training-Losses/entropy,0.901094377040863,Pong1PQFM_XObs_entangled_trainable_rzz_QLayers_5___seed_1_1761468207
3178496,1-Training-Losses/entropy,0.9197403788566589,Pong1PQFM_XObs_entangled_trainable_rzz_QLayers_5___seed_1_1761468207
3182592,1-Training-Losses/entropy,0.9340411424636841,Pong1PQFM_XObs_entangled_trainable_rzz_QLayers_5___seed_1_1761468207
3186688,1-Training-Losses/entropy,0.9498202800750732,Pong1PQFM_XObs_entangled_trainable_rzz_QLayers_5___seed_1_1761468207
3190784,1-Training-Losses/entropy,0.92577064037323,Pong1PQFM_XObs_entangled_trainable_rzz_QLayers_5___seed_1_1761468207
3194880,1-Training-Losses/entropy,0.920586109161377,Pong1PQFM_XObs_entangled_trainable_rzz_QLayers_5___seed_1_1761468207
3198976,1-Training-Losses/entropy,0.9309156537055969,Pong1PQFM_XObs_entangled_trainable_rzz_QLayers_5___seed_1_1761468207
3203072,1-Training-Losses/entropy,0.9242063164710999,Pong1PQFM_XObs_entangled_trainable_rzz_QLayers_5___seed_1_1761468207
3207168,1-Training-Losses/entropy,0.8993548154830933,Pong1PQFM_XObs_entangled_trainable_rzz_QLayers_5___seed_1_1761468207
3211264,1-Training-Losses/entropy,0.884499728679657,Pong1PQFM_XObs_entangled_trainable_rzz_QLayers_5___seed_1_1761468207
3215360,1-Training-Losses/entropy,0.8918272852897644,Pong1PQFM_XObs_entangled_trainable_rzz_QLayers_5___seed_1_1761468207
3219456,1-Training-Losses/entropy,0.8999335169792175,Pong1PQFM_XObs_entangled_trainable_rzz_QLayers_5___seed_1_1761468207
3223552,1-Training-Losses/entropy,0.893539309501648,Pong1PQFM_XObs_entangled_trainable_rzz_QLayers_5___seed_1_1761468207
3227648,1-Training-Losses/entropy,0.9137954711914062,Pong1PQFM_XObs_entangled_trainable_rzz_QLayers_5___seed_1_1761468207
3231744,1-Training-Losses/entropy,0.9360917806625366,Pong1PQFM_XObs_entangled_trainable_rzz_QLayers_5___seed_1_1761468207
3235840,1-Training-Losses/entropy,0.9229434728622437,Pong1PQFM_XObs_entangled_trainable_rzz_QLayers_5___seed_1_1761468207
3239936,1-Training-Losses/entropy,0.9083535075187683,Pong1PQFM_XObs_entangled_trainable_rzz_QLayers_5___seed_1_1761468207
3244032,1-Training-Losses/entropy,0.9320287704467773,Pong1PQFM_XObs_entangled_trainable_rzz_QLayers_5___seed_1_1761468207
3248128,1-Training-Losses/entropy,0.9137388467788696,Pong1PQFM_XObs_entangled_trainable_rzz_QLayers_5___seed_1_1761468207
3252224,1-Training-Losses/entropy,0.901636004447937,Pong1PQFM_XObs_entangled_trainable_rzz_QLayers_5___seed_1_1761468207
3256320,1-Training-Losses/entropy,0.9197560548782349,Pong1PQFM_XObs_entangled_trainable_rzz_QLayers_5___seed_1_1761468207
3260416,1-Training-Losses/entropy,0.8966572284698486,Pong1PQFM_XObs_entangled_trainable_rzz_QLayers_5___seed_1_1761468207
3264512,1-Training-Losses/entropy,0.9129520058631897,Pong1PQFM_XObs_entangled_trainable_rzz_QLayers_5___seed_1_1761468207
3268608,1-Training-Losses/entropy,0.9233587384223938,Pong1PQFM_XObs_entangled_trainable_rzz_QLayers_5___seed_1_1761468207
3272704,1-Training-Losses/entropy,0.9251915216445923,Pong1PQFM_XObs_entangled_trainable_rzz_QLayers_5___seed_1_1761468207
3276800,1-Training-Losses/entropy,0.9183865189552307,Pong1PQFM_XObs_entangled_trainable_rzz_QLayers_5___seed_1_1761468207
3280896,1-Training-Losses/entropy,0.9081007242202759,Pong1PQFM_XObs_entangled_trainable_rzz_QLayers_5___seed_1_1761468207
3284992,1-Training-Losses/entropy,0.9322741031646729,Pong1PQFM_XObs_entangled_trainable_rzz_QLayers_5___seed_1_1761468207
3289088,1-Training-Losses/entropy,0.9040467739105225,Pong1PQFM_XObs_entangled_trainable_rzz_QLayers_5___seed_1_1761468207
3293184,1-Training-Losses/entropy,0.9164108037948608,Pong1PQFM_XObs_entangled_trainable_rzz_QLayers_5___seed_1_1761468207
3297280,1-Training-Losses/entropy,0.877831220626831,Pong1PQFM_XObs_entangled_trainable_rzz_QLayers_5___seed_1_1761468207
3301376,1-Training-Losses/entropy,0.9037691950798035,Pong1PQFM_XObs_entangled_trainable_rzz_QLayers_5___seed_1_1761468207
3305472,1-Training-Losses/entropy,0.8730727434158325,Pong1PQFM_XObs_entangled_trainable_rzz_QLayers_5___seed_1_1761468207
3309568,1-Training-Losses/entropy,0.8766894340515137,Pong1PQFM_XObs_entangled_trainable_rzz_QLayers_5___seed_1_1761468207
3313664,1-Training-Losses/entropy,0.8904041051864624,Pong1PQFM_XObs_entangled_trainable_rzz_QLayers_5___seed_1_1761468207
3317760,1-Training-Losses/entropy,0.9093735814094543,Pong1PQFM_XObs_entangled_trainable_rzz_QLayers_5___seed_1_1761468207
3321856,1-Training-Losses/entropy,0.8845587968826294,Pong1PQFM_XObs_entangled_trainable_rzz_QLayers_5___seed_1_1761468207
3325952,1-Training-Losses/entropy,0.9132178425788879,Pong1PQFM_XObs_entangled_trainable_rzz_QLayers_5___seed_1_1761468207
3330048,1-Training-Losses/entropy,0.9078954458236694,Pong1PQFM_XObs_entangled_trainable_rzz_QLayers_5___seed_1_1761468207
3334144,1-Training-Losses/entropy,0.8937271237373352,Pong1PQFM_XObs_entangled_trainable_rzz_QLayers_5___seed_1_1761468207
3338240,1-Training-Losses/entropy,0.8942852020263672,Pong1PQFM_XObs_entangled_trainable_rzz_QLayers_5___seed_1_1761468207
3342336,1-Training-Losses/entropy,0.9287815093994141,Pong1PQFM_XObs_entangled_trainable_rzz_QLayers_5___seed_1_1761468207
3346432,1-Training-Losses/entropy,0.8902576565742493,Pong1PQFM_XObs_entangled_trainable_rzz_QLayers_5___seed_1_1761468207
3350528,1-Training-Losses/entropy,0.9289271235466003,Pong1PQFM_XObs_entangled_trainable_rzz_QLayers_5___seed_1_1761468207
3354624,1-Training-Losses/entropy,0.9527464509010315,Pong1PQFM_XObs_entangled_trainable_rzz_QLayers_5___seed_1_1761468207
3358720,1-Training-Losses/entropy,0.910162091255188,Pong1PQFM_XObs_entangled_trainable_rzz_QLayers_5___seed_1_1761468207
3362816,1-Training-Losses/entropy,0.9029362201690674,Pong1PQFM_XObs_entangled_trainable_rzz_QLayers_5___seed_1_1761468207
3366912,1-Training-Losses/entropy,0.925879716873169,Pong1PQFM_XObs_entangled_trainable_rzz_QLayers_5___seed_1_1761468207
3371008,1-Training-Losses/entropy,0.8961965441703796,Pong1PQFM_XObs_entangled_trainable_rzz_QLayers_5___seed_1_1761468207
3375104,1-Training-Losses/entropy,0.9030023813247681,Pong1PQFM_XObs_entangled_trainable_rzz_QLayers_5___seed_1_1761468207
3379200,1-Training-Losses/entropy,0.8955541849136353,Pong1PQFM_XObs_entangled_trainable_rzz_QLayers_5___seed_1_1761468207
3383296,1-Training-Losses/entropy,0.8988310694694519,Pong1PQFM_XObs_entangled_trainable_rzz_QLayers_5___seed_1_1761468207
3387392,1-Training-Losses/entropy,0.8814127445220947,Pong1PQFM_XObs_entangled_trainable_rzz_QLayers_5___seed_1_1761468207
3391488,1-Training-Losses/entropy,0.8746209740638733,Pong1PQFM_XObs_entangled_trainable_rzz_QLayers_5___seed_1_1761468207
3395584,1-Training-Losses/entropy,0.8929959535598755,Pong1PQFM_XObs_entangled_trainable_rzz_QLayers_5___seed_1_1761468207
3399680,1-Training-Losses/entropy,0.8831934928894043,Pong1PQFM_XObs_entangled_trainable_rzz_QLayers_5___seed_1_1761468207
3403776,1-Training-Losses/entropy,0.8921657800674438,Pong1PQFM_XObs_entangled_trainable_rzz_QLayers_5___seed_1_1761468207
3407872,1-Training-Losses/entropy,0.8838782906532288,Pong1PQFM_XObs_entangled_trainable_rzz_QLayers_5___seed_1_1761468207
3411968,1-Training-Losses/entropy,0.9031388759613037,Pong1PQFM_XObs_entangled_trainable_rzz_QLayers_5___seed_1_1761468207
3416064,1-Training-Losses/entropy,0.87784743309021,Pong1PQFM_XObs_entangled_trainable_rzz_QLayers_5___seed_1_1761468207
3420160,1-Training-Losses/entropy,0.9119183421134949,Pong1PQFM_XObs_entangled_trainable_rzz_QLayers_5___seed_1_1761468207
3424256,1-Training-Losses/entropy,0.8733832240104675,Pong1PQFM_XObs_entangled_trainable_rzz_QLayers_5___seed_1_1761468207
3428352,1-Training-Losses/entropy,0.8956347703933716,Pong1PQFM_XObs_entangled_trainable_rzz_QLayers_5___seed_1_1761468207
3432448,1-Training-Losses/entropy,0.8832347393035889,Pong1PQFM_XObs_entangled_trainable_rzz_QLayers_5___seed_1_1761468207
3436544,1-Training-Losses/entropy,0.9143604636192322,Pong1PQFM_XObs_entangled_trainable_rzz_QLayers_5___seed_1_1761468207
3440640,1-Training-Losses/entropy,0.8730558156967163,Pong1PQFM_XObs_entangled_trainable_rzz_QLayers_5___seed_1_1761468207
3444736,1-Training-Losses/entropy,0.8967685103416443,Pong1PQFM_XObs_entangled_trainable_rzz_QLayers_5___seed_1_1761468207
3448832,1-Training-Losses/entropy,0.9132058024406433,Pong1PQFM_XObs_entangled_trainable_rzz_QLayers_5___seed_1_1761468207
3452928,1-Training-Losses/entropy,0.8628826141357422,Pong1PQFM_XObs_entangled_trainable_rzz_QLayers_5___seed_1_1761468207
3457024,1-Training-Losses/entropy,0.8811366558074951,Pong1PQFM_XObs_entangled_trainable_rzz_QLayers_5___seed_1_1761468207
3461120,1-Training-Losses/entropy,0.8773847818374634,Pong1PQFM_XObs_entangled_trainable_rzz_QLayers_5___seed_1_1761468207
3465216,1-Training-Losses/entropy,0.8983936905860901,Pong1PQFM_XObs_entangled_trainable_rzz_QLayers_5___seed_1_1761468207
3469312,1-Training-Losses/entropy,0.8833228349685669,Pong1PQFM_XObs_entangled_trainable_rzz_QLayers_5___seed_1_1761468207
3473408,1-Training-Losses/entropy,0.9004767537117004,Pong1PQFM_XObs_entangled_trainable_rzz_QLayers_5___seed_1_1761468207
3477504,1-Training-Losses/entropy,0.883625864982605,Pong1PQFM_XObs_entangled_trainable_rzz_QLayers_5___seed_1_1761468207
3481600,1-Training-Losses/entropy,0.9004037976264954,Pong1PQFM_XObs_entangled_trainable_rzz_QLayers_5___seed_1_1761468207
3485696,1-Training-Losses/entropy,0.8798558115959167,Pong1PQFM_XObs_entangled_trainable_rzz_QLayers_5___seed_1_1761468207
3489792,1-Training-Losses/entropy,0.8889338970184326,Pong1PQFM_XObs_entangled_trainable_rzz_QLayers_5___seed_1_1761468207
3493888,1-Training-Losses/entropy,0.8854124546051025,Pong1PQFM_XObs_entangled_trainable_rzz_QLayers_5___seed_1_1761468207
3497984,1-Training-Losses/entropy,0.8998389840126038,Pong1PQFM_XObs_entangled_trainable_rzz_QLayers_5___seed_1_1761468207
3502080,1-Training-Losses/entropy,0.8860660195350647,Pong1PQFM_XObs_entangled_trainable_rzz_QLayers_5___seed_1_1761468207
3506176,1-Training-Losses/entropy,0.8691099286079407,Pong1PQFM_XObs_entangled_trainable_rzz_QLayers_5___seed_1_1761468207
3510272,1-Training-Losses/entropy,0.8675795793533325,Pong1PQFM_XObs_entangled_trainable_rzz_QLayers_5___seed_1_1761468207
3514368,1-Training-Losses/entropy,0.8762628436088562,Pong1PQFM_XObs_entangled_trainable_rzz_QLayers_5___seed_1_1761468207
3518464,1-Training-Losses/entropy,0.8616843819618225,Pong1PQFM_XObs_entangled_trainable_rzz_QLayers_5___seed_1_1761468207
3522560,1-Training-Losses/entropy,0.8419899344444275,Pong1PQFM_XObs_entangled_trainable_rzz_QLayers_5___seed_1_1761468207
3526656,1-Training-Losses/entropy,0.8597453236579895,Pong1PQFM_XObs_entangled_trainable_rzz_QLayers_5___seed_1_1761468207
3530752,1-Training-Losses/entropy,0.882689356803894,Pong1PQFM_XObs_entangled_trainable_rzz_QLayers_5___seed_1_1761468207
3534848,1-Training-Losses/entropy,0.8956146240234375,Pong1PQFM_XObs_entangled_trainable_rzz_QLayers_5___seed_1_1761468207
3538944,1-Training-Losses/entropy,0.8981895446777344,Pong1PQFM_XObs_entangled_trainable_rzz_QLayers_5___seed_1_1761468207
3543040,1-Training-Losses/entropy,0.8878278136253357,Pong1PQFM_XObs_entangled_trainable_rzz_QLayers_5___seed_1_1761468207
3547136,1-Training-Losses/entropy,0.8876596689224243,Pong1PQFM_XObs_entangled_trainable_rzz_QLayers_5___seed_1_1761468207
3551232,1-Training-Losses/entropy,0.8793121576309204,Pong1PQFM_XObs_entangled_trainable_rzz_QLayers_5___seed_1_1761468207
3555328,1-Training-Losses/entropy,0.8966374397277832,Pong1PQFM_XObs_entangled_trainable_rzz_QLayers_5___seed_1_1761468207
3559424,1-Training-Losses/entropy,0.8808608055114746,Pong1PQFM_XObs_entangled_trainable_rzz_QLayers_5___seed_1_1761468207
3563520,1-Training-Losses/entropy,0.8925949335098267,Pong1PQFM_XObs_entangled_trainable_rzz_QLayers_5___seed_1_1761468207
3567616,1-Training-Losses/entropy,0.8773066401481628,Pong1PQFM_XObs_entangled_trainable_rzz_QLayers_5___seed_1_1761468207
3571712,1-Training-Losses/entropy,0.8837357759475708,Pong1PQFM_XObs_entangled_trainable_rzz_QLayers_5___seed_1_1761468207
3575808,1-Training-Losses/entropy,0.8815780878067017,Pong1PQFM_XObs_entangled_trainable_rzz_QLayers_5___seed_1_1761468207
3579904,1-Training-Losses/entropy,0.8906845450401306,Pong1PQFM_XObs_entangled_trainable_rzz_QLayers_5___seed_1_1761468207
3584000,1-Training-Losses/entropy,0.8952223658561707,Pong1PQFM_XObs_entangled_trainable_rzz_QLayers_5___seed_1_1761468207
3588096,1-Training-Losses/entropy,0.8868746757507324,Pong1PQFM_XObs_entangled_trainable_rzz_QLayers_5___seed_1_1761468207
3592192,1-Training-Losses/entropy,0.8704304695129395,Pong1PQFM_XObs_entangled_trainable_rzz_QLayers_5___seed_1_1761468207
3596288,1-Training-Losses/entropy,0.8861582279205322,Pong1PQFM_XObs_entangled_trainable_rzz_QLayers_5___seed_1_1761468207
3600384,1-Training-Losses/entropy,0.8712494373321533,Pong1PQFM_XObs_entangled_trainable_rzz_QLayers_5___seed_1_1761468207
3604480,1-Training-Losses/entropy,0.8719455003738403,Pong1PQFM_XObs_entangled_trainable_rzz_QLayers_5___seed_1_1761468207
3608576,1-Training-Losses/entropy,0.9032429456710815,Pong1PQFM_XObs_entangled_trainable_rzz_QLayers_5___seed_1_1761468207
3612672,1-Training-Losses/entropy,0.8693430423736572,Pong1PQFM_XObs_entangled_trainable_rzz_QLayers_5___seed_1_1761468207
3616768,1-Training-Losses/entropy,0.865912675857544,Pong1PQFM_XObs_entangled_trainable_rzz_QLayers_5___seed_1_1761468207
3620864,1-Training-Losses/entropy,0.8748300671577454,Pong1PQFM_XObs_entangled_trainable_rzz_QLayers_5___seed_1_1761468207
3624960,1-Training-Losses/entropy,0.8771589994430542,Pong1PQFM_XObs_entangled_trainable_rzz_QLayers_5___seed_1_1761468207
3629056,1-Training-Losses/entropy,0.885769248008728,Pong1PQFM_XObs_entangled_trainable_rzz_QLayers_5___seed_1_1761468207
3633152,1-Training-Losses/entropy,0.902582049369812,Pong1PQFM_XObs_entangled_trainable_rzz_QLayers_5___seed_1_1761468207
3637248,1-Training-Losses/entropy,0.8933500051498413,Pong1PQFM_XObs_entangled_trainable_rzz_QLayers_5___seed_1_1761468207
3641344,1-Training-Losses/entropy,0.8813351392745972,Pong1PQFM_XObs_entangled_trainable_rzz_QLayers_5___seed_1_1761468207
3645440,1-Training-Losses/entropy,0.880256175994873,Pong1PQFM_XObs_entangled_trainable_rzz_QLayers_5___seed_1_1761468207
3649536,1-Training-Losses/entropy,0.8588674068450928,Pong1PQFM_XObs_entangled_trainable_rzz_QLayers_5___seed_1_1761468207
3653632,1-Training-Losses/entropy,0.8973064422607422,Pong1PQFM_XObs_entangled_trainable_rzz_QLayers_5___seed_1_1761468207
3657728,1-Training-Losses/entropy,0.8777679204940796,Pong1PQFM_XObs_entangled_trainable_rzz_QLayers_5___seed_1_1761468207
3661824,1-Training-Losses/entropy,0.8776988983154297,Pong1PQFM_XObs_entangled_trainable_rzz_QLayers_5___seed_1_1761468207
3665920,1-Training-Losses/entropy,0.9112054109573364,Pong1PQFM_XObs_entangled_trainable_rzz_QLayers_5___seed_1_1761468207
3670016,1-Training-Losses/entropy,0.9084831476211548,Pong1PQFM_XObs_entangled_trainable_rzz_QLayers_5___seed_1_1761468207
3674112,1-Training-Losses/entropy,0.900100588798523,Pong1PQFM_XObs_entangled_trainable_rzz_QLayers_5___seed_1_1761468207
3678208,1-Training-Losses/entropy,0.9057707786560059,Pong1PQFM_XObs_entangled_trainable_rzz_QLayers_5___seed_1_1761468207
3682304,1-Training-Losses/entropy,0.8899905681610107,Pong1PQFM_XObs_entangled_trainable_rzz_QLayers_5___seed_1_1761468207
3686400,1-Training-Losses/entropy,0.888045072555542,Pong1PQFM_XObs_entangled_trainable_rzz_QLayers_5___seed_1_1761468207
3690496,1-Training-Losses/entropy,0.9022425413131714,Pong1PQFM_XObs_entangled_trainable_rzz_QLayers_5___seed_1_1761468207
3694592,1-Training-Losses/entropy,0.9048909544944763,Pong1PQFM_XObs_entangled_trainable_rzz_QLayers_5___seed_1_1761468207
3698688,1-Training-Losses/entropy,0.8823272585868835,Pong1PQFM_XObs_entangled_trainable_rzz_QLayers_5___seed_1_1761468207
3702784,1-Training-Losses/entropy,0.8843337297439575,Pong1PQFM_XObs_entangled_trainable_rzz_QLayers_5___seed_1_1761468207
3706880,1-Training-Losses/entropy,0.8967841863632202,Pong1PQFM_XObs_entangled_trainable_rzz_QLayers_5___seed_1_1761468207
3710976,1-Training-Losses/entropy,0.8864187002182007,Pong1PQFM_XObs_entangled_trainable_rzz_QLayers_5___seed_1_1761468207
3715072,1-Training-Losses/entropy,0.8668269515037537,Pong1PQFM_XObs_entangled_trainable_rzz_QLayers_5___seed_1_1761468207
3719168,1-Training-Losses/entropy,0.8880554437637329,Pong1PQFM_XObs_entangled_trainable_rzz_QLayers_5___seed_1_1761468207
3723264,1-Training-Losses/entropy,0.8495935201644897,Pong1PQFM_XObs_entangled_trainable_rzz_QLayers_5___seed_1_1761468207
3727360,1-Training-Losses/entropy,0.8685070276260376,Pong1PQFM_XObs_entangled_trainable_rzz_QLayers_5___seed_1_1761468207
3731456,1-Training-Losses/entropy,0.8774824738502502,Pong1PQFM_XObs_entangled_trainable_rzz_QLayers_5___seed_1_1761468207
3735552,1-Training-Losses/entropy,0.883062481880188,Pong1PQFM_XObs_entangled_trainable_rzz_QLayers_5___seed_1_1761468207
3739648,1-Training-Losses/entropy,0.8772139549255371,Pong1PQFM_XObs_entangled_trainable_rzz_QLayers_5___seed_1_1761468207
3743744,1-Training-Losses/entropy,0.8642743229866028,Pong1PQFM_XObs_entangled_trainable_rzz_QLayers_5___seed_1_1761468207
3747840,1-Training-Losses/entropy,0.8697619438171387,Pong1PQFM_XObs_entangled_trainable_rzz_QLayers_5___seed_1_1761468207
3751936,1-Training-Losses/entropy,0.8709098100662231,Pong1PQFM_XObs_entangled_trainable_rzz_QLayers_5___seed_1_1761468207
3756032,1-Training-Losses/entropy,0.8796210885047913,Pong1PQFM_XObs_entangled_trainable_rzz_QLayers_5___seed_1_1761468207
3760128,1-Training-Losses/entropy,0.8881121873855591,Pong1PQFM_XObs_entangled_trainable_rzz_QLayers_5___seed_1_1761468207
3764224,1-Training-Losses/entropy,0.8934377431869507,Pong1PQFM_XObs_entangled_trainable_rzz_QLayers_5___seed_1_1761468207
3768320,1-Training-Losses/entropy,0.8964478969573975,Pong1PQFM_XObs_entangled_trainable_rzz_QLayers_5___seed_1_1761468207
3772416,1-Training-Losses/entropy,0.8914315700531006,Pong1PQFM_XObs_entangled_trainable_rzz_QLayers_5___seed_1_1761468207
3776512,1-Training-Losses/entropy,0.853819727897644,Pong1PQFM_XObs_entangled_trainable_rzz_QLayers_5___seed_1_1761468207
3780608,1-Training-Losses/entropy,0.8563568592071533,Pong1PQFM_XObs_entangled_trainable_rzz_QLayers_5___seed_1_1761468207
3784704,1-Training-Losses/entropy,0.8808432817459106,Pong1PQFM_XObs_entangled_trainable_rzz_QLayers_5___seed_1_1761468207
3788800,1-Training-Losses/entropy,0.9028608202934265,Pong1PQFM_XObs_entangled_trainable_rzz_QLayers_5___seed_1_1761468207
3792896,1-Training-Losses/entropy,0.8956869840621948,Pong1PQFM_XObs_entangled_trainable_rzz_QLayers_5___seed_1_1761468207
3796992,1-Training-Losses/entropy,0.8777569532394409,Pong1PQFM_XObs_entangled_trainable_rzz_QLayers_5___seed_1_1761468207
3801088,1-Training-Losses/entropy,0.8955221176147461,Pong1PQFM_XObs_entangled_trainable_rzz_QLayers_5___seed_1_1761468207
3805184,1-Training-Losses/entropy,0.8796818256378174,Pong1PQFM_XObs_entangled_trainable_rzz_QLayers_5___seed_1_1761468207
3809280,1-Training-Losses/entropy,0.89850914478302,Pong1PQFM_XObs_entangled_trainable_rzz_QLayers_5___seed_1_1761468207
3813376,1-Training-Losses/entropy,0.8783451914787292,Pong1PQFM_XObs_entangled_trainable_rzz_QLayers_5___seed_1_1761468207
3817472,1-Training-Losses/entropy,0.8933550715446472,Pong1PQFM_XObs_entangled_trainable_rzz_QLayers_5___seed_1_1761468207
3821568,1-Training-Losses/entropy,0.8845038414001465,Pong1PQFM_XObs_entangled_trainable_rzz_QLayers_5___seed_1_1761468207
3825664,1-Training-Losses/entropy,0.8619260787963867,Pong1PQFM_XObs_entangled_trainable_rzz_QLayers_5___seed_1_1761468207
3829760,1-Training-Losses/entropy,0.8930460214614868,Pong1PQFM_XObs_entangled_trainable_rzz_QLayers_5___seed_1_1761468207
3833856,1-Training-Losses/entropy,0.8892814517021179,Pong1PQFM_XObs_entangled_trainable_rzz_QLayers_5___seed_1_1761468207
3837952,1-Training-Losses/entropy,0.8818295001983643,Pong1PQFM_XObs_entangled_trainable_rzz_QLayers_5___seed_1_1761468207
3842048,1-Training-Losses/entropy,0.8456977605819702,Pong1PQFM_XObs_entangled_trainable_rzz_QLayers_5___seed_1_1761468207
3846144,1-Training-Losses/entropy,0.8670426607131958,Pong1PQFM_XObs_entangled_trainable_rzz_QLayers_5___seed_1_1761468207
3850240,1-Training-Losses/entropy,0.8584438562393188,Pong1PQFM_XObs_entangled_trainable_rzz_QLayers_5___seed_1_1761468207
3854336,1-Training-Losses/entropy,0.8653039336204529,Pong1PQFM_XObs_entangled_trainable_rzz_QLayers_5___seed_1_1761468207
3858432,1-Training-Losses/entropy,0.8825336694717407,Pong1PQFM_XObs_entangled_trainable_rzz_QLayers_5___seed_1_1761468207
3862528,1-Training-Losses/entropy,0.8662348985671997,Pong1PQFM_XObs_entangled_trainable_rzz_QLayers_5___seed_1_1761468207
3866624,1-Training-Losses/entropy,0.8582633137702942,Pong1PQFM_XObs_entangled_trainable_rzz_QLayers_5___seed_1_1761468207
3870720,1-Training-Losses/entropy,0.8501548767089844,Pong1PQFM_XObs_entangled_trainable_rzz_QLayers_5___seed_1_1761468207
3874816,1-Training-Losses/entropy,0.8751360774040222,Pong1PQFM_XObs_entangled_trainable_rzz_QLayers_5___seed_1_1761468207
3878912,1-Training-Losses/entropy,0.8565938472747803,Pong1PQFM_XObs_entangled_trainable_rzz_QLayers_5___seed_1_1761468207
3883008,1-Training-Losses/entropy,0.8683050870895386,Pong1PQFM_XObs_entangled_trainable_rzz_QLayers_5___seed_1_1761468207
3887104,1-Training-Losses/entropy,0.8875789642333984,Pong1PQFM_XObs_entangled_trainable_rzz_QLayers_5___seed_1_1761468207
3891200,1-Training-Losses/entropy,0.8906632661819458,Pong1PQFM_XObs_entangled_trainable_rzz_QLayers_5___seed_1_1761468207
3895296,1-Training-Losses/entropy,0.8733925819396973,Pong1PQFM_XObs_entangled_trainable_rzz_QLayers_5___seed_1_1761468207
3899392,1-Training-Losses/entropy,0.8803161382675171,Pong1PQFM_XObs_entangled_trainable_rzz_QLayers_5___seed_1_1761468207
3903488,1-Training-Losses/entropy,0.8952515721321106,Pong1PQFM_XObs_entangled_trainable_rzz_QLayers_5___seed_1_1761468207
3907584,1-Training-Losses/entropy,0.897901177406311,Pong1PQFM_XObs_entangled_trainable_rzz_QLayers_5___seed_1_1761468207
3911680,1-Training-Losses/entropy,0.8765785694122314,Pong1PQFM_XObs_entangled_trainable_rzz_QLayers_5___seed_1_1761468207
3915776,1-Training-Losses/entropy,0.8586691617965698,Pong1PQFM_XObs_entangled_trainable_rzz_QLayers_5___seed_1_1761468207
3919872,1-Training-Losses/entropy,0.8916232585906982,Pong1PQFM_XObs_entangled_trainable_rzz_QLayers_5___seed_1_1761468207
3923968,1-Training-Losses/entropy,0.8887286186218262,Pong1PQFM_XObs_entangled_trainable_rzz_QLayers_5___seed_1_1761468207
3928064,1-Training-Losses/entropy,0.8691328763961792,Pong1PQFM_XObs_entangled_trainable_rzz_QLayers_5___seed_1_1761468207
3932160,1-Training-Losses/entropy,0.8585083484649658,Pong1PQFM_XObs_entangled_trainable_rzz_QLayers_5___seed_1_1761468207
3936256,1-Training-Losses/entropy,0.8334358930587769,Pong1PQFM_XObs_entangled_trainable_rzz_QLayers_5___seed_1_1761468207
3940352,1-Training-Losses/entropy,0.826612114906311,Pong1PQFM_XObs_entangled_trainable_rzz_QLayers_5___seed_1_1761468207
3944448,1-Training-Losses/entropy,0.850875973701477,Pong1PQFM_XObs_entangled_trainable_rzz_QLayers_5___seed_1_1761468207
3948544,1-Training-Losses/entropy,0.842968225479126,Pong1PQFM_XObs_entangled_trainable_rzz_QLayers_5___seed_1_1761468207
3952640,1-Training-Losses/entropy,0.8373303413391113,Pong1PQFM_XObs_entangled_trainable_rzz_QLayers_5___seed_1_1761468207
3956736,1-Training-Losses/entropy,0.8362743854522705,Pong1PQFM_XObs_entangled_trainable_rzz_QLayers_5___seed_1_1761468207
3960832,1-Training-Losses/entropy,0.8397704362869263,Pong1PQFM_XObs_entangled_trainable_rzz_QLayers_5___seed_1_1761468207
3964928,1-Training-Losses/entropy,0.8086932897567749,Pong1PQFM_XObs_entangled_trainable_rzz_QLayers_5___seed_1_1761468207
3969024,1-Training-Losses/entropy,0.8708813190460205,Pong1PQFM_XObs_entangled_trainable_rzz_QLayers_5___seed_1_1761468207
3973120,1-Training-Losses/entropy,0.8724653720855713,Pong1PQFM_XObs_entangled_trainable_rzz_QLayers_5___seed_1_1761468207
3977216,1-Training-Losses/entropy,0.885948657989502,Pong1PQFM_XObs_entangled_trainable_rzz_QLayers_5___seed_1_1761468207
3981312,1-Training-Losses/entropy,0.8673499822616577,Pong1PQFM_XObs_entangled_trainable_rzz_QLayers_5___seed_1_1761468207
3985408,1-Training-Losses/entropy,0.8524788618087769,Pong1PQFM_XObs_entangled_trainable_rzz_QLayers_5___seed_1_1761468207
3989504,1-Training-Losses/entropy,0.8331997394561768,Pong1PQFM_XObs_entangled_trainable_rzz_QLayers_5___seed_1_1761468207
3993600,1-Training-Losses/entropy,0.8621566295623779,Pong1PQFM_XObs_entangled_trainable_rzz_QLayers_5___seed_1_1761468207
3997696,1-Training-Losses/entropy,0.8008010387420654,Pong1PQFM_XObs_entangled_trainable_rzz_QLayers_5___seed_1_1761468207
4001792,1-Training-Losses/entropy,0.8512669205665588,Pong1PQFM_XObs_entangled_trainable_rzz_QLayers_5___seed_1_1761468207
4005888,1-Training-Losses/entropy,0.8526018857955933,Pong1PQFM_XObs_entangled_trainable_rzz_QLayers_5___seed_1_1761468207
4009984,1-Training-Losses/entropy,0.8652893304824829,Pong1PQFM_XObs_entangled_trainable_rzz_QLayers_5___seed_1_1761468207
4014080,1-Training-Losses/entropy,0.8295443058013916,Pong1PQFM_XObs_entangled_trainable_rzz_QLayers_5___seed_1_1761468207
4018176,1-Training-Losses/entropy,0.8526304364204407,Pong1PQFM_XObs_entangled_trainable_rzz_QLayers_5___seed_1_1761468207
4022272,1-Training-Losses/entropy,0.8397737145423889,Pong1PQFM_XObs_entangled_trainable_rzz_QLayers_5___seed_1_1761468207
4026368,1-Training-Losses/entropy,0.8627594113349915,Pong1PQFM_XObs_entangled_trainable_rzz_QLayers_5___seed_1_1761468207
4030464,1-Training-Losses/entropy,0.874346137046814,Pong1PQFM_XObs_entangled_trainable_rzz_QLayers_5___seed_1_1761468207
4034560,1-Training-Losses/entropy,0.8570680618286133,Pong1PQFM_XObs_entangled_trainable_rzz_QLayers_5___seed_1_1761468207
4038656,1-Training-Losses/entropy,0.8251286745071411,Pong1PQFM_XObs_entangled_trainable_rzz_QLayers_5___seed_1_1761468207
4042752,1-Training-Losses/entropy,0.8226574063301086,Pong1PQFM_XObs_entangled_trainable_rzz_QLayers_5___seed_1_1761468207
4046848,1-Training-Losses/entropy,0.8339143991470337,Pong1PQFM_XObs_entangled_trainable_rzz_QLayers_5___seed_1_1761468207
4050944,1-Training-Losses/entropy,0.8727870583534241,Pong1PQFM_XObs_entangled_trainable_rzz_QLayers_5___seed_1_1761468207
4055040,1-Training-Losses/entropy,0.8437081575393677,Pong1PQFM_XObs_entangled_trainable_rzz_QLayers_5___seed_1_1761468207
4059136,1-Training-Losses/entropy,0.8500816822052002,Pong1PQFM_XObs_entangled_trainable_rzz_QLayers_5___seed_1_1761468207
4063232,1-Training-Losses/entropy,0.8379582166671753,Pong1PQFM_XObs_entangled_trainable_rzz_QLayers_5___seed_1_1761468207
4067328,1-Training-Losses/entropy,0.8288601040840149,Pong1PQFM_XObs_entangled_trainable_rzz_QLayers_5___seed_1_1761468207
4071424,1-Training-Losses/entropy,0.826008677482605,Pong1PQFM_XObs_entangled_trainable_rzz_QLayers_5___seed_1_1761468207
4075520,1-Training-Losses/entropy,0.8623301982879639,Pong1PQFM_XObs_entangled_trainable_rzz_QLayers_5___seed_1_1761468207
4079616,1-Training-Losses/entropy,0.8645219206809998,Pong1PQFM_XObs_entangled_trainable_rzz_QLayers_5___seed_1_1761468207
4083712,1-Training-Losses/entropy,0.864303708076477,Pong1PQFM_XObs_entangled_trainable_rzz_QLayers_5___seed_1_1761468207
4087808,1-Training-Losses/entropy,0.8286161422729492,Pong1PQFM_XObs_entangled_trainable_rzz_QLayers_5___seed_1_1761468207
4091904,1-Training-Losses/entropy,0.8648587465286255,Pong1PQFM_XObs_entangled_trainable_rzz_QLayers_5___seed_1_1761468207
4096000,1-Training-Losses/entropy,0.8237605094909668,Pong1PQFM_XObs_entangled_trainable_rzz_QLayers_5___seed_1_1761468207
4100096,1-Training-Losses/entropy,0.8262993097305298,Pong1PQFM_XObs_entangled_trainable_rzz_QLayers_5___seed_1_1761468207
4104192,1-Training-Losses/entropy,0.8078208565711975,Pong1PQFM_XObs_entangled_trainable_rzz_QLayers_5___seed_1_1761468207
4108288,1-Training-Losses/entropy,0.858418345451355,Pong1PQFM_XObs_entangled_trainable_rzz_QLayers_5___seed_1_1761468207
4112384,1-Training-Losses/entropy,0.8571408987045288,Pong1PQFM_XObs_entangled_trainable_rzz_QLayers_5___seed_1_1761468207
4116480,1-Training-Losses/entropy,0.8616781234741211,Pong1PQFM_XObs_entangled_trainable_rzz_QLayers_5___seed_1_1761468207
4120576,1-Training-Losses/entropy,0.8144016265869141,Pong1PQFM_XObs_entangled_trainable_rzz_QLayers_5___seed_1_1761468207
4124672,1-Training-Losses/entropy,0.8597095012664795,Pong1PQFM_XObs_entangled_trainable_rzz_QLayers_5___seed_1_1761468207
4128768,1-Training-Losses/entropy,0.8814185857772827,Pong1PQFM_XObs_entangled_trainable_rzz_QLayers_5___seed_1_1761468207
4132864,1-Training-Losses/entropy,0.8590819835662842,Pong1PQFM_XObs_entangled_trainable_rzz_QLayers_5___seed_1_1761468207
4136960,1-Training-Losses/entropy,0.8403642177581787,Pong1PQFM_XObs_entangled_trainable_rzz_QLayers_5___seed_1_1761468207
4141056,1-Training-Losses/entropy,0.828287661075592,Pong1PQFM_XObs_entangled_trainable_rzz_QLayers_5___seed_1_1761468207
4145152,1-Training-Losses/entropy,0.8706225156784058,Pong1PQFM_XObs_entangled_trainable_rzz_QLayers_5___seed_1_1761468207
4149248,1-Training-Losses/entropy,0.8283795714378357,Pong1PQFM_XObs_entangled_trainable_rzz_QLayers_5___seed_1_1761468207
4153344,1-Training-Losses/entropy,0.8536883592605591,Pong1PQFM_XObs_entangled_trainable_rzz_QLayers_5___seed_1_1761468207
4157440,1-Training-Losses/entropy,0.8689370155334473,Pong1PQFM_XObs_entangled_trainable_rzz_QLayers_5___seed_1_1761468207
4161536,1-Training-Losses/entropy,0.8422231674194336,Pong1PQFM_XObs_entangled_trainable_rzz_QLayers_5___seed_1_1761468207
4165632,1-Training-Losses/entropy,0.8114728927612305,Pong1PQFM_XObs_entangled_trainable_rzz_QLayers_5___seed_1_1761468207
4169728,1-Training-Losses/entropy,0.8720833659172058,Pong1PQFM_XObs_entangled_trainable_rzz_QLayers_5___seed_1_1761468207
4173824,1-Training-Losses/entropy,0.8688476085662842,Pong1PQFM_XObs_entangled_trainable_rzz_QLayers_5___seed_1_1761468207
4177920,1-Training-Losses/entropy,0.8342124819755554,Pong1PQFM_XObs_entangled_trainable_rzz_QLayers_5___seed_1_1761468207
4182016,1-Training-Losses/entropy,0.8149135112762451,Pong1PQFM_XObs_entangled_trainable_rzz_QLayers_5___seed_1_1761468207
4186112,1-Training-Losses/entropy,0.834958553314209,Pong1PQFM_XObs_entangled_trainable_rzz_QLayers_5___seed_1_1761468207
4190208,1-Training-Losses/entropy,0.8268765807151794,Pong1PQFM_XObs_entangled_trainable_rzz_QLayers_5___seed_1_1761468207
4194304,1-Training-Losses/entropy,0.81354159116745,Pong1PQFM_XObs_entangled_trainable_rzz_QLayers_5___seed_1_1761468207
4198400,1-Training-Losses/entropy,0.8112278580665588,Pong1PQFM_XObs_entangled_trainable_rzz_QLayers_5___seed_1_1761468207
4202496,1-Training-Losses/entropy,0.8010678291320801,Pong1PQFM_XObs_entangled_trainable_rzz_QLayers_5___seed_1_1761468207
4206592,1-Training-Losses/entropy,0.822277307510376,Pong1PQFM_XObs_entangled_trainable_rzz_QLayers_5___seed_1_1761468207
4210688,1-Training-Losses/entropy,0.8243654370307922,Pong1PQFM_XObs_entangled_trainable_rzz_QLayers_5___seed_1_1761468207
4214784,1-Training-Losses/entropy,0.8110359907150269,Pong1PQFM_XObs_entangled_trainable_rzz_QLayers_5___seed_1_1761468207
4218880,1-Training-Losses/entropy,0.8218005299568176,Pong1PQFM_XObs_entangled_trainable_rzz_QLayers_5___seed_1_1761468207
4222976,1-Training-Losses/entropy,0.8285154104232788,Pong1PQFM_XObs_entangled_trainable_rzz_QLayers_5___seed_1_1761468207
4227072,1-Training-Losses/entropy,0.8511792421340942,Pong1PQFM_XObs_entangled_trainable_rzz_QLayers_5___seed_1_1761468207
4231168,1-Training-Losses/entropy,0.8521451354026794,Pong1PQFM_XObs_entangled_trainable_rzz_QLayers_5___seed_1_1761468207
4235264,1-Training-Losses/entropy,0.8460631370544434,Pong1PQFM_XObs_entangled_trainable_rzz_QLayers_5___seed_1_1761468207
4239360,1-Training-Losses/entropy,0.8225985169410706,Pong1PQFM_XObs_entangled_trainable_rzz_QLayers_5___seed_1_1761468207
4243456,1-Training-Losses/entropy,0.8461605310440063,Pong1PQFM_XObs_entangled_trainable_rzz_QLayers_5___seed_1_1761468207
4247552,1-Training-Losses/entropy,0.8055390119552612,Pong1PQFM_XObs_entangled_trainable_rzz_QLayers_5___seed_1_1761468207
4251648,1-Training-Losses/entropy,0.8551371097564697,Pong1PQFM_XObs_entangled_trainable_rzz_QLayers_5___seed_1_1761468207
4255744,1-Training-Losses/entropy,0.8669163584709167,Pong1PQFM_XObs_entangled_trainable_rzz_QLayers_5___seed_1_1761468207
4259840,1-Training-Losses/entropy,0.8429633378982544,Pong1PQFM_XObs_entangled_trainable_rzz_QLayers_5___seed_1_1761468207
4263936,1-Training-Losses/entropy,0.8502641916275024,Pong1PQFM_XObs_entangled_trainable_rzz_QLayers_5___seed_1_1761468207
4268032,1-Training-Losses/entropy,0.8593775033950806,Pong1PQFM_XObs_entangled_trainable_rzz_QLayers_5___seed_1_1761468207
4272128,1-Training-Losses/entropy,0.8481072187423706,Pong1PQFM_XObs_entangled_trainable_rzz_QLayers_5___seed_1_1761468207
4276224,1-Training-Losses/entropy,0.8566696643829346,Pong1PQFM_XObs_entangled_trainable_rzz_QLayers_5___seed_1_1761468207
4280320,1-Training-Losses/entropy,0.8458274602890015,Pong1PQFM_XObs_entangled_trainable_rzz_QLayers_5___seed_1_1761468207
4284416,1-Training-Losses/entropy,0.8273210525512695,Pong1PQFM_XObs_entangled_trainable_rzz_QLayers_5___seed_1_1761468207
4288512,1-Training-Losses/entropy,0.8300873637199402,Pong1PQFM_XObs_entangled_trainable_rzz_QLayers_5___seed_1_1761468207
4292608,1-Training-Losses/entropy,0.8335572481155396,Pong1PQFM_XObs_entangled_trainable_rzz_QLayers_5___seed_1_1761468207
4296704,1-Training-Losses/entropy,0.8317691087722778,Pong1PQFM_XObs_entangled_trainable_rzz_QLayers_5___seed_1_1761468207
4300800,1-Training-Losses/entropy,0.842369794845581,Pong1PQFM_XObs_entangled_trainable_rzz_QLayers_5___seed_1_1761468207
4304896,1-Training-Losses/entropy,0.8733273148536682,Pong1PQFM_XObs_entangled_trainable_rzz_QLayers_5___seed_1_1761468207
4308992,1-Training-Losses/entropy,0.820380449295044,Pong1PQFM_XObs_entangled_trainable_rzz_QLayers_5___seed_1_1761468207
4313088,1-Training-Losses/entropy,0.8495670557022095,Pong1PQFM_XObs_entangled_trainable_rzz_QLayers_5___seed_1_1761468207
4317184,1-Training-Losses/entropy,0.8271890878677368,Pong1PQFM_XObs_entangled_trainable_rzz_QLayers_5___seed_1_1761468207
4321280,1-Training-Losses/entropy,0.8400506973266602,Pong1PQFM_XObs_entangled_trainable_rzz_QLayers_5___seed_1_1761468207
4325376,1-Training-Losses/entropy,0.8481618165969849,Pong1PQFM_XObs_entangled_trainable_rzz_QLayers_5___seed_1_1761468207
4329472,1-Training-Losses/entropy,0.8488755226135254,Pong1PQFM_XObs_entangled_trainable_rzz_QLayers_5___seed_1_1761468207
4333568,1-Training-Losses/entropy,0.8491813540458679,Pong1PQFM_XObs_entangled_trainable_rzz_QLayers_5___seed_1_1761468207
4337664,1-Training-Losses/entropy,0.863192081451416,Pong1PQFM_XObs_entangled_trainable_rzz_QLayers_5___seed_1_1761468207
4341760,1-Training-Losses/entropy,0.87165766954422,Pong1PQFM_XObs_entangled_trainable_rzz_QLayers_5___seed_1_1761468207
4345856,1-Training-Losses/entropy,0.8491336107254028,Pong1PQFM_XObs_entangled_trainable_rzz_QLayers_5___seed_1_1761468207
4349952,1-Training-Losses/entropy,0.8715349435806274,Pong1PQFM_XObs_entangled_trainable_rzz_QLayers_5___seed_1_1761468207
4354048,1-Training-Losses/entropy,0.8481876850128174,Pong1PQFM_XObs_entangled_trainable_rzz_QLayers_5___seed_1_1761468207
4358144,1-Training-Losses/entropy,0.842279314994812,Pong1PQFM_XObs_entangled_trainable_rzz_QLayers_5___seed_1_1761468207
4362240,1-Training-Losses/entropy,0.8188762068748474,Pong1PQFM_XObs_entangled_trainable_rzz_QLayers_5___seed_1_1761468207
4366336,1-Training-Losses/entropy,0.8090993762016296,Pong1PQFM_XObs_entangled_trainable_rzz_QLayers_5___seed_1_1761468207
4370432,1-Training-Losses/entropy,0.8449510335922241,Pong1PQFM_XObs_entangled_trainable_rzz_QLayers_5___seed_1_1761468207
4374528,1-Training-Losses/entropy,0.8079006671905518,Pong1PQFM_XObs_entangled_trainable_rzz_QLayers_5___seed_1_1761468207
4378624,1-Training-Losses/entropy,0.8447694778442383,Pong1PQFM_XObs_entangled_trainable_rzz_QLayers_5___seed_1_1761468207
4382720,1-Training-Losses/entropy,0.8419122099876404,Pong1PQFM_XObs_entangled_trainable_rzz_QLayers_5___seed_1_1761468207
4386816,1-Training-Losses/entropy,0.8227750062942505,Pong1PQFM_XObs_entangled_trainable_rzz_QLayers_5___seed_1_1761468207
4390912,1-Training-Losses/entropy,0.8258719444274902,Pong1PQFM_XObs_entangled_trainable_rzz_QLayers_5___seed_1_1761468207
4395008,1-Training-Losses/entropy,0.8506940603256226,Pong1PQFM_XObs_entangled_trainable_rzz_QLayers_5___seed_1_1761468207
4399104,1-Training-Losses/entropy,0.8570840358734131,Pong1PQFM_XObs_entangled_trainable_rzz_QLayers_5___seed_1_1761468207
4403200,1-Training-Losses/entropy,0.8628482222557068,Pong1PQFM_XObs_entangled_trainable_rzz_QLayers_5___seed_1_1761468207
4407296,1-Training-Losses/entropy,0.8303075432777405,Pong1PQFM_XObs_entangled_trainable_rzz_QLayers_5___seed_1_1761468207
4411392,1-Training-Losses/entropy,0.8353656530380249,Pong1PQFM_XObs_entangled_trainable_rzz_QLayers_5___seed_1_1761468207
4415488,1-Training-Losses/entropy,0.8417131900787354,Pong1PQFM_XObs_entangled_trainable_rzz_QLayers_5___seed_1_1761468207
4419584,1-Training-Losses/entropy,0.8697987794876099,Pong1PQFM_XObs_entangled_trainable_rzz_QLayers_5___seed_1_1761468207
4423680,1-Training-Losses/entropy,0.8445574641227722,Pong1PQFM_XObs_entangled_trainable_rzz_QLayers_5___seed_1_1761468207
4427776,1-Training-Losses/entropy,0.8458976745605469,Pong1PQFM_XObs_entangled_trainable_rzz_QLayers_5___seed_1_1761468207
4431872,1-Training-Losses/entropy,0.8465542793273926,Pong1PQFM_XObs_entangled_trainable_rzz_QLayers_5___seed_1_1761468207
4435968,1-Training-Losses/entropy,0.8500562310218811,Pong1PQFM_XObs_entangled_trainable_rzz_QLayers_5___seed_1_1761468207
4440064,1-Training-Losses/entropy,0.8100727796554565,Pong1PQFM_XObs_entangled_trainable_rzz_QLayers_5___seed_1_1761468207
4444160,1-Training-Losses/entropy,0.8569504022598267,Pong1PQFM_XObs_entangled_trainable_rzz_QLayers_5___seed_1_1761468207
4448256,1-Training-Losses/entropy,0.8294525742530823,Pong1PQFM_XObs_entangled_trainable_rzz_QLayers_5___seed_1_1761468207
4452352,1-Training-Losses/entropy,0.8447751998901367,Pong1PQFM_XObs_entangled_trainable_rzz_QLayers_5___seed_1_1761468207
4456448,1-Training-Losses/entropy,0.8175837397575378,Pong1PQFM_XObs_entangled_trainable_rzz_QLayers_5___seed_1_1761468207
4460544,1-Training-Losses/entropy,0.8296558260917664,Pong1PQFM_XObs_entangled_trainable_rzz_QLayers_5___seed_1_1761468207
4464640,1-Training-Losses/entropy,0.8381015658378601,Pong1PQFM_XObs_entangled_trainable_rzz_QLayers_5___seed_1_1761468207
4468736,1-Training-Losses/entropy,0.8360867500305176,Pong1PQFM_XObs_entangled_trainable_rzz_QLayers_5___seed_1_1761468207
4472832,1-Training-Losses/entropy,0.8393282890319824,Pong1PQFM_XObs_entangled_trainable_rzz_QLayers_5___seed_1_1761468207
4476928,1-Training-Losses/entropy,0.8275120258331299,Pong1PQFM_XObs_entangled_trainable_rzz_QLayers_5___seed_1_1761468207
4481024,1-Training-Losses/entropy,0.8249192237854004,Pong1PQFM_XObs_entangled_trainable_rzz_QLayers_5___seed_1_1761468207
4485120,1-Training-Losses/entropy,0.836267352104187,Pong1PQFM_XObs_entangled_trainable_rzz_QLayers_5___seed_1_1761468207
4489216,1-Training-Losses/entropy,0.8737145662307739,Pong1PQFM_XObs_entangled_trainable_rzz_QLayers_5___seed_1_1761468207
4493312,1-Training-Losses/entropy,0.8293589353561401,Pong1PQFM_XObs_entangled_trainable_rzz_QLayers_5___seed_1_1761468207
4497408,1-Training-Losses/entropy,0.8437060713768005,Pong1PQFM_XObs_entangled_trainable_rzz_QLayers_5___seed_1_1761468207
4501504,1-Training-Losses/entropy,0.8741889595985413,Pong1PQFM_XObs_entangled_trainable_rzz_QLayers_5___seed_1_1761468207
4505600,1-Training-Losses/entropy,0.8285793662071228,Pong1PQFM_XObs_entangled_trainable_rzz_QLayers_5___seed_1_1761468207
4509696,1-Training-Losses/entropy,0.8186956644058228,Pong1PQFM_XObs_entangled_trainable_rzz_QLayers_5___seed_1_1761468207
4513792,1-Training-Losses/entropy,0.8510822057723999,Pong1PQFM_XObs_entangled_trainable_rzz_QLayers_5___seed_1_1761468207
4517888,1-Training-Losses/entropy,0.8362786173820496,Pong1PQFM_XObs_entangled_trainable_rzz_QLayers_5___seed_1_1761468207
4521984,1-Training-Losses/entropy,0.8099907636642456,Pong1PQFM_XObs_entangled_trainable_rzz_QLayers_5___seed_1_1761468207
4526080,1-Training-Losses/entropy,0.8286288976669312,Pong1PQFM_XObs_entangled_trainable_rzz_QLayers_5___seed_1_1761468207
4530176,1-Training-Losses/entropy,0.8568811416625977,Pong1PQFM_XObs_entangled_trainable_rzz_QLayers_5___seed_1_1761468207
4534272,1-Training-Losses/entropy,0.8462211489677429,Pong1PQFM_XObs_entangled_trainable_rzz_QLayers_5___seed_1_1761468207
4538368,1-Training-Losses/entropy,0.8566300868988037,Pong1PQFM_XObs_entangled_trainable_rzz_QLayers_5___seed_1_1761468207
4542464,1-Training-Losses/entropy,0.8339718580245972,Pong1PQFM_XObs_entangled_trainable_rzz_QLayers_5___seed_1_1761468207
4546560,1-Training-Losses/entropy,0.8414986729621887,Pong1PQFM_XObs_entangled_trainable_rzz_QLayers_5___seed_1_1761468207
4550656,1-Training-Losses/entropy,0.8634399175643921,Pong1PQFM_XObs_entangled_trainable_rzz_QLayers_5___seed_1_1761468207
4554752,1-Training-Losses/entropy,0.857498288154602,Pong1PQFM_XObs_entangled_trainable_rzz_QLayers_5___seed_1_1761468207
4558848,1-Training-Losses/entropy,0.8316848874092102,Pong1PQFM_XObs_entangled_trainable_rzz_QLayers_5___seed_1_1761468207
4562944,1-Training-Losses/entropy,0.8498026728630066,Pong1PQFM_XObs_entangled_trainable_rzz_QLayers_5___seed_1_1761468207
4567040,1-Training-Losses/entropy,0.840330183506012,Pong1PQFM_XObs_entangled_trainable_rzz_QLayers_5___seed_1_1761468207
4571136,1-Training-Losses/entropy,0.8441710472106934,Pong1PQFM_XObs_entangled_trainable_rzz_QLayers_5___seed_1_1761468207
4575232,1-Training-Losses/entropy,0.8111835718154907,Pong1PQFM_XObs_entangled_trainable_rzz_QLayers_5___seed_1_1761468207
4579328,1-Training-Losses/entropy,0.8281363248825073,Pong1PQFM_XObs_entangled_trainable_rzz_QLayers_5___seed_1_1761468207
4583424,1-Training-Losses/entropy,0.8183321952819824,Pong1PQFM_XObs_entangled_trainable_rzz_QLayers_5___seed_1_1761468207
4587520,1-Training-Losses/entropy,0.8424441814422607,Pong1PQFM_XObs_entangled_trainable_rzz_QLayers_5___seed_1_1761468207
4591616,1-Training-Losses/entropy,0.8372730016708374,Pong1PQFM_XObs_entangled_trainable_rzz_QLayers_5___seed_1_1761468207
4595712,1-Training-Losses/entropy,0.8407055139541626,Pong1PQFM_XObs_entangled_trainable_rzz_QLayers_5___seed_1_1761468207
4599808,1-Training-Losses/entropy,0.8124513030052185,Pong1PQFM_XObs_entangled_trainable_rzz_QLayers_5___seed_1_1761468207
4603904,1-Training-Losses/entropy,0.8702154159545898,Pong1PQFM_XObs_entangled_trainable_rzz_QLayers_5___seed_1_1761468207
4608000,1-Training-Losses/entropy,0.8301036357879639,Pong1PQFM_XObs_entangled_trainable_rzz_QLayers_5___seed_1_1761468207
4612096,1-Training-Losses/entropy,0.7999815940856934,Pong1PQFM_XObs_entangled_trainable_rzz_QLayers_5___seed_1_1761468207
4616192,1-Training-Losses/entropy,0.8234778046607971,Pong1PQFM_XObs_entangled_trainable_rzz_QLayers_5___seed_1_1761468207
4620288,1-Training-Losses/entropy,0.8740314841270447,Pong1PQFM_XObs_entangled_trainable_rzz_QLayers_5___seed_1_1761468207
4624384,1-Training-Losses/entropy,0.8153035640716553,Pong1PQFM_XObs_entangled_trainable_rzz_QLayers_5___seed_1_1761468207
4628480,1-Training-Losses/entropy,0.8417087197303772,Pong1PQFM_XObs_entangled_trainable_rzz_QLayers_5___seed_1_1761468207
4632576,1-Training-Losses/entropy,0.8119879961013794,Pong1PQFM_XObs_entangled_trainable_rzz_QLayers_5___seed_1_1761468207
4636672,1-Training-Losses/entropy,0.8179787993431091,Pong1PQFM_XObs_entangled_trainable_rzz_QLayers_5___seed_1_1761468207
4640768,1-Training-Losses/entropy,0.8441633582115173,Pong1PQFM_XObs_entangled_trainable_rzz_QLayers_5___seed_1_1761468207
4644864,1-Training-Losses/entropy,0.8471437692642212,Pong1PQFM_XObs_entangled_trainable_rzz_QLayers_5___seed_1_1761468207
4648960,1-Training-Losses/entropy,0.8172209858894348,Pong1PQFM_XObs_entangled_trainable_rzz_QLayers_5___seed_1_1761468207
4653056,1-Training-Losses/entropy,0.8226136565208435,Pong1PQFM_XObs_entangled_trainable_rzz_QLayers_5___seed_1_1761468207
4657152,1-Training-Losses/entropy,0.8373165130615234,Pong1PQFM_XObs_entangled_trainable_rzz_QLayers_5___seed_1_1761468207
4661248,1-Training-Losses/entropy,0.8237789273262024,Pong1PQFM_XObs_entangled_trainable_rzz_QLayers_5___seed_1_1761468207
4665344,1-Training-Losses/entropy,0.8230280876159668,Pong1PQFM_XObs_entangled_trainable_rzz_QLayers_5___seed_1_1761468207
4669440,1-Training-Losses/entropy,0.8232918977737427,Pong1PQFM_XObs_entangled_trainable_rzz_QLayers_5___seed_1_1761468207
4673536,1-Training-Losses/entropy,0.8050623536109924,Pong1PQFM_XObs_entangled_trainable_rzz_QLayers_5___seed_1_1761468207
4677632,1-Training-Losses/entropy,0.803579568862915,Pong1PQFM_XObs_entangled_trainable_rzz_QLayers_5___seed_1_1761468207
4681728,1-Training-Losses/entropy,0.7707557082176208,Pong1PQFM_XObs_entangled_trainable_rzz_QLayers_5___seed_1_1761468207
4685824,1-Training-Losses/entropy,0.8181178569793701,Pong1PQFM_XObs_entangled_trainable_rzz_QLayers_5___seed_1_1761468207
4689920,1-Training-Losses/entropy,0.8218085765838623,Pong1PQFM_XObs_entangled_trainable_rzz_QLayers_5___seed_1_1761468207
4694016,1-Training-Losses/entropy,0.8237459063529968,Pong1PQFM_XObs_entangled_trainable_rzz_QLayers_5___seed_1_1761468207
4698112,1-Training-Losses/entropy,0.8150675296783447,Pong1PQFM_XObs_entangled_trainable_rzz_QLayers_5___seed_1_1761468207
4702208,1-Training-Losses/entropy,0.8398006558418274,Pong1PQFM_XObs_entangled_trainable_rzz_QLayers_5___seed_1_1761468207
4706304,1-Training-Losses/entropy,0.8387863636016846,Pong1PQFM_XObs_entangled_trainable_rzz_QLayers_5___seed_1_1761468207
4710400,1-Training-Losses/entropy,0.8020675778388977,Pong1PQFM_XObs_entangled_trainable_rzz_QLayers_5___seed_1_1761468207
4714496,1-Training-Losses/entropy,0.8496785163879395,Pong1PQFM_XObs_entangled_trainable_rzz_QLayers_5___seed_1_1761468207
4718592,1-Training-Losses/entropy,0.8257873058319092,Pong1PQFM_XObs_entangled_trainable_rzz_QLayers_5___seed_1_1761468207
4722688,1-Training-Losses/entropy,0.8327630162239075,Pong1PQFM_XObs_entangled_trainable_rzz_QLayers_5___seed_1_1761468207
4726784,1-Training-Losses/entropy,0.8310698866844177,Pong1PQFM_XObs_entangled_trainable_rzz_QLayers_5___seed_1_1761468207
4730880,1-Training-Losses/entropy,0.8324077129364014,Pong1PQFM_XObs_entangled_trainable_rzz_QLayers_5___seed_1_1761468207
4734976,1-Training-Losses/entropy,0.8193167448043823,Pong1PQFM_XObs_entangled_trainable_rzz_QLayers_5___seed_1_1761468207
4739072,1-Training-Losses/entropy,0.8102887272834778,Pong1PQFM_XObs_entangled_trainable_rzz_QLayers_5___seed_1_1761468207
4743168,1-Training-Losses/entropy,0.8620319366455078,Pong1PQFM_XObs_entangled_trainable_rzz_QLayers_5___seed_1_1761468207
4747264,1-Training-Losses/entropy,0.8312026262283325,Pong1PQFM_XObs_entangled_trainable_rzz_QLayers_5___seed_1_1761468207
4751360,1-Training-Losses/entropy,0.8305865526199341,Pong1PQFM_XObs_entangled_trainable_rzz_QLayers_5___seed_1_1761468207
4755456,1-Training-Losses/entropy,0.8230365514755249,Pong1PQFM_XObs_entangled_trainable_rzz_QLayers_5___seed_1_1761468207
4759552,1-Training-Losses/entropy,0.8367894887924194,Pong1PQFM_XObs_entangled_trainable_rzz_QLayers_5___seed_1_1761468207
4763648,1-Training-Losses/entropy,0.8527917861938477,Pong1PQFM_XObs_entangled_trainable_rzz_QLayers_5___seed_1_1761468207
4767744,1-Training-Losses/entropy,0.8558567762374878,Pong1PQFM_XObs_entangled_trainable_rzz_QLayers_5___seed_1_1761468207
4771840,1-Training-Losses/entropy,0.8491309285163879,Pong1PQFM_XObs_entangled_trainable_rzz_QLayers_5___seed_1_1761468207
4775936,1-Training-Losses/entropy,0.8451710939407349,Pong1PQFM_XObs_entangled_trainable_rzz_QLayers_5___seed_1_1761468207
4780032,1-Training-Losses/entropy,0.8223926424980164,Pong1PQFM_XObs_entangled_trainable_rzz_QLayers_5___seed_1_1761468207
4784128,1-Training-Losses/entropy,0.8583109378814697,Pong1PQFM_XObs_entangled_trainable_rzz_QLayers_5___seed_1_1761468207
4788224,1-Training-Losses/entropy,0.8495551347732544,Pong1PQFM_XObs_entangled_trainable_rzz_QLayers_5___seed_1_1761468207
4792320,1-Training-Losses/entropy,0.848709762096405,Pong1PQFM_XObs_entangled_trainable_rzz_QLayers_5___seed_1_1761468207
4796416,1-Training-Losses/entropy,0.8371658325195312,Pong1PQFM_XObs_entangled_trainable_rzz_QLayers_5___seed_1_1761468207
4800512,1-Training-Losses/entropy,0.8586984276771545,Pong1PQFM_XObs_entangled_trainable_rzz_QLayers_5___seed_1_1761468207
4804608,1-Training-Losses/entropy,0.8748276233673096,Pong1PQFM_XObs_entangled_trainable_rzz_QLayers_5___seed_1_1761468207
4808704,1-Training-Losses/entropy,0.8348978757858276,Pong1PQFM_XObs_entangled_trainable_rzz_QLayers_5___seed_1_1761468207
4812800,1-Training-Losses/entropy,0.839766800403595,Pong1PQFM_XObs_entangled_trainable_rzz_QLayers_5___seed_1_1761468207
4816896,1-Training-Losses/entropy,0.8528012037277222,Pong1PQFM_XObs_entangled_trainable_rzz_QLayers_5___seed_1_1761468207
4820992,1-Training-Losses/entropy,0.8488816618919373,Pong1PQFM_XObs_entangled_trainable_rzz_QLayers_5___seed_1_1761468207
4825088,1-Training-Losses/entropy,0.833956778049469,Pong1PQFM_XObs_entangled_trainable_rzz_QLayers_5___seed_1_1761468207
4829184,1-Training-Losses/entropy,0.812833845615387,Pong1PQFM_XObs_entangled_trainable_rzz_QLayers_5___seed_1_1761468207
4833280,1-Training-Losses/entropy,0.8302475214004517,Pong1PQFM_XObs_entangled_trainable_rzz_QLayers_5___seed_1_1761468207
4837376,1-Training-Losses/entropy,0.8168224096298218,Pong1PQFM_XObs_entangled_trainable_rzz_QLayers_5___seed_1_1761468207
4841472,1-Training-Losses/entropy,0.8276638388633728,Pong1PQFM_XObs_entangled_trainable_rzz_QLayers_5___seed_1_1761468207
4845568,1-Training-Losses/entropy,0.810493528842926,Pong1PQFM_XObs_entangled_trainable_rzz_QLayers_5___seed_1_1761468207
4849664,1-Training-Losses/entropy,0.7962022423744202,Pong1PQFM_XObs_entangled_trainable_rzz_QLayers_5___seed_1_1761468207
4853760,1-Training-Losses/entropy,0.8588338494300842,Pong1PQFM_XObs_entangled_trainable_rzz_QLayers_5___seed_1_1761468207
4857856,1-Training-Losses/entropy,0.8582712411880493,Pong1PQFM_XObs_entangled_trainable_rzz_QLayers_5___seed_1_1761468207
4861952,1-Training-Losses/entropy,0.793247640132904,Pong1PQFM_XObs_entangled_trainable_rzz_QLayers_5___seed_1_1761468207
4866048,1-Training-Losses/entropy,0.8259177207946777,Pong1PQFM_XObs_entangled_trainable_rzz_QLayers_5___seed_1_1761468207
4870144,1-Training-Losses/entropy,0.8605786561965942,Pong1PQFM_XObs_entangled_trainable_rzz_QLayers_5___seed_1_1761468207
4874240,1-Training-Losses/entropy,0.8181648850440979,Pong1PQFM_XObs_entangled_trainable_rzz_QLayers_5___seed_1_1761468207
4878336,1-Training-Losses/entropy,0.8303585052490234,Pong1PQFM_XObs_entangled_trainable_rzz_QLayers_5___seed_1_1761468207
4882432,1-Training-Losses/entropy,0.8226804733276367,Pong1PQFM_XObs_entangled_trainable_rzz_QLayers_5___seed_1_1761468207
4886528,1-Training-Losses/entropy,0.841291069984436,Pong1PQFM_XObs_entangled_trainable_rzz_QLayers_5___seed_1_1761468207
4890624,1-Training-Losses/entropy,0.7959532737731934,Pong1PQFM_XObs_entangled_trainable_rzz_QLayers_5___seed_1_1761468207
4894720,1-Training-Losses/entropy,0.8519777059555054,Pong1PQFM_XObs_entangled_trainable_rzz_QLayers_5___seed_1_1761468207
4898816,1-Training-Losses/entropy,0.8221496343612671,Pong1PQFM_XObs_entangled_trainable_rzz_QLayers_5___seed_1_1761468207
4902912,1-Training-Losses/entropy,0.784031331539154,Pong1PQFM_XObs_entangled_trainable_rzz_QLayers_5___seed_1_1761468207
4907008,1-Training-Losses/entropy,0.7798296809196472,Pong1PQFM_XObs_entangled_trainable_rzz_QLayers_5___seed_1_1761468207
4911104,1-Training-Losses/entropy,0.8497107028961182,Pong1PQFM_XObs_entangled_trainable_rzz_QLayers_5___seed_1_1761468207
4915200,1-Training-Losses/entropy,0.8561633825302124,Pong1PQFM_XObs_entangled_trainable_rzz_QLayers_5___seed_1_1761468207
4919296,1-Training-Losses/entropy,0.8326015472412109,Pong1PQFM_XObs_entangled_trainable_rzz_QLayers_5___seed_1_1761468207
4923392,1-Training-Losses/entropy,0.8295212388038635,Pong1PQFM_XObs_entangled_trainable_rzz_QLayers_5___seed_1_1761468207
4927488,1-Training-Losses/entropy,0.8678795099258423,Pong1PQFM_XObs_entangled_trainable_rzz_QLayers_5___seed_1_1761468207
4931584,1-Training-Losses/entropy,0.846996545791626,Pong1PQFM_XObs_entangled_trainable_rzz_QLayers_5___seed_1_1761468207
4935680,1-Training-Losses/entropy,0.8482042551040649,Pong1PQFM_XObs_entangled_trainable_rzz_QLayers_5___seed_1_1761468207
4939776,1-Training-Losses/entropy,0.8393585681915283,Pong1PQFM_XObs_entangled_trainable_rzz_QLayers_5___seed_1_1761468207
4943872,1-Training-Losses/entropy,0.8639916181564331,Pong1PQFM_XObs_entangled_trainable_rzz_QLayers_5___seed_1_1761468207
4947968,1-Training-Losses/entropy,0.8168773055076599,Pong1PQFM_XObs_entangled_trainable_rzz_QLayers_5___seed_1_1761468207
4952064,1-Training-Losses/entropy,0.8440625667572021,Pong1PQFM_XObs_entangled_trainable_rzz_QLayers_5___seed_1_1761468207
4956160,1-Training-Losses/entropy,0.8609822988510132,Pong1PQFM_XObs_entangled_trainable_rzz_QLayers_5___seed_1_1761468207
4960256,1-Training-Losses/entropy,0.8717958927154541,Pong1PQFM_XObs_entangled_trainable_rzz_QLayers_5___seed_1_1761468207
4964352,1-Training-Losses/entropy,0.8310502767562866,Pong1PQFM_XObs_entangled_trainable_rzz_QLayers_5___seed_1_1761468207
4968448,1-Training-Losses/entropy,0.8820042610168457,Pong1PQFM_XObs_entangled_trainable_rzz_QLayers_5___seed_1_1761468207
4972544,1-Training-Losses/entropy,0.8943386077880859,Pong1PQFM_XObs_entangled_trainable_rzz_QLayers_5___seed_1_1761468207
4976640,1-Training-Losses/entropy,0.8696678876876831,Pong1PQFM_XObs_entangled_trainable_rzz_QLayers_5___seed_1_1761468207
4980736,1-Training-Losses/entropy,0.8767597079277039,Pong1PQFM_XObs_entangled_trainable_rzz_QLayers_5___seed_1_1761468207
4984832,1-Training-Losses/entropy,0.8630102276802063,Pong1PQFM_XObs_entangled_trainable_rzz_QLayers_5___seed_1_1761468207
4988928,1-Training-Losses/entropy,0.8229117393493652,Pong1PQFM_XObs_entangled_trainable_rzz_QLayers_5___seed_1_1761468207
4993024,1-Training-Losses/entropy,0.8108839988708496,Pong1PQFM_XObs_entangled_trainable_rzz_QLayers_5___seed_1_1761468207
4997120,1-Training-Losses/entropy,0.864249050617218,Pong1PQFM_XObs_entangled_trainable_rzz_QLayers_5___seed_1_1761468207
5001216,1-Training-Losses/entropy,0.86473548412323,Pong1PQFM_XObs_entangled_trainable_rzz_QLayers_5___seed_1_1761468207
5005312,1-Training-Losses/entropy,0.8442672491073608,Pong1PQFM_XObs_entangled_trainable_rzz_QLayers_5___seed_1_1761468207
5009408,1-Training-Losses/entropy,0.845232367515564,Pong1PQFM_XObs_entangled_trainable_rzz_QLayers_5___seed_1_1761468207
5013504,1-Training-Losses/entropy,0.8502140045166016,Pong1PQFM_XObs_entangled_trainable_rzz_QLayers_5___seed_1_1761468207
5017600,1-Training-Losses/entropy,0.8272297382354736,Pong1PQFM_XObs_entangled_trainable_rzz_QLayers_5___seed_1_1761468207
5021696,1-Training-Losses/entropy,0.8405892848968506,Pong1PQFM_XObs_entangled_trainable_rzz_QLayers_5___seed_1_1761468207
5025792,1-Training-Losses/entropy,0.8576681613922119,Pong1PQFM_XObs_entangled_trainable_rzz_QLayers_5___seed_1_1761468207
5029888,1-Training-Losses/entropy,0.8569793701171875,Pong1PQFM_XObs_entangled_trainable_rzz_QLayers_5___seed_1_1761468207
5033984,1-Training-Losses/entropy,0.8146787285804749,Pong1PQFM_XObs_entangled_trainable_rzz_QLayers_5___seed_1_1761468207
5038080,1-Training-Losses/entropy,0.8192179203033447,Pong1PQFM_XObs_entangled_trainable_rzz_QLayers_5___seed_1_1761468207
5042176,1-Training-Losses/entropy,0.8404553532600403,Pong1PQFM_XObs_entangled_trainable_rzz_QLayers_5___seed_1_1761468207
5046272,1-Training-Losses/entropy,0.8424853682518005,Pong1PQFM_XObs_entangled_trainable_rzz_QLayers_5___seed_1_1761468207
5050368,1-Training-Losses/entropy,0.8163561224937439,Pong1PQFM_XObs_entangled_trainable_rzz_QLayers_5___seed_1_1761468207
5054464,1-Training-Losses/entropy,0.8370951414108276,Pong1PQFM_XObs_entangled_trainable_rzz_QLayers_5___seed_1_1761468207
5058560,1-Training-Losses/entropy,0.8365044593811035,Pong1PQFM_XObs_entangled_trainable_rzz_QLayers_5___seed_1_1761468207
5062656,1-Training-Losses/entropy,0.8124650716781616,Pong1PQFM_XObs_entangled_trainable_rzz_QLayers_5___seed_1_1761468207
5066752,1-Training-Losses/entropy,0.8367490172386169,Pong1PQFM_XObs_entangled_trainable_rzz_QLayers_5___seed_1_1761468207
5070848,1-Training-Losses/entropy,0.8033093214035034,Pong1PQFM_XObs_entangled_trainable_rzz_QLayers_5___seed_1_1761468207
5074944,1-Training-Losses/entropy,0.8660643100738525,Pong1PQFM_XObs_entangled_trainable_rzz_QLayers_5___seed_1_1761468207
5079040,1-Training-Losses/entropy,0.8643293380737305,Pong1PQFM_XObs_entangled_trainable_rzz_QLayers_5___seed_1_1761468207
5083136,1-Training-Losses/entropy,0.8480280637741089,Pong1PQFM_XObs_entangled_trainable_rzz_QLayers_5___seed_1_1761468207
5087232,1-Training-Losses/entropy,0.8771086931228638,Pong1PQFM_XObs_entangled_trainable_rzz_QLayers_5___seed_1_1761468207
5091328,1-Training-Losses/entropy,0.8485262393951416,Pong1PQFM_XObs_entangled_trainable_rzz_QLayers_5___seed_1_1761468207
5095424,1-Training-Losses/entropy,0.8507027626037598,Pong1PQFM_XObs_entangled_trainable_rzz_QLayers_5___seed_1_1761468207
5099520,1-Training-Losses/entropy,0.8536030054092407,Pong1PQFM_XObs_entangled_trainable_rzz_QLayers_5___seed_1_1761468207
5103616,1-Training-Losses/entropy,0.8475040793418884,Pong1PQFM_XObs_entangled_trainable_rzz_QLayers_5___seed_1_1761468207
5107712,1-Training-Losses/entropy,0.8477479815483093,Pong1PQFM_XObs_entangled_trainable_rzz_QLayers_5___seed_1_1761468207
5111808,1-Training-Losses/entropy,0.8591734170913696,Pong1PQFM_XObs_entangled_trainable_rzz_QLayers_5___seed_1_1761468207
5115904,1-Training-Losses/entropy,0.8188685774803162,Pong1PQFM_XObs_entangled_trainable_rzz_QLayers_5___seed_1_1761468207
5120000,1-Training-Losses/entropy,0.8447507619857788,Pong1PQFM_XObs_entangled_trainable_rzz_QLayers_5___seed_1_1761468207
5124096,1-Training-Losses/entropy,0.8614124059677124,Pong1PQFM_XObs_entangled_trainable_rzz_QLayers_5___seed_1_1761468207
5128192,1-Training-Losses/entropy,0.8699057102203369,Pong1PQFM_XObs_entangled_trainable_rzz_QLayers_5___seed_1_1761468207
5132288,1-Training-Losses/entropy,0.8313146233558655,Pong1PQFM_XObs_entangled_trainable_rzz_QLayers_5___seed_1_1761468207
5136384,1-Training-Losses/entropy,0.839850664138794,Pong1PQFM_XObs_entangled_trainable_rzz_QLayers_5___seed_1_1761468207
5140480,1-Training-Losses/entropy,0.8379536867141724,Pong1PQFM_XObs_entangled_trainable_rzz_QLayers_5___seed_1_1761468207
5144576,1-Training-Losses/entropy,0.8743367791175842,Pong1PQFM_XObs_entangled_trainable_rzz_QLayers_5___seed_1_1761468207
5148672,1-Training-Losses/entropy,0.8498409986495972,Pong1PQFM_XObs_entangled_trainable_rzz_QLayers_5___seed_1_1761468207
5152768,1-Training-Losses/entropy,0.8551527261734009,Pong1PQFM_XObs_entangled_trainable_rzz_QLayers_5___seed_1_1761468207
5156864,1-Training-Losses/entropy,0.8171806335449219,Pong1PQFM_XObs_entangled_trainable_rzz_QLayers_5___seed_1_1761468207
5160960,1-Training-Losses/entropy,0.8556400537490845,Pong1PQFM_XObs_entangled_trainable_rzz_QLayers_5___seed_1_1761468207
5165056,1-Training-Losses/entropy,0.8475492000579834,Pong1PQFM_XObs_entangled_trainable_rzz_QLayers_5___seed_1_1761468207
5169152,1-Training-Losses/entropy,0.8551484942436218,Pong1PQFM_XObs_entangled_trainable_rzz_QLayers_5___seed_1_1761468207
5173248,1-Training-Losses/entropy,0.8614815473556519,Pong1PQFM_XObs_entangled_trainable_rzz_QLayers_5___seed_1_1761468207
5177344,1-Training-Losses/entropy,0.8564842939376831,Pong1PQFM_XObs_entangled_trainable_rzz_QLayers_5___seed_1_1761468207
5181440,1-Training-Losses/entropy,0.8364205956459045,Pong1PQFM_XObs_entangled_trainable_rzz_QLayers_5___seed_1_1761468207
5185536,1-Training-Losses/entropy,0.8178750276565552,Pong1PQFM_XObs_entangled_trainable_rzz_QLayers_5___seed_1_1761468207
5189632,1-Training-Losses/entropy,0.837335467338562,Pong1PQFM_XObs_entangled_trainable_rzz_QLayers_5___seed_1_1761468207
5193728,1-Training-Losses/entropy,0.8171672821044922,Pong1PQFM_XObs_entangled_trainable_rzz_QLayers_5___seed_1_1761468207
5197824,1-Training-Losses/entropy,0.8158664703369141,Pong1PQFM_XObs_entangled_trainable_rzz_QLayers_5___seed_1_1761468207
5201920,1-Training-Losses/entropy,0.8199809789657593,Pong1PQFM_XObs_entangled_trainable_rzz_QLayers_5___seed_1_1761468207
5206016,1-Training-Losses/entropy,0.847703218460083,Pong1PQFM_XObs_entangled_trainable_rzz_QLayers_5___seed_1_1761468207
5210112,1-Training-Losses/entropy,0.8896660804748535,Pong1PQFM_XObs_entangled_trainable_rzz_QLayers_5___seed_1_1761468207
5214208,1-Training-Losses/entropy,0.8931518793106079,Pong1PQFM_XObs_entangled_trainable_rzz_QLayers_5___seed_1_1761468207
5218304,1-Training-Losses/entropy,0.8780744671821594,Pong1PQFM_XObs_entangled_trainable_rzz_QLayers_5___seed_1_1761468207
5222400,1-Training-Losses/entropy,0.8445696830749512,Pong1PQFM_XObs_entangled_trainable_rzz_QLayers_5___seed_1_1761468207
5226496,1-Training-Losses/entropy,0.8303709030151367,Pong1PQFM_XObs_entangled_trainable_rzz_QLayers_5___seed_1_1761468207
5230592,1-Training-Losses/entropy,0.8550411462783813,Pong1PQFM_XObs_entangled_trainable_rzz_QLayers_5___seed_1_1761468207
5234688,1-Training-Losses/entropy,0.8543556928634644,Pong1PQFM_XObs_entangled_trainable_rzz_QLayers_5___seed_1_1761468207
5238784,1-Training-Losses/entropy,0.8353001475334167,Pong1PQFM_XObs_entangled_trainable_rzz_QLayers_5___seed_1_1761468207
5242880,1-Training-Losses/entropy,0.8291938900947571,Pong1PQFM_XObs_entangled_trainable_rzz_QLayers_5___seed_1_1761468207
5246976,1-Training-Losses/entropy,0.8685334920883179,Pong1PQFM_XObs_entangled_trainable_rzz_QLayers_5___seed_1_1761468207
5251072,1-Training-Losses/entropy,0.8279681205749512,Pong1PQFM_XObs_entangled_trainable_rzz_QLayers_5___seed_1_1761468207
5255168,1-Training-Losses/entropy,0.8444429636001587,Pong1PQFM_XObs_entangled_trainable_rzz_QLayers_5___seed_1_1761468207
5259264,1-Training-Losses/entropy,0.8690385818481445,Pong1PQFM_XObs_entangled_trainable_rzz_QLayers_5___seed_1_1761468207
5263360,1-Training-Losses/entropy,0.8390297293663025,Pong1PQFM_XObs_entangled_trainable_rzz_QLayers_5___seed_1_1761468207
5267456,1-Training-Losses/entropy,0.8131332993507385,Pong1PQFM_XObs_entangled_trainable_rzz_QLayers_5___seed_1_1761468207
5271552,1-Training-Losses/entropy,0.8520058989524841,Pong1PQFM_XObs_entangled_trainable_rzz_QLayers_5___seed_1_1761468207
5275648,1-Training-Losses/entropy,0.8406908512115479,Pong1PQFM_XObs_entangled_trainable_rzz_QLayers_5___seed_1_1761468207
5279744,1-Training-Losses/entropy,0.8190132975578308,Pong1PQFM_XObs_entangled_trainable_rzz_QLayers_5___seed_1_1761468207
5283840,1-Training-Losses/entropy,0.8390114307403564,Pong1PQFM_XObs_entangled_trainable_rzz_QLayers_5___seed_1_1761468207
5287936,1-Training-Losses/entropy,0.836806058883667,Pong1PQFM_XObs_entangled_trainable_rzz_QLayers_5___seed_1_1761468207
5292032,1-Training-Losses/entropy,0.86946702003479,Pong1PQFM_XObs_entangled_trainable_rzz_QLayers_5___seed_1_1761468207
5296128,1-Training-Losses/entropy,0.8294214010238647,Pong1PQFM_XObs_entangled_trainable_rzz_QLayers_5___seed_1_1761468207
5300224,1-Training-Losses/entropy,0.8445417881011963,Pong1PQFM_XObs_entangled_trainable_rzz_QLayers_5___seed_1_1761468207
5304320,1-Training-Losses/entropy,0.8325175046920776,Pong1PQFM_XObs_entangled_trainable_rzz_QLayers_5___seed_1_1761468207
5308416,1-Training-Losses/entropy,0.8203326463699341,Pong1PQFM_XObs_entangled_trainable_rzz_QLayers_5___seed_1_1761468207
5312512,1-Training-Losses/entropy,0.8390265703201294,Pong1PQFM_XObs_entangled_trainable_rzz_QLayers_5___seed_1_1761468207
5316608,1-Training-Losses/entropy,0.83547043800354,Pong1PQFM_XObs_entangled_trainable_rzz_QLayers_5___seed_1_1761468207
5320704,1-Training-Losses/entropy,0.859370231628418,Pong1PQFM_XObs_entangled_trainable_rzz_QLayers_5___seed_1_1761468207
5324800,1-Training-Losses/entropy,0.8421741127967834,Pong1PQFM_XObs_entangled_trainable_rzz_QLayers_5___seed_1_1761468207
5328896,1-Training-Losses/entropy,0.8352400064468384,Pong1PQFM_XObs_entangled_trainable_rzz_QLayers_5___seed_1_1761468207
5332992,1-Training-Losses/entropy,0.8461723327636719,Pong1PQFM_XObs_entangled_trainable_rzz_QLayers_5___seed_1_1761468207
5337088,1-Training-Losses/entropy,0.8308716416358948,Pong1PQFM_XObs_entangled_trainable_rzz_QLayers_5___seed_1_1761468207
5341184,1-Training-Losses/entropy,0.8554478883743286,Pong1PQFM_XObs_entangled_trainable_rzz_QLayers_5___seed_1_1761468207
5345280,1-Training-Losses/entropy,0.8826618194580078,Pong1PQFM_XObs_entangled_trainable_rzz_QLayers_5___seed_1_1761468207
5349376,1-Training-Losses/entropy,0.8883289098739624,Pong1PQFM_XObs_entangled_trainable_rzz_QLayers_5___seed_1_1761468207
5353472,1-Training-Losses/entropy,0.859216570854187,Pong1PQFM_XObs_entangled_trainable_rzz_QLayers_5___seed_1_1761468207
5357568,1-Training-Losses/entropy,0.8656798601150513,Pong1PQFM_XObs_entangled_trainable_rzz_QLayers_5___seed_1_1761468207
5361664,1-Training-Losses/entropy,0.8694188594818115,Pong1PQFM_XObs_entangled_trainable_rzz_QLayers_5___seed_1_1761468207
5365760,1-Training-Losses/entropy,0.8533070087432861,Pong1PQFM_XObs_entangled_trainable_rzz_QLayers_5___seed_1_1761468207
5369856,1-Training-Losses/entropy,0.8528621196746826,Pong1PQFM_XObs_entangled_trainable_rzz_QLayers_5___seed_1_1761468207
5373952,1-Training-Losses/entropy,0.8938509821891785,Pong1PQFM_XObs_entangled_trainable_rzz_QLayers_5___seed_1_1761468207
5378048,1-Training-Losses/entropy,0.8214895129203796,Pong1PQFM_XObs_entangled_trainable_rzz_QLayers_5___seed_1_1761468207
5382144,1-Training-Losses/entropy,0.8480798006057739,Pong1PQFM_XObs_entangled_trainable_rzz_QLayers_5___seed_1_1761468207
5386240,1-Training-Losses/entropy,0.8398330211639404,Pong1PQFM_XObs_entangled_trainable_rzz_QLayers_5___seed_1_1761468207
5390336,1-Training-Losses/entropy,0.8415368795394897,Pong1PQFM_XObs_entangled_trainable_rzz_QLayers_5___seed_1_1761468207
5394432,1-Training-Losses/entropy,0.8358002305030823,Pong1PQFM_XObs_entangled_trainable_rzz_QLayers_5___seed_1_1761468207
5398528,1-Training-Losses/entropy,0.8303012251853943,Pong1PQFM_XObs_entangled_trainable_rzz_QLayers_5___seed_1_1761468207
5402624,1-Training-Losses/entropy,0.8184692859649658,Pong1PQFM_XObs_entangled_trainable_rzz_QLayers_5___seed_1_1761468207
5406720,1-Training-Losses/entropy,0.8349523544311523,Pong1PQFM_XObs_entangled_trainable_rzz_QLayers_5___seed_1_1761468207
5410816,1-Training-Losses/entropy,0.8384639024734497,Pong1PQFM_XObs_entangled_trainable_rzz_QLayers_5___seed_1_1761468207
5414912,1-Training-Losses/entropy,0.8578948974609375,Pong1PQFM_XObs_entangled_trainable_rzz_QLayers_5___seed_1_1761468207
5419008,1-Training-Losses/entropy,0.8861932158470154,Pong1PQFM_XObs_entangled_trainable_rzz_QLayers_5___seed_1_1761468207
5423104,1-Training-Losses/entropy,0.8575121164321899,Pong1PQFM_XObs_entangled_trainable_rzz_QLayers_5___seed_1_1761468207
5427200,1-Training-Losses/entropy,0.8708531856536865,Pong1PQFM_XObs_entangled_trainable_rzz_QLayers_5___seed_1_1761468207
5431296,1-Training-Losses/entropy,0.8569231629371643,Pong1PQFM_XObs_entangled_trainable_rzz_QLayers_5___seed_1_1761468207
5435392,1-Training-Losses/entropy,0.8423092365264893,Pong1PQFM_XObs_entangled_trainable_rzz_QLayers_5___seed_1_1761468207
5439488,1-Training-Losses/entropy,0.8417447805404663,Pong1PQFM_XObs_entangled_trainable_rzz_QLayers_5___seed_1_1761468207
5443584,1-Training-Losses/entropy,0.8420385718345642,Pong1PQFM_XObs_entangled_trainable_rzz_QLayers_5___seed_1_1761468207
5447680,1-Training-Losses/entropy,0.8469523191452026,Pong1PQFM_XObs_entangled_trainable_rzz_QLayers_5___seed_1_1761468207
5451776,1-Training-Losses/entropy,0.8764962553977966,Pong1PQFM_XObs_entangled_trainable_rzz_QLayers_5___seed_1_1761468207
5455872,1-Training-Losses/entropy,0.8794193267822266,Pong1PQFM_XObs_entangled_trainable_rzz_QLayers_5___seed_1_1761468207
5459968,1-Training-Losses/entropy,0.8406182527542114,Pong1PQFM_XObs_entangled_trainable_rzz_QLayers_5___seed_1_1761468207
5464064,1-Training-Losses/entropy,0.8565911054611206,Pong1PQFM_XObs_entangled_trainable_rzz_QLayers_5___seed_1_1761468207
5468160,1-Training-Losses/entropy,0.8467023372650146,Pong1PQFM_XObs_entangled_trainable_rzz_QLayers_5___seed_1_1761468207
5472256,1-Training-Losses/entropy,0.8487272262573242,Pong1PQFM_XObs_entangled_trainable_rzz_QLayers_5___seed_1_1761468207
5476352,1-Training-Losses/entropy,0.874937891960144,Pong1PQFM_XObs_entangled_trainable_rzz_QLayers_5___seed_1_1761468207
5480448,1-Training-Losses/entropy,0.8947112560272217,Pong1PQFM_XObs_entangled_trainable_rzz_QLayers_5___seed_1_1761468207
5484544,1-Training-Losses/entropy,0.8561837673187256,Pong1PQFM_XObs_entangled_trainable_rzz_QLayers_5___seed_1_1761468207
5488640,1-Training-Losses/entropy,0.8395434617996216,Pong1PQFM_XObs_entangled_trainable_rzz_QLayers_5___seed_1_1761468207
5492736,1-Training-Losses/entropy,0.84549880027771,Pong1PQFM_XObs_entangled_trainable_rzz_QLayers_5___seed_1_1761468207
5496832,1-Training-Losses/entropy,0.798137366771698,Pong1PQFM_XObs_entangled_trainable_rzz_QLayers_5___seed_1_1761468207
5500928,1-Training-Losses/entropy,0.8256959915161133,Pong1PQFM_XObs_entangled_trainable_rzz_QLayers_5___seed_1_1761468207
5505024,1-Training-Losses/entropy,0.8303207159042358,Pong1PQFM_XObs_entangled_trainable_rzz_QLayers_5___seed_1_1761468207
5509120,1-Training-Losses/entropy,0.8265995979309082,Pong1PQFM_XObs_entangled_trainable_rzz_QLayers_5___seed_1_1761468207
5513216,1-Training-Losses/entropy,0.820027232170105,Pong1PQFM_XObs_entangled_trainable_rzz_QLayers_5___seed_1_1761468207
5517312,1-Training-Losses/entropy,0.8360657095909119,Pong1PQFM_XObs_entangled_trainable_rzz_QLayers_5___seed_1_1761468207
5521408,1-Training-Losses/entropy,0.8416342735290527,Pong1PQFM_XObs_entangled_trainable_rzz_QLayers_5___seed_1_1761468207
5525504,1-Training-Losses/entropy,0.8285322189331055,Pong1PQFM_XObs_entangled_trainable_rzz_QLayers_5___seed_1_1761468207
5529600,1-Training-Losses/entropy,0.8631702661514282,Pong1PQFM_XObs_entangled_trainable_rzz_QLayers_5___seed_1_1761468207
5533696,1-Training-Losses/entropy,0.8366217613220215,Pong1PQFM_XObs_entangled_trainable_rzz_QLayers_5___seed_1_1761468207
5537792,1-Training-Losses/entropy,0.809062659740448,Pong1PQFM_XObs_entangled_trainable_rzz_QLayers_5___seed_1_1761468207
5541888,1-Training-Losses/entropy,0.8070051670074463,Pong1PQFM_XObs_entangled_trainable_rzz_QLayers_5___seed_1_1761468207
5545984,1-Training-Losses/entropy,0.7609263062477112,Pong1PQFM_XObs_entangled_trainable_rzz_QLayers_5___seed_1_1761468207
5550080,1-Training-Losses/entropy,0.7864853143692017,Pong1PQFM_XObs_entangled_trainable_rzz_QLayers_5___seed_1_1761468207
5554176,1-Training-Losses/entropy,0.8211803436279297,Pong1PQFM_XObs_entangled_trainable_rzz_QLayers_5___seed_1_1761468207
5558272,1-Training-Losses/entropy,0.825730562210083,Pong1PQFM_XObs_entangled_trainable_rzz_QLayers_5___seed_1_1761468207
5562368,1-Training-Losses/entropy,0.8359285593032837,Pong1PQFM_XObs_entangled_trainable_rzz_QLayers_5___seed_1_1761468207
5566464,1-Training-Losses/entropy,0.8308371305465698,Pong1PQFM_XObs_entangled_trainable_rzz_QLayers_5___seed_1_1761468207
5570560,1-Training-Losses/entropy,0.7998274564743042,Pong1PQFM_XObs_entangled_trainable_rzz_QLayers_5___seed_1_1761468207
5574656,1-Training-Losses/entropy,0.8384021520614624,Pong1PQFM_XObs_entangled_trainable_rzz_QLayers_5___seed_1_1761468207
5578752,1-Training-Losses/entropy,0.8427289128303528,Pong1PQFM_XObs_entangled_trainable_rzz_QLayers_5___seed_1_1761468207
5582848,1-Training-Losses/entropy,0.8333867788314819,Pong1PQFM_XObs_entangled_trainable_rzz_QLayers_5___seed_1_1761468207
5586944,1-Training-Losses/entropy,0.8060258626937866,Pong1PQFM_XObs_entangled_trainable_rzz_QLayers_5___seed_1_1761468207
5591040,1-Training-Losses/entropy,0.8345634937286377,Pong1PQFM_XObs_entangled_trainable_rzz_QLayers_5___seed_1_1761468207
5595136,1-Training-Losses/entropy,0.7752597332000732,Pong1PQFM_XObs_entangled_trainable_rzz_QLayers_5___seed_1_1761468207
5599232,1-Training-Losses/entropy,0.842069149017334,Pong1PQFM_XObs_entangled_trainable_rzz_QLayers_5___seed_1_1761468207
5603328,1-Training-Losses/entropy,0.8240582346916199,Pong1PQFM_XObs_entangled_trainable_rzz_QLayers_5___seed_1_1761468207
5607424,1-Training-Losses/entropy,0.8411528468132019,Pong1PQFM_XObs_entangled_trainable_rzz_QLayers_5___seed_1_1761468207
5611520,1-Training-Losses/entropy,0.8245905637741089,Pong1PQFM_XObs_entangled_trainable_rzz_QLayers_5___seed_1_1761468207
5615616,1-Training-Losses/entropy,0.7794767022132874,Pong1PQFM_XObs_entangled_trainable_rzz_QLayers_5___seed_1_1761468207
5619712,1-Training-Losses/entropy,0.8234654068946838,Pong1PQFM_XObs_entangled_trainable_rzz_QLayers_5___seed_1_1761468207
5623808,1-Training-Losses/entropy,0.8360087871551514,Pong1PQFM_XObs_entangled_trainable_rzz_QLayers_5___seed_1_1761468207
5627904,1-Training-Losses/entropy,0.8343791961669922,Pong1PQFM_XObs_entangled_trainable_rzz_QLayers_5___seed_1_1761468207
5632000,1-Training-Losses/entropy,0.8204565048217773,Pong1PQFM_XObs_entangled_trainable_rzz_QLayers_5___seed_1_1761468207
5636096,1-Training-Losses/entropy,0.8246066570281982,Pong1PQFM_XObs_entangled_trainable_rzz_QLayers_5___seed_1_1761468207
5640192,1-Training-Losses/entropy,0.8228517174720764,Pong1PQFM_XObs_entangled_trainable_rzz_QLayers_5___seed_1_1761468207
5644288,1-Training-Losses/entropy,0.836025059223175,Pong1PQFM_XObs_entangled_trainable_rzz_QLayers_5___seed_1_1761468207
5648384,1-Training-Losses/entropy,0.8312219381332397,Pong1PQFM_XObs_entangled_trainable_rzz_QLayers_5___seed_1_1761468207
5652480,1-Training-Losses/entropy,0.8395318984985352,Pong1PQFM_XObs_entangled_trainable_rzz_QLayers_5___seed_1_1761468207
5656576,1-Training-Losses/entropy,0.8527485728263855,Pong1PQFM_XObs_entangled_trainable_rzz_QLayers_5___seed_1_1761468207
5660672,1-Training-Losses/entropy,0.80884850025177,Pong1PQFM_XObs_entangled_trainable_rzz_QLayers_5___seed_1_1761468207
5664768,1-Training-Losses/entropy,0.8262639045715332,Pong1PQFM_XObs_entangled_trainable_rzz_QLayers_5___seed_1_1761468207
5668864,1-Training-Losses/entropy,0.796686053276062,Pong1PQFM_XObs_entangled_trainable_rzz_QLayers_5___seed_1_1761468207
5672960,1-Training-Losses/entropy,0.8393625617027283,Pong1PQFM_XObs_entangled_trainable_rzz_QLayers_5___seed_1_1761468207
5677056,1-Training-Losses/entropy,0.8534639477729797,Pong1PQFM_XObs_entangled_trainable_rzz_QLayers_5___seed_1_1761468207
5681152,1-Training-Losses/entropy,0.8412936329841614,Pong1PQFM_XObs_entangled_trainable_rzz_QLayers_5___seed_1_1761468207
5685248,1-Training-Losses/entropy,0.8051797151565552,Pong1PQFM_XObs_entangled_trainable_rzz_QLayers_5___seed_1_1761468207
5689344,1-Training-Losses/entropy,0.8106204271316528,Pong1PQFM_XObs_entangled_trainable_rzz_QLayers_5___seed_1_1761468207
5693440,1-Training-Losses/entropy,0.8593263626098633,Pong1PQFM_XObs_entangled_trainable_rzz_QLayers_5___seed_1_1761468207
5697536,1-Training-Losses/entropy,0.8468387722969055,Pong1PQFM_XObs_entangled_trainable_rzz_QLayers_5___seed_1_1761468207
5701632,1-Training-Losses/entropy,0.8391830921173096,Pong1PQFM_XObs_entangled_trainable_rzz_QLayers_5___seed_1_1761468207
5705728,1-Training-Losses/entropy,0.8178424835205078,Pong1PQFM_XObs_entangled_trainable_rzz_QLayers_5___seed_1_1761468207
5709824,1-Training-Losses/entropy,0.8523926138877869,Pong1PQFM_XObs_entangled_trainable_rzz_QLayers_5___seed_1_1761468207
5713920,1-Training-Losses/entropy,0.8535322546958923,Pong1PQFM_XObs_entangled_trainable_rzz_QLayers_5___seed_1_1761468207
5718016,1-Training-Losses/entropy,0.8052183389663696,Pong1PQFM_XObs_entangled_trainable_rzz_QLayers_5___seed_1_1761468207
5722112,1-Training-Losses/entropy,0.8186252117156982,Pong1PQFM_XObs_entangled_trainable_rzz_QLayers_5___seed_1_1761468207
5726208,1-Training-Losses/entropy,0.8122169971466064,Pong1PQFM_XObs_entangled_trainable_rzz_QLayers_5___seed_1_1761468207
5730304,1-Training-Losses/entropy,0.8126385807991028,Pong1PQFM_XObs_entangled_trainable_rzz_QLayers_5___seed_1_1761468207
5734400,1-Training-Losses/entropy,0.8098433017730713,Pong1PQFM_XObs_entangled_trainable_rzz_QLayers_5___seed_1_1761468207
5738496,1-Training-Losses/entropy,0.8514636158943176,Pong1PQFM_XObs_entangled_trainable_rzz_QLayers_5___seed_1_1761468207
5742592,1-Training-Losses/entropy,0.8167920112609863,Pong1PQFM_XObs_entangled_trainable_rzz_QLayers_5___seed_1_1761468207
5746688,1-Training-Losses/entropy,0.8202323913574219,Pong1PQFM_XObs_entangled_trainable_rzz_QLayers_5___seed_1_1761468207
5750784,1-Training-Losses/entropy,0.8643695116043091,Pong1PQFM_XObs_entangled_trainable_rzz_QLayers_5___seed_1_1761468207
5754880,1-Training-Losses/entropy,0.811565637588501,Pong1PQFM_XObs_entangled_trainable_rzz_QLayers_5___seed_1_1761468207
5758976,1-Training-Losses/entropy,0.8028015494346619,Pong1PQFM_XObs_entangled_trainable_rzz_QLayers_5___seed_1_1761468207
5763072,1-Training-Losses/entropy,0.8197449445724487,Pong1PQFM_XObs_entangled_trainable_rzz_QLayers_5___seed_1_1761468207
5767168,1-Training-Losses/entropy,0.8375980854034424,Pong1PQFM_XObs_entangled_trainable_rzz_QLayers_5___seed_1_1761468207
5771264,1-Training-Losses/entropy,0.8407211303710938,Pong1PQFM_XObs_entangled_trainable_rzz_QLayers_5___seed_1_1761468207
5775360,1-Training-Losses/entropy,0.8484845161437988,Pong1PQFM_XObs_entangled_trainable_rzz_QLayers_5___seed_1_1761468207
5779456,1-Training-Losses/entropy,0.8287985920906067,Pong1PQFM_XObs_entangled_trainable_rzz_QLayers_5___seed_1_1761468207
5783552,1-Training-Losses/entropy,0.8018174767494202,Pong1PQFM_XObs_entangled_trainable_rzz_QLayers_5___seed_1_1761468207
5787648,1-Training-Losses/entropy,0.824478030204773,Pong1PQFM_XObs_entangled_trainable_rzz_QLayers_5___seed_1_1761468207
5791744,1-Training-Losses/entropy,0.7820988893508911,Pong1PQFM_XObs_entangled_trainable_rzz_QLayers_5___seed_1_1761468207
5795840,1-Training-Losses/entropy,0.8250601887702942,Pong1PQFM_XObs_entangled_trainable_rzz_QLayers_5___seed_1_1761468207
5799936,1-Training-Losses/entropy,0.8534282445907593,Pong1PQFM_XObs_entangled_trainable_rzz_QLayers_5___seed_1_1761468207
5804032,1-Training-Losses/entropy,0.7999302744865417,Pong1PQFM_XObs_entangled_trainable_rzz_QLayers_5___seed_1_1761468207
5808128,1-Training-Losses/entropy,0.8286336660385132,Pong1PQFM_XObs_entangled_trainable_rzz_QLayers_5___seed_1_1761468207
5812224,1-Training-Losses/entropy,0.8263691067695618,Pong1PQFM_XObs_entangled_trainable_rzz_QLayers_5___seed_1_1761468207
5816320,1-Training-Losses/entropy,0.8185334205627441,Pong1PQFM_XObs_entangled_trainable_rzz_QLayers_5___seed_1_1761468207
5820416,1-Training-Losses/entropy,0.8574995994567871,Pong1PQFM_XObs_entangled_trainable_rzz_QLayers_5___seed_1_1761468207
5824512,1-Training-Losses/entropy,0.8408224582672119,Pong1PQFM_XObs_entangled_trainable_rzz_QLayers_5___seed_1_1761468207
5828608,1-Training-Losses/entropy,0.839676022529602,Pong1PQFM_XObs_entangled_trainable_rzz_QLayers_5___seed_1_1761468207
5832704,1-Training-Losses/entropy,0.8601720333099365,Pong1PQFM_XObs_entangled_trainable_rzz_QLayers_5___seed_1_1761468207
5836800,1-Training-Losses/entropy,0.8226096630096436,Pong1PQFM_XObs_entangled_trainable_rzz_QLayers_5___seed_1_1761468207
5840896,1-Training-Losses/entropy,0.7853021025657654,Pong1PQFM_XObs_entangled_trainable_rzz_QLayers_5___seed_1_1761468207
5844992,1-Training-Losses/entropy,0.8343117237091064,Pong1PQFM_XObs_entangled_trainable_rzz_QLayers_5___seed_1_1761468207
5849088,1-Training-Losses/entropy,0.8221229314804077,Pong1PQFM_XObs_entangled_trainable_rzz_QLayers_5___seed_1_1761468207
5853184,1-Training-Losses/entropy,0.7732343673706055,Pong1PQFM_XObs_entangled_trainable_rzz_QLayers_5___seed_1_1761468207
5857280,1-Training-Losses/entropy,0.7986550331115723,Pong1PQFM_XObs_entangled_trainable_rzz_QLayers_5___seed_1_1761468207
5861376,1-Training-Losses/entropy,0.8297866582870483,Pong1PQFM_XObs_entangled_trainable_rzz_QLayers_5___seed_1_1761468207
5865472,1-Training-Losses/entropy,0.8199101686477661,Pong1PQFM_XObs_entangled_trainable_rzz_QLayers_5___seed_1_1761468207
5869568,1-Training-Losses/entropy,0.8254165053367615,Pong1PQFM_XObs_entangled_trainable_rzz_QLayers_5___seed_1_1761468207
5873664,1-Training-Losses/entropy,0.7887868285179138,Pong1PQFM_XObs_entangled_trainable_rzz_QLayers_5___seed_1_1761468207
5877760,1-Training-Losses/entropy,0.8240898847579956,Pong1PQFM_XObs_entangled_trainable_rzz_QLayers_5___seed_1_1761468207
5881856,1-Training-Losses/entropy,0.8394485712051392,Pong1PQFM_XObs_entangled_trainable_rzz_QLayers_5___seed_1_1761468207
5885952,1-Training-Losses/entropy,0.8329001665115356,Pong1PQFM_XObs_entangled_trainable_rzz_QLayers_5___seed_1_1761468207
5890048,1-Training-Losses/entropy,0.7841107845306396,Pong1PQFM_XObs_entangled_trainable_rzz_QLayers_5___seed_1_1761468207
5894144,1-Training-Losses/entropy,0.8200739026069641,Pong1PQFM_XObs_entangled_trainable_rzz_QLayers_5___seed_1_1761468207
5898240,1-Training-Losses/entropy,0.7972805500030518,Pong1PQFM_XObs_entangled_trainable_rzz_QLayers_5___seed_1_1761468207
5902336,1-Training-Losses/entropy,0.8267982006072998,Pong1PQFM_XObs_entangled_trainable_rzz_QLayers_5___seed_1_1761468207
5906432,1-Training-Losses/entropy,0.8138478994369507,Pong1PQFM_XObs_entangled_trainable_rzz_QLayers_5___seed_1_1761468207
5910528,1-Training-Losses/entropy,0.834201455116272,Pong1PQFM_XObs_entangled_trainable_rzz_QLayers_5___seed_1_1761468207
5914624,1-Training-Losses/entropy,0.8254585266113281,Pong1PQFM_XObs_entangled_trainable_rzz_QLayers_5___seed_1_1761468207
5918720,1-Training-Losses/entropy,0.7927414178848267,Pong1PQFM_XObs_entangled_trainable_rzz_QLayers_5___seed_1_1761468207
5922816,1-Training-Losses/entropy,0.8165575861930847,Pong1PQFM_XObs_entangled_trainable_rzz_QLayers_5___seed_1_1761468207
5926912,1-Training-Losses/entropy,0.8231841325759888,Pong1PQFM_XObs_entangled_trainable_rzz_QLayers_5___seed_1_1761468207
5931008,1-Training-Losses/entropy,0.8335834741592407,Pong1PQFM_XObs_entangled_trainable_rzz_QLayers_5___seed_1_1761468207
5935104,1-Training-Losses/entropy,0.8287568092346191,Pong1PQFM_XObs_entangled_trainable_rzz_QLayers_5___seed_1_1761468207
5939200,1-Training-Losses/entropy,0.8212039470672607,Pong1PQFM_XObs_entangled_trainable_rzz_QLayers_5___seed_1_1761468207
5943296,1-Training-Losses/entropy,0.8513500094413757,Pong1PQFM_XObs_entangled_trainable_rzz_QLayers_5___seed_1_1761468207
5947392,1-Training-Losses/entropy,0.8504067063331604,Pong1PQFM_XObs_entangled_trainable_rzz_QLayers_5___seed_1_1761468207
5951488,1-Training-Losses/entropy,0.8143829107284546,Pong1PQFM_XObs_entangled_trainable_rzz_QLayers_5___seed_1_1761468207
5955584,1-Training-Losses/entropy,0.7909233570098877,Pong1PQFM_XObs_entangled_trainable_rzz_QLayers_5___seed_1_1761468207
5959680,1-Training-Losses/entropy,0.8136522769927979,Pong1PQFM_XObs_entangled_trainable_rzz_QLayers_5___seed_1_1761468207
5963776,1-Training-Losses/entropy,0.8179594874382019,Pong1PQFM_XObs_entangled_trainable_rzz_QLayers_5___seed_1_1761468207
5967872,1-Training-Losses/entropy,0.8281769752502441,Pong1PQFM_XObs_entangled_trainable_rzz_QLayers_5___seed_1_1761468207
5971968,1-Training-Losses/entropy,0.8369287252426147,Pong1PQFM_XObs_entangled_trainable_rzz_QLayers_5___seed_1_1761468207
5976064,1-Training-Losses/entropy,0.8392503261566162,Pong1PQFM_XObs_entangled_trainable_rzz_QLayers_5___seed_1_1761468207
5980160,1-Training-Losses/entropy,0.8387341499328613,Pong1PQFM_XObs_entangled_trainable_rzz_QLayers_5___seed_1_1761468207
5984256,1-Training-Losses/entropy,0.860826313495636,Pong1PQFM_XObs_entangled_trainable_rzz_QLayers_5___seed_1_1761468207
5988352,1-Training-Losses/entropy,0.8075776100158691,Pong1PQFM_XObs_entangled_trainable_rzz_QLayers_5___seed_1_1761468207
5992448,1-Training-Losses/entropy,0.8483496308326721,Pong1PQFM_XObs_entangled_trainable_rzz_QLayers_5___seed_1_1761468207
5996544,1-Training-Losses/entropy,0.8310478329658508,Pong1PQFM_XObs_entangled_trainable_rzz_QLayers_5___seed_1_1761468207
6000640,1-Training-Losses/entropy,0.8386189937591553,Pong1PQFM_XObs_entangled_trainable_rzz_QLayers_5___seed_1_1761468207
6004736,1-Training-Losses/entropy,0.8026553392410278,Pong1PQFM_XObs_entangled_trainable_rzz_QLayers_5___seed_1_1761468207
6008832,1-Training-Losses/entropy,0.8414276838302612,Pong1PQFM_XObs_entangled_trainable_rzz_QLayers_5___seed_1_1761468207
6012928,1-Training-Losses/entropy,0.8329998254776001,Pong1PQFM_XObs_entangled_trainable_rzz_QLayers_5___seed_1_1761468207
6017024,1-Training-Losses/entropy,0.8250107765197754,Pong1PQFM_XObs_entangled_trainable_rzz_QLayers_5___seed_1_1761468207
6021120,1-Training-Losses/entropy,0.8048378229141235,Pong1PQFM_XObs_entangled_trainable_rzz_QLayers_5___seed_1_1761468207
6025216,1-Training-Losses/entropy,0.8373450636863708,Pong1PQFM_XObs_entangled_trainable_rzz_QLayers_5___seed_1_1761468207
6029312,1-Training-Losses/entropy,0.8637706637382507,Pong1PQFM_XObs_entangled_trainable_rzz_QLayers_5___seed_1_1761468207
6033408,1-Training-Losses/entropy,0.7812336683273315,Pong1PQFM_XObs_entangled_trainable_rzz_QLayers_5___seed_1_1761468207
6037504,1-Training-Losses/entropy,0.8160698413848877,Pong1PQFM_XObs_entangled_trainable_rzz_QLayers_5___seed_1_1761468207
6041600,1-Training-Losses/entropy,0.8452740907669067,Pong1PQFM_XObs_entangled_trainable_rzz_QLayers_5___seed_1_1761468207
6045696,1-Training-Losses/entropy,0.8350874185562134,Pong1PQFM_XObs_entangled_trainable_rzz_QLayers_5___seed_1_1761468207
6049792,1-Training-Losses/entropy,0.7834124565124512,Pong1PQFM_XObs_entangled_trainable_rzz_QLayers_5___seed_1_1761468207
6053888,1-Training-Losses/entropy,0.8116731643676758,Pong1PQFM_XObs_entangled_trainable_rzz_QLayers_5___seed_1_1761468207
6057984,1-Training-Losses/entropy,0.7940397262573242,Pong1PQFM_XObs_entangled_trainable_rzz_QLayers_5___seed_1_1761468207
6062080,1-Training-Losses/entropy,0.8471869826316833,Pong1PQFM_XObs_entangled_trainable_rzz_QLayers_5___seed_1_1761468207
6066176,1-Training-Losses/entropy,0.8773503303527832,Pong1PQFM_XObs_entangled_trainable_rzz_QLayers_5___seed_1_1761468207
6070272,1-Training-Losses/entropy,0.8344836235046387,Pong1PQFM_XObs_entangled_trainable_rzz_QLayers_5___seed_1_1761468207
6074368,1-Training-Losses/entropy,0.8225106596946716,Pong1PQFM_XObs_entangled_trainable_rzz_QLayers_5___seed_1_1761468207
6078464,1-Training-Losses/entropy,0.8540346622467041,Pong1PQFM_XObs_entangled_trainable_rzz_QLayers_5___seed_1_1761468207
6082560,1-Training-Losses/entropy,0.8538823127746582,Pong1PQFM_XObs_entangled_trainable_rzz_QLayers_5___seed_1_1761468207
6086656,1-Training-Losses/entropy,0.8107233643531799,Pong1PQFM_XObs_entangled_trainable_rzz_QLayers_5___seed_1_1761468207
6090752,1-Training-Losses/entropy,0.8195147514343262,Pong1PQFM_XObs_entangled_trainable_rzz_QLayers_5___seed_1_1761468207
6094848,1-Training-Losses/entropy,0.8173630237579346,Pong1PQFM_XObs_entangled_trainable_rzz_QLayers_5___seed_1_1761468207
6098944,1-Training-Losses/entropy,0.7991237640380859,Pong1PQFM_XObs_entangled_trainable_rzz_QLayers_5___seed_1_1761468207
6103040,1-Training-Losses/entropy,0.8248050808906555,Pong1PQFM_XObs_entangled_trainable_rzz_QLayers_5___seed_1_1761468207
6107136,1-Training-Losses/entropy,0.8121165633201599,Pong1PQFM_XObs_entangled_trainable_rzz_QLayers_5___seed_1_1761468207
6111232,1-Training-Losses/entropy,0.818160355091095,Pong1PQFM_XObs_entangled_trainable_rzz_QLayers_5___seed_1_1761468207
6115328,1-Training-Losses/entropy,0.7708244323730469,Pong1PQFM_XObs_entangled_trainable_rzz_QLayers_5___seed_1_1761468207
6119424,1-Training-Losses/entropy,0.8362963199615479,Pong1PQFM_XObs_entangled_trainable_rzz_QLayers_5___seed_1_1761468207
6123520,1-Training-Losses/entropy,0.8104417324066162,Pong1PQFM_XObs_entangled_trainable_rzz_QLayers_5___seed_1_1761468207
6127616,1-Training-Losses/entropy,0.8076835870742798,Pong1PQFM_XObs_entangled_trainable_rzz_QLayers_5___seed_1_1761468207
6131712,1-Training-Losses/entropy,0.8073930740356445,Pong1PQFM_XObs_entangled_trainable_rzz_QLayers_5___seed_1_1761468207
6135808,1-Training-Losses/entropy,0.8034924268722534,Pong1PQFM_XObs_entangled_trainable_rzz_QLayers_5___seed_1_1761468207
6139904,1-Training-Losses/entropy,0.8121169805526733,Pong1PQFM_XObs_entangled_trainable_rzz_QLayers_5___seed_1_1761468207
6144000,1-Training-Losses/entropy,0.8102244138717651,Pong1PQFM_XObs_entangled_trainable_rzz_QLayers_5___seed_1_1761468207
6148096,1-Training-Losses/entropy,0.8258236646652222,Pong1PQFM_XObs_entangled_trainable_rzz_QLayers_5___seed_1_1761468207
6152192,1-Training-Losses/entropy,0.8059268593788147,Pong1PQFM_XObs_entangled_trainable_rzz_QLayers_5___seed_1_1761468207
6156288,1-Training-Losses/entropy,0.8137638568878174,Pong1PQFM_XObs_entangled_trainable_rzz_QLayers_5___seed_1_1761468207
6160384,1-Training-Losses/entropy,0.8172101974487305,Pong1PQFM_XObs_entangled_trainable_rzz_QLayers_5___seed_1_1761468207
6164480,1-Training-Losses/entropy,0.7953686714172363,Pong1PQFM_XObs_entangled_trainable_rzz_QLayers_5___seed_1_1761468207
6168576,1-Training-Losses/entropy,0.8236078023910522,Pong1PQFM_XObs_entangled_trainable_rzz_QLayers_5___seed_1_1761468207
6172672,1-Training-Losses/entropy,0.831734299659729,Pong1PQFM_XObs_entangled_trainable_rzz_QLayers_5___seed_1_1761468207
6176768,1-Training-Losses/entropy,0.8263689875602722,Pong1PQFM_XObs_entangled_trainable_rzz_QLayers_5___seed_1_1761468207
6180864,1-Training-Losses/entropy,0.8210870027542114,Pong1PQFM_XObs_entangled_trainable_rzz_QLayers_5___seed_1_1761468207
6184960,1-Training-Losses/entropy,0.8244152069091797,Pong1PQFM_XObs_entangled_trainable_rzz_QLayers_5___seed_1_1761468207
6189056,1-Training-Losses/entropy,0.7866411209106445,Pong1PQFM_XObs_entangled_trainable_rzz_QLayers_5___seed_1_1761468207
6193152,1-Training-Losses/entropy,0.8560725450515747,Pong1PQFM_XObs_entangled_trainable_rzz_QLayers_5___seed_1_1761468207
6197248,1-Training-Losses/entropy,0.8569425344467163,Pong1PQFM_XObs_entangled_trainable_rzz_QLayers_5___seed_1_1761468207
6201344,1-Training-Losses/entropy,0.8465361595153809,Pong1PQFM_XObs_entangled_trainable_rzz_QLayers_5___seed_1_1761468207
6205440,1-Training-Losses/entropy,0.8338025808334351,Pong1PQFM_XObs_entangled_trainable_rzz_QLayers_5___seed_1_1761468207
6209536,1-Training-Losses/entropy,0.8438336849212646,Pong1PQFM_XObs_entangled_trainable_rzz_QLayers_5___seed_1_1761468207
6213632,1-Training-Losses/entropy,0.8547953367233276,Pong1PQFM_XObs_entangled_trainable_rzz_QLayers_5___seed_1_1761468207
6217728,1-Training-Losses/entropy,0.8292031288146973,Pong1PQFM_XObs_entangled_trainable_rzz_QLayers_5___seed_1_1761468207
6221824,1-Training-Losses/entropy,0.8185664415359497,Pong1PQFM_XObs_entangled_trainable_rzz_QLayers_5___seed_1_1761468207
6225920,1-Training-Losses/entropy,0.8350995779037476,Pong1PQFM_XObs_entangled_trainable_rzz_QLayers_5___seed_1_1761468207
6230016,1-Training-Losses/entropy,0.8254169225692749,Pong1PQFM_XObs_entangled_trainable_rzz_QLayers_5___seed_1_1761468207
6234112,1-Training-Losses/entropy,0.8151080012321472,Pong1PQFM_XObs_entangled_trainable_rzz_QLayers_5___seed_1_1761468207
6238208,1-Training-Losses/entropy,0.8249199390411377,Pong1PQFM_XObs_entangled_trainable_rzz_QLayers_5___seed_1_1761468207
6242304,1-Training-Losses/entropy,0.7877990007400513,Pong1PQFM_XObs_entangled_trainable_rzz_QLayers_5___seed_1_1761468207
6246400,1-Training-Losses/entropy,0.7796812057495117,Pong1PQFM_XObs_entangled_trainable_rzz_QLayers_5___seed_1_1761468207
6250496,1-Training-Losses/entropy,0.7932964563369751,Pong1PQFM_XObs_entangled_trainable_rzz_QLayers_5___seed_1_1761468207
6254592,1-Training-Losses/entropy,0.8105655312538147,Pong1PQFM_XObs_entangled_trainable_rzz_QLayers_5___seed_1_1761468207
6258688,1-Training-Losses/entropy,0.839343786239624,Pong1PQFM_XObs_entangled_trainable_rzz_QLayers_5___seed_1_1761468207
6262784,1-Training-Losses/entropy,0.8303359150886536,Pong1PQFM_XObs_entangled_trainable_rzz_QLayers_5___seed_1_1761468207
6266880,1-Training-Losses/entropy,0.8267239332199097,Pong1PQFM_XObs_entangled_trainable_rzz_QLayers_5___seed_1_1761468207
6270976,1-Training-Losses/entropy,0.830241322517395,Pong1PQFM_XObs_entangled_trainable_rzz_QLayers_5___seed_1_1761468207
6275072,1-Training-Losses/entropy,0.7926327586174011,Pong1PQFM_XObs_entangled_trainable_rzz_QLayers_5___seed_1_1761468207
6279168,1-Training-Losses/entropy,0.8407247066497803,Pong1PQFM_XObs_entangled_trainable_rzz_QLayers_5___seed_1_1761468207
6283264,1-Training-Losses/entropy,0.8008212447166443,Pong1PQFM_XObs_entangled_trainable_rzz_QLayers_5___seed_1_1761468207
6287360,1-Training-Losses/entropy,0.8211833238601685,Pong1PQFM_XObs_entangled_trainable_rzz_QLayers_5___seed_1_1761468207
6291456,1-Training-Losses/entropy,0.8214855194091797,Pong1PQFM_XObs_entangled_trainable_rzz_QLayers_5___seed_1_1761468207
6295552,1-Training-Losses/entropy,0.8243725895881653,Pong1PQFM_XObs_entangled_trainable_rzz_QLayers_5___seed_1_1761468207
6299648,1-Training-Losses/entropy,0.7829985618591309,Pong1PQFM_XObs_entangled_trainable_rzz_QLayers_5___seed_1_1761468207
6303744,1-Training-Losses/entropy,0.7475250363349915,Pong1PQFM_XObs_entangled_trainable_rzz_QLayers_5___seed_1_1761468207
6307840,1-Training-Losses/entropy,0.8183827996253967,Pong1PQFM_XObs_entangled_trainable_rzz_QLayers_5___seed_1_1761468207
6311936,1-Training-Losses/entropy,0.8137741088867188,Pong1PQFM_XObs_entangled_trainable_rzz_QLayers_5___seed_1_1761468207
6316032,1-Training-Losses/entropy,0.8004818558692932,Pong1PQFM_XObs_entangled_trainable_rzz_QLayers_5___seed_1_1761468207
6320128,1-Training-Losses/entropy,0.8298392295837402,Pong1PQFM_XObs_entangled_trainable_rzz_QLayers_5___seed_1_1761468207
6324224,1-Training-Losses/entropy,0.8411548137664795,Pong1PQFM_XObs_entangled_trainable_rzz_QLayers_5___seed_1_1761468207
6328320,1-Training-Losses/entropy,0.8139925599098206,Pong1PQFM_XObs_entangled_trainable_rzz_QLayers_5___seed_1_1761468207
6332416,1-Training-Losses/entropy,0.8176838159561157,Pong1PQFM_XObs_entangled_trainable_rzz_QLayers_5___seed_1_1761468207
6336512,1-Training-Losses/entropy,0.814120888710022,Pong1PQFM_XObs_entangled_trainable_rzz_QLayers_5___seed_1_1761468207
6340608,1-Training-Losses/entropy,0.7831526398658752,Pong1PQFM_XObs_entangled_trainable_rzz_QLayers_5___seed_1_1761468207
6344704,1-Training-Losses/entropy,0.8100162148475647,Pong1PQFM_XObs_entangled_trainable_rzz_QLayers_5___seed_1_1761468207
6348800,1-Training-Losses/entropy,0.8011325597763062,Pong1PQFM_XObs_entangled_trainable_rzz_QLayers_5___seed_1_1761468207
6352896,1-Training-Losses/entropy,0.8151201009750366,Pong1PQFM_XObs_entangled_trainable_rzz_QLayers_5___seed_1_1761468207
6356992,1-Training-Losses/entropy,0.7828195691108704,Pong1PQFM_XObs_entangled_trainable_rzz_QLayers_5___seed_1_1761468207
6361088,1-Training-Losses/entropy,0.791233241558075,Pong1PQFM_XObs_entangled_trainable_rzz_QLayers_5___seed_1_1761468207
6365184,1-Training-Losses/entropy,0.8112623691558838,Pong1PQFM_XObs_entangled_trainable_rzz_QLayers_5___seed_1_1761468207
6369280,1-Training-Losses/entropy,0.7928479909896851,Pong1PQFM_XObs_entangled_trainable_rzz_QLayers_5___seed_1_1761468207
6373376,1-Training-Losses/entropy,0.8020439743995667,Pong1PQFM_XObs_entangled_trainable_rzz_QLayers_5___seed_1_1761468207
6377472,1-Training-Losses/entropy,0.8311058282852173,Pong1PQFM_XObs_entangled_trainable_rzz_QLayers_5___seed_1_1761468207
6381568,1-Training-Losses/entropy,0.7778962254524231,Pong1PQFM_XObs_entangled_trainable_rzz_QLayers_5___seed_1_1761468207
6385664,1-Training-Losses/entropy,0.8356009125709534,Pong1PQFM_XObs_entangled_trainable_rzz_QLayers_5___seed_1_1761468207
6389760,1-Training-Losses/entropy,0.8474814295768738,Pong1PQFM_XObs_entangled_trainable_rzz_QLayers_5___seed_1_1761468207
6393856,1-Training-Losses/entropy,0.8186025619506836,Pong1PQFM_XObs_entangled_trainable_rzz_QLayers_5___seed_1_1761468207
6397952,1-Training-Losses/entropy,0.8355488777160645,Pong1PQFM_XObs_entangled_trainable_rzz_QLayers_5___seed_1_1761468207
6402048,1-Training-Losses/entropy,0.8088393211364746,Pong1PQFM_XObs_entangled_trainable_rzz_QLayers_5___seed_1_1761468207
6406144,1-Training-Losses/entropy,0.8243509531021118,Pong1PQFM_XObs_entangled_trainable_rzz_QLayers_5___seed_1_1761468207
6410240,1-Training-Losses/entropy,0.8167834877967834,Pong1PQFM_XObs_entangled_trainable_rzz_QLayers_5___seed_1_1761468207
6414336,1-Training-Losses/entropy,0.8109517693519592,Pong1PQFM_XObs_entangled_trainable_rzz_QLayers_5___seed_1_1761468207
6418432,1-Training-Losses/entropy,0.826292097568512,Pong1PQFM_XObs_entangled_trainable_rzz_QLayers_5___seed_1_1761468207
6422528,1-Training-Losses/entropy,0.8269539475440979,Pong1PQFM_XObs_entangled_trainable_rzz_QLayers_5___seed_1_1761468207
6426624,1-Training-Losses/entropy,0.834200382232666,Pong1PQFM_XObs_entangled_trainable_rzz_QLayers_5___seed_1_1761468207
6430720,1-Training-Losses/entropy,0.8153778314590454,Pong1PQFM_XObs_entangled_trainable_rzz_QLayers_5___seed_1_1761468207
6434816,1-Training-Losses/entropy,0.8254556655883789,Pong1PQFM_XObs_entangled_trainable_rzz_QLayers_5___seed_1_1761468207
6438912,1-Training-Losses/entropy,0.7764735221862793,Pong1PQFM_XObs_entangled_trainable_rzz_QLayers_5___seed_1_1761468207
6443008,1-Training-Losses/entropy,0.7759407162666321,Pong1PQFM_XObs_entangled_trainable_rzz_QLayers_5___seed_1_1761468207
6447104,1-Training-Losses/entropy,0.8043686747550964,Pong1PQFM_XObs_entangled_trainable_rzz_QLayers_5___seed_1_1761468207
6451200,1-Training-Losses/entropy,0.7899653911590576,Pong1PQFM_XObs_entangled_trainable_rzz_QLayers_5___seed_1_1761468207
6455296,1-Training-Losses/entropy,0.804590106010437,Pong1PQFM_XObs_entangled_trainable_rzz_QLayers_5___seed_1_1761468207
6459392,1-Training-Losses/entropy,0.7879701256752014,Pong1PQFM_XObs_entangled_trainable_rzz_QLayers_5___seed_1_1761468207
6463488,1-Training-Losses/entropy,0.7608625888824463,Pong1PQFM_XObs_entangled_trainable_rzz_QLayers_5___seed_1_1761468207
6467584,1-Training-Losses/entropy,0.8048918843269348,Pong1PQFM_XObs_entangled_trainable_rzz_QLayers_5___seed_1_1761468207
6471680,1-Training-Losses/entropy,0.8073585033416748,Pong1PQFM_XObs_entangled_trainable_rzz_QLayers_5___seed_1_1761468207
6475776,1-Training-Losses/entropy,0.8304560780525208,Pong1PQFM_XObs_entangled_trainable_rzz_QLayers_5___seed_1_1761468207
6479872,1-Training-Losses/entropy,0.791938066482544,Pong1PQFM_XObs_entangled_trainable_rzz_QLayers_5___seed_1_1761468207
6483968,1-Training-Losses/entropy,0.7746520042419434,Pong1PQFM_XObs_entangled_trainable_rzz_QLayers_5___seed_1_1761468207
6488064,1-Training-Losses/entropy,0.8020968437194824,Pong1PQFM_XObs_entangled_trainable_rzz_QLayers_5___seed_1_1761468207
6492160,1-Training-Losses/entropy,0.7630048990249634,Pong1PQFM_XObs_entangled_trainable_rzz_QLayers_5___seed_1_1761468207
6496256,1-Training-Losses/entropy,0.795158863067627,Pong1PQFM_XObs_entangled_trainable_rzz_QLayers_5___seed_1_1761468207
6500352,1-Training-Losses/entropy,0.7623457908630371,Pong1PQFM_XObs_entangled_trainable_rzz_QLayers_5___seed_1_1761468207
6504448,1-Training-Losses/entropy,0.8035034537315369,Pong1PQFM_XObs_entangled_trainable_rzz_QLayers_5___seed_1_1761468207
6508544,1-Training-Losses/entropy,0.8174229860305786,Pong1PQFM_XObs_entangled_trainable_rzz_QLayers_5___seed_1_1761468207
6512640,1-Training-Losses/entropy,0.8316441178321838,Pong1PQFM_XObs_entangled_trainable_rzz_QLayers_5___seed_1_1761468207
6516736,1-Training-Losses/entropy,0.7955805063247681,Pong1PQFM_XObs_entangled_trainable_rzz_QLayers_5___seed_1_1761468207
6520832,1-Training-Losses/entropy,0.7782204151153564,Pong1PQFM_XObs_entangled_trainable_rzz_QLayers_5___seed_1_1761468207
6524928,1-Training-Losses/entropy,0.8066378831863403,Pong1PQFM_XObs_entangled_trainable_rzz_QLayers_5___seed_1_1761468207
6529024,1-Training-Losses/entropy,0.8104329705238342,Pong1PQFM_XObs_entangled_trainable_rzz_QLayers_5___seed_1_1761468207
6533120,1-Training-Losses/entropy,0.7924256920814514,Pong1PQFM_XObs_entangled_trainable_rzz_QLayers_5___seed_1_1761468207
6537216,1-Training-Losses/entropy,0.7758394479751587,Pong1PQFM_XObs_entangled_trainable_rzz_QLayers_5___seed_1_1761468207
6541312,1-Training-Losses/entropy,0.7828646898269653,Pong1PQFM_XObs_entangled_trainable_rzz_QLayers_5___seed_1_1761468207
6545408,1-Training-Losses/entropy,0.7979961633682251,Pong1PQFM_XObs_entangled_trainable_rzz_QLayers_5___seed_1_1761468207
6549504,1-Training-Losses/entropy,0.8053778409957886,Pong1PQFM_XObs_entangled_trainable_rzz_QLayers_5___seed_1_1761468207
6553600,1-Training-Losses/entropy,0.8101879358291626,Pong1PQFM_XObs_entangled_trainable_rzz_QLayers_5___seed_1_1761468207
6557696,1-Training-Losses/entropy,0.8015453815460205,Pong1PQFM_XObs_entangled_trainable_rzz_QLayers_5___seed_1_1761468207
6561792,1-Training-Losses/entropy,0.8084076046943665,Pong1PQFM_XObs_entangled_trainable_rzz_QLayers_5___seed_1_1761468207
6565888,1-Training-Losses/entropy,0.8189089298248291,Pong1PQFM_XObs_entangled_trainable_rzz_QLayers_5___seed_1_1761468207
6569984,1-Training-Losses/entropy,0.7835707664489746,Pong1PQFM_XObs_entangled_trainable_rzz_QLayers_5___seed_1_1761468207
6574080,1-Training-Losses/entropy,0.8304070830345154,Pong1PQFM_XObs_entangled_trainable_rzz_QLayers_5___seed_1_1761468207
6578176,1-Training-Losses/entropy,0.8076764345169067,Pong1PQFM_XObs_entangled_trainable_rzz_QLayers_5___seed_1_1761468207
6582272,1-Training-Losses/entropy,0.7857638597488403,Pong1PQFM_XObs_entangled_trainable_rzz_QLayers_5___seed_1_1761468207
6586368,1-Training-Losses/entropy,0.8066613674163818,Pong1PQFM_XObs_entangled_trainable_rzz_QLayers_5___seed_1_1761468207
6590464,1-Training-Losses/entropy,0.8055497407913208,Pong1PQFM_XObs_entangled_trainable_rzz_QLayers_5___seed_1_1761468207
6594560,1-Training-Losses/entropy,0.793310284614563,Pong1PQFM_XObs_entangled_trainable_rzz_QLayers_5___seed_1_1761468207
6598656,1-Training-Losses/entropy,0.8175358176231384,Pong1PQFM_XObs_entangled_trainable_rzz_QLayers_5___seed_1_1761468207
6602752,1-Training-Losses/entropy,0.8108797073364258,Pong1PQFM_XObs_entangled_trainable_rzz_QLayers_5___seed_1_1761468207
6606848,1-Training-Losses/entropy,0.8090431690216064,Pong1PQFM_XObs_entangled_trainable_rzz_QLayers_5___seed_1_1761468207
6610944,1-Training-Losses/entropy,0.8185871839523315,Pong1PQFM_XObs_entangled_trainable_rzz_QLayers_5___seed_1_1761468207
6615040,1-Training-Losses/entropy,0.8256338238716125,Pong1PQFM_XObs_entangled_trainable_rzz_QLayers_5___seed_1_1761468207
6619136,1-Training-Losses/entropy,0.7960748672485352,Pong1PQFM_XObs_entangled_trainable_rzz_QLayers_5___seed_1_1761468207
6623232,1-Training-Losses/entropy,0.8042119145393372,Pong1PQFM_XObs_entangled_trainable_rzz_QLayers_5___seed_1_1761468207
6627328,1-Training-Losses/entropy,0.8415588140487671,Pong1PQFM_XObs_entangled_trainable_rzz_QLayers_5___seed_1_1761468207
6631424,1-Training-Losses/entropy,0.7917720675468445,Pong1PQFM_XObs_entangled_trainable_rzz_QLayers_5___seed_1_1761468207
6635520,1-Training-Losses/entropy,0.7736345529556274,Pong1PQFM_XObs_entangled_trainable_rzz_QLayers_5___seed_1_1761468207
6639616,1-Training-Losses/entropy,0.8054159879684448,Pong1PQFM_XObs_entangled_trainable_rzz_QLayers_5___seed_1_1761468207
6643712,1-Training-Losses/entropy,0.7757309675216675,Pong1PQFM_XObs_entangled_trainable_rzz_QLayers_5___seed_1_1761468207
6647808,1-Training-Losses/entropy,0.8296756148338318,Pong1PQFM_XObs_entangled_trainable_rzz_QLayers_5___seed_1_1761468207
6651904,1-Training-Losses/entropy,0.7927346229553223,Pong1PQFM_XObs_entangled_trainable_rzz_QLayers_5___seed_1_1761468207
6656000,1-Training-Losses/entropy,0.7868570685386658,Pong1PQFM_XObs_entangled_trainable_rzz_QLayers_5___seed_1_1761468207
6660096,1-Training-Losses/entropy,0.7761327028274536,Pong1PQFM_XObs_entangled_trainable_rzz_QLayers_5___seed_1_1761468207
6664192,1-Training-Losses/entropy,0.7929500341415405,Pong1PQFM_XObs_entangled_trainable_rzz_QLayers_5___seed_1_1761468207
6668288,1-Training-Losses/entropy,0.7875906825065613,Pong1PQFM_XObs_entangled_trainable_rzz_QLayers_5___seed_1_1761468207
6672384,1-Training-Losses/entropy,0.8332239985466003,Pong1PQFM_XObs_entangled_trainable_rzz_QLayers_5___seed_1_1761468207
6676480,1-Training-Losses/entropy,0.8162093162536621,Pong1PQFM_XObs_entangled_trainable_rzz_QLayers_5___seed_1_1761468207
6680576,1-Training-Losses/entropy,0.8091027736663818,Pong1PQFM_XObs_entangled_trainable_rzz_QLayers_5___seed_1_1761468207
6684672,1-Training-Losses/entropy,0.7957854270935059,Pong1PQFM_XObs_entangled_trainable_rzz_QLayers_5___seed_1_1761468207
6688768,1-Training-Losses/entropy,0.7948791980743408,Pong1PQFM_XObs_entangled_trainable_rzz_QLayers_5___seed_1_1761468207
6692864,1-Training-Losses/entropy,0.7966705560684204,Pong1PQFM_XObs_entangled_trainable_rzz_QLayers_5___seed_1_1761468207
6696960,1-Training-Losses/entropy,0.793035626411438,Pong1PQFM_XObs_entangled_trainable_rzz_QLayers_5___seed_1_1761468207
6701056,1-Training-Losses/entropy,0.7742776274681091,Pong1PQFM_XObs_entangled_trainable_rzz_QLayers_5___seed_1_1761468207
6705152,1-Training-Losses/entropy,0.7804263830184937,Pong1PQFM_XObs_entangled_trainable_rzz_QLayers_5___seed_1_1761468207
6709248,1-Training-Losses/entropy,0.8052873015403748,Pong1PQFM_XObs_entangled_trainable_rzz_QLayers_5___seed_1_1761468207
6713344,1-Training-Losses/entropy,0.7951871156692505,Pong1PQFM_XObs_entangled_trainable_rzz_QLayers_5___seed_1_1761468207
6717440,1-Training-Losses/entropy,0.7818921804428101,Pong1PQFM_XObs_entangled_trainable_rzz_QLayers_5___seed_1_1761468207
6721536,1-Training-Losses/entropy,0.7736448049545288,Pong1PQFM_XObs_entangled_trainable_rzz_QLayers_5___seed_1_1761468207
6725632,1-Training-Losses/entropy,0.7866314649581909,Pong1PQFM_XObs_entangled_trainable_rzz_QLayers_5___seed_1_1761468207
6729728,1-Training-Losses/entropy,0.8147541284561157,Pong1PQFM_XObs_entangled_trainable_rzz_QLayers_5___seed_1_1761468207
6733824,1-Training-Losses/entropy,0.8049416542053223,Pong1PQFM_XObs_entangled_trainable_rzz_QLayers_5___seed_1_1761468207
6737920,1-Training-Losses/entropy,0.7840770483016968,Pong1PQFM_XObs_entangled_trainable_rzz_QLayers_5___seed_1_1761468207
6742016,1-Training-Losses/entropy,0.8060530424118042,Pong1PQFM_XObs_entangled_trainable_rzz_QLayers_5___seed_1_1761468207
6746112,1-Training-Losses/entropy,0.801905632019043,Pong1PQFM_XObs_entangled_trainable_rzz_QLayers_5___seed_1_1761468207
6750208,1-Training-Losses/entropy,0.8043471574783325,Pong1PQFM_XObs_entangled_trainable_rzz_QLayers_5___seed_1_1761468207
6754304,1-Training-Losses/entropy,0.833548903465271,Pong1PQFM_XObs_entangled_trainable_rzz_QLayers_5___seed_1_1761468207
6758400,1-Training-Losses/entropy,0.7847563028335571,Pong1PQFM_XObs_entangled_trainable_rzz_QLayers_5___seed_1_1761468207
6762496,1-Training-Losses/entropy,0.7840279936790466,Pong1PQFM_XObs_entangled_trainable_rzz_QLayers_5___seed_1_1761468207
6766592,1-Training-Losses/entropy,0.8125393390655518,Pong1PQFM_XObs_entangled_trainable_rzz_QLayers_5___seed_1_1761468207
6770688,1-Training-Losses/entropy,0.7770566940307617,Pong1PQFM_XObs_entangled_trainable_rzz_QLayers_5___seed_1_1761468207
6774784,1-Training-Losses/entropy,0.8076984882354736,Pong1PQFM_XObs_entangled_trainable_rzz_QLayers_5___seed_1_1761468207
6778880,1-Training-Losses/entropy,0.7528225779533386,Pong1PQFM_XObs_entangled_trainable_rzz_QLayers_5___seed_1_1761468207
6782976,1-Training-Losses/entropy,0.7880035042762756,Pong1PQFM_XObs_entangled_trainable_rzz_QLayers_5___seed_1_1761468207
6787072,1-Training-Losses/entropy,0.7853939533233643,Pong1PQFM_XObs_entangled_trainable_rzz_QLayers_5___seed_1_1761468207
6791168,1-Training-Losses/entropy,0.8082189559936523,Pong1PQFM_XObs_entangled_trainable_rzz_QLayers_5___seed_1_1761468207
6795264,1-Training-Losses/entropy,0.747708261013031,Pong1PQFM_XObs_entangled_trainable_rzz_QLayers_5___seed_1_1761468207
6799360,1-Training-Losses/entropy,0.8018568754196167,Pong1PQFM_XObs_entangled_trainable_rzz_QLayers_5___seed_1_1761468207
6803456,1-Training-Losses/entropy,0.7998141050338745,Pong1PQFM_XObs_entangled_trainable_rzz_QLayers_5___seed_1_1761468207
6807552,1-Training-Losses/entropy,0.7839733362197876,Pong1PQFM_XObs_entangled_trainable_rzz_QLayers_5___seed_1_1761468207
6811648,1-Training-Losses/entropy,0.8140130043029785,Pong1PQFM_XObs_entangled_trainable_rzz_QLayers_5___seed_1_1761468207
6815744,1-Training-Losses/entropy,0.7598485946655273,Pong1PQFM_XObs_entangled_trainable_rzz_QLayers_5___seed_1_1761468207
6819840,1-Training-Losses/entropy,0.7758976221084595,Pong1PQFM_XObs_entangled_trainable_rzz_QLayers_5___seed_1_1761468207
6823936,1-Training-Losses/entropy,0.7601819038391113,Pong1PQFM_XObs_entangled_trainable_rzz_QLayers_5___seed_1_1761468207
6828032,1-Training-Losses/entropy,0.7849189043045044,Pong1PQFM_XObs_entangled_trainable_rzz_QLayers_5___seed_1_1761468207
6832128,1-Training-Losses/entropy,0.7943342924118042,Pong1PQFM_XObs_entangled_trainable_rzz_QLayers_5___seed_1_1761468207
6836224,1-Training-Losses/entropy,0.8127855062484741,Pong1PQFM_XObs_entangled_trainable_rzz_QLayers_5___seed_1_1761468207
6840320,1-Training-Losses/entropy,0.8035054206848145,Pong1PQFM_XObs_entangled_trainable_rzz_QLayers_5___seed_1_1761468207
6844416,1-Training-Losses/entropy,0.787580132484436,Pong1PQFM_XObs_entangled_trainable_rzz_QLayers_5___seed_1_1761468207
6848512,1-Training-Losses/entropy,0.8365791440010071,Pong1PQFM_XObs_entangled_trainable_rzz_QLayers_5___seed_1_1761468207
6852608,1-Training-Losses/entropy,0.7585465908050537,Pong1PQFM_XObs_entangled_trainable_rzz_QLayers_5___seed_1_1761468207
6856704,1-Training-Losses/entropy,0.767290472984314,Pong1PQFM_XObs_entangled_trainable_rzz_QLayers_5___seed_1_1761468207
6860800,1-Training-Losses/entropy,0.7865158319473267,Pong1PQFM_XObs_entangled_trainable_rzz_QLayers_5___seed_1_1761468207
6864896,1-Training-Losses/entropy,0.7521718144416809,Pong1PQFM_XObs_entangled_trainable_rzz_QLayers_5___seed_1_1761468207
6868992,1-Training-Losses/entropy,0.75047767162323,Pong1PQFM_XObs_entangled_trainable_rzz_QLayers_5___seed_1_1761468207
6873088,1-Training-Losses/entropy,0.7730056047439575,Pong1PQFM_XObs_entangled_trainable_rzz_QLayers_5___seed_1_1761468207
6877184,1-Training-Losses/entropy,0.7747156620025635,Pong1PQFM_XObs_entangled_trainable_rzz_QLayers_5___seed_1_1761468207
6881280,1-Training-Losses/entropy,0.758759617805481,Pong1PQFM_XObs_entangled_trainable_rzz_QLayers_5___seed_1_1761468207
6885376,1-Training-Losses/entropy,0.766538143157959,Pong1PQFM_XObs_entangled_trainable_rzz_QLayers_5___seed_1_1761468207
6889472,1-Training-Losses/entropy,0.7374486923217773,Pong1PQFM_XObs_entangled_trainable_rzz_QLayers_5___seed_1_1761468207
6893568,1-Training-Losses/entropy,0.766936719417572,Pong1PQFM_XObs_entangled_trainable_rzz_QLayers_5___seed_1_1761468207
6897664,1-Training-Losses/entropy,0.7917473316192627,Pong1PQFM_XObs_entangled_trainable_rzz_QLayers_5___seed_1_1761468207
6901760,1-Training-Losses/entropy,0.7924347519874573,Pong1PQFM_XObs_entangled_trainable_rzz_QLayers_5___seed_1_1761468207
6905856,1-Training-Losses/entropy,0.7824844121932983,Pong1PQFM_XObs_entangled_trainable_rzz_QLayers_5___seed_1_1761468207
6909952,1-Training-Losses/entropy,0.8023867607116699,Pong1PQFM_XObs_entangled_trainable_rzz_QLayers_5___seed_1_1761468207
6914048,1-Training-Losses/entropy,0.7833346128463745,Pong1PQFM_XObs_entangled_trainable_rzz_QLayers_5___seed_1_1761468207
6918144,1-Training-Losses/entropy,0.798834502696991,Pong1PQFM_XObs_entangled_trainable_rzz_QLayers_5___seed_1_1761468207
6922240,1-Training-Losses/entropy,0.7874860167503357,Pong1PQFM_XObs_entangled_trainable_rzz_QLayers_5___seed_1_1761468207
6926336,1-Training-Losses/entropy,0.7775855660438538,Pong1PQFM_XObs_entangled_trainable_rzz_QLayers_5___seed_1_1761468207
6930432,1-Training-Losses/entropy,0.7416046857833862,Pong1PQFM_XObs_entangled_trainable_rzz_QLayers_5___seed_1_1761468207
6934528,1-Training-Losses/entropy,0.7340133190155029,Pong1PQFM_XObs_entangled_trainable_rzz_QLayers_5___seed_1_1761468207
6938624,1-Training-Losses/entropy,0.8030492663383484,Pong1PQFM_XObs_entangled_trainable_rzz_QLayers_5___seed_1_1761468207
6942720,1-Training-Losses/entropy,0.7938429117202759,Pong1PQFM_XObs_entangled_trainable_rzz_QLayers_5___seed_1_1761468207
6946816,1-Training-Losses/entropy,0.8104279041290283,Pong1PQFM_XObs_entangled_trainable_rzz_QLayers_5___seed_1_1761468207
6950912,1-Training-Losses/entropy,0.8076591491699219,Pong1PQFM_XObs_entangled_trainable_rzz_QLayers_5___seed_1_1761468207
6955008,1-Training-Losses/entropy,0.7832449674606323,Pong1PQFM_XObs_entangled_trainable_rzz_QLayers_5___seed_1_1761468207
6959104,1-Training-Losses/entropy,0.7642337083816528,Pong1PQFM_XObs_entangled_trainable_rzz_QLayers_5___seed_1_1761468207
6963200,1-Training-Losses/entropy,0.7400727868080139,Pong1PQFM_XObs_entangled_trainable_rzz_QLayers_5___seed_1_1761468207
6967296,1-Training-Losses/entropy,0.7461074590682983,Pong1PQFM_XObs_entangled_trainable_rzz_QLayers_5___seed_1_1761468207
6971392,1-Training-Losses/entropy,0.7763601541519165,Pong1PQFM_XObs_entangled_trainable_rzz_QLayers_5___seed_1_1761468207
6975488,1-Training-Losses/entropy,0.755508542060852,Pong1PQFM_XObs_entangled_trainable_rzz_QLayers_5___seed_1_1761468207
6979584,1-Training-Losses/entropy,0.8066936731338501,Pong1PQFM_XObs_entangled_trainable_rzz_QLayers_5___seed_1_1761468207
6983680,1-Training-Losses/entropy,0.7537050843238831,Pong1PQFM_XObs_entangled_trainable_rzz_QLayers_5___seed_1_1761468207
6987776,1-Training-Losses/entropy,0.811862051486969,Pong1PQFM_XObs_entangled_trainable_rzz_QLayers_5___seed_1_1761468207
6991872,1-Training-Losses/entropy,0.7810800075531006,Pong1PQFM_XObs_entangled_trainable_rzz_QLayers_5___seed_1_1761468207
6995968,1-Training-Losses/entropy,0.7917092442512512,Pong1PQFM_XObs_entangled_trainable_rzz_QLayers_5___seed_1_1761468207
7000064,1-Training-Losses/entropy,0.7351926565170288,Pong1PQFM_XObs_entangled_trainable_rzz_QLayers_5___seed_1_1761468207
7004160,1-Training-Losses/entropy,0.7370308637619019,Pong1PQFM_XObs_entangled_trainable_rzz_QLayers_5___seed_1_1761468207
7008256,1-Training-Losses/entropy,0.7430297136306763,Pong1PQFM_XObs_entangled_trainable_rzz_QLayers_5___seed_1_1761468207
7012352,1-Training-Losses/entropy,0.8055497407913208,Pong1PQFM_XObs_entangled_trainable_rzz_QLayers_5___seed_1_1761468207
7016448,1-Training-Losses/entropy,0.7554405331611633,Pong1PQFM_XObs_entangled_trainable_rzz_QLayers_5___seed_1_1761468207
7020544,1-Training-Losses/entropy,0.8023357391357422,Pong1PQFM_XObs_entangled_trainable_rzz_QLayers_5___seed_1_1761468207
7024640,1-Training-Losses/entropy,0.7888627648353577,Pong1PQFM_XObs_entangled_trainable_rzz_QLayers_5___seed_1_1761468207
7028736,1-Training-Losses/entropy,0.7999926805496216,Pong1PQFM_XObs_entangled_trainable_rzz_QLayers_5___seed_1_1761468207
7032832,1-Training-Losses/entropy,0.8152981996536255,Pong1PQFM_XObs_entangled_trainable_rzz_QLayers_5___seed_1_1761468207
7036928,1-Training-Losses/entropy,0.8071520328521729,Pong1PQFM_XObs_entangled_trainable_rzz_QLayers_5___seed_1_1761468207
7041024,1-Training-Losses/entropy,0.7881726026535034,Pong1PQFM_XObs_entangled_trainable_rzz_QLayers_5___seed_1_1761468207
7045120,1-Training-Losses/entropy,0.7984480857849121,Pong1PQFM_XObs_entangled_trainable_rzz_QLayers_5___seed_1_1761468207
7049216,1-Training-Losses/entropy,0.7893744111061096,Pong1PQFM_XObs_entangled_trainable_rzz_QLayers_5___seed_1_1761468207
7053312,1-Training-Losses/entropy,0.8108679056167603,Pong1PQFM_XObs_entangled_trainable_rzz_QLayers_5___seed_1_1761468207
7057408,1-Training-Losses/entropy,0.8132719993591309,Pong1PQFM_XObs_entangled_trainable_rzz_QLayers_5___seed_1_1761468207
7061504,1-Training-Losses/entropy,0.7721784114837646,Pong1PQFM_XObs_entangled_trainable_rzz_QLayers_5___seed_1_1761468207
7065600,1-Training-Losses/entropy,0.7237775921821594,Pong1PQFM_XObs_entangled_trainable_rzz_QLayers_5___seed_1_1761468207
7069696,1-Training-Losses/entropy,0.7580642700195312,Pong1PQFM_XObs_entangled_trainable_rzz_QLayers_5___seed_1_1761468207
7073792,1-Training-Losses/entropy,0.7906020283699036,Pong1PQFM_XObs_entangled_trainable_rzz_QLayers_5___seed_1_1761468207
7077888,1-Training-Losses/entropy,0.8056328296661377,Pong1PQFM_XObs_entangled_trainable_rzz_QLayers_5___seed_1_1761468207
7081984,1-Training-Losses/entropy,0.7931964993476868,Pong1PQFM_XObs_entangled_trainable_rzz_QLayers_5___seed_1_1761468207
7086080,1-Training-Losses/entropy,0.7861917018890381,Pong1PQFM_XObs_entangled_trainable_rzz_QLayers_5___seed_1_1761468207
7090176,1-Training-Losses/entropy,0.7707126140594482,Pong1PQFM_XObs_entangled_trainable_rzz_QLayers_5___seed_1_1761468207
7094272,1-Training-Losses/entropy,0.799875020980835,Pong1PQFM_XObs_entangled_trainable_rzz_QLayers_5___seed_1_1761468207
7098368,1-Training-Losses/entropy,0.8020374774932861,Pong1PQFM_XObs_entangled_trainable_rzz_QLayers_5___seed_1_1761468207
7102464,1-Training-Losses/entropy,0.8113608360290527,Pong1PQFM_XObs_entangled_trainable_rzz_QLayers_5___seed_1_1761468207
7106560,1-Training-Losses/entropy,0.785493016242981,Pong1PQFM_XObs_entangled_trainable_rzz_QLayers_5___seed_1_1761468207
7110656,1-Training-Losses/entropy,0.8295888900756836,Pong1PQFM_XObs_entangled_trainable_rzz_QLayers_5___seed_1_1761468207
7114752,1-Training-Losses/entropy,0.7873022556304932,Pong1PQFM_XObs_entangled_trainable_rzz_QLayers_5___seed_1_1761468207
7118848,1-Training-Losses/entropy,0.7799073457717896,Pong1PQFM_XObs_entangled_trainable_rzz_QLayers_5___seed_1_1761468207
7122944,1-Training-Losses/entropy,0.8009988069534302,Pong1PQFM_XObs_entangled_trainable_rzz_QLayers_5___seed_1_1761468207
7127040,1-Training-Losses/entropy,0.7876665592193604,Pong1PQFM_XObs_entangled_trainable_rzz_QLayers_5___seed_1_1761468207
7131136,1-Training-Losses/entropy,0.790826678276062,Pong1PQFM_XObs_entangled_trainable_rzz_QLayers_5___seed_1_1761468207
7135232,1-Training-Losses/entropy,0.793139636516571,Pong1PQFM_XObs_entangled_trainable_rzz_QLayers_5___seed_1_1761468207
7139328,1-Training-Losses/entropy,0.7473029494285583,Pong1PQFM_XObs_entangled_trainable_rzz_QLayers_5___seed_1_1761468207
7143424,1-Training-Losses/entropy,0.7748171091079712,Pong1PQFM_XObs_entangled_trainable_rzz_QLayers_5___seed_1_1761468207
7147520,1-Training-Losses/entropy,0.7620244026184082,Pong1PQFM_XObs_entangled_trainable_rzz_QLayers_5___seed_1_1761468207
7151616,1-Training-Losses/entropy,0.7855174541473389,Pong1PQFM_XObs_entangled_trainable_rzz_QLayers_5___seed_1_1761468207
7155712,1-Training-Losses/entropy,0.7969302535057068,Pong1PQFM_XObs_entangled_trainable_rzz_QLayers_5___seed_1_1761468207
7159808,1-Training-Losses/entropy,0.7923601269721985,Pong1PQFM_XObs_entangled_trainable_rzz_QLayers_5___seed_1_1761468207
7163904,1-Training-Losses/entropy,0.7533508539199829,Pong1PQFM_XObs_entangled_trainable_rzz_QLayers_5___seed_1_1761468207
7168000,1-Training-Losses/entropy,0.7707064151763916,Pong1PQFM_XObs_entangled_trainable_rzz_QLayers_5___seed_1_1761468207
7172096,1-Training-Losses/entropy,0.7846167087554932,Pong1PQFM_XObs_entangled_trainable_rzz_QLayers_5___seed_1_1761468207
7176192,1-Training-Losses/entropy,0.7646492719650269,Pong1PQFM_XObs_entangled_trainable_rzz_QLayers_5___seed_1_1761468207
7180288,1-Training-Losses/entropy,0.8017403483390808,Pong1PQFM_XObs_entangled_trainable_rzz_QLayers_5___seed_1_1761468207
7184384,1-Training-Losses/entropy,0.8143289089202881,Pong1PQFM_XObs_entangled_trainable_rzz_QLayers_5___seed_1_1761468207
7188480,1-Training-Losses/entropy,0.7472960948944092,Pong1PQFM_XObs_entangled_trainable_rzz_QLayers_5___seed_1_1761468207
7192576,1-Training-Losses/entropy,0.8110131621360779,Pong1PQFM_XObs_entangled_trainable_rzz_QLayers_5___seed_1_1761468207
7196672,1-Training-Losses/entropy,0.7641806602478027,Pong1PQFM_XObs_entangled_trainable_rzz_QLayers_5___seed_1_1761468207
7200768,1-Training-Losses/entropy,0.7392215728759766,Pong1PQFM_XObs_entangled_trainable_rzz_QLayers_5___seed_1_1761468207
7204864,1-Training-Losses/entropy,0.7769396305084229,Pong1PQFM_XObs_entangled_trainable_rzz_QLayers_5___seed_1_1761468207
7208960,1-Training-Losses/entropy,0.7597412467002869,Pong1PQFM_XObs_entangled_trainable_rzz_QLayers_5___seed_1_1761468207
7213056,1-Training-Losses/entropy,0.7712170481681824,Pong1PQFM_XObs_entangled_trainable_rzz_QLayers_5___seed_1_1761468207
7217152,1-Training-Losses/entropy,0.7565229535102844,Pong1PQFM_XObs_entangled_trainable_rzz_QLayers_5___seed_1_1761468207
7221248,1-Training-Losses/entropy,0.7886748313903809,Pong1PQFM_XObs_entangled_trainable_rzz_QLayers_5___seed_1_1761468207
7225344,1-Training-Losses/entropy,0.7980074882507324,Pong1PQFM_XObs_entangled_trainable_rzz_QLayers_5___seed_1_1761468207
7229440,1-Training-Losses/entropy,0.7927764654159546,Pong1PQFM_XObs_entangled_trainable_rzz_QLayers_5___seed_1_1761468207
7233536,1-Training-Losses/entropy,0.7727237939834595,Pong1PQFM_XObs_entangled_trainable_rzz_QLayers_5___seed_1_1761468207
7237632,1-Training-Losses/entropy,0.7545318603515625,Pong1PQFM_XObs_entangled_trainable_rzz_QLayers_5___seed_1_1761468207
7241728,1-Training-Losses/entropy,0.7547085881233215,Pong1PQFM_XObs_entangled_trainable_rzz_QLayers_5___seed_1_1761468207
7245824,1-Training-Losses/entropy,0.7643210887908936,Pong1PQFM_XObs_entangled_trainable_rzz_QLayers_5___seed_1_1761468207
7249920,1-Training-Losses/entropy,0.7227966785430908,Pong1PQFM_XObs_entangled_trainable_rzz_QLayers_5___seed_1_1761468207
7254016,1-Training-Losses/entropy,0.8085620403289795,Pong1PQFM_XObs_entangled_trainable_rzz_QLayers_5___seed_1_1761468207
7258112,1-Training-Losses/entropy,0.7601051330566406,Pong1PQFM_XObs_entangled_trainable_rzz_QLayers_5___seed_1_1761468207
7262208,1-Training-Losses/entropy,0.7474244832992554,Pong1PQFM_XObs_entangled_trainable_rzz_QLayers_5___seed_1_1761468207
7266304,1-Training-Losses/entropy,0.7517114877700806,Pong1PQFM_XObs_entangled_trainable_rzz_QLayers_5___seed_1_1761468207
7270400,1-Training-Losses/entropy,0.7383487224578857,Pong1PQFM_XObs_entangled_trainable_rzz_QLayers_5___seed_1_1761468207
7274496,1-Training-Losses/entropy,0.769814133644104,Pong1PQFM_XObs_entangled_trainable_rzz_QLayers_5___seed_1_1761468207
7278592,1-Training-Losses/entropy,0.7873356342315674,Pong1PQFM_XObs_entangled_trainable_rzz_QLayers_5___seed_1_1761468207
7282688,1-Training-Losses/entropy,0.7887694835662842,Pong1PQFM_XObs_entangled_trainable_rzz_QLayers_5___seed_1_1761468207
7286784,1-Training-Losses/entropy,0.8164629936218262,Pong1PQFM_XObs_entangled_trainable_rzz_QLayers_5___seed_1_1761468207
7290880,1-Training-Losses/entropy,0.7741652131080627,Pong1PQFM_XObs_entangled_trainable_rzz_QLayers_5___seed_1_1761468207
7294976,1-Training-Losses/entropy,0.7605013847351074,Pong1PQFM_XObs_entangled_trainable_rzz_QLayers_5___seed_1_1761468207
7299072,1-Training-Losses/entropy,0.7916926145553589,Pong1PQFM_XObs_entangled_trainable_rzz_QLayers_5___seed_1_1761468207
7303168,1-Training-Losses/entropy,0.7736724615097046,Pong1PQFM_XObs_entangled_trainable_rzz_QLayers_5___seed_1_1761468207
7307264,1-Training-Losses/entropy,0.7936305403709412,Pong1PQFM_XObs_entangled_trainable_rzz_QLayers_5___seed_1_1761468207
7311360,1-Training-Losses/entropy,0.7986624240875244,Pong1PQFM_XObs_entangled_trainable_rzz_QLayers_5___seed_1_1761468207
7315456,1-Training-Losses/entropy,0.8022612929344177,Pong1PQFM_XObs_entangled_trainable_rzz_QLayers_5___seed_1_1761468207
7319552,1-Training-Losses/entropy,0.7876725196838379,Pong1PQFM_XObs_entangled_trainable_rzz_QLayers_5___seed_1_1761468207
7323648,1-Training-Losses/entropy,0.813092052936554,Pong1PQFM_XObs_entangled_trainable_rzz_QLayers_5___seed_1_1761468207
7327744,1-Training-Losses/entropy,0.7711045742034912,Pong1PQFM_XObs_entangled_trainable_rzz_QLayers_5___seed_1_1761468207
7331840,1-Training-Losses/entropy,0.7962713241577148,Pong1PQFM_XObs_entangled_trainable_rzz_QLayers_5___seed_1_1761468207
7335936,1-Training-Losses/entropy,0.7754713296890259,Pong1PQFM_XObs_entangled_trainable_rzz_QLayers_5___seed_1_1761468207
7340032,1-Training-Losses/entropy,0.777580201625824,Pong1PQFM_XObs_entangled_trainable_rzz_QLayers_5___seed_1_1761468207
7344128,1-Training-Losses/entropy,0.7545265555381775,Pong1PQFM_XObs_entangled_trainable_rzz_QLayers_5___seed_1_1761468207
7348224,1-Training-Losses/entropy,0.7805370092391968,Pong1PQFM_XObs_entangled_trainable_rzz_QLayers_5___seed_1_1761468207
7352320,1-Training-Losses/entropy,0.7726528644561768,Pong1PQFM_XObs_entangled_trainable_rzz_QLayers_5___seed_1_1761468207
7356416,1-Training-Losses/entropy,0.8365890383720398,Pong1PQFM_XObs_entangled_trainable_rzz_QLayers_5___seed_1_1761468207
7360512,1-Training-Losses/entropy,0.7912065386772156,Pong1PQFM_XObs_entangled_trainable_rzz_QLayers_5___seed_1_1761468207
7364608,1-Training-Losses/entropy,0.7841815948486328,Pong1PQFM_XObs_entangled_trainable_rzz_QLayers_5___seed_1_1761468207
7368704,1-Training-Losses/entropy,0.7996523976325989,Pong1PQFM_XObs_entangled_trainable_rzz_QLayers_5___seed_1_1761468207
7372800,1-Training-Losses/entropy,0.8251151442527771,Pong1PQFM_XObs_entangled_trainable_rzz_QLayers_5___seed_1_1761468207
7376896,1-Training-Losses/entropy,0.8092547655105591,Pong1PQFM_XObs_entangled_trainable_rzz_QLayers_5___seed_1_1761468207
7380992,1-Training-Losses/entropy,0.7476547360420227,Pong1PQFM_XObs_entangled_trainable_rzz_QLayers_5___seed_1_1761468207
7385088,1-Training-Losses/entropy,0.8034392595291138,Pong1PQFM_XObs_entangled_trainable_rzz_QLayers_5___seed_1_1761468207
7389184,1-Training-Losses/entropy,0.7867653965950012,Pong1PQFM_XObs_entangled_trainable_rzz_QLayers_5___seed_1_1761468207
7393280,1-Training-Losses/entropy,0.7728962898254395,Pong1PQFM_XObs_entangled_trainable_rzz_QLayers_5___seed_1_1761468207
7397376,1-Training-Losses/entropy,0.7828176021575928,Pong1PQFM_XObs_entangled_trainable_rzz_QLayers_5___seed_1_1761468207
7401472,1-Training-Losses/entropy,0.8123180866241455,Pong1PQFM_XObs_entangled_trainable_rzz_QLayers_5___seed_1_1761468207
7405568,1-Training-Losses/entropy,0.750269889831543,Pong1PQFM_XObs_entangled_trainable_rzz_QLayers_5___seed_1_1761468207
7409664,1-Training-Losses/entropy,0.7756643891334534,Pong1PQFM_XObs_entangled_trainable_rzz_QLayers_5___seed_1_1761468207
7413760,1-Training-Losses/entropy,0.7710461616516113,Pong1PQFM_XObs_entangled_trainable_rzz_QLayers_5___seed_1_1761468207
7417856,1-Training-Losses/entropy,0.8295207619667053,Pong1PQFM_XObs_entangled_trainable_rzz_QLayers_5___seed_1_1761468207
7421952,1-Training-Losses/entropy,0.7891947031021118,Pong1PQFM_XObs_entangled_trainable_rzz_QLayers_5___seed_1_1761468207
7426048,1-Training-Losses/entropy,0.8005468249320984,Pong1PQFM_XObs_entangled_trainable_rzz_QLayers_5___seed_1_1761468207
7430144,1-Training-Losses/entropy,0.8178677558898926,Pong1PQFM_XObs_entangled_trainable_rzz_QLayers_5___seed_1_1761468207
7434240,1-Training-Losses/entropy,0.7993828654289246,Pong1PQFM_XObs_entangled_trainable_rzz_QLayers_5___seed_1_1761468207
7438336,1-Training-Losses/entropy,0.7899154424667358,Pong1PQFM_XObs_entangled_trainable_rzz_QLayers_5___seed_1_1761468207
7442432,1-Training-Losses/entropy,0.7735062837600708,Pong1PQFM_XObs_entangled_trainable_rzz_QLayers_5___seed_1_1761468207
7446528,1-Training-Losses/entropy,0.7689790725708008,Pong1PQFM_XObs_entangled_trainable_rzz_QLayers_5___seed_1_1761468207
7450624,1-Training-Losses/entropy,0.8003100752830505,Pong1PQFM_XObs_entangled_trainable_rzz_QLayers_5___seed_1_1761468207
7454720,1-Training-Losses/entropy,0.7849658727645874,Pong1PQFM_XObs_entangled_trainable_rzz_QLayers_5___seed_1_1761468207
7458816,1-Training-Losses/entropy,0.8077310919761658,Pong1PQFM_XObs_entangled_trainable_rzz_QLayers_5___seed_1_1761468207
7462912,1-Training-Losses/entropy,0.7831605076789856,Pong1PQFM_XObs_entangled_trainable_rzz_QLayers_5___seed_1_1761468207
7467008,1-Training-Losses/entropy,0.7657514810562134,Pong1PQFM_XObs_entangled_trainable_rzz_QLayers_5___seed_1_1761468207
7471104,1-Training-Losses/entropy,0.7591375708580017,Pong1PQFM_XObs_entangled_trainable_rzz_QLayers_5___seed_1_1761468207
7475200,1-Training-Losses/entropy,0.8051685094833374,Pong1PQFM_XObs_entangled_trainable_rzz_QLayers_5___seed_1_1761468207
7479296,1-Training-Losses/entropy,0.7703317403793335,Pong1PQFM_XObs_entangled_trainable_rzz_QLayers_5___seed_1_1761468207
7483392,1-Training-Losses/entropy,0.7486424446105957,Pong1PQFM_XObs_entangled_trainable_rzz_QLayers_5___seed_1_1761468207
7487488,1-Training-Losses/entropy,0.7798639535903931,Pong1PQFM_XObs_entangled_trainable_rzz_QLayers_5___seed_1_1761468207
7491584,1-Training-Losses/entropy,0.7797620296478271,Pong1PQFM_XObs_entangled_trainable_rzz_QLayers_5___seed_1_1761468207
7495680,1-Training-Losses/entropy,0.7932167053222656,Pong1PQFM_XObs_entangled_trainable_rzz_QLayers_5___seed_1_1761468207
7499776,1-Training-Losses/entropy,0.8208671808242798,Pong1PQFM_XObs_entangled_trainable_rzz_QLayers_5___seed_1_1761468207
7503872,1-Training-Losses/entropy,0.8075581192970276,Pong1PQFM_XObs_entangled_trainable_rzz_QLayers_5___seed_1_1761468207
7507968,1-Training-Losses/entropy,0.8026813268661499,Pong1PQFM_XObs_entangled_trainable_rzz_QLayers_5___seed_1_1761468207
7512064,1-Training-Losses/entropy,0.7888725996017456,Pong1PQFM_XObs_entangled_trainable_rzz_QLayers_5___seed_1_1761468207
7516160,1-Training-Losses/entropy,0.780224084854126,Pong1PQFM_XObs_entangled_trainable_rzz_QLayers_5___seed_1_1761468207
7520256,1-Training-Losses/entropy,0.7794348001480103,Pong1PQFM_XObs_entangled_trainable_rzz_QLayers_5___seed_1_1761468207
7524352,1-Training-Losses/entropy,0.8070577383041382,Pong1PQFM_XObs_entangled_trainable_rzz_QLayers_5___seed_1_1761468207
7528448,1-Training-Losses/entropy,0.8258413076400757,Pong1PQFM_XObs_entangled_trainable_rzz_QLayers_5___seed_1_1761468207
7532544,1-Training-Losses/entropy,0.8090677261352539,Pong1PQFM_XObs_entangled_trainable_rzz_QLayers_5___seed_1_1761468207
7536640,1-Training-Losses/entropy,0.8137552738189697,Pong1PQFM_XObs_entangled_trainable_rzz_QLayers_5___seed_1_1761468207
7540736,1-Training-Losses/entropy,0.8349176645278931,Pong1PQFM_XObs_entangled_trainable_rzz_QLayers_5___seed_1_1761468207
7544832,1-Training-Losses/entropy,0.7914642691612244,Pong1PQFM_XObs_entangled_trainable_rzz_QLayers_5___seed_1_1761468207
7548928,1-Training-Losses/entropy,0.7360734343528748,Pong1PQFM_XObs_entangled_trainable_rzz_QLayers_5___seed_1_1761468207
7553024,1-Training-Losses/entropy,0.7589799165725708,Pong1PQFM_XObs_entangled_trainable_rzz_QLayers_5___seed_1_1761468207
7557120,1-Training-Losses/entropy,0.7911012172698975,Pong1PQFM_XObs_entangled_trainable_rzz_QLayers_5___seed_1_1761468207
7561216,1-Training-Losses/entropy,0.7946350574493408,Pong1PQFM_XObs_entangled_trainable_rzz_QLayers_5___seed_1_1761468207
7565312,1-Training-Losses/entropy,0.7802314162254333,Pong1PQFM_XObs_entangled_trainable_rzz_QLayers_5___seed_1_1761468207
7569408,1-Training-Losses/entropy,0.7768500447273254,Pong1PQFM_XObs_entangled_trainable_rzz_QLayers_5___seed_1_1761468207
7573504,1-Training-Losses/entropy,0.7603994607925415,Pong1PQFM_XObs_entangled_trainable_rzz_QLayers_5___seed_1_1761468207
7577600,1-Training-Losses/entropy,0.7948461771011353,Pong1PQFM_XObs_entangled_trainable_rzz_QLayers_5___seed_1_1761468207
7581696,1-Training-Losses/entropy,0.7791087627410889,Pong1PQFM_XObs_entangled_trainable_rzz_QLayers_5___seed_1_1761468207
7585792,1-Training-Losses/entropy,0.7670395970344543,Pong1PQFM_XObs_entangled_trainable_rzz_QLayers_5___seed_1_1761468207
7589888,1-Training-Losses/entropy,0.7779849767684937,Pong1PQFM_XObs_entangled_trainable_rzz_QLayers_5___seed_1_1761468207
7593984,1-Training-Losses/entropy,0.768425703048706,Pong1PQFM_XObs_entangled_trainable_rzz_QLayers_5___seed_1_1761468207
7598080,1-Training-Losses/entropy,0.7785513997077942,Pong1PQFM_XObs_entangled_trainable_rzz_QLayers_5___seed_1_1761468207
7602176,1-Training-Losses/entropy,0.8032766580581665,Pong1PQFM_XObs_entangled_trainable_rzz_QLayers_5___seed_1_1761468207
7606272,1-Training-Losses/entropy,0.7998347282409668,Pong1PQFM_XObs_entangled_trainable_rzz_QLayers_5___seed_1_1761468207
7610368,1-Training-Losses/entropy,0.8032086491584778,Pong1PQFM_XObs_entangled_trainable_rzz_QLayers_5___seed_1_1761468207
7614464,1-Training-Losses/entropy,0.7938380241394043,Pong1PQFM_XObs_entangled_trainable_rzz_QLayers_5___seed_1_1761468207
7618560,1-Training-Losses/entropy,0.7734977006912231,Pong1PQFM_XObs_entangled_trainable_rzz_QLayers_5___seed_1_1761468207
7622656,1-Training-Losses/entropy,0.7901452779769897,Pong1PQFM_XObs_entangled_trainable_rzz_QLayers_5___seed_1_1761468207
7626752,1-Training-Losses/entropy,0.8090676665306091,Pong1PQFM_XObs_entangled_trainable_rzz_QLayers_5___seed_1_1761468207
7630848,1-Training-Losses/entropy,0.8090118169784546,Pong1PQFM_XObs_entangled_trainable_rzz_QLayers_5___seed_1_1761468207
7634944,1-Training-Losses/entropy,0.7318906784057617,Pong1PQFM_XObs_entangled_trainable_rzz_QLayers_5___seed_1_1761468207
7639040,1-Training-Losses/entropy,0.7569655179977417,Pong1PQFM_XObs_entangled_trainable_rzz_QLayers_5___seed_1_1761468207
7643136,1-Training-Losses/entropy,0.749465823173523,Pong1PQFM_XObs_entangled_trainable_rzz_QLayers_5___seed_1_1761468207
7647232,1-Training-Losses/entropy,0.7628417015075684,Pong1PQFM_XObs_entangled_trainable_rzz_QLayers_5___seed_1_1761468207
7651328,1-Training-Losses/entropy,0.7808051109313965,Pong1PQFM_XObs_entangled_trainable_rzz_QLayers_5___seed_1_1761468207
7655424,1-Training-Losses/entropy,0.7706823945045471,Pong1PQFM_XObs_entangled_trainable_rzz_QLayers_5___seed_1_1761468207
7659520,1-Training-Losses/entropy,0.8130786418914795,Pong1PQFM_XObs_entangled_trainable_rzz_QLayers_5___seed_1_1761468207
7663616,1-Training-Losses/entropy,0.7799402475357056,Pong1PQFM_XObs_entangled_trainable_rzz_QLayers_5___seed_1_1761468207
7667712,1-Training-Losses/entropy,0.743881344795227,Pong1PQFM_XObs_entangled_trainable_rzz_QLayers_5___seed_1_1761468207
7671808,1-Training-Losses/entropy,0.7696345448493958,Pong1PQFM_XObs_entangled_trainable_rzz_QLayers_5___seed_1_1761468207
7675904,1-Training-Losses/entropy,0.7662022113800049,Pong1PQFM_XObs_entangled_trainable_rzz_QLayers_5___seed_1_1761468207
7680000,1-Training-Losses/entropy,0.7740473747253418,Pong1PQFM_XObs_entangled_trainable_rzz_QLayers_5___seed_1_1761468207
7684096,1-Training-Losses/entropy,0.7817693948745728,Pong1PQFM_XObs_entangled_trainable_rzz_QLayers_5___seed_1_1761468207
7688192,1-Training-Losses/entropy,0.7662787437438965,Pong1PQFM_XObs_entangled_trainable_rzz_QLayers_5___seed_1_1761468207
7692288,1-Training-Losses/entropy,0.803954541683197,Pong1PQFM_XObs_entangled_trainable_rzz_QLayers_5___seed_1_1761468207
7696384,1-Training-Losses/entropy,0.767534613609314,Pong1PQFM_XObs_entangled_trainable_rzz_QLayers_5___seed_1_1761468207
7700480,1-Training-Losses/entropy,0.8110981583595276,Pong1PQFM_XObs_entangled_trainable_rzz_QLayers_5___seed_1_1761468207
7704576,1-Training-Losses/entropy,0.7879604697227478,Pong1PQFM_XObs_entangled_trainable_rzz_QLayers_5___seed_1_1761468207
7708672,1-Training-Losses/entropy,0.7685762643814087,Pong1PQFM_XObs_entangled_trainable_rzz_QLayers_5___seed_1_1761468207
7712768,1-Training-Losses/entropy,0.7724305391311646,Pong1PQFM_XObs_entangled_trainable_rzz_QLayers_5___seed_1_1761468207
7716864,1-Training-Losses/entropy,0.764350175857544,Pong1PQFM_XObs_entangled_trainable_rzz_QLayers_5___seed_1_1761468207
7720960,1-Training-Losses/entropy,0.8032241463661194,Pong1PQFM_XObs_entangled_trainable_rzz_QLayers_5___seed_1_1761468207
7725056,1-Training-Losses/entropy,0.7576103210449219,Pong1PQFM_XObs_entangled_trainable_rzz_QLayers_5___seed_1_1761468207
7729152,1-Training-Losses/entropy,0.7802153825759888,Pong1PQFM_XObs_entangled_trainable_rzz_QLayers_5___seed_1_1761468207
7733248,1-Training-Losses/entropy,0.8050882816314697,Pong1PQFM_XObs_entangled_trainable_rzz_QLayers_5___seed_1_1761468207
7737344,1-Training-Losses/entropy,0.7884451150894165,Pong1PQFM_XObs_entangled_trainable_rzz_QLayers_5___seed_1_1761468207
7741440,1-Training-Losses/entropy,0.7777326107025146,Pong1PQFM_XObs_entangled_trainable_rzz_QLayers_5___seed_1_1761468207
7745536,1-Training-Losses/entropy,0.7479593753814697,Pong1PQFM_XObs_entangled_trainable_rzz_QLayers_5___seed_1_1761468207
7749632,1-Training-Losses/entropy,0.7524595260620117,Pong1PQFM_XObs_entangled_trainable_rzz_QLayers_5___seed_1_1761468207
7753728,1-Training-Losses/entropy,0.741059422492981,Pong1PQFM_XObs_entangled_trainable_rzz_QLayers_5___seed_1_1761468207
7757824,1-Training-Losses/entropy,0.7775101065635681,Pong1PQFM_XObs_entangled_trainable_rzz_QLayers_5___seed_1_1761468207
7761920,1-Training-Losses/entropy,0.7567243576049805,Pong1PQFM_XObs_entangled_trainable_rzz_QLayers_5___seed_1_1761468207
7766016,1-Training-Losses/entropy,0.7428051829338074,Pong1PQFM_XObs_entangled_trainable_rzz_QLayers_5___seed_1_1761468207
7770112,1-Training-Losses/entropy,0.7604126930236816,Pong1PQFM_XObs_entangled_trainable_rzz_QLayers_5___seed_1_1761468207
7774208,1-Training-Losses/entropy,0.818215012550354,Pong1PQFM_XObs_entangled_trainable_rzz_QLayers_5___seed_1_1761468207
7778304,1-Training-Losses/entropy,0.7950003147125244,Pong1PQFM_XObs_entangled_trainable_rzz_QLayers_5___seed_1_1761468207
7782400,1-Training-Losses/entropy,0.7364482283592224,Pong1PQFM_XObs_entangled_trainable_rzz_QLayers_5___seed_1_1761468207
7786496,1-Training-Losses/entropy,0.776897668838501,Pong1PQFM_XObs_entangled_trainable_rzz_QLayers_5___seed_1_1761468207
7790592,1-Training-Losses/entropy,0.773460328578949,Pong1PQFM_XObs_entangled_trainable_rzz_QLayers_5___seed_1_1761468207
7794688,1-Training-Losses/entropy,0.7595051527023315,Pong1PQFM_XObs_entangled_trainable_rzz_QLayers_5___seed_1_1761468207
7798784,1-Training-Losses/entropy,0.7642389535903931,Pong1PQFM_XObs_entangled_trainable_rzz_QLayers_5___seed_1_1761468207
7802880,1-Training-Losses/entropy,0.7204079627990723,Pong1PQFM_XObs_entangled_trainable_rzz_QLayers_5___seed_1_1761468207
7806976,1-Training-Losses/entropy,0.7501764297485352,Pong1PQFM_XObs_entangled_trainable_rzz_QLayers_5___seed_1_1761468207
7811072,1-Training-Losses/entropy,0.7602046728134155,Pong1PQFM_XObs_entangled_trainable_rzz_QLayers_5___seed_1_1761468207
7815168,1-Training-Losses/entropy,0.8025433421134949,Pong1PQFM_XObs_entangled_trainable_rzz_QLayers_5___seed_1_1761468207
7819264,1-Training-Losses/entropy,0.7511018514633179,Pong1PQFM_XObs_entangled_trainable_rzz_QLayers_5___seed_1_1761468207
7823360,1-Training-Losses/entropy,0.7714240550994873,Pong1PQFM_XObs_entangled_trainable_rzz_QLayers_5___seed_1_1761468207
7827456,1-Training-Losses/entropy,0.7544262409210205,Pong1PQFM_XObs_entangled_trainable_rzz_QLayers_5___seed_1_1761468207
7831552,1-Training-Losses/entropy,0.7637946605682373,Pong1PQFM_XObs_entangled_trainable_rzz_QLayers_5___seed_1_1761468207
7835648,1-Training-Losses/entropy,0.7847286462783813,Pong1PQFM_XObs_entangled_trainable_rzz_QLayers_5___seed_1_1761468207
7839744,1-Training-Losses/entropy,0.7936989068984985,Pong1PQFM_XObs_entangled_trainable_rzz_QLayers_5___seed_1_1761468207
7843840,1-Training-Losses/entropy,0.7664572596549988,Pong1PQFM_XObs_entangled_trainable_rzz_QLayers_5___seed_1_1761468207
7847936,1-Training-Losses/entropy,0.740608811378479,Pong1PQFM_XObs_entangled_trainable_rzz_QLayers_5___seed_1_1761468207
7852032,1-Training-Losses/entropy,0.7576956748962402,Pong1PQFM_XObs_entangled_trainable_rzz_QLayers_5___seed_1_1761468207
7856128,1-Training-Losses/entropy,0.7776399254798889,Pong1PQFM_XObs_entangled_trainable_rzz_QLayers_5___seed_1_1761468207
7860224,1-Training-Losses/entropy,0.7953414916992188,Pong1PQFM_XObs_entangled_trainable_rzz_QLayers_5___seed_1_1761468207
7864320,1-Training-Losses/entropy,0.8035088777542114,Pong1PQFM_XObs_entangled_trainable_rzz_QLayers_5___seed_1_1761468207
7868416,1-Training-Losses/entropy,0.76819908618927,Pong1PQFM_XObs_entangled_trainable_rzz_QLayers_5___seed_1_1761468207
7872512,1-Training-Losses/entropy,0.783497154712677,Pong1PQFM_XObs_entangled_trainable_rzz_QLayers_5___seed_1_1761468207
7876608,1-Training-Losses/entropy,0.7836499214172363,Pong1PQFM_XObs_entangled_trainable_rzz_QLayers_5___seed_1_1761468207
7880704,1-Training-Losses/entropy,0.7950620651245117,Pong1PQFM_XObs_entangled_trainable_rzz_QLayers_5___seed_1_1761468207
7884800,1-Training-Losses/entropy,0.7698765993118286,Pong1PQFM_XObs_entangled_trainable_rzz_QLayers_5___seed_1_1761468207
7888896,1-Training-Losses/entropy,0.7576444149017334,Pong1PQFM_XObs_entangled_trainable_rzz_QLayers_5___seed_1_1761468207
7892992,1-Training-Losses/entropy,0.8023433685302734,Pong1PQFM_XObs_entangled_trainable_rzz_QLayers_5___seed_1_1761468207
7897088,1-Training-Losses/entropy,0.7834267616271973,Pong1PQFM_XObs_entangled_trainable_rzz_QLayers_5___seed_1_1761468207
7901184,1-Training-Losses/entropy,0.7926567792892456,Pong1PQFM_XObs_entangled_trainable_rzz_QLayers_5___seed_1_1761468207
7905280,1-Training-Losses/entropy,0.7714769840240479,Pong1PQFM_XObs_entangled_trainable_rzz_QLayers_5___seed_1_1761468207
7909376,1-Training-Losses/entropy,0.7585699558258057,Pong1PQFM_XObs_entangled_trainable_rzz_QLayers_5___seed_1_1761468207
7913472,1-Training-Losses/entropy,0.7501055002212524,Pong1PQFM_XObs_entangled_trainable_rzz_QLayers_5___seed_1_1761468207
7917568,1-Training-Losses/entropy,0.7882602214813232,Pong1PQFM_XObs_entangled_trainable_rzz_QLayers_5___seed_1_1761468207
7921664,1-Training-Losses/entropy,0.7727551460266113,Pong1PQFM_XObs_entangled_trainable_rzz_QLayers_5___seed_1_1761468207
7925760,1-Training-Losses/entropy,0.7886759042739868,Pong1PQFM_XObs_entangled_trainable_rzz_QLayers_5___seed_1_1761468207
7929856,1-Training-Losses/entropy,0.7870335578918457,Pong1PQFM_XObs_entangled_trainable_rzz_QLayers_5___seed_1_1761468207
7933952,1-Training-Losses/entropy,0.7914831638336182,Pong1PQFM_XObs_entangled_trainable_rzz_QLayers_5___seed_1_1761468207
7938048,1-Training-Losses/entropy,0.8153616189956665,Pong1PQFM_XObs_entangled_trainable_rzz_QLayers_5___seed_1_1761468207
7942144,1-Training-Losses/entropy,0.8177553415298462,Pong1PQFM_XObs_entangled_trainable_rzz_QLayers_5___seed_1_1761468207
7946240,1-Training-Losses/entropy,0.7952266931533813,Pong1PQFM_XObs_entangled_trainable_rzz_QLayers_5___seed_1_1761468207
7950336,1-Training-Losses/entropy,0.7756389379501343,Pong1PQFM_XObs_entangled_trainable_rzz_QLayers_5___seed_1_1761468207
7954432,1-Training-Losses/entropy,0.7803729772567749,Pong1PQFM_XObs_entangled_trainable_rzz_QLayers_5___seed_1_1761468207
7958528,1-Training-Losses/entropy,0.7872557640075684,Pong1PQFM_XObs_entangled_trainable_rzz_QLayers_5___seed_1_1761468207
7962624,1-Training-Losses/entropy,0.775874137878418,Pong1PQFM_XObs_entangled_trainable_rzz_QLayers_5___seed_1_1761468207
7966720,1-Training-Losses/entropy,0.7819932699203491,Pong1PQFM_XObs_entangled_trainable_rzz_QLayers_5___seed_1_1761468207
7970816,1-Training-Losses/entropy,0.7768617868423462,Pong1PQFM_XObs_entangled_trainable_rzz_QLayers_5___seed_1_1761468207
7974912,1-Training-Losses/entropy,0.7856652736663818,Pong1PQFM_XObs_entangled_trainable_rzz_QLayers_5___seed_1_1761468207
7979008,1-Training-Losses/entropy,0.7854028940200806,Pong1PQFM_XObs_entangled_trainable_rzz_QLayers_5___seed_1_1761468207
7983104,1-Training-Losses/entropy,0.7848587036132812,Pong1PQFM_XObs_entangled_trainable_rzz_QLayers_5___seed_1_1761468207
7987200,1-Training-Losses/entropy,0.7702642679214478,Pong1PQFM_XObs_entangled_trainable_rzz_QLayers_5___seed_1_1761468207
7991296,1-Training-Losses/entropy,0.7547610402107239,Pong1PQFM_XObs_entangled_trainable_rzz_QLayers_5___seed_1_1761468207
7995392,1-Training-Losses/entropy,0.7973271012306213,Pong1PQFM_XObs_entangled_trainable_rzz_QLayers_5___seed_1_1761468207
7999488,1-Training-Losses/entropy,0.7732650637626648,Pong1PQFM_XObs_entangled_trainable_rzz_QLayers_5___seed_1_1761468207
8003584,1-Training-Losses/entropy,0.7637989521026611,Pong1PQFM_XObs_entangled_trainable_rzz_QLayers_5___seed_1_1761468207
8007680,1-Training-Losses/entropy,0.8113634586334229,Pong1PQFM_XObs_entangled_trainable_rzz_QLayers_5___seed_1_1761468207
8011776,1-Training-Losses/entropy,0.7767999768257141,Pong1PQFM_XObs_entangled_trainable_rzz_QLayers_5___seed_1_1761468207
8015872,1-Training-Losses/entropy,0.8022321462631226,Pong1PQFM_XObs_entangled_trainable_rzz_QLayers_5___seed_1_1761468207
8019968,1-Training-Losses/entropy,0.7936904430389404,Pong1PQFM_XObs_entangled_trainable_rzz_QLayers_5___seed_1_1761468207
8024064,1-Training-Losses/entropy,0.7994786500930786,Pong1PQFM_XObs_entangled_trainable_rzz_QLayers_5___seed_1_1761468207
8028160,1-Training-Losses/entropy,0.7853416204452515,Pong1PQFM_XObs_entangled_trainable_rzz_QLayers_5___seed_1_1761468207
8032256,1-Training-Losses/entropy,0.7785999178886414,Pong1PQFM_XObs_entangled_trainable_rzz_QLayers_5___seed_1_1761468207
8036352,1-Training-Losses/entropy,0.7590205073356628,Pong1PQFM_XObs_entangled_trainable_rzz_QLayers_5___seed_1_1761468207
8040448,1-Training-Losses/entropy,0.7654788494110107,Pong1PQFM_XObs_entangled_trainable_rzz_QLayers_5___seed_1_1761468207
8044544,1-Training-Losses/entropy,0.7743899822235107,Pong1PQFM_XObs_entangled_trainable_rzz_QLayers_5___seed_1_1761468207
8048640,1-Training-Losses/entropy,0.7893683910369873,Pong1PQFM_XObs_entangled_trainable_rzz_QLayers_5___seed_1_1761468207
8052736,1-Training-Losses/entropy,0.7883966565132141,Pong1PQFM_XObs_entangled_trainable_rzz_QLayers_5___seed_1_1761468207
8056832,1-Training-Losses/entropy,0.7627527713775635,Pong1PQFM_XObs_entangled_trainable_rzz_QLayers_5___seed_1_1761468207
8060928,1-Training-Losses/entropy,0.7555485963821411,Pong1PQFM_XObs_entangled_trainable_rzz_QLayers_5___seed_1_1761468207
8065024,1-Training-Losses/entropy,0.8001230955123901,Pong1PQFM_XObs_entangled_trainable_rzz_QLayers_5___seed_1_1761468207
8069120,1-Training-Losses/entropy,0.7758742570877075,Pong1PQFM_XObs_entangled_trainable_rzz_QLayers_5___seed_1_1761468207
8073216,1-Training-Losses/entropy,0.7806406021118164,Pong1PQFM_XObs_entangled_trainable_rzz_QLayers_5___seed_1_1761468207
8077312,1-Training-Losses/entropy,0.7962120771408081,Pong1PQFM_XObs_entangled_trainable_rzz_QLayers_5___seed_1_1761468207
8081408,1-Training-Losses/entropy,0.7831549644470215,Pong1PQFM_XObs_entangled_trainable_rzz_QLayers_5___seed_1_1761468207
8085504,1-Training-Losses/entropy,0.7912349104881287,Pong1PQFM_XObs_entangled_trainable_rzz_QLayers_5___seed_1_1761468207
8089600,1-Training-Losses/entropy,0.7921581268310547,Pong1PQFM_XObs_entangled_trainable_rzz_QLayers_5___seed_1_1761468207
8093696,1-Training-Losses/entropy,0.7990195751190186,Pong1PQFM_XObs_entangled_trainable_rzz_QLayers_5___seed_1_1761468207
8097792,1-Training-Losses/entropy,0.8327462673187256,Pong1PQFM_XObs_entangled_trainable_rzz_QLayers_5___seed_1_1761468207
8101888,1-Training-Losses/entropy,0.7972387671470642,Pong1PQFM_XObs_entangled_trainable_rzz_QLayers_5___seed_1_1761468207
8105984,1-Training-Losses/entropy,0.7992826104164124,Pong1PQFM_XObs_entangled_trainable_rzz_QLayers_5___seed_1_1761468207
8110080,1-Training-Losses/entropy,0.7838900685310364,Pong1PQFM_XObs_entangled_trainable_rzz_QLayers_5___seed_1_1761468207
8114176,1-Training-Losses/entropy,0.7752707600593567,Pong1PQFM_XObs_entangled_trainable_rzz_QLayers_5___seed_1_1761468207
8118272,1-Training-Losses/entropy,0.7798707485198975,Pong1PQFM_XObs_entangled_trainable_rzz_QLayers_5___seed_1_1761468207
8122368,1-Training-Losses/entropy,0.7379208207130432,Pong1PQFM_XObs_entangled_trainable_rzz_QLayers_5___seed_1_1761468207
8126464,1-Training-Losses/entropy,0.7929679751396179,Pong1PQFM_XObs_entangled_trainable_rzz_QLayers_5___seed_1_1761468207
8130560,1-Training-Losses/entropy,0.7805091142654419,Pong1PQFM_XObs_entangled_trainable_rzz_QLayers_5___seed_1_1761468207
8134656,1-Training-Losses/entropy,0.7745962142944336,Pong1PQFM_XObs_entangled_trainable_rzz_QLayers_5___seed_1_1761468207
8138752,1-Training-Losses/entropy,0.7757635116577148,Pong1PQFM_XObs_entangled_trainable_rzz_QLayers_5___seed_1_1761468207
8142848,1-Training-Losses/entropy,0.7520886063575745,Pong1PQFM_XObs_entangled_trainable_rzz_QLayers_5___seed_1_1761468207
8146944,1-Training-Losses/entropy,0.7755502462387085,Pong1PQFM_XObs_entangled_trainable_rzz_QLayers_5___seed_1_1761468207
8151040,1-Training-Losses/entropy,0.7773903608322144,Pong1PQFM_XObs_entangled_trainable_rzz_QLayers_5___seed_1_1761468207
8155136,1-Training-Losses/entropy,0.7905758619308472,Pong1PQFM_XObs_entangled_trainable_rzz_QLayers_5___seed_1_1761468207
8159232,1-Training-Losses/entropy,0.7913526296615601,Pong1PQFM_XObs_entangled_trainable_rzz_QLayers_5___seed_1_1761468207
8163328,1-Training-Losses/entropy,0.7935235500335693,Pong1PQFM_XObs_entangled_trainable_rzz_QLayers_5___seed_1_1761468207
8167424,1-Training-Losses/entropy,0.7760098576545715,Pong1PQFM_XObs_entangled_trainable_rzz_QLayers_5___seed_1_1761468207
8171520,1-Training-Losses/entropy,0.7928306460380554,Pong1PQFM_XObs_entangled_trainable_rzz_QLayers_5___seed_1_1761468207
8175616,1-Training-Losses/entropy,0.7629505395889282,Pong1PQFM_XObs_entangled_trainable_rzz_QLayers_5___seed_1_1761468207
8179712,1-Training-Losses/entropy,0.7814436554908752,Pong1PQFM_XObs_entangled_trainable_rzz_QLayers_5___seed_1_1761468207
8183808,1-Training-Losses/entropy,0.775442898273468,Pong1PQFM_XObs_entangled_trainable_rzz_QLayers_5___seed_1_1761468207
8187904,1-Training-Losses/entropy,0.7702189683914185,Pong1PQFM_XObs_entangled_trainable_rzz_QLayers_5___seed_1_1761468207
8192000,1-Training-Losses/entropy,0.7993870973587036,Pong1PQFM_XObs_entangled_trainable_rzz_QLayers_5___seed_1_1761468207
8196096,1-Training-Losses/entropy,0.7815619707107544,Pong1PQFM_XObs_entangled_trainable_rzz_QLayers_5___seed_1_1761468207
8200192,1-Training-Losses/entropy,0.7546228170394897,Pong1PQFM_XObs_entangled_trainable_rzz_QLayers_5___seed_1_1761468207
8204288,1-Training-Losses/entropy,0.7889426946640015,Pong1PQFM_XObs_entangled_trainable_rzz_QLayers_5___seed_1_1761468207
8208384,1-Training-Losses/entropy,0.7681676745414734,Pong1PQFM_XObs_entangled_trainable_rzz_QLayers_5___seed_1_1761468207
8212480,1-Training-Losses/entropy,0.7775894403457642,Pong1PQFM_XObs_entangled_trainable_rzz_QLayers_5___seed_1_1761468207
8216576,1-Training-Losses/entropy,0.7671394944190979,Pong1PQFM_XObs_entangled_trainable_rzz_QLayers_5___seed_1_1761468207
8220672,1-Training-Losses/entropy,0.7422414422035217,Pong1PQFM_XObs_entangled_trainable_rzz_QLayers_5___seed_1_1761468207
8224768,1-Training-Losses/entropy,0.7868185639381409,Pong1PQFM_XObs_entangled_trainable_rzz_QLayers_5___seed_1_1761468207
8228864,1-Training-Losses/entropy,0.7972206473350525,Pong1PQFM_XObs_entangled_trainable_rzz_QLayers_5___seed_1_1761468207
8232960,1-Training-Losses/entropy,0.7475217580795288,Pong1PQFM_XObs_entangled_trainable_rzz_QLayers_5___seed_1_1761468207
8237056,1-Training-Losses/entropy,0.783531665802002,Pong1PQFM_XObs_entangled_trainable_rzz_QLayers_5___seed_1_1761468207
8241152,1-Training-Losses/entropy,0.792384147644043,Pong1PQFM_XObs_entangled_trainable_rzz_QLayers_5___seed_1_1761468207
8245248,1-Training-Losses/entropy,0.7664099931716919,Pong1PQFM_XObs_entangled_trainable_rzz_QLayers_5___seed_1_1761468207
8249344,1-Training-Losses/entropy,0.758437991142273,Pong1PQFM_XObs_entangled_trainable_rzz_QLayers_5___seed_1_1761468207
8253440,1-Training-Losses/entropy,0.7862151861190796,Pong1PQFM_XObs_entangled_trainable_rzz_QLayers_5___seed_1_1761468207
8257536,1-Training-Losses/entropy,0.7507285475730896,Pong1PQFM_XObs_entangled_trainable_rzz_QLayers_5___seed_1_1761468207
8261632,1-Training-Losses/entropy,0.7960751056671143,Pong1PQFM_XObs_entangled_trainable_rzz_QLayers_5___seed_1_1761468207
8265728,1-Training-Losses/entropy,0.7634950876235962,Pong1PQFM_XObs_entangled_trainable_rzz_QLayers_5___seed_1_1761468207
8269824,1-Training-Losses/entropy,0.76387619972229,Pong1PQFM_XObs_entangled_trainable_rzz_QLayers_5___seed_1_1761468207
8273920,1-Training-Losses/entropy,0.7894927263259888,Pong1PQFM_XObs_entangled_trainable_rzz_QLayers_5___seed_1_1761468207
8278016,1-Training-Losses/entropy,0.7940768003463745,Pong1PQFM_XObs_entangled_trainable_rzz_QLayers_5___seed_1_1761468207
8282112,1-Training-Losses/entropy,0.7979547381401062,Pong1PQFM_XObs_entangled_trainable_rzz_QLayers_5___seed_1_1761468207
8286208,1-Training-Losses/entropy,0.7712783813476562,Pong1PQFM_XObs_entangled_trainable_rzz_QLayers_5___seed_1_1761468207
8290304,1-Training-Losses/entropy,0.7642834186553955,Pong1PQFM_XObs_entangled_trainable_rzz_QLayers_5___seed_1_1761468207
8294400,1-Training-Losses/entropy,0.8009374141693115,Pong1PQFM_XObs_entangled_trainable_rzz_QLayers_5___seed_1_1761468207
8298496,1-Training-Losses/entropy,0.7812373638153076,Pong1PQFM_XObs_entangled_trainable_rzz_QLayers_5___seed_1_1761468207
8302592,1-Training-Losses/entropy,0.8085751533508301,Pong1PQFM_XObs_entangled_trainable_rzz_QLayers_5___seed_1_1761468207
8306688,1-Training-Losses/entropy,0.8191850185394287,Pong1PQFM_XObs_entangled_trainable_rzz_QLayers_5___seed_1_1761468207
8310784,1-Training-Losses/entropy,0.8212255835533142,Pong1PQFM_XObs_entangled_trainable_rzz_QLayers_5___seed_1_1761468207
8314880,1-Training-Losses/entropy,0.7662498950958252,Pong1PQFM_XObs_entangled_trainable_rzz_QLayers_5___seed_1_1761468207
8318976,1-Training-Losses/entropy,0.749298095703125,Pong1PQFM_XObs_entangled_trainable_rzz_QLayers_5___seed_1_1761468207
8323072,1-Training-Losses/entropy,0.7973824143409729,Pong1PQFM_XObs_entangled_trainable_rzz_QLayers_5___seed_1_1761468207
8327168,1-Training-Losses/entropy,0.7616883516311646,Pong1PQFM_XObs_entangled_trainable_rzz_QLayers_5___seed_1_1761468207
8331264,1-Training-Losses/entropy,0.7857674956321716,Pong1PQFM_XObs_entangled_trainable_rzz_QLayers_5___seed_1_1761468207
8335360,1-Training-Losses/entropy,0.7865445017814636,Pong1PQFM_XObs_entangled_trainable_rzz_QLayers_5___seed_1_1761468207
8339456,1-Training-Losses/entropy,0.7844330072402954,Pong1PQFM_XObs_entangled_trainable_rzz_QLayers_5___seed_1_1761468207
8343552,1-Training-Losses/entropy,0.7632628679275513,Pong1PQFM_XObs_entangled_trainable_rzz_QLayers_5___seed_1_1761468207
8347648,1-Training-Losses/entropy,0.7786283493041992,Pong1PQFM_XObs_entangled_trainable_rzz_QLayers_5___seed_1_1761468207
8351744,1-Training-Losses/entropy,0.7892118692398071,Pong1PQFM_XObs_entangled_trainable_rzz_QLayers_5___seed_1_1761468207
8355840,1-Training-Losses/entropy,0.7851918935775757,Pong1PQFM_XObs_entangled_trainable_rzz_QLayers_5___seed_1_1761468207
8359936,1-Training-Losses/entropy,0.7422317862510681,Pong1PQFM_XObs_entangled_trainable_rzz_QLayers_5___seed_1_1761468207
8364032,1-Training-Losses/entropy,0.7399048209190369,Pong1PQFM_XObs_entangled_trainable_rzz_QLayers_5___seed_1_1761468207
8368128,1-Training-Losses/entropy,0.729178786277771,Pong1PQFM_XObs_entangled_trainable_rzz_QLayers_5___seed_1_1761468207
8372224,1-Training-Losses/entropy,0.8014366626739502,Pong1PQFM_XObs_entangled_trainable_rzz_QLayers_5___seed_1_1761468207
8376320,1-Training-Losses/entropy,0.8192973136901855,Pong1PQFM_XObs_entangled_trainable_rzz_QLayers_5___seed_1_1761468207
8380416,1-Training-Losses/entropy,0.7713269591331482,Pong1PQFM_XObs_entangled_trainable_rzz_QLayers_5___seed_1_1761468207
8384512,1-Training-Losses/entropy,0.7907323241233826,Pong1PQFM_XObs_entangled_trainable_rzz_QLayers_5___seed_1_1761468207
8388608,1-Training-Losses/entropy,0.7819605469703674,Pong1PQFM_XObs_entangled_trainable_rzz_QLayers_5___seed_1_1761468207
8392704,1-Training-Losses/entropy,0.7963807582855225,Pong1PQFM_XObs_entangled_trainable_rzz_QLayers_5___seed_1_1761468207
8396800,1-Training-Losses/entropy,0.8018249273300171,Pong1PQFM_XObs_entangled_trainable_rzz_QLayers_5___seed_1_1761468207
8400896,1-Training-Losses/entropy,0.7844973802566528,Pong1PQFM_XObs_entangled_trainable_rzz_QLayers_5___seed_1_1761468207
8404992,1-Training-Losses/entropy,0.8044869899749756,Pong1PQFM_XObs_entangled_trainable_rzz_QLayers_5___seed_1_1761468207
8409088,1-Training-Losses/entropy,0.8006569147109985,Pong1PQFM_XObs_entangled_trainable_rzz_QLayers_5___seed_1_1761468207
8413184,1-Training-Losses/entropy,0.7734338641166687,Pong1PQFM_XObs_entangled_trainable_rzz_QLayers_5___seed_1_1761468207
8417280,1-Training-Losses/entropy,0.7678540945053101,Pong1PQFM_XObs_entangled_trainable_rzz_QLayers_5___seed_1_1761468207
8421376,1-Training-Losses/entropy,0.7675168514251709,Pong1PQFM_XObs_entangled_trainable_rzz_QLayers_5___seed_1_1761468207
8425472,1-Training-Losses/entropy,0.7947692275047302,Pong1PQFM_XObs_entangled_trainable_rzz_QLayers_5___seed_1_1761468207
8429568,1-Training-Losses/entropy,0.7656664848327637,Pong1PQFM_XObs_entangled_trainable_rzz_QLayers_5___seed_1_1761468207
8433664,1-Training-Losses/entropy,0.8006535172462463,Pong1PQFM_XObs_entangled_trainable_rzz_QLayers_5___seed_1_1761468207
8437760,1-Training-Losses/entropy,0.7709436416625977,Pong1PQFM_XObs_entangled_trainable_rzz_QLayers_5___seed_1_1761468207
8441856,1-Training-Losses/entropy,0.7696012854576111,Pong1PQFM_XObs_entangled_trainable_rzz_QLayers_5___seed_1_1761468207
8445952,1-Training-Losses/entropy,0.7815821766853333,Pong1PQFM_XObs_entangled_trainable_rzz_QLayers_5___seed_1_1761468207
8450048,1-Training-Losses/entropy,0.7792495489120483,Pong1PQFM_XObs_entangled_trainable_rzz_QLayers_5___seed_1_1761468207
8454144,1-Training-Losses/entropy,0.7890892028808594,Pong1PQFM_XObs_entangled_trainable_rzz_QLayers_5___seed_1_1761468207
8458240,1-Training-Losses/entropy,0.7744629383087158,Pong1PQFM_XObs_entangled_trainable_rzz_QLayers_5___seed_1_1761468207
8462336,1-Training-Losses/entropy,0.7619205117225647,Pong1PQFM_XObs_entangled_trainable_rzz_QLayers_5___seed_1_1761468207
8466432,1-Training-Losses/entropy,0.734904408454895,Pong1PQFM_XObs_entangled_trainable_rzz_QLayers_5___seed_1_1761468207
8470528,1-Training-Losses/entropy,0.7947118282318115,Pong1PQFM_XObs_entangled_trainable_rzz_QLayers_5___seed_1_1761468207
8474624,1-Training-Losses/entropy,0.7928266525268555,Pong1PQFM_XObs_entangled_trainable_rzz_QLayers_5___seed_1_1761468207
8478720,1-Training-Losses/entropy,0.7804380655288696,Pong1PQFM_XObs_entangled_trainable_rzz_QLayers_5___seed_1_1761468207
8482816,1-Training-Losses/entropy,0.7565789222717285,Pong1PQFM_XObs_entangled_trainable_rzz_QLayers_5___seed_1_1761468207
8486912,1-Training-Losses/entropy,0.8096822500228882,Pong1PQFM_XObs_entangled_trainable_rzz_QLayers_5___seed_1_1761468207
8491008,1-Training-Losses/entropy,0.7706121206283569,Pong1PQFM_XObs_entangled_trainable_rzz_QLayers_5___seed_1_1761468207
8495104,1-Training-Losses/entropy,0.7435969114303589,Pong1PQFM_XObs_entangled_trainable_rzz_QLayers_5___seed_1_1761468207
8499200,1-Training-Losses/entropy,0.7808989882469177,Pong1PQFM_XObs_entangled_trainable_rzz_QLayers_5___seed_1_1761468207
8503296,1-Training-Losses/entropy,0.7536569833755493,Pong1PQFM_XObs_entangled_trainable_rzz_QLayers_5___seed_1_1761468207
8507392,1-Training-Losses/entropy,0.7823057174682617,Pong1PQFM_XObs_entangled_trainable_rzz_QLayers_5___seed_1_1761468207
8511488,1-Training-Losses/entropy,0.7845054864883423,Pong1PQFM_XObs_entangled_trainable_rzz_QLayers_5___seed_1_1761468207
8515584,1-Training-Losses/entropy,0.8309929370880127,Pong1PQFM_XObs_entangled_trainable_rzz_QLayers_5___seed_1_1761468207
8519680,1-Training-Losses/entropy,0.7647981643676758,Pong1PQFM_XObs_entangled_trainable_rzz_QLayers_5___seed_1_1761468207
8523776,1-Training-Losses/entropy,0.7794839143753052,Pong1PQFM_XObs_entangled_trainable_rzz_QLayers_5___seed_1_1761468207
8527872,1-Training-Losses/entropy,0.7692698836326599,Pong1PQFM_XObs_entangled_trainable_rzz_QLayers_5___seed_1_1761468207
8531968,1-Training-Losses/entropy,0.7459524273872375,Pong1PQFM_XObs_entangled_trainable_rzz_QLayers_5___seed_1_1761468207
8536064,1-Training-Losses/entropy,0.7734321355819702,Pong1PQFM_XObs_entangled_trainable_rzz_QLayers_5___seed_1_1761468207
8540160,1-Training-Losses/entropy,0.7818496823310852,Pong1PQFM_XObs_entangled_trainable_rzz_QLayers_5___seed_1_1761468207
8544256,1-Training-Losses/entropy,0.7942132949829102,Pong1PQFM_XObs_entangled_trainable_rzz_QLayers_5___seed_1_1761468207
8548352,1-Training-Losses/entropy,0.79295814037323,Pong1PQFM_XObs_entangled_trainable_rzz_QLayers_5___seed_1_1761468207
8552448,1-Training-Losses/entropy,0.7861608266830444,Pong1PQFM_XObs_entangled_trainable_rzz_QLayers_5___seed_1_1761468207
8556544,1-Training-Losses/entropy,0.783962607383728,Pong1PQFM_XObs_entangled_trainable_rzz_QLayers_5___seed_1_1761468207
8560640,1-Training-Losses/entropy,0.7631540298461914,Pong1PQFM_XObs_entangled_trainable_rzz_QLayers_5___seed_1_1761468207
8564736,1-Training-Losses/entropy,0.786810040473938,Pong1PQFM_XObs_entangled_trainable_rzz_QLayers_5___seed_1_1761468207
8568832,1-Training-Losses/entropy,0.7923681735992432,Pong1PQFM_XObs_entangled_trainable_rzz_QLayers_5___seed_1_1761468207
8572928,1-Training-Losses/entropy,0.7765775918960571,Pong1PQFM_XObs_entangled_trainable_rzz_QLayers_5___seed_1_1761468207
8577024,1-Training-Losses/entropy,0.7732279896736145,Pong1PQFM_XObs_entangled_trainable_rzz_QLayers_5___seed_1_1761468207
8581120,1-Training-Losses/entropy,0.7816656231880188,Pong1PQFM_XObs_entangled_trainable_rzz_QLayers_5___seed_1_1761468207
8585216,1-Training-Losses/entropy,0.7797449827194214,Pong1PQFM_XObs_entangled_trainable_rzz_QLayers_5___seed_1_1761468207
8589312,1-Training-Losses/entropy,0.7413395643234253,Pong1PQFM_XObs_entangled_trainable_rzz_QLayers_5___seed_1_1761468207
8593408,1-Training-Losses/entropy,0.7930302023887634,Pong1PQFM_XObs_entangled_trainable_rzz_QLayers_5___seed_1_1761468207
8597504,1-Training-Losses/entropy,0.7956997156143188,Pong1PQFM_XObs_entangled_trainable_rzz_QLayers_5___seed_1_1761468207
8601600,1-Training-Losses/entropy,0.7891332507133484,Pong1PQFM_XObs_entangled_trainable_rzz_QLayers_5___seed_1_1761468207
8605696,1-Training-Losses/entropy,0.8011637926101685,Pong1PQFM_XObs_entangled_trainable_rzz_QLayers_5___seed_1_1761468207
8609792,1-Training-Losses/entropy,0.807685911655426,Pong1PQFM_XObs_entangled_trainable_rzz_QLayers_5___seed_1_1761468207
8613888,1-Training-Losses/entropy,0.7493579387664795,Pong1PQFM_XObs_entangled_trainable_rzz_QLayers_5___seed_1_1761468207
8617984,1-Training-Losses/entropy,0.7664332985877991,Pong1PQFM_XObs_entangled_trainable_rzz_QLayers_5___seed_1_1761468207
8622080,1-Training-Losses/entropy,0.8127479553222656,Pong1PQFM_XObs_entangled_trainable_rzz_QLayers_5___seed_1_1761468207
8626176,1-Training-Losses/entropy,0.829083263874054,Pong1PQFM_XObs_entangled_trainable_rzz_QLayers_5___seed_1_1761468207
8630272,1-Training-Losses/entropy,0.8271716833114624,Pong1PQFM_XObs_entangled_trainable_rzz_QLayers_5___seed_1_1761468207
8634368,1-Training-Losses/entropy,0.7711477279663086,Pong1PQFM_XObs_entangled_trainable_rzz_QLayers_5___seed_1_1761468207
8638464,1-Training-Losses/entropy,0.783652126789093,Pong1PQFM_XObs_entangled_trainable_rzz_QLayers_5___seed_1_1761468207
8642560,1-Training-Losses/entropy,0.7703420519828796,Pong1PQFM_XObs_entangled_trainable_rzz_QLayers_5___seed_1_1761468207
8646656,1-Training-Losses/entropy,0.7594901323318481,Pong1PQFM_XObs_entangled_trainable_rzz_QLayers_5___seed_1_1761468207
8650752,1-Training-Losses/entropy,0.7366228103637695,Pong1PQFM_XObs_entangled_trainable_rzz_QLayers_5___seed_1_1761468207
8654848,1-Training-Losses/entropy,0.810348629951477,Pong1PQFM_XObs_entangled_trainable_rzz_QLayers_5___seed_1_1761468207
8658944,1-Training-Losses/entropy,0.7877466678619385,Pong1PQFM_XObs_entangled_trainable_rzz_QLayers_5___seed_1_1761468207
8663040,1-Training-Losses/entropy,0.7970936298370361,Pong1PQFM_XObs_entangled_trainable_rzz_QLayers_5___seed_1_1761468207
8667136,1-Training-Losses/entropy,0.7676378488540649,Pong1PQFM_XObs_entangled_trainable_rzz_QLayers_5___seed_1_1761468207
8671232,1-Training-Losses/entropy,0.7803502678871155,Pong1PQFM_XObs_entangled_trainable_rzz_QLayers_5___seed_1_1761468207
8675328,1-Training-Losses/entropy,0.7449054718017578,Pong1PQFM_XObs_entangled_trainable_rzz_QLayers_5___seed_1_1761468207
8679424,1-Training-Losses/entropy,0.8029236197471619,Pong1PQFM_XObs_entangled_trainable_rzz_QLayers_5___seed_1_1761468207
8683520,1-Training-Losses/entropy,0.8013345003128052,Pong1PQFM_XObs_entangled_trainable_rzz_QLayers_5___seed_1_1761468207
8687616,1-Training-Losses/entropy,0.7904419302940369,Pong1PQFM_XObs_entangled_trainable_rzz_QLayers_5___seed_1_1761468207
8691712,1-Training-Losses/entropy,0.7905764579772949,Pong1PQFM_XObs_entangled_trainable_rzz_QLayers_5___seed_1_1761468207
8695808,1-Training-Losses/entropy,0.761567234992981,Pong1PQFM_XObs_entangled_trainable_rzz_QLayers_5___seed_1_1761468207
8699904,1-Training-Losses/entropy,0.7682363986968994,Pong1PQFM_XObs_entangled_trainable_rzz_QLayers_5___seed_1_1761468207
8704000,1-Training-Losses/entropy,0.772037148475647,Pong1PQFM_XObs_entangled_trainable_rzz_QLayers_5___seed_1_1761468207
8708096,1-Training-Losses/entropy,0.7549830675125122,Pong1PQFM_XObs_entangled_trainable_rzz_QLayers_5___seed_1_1761468207
8712192,1-Training-Losses/entropy,0.765616774559021,Pong1PQFM_XObs_entangled_trainable_rzz_QLayers_5___seed_1_1761468207
8716288,1-Training-Losses/entropy,0.7778646349906921,Pong1PQFM_XObs_entangled_trainable_rzz_QLayers_5___seed_1_1761468207
8720384,1-Training-Losses/entropy,0.7996814846992493,Pong1PQFM_XObs_entangled_trainable_rzz_QLayers_5___seed_1_1761468207
8724480,1-Training-Losses/entropy,0.8046780824661255,Pong1PQFM_XObs_entangled_trainable_rzz_QLayers_5___seed_1_1761468207
8728576,1-Training-Losses/entropy,0.7888996601104736,Pong1PQFM_XObs_entangled_trainable_rzz_QLayers_5___seed_1_1761468207
8732672,1-Training-Losses/entropy,0.8010267615318298,Pong1PQFM_XObs_entangled_trainable_rzz_QLayers_5___seed_1_1761468207
8736768,1-Training-Losses/entropy,0.8044174909591675,Pong1PQFM_XObs_entangled_trainable_rzz_QLayers_5___seed_1_1761468207
8740864,1-Training-Losses/entropy,0.7781476974487305,Pong1PQFM_XObs_entangled_trainable_rzz_QLayers_5___seed_1_1761468207
8744960,1-Training-Losses/entropy,0.7802226543426514,Pong1PQFM_XObs_entangled_trainable_rzz_QLayers_5___seed_1_1761468207
8749056,1-Training-Losses/entropy,0.8162112236022949,Pong1PQFM_XObs_entangled_trainable_rzz_QLayers_5___seed_1_1761468207
8753152,1-Training-Losses/entropy,0.8085100650787354,Pong1PQFM_XObs_entangled_trainable_rzz_QLayers_5___seed_1_1761468207
8757248,1-Training-Losses/entropy,0.7660053968429565,Pong1PQFM_XObs_entangled_trainable_rzz_QLayers_5___seed_1_1761468207
8761344,1-Training-Losses/entropy,0.7816802263259888,Pong1PQFM_XObs_entangled_trainable_rzz_QLayers_5___seed_1_1761468207
8765440,1-Training-Losses/entropy,0.7924398183822632,Pong1PQFM_XObs_entangled_trainable_rzz_QLayers_5___seed_1_1761468207
8769536,1-Training-Losses/entropy,0.7870132923126221,Pong1PQFM_XObs_entangled_trainable_rzz_QLayers_5___seed_1_1761468207
8773632,1-Training-Losses/entropy,0.78622967004776,Pong1PQFM_XObs_entangled_trainable_rzz_QLayers_5___seed_1_1761468207
8777728,1-Training-Losses/entropy,0.7848116159439087,Pong1PQFM_XObs_entangled_trainable_rzz_QLayers_5___seed_1_1761468207
8781824,1-Training-Losses/entropy,0.784183919429779,Pong1PQFM_XObs_entangled_trainable_rzz_QLayers_5___seed_1_1761468207
8785920,1-Training-Losses/entropy,0.7787004709243774,Pong1PQFM_XObs_entangled_trainable_rzz_QLayers_5___seed_1_1761468207
8790016,1-Training-Losses/entropy,0.7614091038703918,Pong1PQFM_XObs_entangled_trainable_rzz_QLayers_5___seed_1_1761468207
8794112,1-Training-Losses/entropy,0.792029619216919,Pong1PQFM_XObs_entangled_trainable_rzz_QLayers_5___seed_1_1761468207
8798208,1-Training-Losses/entropy,0.8098393678665161,Pong1PQFM_XObs_entangled_trainable_rzz_QLayers_5___seed_1_1761468207
8802304,1-Training-Losses/entropy,0.8084868788719177,Pong1PQFM_XObs_entangled_trainable_rzz_QLayers_5___seed_1_1761468207
8806400,1-Training-Losses/entropy,0.7733603119850159,Pong1PQFM_XObs_entangled_trainable_rzz_QLayers_5___seed_1_1761468207
8810496,1-Training-Losses/entropy,0.7927162051200867,Pong1PQFM_XObs_entangled_trainable_rzz_QLayers_5___seed_1_1761468207
8814592,1-Training-Losses/entropy,0.7690693140029907,Pong1PQFM_XObs_entangled_trainable_rzz_QLayers_5___seed_1_1761468207
8818688,1-Training-Losses/entropy,0.7769967913627625,Pong1PQFM_XObs_entangled_trainable_rzz_QLayers_5___seed_1_1761468207
8822784,1-Training-Losses/entropy,0.7815743684768677,Pong1PQFM_XObs_entangled_trainable_rzz_QLayers_5___seed_1_1761468207
8826880,1-Training-Losses/entropy,0.7916666269302368,Pong1PQFM_XObs_entangled_trainable_rzz_QLayers_5___seed_1_1761468207
8830976,1-Training-Losses/entropy,0.7783327102661133,Pong1PQFM_XObs_entangled_trainable_rzz_QLayers_5___seed_1_1761468207
8835072,1-Training-Losses/entropy,0.7756497859954834,Pong1PQFM_XObs_entangled_trainable_rzz_QLayers_5___seed_1_1761468207
8839168,1-Training-Losses/entropy,0.808566689491272,Pong1PQFM_XObs_entangled_trainable_rzz_QLayers_5___seed_1_1761468207
8843264,1-Training-Losses/entropy,0.7789866924285889,Pong1PQFM_XObs_entangled_trainable_rzz_QLayers_5___seed_1_1761468207
8847360,1-Training-Losses/entropy,0.7772511839866638,Pong1PQFM_XObs_entangled_trainable_rzz_QLayers_5___seed_1_1761468207
8851456,1-Training-Losses/entropy,0.796765923500061,Pong1PQFM_XObs_entangled_trainable_rzz_QLayers_5___seed_1_1761468207
8855552,1-Training-Losses/entropy,0.7718034386634827,Pong1PQFM_XObs_entangled_trainable_rzz_QLayers_5___seed_1_1761468207
8859648,1-Training-Losses/entropy,0.7900069952011108,Pong1PQFM_XObs_entangled_trainable_rzz_QLayers_5___seed_1_1761468207
8863744,1-Training-Losses/entropy,0.7969463467597961,Pong1PQFM_XObs_entangled_trainable_rzz_QLayers_5___seed_1_1761468207
8867840,1-Training-Losses/entropy,0.8137980699539185,Pong1PQFM_XObs_entangled_trainable_rzz_QLayers_5___seed_1_1761468207
8871936,1-Training-Losses/entropy,0.7642197012901306,Pong1PQFM_XObs_entangled_trainable_rzz_QLayers_5___seed_1_1761468207
8876032,1-Training-Losses/entropy,0.7702074646949768,Pong1PQFM_XObs_entangled_trainable_rzz_QLayers_5___seed_1_1761468207
8880128,1-Training-Losses/entropy,0.7584718465805054,Pong1PQFM_XObs_entangled_trainable_rzz_QLayers_5___seed_1_1761468207
8884224,1-Training-Losses/entropy,0.7746862769126892,Pong1PQFM_XObs_entangled_trainable_rzz_QLayers_5___seed_1_1761468207
8888320,1-Training-Losses/entropy,0.7974156141281128,Pong1PQFM_XObs_entangled_trainable_rzz_QLayers_5___seed_1_1761468207
8892416,1-Training-Losses/entropy,0.7688257694244385,Pong1PQFM_XObs_entangled_trainable_rzz_QLayers_5___seed_1_1761468207
8896512,1-Training-Losses/entropy,0.7829647064208984,Pong1PQFM_XObs_entangled_trainable_rzz_QLayers_5___seed_1_1761468207
8900608,1-Training-Losses/entropy,0.7751801609992981,Pong1PQFM_XObs_entangled_trainable_rzz_QLayers_5___seed_1_1761468207
8904704,1-Training-Losses/entropy,0.7829856276512146,Pong1PQFM_XObs_entangled_trainable_rzz_QLayers_5___seed_1_1761468207
8908800,1-Training-Losses/entropy,0.7534781098365784,Pong1PQFM_XObs_entangled_trainable_rzz_QLayers_5___seed_1_1761468207
8912896,1-Training-Losses/entropy,0.7813772559165955,Pong1PQFM_XObs_entangled_trainable_rzz_QLayers_5___seed_1_1761468207
8916992,1-Training-Losses/entropy,0.7524176836013794,Pong1PQFM_XObs_entangled_trainable_rzz_QLayers_5___seed_1_1761468207
8921088,1-Training-Losses/entropy,0.7862163186073303,Pong1PQFM_XObs_entangled_trainable_rzz_QLayers_5___seed_1_1761468207
8925184,1-Training-Losses/entropy,0.7912836074829102,Pong1PQFM_XObs_entangled_trainable_rzz_QLayers_5___seed_1_1761468207
8929280,1-Training-Losses/entropy,0.7941216230392456,Pong1PQFM_XObs_entangled_trainable_rzz_QLayers_5___seed_1_1761468207
8933376,1-Training-Losses/entropy,0.7915586829185486,Pong1PQFM_XObs_entangled_trainable_rzz_QLayers_5___seed_1_1761468207
8937472,1-Training-Losses/entropy,0.7958550453186035,Pong1PQFM_XObs_entangled_trainable_rzz_QLayers_5___seed_1_1761468207
8941568,1-Training-Losses/entropy,0.773964524269104,Pong1PQFM_XObs_entangled_trainable_rzz_QLayers_5___seed_1_1761468207
8945664,1-Training-Losses/entropy,0.783230185508728,Pong1PQFM_XObs_entangled_trainable_rzz_QLayers_5___seed_1_1761468207
8949760,1-Training-Losses/entropy,0.7822327613830566,Pong1PQFM_XObs_entangled_trainable_rzz_QLayers_5___seed_1_1761468207
8953856,1-Training-Losses/entropy,0.7684470415115356,Pong1PQFM_XObs_entangled_trainable_rzz_QLayers_5___seed_1_1761468207
8957952,1-Training-Losses/entropy,0.7804156541824341,Pong1PQFM_XObs_entangled_trainable_rzz_QLayers_5___seed_1_1761468207
8962048,1-Training-Losses/entropy,0.7633881568908691,Pong1PQFM_XObs_entangled_trainable_rzz_QLayers_5___seed_1_1761468207
8966144,1-Training-Losses/entropy,0.7798523902893066,Pong1PQFM_XObs_entangled_trainable_rzz_QLayers_5___seed_1_1761468207
8970240,1-Training-Losses/entropy,0.7883449792861938,Pong1PQFM_XObs_entangled_trainable_rzz_QLayers_5___seed_1_1761468207
8974336,1-Training-Losses/entropy,0.777011513710022,Pong1PQFM_XObs_entangled_trainable_rzz_QLayers_5___seed_1_1761468207
8978432,1-Training-Losses/entropy,0.7771272659301758,Pong1PQFM_XObs_entangled_trainable_rzz_QLayers_5___seed_1_1761468207
8982528,1-Training-Losses/entropy,0.7923773527145386,Pong1PQFM_XObs_entangled_trainable_rzz_QLayers_5___seed_1_1761468207
8986624,1-Training-Losses/entropy,0.7780202627182007,Pong1PQFM_XObs_entangled_trainable_rzz_QLayers_5___seed_1_1761468207
8990720,1-Training-Losses/entropy,0.7458181977272034,Pong1PQFM_XObs_entangled_trainable_rzz_QLayers_5___seed_1_1761468207
8994816,1-Training-Losses/entropy,0.7610175609588623,Pong1PQFM_XObs_entangled_trainable_rzz_QLayers_5___seed_1_1761468207
8998912,1-Training-Losses/entropy,0.7654950618743896,Pong1PQFM_XObs_entangled_trainable_rzz_QLayers_5___seed_1_1761468207
9003008,1-Training-Losses/entropy,0.7898716926574707,Pong1PQFM_XObs_entangled_trainable_rzz_QLayers_5___seed_1_1761468207
9007104,1-Training-Losses/entropy,0.7835975885391235,Pong1PQFM_XObs_entangled_trainable_rzz_QLayers_5___seed_1_1761468207
9011200,1-Training-Losses/entropy,0.7584912180900574,Pong1PQFM_XObs_entangled_trainable_rzz_QLayers_5___seed_1_1761468207
9015296,1-Training-Losses/entropy,0.7244640588760376,Pong1PQFM_XObs_entangled_trainable_rzz_QLayers_5___seed_1_1761468207
9019392,1-Training-Losses/entropy,0.7680109739303589,Pong1PQFM_XObs_entangled_trainable_rzz_QLayers_5___seed_1_1761468207
9023488,1-Training-Losses/entropy,0.7700281143188477,Pong1PQFM_XObs_entangled_trainable_rzz_QLayers_5___seed_1_1761468207
9027584,1-Training-Losses/entropy,0.7588756680488586,Pong1PQFM_XObs_entangled_trainable_rzz_QLayers_5___seed_1_1761468207
9031680,1-Training-Losses/entropy,0.7708740234375,Pong1PQFM_XObs_entangled_trainable_rzz_QLayers_5___seed_1_1761468207
9035776,1-Training-Losses/entropy,0.7973282337188721,Pong1PQFM_XObs_entangled_trainable_rzz_QLayers_5___seed_1_1761468207
9039872,1-Training-Losses/entropy,0.8047131896018982,Pong1PQFM_XObs_entangled_trainable_rzz_QLayers_5___seed_1_1761468207
9043968,1-Training-Losses/entropy,0.7426614165306091,Pong1PQFM_XObs_entangled_trainable_rzz_QLayers_5___seed_1_1761468207
9048064,1-Training-Losses/entropy,0.7656553387641907,Pong1PQFM_XObs_entangled_trainable_rzz_QLayers_5___seed_1_1761468207
9052160,1-Training-Losses/entropy,0.7761478424072266,Pong1PQFM_XObs_entangled_trainable_rzz_QLayers_5___seed_1_1761468207
9056256,1-Training-Losses/entropy,0.797730028629303,Pong1PQFM_XObs_entangled_trainable_rzz_QLayers_5___seed_1_1761468207
9060352,1-Training-Losses/entropy,0.7565716505050659,Pong1PQFM_XObs_entangled_trainable_rzz_QLayers_5___seed_1_1761468207
9064448,1-Training-Losses/entropy,0.802085280418396,Pong1PQFM_XObs_entangled_trainable_rzz_QLayers_5___seed_1_1761468207
9068544,1-Training-Losses/entropy,0.7855249643325806,Pong1PQFM_XObs_entangled_trainable_rzz_QLayers_5___seed_1_1761468207
9072640,1-Training-Losses/entropy,0.7816711068153381,Pong1PQFM_XObs_entangled_trainable_rzz_QLayers_5___seed_1_1761468207
9076736,1-Training-Losses/entropy,0.7643466591835022,Pong1PQFM_XObs_entangled_trainable_rzz_QLayers_5___seed_1_1761468207
9080832,1-Training-Losses/entropy,0.7763848900794983,Pong1PQFM_XObs_entangled_trainable_rzz_QLayers_5___seed_1_1761468207
9084928,1-Training-Losses/entropy,0.8165969848632812,Pong1PQFM_XObs_entangled_trainable_rzz_QLayers_5___seed_1_1761468207
9089024,1-Training-Losses/entropy,0.7788875102996826,Pong1PQFM_XObs_entangled_trainable_rzz_QLayers_5___seed_1_1761468207
9093120,1-Training-Losses/entropy,0.7678709626197815,Pong1PQFM_XObs_entangled_trainable_rzz_QLayers_5___seed_1_1761468207
9097216,1-Training-Losses/entropy,0.7414160370826721,Pong1PQFM_XObs_entangled_trainable_rzz_QLayers_5___seed_1_1761468207
9101312,1-Training-Losses/entropy,0.7871793508529663,Pong1PQFM_XObs_entangled_trainable_rzz_QLayers_5___seed_1_1761468207
9105408,1-Training-Losses/entropy,0.7701990604400635,Pong1PQFM_XObs_entangled_trainable_rzz_QLayers_5___seed_1_1761468207
9109504,1-Training-Losses/entropy,0.7629892826080322,Pong1PQFM_XObs_entangled_trainable_rzz_QLayers_5___seed_1_1761468207
9113600,1-Training-Losses/entropy,0.7689945697784424,Pong1PQFM_XObs_entangled_trainable_rzz_QLayers_5___seed_1_1761468207
9117696,1-Training-Losses/entropy,0.7513761520385742,Pong1PQFM_XObs_entangled_trainable_rzz_QLayers_5___seed_1_1761468207
9121792,1-Training-Losses/entropy,0.756672739982605,Pong1PQFM_XObs_entangled_trainable_rzz_QLayers_5___seed_1_1761468207
9125888,1-Training-Losses/entropy,0.7869478464126587,Pong1PQFM_XObs_entangled_trainable_rzz_QLayers_5___seed_1_1761468207
9129984,1-Training-Losses/entropy,0.7660029530525208,Pong1PQFM_XObs_entangled_trainable_rzz_QLayers_5___seed_1_1761468207
9134080,1-Training-Losses/entropy,0.8136669993400574,Pong1PQFM_XObs_entangled_trainable_rzz_QLayers_5___seed_1_1761468207
9138176,1-Training-Losses/entropy,0.7901756763458252,Pong1PQFM_XObs_entangled_trainable_rzz_QLayers_5___seed_1_1761468207
9142272,1-Training-Losses/entropy,0.7870603799819946,Pong1PQFM_XObs_entangled_trainable_rzz_QLayers_5___seed_1_1761468207
9146368,1-Training-Losses/entropy,0.804641842842102,Pong1PQFM_XObs_entangled_trainable_rzz_QLayers_5___seed_1_1761468207
9150464,1-Training-Losses/entropy,0.7814046144485474,Pong1PQFM_XObs_entangled_trainable_rzz_QLayers_5___seed_1_1761468207
9154560,1-Training-Losses/entropy,0.7860303521156311,Pong1PQFM_XObs_entangled_trainable_rzz_QLayers_5___seed_1_1761468207
9158656,1-Training-Losses/entropy,0.7611713409423828,Pong1PQFM_XObs_entangled_trainable_rzz_QLayers_5___seed_1_1761468207
9162752,1-Training-Losses/entropy,0.7606344223022461,Pong1PQFM_XObs_entangled_trainable_rzz_QLayers_5___seed_1_1761468207
9166848,1-Training-Losses/entropy,0.7895464897155762,Pong1PQFM_XObs_entangled_trainable_rzz_QLayers_5___seed_1_1761468207
9170944,1-Training-Losses/entropy,0.8215097188949585,Pong1PQFM_XObs_entangled_trainable_rzz_QLayers_5___seed_1_1761468207
9175040,1-Training-Losses/entropy,0.7676759958267212,Pong1PQFM_XObs_entangled_trainable_rzz_QLayers_5___seed_1_1761468207
9179136,1-Training-Losses/entropy,0.7766475081443787,Pong1PQFM_XObs_entangled_trainable_rzz_QLayers_5___seed_1_1761468207
9183232,1-Training-Losses/entropy,0.8077414035797119,Pong1PQFM_XObs_entangled_trainable_rzz_QLayers_5___seed_1_1761468207
9187328,1-Training-Losses/entropy,0.7973482608795166,Pong1PQFM_XObs_entangled_trainable_rzz_QLayers_5___seed_1_1761468207
9191424,1-Training-Losses/entropy,0.7501388192176819,Pong1PQFM_XObs_entangled_trainable_rzz_QLayers_5___seed_1_1761468207
9195520,1-Training-Losses/entropy,0.8055533766746521,Pong1PQFM_XObs_entangled_trainable_rzz_QLayers_5___seed_1_1761468207
9199616,1-Training-Losses/entropy,0.7773424386978149,Pong1PQFM_XObs_entangled_trainable_rzz_QLayers_5___seed_1_1761468207
9203712,1-Training-Losses/entropy,0.8321298360824585,Pong1PQFM_XObs_entangled_trainable_rzz_QLayers_5___seed_1_1761468207
9207808,1-Training-Losses/entropy,0.8023670315742493,Pong1PQFM_XObs_entangled_trainable_rzz_QLayers_5___seed_1_1761468207
9211904,1-Training-Losses/entropy,0.7707951664924622,Pong1PQFM_XObs_entangled_trainable_rzz_QLayers_5___seed_1_1761468207
9216000,1-Training-Losses/entropy,0.7843611240386963,Pong1PQFM_XObs_entangled_trainable_rzz_QLayers_5___seed_1_1761468207
9220096,1-Training-Losses/entropy,0.8157630562782288,Pong1PQFM_XObs_entangled_trainable_rzz_QLayers_5___seed_1_1761468207
9224192,1-Training-Losses/entropy,0.7756608724594116,Pong1PQFM_XObs_entangled_trainable_rzz_QLayers_5___seed_1_1761468207
9228288,1-Training-Losses/entropy,0.7728322744369507,Pong1PQFM_XObs_entangled_trainable_rzz_QLayers_5___seed_1_1761468207
9232384,1-Training-Losses/entropy,0.8044857978820801,Pong1PQFM_XObs_entangled_trainable_rzz_QLayers_5___seed_1_1761468207
9236480,1-Training-Losses/entropy,0.7391180992126465,Pong1PQFM_XObs_entangled_trainable_rzz_QLayers_5___seed_1_1761468207
9240576,1-Training-Losses/entropy,0.767977237701416,Pong1PQFM_XObs_entangled_trainable_rzz_QLayers_5___seed_1_1761468207
9244672,1-Training-Losses/entropy,0.7870578765869141,Pong1PQFM_XObs_entangled_trainable_rzz_QLayers_5___seed_1_1761468207
9248768,1-Training-Losses/entropy,0.804990291595459,Pong1PQFM_XObs_entangled_trainable_rzz_QLayers_5___seed_1_1761468207
9252864,1-Training-Losses/entropy,0.7788933515548706,Pong1PQFM_XObs_entangled_trainable_rzz_QLayers_5___seed_1_1761468207
9256960,1-Training-Losses/entropy,0.8163385391235352,Pong1PQFM_XObs_entangled_trainable_rzz_QLayers_5___seed_1_1761468207
9261056,1-Training-Losses/entropy,0.8064237833023071,Pong1PQFM_XObs_entangled_trainable_rzz_QLayers_5___seed_1_1761468207
9265152,1-Training-Losses/entropy,0.762239933013916,Pong1PQFM_XObs_entangled_trainable_rzz_QLayers_5___seed_1_1761468207
9269248,1-Training-Losses/entropy,0.7963621020317078,Pong1PQFM_XObs_entangled_trainable_rzz_QLayers_5___seed_1_1761468207
9273344,1-Training-Losses/entropy,0.7714114189147949,Pong1PQFM_XObs_entangled_trainable_rzz_QLayers_5___seed_1_1761468207
9277440,1-Training-Losses/entropy,0.7684286832809448,Pong1PQFM_XObs_entangled_trainable_rzz_QLayers_5___seed_1_1761468207
9281536,1-Training-Losses/entropy,0.7874369621276855,Pong1PQFM_XObs_entangled_trainable_rzz_QLayers_5___seed_1_1761468207
9285632,1-Training-Losses/entropy,0.7568308115005493,Pong1PQFM_XObs_entangled_trainable_rzz_QLayers_5___seed_1_1761468207
9289728,1-Training-Losses/entropy,0.7866480350494385,Pong1PQFM_XObs_entangled_trainable_rzz_QLayers_5___seed_1_1761468207
9293824,1-Training-Losses/entropy,0.7576993703842163,Pong1PQFM_XObs_entangled_trainable_rzz_QLayers_5___seed_1_1761468207
9297920,1-Training-Losses/entropy,0.776906430721283,Pong1PQFM_XObs_entangled_trainable_rzz_QLayers_5___seed_1_1761468207
9302016,1-Training-Losses/entropy,0.7934988141059875,Pong1PQFM_XObs_entangled_trainable_rzz_QLayers_5___seed_1_1761468207
9306112,1-Training-Losses/entropy,0.7599087357521057,Pong1PQFM_XObs_entangled_trainable_rzz_QLayers_5___seed_1_1761468207
9310208,1-Training-Losses/entropy,0.7777124643325806,Pong1PQFM_XObs_entangled_trainable_rzz_QLayers_5___seed_1_1761468207
9314304,1-Training-Losses/entropy,0.7907740473747253,Pong1PQFM_XObs_entangled_trainable_rzz_QLayers_5___seed_1_1761468207
9318400,1-Training-Losses/entropy,0.7752826809883118,Pong1PQFM_XObs_entangled_trainable_rzz_QLayers_5___seed_1_1761468207
9322496,1-Training-Losses/entropy,0.7854112982749939,Pong1PQFM_XObs_entangled_trainable_rzz_QLayers_5___seed_1_1761468207
9326592,1-Training-Losses/entropy,0.7870521545410156,Pong1PQFM_XObs_entangled_trainable_rzz_QLayers_5___seed_1_1761468207
9330688,1-Training-Losses/entropy,0.7878059148788452,Pong1PQFM_XObs_entangled_trainable_rzz_QLayers_5___seed_1_1761468207
9334784,1-Training-Losses/entropy,0.8048064112663269,Pong1PQFM_XObs_entangled_trainable_rzz_QLayers_5___seed_1_1761468207
9338880,1-Training-Losses/entropy,0.7991729974746704,Pong1PQFM_XObs_entangled_trainable_rzz_QLayers_5___seed_1_1761468207
9342976,1-Training-Losses/entropy,0.7784293293952942,Pong1PQFM_XObs_entangled_trainable_rzz_QLayers_5___seed_1_1761468207
9347072,1-Training-Losses/entropy,0.7473620176315308,Pong1PQFM_XObs_entangled_trainable_rzz_QLayers_5___seed_1_1761468207
9351168,1-Training-Losses/entropy,0.7659094333648682,Pong1PQFM_XObs_entangled_trainable_rzz_QLayers_5___seed_1_1761468207
9355264,1-Training-Losses/entropy,0.7651271820068359,Pong1PQFM_XObs_entangled_trainable_rzz_QLayers_5___seed_1_1761468207
9359360,1-Training-Losses/entropy,0.8026126623153687,Pong1PQFM_XObs_entangled_trainable_rzz_QLayers_5___seed_1_1761468207
9363456,1-Training-Losses/entropy,0.7983947992324829,Pong1PQFM_XObs_entangled_trainable_rzz_QLayers_5___seed_1_1761468207
9367552,1-Training-Losses/entropy,0.7946902513504028,Pong1PQFM_XObs_entangled_trainable_rzz_QLayers_5___seed_1_1761468207
9371648,1-Training-Losses/entropy,0.7677029371261597,Pong1PQFM_XObs_entangled_trainable_rzz_QLayers_5___seed_1_1761468207
9375744,1-Training-Losses/entropy,0.7886769771575928,Pong1PQFM_XObs_entangled_trainable_rzz_QLayers_5___seed_1_1761468207
9379840,1-Training-Losses/entropy,0.8402748107910156,Pong1PQFM_XObs_entangled_trainable_rzz_QLayers_5___seed_1_1761468207
9383936,1-Training-Losses/entropy,0.8049170970916748,Pong1PQFM_XObs_entangled_trainable_rzz_QLayers_5___seed_1_1761468207
9388032,1-Training-Losses/entropy,0.751542866230011,Pong1PQFM_XObs_entangled_trainable_rzz_QLayers_5___seed_1_1761468207
9392128,1-Training-Losses/entropy,0.791779100894928,Pong1PQFM_XObs_entangled_trainable_rzz_QLayers_5___seed_1_1761468207
9396224,1-Training-Losses/entropy,0.7639437913894653,Pong1PQFM_XObs_entangled_trainable_rzz_QLayers_5___seed_1_1761468207
9400320,1-Training-Losses/entropy,0.7995502948760986,Pong1PQFM_XObs_entangled_trainable_rzz_QLayers_5___seed_1_1761468207
9404416,1-Training-Losses/entropy,0.7858245372772217,Pong1PQFM_XObs_entangled_trainable_rzz_QLayers_5___seed_1_1761468207
9408512,1-Training-Losses/entropy,0.7913882732391357,Pong1PQFM_XObs_entangled_trainable_rzz_QLayers_5___seed_1_1761468207
9412608,1-Training-Losses/entropy,0.7964229583740234,Pong1PQFM_XObs_entangled_trainable_rzz_QLayers_5___seed_1_1761468207
9416704,1-Training-Losses/entropy,0.7874003052711487,Pong1PQFM_XObs_entangled_trainable_rzz_QLayers_5___seed_1_1761468207
9420800,1-Training-Losses/entropy,0.8241716027259827,Pong1PQFM_XObs_entangled_trainable_rzz_QLayers_5___seed_1_1761468207
9424896,1-Training-Losses/entropy,0.7834821939468384,Pong1PQFM_XObs_entangled_trainable_rzz_QLayers_5___seed_1_1761468207
9428992,1-Training-Losses/entropy,0.7977716326713562,Pong1PQFM_XObs_entangled_trainable_rzz_QLayers_5___seed_1_1761468207
9433088,1-Training-Losses/entropy,0.7537509202957153,Pong1PQFM_XObs_entangled_trainable_rzz_QLayers_5___seed_1_1761468207
9437184,1-Training-Losses/entropy,0.7874416708946228,Pong1PQFM_XObs_entangled_trainable_rzz_QLayers_5___seed_1_1761468207
9441280,1-Training-Losses/entropy,0.7815383672714233,Pong1PQFM_XObs_entangled_trainable_rzz_QLayers_5___seed_1_1761468207
9445376,1-Training-Losses/entropy,0.7844176292419434,Pong1PQFM_XObs_entangled_trainable_rzz_QLayers_5___seed_1_1761468207
9449472,1-Training-Losses/entropy,0.8014881610870361,Pong1PQFM_XObs_entangled_trainable_rzz_QLayers_5___seed_1_1761468207
9453568,1-Training-Losses/entropy,0.803156852722168,Pong1PQFM_XObs_entangled_trainable_rzz_QLayers_5___seed_1_1761468207
9457664,1-Training-Losses/entropy,0.8107106685638428,Pong1PQFM_XObs_entangled_trainable_rzz_QLayers_5___seed_1_1761468207
9461760,1-Training-Losses/entropy,0.8028227090835571,Pong1PQFM_XObs_entangled_trainable_rzz_QLayers_5___seed_1_1761468207
9465856,1-Training-Losses/entropy,0.7413004040718079,Pong1PQFM_XObs_entangled_trainable_rzz_QLayers_5___seed_1_1761468207
9469952,1-Training-Losses/entropy,0.7500919699668884,Pong1PQFM_XObs_entangled_trainable_rzz_QLayers_5___seed_1_1761468207
9474048,1-Training-Losses/entropy,0.7798185348510742,Pong1PQFM_XObs_entangled_trainable_rzz_QLayers_5___seed_1_1761468207
9478144,1-Training-Losses/entropy,0.7840757966041565,Pong1PQFM_XObs_entangled_trainable_rzz_QLayers_5___seed_1_1761468207
9482240,1-Training-Losses/entropy,0.7943987846374512,Pong1PQFM_XObs_entangled_trainable_rzz_QLayers_5___seed_1_1761468207
9486336,1-Training-Losses/entropy,0.7863153219223022,Pong1PQFM_XObs_entangled_trainable_rzz_QLayers_5___seed_1_1761468207
9490432,1-Training-Losses/entropy,0.8014037609100342,Pong1PQFM_XObs_entangled_trainable_rzz_QLayers_5___seed_1_1761468207
9494528,1-Training-Losses/entropy,0.8006512522697449,Pong1PQFM_XObs_entangled_trainable_rzz_QLayers_5___seed_1_1761468207
9498624,1-Training-Losses/entropy,0.817996621131897,Pong1PQFM_XObs_entangled_trainable_rzz_QLayers_5___seed_1_1761468207
9502720,1-Training-Losses/entropy,0.7926920056343079,Pong1PQFM_XObs_entangled_trainable_rzz_QLayers_5___seed_1_1761468207
9506816,1-Training-Losses/entropy,0.7699509859085083,Pong1PQFM_XObs_entangled_trainable_rzz_QLayers_5___seed_1_1761468207
9510912,1-Training-Losses/entropy,0.7542229890823364,Pong1PQFM_XObs_entangled_trainable_rzz_QLayers_5___seed_1_1761468207
9515008,1-Training-Losses/entropy,0.7837014198303223,Pong1PQFM_XObs_entangled_trainable_rzz_QLayers_5___seed_1_1761468207
9519104,1-Training-Losses/entropy,0.7880346775054932,Pong1PQFM_XObs_entangled_trainable_rzz_QLayers_5___seed_1_1761468207
9523200,1-Training-Losses/entropy,0.7992908954620361,Pong1PQFM_XObs_entangled_trainable_rzz_QLayers_5___seed_1_1761468207
9527296,1-Training-Losses/entropy,0.7997007369995117,Pong1PQFM_XObs_entangled_trainable_rzz_QLayers_5___seed_1_1761468207
9531392,1-Training-Losses/entropy,0.7847806811332703,Pong1PQFM_XObs_entangled_trainable_rzz_QLayers_5___seed_1_1761468207
9535488,1-Training-Losses/entropy,0.7783932089805603,Pong1PQFM_XObs_entangled_trainable_rzz_QLayers_5___seed_1_1761468207
9539584,1-Training-Losses/entropy,0.7829533815383911,Pong1PQFM_XObs_entangled_trainable_rzz_QLayers_5___seed_1_1761468207
9543680,1-Training-Losses/entropy,0.757742166519165,Pong1PQFM_XObs_entangled_trainable_rzz_QLayers_5___seed_1_1761468207
9547776,1-Training-Losses/entropy,0.7927524447441101,Pong1PQFM_XObs_entangled_trainable_rzz_QLayers_5___seed_1_1761468207
9551872,1-Training-Losses/entropy,0.807698130607605,Pong1PQFM_XObs_entangled_trainable_rzz_QLayers_5___seed_1_1761468207
9555968,1-Training-Losses/entropy,0.7885292768478394,Pong1PQFM_XObs_entangled_trainable_rzz_QLayers_5___seed_1_1761468207
9560064,1-Training-Losses/entropy,0.7594972252845764,Pong1PQFM_XObs_entangled_trainable_rzz_QLayers_5___seed_1_1761468207
9564160,1-Training-Losses/entropy,0.7777402997016907,Pong1PQFM_XObs_entangled_trainable_rzz_QLayers_5___seed_1_1761468207
9568256,1-Training-Losses/entropy,0.7555873990058899,Pong1PQFM_XObs_entangled_trainable_rzz_QLayers_5___seed_1_1761468207
9572352,1-Training-Losses/entropy,0.7820149064064026,Pong1PQFM_XObs_entangled_trainable_rzz_QLayers_5___seed_1_1761468207
9576448,1-Training-Losses/entropy,0.7779313325881958,Pong1PQFM_XObs_entangled_trainable_rzz_QLayers_5___seed_1_1761468207
9580544,1-Training-Losses/entropy,0.7792387008666992,Pong1PQFM_XObs_entangled_trainable_rzz_QLayers_5___seed_1_1761468207
9584640,1-Training-Losses/entropy,0.7684414386749268,Pong1PQFM_XObs_entangled_trainable_rzz_QLayers_5___seed_1_1761468207
9588736,1-Training-Losses/entropy,0.806638240814209,Pong1PQFM_XObs_entangled_trainable_rzz_QLayers_5___seed_1_1761468207
9592832,1-Training-Losses/entropy,0.77860426902771,Pong1PQFM_XObs_entangled_trainable_rzz_QLayers_5___seed_1_1761468207
9596928,1-Training-Losses/entropy,0.7754825353622437,Pong1PQFM_XObs_entangled_trainable_rzz_QLayers_5___seed_1_1761468207
9601024,1-Training-Losses/entropy,0.7683371901512146,Pong1PQFM_XObs_entangled_trainable_rzz_QLayers_5___seed_1_1761468207
9605120,1-Training-Losses/entropy,0.7779223918914795,Pong1PQFM_XObs_entangled_trainable_rzz_QLayers_5___seed_1_1761468207
9609216,1-Training-Losses/entropy,0.768409252166748,Pong1PQFM_XObs_entangled_trainable_rzz_QLayers_5___seed_1_1761468207
9613312,1-Training-Losses/entropy,0.7606572508811951,Pong1PQFM_XObs_entangled_trainable_rzz_QLayers_5___seed_1_1761468207
9617408,1-Training-Losses/entropy,0.7584530115127563,Pong1PQFM_XObs_entangled_trainable_rzz_QLayers_5___seed_1_1761468207
9621504,1-Training-Losses/entropy,0.7547796964645386,Pong1PQFM_XObs_entangled_trainable_rzz_QLayers_5___seed_1_1761468207
9625600,1-Training-Losses/entropy,0.8273177146911621,Pong1PQFM_XObs_entangled_trainable_rzz_QLayers_5___seed_1_1761468207
9629696,1-Training-Losses/entropy,0.7788379788398743,Pong1PQFM_XObs_entangled_trainable_rzz_QLayers_5___seed_1_1761468207
9633792,1-Training-Losses/entropy,0.754199206829071,Pong1PQFM_XObs_entangled_trainable_rzz_QLayers_5___seed_1_1761468207
9637888,1-Training-Losses/entropy,0.7830950617790222,Pong1PQFM_XObs_entangled_trainable_rzz_QLayers_5___seed_1_1761468207
9641984,1-Training-Losses/entropy,0.7676448822021484,Pong1PQFM_XObs_entangled_trainable_rzz_QLayers_5___seed_1_1761468207
9646080,1-Training-Losses/entropy,0.8009853363037109,Pong1PQFM_XObs_entangled_trainable_rzz_QLayers_5___seed_1_1761468207
9650176,1-Training-Losses/entropy,0.7917138934135437,Pong1PQFM_XObs_entangled_trainable_rzz_QLayers_5___seed_1_1761468207
9654272,1-Training-Losses/entropy,0.7567617893218994,Pong1PQFM_XObs_entangled_trainable_rzz_QLayers_5___seed_1_1761468207
9658368,1-Training-Losses/entropy,0.7842157483100891,Pong1PQFM_XObs_entangled_trainable_rzz_QLayers_5___seed_1_1761468207
9662464,1-Training-Losses/entropy,0.7859363555908203,Pong1PQFM_XObs_entangled_trainable_rzz_QLayers_5___seed_1_1761468207
9666560,1-Training-Losses/entropy,0.8105523586273193,Pong1PQFM_XObs_entangled_trainable_rzz_QLayers_5___seed_1_1761468207
9670656,1-Training-Losses/entropy,0.749338686466217,Pong1PQFM_XObs_entangled_trainable_rzz_QLayers_5___seed_1_1761468207
9674752,1-Training-Losses/entropy,0.7517205476760864,Pong1PQFM_XObs_entangled_trainable_rzz_QLayers_5___seed_1_1761468207
9678848,1-Training-Losses/entropy,0.767705500125885,Pong1PQFM_XObs_entangled_trainable_rzz_QLayers_5___seed_1_1761468207
9682944,1-Training-Losses/entropy,0.7803665399551392,Pong1PQFM_XObs_entangled_trainable_rzz_QLayers_5___seed_1_1761468207
9687040,1-Training-Losses/entropy,0.7632530331611633,Pong1PQFM_XObs_entangled_trainable_rzz_QLayers_5___seed_1_1761468207
9691136,1-Training-Losses/entropy,0.8087691068649292,Pong1PQFM_XObs_entangled_trainable_rzz_QLayers_5___seed_1_1761468207
9695232,1-Training-Losses/entropy,0.8178799152374268,Pong1PQFM_XObs_entangled_trainable_rzz_QLayers_5___seed_1_1761468207
9699328,1-Training-Losses/entropy,0.802139163017273,Pong1PQFM_XObs_entangled_trainable_rzz_QLayers_5___seed_1_1761468207
9703424,1-Training-Losses/entropy,0.818934440612793,Pong1PQFM_XObs_entangled_trainable_rzz_QLayers_5___seed_1_1761468207
9707520,1-Training-Losses/entropy,0.7971712946891785,Pong1PQFM_XObs_entangled_trainable_rzz_QLayers_5___seed_1_1761468207
9711616,1-Training-Losses/entropy,0.7349344491958618,Pong1PQFM_XObs_entangled_trainable_rzz_QLayers_5___seed_1_1761468207
9715712,1-Training-Losses/entropy,0.8039081692695618,Pong1PQFM_XObs_entangled_trainable_rzz_QLayers_5___seed_1_1761468207
9719808,1-Training-Losses/entropy,0.8115769624710083,Pong1PQFM_XObs_entangled_trainable_rzz_QLayers_5___seed_1_1761468207
9723904,1-Training-Losses/entropy,0.8026264905929565,Pong1PQFM_XObs_entangled_trainable_rzz_QLayers_5___seed_1_1761468207
9728000,1-Training-Losses/entropy,0.8191388845443726,Pong1PQFM_XObs_entangled_trainable_rzz_QLayers_5___seed_1_1761468207
9732096,1-Training-Losses/entropy,0.8091180324554443,Pong1PQFM_XObs_entangled_trainable_rzz_QLayers_5___seed_1_1761468207
9736192,1-Training-Losses/entropy,0.7829431295394897,Pong1PQFM_XObs_entangled_trainable_rzz_QLayers_5___seed_1_1761468207
9740288,1-Training-Losses/entropy,0.8177464604377747,Pong1PQFM_XObs_entangled_trainable_rzz_QLayers_5___seed_1_1761468207
9744384,1-Training-Losses/entropy,0.786806046962738,Pong1PQFM_XObs_entangled_trainable_rzz_QLayers_5___seed_1_1761468207
9748480,1-Training-Losses/entropy,0.793351411819458,Pong1PQFM_XObs_entangled_trainable_rzz_QLayers_5___seed_1_1761468207
9752576,1-Training-Losses/entropy,0.8186562061309814,Pong1PQFM_XObs_entangled_trainable_rzz_QLayers_5___seed_1_1761468207
9756672,1-Training-Losses/entropy,0.8047937154769897,Pong1PQFM_XObs_entangled_trainable_rzz_QLayers_5___seed_1_1761468207
9760768,1-Training-Losses/entropy,0.801690936088562,Pong1PQFM_XObs_entangled_trainable_rzz_QLayers_5___seed_1_1761468207
9764864,1-Training-Losses/entropy,0.7907894253730774,Pong1PQFM_XObs_entangled_trainable_rzz_QLayers_5___seed_1_1761468207
9768960,1-Training-Losses/entropy,0.7859532237052917,Pong1PQFM_XObs_entangled_trainable_rzz_QLayers_5___seed_1_1761468207
9773056,1-Training-Losses/entropy,0.8269791603088379,Pong1PQFM_XObs_entangled_trainable_rzz_QLayers_5___seed_1_1761468207
9777152,1-Training-Losses/entropy,0.7936723232269287,Pong1PQFM_XObs_entangled_trainable_rzz_QLayers_5___seed_1_1761468207
9781248,1-Training-Losses/entropy,0.8088942766189575,Pong1PQFM_XObs_entangled_trainable_rzz_QLayers_5___seed_1_1761468207
9785344,1-Training-Losses/entropy,0.8116821646690369,Pong1PQFM_XObs_entangled_trainable_rzz_QLayers_5___seed_1_1761468207
9789440,1-Training-Losses/entropy,0.8272835612297058,Pong1PQFM_XObs_entangled_trainable_rzz_QLayers_5___seed_1_1761468207
9793536,1-Training-Losses/entropy,0.7963111400604248,Pong1PQFM_XObs_entangled_trainable_rzz_QLayers_5___seed_1_1761468207
9797632,1-Training-Losses/entropy,0.8099279403686523,Pong1PQFM_XObs_entangled_trainable_rzz_QLayers_5___seed_1_1761468207
9801728,1-Training-Losses/entropy,0.7999846935272217,Pong1PQFM_XObs_entangled_trainable_rzz_QLayers_5___seed_1_1761468207
9805824,1-Training-Losses/entropy,0.7994232177734375,Pong1PQFM_XObs_entangled_trainable_rzz_QLayers_5___seed_1_1761468207
9809920,1-Training-Losses/entropy,0.7910053730010986,Pong1PQFM_XObs_entangled_trainable_rzz_QLayers_5___seed_1_1761468207
9814016,1-Training-Losses/entropy,0.7659008502960205,Pong1PQFM_XObs_entangled_trainable_rzz_QLayers_5___seed_1_1761468207
9818112,1-Training-Losses/entropy,0.7917771339416504,Pong1PQFM_XObs_entangled_trainable_rzz_QLayers_5___seed_1_1761468207
9822208,1-Training-Losses/entropy,0.8089340925216675,Pong1PQFM_XObs_entangled_trainable_rzz_QLayers_5___seed_1_1761468207
9826304,1-Training-Losses/entropy,0.8127214312553406,Pong1PQFM_XObs_entangled_trainable_rzz_QLayers_5___seed_1_1761468207
9830400,1-Training-Losses/entropy,0.7669076919555664,Pong1PQFM_XObs_entangled_trainable_rzz_QLayers_5___seed_1_1761468207
9834496,1-Training-Losses/entropy,0.7997633814811707,Pong1PQFM_XObs_entangled_trainable_rzz_QLayers_5___seed_1_1761468207
9838592,1-Training-Losses/entropy,0.8098387718200684,Pong1PQFM_XObs_entangled_trainable_rzz_QLayers_5___seed_1_1761468207
9842688,1-Training-Losses/entropy,0.7647503018379211,Pong1PQFM_XObs_entangled_trainable_rzz_QLayers_5___seed_1_1761468207
9846784,1-Training-Losses/entropy,0.7921518087387085,Pong1PQFM_XObs_entangled_trainable_rzz_QLayers_5___seed_1_1761468207
9850880,1-Training-Losses/entropy,0.7800696492195129,Pong1PQFM_XObs_entangled_trainable_rzz_QLayers_5___seed_1_1761468207
9854976,1-Training-Losses/entropy,0.7969214916229248,Pong1PQFM_XObs_entangled_trainable_rzz_QLayers_5___seed_1_1761468207
9859072,1-Training-Losses/entropy,0.815872073173523,Pong1PQFM_XObs_entangled_trainable_rzz_QLayers_5___seed_1_1761468207
9863168,1-Training-Losses/entropy,0.7820366621017456,Pong1PQFM_XObs_entangled_trainable_rzz_QLayers_5___seed_1_1761468207
9867264,1-Training-Losses/entropy,0.7971806526184082,Pong1PQFM_XObs_entangled_trainable_rzz_QLayers_5___seed_1_1761468207
9871360,1-Training-Losses/entropy,0.7498721480369568,Pong1PQFM_XObs_entangled_trainable_rzz_QLayers_5___seed_1_1761468207
9875456,1-Training-Losses/entropy,0.7815902233123779,Pong1PQFM_XObs_entangled_trainable_rzz_QLayers_5___seed_1_1761468207
9879552,1-Training-Losses/entropy,0.8037756681442261,Pong1PQFM_XObs_entangled_trainable_rzz_QLayers_5___seed_1_1761468207
9883648,1-Training-Losses/entropy,0.7727184891700745,Pong1PQFM_XObs_entangled_trainable_rzz_QLayers_5___seed_1_1761468207
9887744,1-Training-Losses/entropy,0.7875148057937622,Pong1PQFM_XObs_entangled_trainable_rzz_QLayers_5___seed_1_1761468207
9891840,1-Training-Losses/entropy,0.7593767642974854,Pong1PQFM_XObs_entangled_trainable_rzz_QLayers_5___seed_1_1761468207
9895936,1-Training-Losses/entropy,0.7614719867706299,Pong1PQFM_XObs_entangled_trainable_rzz_QLayers_5___seed_1_1761468207
9900032,1-Training-Losses/entropy,0.8513057231903076,Pong1PQFM_XObs_entangled_trainable_rzz_QLayers_5___seed_1_1761468207
9904128,1-Training-Losses/entropy,0.7954065203666687,Pong1PQFM_XObs_entangled_trainable_rzz_QLayers_5___seed_1_1761468207
9908224,1-Training-Losses/entropy,0.7871246337890625,Pong1PQFM_XObs_entangled_trainable_rzz_QLayers_5___seed_1_1761468207
9912320,1-Training-Losses/entropy,0.783126950263977,Pong1PQFM_XObs_entangled_trainable_rzz_QLayers_5___seed_1_1761468207
9916416,1-Training-Losses/entropy,0.7743338346481323,Pong1PQFM_XObs_entangled_trainable_rzz_QLayers_5___seed_1_1761468207
9920512,1-Training-Losses/entropy,0.8035633563995361,Pong1PQFM_XObs_entangled_trainable_rzz_QLayers_5___seed_1_1761468207
9924608,1-Training-Losses/entropy,0.7822085022926331,Pong1PQFM_XObs_entangled_trainable_rzz_QLayers_5___seed_1_1761468207
9928704,1-Training-Losses/entropy,0.7733447551727295,Pong1PQFM_XObs_entangled_trainable_rzz_QLayers_5___seed_1_1761468207
9932800,1-Training-Losses/entropy,0.7837427854537964,Pong1PQFM_XObs_entangled_trainable_rzz_QLayers_5___seed_1_1761468207
9936896,1-Training-Losses/entropy,0.7940188646316528,Pong1PQFM_XObs_entangled_trainable_rzz_QLayers_5___seed_1_1761468207
9940992,1-Training-Losses/entropy,0.8015719056129456,Pong1PQFM_XObs_entangled_trainable_rzz_QLayers_5___seed_1_1761468207
9945088,1-Training-Losses/entropy,0.7985639572143555,Pong1PQFM_XObs_entangled_trainable_rzz_QLayers_5___seed_1_1761468207
9949184,1-Training-Losses/entropy,0.7791359424591064,Pong1PQFM_XObs_entangled_trainable_rzz_QLayers_5___seed_1_1761468207
9953280,1-Training-Losses/entropy,0.7604869604110718,Pong1PQFM_XObs_entangled_trainable_rzz_QLayers_5___seed_1_1761468207
9957376,1-Training-Losses/entropy,0.782345712184906,Pong1PQFM_XObs_entangled_trainable_rzz_QLayers_5___seed_1_1761468207
9961472,1-Training-Losses/entropy,0.8117028474807739,Pong1PQFM_XObs_entangled_trainable_rzz_QLayers_5___seed_1_1761468207
9965568,1-Training-Losses/entropy,0.7746798992156982,Pong1PQFM_XObs_entangled_trainable_rzz_QLayers_5___seed_1_1761468207
9969664,1-Training-Losses/entropy,0.7938868999481201,Pong1PQFM_XObs_entangled_trainable_rzz_QLayers_5___seed_1_1761468207
9973760,1-Training-Losses/entropy,0.775057315826416,Pong1PQFM_XObs_entangled_trainable_rzz_QLayers_5___seed_1_1761468207
9977856,1-Training-Losses/entropy,0.8004904389381409,Pong1PQFM_XObs_entangled_trainable_rzz_QLayers_5___seed_1_1761468207
9981952,1-Training-Losses/entropy,0.8119951486587524,Pong1PQFM_XObs_entangled_trainable_rzz_QLayers_5___seed_1_1761468207
9986048,1-Training-Losses/entropy,0.8162093758583069,Pong1PQFM_XObs_entangled_trainable_rzz_QLayers_5___seed_1_1761468207
9990144,1-Training-Losses/entropy,0.8048291206359863,Pong1PQFM_XObs_entangled_trainable_rzz_QLayers_5___seed_1_1761468207
9994240,1-Training-Losses/entropy,0.8049666881561279,Pong1PQFM_XObs_entangled_trainable_rzz_QLayers_5___seed_1_1761468207
9998336,1-Training-Losses/entropy,0.7795095443725586,Pong1PQFM_XObs_entangled_trainable_rzz_QLayers_5___seed_1_1761468207
4096,1-Training-Losses/explained_variance,-0.011900663375854492,Pong1PQFM_XObs_entangled_trainable_rzz_QLayers_5___seed_1_1761468207
8192,1-Training-Losses/explained_variance,-0.12812328338623047,Pong1PQFM_XObs_entangled_trainable_rzz_QLayers_5___seed_1_1761468207
12288,1-Training-Losses/explained_variance,-0.08558428287506104,Pong1PQFM_XObs_entangled_trainable_rzz_QLayers_5___seed_1_1761468207
16384,1-Training-Losses/explained_variance,-0.10352504253387451,Pong1PQFM_XObs_entangled_trainable_rzz_QLayers_5___seed_1_1761468207
20480,1-Training-Losses/explained_variance,-0.17551136016845703,Pong1PQFM_XObs_entangled_trainable_rzz_QLayers_5___seed_1_1761468207
24576,1-Training-Losses/explained_variance,-0.11880612373352051,Pong1PQFM_XObs_entangled_trainable_rzz_QLayers_5___seed_1_1761468207
28672,1-Training-Losses/explained_variance,-0.11189210414886475,Pong1PQFM_XObs_entangled_trainable_rzz_QLayers_5___seed_1_1761468207
32768,1-Training-Losses/explained_variance,-0.0722951889038086,Pong1PQFM_XObs_entangled_trainable_rzz_QLayers_5___seed_1_1761468207
36864,1-Training-Losses/explained_variance,-0.08594644069671631,Pong1PQFM_XObs_entangled_trainable_rzz_QLayers_5___seed_1_1761468207
40960,1-Training-Losses/explained_variance,-0.08539450168609619,Pong1PQFM_XObs_entangled_trainable_rzz_QLayers_5___seed_1_1761468207
45056,1-Training-Losses/explained_variance,-0.013899803161621094,Pong1PQFM_XObs_entangled_trainable_rzz_QLayers_5___seed_1_1761468207
49152,1-Training-Losses/explained_variance,-0.022715449333190918,Pong1PQFM_XObs_entangled_trainable_rzz_QLayers_5___seed_1_1761468207
53248,1-Training-Losses/explained_variance,0.03390216827392578,Pong1PQFM_XObs_entangled_trainable_rzz_QLayers_5___seed_1_1761468207
57344,1-Training-Losses/explained_variance,0.024686217308044434,Pong1PQFM_XObs_entangled_trainable_rzz_QLayers_5___seed_1_1761468207
61440,1-Training-Losses/explained_variance,0.0663653016090393,Pong1PQFM_XObs_entangled_trainable_rzz_QLayers_5___seed_1_1761468207
65536,1-Training-Losses/explained_variance,0.1128796935081482,Pong1PQFM_XObs_entangled_trainable_rzz_QLayers_5___seed_1_1761468207
69632,1-Training-Losses/explained_variance,0.15952074527740479,Pong1PQFM_XObs_entangled_trainable_rzz_QLayers_5___seed_1_1761468207
73728,1-Training-Losses/explained_variance,0.1269240379333496,Pong1PQFM_XObs_entangled_trainable_rzz_QLayers_5___seed_1_1761468207
77824,1-Training-Losses/explained_variance,0.12077724933624268,Pong1PQFM_XObs_entangled_trainable_rzz_QLayers_5___seed_1_1761468207
81920,1-Training-Losses/explained_variance,0.3103472590446472,Pong1PQFM_XObs_entangled_trainable_rzz_QLayers_5___seed_1_1761468207
86016,1-Training-Losses/explained_variance,0.30213290452957153,Pong1PQFM_XObs_entangled_trainable_rzz_QLayers_5___seed_1_1761468207
90112,1-Training-Losses/explained_variance,0.2490837574005127,Pong1PQFM_XObs_entangled_trainable_rzz_QLayers_5___seed_1_1761468207
94208,1-Training-Losses/explained_variance,0.32025671005249023,Pong1PQFM_XObs_entangled_trainable_rzz_QLayers_5___seed_1_1761468207
98304,1-Training-Losses/explained_variance,0.34196746349334717,Pong1PQFM_XObs_entangled_trainable_rzz_QLayers_5___seed_1_1761468207
102400,1-Training-Losses/explained_variance,0.33241552114486694,Pong1PQFM_XObs_entangled_trainable_rzz_QLayers_5___seed_1_1761468207
106496,1-Training-Losses/explained_variance,0.3027583956718445,Pong1PQFM_XObs_entangled_trainable_rzz_QLayers_5___seed_1_1761468207
110592,1-Training-Losses/explained_variance,0.3759807348251343,Pong1PQFM_XObs_entangled_trainable_rzz_QLayers_5___seed_1_1761468207
114688,1-Training-Losses/explained_variance,0.40585023164749146,Pong1PQFM_XObs_entangled_trainable_rzz_QLayers_5___seed_1_1761468207
118784,1-Training-Losses/explained_variance,0.3555048704147339,Pong1PQFM_XObs_entangled_trainable_rzz_QLayers_5___seed_1_1761468207
122880,1-Training-Losses/explained_variance,0.4977530837059021,Pong1PQFM_XObs_entangled_trainable_rzz_QLayers_5___seed_1_1761468207
126976,1-Training-Losses/explained_variance,0.4429193139076233,Pong1PQFM_XObs_entangled_trainable_rzz_QLayers_5___seed_1_1761468207
131072,1-Training-Losses/explained_variance,0.4769909381866455,Pong1PQFM_XObs_entangled_trainable_rzz_QLayers_5___seed_1_1761468207
135168,1-Training-Losses/explained_variance,0.6086630821228027,Pong1PQFM_XObs_entangled_trainable_rzz_QLayers_5___seed_1_1761468207
139264,1-Training-Losses/explained_variance,0.6087090969085693,Pong1PQFM_XObs_entangled_trainable_rzz_QLayers_5___seed_1_1761468207
143360,1-Training-Losses/explained_variance,0.6272996068000793,Pong1PQFM_XObs_entangled_trainable_rzz_QLayers_5___seed_1_1761468207
147456,1-Training-Losses/explained_variance,0.4827370047569275,Pong1PQFM_XObs_entangled_trainable_rzz_QLayers_5___seed_1_1761468207
151552,1-Training-Losses/explained_variance,0.48415225744247437,Pong1PQFM_XObs_entangled_trainable_rzz_QLayers_5___seed_1_1761468207
155648,1-Training-Losses/explained_variance,0.49323856830596924,Pong1PQFM_XObs_entangled_trainable_rzz_QLayers_5___seed_1_1761468207
159744,1-Training-Losses/explained_variance,0.5648343563079834,Pong1PQFM_XObs_entangled_trainable_rzz_QLayers_5___seed_1_1761468207
163840,1-Training-Losses/explained_variance,0.5866503119468689,Pong1PQFM_XObs_entangled_trainable_rzz_QLayers_5___seed_1_1761468207
167936,1-Training-Losses/explained_variance,0.5807516574859619,Pong1PQFM_XObs_entangled_trainable_rzz_QLayers_5___seed_1_1761468207
172032,1-Training-Losses/explained_variance,0.6498923301696777,Pong1PQFM_XObs_entangled_trainable_rzz_QLayers_5___seed_1_1761468207
176128,1-Training-Losses/explained_variance,0.6700809001922607,Pong1PQFM_XObs_entangled_trainable_rzz_QLayers_5___seed_1_1761468207
180224,1-Training-Losses/explained_variance,0.7049285173416138,Pong1PQFM_XObs_entangled_trainable_rzz_QLayers_5___seed_1_1761468207
184320,1-Training-Losses/explained_variance,0.6686598062515259,Pong1PQFM_XObs_entangled_trainable_rzz_QLayers_5___seed_1_1761468207
188416,1-Training-Losses/explained_variance,0.7327542304992676,Pong1PQFM_XObs_entangled_trainable_rzz_QLayers_5___seed_1_1761468207
192512,1-Training-Losses/explained_variance,0.5044865012168884,Pong1PQFM_XObs_entangled_trainable_rzz_QLayers_5___seed_1_1761468207
196608,1-Training-Losses/explained_variance,0.7409955859184265,Pong1PQFM_XObs_entangled_trainable_rzz_QLayers_5___seed_1_1761468207
200704,1-Training-Losses/explained_variance,0.59360271692276,Pong1PQFM_XObs_entangled_trainable_rzz_QLayers_5___seed_1_1761468207
204800,1-Training-Losses/explained_variance,0.5777856111526489,Pong1PQFM_XObs_entangled_trainable_rzz_QLayers_5___seed_1_1761468207
208896,1-Training-Losses/explained_variance,0.6905984282493591,Pong1PQFM_XObs_entangled_trainable_rzz_QLayers_5___seed_1_1761468207
212992,1-Training-Losses/explained_variance,0.7350666522979736,Pong1PQFM_XObs_entangled_trainable_rzz_QLayers_5___seed_1_1761468207
217088,1-Training-Losses/explained_variance,0.6089284420013428,Pong1PQFM_XObs_entangled_trainable_rzz_QLayers_5___seed_1_1761468207
221184,1-Training-Losses/explained_variance,0.6098915338516235,Pong1PQFM_XObs_entangled_trainable_rzz_QLayers_5___seed_1_1761468207
225280,1-Training-Losses/explained_variance,0.6322362422943115,Pong1PQFM_XObs_entangled_trainable_rzz_QLayers_5___seed_1_1761468207
229376,1-Training-Losses/explained_variance,0.6253095865249634,Pong1PQFM_XObs_entangled_trainable_rzz_QLayers_5___seed_1_1761468207
233472,1-Training-Losses/explained_variance,0.6880326271057129,Pong1PQFM_XObs_entangled_trainable_rzz_QLayers_5___seed_1_1761468207
237568,1-Training-Losses/explained_variance,0.6309815645217896,Pong1PQFM_XObs_entangled_trainable_rzz_QLayers_5___seed_1_1761468207
241664,1-Training-Losses/explained_variance,0.7024749517440796,Pong1PQFM_XObs_entangled_trainable_rzz_QLayers_5___seed_1_1761468207
245760,1-Training-Losses/explained_variance,0.6888226866722107,Pong1PQFM_XObs_entangled_trainable_rzz_QLayers_5___seed_1_1761468207
249856,1-Training-Losses/explained_variance,0.7129466533660889,Pong1PQFM_XObs_entangled_trainable_rzz_QLayers_5___seed_1_1761468207
253952,1-Training-Losses/explained_variance,0.7964635491371155,Pong1PQFM_XObs_entangled_trainable_rzz_QLayers_5___seed_1_1761468207
258048,1-Training-Losses/explained_variance,0.6344595551490784,Pong1PQFM_XObs_entangled_trainable_rzz_QLayers_5___seed_1_1761468207
262144,1-Training-Losses/explained_variance,0.7277354001998901,Pong1PQFM_XObs_entangled_trainable_rzz_QLayers_5___seed_1_1761468207
266240,1-Training-Losses/explained_variance,0.7114396095275879,Pong1PQFM_XObs_entangled_trainable_rzz_QLayers_5___seed_1_1761468207
270336,1-Training-Losses/explained_variance,0.7048414945602417,Pong1PQFM_XObs_entangled_trainable_rzz_QLayers_5___seed_1_1761468207
274432,1-Training-Losses/explained_variance,0.6570339202880859,Pong1PQFM_XObs_entangled_trainable_rzz_QLayers_5___seed_1_1761468207
278528,1-Training-Losses/explained_variance,0.6529223918914795,Pong1PQFM_XObs_entangled_trainable_rzz_QLayers_5___seed_1_1761468207
282624,1-Training-Losses/explained_variance,0.6728898286819458,Pong1PQFM_XObs_entangled_trainable_rzz_QLayers_5___seed_1_1761468207
286720,1-Training-Losses/explained_variance,0.7358330488204956,Pong1PQFM_XObs_entangled_trainable_rzz_QLayers_5___seed_1_1761468207
290816,1-Training-Losses/explained_variance,0.763339638710022,Pong1PQFM_XObs_entangled_trainable_rzz_QLayers_5___seed_1_1761468207
294912,1-Training-Losses/explained_variance,0.6530004143714905,Pong1PQFM_XObs_entangled_trainable_rzz_QLayers_5___seed_1_1761468207
299008,1-Training-Losses/explained_variance,0.7535871267318726,Pong1PQFM_XObs_entangled_trainable_rzz_QLayers_5___seed_1_1761468207
303104,1-Training-Losses/explained_variance,0.6432569026947021,Pong1PQFM_XObs_entangled_trainable_rzz_QLayers_5___seed_1_1761468207
307200,1-Training-Losses/explained_variance,0.7273691892623901,Pong1PQFM_XObs_entangled_trainable_rzz_QLayers_5___seed_1_1761468207
311296,1-Training-Losses/explained_variance,0.6841704845428467,Pong1PQFM_XObs_entangled_trainable_rzz_QLayers_5___seed_1_1761468207
315392,1-Training-Losses/explained_variance,0.7054948806762695,Pong1PQFM_XObs_entangled_trainable_rzz_QLayers_5___seed_1_1761468207
319488,1-Training-Losses/explained_variance,0.7054816484451294,Pong1PQFM_XObs_entangled_trainable_rzz_QLayers_5___seed_1_1761468207
323584,1-Training-Losses/explained_variance,0.7158947587013245,Pong1PQFM_XObs_entangled_trainable_rzz_QLayers_5___seed_1_1761468207
327680,1-Training-Losses/explained_variance,0.7478135824203491,Pong1PQFM_XObs_entangled_trainable_rzz_QLayers_5___seed_1_1761468207
331776,1-Training-Losses/explained_variance,0.7045047283172607,Pong1PQFM_XObs_entangled_trainable_rzz_QLayers_5___seed_1_1761468207
335872,1-Training-Losses/explained_variance,0.5278109908103943,Pong1PQFM_XObs_entangled_trainable_rzz_QLayers_5___seed_1_1761468207
339968,1-Training-Losses/explained_variance,0.6935945749282837,Pong1PQFM_XObs_entangled_trainable_rzz_QLayers_5___seed_1_1761468207
344064,1-Training-Losses/explained_variance,0.7016215324401855,Pong1PQFM_XObs_entangled_trainable_rzz_QLayers_5___seed_1_1761468207
348160,1-Training-Losses/explained_variance,0.8274451494216919,Pong1PQFM_XObs_entangled_trainable_rzz_QLayers_5___seed_1_1761468207
352256,1-Training-Losses/explained_variance,0.7216048240661621,Pong1PQFM_XObs_entangled_trainable_rzz_QLayers_5___seed_1_1761468207
356352,1-Training-Losses/explained_variance,0.7585793137550354,Pong1PQFM_XObs_entangled_trainable_rzz_QLayers_5___seed_1_1761468207
360448,1-Training-Losses/explained_variance,0.7338230013847351,Pong1PQFM_XObs_entangled_trainable_rzz_QLayers_5___seed_1_1761468207
364544,1-Training-Losses/explained_variance,0.6920536160469055,Pong1PQFM_XObs_entangled_trainable_rzz_QLayers_5___seed_1_1761468207
368640,1-Training-Losses/explained_variance,0.7622209787368774,Pong1PQFM_XObs_entangled_trainable_rzz_QLayers_5___seed_1_1761468207
372736,1-Training-Losses/explained_variance,0.7905031442642212,Pong1PQFM_XObs_entangled_trainable_rzz_QLayers_5___seed_1_1761468207
376832,1-Training-Losses/explained_variance,0.6708970069885254,Pong1PQFM_XObs_entangled_trainable_rzz_QLayers_5___seed_1_1761468207
380928,1-Training-Losses/explained_variance,0.7531493306159973,Pong1PQFM_XObs_entangled_trainable_rzz_QLayers_5___seed_1_1761468207
385024,1-Training-Losses/explained_variance,0.7073506712913513,Pong1PQFM_XObs_entangled_trainable_rzz_QLayers_5___seed_1_1761468207
389120,1-Training-Losses/explained_variance,0.7912281155586243,Pong1PQFM_XObs_entangled_trainable_rzz_QLayers_5___seed_1_1761468207
393216,1-Training-Losses/explained_variance,0.7162900567054749,Pong1PQFM_XObs_entangled_trainable_rzz_QLayers_5___seed_1_1761468207
397312,1-Training-Losses/explained_variance,0.7542997002601624,Pong1PQFM_XObs_entangled_trainable_rzz_QLayers_5___seed_1_1761468207
401408,1-Training-Losses/explained_variance,0.7094858288764954,Pong1PQFM_XObs_entangled_trainable_rzz_QLayers_5___seed_1_1761468207
405504,1-Training-Losses/explained_variance,0.6447481513023376,Pong1PQFM_XObs_entangled_trainable_rzz_QLayers_5___seed_1_1761468207
409600,1-Training-Losses/explained_variance,0.7163078784942627,Pong1PQFM_XObs_entangled_trainable_rzz_QLayers_5___seed_1_1761468207
413696,1-Training-Losses/explained_variance,0.7367638349533081,Pong1PQFM_XObs_entangled_trainable_rzz_QLayers_5___seed_1_1761468207
417792,1-Training-Losses/explained_variance,0.7750258445739746,Pong1PQFM_XObs_entangled_trainable_rzz_QLayers_5___seed_1_1761468207
421888,1-Training-Losses/explained_variance,0.7040988206863403,Pong1PQFM_XObs_entangled_trainable_rzz_QLayers_5___seed_1_1761468207
425984,1-Training-Losses/explained_variance,0.758836030960083,Pong1PQFM_XObs_entangled_trainable_rzz_QLayers_5___seed_1_1761468207
430080,1-Training-Losses/explained_variance,0.7909263372421265,Pong1PQFM_XObs_entangled_trainable_rzz_QLayers_5___seed_1_1761468207
434176,1-Training-Losses/explained_variance,0.7683156132698059,Pong1PQFM_XObs_entangled_trainable_rzz_QLayers_5___seed_1_1761468207
438272,1-Training-Losses/explained_variance,0.7487343549728394,Pong1PQFM_XObs_entangled_trainable_rzz_QLayers_5___seed_1_1761468207
442368,1-Training-Losses/explained_variance,0.7475980520248413,Pong1PQFM_XObs_entangled_trainable_rzz_QLayers_5___seed_1_1761468207
446464,1-Training-Losses/explained_variance,0.7248087525367737,Pong1PQFM_XObs_entangled_trainable_rzz_QLayers_5___seed_1_1761468207
450560,1-Training-Losses/explained_variance,0.7153891324996948,Pong1PQFM_XObs_entangled_trainable_rzz_QLayers_5___seed_1_1761468207
454656,1-Training-Losses/explained_variance,0.7104095816612244,Pong1PQFM_XObs_entangled_trainable_rzz_QLayers_5___seed_1_1761468207
458752,1-Training-Losses/explained_variance,0.8044391870498657,Pong1PQFM_XObs_entangled_trainable_rzz_QLayers_5___seed_1_1761468207
462848,1-Training-Losses/explained_variance,0.762677013874054,Pong1PQFM_XObs_entangled_trainable_rzz_QLayers_5___seed_1_1761468207
466944,1-Training-Losses/explained_variance,0.7274115085601807,Pong1PQFM_XObs_entangled_trainable_rzz_QLayers_5___seed_1_1761468207
471040,1-Training-Losses/explained_variance,0.6364476680755615,Pong1PQFM_XObs_entangled_trainable_rzz_QLayers_5___seed_1_1761468207
475136,1-Training-Losses/explained_variance,0.8444389700889587,Pong1PQFM_XObs_entangled_trainable_rzz_QLayers_5___seed_1_1761468207
479232,1-Training-Losses/explained_variance,0.7599914073944092,Pong1PQFM_XObs_entangled_trainable_rzz_QLayers_5___seed_1_1761468207
483328,1-Training-Losses/explained_variance,0.787338376045227,Pong1PQFM_XObs_entangled_trainable_rzz_QLayers_5___seed_1_1761468207
487424,1-Training-Losses/explained_variance,0.7502458095550537,Pong1PQFM_XObs_entangled_trainable_rzz_QLayers_5___seed_1_1761468207
491520,1-Training-Losses/explained_variance,0.7255076169967651,Pong1PQFM_XObs_entangled_trainable_rzz_QLayers_5___seed_1_1761468207
495616,1-Training-Losses/explained_variance,0.7037525177001953,Pong1PQFM_XObs_entangled_trainable_rzz_QLayers_5___seed_1_1761468207
499712,1-Training-Losses/explained_variance,0.7048225998878479,Pong1PQFM_XObs_entangled_trainable_rzz_QLayers_5___seed_1_1761468207
503808,1-Training-Losses/explained_variance,0.7486740350723267,Pong1PQFM_XObs_entangled_trainable_rzz_QLayers_5___seed_1_1761468207
507904,1-Training-Losses/explained_variance,0.7636340260505676,Pong1PQFM_XObs_entangled_trainable_rzz_QLayers_5___seed_1_1761468207
512000,1-Training-Losses/explained_variance,0.7515230774879456,Pong1PQFM_XObs_entangled_trainable_rzz_QLayers_5___seed_1_1761468207
516096,1-Training-Losses/explained_variance,0.7731691598892212,Pong1PQFM_XObs_entangled_trainable_rzz_QLayers_5___seed_1_1761468207
520192,1-Training-Losses/explained_variance,0.7578795552253723,Pong1PQFM_XObs_entangled_trainable_rzz_QLayers_5___seed_1_1761468207
524288,1-Training-Losses/explained_variance,0.6953574419021606,Pong1PQFM_XObs_entangled_trainable_rzz_QLayers_5___seed_1_1761468207
528384,1-Training-Losses/explained_variance,0.7733064889907837,Pong1PQFM_XObs_entangled_trainable_rzz_QLayers_5___seed_1_1761468207
532480,1-Training-Losses/explained_variance,0.7519177198410034,Pong1PQFM_XObs_entangled_trainable_rzz_QLayers_5___seed_1_1761468207
536576,1-Training-Losses/explained_variance,0.7815146446228027,Pong1PQFM_XObs_entangled_trainable_rzz_QLayers_5___seed_1_1761468207
540672,1-Training-Losses/explained_variance,0.7660534977912903,Pong1PQFM_XObs_entangled_trainable_rzz_QLayers_5___seed_1_1761468207
544768,1-Training-Losses/explained_variance,0.7473874092102051,Pong1PQFM_XObs_entangled_trainable_rzz_QLayers_5___seed_1_1761468207
548864,1-Training-Losses/explained_variance,0.7340431809425354,Pong1PQFM_XObs_entangled_trainable_rzz_QLayers_5___seed_1_1761468207
552960,1-Training-Losses/explained_variance,0.7698241472244263,Pong1PQFM_XObs_entangled_trainable_rzz_QLayers_5___seed_1_1761468207
557056,1-Training-Losses/explained_variance,0.6293579339981079,Pong1PQFM_XObs_entangled_trainable_rzz_QLayers_5___seed_1_1761468207
561152,1-Training-Losses/explained_variance,0.7380457520484924,Pong1PQFM_XObs_entangled_trainable_rzz_QLayers_5___seed_1_1761468207
565248,1-Training-Losses/explained_variance,0.778416633605957,Pong1PQFM_XObs_entangled_trainable_rzz_QLayers_5___seed_1_1761468207
569344,1-Training-Losses/explained_variance,0.6953871846199036,Pong1PQFM_XObs_entangled_trainable_rzz_QLayers_5___seed_1_1761468207
573440,1-Training-Losses/explained_variance,0.6924517154693604,Pong1PQFM_XObs_entangled_trainable_rzz_QLayers_5___seed_1_1761468207
577536,1-Training-Losses/explained_variance,0.691801905632019,Pong1PQFM_XObs_entangled_trainable_rzz_QLayers_5___seed_1_1761468207
581632,1-Training-Losses/explained_variance,0.7099242210388184,Pong1PQFM_XObs_entangled_trainable_rzz_QLayers_5___seed_1_1761468207
585728,1-Training-Losses/explained_variance,0.6947566270828247,Pong1PQFM_XObs_entangled_trainable_rzz_QLayers_5___seed_1_1761468207
589824,1-Training-Losses/explained_variance,0.6467517614364624,Pong1PQFM_XObs_entangled_trainable_rzz_QLayers_5___seed_1_1761468207
593920,1-Training-Losses/explained_variance,0.5274944305419922,Pong1PQFM_XObs_entangled_trainable_rzz_QLayers_5___seed_1_1761468207
598016,1-Training-Losses/explained_variance,0.6654094457626343,Pong1PQFM_XObs_entangled_trainable_rzz_QLayers_5___seed_1_1761468207
602112,1-Training-Losses/explained_variance,0.666324257850647,Pong1PQFM_XObs_entangled_trainable_rzz_QLayers_5___seed_1_1761468207
606208,1-Training-Losses/explained_variance,0.6575406789779663,Pong1PQFM_XObs_entangled_trainable_rzz_QLayers_5___seed_1_1761468207
610304,1-Training-Losses/explained_variance,0.6535049676895142,Pong1PQFM_XObs_entangled_trainable_rzz_QLayers_5___seed_1_1761468207
614400,1-Training-Losses/explained_variance,0.669713020324707,Pong1PQFM_XObs_entangled_trainable_rzz_QLayers_5___seed_1_1761468207
618496,1-Training-Losses/explained_variance,0.6127657890319824,Pong1PQFM_XObs_entangled_trainable_rzz_QLayers_5___seed_1_1761468207
622592,1-Training-Losses/explained_variance,0.6580414175987244,Pong1PQFM_XObs_entangled_trainable_rzz_QLayers_5___seed_1_1761468207
626688,1-Training-Losses/explained_variance,0.5343133807182312,Pong1PQFM_XObs_entangled_trainable_rzz_QLayers_5___seed_1_1761468207
630784,1-Training-Losses/explained_variance,0.5656441450119019,Pong1PQFM_XObs_entangled_trainable_rzz_QLayers_5___seed_1_1761468207
634880,1-Training-Losses/explained_variance,0.6009435057640076,Pong1PQFM_XObs_entangled_trainable_rzz_QLayers_5___seed_1_1761468207
638976,1-Training-Losses/explained_variance,0.6716479063034058,Pong1PQFM_XObs_entangled_trainable_rzz_QLayers_5___seed_1_1761468207
643072,1-Training-Losses/explained_variance,0.5949466228485107,Pong1PQFM_XObs_entangled_trainable_rzz_QLayers_5___seed_1_1761468207
647168,1-Training-Losses/explained_variance,0.48590970039367676,Pong1PQFM_XObs_entangled_trainable_rzz_QLayers_5___seed_1_1761468207
651264,1-Training-Losses/explained_variance,0.6705300807952881,Pong1PQFM_XObs_entangled_trainable_rzz_QLayers_5___seed_1_1761468207
655360,1-Training-Losses/explained_variance,0.6426469087600708,Pong1PQFM_XObs_entangled_trainable_rzz_QLayers_5___seed_1_1761468207
659456,1-Training-Losses/explained_variance,0.5897862315177917,Pong1PQFM_XObs_entangled_trainable_rzz_QLayers_5___seed_1_1761468207
663552,1-Training-Losses/explained_variance,0.6531052589416504,Pong1PQFM_XObs_entangled_trainable_rzz_QLayers_5___seed_1_1761468207
667648,1-Training-Losses/explained_variance,0.5808950662612915,Pong1PQFM_XObs_entangled_trainable_rzz_QLayers_5___seed_1_1761468207
671744,1-Training-Losses/explained_variance,0.47744476795196533,Pong1PQFM_XObs_entangled_trainable_rzz_QLayers_5___seed_1_1761468207
675840,1-Training-Losses/explained_variance,0.5611186623573303,Pong1PQFM_XObs_entangled_trainable_rzz_QLayers_5___seed_1_1761468207
679936,1-Training-Losses/explained_variance,0.5605056881904602,Pong1PQFM_XObs_entangled_trainable_rzz_QLayers_5___seed_1_1761468207
684032,1-Training-Losses/explained_variance,0.5963380336761475,Pong1PQFM_XObs_entangled_trainable_rzz_QLayers_5___seed_1_1761468207
688128,1-Training-Losses/explained_variance,0.5050983428955078,Pong1PQFM_XObs_entangled_trainable_rzz_QLayers_5___seed_1_1761468207
692224,1-Training-Losses/explained_variance,0.610985279083252,Pong1PQFM_XObs_entangled_trainable_rzz_QLayers_5___seed_1_1761468207
696320,1-Training-Losses/explained_variance,0.5755506753921509,Pong1PQFM_XObs_entangled_trainable_rzz_QLayers_5___seed_1_1761468207
700416,1-Training-Losses/explained_variance,0.6192601919174194,Pong1PQFM_XObs_entangled_trainable_rzz_QLayers_5___seed_1_1761468207
704512,1-Training-Losses/explained_variance,0.5771409273147583,Pong1PQFM_XObs_entangled_trainable_rzz_QLayers_5___seed_1_1761468207
708608,1-Training-Losses/explained_variance,0.623079776763916,Pong1PQFM_XObs_entangled_trainable_rzz_QLayers_5___seed_1_1761468207
712704,1-Training-Losses/explained_variance,0.6498691439628601,Pong1PQFM_XObs_entangled_trainable_rzz_QLayers_5___seed_1_1761468207
716800,1-Training-Losses/explained_variance,0.582440972328186,Pong1PQFM_XObs_entangled_trainable_rzz_QLayers_5___seed_1_1761468207
720896,1-Training-Losses/explained_variance,0.5910272598266602,Pong1PQFM_XObs_entangled_trainable_rzz_QLayers_5___seed_1_1761468207
724992,1-Training-Losses/explained_variance,0.6475757360458374,Pong1PQFM_XObs_entangled_trainable_rzz_QLayers_5___seed_1_1761468207
729088,1-Training-Losses/explained_variance,0.6152329444885254,Pong1PQFM_XObs_entangled_trainable_rzz_QLayers_5___seed_1_1761468207
733184,1-Training-Losses/explained_variance,0.6166656613349915,Pong1PQFM_XObs_entangled_trainable_rzz_QLayers_5___seed_1_1761468207
737280,1-Training-Losses/explained_variance,0.6019753217697144,Pong1PQFM_XObs_entangled_trainable_rzz_QLayers_5___seed_1_1761468207
741376,1-Training-Losses/explained_variance,0.6529762744903564,Pong1PQFM_XObs_entangled_trainable_rzz_QLayers_5___seed_1_1761468207
745472,1-Training-Losses/explained_variance,0.6809799671173096,Pong1PQFM_XObs_entangled_trainable_rzz_QLayers_5___seed_1_1761468207
749568,1-Training-Losses/explained_variance,0.6560142636299133,Pong1PQFM_XObs_entangled_trainable_rzz_QLayers_5___seed_1_1761468207
753664,1-Training-Losses/explained_variance,0.6453115940093994,Pong1PQFM_XObs_entangled_trainable_rzz_QLayers_5___seed_1_1761468207
757760,1-Training-Losses/explained_variance,0.5954604148864746,Pong1PQFM_XObs_entangled_trainable_rzz_QLayers_5___seed_1_1761468207
761856,1-Training-Losses/explained_variance,0.6897262930870056,Pong1PQFM_XObs_entangled_trainable_rzz_QLayers_5___seed_1_1761468207
765952,1-Training-Losses/explained_variance,0.6772010326385498,Pong1PQFM_XObs_entangled_trainable_rzz_QLayers_5___seed_1_1761468207
770048,1-Training-Losses/explained_variance,0.6685339212417603,Pong1PQFM_XObs_entangled_trainable_rzz_QLayers_5___seed_1_1761468207
774144,1-Training-Losses/explained_variance,0.6891335248947144,Pong1PQFM_XObs_entangled_trainable_rzz_QLayers_5___seed_1_1761468207
778240,1-Training-Losses/explained_variance,0.5697271823883057,Pong1PQFM_XObs_entangled_trainable_rzz_QLayers_5___seed_1_1761468207
782336,1-Training-Losses/explained_variance,0.6775885820388794,Pong1PQFM_XObs_entangled_trainable_rzz_QLayers_5___seed_1_1761468207
786432,1-Training-Losses/explained_variance,0.6596665978431702,Pong1PQFM_XObs_entangled_trainable_rzz_QLayers_5___seed_1_1761468207
790528,1-Training-Losses/explained_variance,0.6588597297668457,Pong1PQFM_XObs_entangled_trainable_rzz_QLayers_5___seed_1_1761468207
794624,1-Training-Losses/explained_variance,0.6796363592147827,Pong1PQFM_XObs_entangled_trainable_rzz_QLayers_5___seed_1_1761468207
798720,1-Training-Losses/explained_variance,0.6249014139175415,Pong1PQFM_XObs_entangled_trainable_rzz_QLayers_5___seed_1_1761468207
802816,1-Training-Losses/explained_variance,0.6897755265235901,Pong1PQFM_XObs_entangled_trainable_rzz_QLayers_5___seed_1_1761468207
806912,1-Training-Losses/explained_variance,0.6686670780181885,Pong1PQFM_XObs_entangled_trainable_rzz_QLayers_5___seed_1_1761468207
811008,1-Training-Losses/explained_variance,0.5752267837524414,Pong1PQFM_XObs_entangled_trainable_rzz_QLayers_5___seed_1_1761468207
815104,1-Training-Losses/explained_variance,0.6386226415634155,Pong1PQFM_XObs_entangled_trainable_rzz_QLayers_5___seed_1_1761468207
819200,1-Training-Losses/explained_variance,0.613455057144165,Pong1PQFM_XObs_entangled_trainable_rzz_QLayers_5___seed_1_1761468207
823296,1-Training-Losses/explained_variance,0.6693991422653198,Pong1PQFM_XObs_entangled_trainable_rzz_QLayers_5___seed_1_1761468207
827392,1-Training-Losses/explained_variance,0.6542898416519165,Pong1PQFM_XObs_entangled_trainable_rzz_QLayers_5___seed_1_1761468207
831488,1-Training-Losses/explained_variance,0.6519846320152283,Pong1PQFM_XObs_entangled_trainable_rzz_QLayers_5___seed_1_1761468207
835584,1-Training-Losses/explained_variance,0.6046298742294312,Pong1PQFM_XObs_entangled_trainable_rzz_QLayers_5___seed_1_1761468207
839680,1-Training-Losses/explained_variance,0.6126294732093811,Pong1PQFM_XObs_entangled_trainable_rzz_QLayers_5___seed_1_1761468207
843776,1-Training-Losses/explained_variance,0.6543009281158447,Pong1PQFM_XObs_entangled_trainable_rzz_QLayers_5___seed_1_1761468207
847872,1-Training-Losses/explained_variance,0.6955391764640808,Pong1PQFM_XObs_entangled_trainable_rzz_QLayers_5___seed_1_1761468207
851968,1-Training-Losses/explained_variance,0.6719218492507935,Pong1PQFM_XObs_entangled_trainable_rzz_QLayers_5___seed_1_1761468207
856064,1-Training-Losses/explained_variance,0.633507251739502,Pong1PQFM_XObs_entangled_trainable_rzz_QLayers_5___seed_1_1761468207
860160,1-Training-Losses/explained_variance,0.696025013923645,Pong1PQFM_XObs_entangled_trainable_rzz_QLayers_5___seed_1_1761468207
864256,1-Training-Losses/explained_variance,0.649256706237793,Pong1PQFM_XObs_entangled_trainable_rzz_QLayers_5___seed_1_1761468207
868352,1-Training-Losses/explained_variance,0.6234899759292603,Pong1PQFM_XObs_entangled_trainable_rzz_QLayers_5___seed_1_1761468207
872448,1-Training-Losses/explained_variance,0.7122040390968323,Pong1PQFM_XObs_entangled_trainable_rzz_QLayers_5___seed_1_1761468207
876544,1-Training-Losses/explained_variance,0.6306250095367432,Pong1PQFM_XObs_entangled_trainable_rzz_QLayers_5___seed_1_1761468207
880640,1-Training-Losses/explained_variance,0.6190834641456604,Pong1PQFM_XObs_entangled_trainable_rzz_QLayers_5___seed_1_1761468207
884736,1-Training-Losses/explained_variance,0.5938491225242615,Pong1PQFM_XObs_entangled_trainable_rzz_QLayers_5___seed_1_1761468207
888832,1-Training-Losses/explained_variance,0.6743896007537842,Pong1PQFM_XObs_entangled_trainable_rzz_QLayers_5___seed_1_1761468207
892928,1-Training-Losses/explained_variance,0.7048935890197754,Pong1PQFM_XObs_entangled_trainable_rzz_QLayers_5___seed_1_1761468207
897024,1-Training-Losses/explained_variance,0.6056203246116638,Pong1PQFM_XObs_entangled_trainable_rzz_QLayers_5___seed_1_1761468207
901120,1-Training-Losses/explained_variance,0.7046733498573303,Pong1PQFM_XObs_entangled_trainable_rzz_QLayers_5___seed_1_1761468207
905216,1-Training-Losses/explained_variance,0.6391357183456421,Pong1PQFM_XObs_entangled_trainable_rzz_QLayers_5___seed_1_1761468207
909312,1-Training-Losses/explained_variance,0.7429940700531006,Pong1PQFM_XObs_entangled_trainable_rzz_QLayers_5___seed_1_1761468207
913408,1-Training-Losses/explained_variance,0.6538945436477661,Pong1PQFM_XObs_entangled_trainable_rzz_QLayers_5___seed_1_1761468207
917504,1-Training-Losses/explained_variance,0.6625329256057739,Pong1PQFM_XObs_entangled_trainable_rzz_QLayers_5___seed_1_1761468207
921600,1-Training-Losses/explained_variance,0.5926259160041809,Pong1PQFM_XObs_entangled_trainable_rzz_QLayers_5___seed_1_1761468207
925696,1-Training-Losses/explained_variance,0.695046067237854,Pong1PQFM_XObs_entangled_trainable_rzz_QLayers_5___seed_1_1761468207
929792,1-Training-Losses/explained_variance,0.7137597799301147,Pong1PQFM_XObs_entangled_trainable_rzz_QLayers_5___seed_1_1761468207
933888,1-Training-Losses/explained_variance,0.7167298793792725,Pong1PQFM_XObs_entangled_trainable_rzz_QLayers_5___seed_1_1761468207
937984,1-Training-Losses/explained_variance,0.6254403591156006,Pong1PQFM_XObs_entangled_trainable_rzz_QLayers_5___seed_1_1761468207
942080,1-Training-Losses/explained_variance,0.7162854671478271,Pong1PQFM_XObs_entangled_trainable_rzz_QLayers_5___seed_1_1761468207
946176,1-Training-Losses/explained_variance,0.7196801900863647,Pong1PQFM_XObs_entangled_trainable_rzz_QLayers_5___seed_1_1761468207
950272,1-Training-Losses/explained_variance,0.67093825340271,Pong1PQFM_XObs_entangled_trainable_rzz_QLayers_5___seed_1_1761468207
954368,1-Training-Losses/explained_variance,0.6321826577186584,Pong1PQFM_XObs_entangled_trainable_rzz_QLayers_5___seed_1_1761468207
958464,1-Training-Losses/explained_variance,0.6555368304252625,Pong1PQFM_XObs_entangled_trainable_rzz_QLayers_5___seed_1_1761468207
962560,1-Training-Losses/explained_variance,0.7567331790924072,Pong1PQFM_XObs_entangled_trainable_rzz_QLayers_5___seed_1_1761468207
966656,1-Training-Losses/explained_variance,0.7291529178619385,Pong1PQFM_XObs_entangled_trainable_rzz_QLayers_5___seed_1_1761468207
970752,1-Training-Losses/explained_variance,0.6162889003753662,Pong1PQFM_XObs_entangled_trainable_rzz_QLayers_5___seed_1_1761468207
974848,1-Training-Losses/explained_variance,0.6162840723991394,Pong1PQFM_XObs_entangled_trainable_rzz_QLayers_5___seed_1_1761468207
978944,1-Training-Losses/explained_variance,0.6372025609016418,Pong1PQFM_XObs_entangled_trainable_rzz_QLayers_5___seed_1_1761468207
983040,1-Training-Losses/explained_variance,0.6824395656585693,Pong1PQFM_XObs_entangled_trainable_rzz_QLayers_5___seed_1_1761468207
987136,1-Training-Losses/explained_variance,0.6872624158859253,Pong1PQFM_XObs_entangled_trainable_rzz_QLayers_5___seed_1_1761468207
991232,1-Training-Losses/explained_variance,0.6232459545135498,Pong1PQFM_XObs_entangled_trainable_rzz_QLayers_5___seed_1_1761468207
995328,1-Training-Losses/explained_variance,0.6605647802352905,Pong1PQFM_XObs_entangled_trainable_rzz_QLayers_5___seed_1_1761468207
999424,1-Training-Losses/explained_variance,0.6692893505096436,Pong1PQFM_XObs_entangled_trainable_rzz_QLayers_5___seed_1_1761468207
1003520,1-Training-Losses/explained_variance,0.6384754776954651,Pong1PQFM_XObs_entangled_trainable_rzz_QLayers_5___seed_1_1761468207
1007616,1-Training-Losses/explained_variance,0.6634677648544312,Pong1PQFM_XObs_entangled_trainable_rzz_QLayers_5___seed_1_1761468207
1011712,1-Training-Losses/explained_variance,0.5987435579299927,Pong1PQFM_XObs_entangled_trainable_rzz_QLayers_5___seed_1_1761468207
1015808,1-Training-Losses/explained_variance,0.7620733976364136,Pong1PQFM_XObs_entangled_trainable_rzz_QLayers_5___seed_1_1761468207
1019904,1-Training-Losses/explained_variance,0.7070469856262207,Pong1PQFM_XObs_entangled_trainable_rzz_QLayers_5___seed_1_1761468207
1024000,1-Training-Losses/explained_variance,0.7619490027427673,Pong1PQFM_XObs_entangled_trainable_rzz_QLayers_5___seed_1_1761468207
1028096,1-Training-Losses/explained_variance,0.5785220265388489,Pong1PQFM_XObs_entangled_trainable_rzz_QLayers_5___seed_1_1761468207
1032192,1-Training-Losses/explained_variance,0.6963306665420532,Pong1PQFM_XObs_entangled_trainable_rzz_QLayers_5___seed_1_1761468207
1036288,1-Training-Losses/explained_variance,0.6982624530792236,Pong1PQFM_XObs_entangled_trainable_rzz_QLayers_5___seed_1_1761468207
1040384,1-Training-Losses/explained_variance,0.7549101114273071,Pong1PQFM_XObs_entangled_trainable_rzz_QLayers_5___seed_1_1761468207
1044480,1-Training-Losses/explained_variance,0.6195098161697388,Pong1PQFM_XObs_entangled_trainable_rzz_QLayers_5___seed_1_1761468207
1048576,1-Training-Losses/explained_variance,0.7446749806404114,Pong1PQFM_XObs_entangled_trainable_rzz_QLayers_5___seed_1_1761468207
1052672,1-Training-Losses/explained_variance,0.7004304528236389,Pong1PQFM_XObs_entangled_trainable_rzz_QLayers_5___seed_1_1761468207
1056768,1-Training-Losses/explained_variance,0.7295353412628174,Pong1PQFM_XObs_entangled_trainable_rzz_QLayers_5___seed_1_1761468207
1060864,1-Training-Losses/explained_variance,0.7548058032989502,Pong1PQFM_XObs_entangled_trainable_rzz_QLayers_5___seed_1_1761468207
1064960,1-Training-Losses/explained_variance,0.7283074259757996,Pong1PQFM_XObs_entangled_trainable_rzz_QLayers_5___seed_1_1761468207
1069056,1-Training-Losses/explained_variance,0.7389984130859375,Pong1PQFM_XObs_entangled_trainable_rzz_QLayers_5___seed_1_1761468207
1073152,1-Training-Losses/explained_variance,0.6575132608413696,Pong1PQFM_XObs_entangled_trainable_rzz_QLayers_5___seed_1_1761468207
1077248,1-Training-Losses/explained_variance,0.7287089824676514,Pong1PQFM_XObs_entangled_trainable_rzz_QLayers_5___seed_1_1761468207
1081344,1-Training-Losses/explained_variance,0.7754490375518799,Pong1PQFM_XObs_entangled_trainable_rzz_QLayers_5___seed_1_1761468207
1085440,1-Training-Losses/explained_variance,0.670346200466156,Pong1PQFM_XObs_entangled_trainable_rzz_QLayers_5___seed_1_1761468207
1089536,1-Training-Losses/explained_variance,0.7600691914558411,Pong1PQFM_XObs_entangled_trainable_rzz_QLayers_5___seed_1_1761468207
1093632,1-Training-Losses/explained_variance,0.752805769443512,Pong1PQFM_XObs_entangled_trainable_rzz_QLayers_5___seed_1_1761468207
1097728,1-Training-Losses/explained_variance,0.7274340391159058,Pong1PQFM_XObs_entangled_trainable_rzz_QLayers_5___seed_1_1761468207
1101824,1-Training-Losses/explained_variance,0.7540276050567627,Pong1PQFM_XObs_entangled_trainable_rzz_QLayers_5___seed_1_1761468207
1105920,1-Training-Losses/explained_variance,0.7790865898132324,Pong1PQFM_XObs_entangled_trainable_rzz_QLayers_5___seed_1_1761468207
1110016,1-Training-Losses/explained_variance,0.7357944250106812,Pong1PQFM_XObs_entangled_trainable_rzz_QLayers_5___seed_1_1761468207
1114112,1-Training-Losses/explained_variance,0.7608731389045715,Pong1PQFM_XObs_entangled_trainable_rzz_QLayers_5___seed_1_1761468207
1118208,1-Training-Losses/explained_variance,0.7569990158081055,Pong1PQFM_XObs_entangled_trainable_rzz_QLayers_5___seed_1_1761468207
1122304,1-Training-Losses/explained_variance,0.7897069454193115,Pong1PQFM_XObs_entangled_trainable_rzz_QLayers_5___seed_1_1761468207
1126400,1-Training-Losses/explained_variance,0.7646796703338623,Pong1PQFM_XObs_entangled_trainable_rzz_QLayers_5___seed_1_1761468207
1130496,1-Training-Losses/explained_variance,0.7303153276443481,Pong1PQFM_XObs_entangled_trainable_rzz_QLayers_5___seed_1_1761468207
1134592,1-Training-Losses/explained_variance,0.8312824368476868,Pong1PQFM_XObs_entangled_trainable_rzz_QLayers_5___seed_1_1761468207
1138688,1-Training-Losses/explained_variance,0.7393867373466492,Pong1PQFM_XObs_entangled_trainable_rzz_QLayers_5___seed_1_1761468207
1142784,1-Training-Losses/explained_variance,0.7148643732070923,Pong1PQFM_XObs_entangled_trainable_rzz_QLayers_5___seed_1_1761468207
1146880,1-Training-Losses/explained_variance,0.7824490666389465,Pong1PQFM_XObs_entangled_trainable_rzz_QLayers_5___seed_1_1761468207
1150976,1-Training-Losses/explained_variance,0.7127082347869873,Pong1PQFM_XObs_entangled_trainable_rzz_QLayers_5___seed_1_1761468207
1155072,1-Training-Losses/explained_variance,0.7523894906044006,Pong1PQFM_XObs_entangled_trainable_rzz_QLayers_5___seed_1_1761468207
1159168,1-Training-Losses/explained_variance,0.6985689401626587,Pong1PQFM_XObs_entangled_trainable_rzz_QLayers_5___seed_1_1761468207
1163264,1-Training-Losses/explained_variance,0.7341713905334473,Pong1PQFM_XObs_entangled_trainable_rzz_QLayers_5___seed_1_1761468207
1167360,1-Training-Losses/explained_variance,0.7017451524734497,Pong1PQFM_XObs_entangled_trainable_rzz_QLayers_5___seed_1_1761468207
1171456,1-Training-Losses/explained_variance,0.7250264883041382,Pong1PQFM_XObs_entangled_trainable_rzz_QLayers_5___seed_1_1761468207
1175552,1-Training-Losses/explained_variance,0.78545743227005,Pong1PQFM_XObs_entangled_trainable_rzz_QLayers_5___seed_1_1761468207
1179648,1-Training-Losses/explained_variance,0.7568354606628418,Pong1PQFM_XObs_entangled_trainable_rzz_QLayers_5___seed_1_1761468207
1183744,1-Training-Losses/explained_variance,0.7295596599578857,Pong1PQFM_XObs_entangled_trainable_rzz_QLayers_5___seed_1_1761468207
1187840,1-Training-Losses/explained_variance,0.7638478875160217,Pong1PQFM_XObs_entangled_trainable_rzz_QLayers_5___seed_1_1761468207
1191936,1-Training-Losses/explained_variance,0.7367458343505859,Pong1PQFM_XObs_entangled_trainable_rzz_QLayers_5___seed_1_1761468207
1196032,1-Training-Losses/explained_variance,0.7153129577636719,Pong1PQFM_XObs_entangled_trainable_rzz_QLayers_5___seed_1_1761468207
1200128,1-Training-Losses/explained_variance,0.8095961809158325,Pong1PQFM_XObs_entangled_trainable_rzz_QLayers_5___seed_1_1761468207
1204224,1-Training-Losses/explained_variance,0.7611786127090454,Pong1PQFM_XObs_entangled_trainable_rzz_QLayers_5___seed_1_1761468207
1208320,1-Training-Losses/explained_variance,0.7126104235649109,Pong1PQFM_XObs_entangled_trainable_rzz_QLayers_5___seed_1_1761468207
1212416,1-Training-Losses/explained_variance,0.7550665140151978,Pong1PQFM_XObs_entangled_trainable_rzz_QLayers_5___seed_1_1761468207
1216512,1-Training-Losses/explained_variance,0.7338184714317322,Pong1PQFM_XObs_entangled_trainable_rzz_QLayers_5___seed_1_1761468207
1220608,1-Training-Losses/explained_variance,0.6640541553497314,Pong1PQFM_XObs_entangled_trainable_rzz_QLayers_5___seed_1_1761468207
1224704,1-Training-Losses/explained_variance,0.8154478073120117,Pong1PQFM_XObs_entangled_trainable_rzz_QLayers_5___seed_1_1761468207
1228800,1-Training-Losses/explained_variance,0.7953554391860962,Pong1PQFM_XObs_entangled_trainable_rzz_QLayers_5___seed_1_1761468207
1232896,1-Training-Losses/explained_variance,0.7976884841918945,Pong1PQFM_XObs_entangled_trainable_rzz_QLayers_5___seed_1_1761468207
1236992,1-Training-Losses/explained_variance,0.7463260889053345,Pong1PQFM_XObs_entangled_trainable_rzz_QLayers_5___seed_1_1761468207
1241088,1-Training-Losses/explained_variance,0.8211901783943176,Pong1PQFM_XObs_entangled_trainable_rzz_QLayers_5___seed_1_1761468207
1245184,1-Training-Losses/explained_variance,0.7565186619758606,Pong1PQFM_XObs_entangled_trainable_rzz_QLayers_5___seed_1_1761468207
1249280,1-Training-Losses/explained_variance,0.7929392457008362,Pong1PQFM_XObs_entangled_trainable_rzz_QLayers_5___seed_1_1761468207
1253376,1-Training-Losses/explained_variance,0.8021581172943115,Pong1PQFM_XObs_entangled_trainable_rzz_QLayers_5___seed_1_1761468207
1257472,1-Training-Losses/explained_variance,0.7924613952636719,Pong1PQFM_XObs_entangled_trainable_rzz_QLayers_5___seed_1_1761468207
1261568,1-Training-Losses/explained_variance,0.7732893228530884,Pong1PQFM_XObs_entangled_trainable_rzz_QLayers_5___seed_1_1761468207
1265664,1-Training-Losses/explained_variance,0.7748183012008667,Pong1PQFM_XObs_entangled_trainable_rzz_QLayers_5___seed_1_1761468207
1269760,1-Training-Losses/explained_variance,0.762238621711731,Pong1PQFM_XObs_entangled_trainable_rzz_QLayers_5___seed_1_1761468207
1273856,1-Training-Losses/explained_variance,0.7815523147583008,Pong1PQFM_XObs_entangled_trainable_rzz_QLayers_5___seed_1_1761468207
1277952,1-Training-Losses/explained_variance,0.7343282103538513,Pong1PQFM_XObs_entangled_trainable_rzz_QLayers_5___seed_1_1761468207
1282048,1-Training-Losses/explained_variance,0.712630033493042,Pong1PQFM_XObs_entangled_trainable_rzz_QLayers_5___seed_1_1761468207
1286144,1-Training-Losses/explained_variance,0.7917996644973755,Pong1PQFM_XObs_entangled_trainable_rzz_QLayers_5___seed_1_1761468207
1290240,1-Training-Losses/explained_variance,0.7522479295730591,Pong1PQFM_XObs_entangled_trainable_rzz_QLayers_5___seed_1_1761468207
1294336,1-Training-Losses/explained_variance,0.797079861164093,Pong1PQFM_XObs_entangled_trainable_rzz_QLayers_5___seed_1_1761468207
1298432,1-Training-Losses/explained_variance,0.7577299475669861,Pong1PQFM_XObs_entangled_trainable_rzz_QLayers_5___seed_1_1761468207
1302528,1-Training-Losses/explained_variance,0.8003711104393005,Pong1PQFM_XObs_entangled_trainable_rzz_QLayers_5___seed_1_1761468207
1306624,1-Training-Losses/explained_variance,0.7843830585479736,Pong1PQFM_XObs_entangled_trainable_rzz_QLayers_5___seed_1_1761468207
1310720,1-Training-Losses/explained_variance,0.7735998630523682,Pong1PQFM_XObs_entangled_trainable_rzz_QLayers_5___seed_1_1761468207
1314816,1-Training-Losses/explained_variance,0.7899352312088013,Pong1PQFM_XObs_entangled_trainable_rzz_QLayers_5___seed_1_1761468207
1318912,1-Training-Losses/explained_variance,0.7648792266845703,Pong1PQFM_XObs_entangled_trainable_rzz_QLayers_5___seed_1_1761468207
1323008,1-Training-Losses/explained_variance,0.7623587846755981,Pong1PQFM_XObs_entangled_trainable_rzz_QLayers_5___seed_1_1761468207
1327104,1-Training-Losses/explained_variance,0.7907562851905823,Pong1PQFM_XObs_entangled_trainable_rzz_QLayers_5___seed_1_1761468207
1331200,1-Training-Losses/explained_variance,0.8083374500274658,Pong1PQFM_XObs_entangled_trainable_rzz_QLayers_5___seed_1_1761468207
1335296,1-Training-Losses/explained_variance,0.8074487447738647,Pong1PQFM_XObs_entangled_trainable_rzz_QLayers_5___seed_1_1761468207
1339392,1-Training-Losses/explained_variance,0.759854793548584,Pong1PQFM_XObs_entangled_trainable_rzz_QLayers_5___seed_1_1761468207
1343488,1-Training-Losses/explained_variance,0.7397074699401855,Pong1PQFM_XObs_entangled_trainable_rzz_QLayers_5___seed_1_1761468207
1347584,1-Training-Losses/explained_variance,0.7718507647514343,Pong1PQFM_XObs_entangled_trainable_rzz_QLayers_5___seed_1_1761468207
1351680,1-Training-Losses/explained_variance,0.7794333696365356,Pong1PQFM_XObs_entangled_trainable_rzz_QLayers_5___seed_1_1761468207
1355776,1-Training-Losses/explained_variance,0.8201056718826294,Pong1PQFM_XObs_entangled_trainable_rzz_QLayers_5___seed_1_1761468207
1359872,1-Training-Losses/explained_variance,0.7699671983718872,Pong1PQFM_XObs_entangled_trainable_rzz_QLayers_5___seed_1_1761468207
1363968,1-Training-Losses/explained_variance,0.7515566349029541,Pong1PQFM_XObs_entangled_trainable_rzz_QLayers_5___seed_1_1761468207
1368064,1-Training-Losses/explained_variance,0.6985468864440918,Pong1PQFM_XObs_entangled_trainable_rzz_QLayers_5___seed_1_1761468207
1372160,1-Training-Losses/explained_variance,0.7679297924041748,Pong1PQFM_XObs_entangled_trainable_rzz_QLayers_5___seed_1_1761468207
1376256,1-Training-Losses/explained_variance,0.6866660118103027,Pong1PQFM_XObs_entangled_trainable_rzz_QLayers_5___seed_1_1761468207
1380352,1-Training-Losses/explained_variance,0.8062813878059387,Pong1PQFM_XObs_entangled_trainable_rzz_QLayers_5___seed_1_1761468207
1384448,1-Training-Losses/explained_variance,0.7327299118041992,Pong1PQFM_XObs_entangled_trainable_rzz_QLayers_5___seed_1_1761468207
1388544,1-Training-Losses/explained_variance,0.8594988584518433,Pong1PQFM_XObs_entangled_trainable_rzz_QLayers_5___seed_1_1761468207
1392640,1-Training-Losses/explained_variance,0.8145612478256226,Pong1PQFM_XObs_entangled_trainable_rzz_QLayers_5___seed_1_1761468207
1396736,1-Training-Losses/explained_variance,0.7521259188652039,Pong1PQFM_XObs_entangled_trainable_rzz_QLayers_5___seed_1_1761468207
1400832,1-Training-Losses/explained_variance,0.7923094034194946,Pong1PQFM_XObs_entangled_trainable_rzz_QLayers_5___seed_1_1761468207
1404928,1-Training-Losses/explained_variance,0.7381047010421753,Pong1PQFM_XObs_entangled_trainable_rzz_QLayers_5___seed_1_1761468207
1409024,1-Training-Losses/explained_variance,0.8413533568382263,Pong1PQFM_XObs_entangled_trainable_rzz_QLayers_5___seed_1_1761468207
1413120,1-Training-Losses/explained_variance,0.7982221841812134,Pong1PQFM_XObs_entangled_trainable_rzz_QLayers_5___seed_1_1761468207
1417216,1-Training-Losses/explained_variance,0.8332558870315552,Pong1PQFM_XObs_entangled_trainable_rzz_QLayers_5___seed_1_1761468207
1421312,1-Training-Losses/explained_variance,0.7631093263626099,Pong1PQFM_XObs_entangled_trainable_rzz_QLayers_5___seed_1_1761468207
1425408,1-Training-Losses/explained_variance,0.7614579200744629,Pong1PQFM_XObs_entangled_trainable_rzz_QLayers_5___seed_1_1761468207
1429504,1-Training-Losses/explained_variance,0.760994017124176,Pong1PQFM_XObs_entangled_trainable_rzz_QLayers_5___seed_1_1761468207
1433600,1-Training-Losses/explained_variance,0.7574993968009949,Pong1PQFM_XObs_entangled_trainable_rzz_QLayers_5___seed_1_1761468207
1437696,1-Training-Losses/explained_variance,0.6257344484329224,Pong1PQFM_XObs_entangled_trainable_rzz_QLayers_5___seed_1_1761468207
1441792,1-Training-Losses/explained_variance,0.8058812022209167,Pong1PQFM_XObs_entangled_trainable_rzz_QLayers_5___seed_1_1761468207
1445888,1-Training-Losses/explained_variance,0.7593698501586914,Pong1PQFM_XObs_entangled_trainable_rzz_QLayers_5___seed_1_1761468207
1449984,1-Training-Losses/explained_variance,0.8073749542236328,Pong1PQFM_XObs_entangled_trainable_rzz_QLayers_5___seed_1_1761468207
1454080,1-Training-Losses/explained_variance,0.7994390726089478,Pong1PQFM_XObs_entangled_trainable_rzz_QLayers_5___seed_1_1761468207
1458176,1-Training-Losses/explained_variance,0.8201919794082642,Pong1PQFM_XObs_entangled_trainable_rzz_QLayers_5___seed_1_1761468207
1462272,1-Training-Losses/explained_variance,0.7472872734069824,Pong1PQFM_XObs_entangled_trainable_rzz_QLayers_5___seed_1_1761468207
1466368,1-Training-Losses/explained_variance,0.7361697554588318,Pong1PQFM_XObs_entangled_trainable_rzz_QLayers_5___seed_1_1761468207
1470464,1-Training-Losses/explained_variance,0.743683934211731,Pong1PQFM_XObs_entangled_trainable_rzz_QLayers_5___seed_1_1761468207
1474560,1-Training-Losses/explained_variance,0.8442447781562805,Pong1PQFM_XObs_entangled_trainable_rzz_QLayers_5___seed_1_1761468207
1478656,1-Training-Losses/explained_variance,0.7918686866760254,Pong1PQFM_XObs_entangled_trainable_rzz_QLayers_5___seed_1_1761468207
1482752,1-Training-Losses/explained_variance,0.7591983079910278,Pong1PQFM_XObs_entangled_trainable_rzz_QLayers_5___seed_1_1761468207
1486848,1-Training-Losses/explained_variance,0.8028541803359985,Pong1PQFM_XObs_entangled_trainable_rzz_QLayers_5___seed_1_1761468207
1490944,1-Training-Losses/explained_variance,0.8274679780006409,Pong1PQFM_XObs_entangled_trainable_rzz_QLayers_5___seed_1_1761468207
1495040,1-Training-Losses/explained_variance,0.814057469367981,Pong1PQFM_XObs_entangled_trainable_rzz_QLayers_5___seed_1_1761468207
1499136,1-Training-Losses/explained_variance,0.8589149117469788,Pong1PQFM_XObs_entangled_trainable_rzz_QLayers_5___seed_1_1761468207
1503232,1-Training-Losses/explained_variance,0.841645359992981,Pong1PQFM_XObs_entangled_trainable_rzz_QLayers_5___seed_1_1761468207
1507328,1-Training-Losses/explained_variance,0.8430158495903015,Pong1PQFM_XObs_entangled_trainable_rzz_QLayers_5___seed_1_1761468207
1511424,1-Training-Losses/explained_variance,0.7561622262001038,Pong1PQFM_XObs_entangled_trainable_rzz_QLayers_5___seed_1_1761468207
1515520,1-Training-Losses/explained_variance,0.7657490968704224,Pong1PQFM_XObs_entangled_trainable_rzz_QLayers_5___seed_1_1761468207
1519616,1-Training-Losses/explained_variance,0.7386407256126404,Pong1PQFM_XObs_entangled_trainable_rzz_QLayers_5___seed_1_1761468207
1523712,1-Training-Losses/explained_variance,0.7407621145248413,Pong1PQFM_XObs_entangled_trainable_rzz_QLayers_5___seed_1_1761468207
1527808,1-Training-Losses/explained_variance,0.776362419128418,Pong1PQFM_XObs_entangled_trainable_rzz_QLayers_5___seed_1_1761468207
1531904,1-Training-Losses/explained_variance,0.8186438679695129,Pong1PQFM_XObs_entangled_trainable_rzz_QLayers_5___seed_1_1761468207
1536000,1-Training-Losses/explained_variance,0.8562923669815063,Pong1PQFM_XObs_entangled_trainable_rzz_QLayers_5___seed_1_1761468207
1540096,1-Training-Losses/explained_variance,0.8094790577888489,Pong1PQFM_XObs_entangled_trainable_rzz_QLayers_5___seed_1_1761468207
1544192,1-Training-Losses/explained_variance,0.7225663661956787,Pong1PQFM_XObs_entangled_trainable_rzz_QLayers_5___seed_1_1761468207
1548288,1-Training-Losses/explained_variance,0.6243757009506226,Pong1PQFM_XObs_entangled_trainable_rzz_QLayers_5___seed_1_1761468207
1552384,1-Training-Losses/explained_variance,0.7159978151321411,Pong1PQFM_XObs_entangled_trainable_rzz_QLayers_5___seed_1_1761468207
1556480,1-Training-Losses/explained_variance,0.7776017189025879,Pong1PQFM_XObs_entangled_trainable_rzz_QLayers_5___seed_1_1761468207
1560576,1-Training-Losses/explained_variance,0.8215959668159485,Pong1PQFM_XObs_entangled_trainable_rzz_QLayers_5___seed_1_1761468207
1564672,1-Training-Losses/explained_variance,0.7204798460006714,Pong1PQFM_XObs_entangled_trainable_rzz_QLayers_5___seed_1_1761468207
1568768,1-Training-Losses/explained_variance,0.7136627435684204,Pong1PQFM_XObs_entangled_trainable_rzz_QLayers_5___seed_1_1761468207
1572864,1-Training-Losses/explained_variance,0.8618606328964233,Pong1PQFM_XObs_entangled_trainable_rzz_QLayers_5___seed_1_1761468207
1576960,1-Training-Losses/explained_variance,0.7968043088912964,Pong1PQFM_XObs_entangled_trainable_rzz_QLayers_5___seed_1_1761468207
1581056,1-Training-Losses/explained_variance,0.8294371366500854,Pong1PQFM_XObs_entangled_trainable_rzz_QLayers_5___seed_1_1761468207
1585152,1-Training-Losses/explained_variance,0.873737633228302,Pong1PQFM_XObs_entangled_trainable_rzz_QLayers_5___seed_1_1761468207
1589248,1-Training-Losses/explained_variance,0.7155946493148804,Pong1PQFM_XObs_entangled_trainable_rzz_QLayers_5___seed_1_1761468207
1593344,1-Training-Losses/explained_variance,0.7361621856689453,Pong1PQFM_XObs_entangled_trainable_rzz_QLayers_5___seed_1_1761468207
1597440,1-Training-Losses/explained_variance,0.8060235381126404,Pong1PQFM_XObs_entangled_trainable_rzz_QLayers_5___seed_1_1761468207
1601536,1-Training-Losses/explained_variance,0.8010257482528687,Pong1PQFM_XObs_entangled_trainable_rzz_QLayers_5___seed_1_1761468207
1605632,1-Training-Losses/explained_variance,0.8397234678268433,Pong1PQFM_XObs_entangled_trainable_rzz_QLayers_5___seed_1_1761468207
1609728,1-Training-Losses/explained_variance,0.8656217455863953,Pong1PQFM_XObs_entangled_trainable_rzz_QLayers_5___seed_1_1761468207
1613824,1-Training-Losses/explained_variance,0.7627116441726685,Pong1PQFM_XObs_entangled_trainable_rzz_QLayers_5___seed_1_1761468207
1617920,1-Training-Losses/explained_variance,0.8153265714645386,Pong1PQFM_XObs_entangled_trainable_rzz_QLayers_5___seed_1_1761468207
1622016,1-Training-Losses/explained_variance,0.8003726601600647,Pong1PQFM_XObs_entangled_trainable_rzz_QLayers_5___seed_1_1761468207
1626112,1-Training-Losses/explained_variance,0.8502420783042908,Pong1PQFM_XObs_entangled_trainable_rzz_QLayers_5___seed_1_1761468207
1630208,1-Training-Losses/explained_variance,0.7718448638916016,Pong1PQFM_XObs_entangled_trainable_rzz_QLayers_5___seed_1_1761468207
1634304,1-Training-Losses/explained_variance,0.8772152066230774,Pong1PQFM_XObs_entangled_trainable_rzz_QLayers_5___seed_1_1761468207
1638400,1-Training-Losses/explained_variance,0.660386323928833,Pong1PQFM_XObs_entangled_trainable_rzz_QLayers_5___seed_1_1761468207
1642496,1-Training-Losses/explained_variance,0.7453041076660156,Pong1PQFM_XObs_entangled_trainable_rzz_QLayers_5___seed_1_1761468207
1646592,1-Training-Losses/explained_variance,0.5955076813697815,Pong1PQFM_XObs_entangled_trainable_rzz_QLayers_5___seed_1_1761468207
1650688,1-Training-Losses/explained_variance,0.7802870273590088,Pong1PQFM_XObs_entangled_trainable_rzz_QLayers_5___seed_1_1761468207
1654784,1-Training-Losses/explained_variance,0.6709346175193787,Pong1PQFM_XObs_entangled_trainable_rzz_QLayers_5___seed_1_1761468207
1658880,1-Training-Losses/explained_variance,0.7711604833602905,Pong1PQFM_XObs_entangled_trainable_rzz_QLayers_5___seed_1_1761468207
1662976,1-Training-Losses/explained_variance,0.7875872850418091,Pong1PQFM_XObs_entangled_trainable_rzz_QLayers_5___seed_1_1761468207
1667072,1-Training-Losses/explained_variance,0.7811665534973145,Pong1PQFM_XObs_entangled_trainable_rzz_QLayers_5___seed_1_1761468207
1671168,1-Training-Losses/explained_variance,0.8170129656791687,Pong1PQFM_XObs_entangled_trainable_rzz_QLayers_5___seed_1_1761468207
1675264,1-Training-Losses/explained_variance,0.7518593072891235,Pong1PQFM_XObs_entangled_trainable_rzz_QLayers_5___seed_1_1761468207
1679360,1-Training-Losses/explained_variance,0.7021325826644897,Pong1PQFM_XObs_entangled_trainable_rzz_QLayers_5___seed_1_1761468207
1683456,1-Training-Losses/explained_variance,0.7055323123931885,Pong1PQFM_XObs_entangled_trainable_rzz_QLayers_5___seed_1_1761468207
1687552,1-Training-Losses/explained_variance,0.7549819350242615,Pong1PQFM_XObs_entangled_trainable_rzz_QLayers_5___seed_1_1761468207
1691648,1-Training-Losses/explained_variance,0.7598421573638916,Pong1PQFM_XObs_entangled_trainable_rzz_QLayers_5___seed_1_1761468207
1695744,1-Training-Losses/explained_variance,0.7430137991905212,Pong1PQFM_XObs_entangled_trainable_rzz_QLayers_5___seed_1_1761468207
1699840,1-Training-Losses/explained_variance,0.6552399396896362,Pong1PQFM_XObs_entangled_trainable_rzz_QLayers_5___seed_1_1761468207
1703936,1-Training-Losses/explained_variance,0.6800491809844971,Pong1PQFM_XObs_entangled_trainable_rzz_QLayers_5___seed_1_1761468207
1708032,1-Training-Losses/explained_variance,0.7537065744400024,Pong1PQFM_XObs_entangled_trainable_rzz_QLayers_5___seed_1_1761468207
1712128,1-Training-Losses/explained_variance,0.7266104221343994,Pong1PQFM_XObs_entangled_trainable_rzz_QLayers_5___seed_1_1761468207
1716224,1-Training-Losses/explained_variance,0.6863036751747131,Pong1PQFM_XObs_entangled_trainable_rzz_QLayers_5___seed_1_1761468207
1720320,1-Training-Losses/explained_variance,0.7533226013183594,Pong1PQFM_XObs_entangled_trainable_rzz_QLayers_5___seed_1_1761468207
1724416,1-Training-Losses/explained_variance,0.5356544256210327,Pong1PQFM_XObs_entangled_trainable_rzz_QLayers_5___seed_1_1761468207
1728512,1-Training-Losses/explained_variance,0.7258594036102295,Pong1PQFM_XObs_entangled_trainable_rzz_QLayers_5___seed_1_1761468207
1732608,1-Training-Losses/explained_variance,0.6633250713348389,Pong1PQFM_XObs_entangled_trainable_rzz_QLayers_5___seed_1_1761468207
1736704,1-Training-Losses/explained_variance,0.6782004833221436,Pong1PQFM_XObs_entangled_trainable_rzz_QLayers_5___seed_1_1761468207
1740800,1-Training-Losses/explained_variance,0.7523891925811768,Pong1PQFM_XObs_entangled_trainable_rzz_QLayers_5___seed_1_1761468207
1744896,1-Training-Losses/explained_variance,0.6391301155090332,Pong1PQFM_XObs_entangled_trainable_rzz_QLayers_5___seed_1_1761468207
1748992,1-Training-Losses/explained_variance,0.7348614931106567,Pong1PQFM_XObs_entangled_trainable_rzz_QLayers_5___seed_1_1761468207
1753088,1-Training-Losses/explained_variance,0.5934151411056519,Pong1PQFM_XObs_entangled_trainable_rzz_QLayers_5___seed_1_1761468207
1757184,1-Training-Losses/explained_variance,0.5954021215438843,Pong1PQFM_XObs_entangled_trainable_rzz_QLayers_5___seed_1_1761468207
1761280,1-Training-Losses/explained_variance,0.7386008501052856,Pong1PQFM_XObs_entangled_trainable_rzz_QLayers_5___seed_1_1761468207
1765376,1-Training-Losses/explained_variance,0.6002242565155029,Pong1PQFM_XObs_entangled_trainable_rzz_QLayers_5___seed_1_1761468207
1769472,1-Training-Losses/explained_variance,0.5445758104324341,Pong1PQFM_XObs_entangled_trainable_rzz_QLayers_5___seed_1_1761468207
1773568,1-Training-Losses/explained_variance,0.6415939331054688,Pong1PQFM_XObs_entangled_trainable_rzz_QLayers_5___seed_1_1761468207
1777664,1-Training-Losses/explained_variance,0.7499507665634155,Pong1PQFM_XObs_entangled_trainable_rzz_QLayers_5___seed_1_1761468207
1781760,1-Training-Losses/explained_variance,0.7638097405433655,Pong1PQFM_XObs_entangled_trainable_rzz_QLayers_5___seed_1_1761468207
1785856,1-Training-Losses/explained_variance,0.7232644557952881,Pong1PQFM_XObs_entangled_trainable_rzz_QLayers_5___seed_1_1761468207
1789952,1-Training-Losses/explained_variance,0.644055962562561,Pong1PQFM_XObs_entangled_trainable_rzz_QLayers_5___seed_1_1761468207
1794048,1-Training-Losses/explained_variance,0.6816900968551636,Pong1PQFM_XObs_entangled_trainable_rzz_QLayers_5___seed_1_1761468207
1798144,1-Training-Losses/explained_variance,0.6790719032287598,Pong1PQFM_XObs_entangled_trainable_rzz_QLayers_5___seed_1_1761468207
1802240,1-Training-Losses/explained_variance,0.6476384401321411,Pong1PQFM_XObs_entangled_trainable_rzz_QLayers_5___seed_1_1761468207
1806336,1-Training-Losses/explained_variance,0.7081064581871033,Pong1PQFM_XObs_entangled_trainable_rzz_QLayers_5___seed_1_1761468207
1810432,1-Training-Losses/explained_variance,0.6428091526031494,Pong1PQFM_XObs_entangled_trainable_rzz_QLayers_5___seed_1_1761468207
1814528,1-Training-Losses/explained_variance,0.5621051788330078,Pong1PQFM_XObs_entangled_trainable_rzz_QLayers_5___seed_1_1761468207
1818624,1-Training-Losses/explained_variance,0.7431572675704956,Pong1PQFM_XObs_entangled_trainable_rzz_QLayers_5___seed_1_1761468207
1822720,1-Training-Losses/explained_variance,0.6190792918205261,Pong1PQFM_XObs_entangled_trainable_rzz_QLayers_5___seed_1_1761468207
1826816,1-Training-Losses/explained_variance,0.7484623789787292,Pong1PQFM_XObs_entangled_trainable_rzz_QLayers_5___seed_1_1761468207
1830912,1-Training-Losses/explained_variance,0.7640296220779419,Pong1PQFM_XObs_entangled_trainable_rzz_QLayers_5___seed_1_1761468207
1835008,1-Training-Losses/explained_variance,0.7385286092758179,Pong1PQFM_XObs_entangled_trainable_rzz_QLayers_5___seed_1_1761468207
1839104,1-Training-Losses/explained_variance,0.7145473957061768,Pong1PQFM_XObs_entangled_trainable_rzz_QLayers_5___seed_1_1761468207
1843200,1-Training-Losses/explained_variance,0.7214407920837402,Pong1PQFM_XObs_entangled_trainable_rzz_QLayers_5___seed_1_1761468207
1847296,1-Training-Losses/explained_variance,0.5301854610443115,Pong1PQFM_XObs_entangled_trainable_rzz_QLayers_5___seed_1_1761468207
1851392,1-Training-Losses/explained_variance,0.6186978816986084,Pong1PQFM_XObs_entangled_trainable_rzz_QLayers_5___seed_1_1761468207
1855488,1-Training-Losses/explained_variance,0.6605039834976196,Pong1PQFM_XObs_entangled_trainable_rzz_QLayers_5___seed_1_1761468207
1859584,1-Training-Losses/explained_variance,0.6173401474952698,Pong1PQFM_XObs_entangled_trainable_rzz_QLayers_5___seed_1_1761468207
1863680,1-Training-Losses/explained_variance,0.6970239877700806,Pong1PQFM_XObs_entangled_trainable_rzz_QLayers_5___seed_1_1761468207
1867776,1-Training-Losses/explained_variance,0.7327616214752197,Pong1PQFM_XObs_entangled_trainable_rzz_QLayers_5___seed_1_1761468207
1871872,1-Training-Losses/explained_variance,0.6095690131187439,Pong1PQFM_XObs_entangled_trainable_rzz_QLayers_5___seed_1_1761468207
1875968,1-Training-Losses/explained_variance,0.6436843276023865,Pong1PQFM_XObs_entangled_trainable_rzz_QLayers_5___seed_1_1761468207
1880064,1-Training-Losses/explained_variance,0.7168118357658386,Pong1PQFM_XObs_entangled_trainable_rzz_QLayers_5___seed_1_1761468207
1884160,1-Training-Losses/explained_variance,0.5688956379890442,Pong1PQFM_XObs_entangled_trainable_rzz_QLayers_5___seed_1_1761468207
1888256,1-Training-Losses/explained_variance,0.7082430124282837,Pong1PQFM_XObs_entangled_trainable_rzz_QLayers_5___seed_1_1761468207
1892352,1-Training-Losses/explained_variance,0.6783714294433594,Pong1PQFM_XObs_entangled_trainable_rzz_QLayers_5___seed_1_1761468207
1896448,1-Training-Losses/explained_variance,0.58274906873703,Pong1PQFM_XObs_entangled_trainable_rzz_QLayers_5___seed_1_1761468207
1900544,1-Training-Losses/explained_variance,0.6100383400917053,Pong1PQFM_XObs_entangled_trainable_rzz_QLayers_5___seed_1_1761468207
1904640,1-Training-Losses/explained_variance,0.6994699239730835,Pong1PQFM_XObs_entangled_trainable_rzz_QLayers_5___seed_1_1761468207
1908736,1-Training-Losses/explained_variance,0.7422560453414917,Pong1PQFM_XObs_entangled_trainable_rzz_QLayers_5___seed_1_1761468207
1912832,1-Training-Losses/explained_variance,0.6319085955619812,Pong1PQFM_XObs_entangled_trainable_rzz_QLayers_5___seed_1_1761468207
1916928,1-Training-Losses/explained_variance,0.6431241631507874,Pong1PQFM_XObs_entangled_trainable_rzz_QLayers_5___seed_1_1761468207
1921024,1-Training-Losses/explained_variance,0.6226398944854736,Pong1PQFM_XObs_entangled_trainable_rzz_QLayers_5___seed_1_1761468207
1925120,1-Training-Losses/explained_variance,0.562968373298645,Pong1PQFM_XObs_entangled_trainable_rzz_QLayers_5___seed_1_1761468207
1929216,1-Training-Losses/explained_variance,0.6036680936813354,Pong1PQFM_XObs_entangled_trainable_rzz_QLayers_5___seed_1_1761468207
1933312,1-Training-Losses/explained_variance,0.6338061094284058,Pong1PQFM_XObs_entangled_trainable_rzz_QLayers_5___seed_1_1761468207
1937408,1-Training-Losses/explained_variance,0.6998540759086609,Pong1PQFM_XObs_entangled_trainable_rzz_QLayers_5___seed_1_1761468207
1941504,1-Training-Losses/explained_variance,0.5704185366630554,Pong1PQFM_XObs_entangled_trainable_rzz_QLayers_5___seed_1_1761468207
1945600,1-Training-Losses/explained_variance,0.6486530900001526,Pong1PQFM_XObs_entangled_trainable_rzz_QLayers_5___seed_1_1761468207
1949696,1-Training-Losses/explained_variance,0.7350038290023804,Pong1PQFM_XObs_entangled_trainable_rzz_QLayers_5___seed_1_1761468207
1953792,1-Training-Losses/explained_variance,0.637860119342804,Pong1PQFM_XObs_entangled_trainable_rzz_QLayers_5___seed_1_1761468207
1957888,1-Training-Losses/explained_variance,0.7301229238510132,Pong1PQFM_XObs_entangled_trainable_rzz_QLayers_5___seed_1_1761468207
1961984,1-Training-Losses/explained_variance,0.7314436435699463,Pong1PQFM_XObs_entangled_trainable_rzz_QLayers_5___seed_1_1761468207
1966080,1-Training-Losses/explained_variance,0.7876284122467041,Pong1PQFM_XObs_entangled_trainable_rzz_QLayers_5___seed_1_1761468207
1970176,1-Training-Losses/explained_variance,0.7446730732917786,Pong1PQFM_XObs_entangled_trainable_rzz_QLayers_5___seed_1_1761468207
1974272,1-Training-Losses/explained_variance,0.6390519142150879,Pong1PQFM_XObs_entangled_trainable_rzz_QLayers_5___seed_1_1761468207
1978368,1-Training-Losses/explained_variance,0.594715416431427,Pong1PQFM_XObs_entangled_trainable_rzz_QLayers_5___seed_1_1761468207
1982464,1-Training-Losses/explained_variance,0.6492324471473694,Pong1PQFM_XObs_entangled_trainable_rzz_QLayers_5___seed_1_1761468207
1986560,1-Training-Losses/explained_variance,0.6343557834625244,Pong1PQFM_XObs_entangled_trainable_rzz_QLayers_5___seed_1_1761468207
1990656,1-Training-Losses/explained_variance,0.6976751089096069,Pong1PQFM_XObs_entangled_trainable_rzz_QLayers_5___seed_1_1761468207
1994752,1-Training-Losses/explained_variance,0.5929567813873291,Pong1PQFM_XObs_entangled_trainable_rzz_QLayers_5___seed_1_1761468207
1998848,1-Training-Losses/explained_variance,0.5891246199607849,Pong1PQFM_XObs_entangled_trainable_rzz_QLayers_5___seed_1_1761468207
2002944,1-Training-Losses/explained_variance,0.5872371196746826,Pong1PQFM_XObs_entangled_trainable_rzz_QLayers_5___seed_1_1761468207
2007040,1-Training-Losses/explained_variance,0.5258680582046509,Pong1PQFM_XObs_entangled_trainable_rzz_QLayers_5___seed_1_1761468207
2011136,1-Training-Losses/explained_variance,0.4863739013671875,Pong1PQFM_XObs_entangled_trainable_rzz_QLayers_5___seed_1_1761468207
2015232,1-Training-Losses/explained_variance,0.6796532869338989,Pong1PQFM_XObs_entangled_trainable_rzz_QLayers_5___seed_1_1761468207
2019328,1-Training-Losses/explained_variance,0.7136630415916443,Pong1PQFM_XObs_entangled_trainable_rzz_QLayers_5___seed_1_1761468207
2023424,1-Training-Losses/explained_variance,0.6983314156532288,Pong1PQFM_XObs_entangled_trainable_rzz_QLayers_5___seed_1_1761468207
2027520,1-Training-Losses/explained_variance,0.6496964693069458,Pong1PQFM_XObs_entangled_trainable_rzz_QLayers_5___seed_1_1761468207
2031616,1-Training-Losses/explained_variance,0.6253153085708618,Pong1PQFM_XObs_entangled_trainable_rzz_QLayers_5___seed_1_1761468207
2035712,1-Training-Losses/explained_variance,0.7412756681442261,Pong1PQFM_XObs_entangled_trainable_rzz_QLayers_5___seed_1_1761468207
2039808,1-Training-Losses/explained_variance,0.6572227478027344,Pong1PQFM_XObs_entangled_trainable_rzz_QLayers_5___seed_1_1761468207
2043904,1-Training-Losses/explained_variance,0.6809056401252747,Pong1PQFM_XObs_entangled_trainable_rzz_QLayers_5___seed_1_1761468207
2048000,1-Training-Losses/explained_variance,0.650810718536377,Pong1PQFM_XObs_entangled_trainable_rzz_QLayers_5___seed_1_1761468207
2052096,1-Training-Losses/explained_variance,0.5867884159088135,Pong1PQFM_XObs_entangled_trainable_rzz_QLayers_5___seed_1_1761468207
2056192,1-Training-Losses/explained_variance,0.7053534984588623,Pong1PQFM_XObs_entangled_trainable_rzz_QLayers_5___seed_1_1761468207
2060288,1-Training-Losses/explained_variance,0.7289568185806274,Pong1PQFM_XObs_entangled_trainable_rzz_QLayers_5___seed_1_1761468207
2064384,1-Training-Losses/explained_variance,0.5838887691497803,Pong1PQFM_XObs_entangled_trainable_rzz_QLayers_5___seed_1_1761468207
2068480,1-Training-Losses/explained_variance,0.5838589668273926,Pong1PQFM_XObs_entangled_trainable_rzz_QLayers_5___seed_1_1761468207
2072576,1-Training-Losses/explained_variance,0.714413046836853,Pong1PQFM_XObs_entangled_trainable_rzz_QLayers_5___seed_1_1761468207
2076672,1-Training-Losses/explained_variance,0.6850070953369141,Pong1PQFM_XObs_entangled_trainable_rzz_QLayers_5___seed_1_1761468207
2080768,1-Training-Losses/explained_variance,0.7399360537528992,Pong1PQFM_XObs_entangled_trainable_rzz_QLayers_5___seed_1_1761468207
2084864,1-Training-Losses/explained_variance,0.6601356267929077,Pong1PQFM_XObs_entangled_trainable_rzz_QLayers_5___seed_1_1761468207
2088960,1-Training-Losses/explained_variance,0.5969663858413696,Pong1PQFM_XObs_entangled_trainable_rzz_QLayers_5___seed_1_1761468207
2093056,1-Training-Losses/explained_variance,0.6696135997772217,Pong1PQFM_XObs_entangled_trainable_rzz_QLayers_5___seed_1_1761468207
2097152,1-Training-Losses/explained_variance,0.6658002138137817,Pong1PQFM_XObs_entangled_trainable_rzz_QLayers_5___seed_1_1761468207
2101248,1-Training-Losses/explained_variance,0.7401245832443237,Pong1PQFM_XObs_entangled_trainable_rzz_QLayers_5___seed_1_1761468207
2105344,1-Training-Losses/explained_variance,0.6660552024841309,Pong1PQFM_XObs_entangled_trainable_rzz_QLayers_5___seed_1_1761468207
2109440,1-Training-Losses/explained_variance,0.6003843545913696,Pong1PQFM_XObs_entangled_trainable_rzz_QLayers_5___seed_1_1761468207
2113536,1-Training-Losses/explained_variance,0.6246418952941895,Pong1PQFM_XObs_entangled_trainable_rzz_QLayers_5___seed_1_1761468207
2117632,1-Training-Losses/explained_variance,0.7558812499046326,Pong1PQFM_XObs_entangled_trainable_rzz_QLayers_5___seed_1_1761468207
2121728,1-Training-Losses/explained_variance,0.5658404231071472,Pong1PQFM_XObs_entangled_trainable_rzz_QLayers_5___seed_1_1761468207
2125824,1-Training-Losses/explained_variance,0.6634880900382996,Pong1PQFM_XObs_entangled_trainable_rzz_QLayers_5___seed_1_1761468207
2129920,1-Training-Losses/explained_variance,0.7721930742263794,Pong1PQFM_XObs_entangled_trainable_rzz_QLayers_5___seed_1_1761468207
2134016,1-Training-Losses/explained_variance,0.7773110866546631,Pong1PQFM_XObs_entangled_trainable_rzz_QLayers_5___seed_1_1761468207
2138112,1-Training-Losses/explained_variance,0.7818336486816406,Pong1PQFM_XObs_entangled_trainable_rzz_QLayers_5___seed_1_1761468207
2142208,1-Training-Losses/explained_variance,0.7149932980537415,Pong1PQFM_XObs_entangled_trainable_rzz_QLayers_5___seed_1_1761468207
2146304,1-Training-Losses/explained_variance,0.7616012096405029,Pong1PQFM_XObs_entangled_trainable_rzz_QLayers_5___seed_1_1761468207
2150400,1-Training-Losses/explained_variance,0.7149662971496582,Pong1PQFM_XObs_entangled_trainable_rzz_QLayers_5___seed_1_1761468207
2154496,1-Training-Losses/explained_variance,0.7548936605453491,Pong1PQFM_XObs_entangled_trainable_rzz_QLayers_5___seed_1_1761468207
2158592,1-Training-Losses/explained_variance,0.5805063843727112,Pong1PQFM_XObs_entangled_trainable_rzz_QLayers_5___seed_1_1761468207
2162688,1-Training-Losses/explained_variance,0.5975210070610046,Pong1PQFM_XObs_entangled_trainable_rzz_QLayers_5___seed_1_1761468207
2166784,1-Training-Losses/explained_variance,0.7348734140396118,Pong1PQFM_XObs_entangled_trainable_rzz_QLayers_5___seed_1_1761468207
2170880,1-Training-Losses/explained_variance,0.7286710739135742,Pong1PQFM_XObs_entangled_trainable_rzz_QLayers_5___seed_1_1761468207
2174976,1-Training-Losses/explained_variance,0.7429671883583069,Pong1PQFM_XObs_entangled_trainable_rzz_QLayers_5___seed_1_1761468207
2179072,1-Training-Losses/explained_variance,0.6516047716140747,Pong1PQFM_XObs_entangled_trainable_rzz_QLayers_5___seed_1_1761468207
2183168,1-Training-Losses/explained_variance,0.7159625291824341,Pong1PQFM_XObs_entangled_trainable_rzz_QLayers_5___seed_1_1761468207
2187264,1-Training-Losses/explained_variance,0.6467095613479614,Pong1PQFM_XObs_entangled_trainable_rzz_QLayers_5___seed_1_1761468207
2191360,1-Training-Losses/explained_variance,0.535601794719696,Pong1PQFM_XObs_entangled_trainable_rzz_QLayers_5___seed_1_1761468207
2195456,1-Training-Losses/explained_variance,0.6850166320800781,Pong1PQFM_XObs_entangled_trainable_rzz_QLayers_5___seed_1_1761468207
2199552,1-Training-Losses/explained_variance,0.7797105312347412,Pong1PQFM_XObs_entangled_trainable_rzz_QLayers_5___seed_1_1761468207
2203648,1-Training-Losses/explained_variance,0.6836727261543274,Pong1PQFM_XObs_entangled_trainable_rzz_QLayers_5___seed_1_1761468207
2207744,1-Training-Losses/explained_variance,0.6817722916603088,Pong1PQFM_XObs_entangled_trainable_rzz_QLayers_5___seed_1_1761468207
2211840,1-Training-Losses/explained_variance,0.6599212884902954,Pong1PQFM_XObs_entangled_trainable_rzz_QLayers_5___seed_1_1761468207
2215936,1-Training-Losses/explained_variance,0.651543140411377,Pong1PQFM_XObs_entangled_trainable_rzz_QLayers_5___seed_1_1761468207
2220032,1-Training-Losses/explained_variance,0.6935849189758301,Pong1PQFM_XObs_entangled_trainable_rzz_QLayers_5___seed_1_1761468207
2224128,1-Training-Losses/explained_variance,0.625813364982605,Pong1PQFM_XObs_entangled_trainable_rzz_QLayers_5___seed_1_1761468207
2228224,1-Training-Losses/explained_variance,0.5558967590332031,Pong1PQFM_XObs_entangled_trainable_rzz_QLayers_5___seed_1_1761468207
2232320,1-Training-Losses/explained_variance,0.818500280380249,Pong1PQFM_XObs_entangled_trainable_rzz_QLayers_5___seed_1_1761468207
2236416,1-Training-Losses/explained_variance,0.645046055316925,Pong1PQFM_XObs_entangled_trainable_rzz_QLayers_5___seed_1_1761468207
2240512,1-Training-Losses/explained_variance,0.7009937763214111,Pong1PQFM_XObs_entangled_trainable_rzz_QLayers_5___seed_1_1761468207
2244608,1-Training-Losses/explained_variance,0.7173831462860107,Pong1PQFM_XObs_entangled_trainable_rzz_QLayers_5___seed_1_1761468207
2248704,1-Training-Losses/explained_variance,0.6376954317092896,Pong1PQFM_XObs_entangled_trainable_rzz_QLayers_5___seed_1_1761468207
2252800,1-Training-Losses/explained_variance,0.7168552875518799,Pong1PQFM_XObs_entangled_trainable_rzz_QLayers_5___seed_1_1761468207
2256896,1-Training-Losses/explained_variance,0.6840885281562805,Pong1PQFM_XObs_entangled_trainable_rzz_QLayers_5___seed_1_1761468207
2260992,1-Training-Losses/explained_variance,0.7455432415008545,Pong1PQFM_XObs_entangled_trainable_rzz_QLayers_5___seed_1_1761468207
2265088,1-Training-Losses/explained_variance,0.668143093585968,Pong1PQFM_XObs_entangled_trainable_rzz_QLayers_5___seed_1_1761468207
2269184,1-Training-Losses/explained_variance,0.7954127192497253,Pong1PQFM_XObs_entangled_trainable_rzz_QLayers_5___seed_1_1761468207
2273280,1-Training-Losses/explained_variance,0.6323150396347046,Pong1PQFM_XObs_entangled_trainable_rzz_QLayers_5___seed_1_1761468207
2277376,1-Training-Losses/explained_variance,0.6568448543548584,Pong1PQFM_XObs_entangled_trainable_rzz_QLayers_5___seed_1_1761468207
2281472,1-Training-Losses/explained_variance,0.7232276201248169,Pong1PQFM_XObs_entangled_trainable_rzz_QLayers_5___seed_1_1761468207
2285568,1-Training-Losses/explained_variance,0.7602355480194092,Pong1PQFM_XObs_entangled_trainable_rzz_QLayers_5___seed_1_1761468207
2289664,1-Training-Losses/explained_variance,0.6456987857818604,Pong1PQFM_XObs_entangled_trainable_rzz_QLayers_5___seed_1_1761468207
2293760,1-Training-Losses/explained_variance,0.7593411803245544,Pong1PQFM_XObs_entangled_trainable_rzz_QLayers_5___seed_1_1761468207
2297856,1-Training-Losses/explained_variance,0.5740834474563599,Pong1PQFM_XObs_entangled_trainable_rzz_QLayers_5___seed_1_1761468207
2301952,1-Training-Losses/explained_variance,0.7360331416130066,Pong1PQFM_XObs_entangled_trainable_rzz_QLayers_5___seed_1_1761468207
2306048,1-Training-Losses/explained_variance,0.620028018951416,Pong1PQFM_XObs_entangled_trainable_rzz_QLayers_5___seed_1_1761468207
2310144,1-Training-Losses/explained_variance,0.7377802133560181,Pong1PQFM_XObs_entangled_trainable_rzz_QLayers_5___seed_1_1761468207
2314240,1-Training-Losses/explained_variance,0.7632408738136292,Pong1PQFM_XObs_entangled_trainable_rzz_QLayers_5___seed_1_1761468207
2318336,1-Training-Losses/explained_variance,0.7485814094543457,Pong1PQFM_XObs_entangled_trainable_rzz_QLayers_5___seed_1_1761468207
2322432,1-Training-Losses/explained_variance,0.7180096507072449,Pong1PQFM_XObs_entangled_trainable_rzz_QLayers_5___seed_1_1761468207
2326528,1-Training-Losses/explained_variance,0.6710396409034729,Pong1PQFM_XObs_entangled_trainable_rzz_QLayers_5___seed_1_1761468207
2330624,1-Training-Losses/explained_variance,0.675281286239624,Pong1PQFM_XObs_entangled_trainable_rzz_QLayers_5___seed_1_1761468207
2334720,1-Training-Losses/explained_variance,0.613970160484314,Pong1PQFM_XObs_entangled_trainable_rzz_QLayers_5___seed_1_1761468207
2338816,1-Training-Losses/explained_variance,0.5682414770126343,Pong1PQFM_XObs_entangled_trainable_rzz_QLayers_5___seed_1_1761468207
2342912,1-Training-Losses/explained_variance,0.6052052974700928,Pong1PQFM_XObs_entangled_trainable_rzz_QLayers_5___seed_1_1761468207
2347008,1-Training-Losses/explained_variance,0.5913251638412476,Pong1PQFM_XObs_entangled_trainable_rzz_QLayers_5___seed_1_1761468207
2351104,1-Training-Losses/explained_variance,0.6512016654014587,Pong1PQFM_XObs_entangled_trainable_rzz_QLayers_5___seed_1_1761468207
2355200,1-Training-Losses/explained_variance,0.5913602113723755,Pong1PQFM_XObs_entangled_trainable_rzz_QLayers_5___seed_1_1761468207
2359296,1-Training-Losses/explained_variance,0.7421555519104004,Pong1PQFM_XObs_entangled_trainable_rzz_QLayers_5___seed_1_1761468207
2363392,1-Training-Losses/explained_variance,0.7227458357810974,Pong1PQFM_XObs_entangled_trainable_rzz_QLayers_5___seed_1_1761468207
2367488,1-Training-Losses/explained_variance,0.6777244806289673,Pong1PQFM_XObs_entangled_trainable_rzz_QLayers_5___seed_1_1761468207
2371584,1-Training-Losses/explained_variance,0.6760908961296082,Pong1PQFM_XObs_entangled_trainable_rzz_QLayers_5___seed_1_1761468207
2375680,1-Training-Losses/explained_variance,0.7068229913711548,Pong1PQFM_XObs_entangled_trainable_rzz_QLayers_5___seed_1_1761468207
2379776,1-Training-Losses/explained_variance,0.6812400817871094,Pong1PQFM_XObs_entangled_trainable_rzz_QLayers_5___seed_1_1761468207
2383872,1-Training-Losses/explained_variance,0.6060221791267395,Pong1PQFM_XObs_entangled_trainable_rzz_QLayers_5___seed_1_1761468207
2387968,1-Training-Losses/explained_variance,0.7140672206878662,Pong1PQFM_XObs_entangled_trainable_rzz_QLayers_5___seed_1_1761468207
2392064,1-Training-Losses/explained_variance,0.7251394987106323,Pong1PQFM_XObs_entangled_trainable_rzz_QLayers_5___seed_1_1761468207
2396160,1-Training-Losses/explained_variance,0.4915807843208313,Pong1PQFM_XObs_entangled_trainable_rzz_QLayers_5___seed_1_1761468207
2400256,1-Training-Losses/explained_variance,0.636078953742981,Pong1PQFM_XObs_entangled_trainable_rzz_QLayers_5___seed_1_1761468207
2404352,1-Training-Losses/explained_variance,0.6946679949760437,Pong1PQFM_XObs_entangled_trainable_rzz_QLayers_5___seed_1_1761468207
2408448,1-Training-Losses/explained_variance,0.5829490423202515,Pong1PQFM_XObs_entangled_trainable_rzz_QLayers_5___seed_1_1761468207
2412544,1-Training-Losses/explained_variance,0.6497739553451538,Pong1PQFM_XObs_entangled_trainable_rzz_QLayers_5___seed_1_1761468207
2416640,1-Training-Losses/explained_variance,0.6390074491500854,Pong1PQFM_XObs_entangled_trainable_rzz_QLayers_5___seed_1_1761468207
2420736,1-Training-Losses/explained_variance,0.7469154000282288,Pong1PQFM_XObs_entangled_trainable_rzz_QLayers_5___seed_1_1761468207
2424832,1-Training-Losses/explained_variance,0.6420790553092957,Pong1PQFM_XObs_entangled_trainable_rzz_QLayers_5___seed_1_1761468207
2428928,1-Training-Losses/explained_variance,0.6714456081390381,Pong1PQFM_XObs_entangled_trainable_rzz_QLayers_5___seed_1_1761468207
2433024,1-Training-Losses/explained_variance,0.7741053104400635,Pong1PQFM_XObs_entangled_trainable_rzz_QLayers_5___seed_1_1761468207
2437120,1-Training-Losses/explained_variance,0.5851585865020752,Pong1PQFM_XObs_entangled_trainable_rzz_QLayers_5___seed_1_1761468207
2441216,1-Training-Losses/explained_variance,0.6160025596618652,Pong1PQFM_XObs_entangled_trainable_rzz_QLayers_5___seed_1_1761468207
2445312,1-Training-Losses/explained_variance,0.6987066268920898,Pong1PQFM_XObs_entangled_trainable_rzz_QLayers_5___seed_1_1761468207
2449408,1-Training-Losses/explained_variance,0.7052273750305176,Pong1PQFM_XObs_entangled_trainable_rzz_QLayers_5___seed_1_1761468207
2453504,1-Training-Losses/explained_variance,0.6967328786849976,Pong1PQFM_XObs_entangled_trainable_rzz_QLayers_5___seed_1_1761468207
2457600,1-Training-Losses/explained_variance,0.6694003939628601,Pong1PQFM_XObs_entangled_trainable_rzz_QLayers_5___seed_1_1761468207
2461696,1-Training-Losses/explained_variance,0.730789840221405,Pong1PQFM_XObs_entangled_trainable_rzz_QLayers_5___seed_1_1761468207
2465792,1-Training-Losses/explained_variance,0.6091097593307495,Pong1PQFM_XObs_entangled_trainable_rzz_QLayers_5___seed_1_1761468207
2469888,1-Training-Losses/explained_variance,0.6514338254928589,Pong1PQFM_XObs_entangled_trainable_rzz_QLayers_5___seed_1_1761468207
2473984,1-Training-Losses/explained_variance,0.6391609907150269,Pong1PQFM_XObs_entangled_trainable_rzz_QLayers_5___seed_1_1761468207
2478080,1-Training-Losses/explained_variance,0.6756914258003235,Pong1PQFM_XObs_entangled_trainable_rzz_QLayers_5___seed_1_1761468207
2482176,1-Training-Losses/explained_variance,0.7239437103271484,Pong1PQFM_XObs_entangled_trainable_rzz_QLayers_5___seed_1_1761468207
2486272,1-Training-Losses/explained_variance,0.7517272233963013,Pong1PQFM_XObs_entangled_trainable_rzz_QLayers_5___seed_1_1761468207
2490368,1-Training-Losses/explained_variance,0.5609786510467529,Pong1PQFM_XObs_entangled_trainable_rzz_QLayers_5___seed_1_1761468207
2494464,1-Training-Losses/explained_variance,0.7100028395652771,Pong1PQFM_XObs_entangled_trainable_rzz_QLayers_5___seed_1_1761468207
2498560,1-Training-Losses/explained_variance,0.6019505262374878,Pong1PQFM_XObs_entangled_trainable_rzz_QLayers_5___seed_1_1761468207
2502656,1-Training-Losses/explained_variance,0.7240495085716248,Pong1PQFM_XObs_entangled_trainable_rzz_QLayers_5___seed_1_1761468207
2506752,1-Training-Losses/explained_variance,0.6162362098693848,Pong1PQFM_XObs_entangled_trainable_rzz_QLayers_5___seed_1_1761468207
2510848,1-Training-Losses/explained_variance,0.5549382567405701,Pong1PQFM_XObs_entangled_trainable_rzz_QLayers_5___seed_1_1761468207
2514944,1-Training-Losses/explained_variance,0.6360167860984802,Pong1PQFM_XObs_entangled_trainable_rzz_QLayers_5___seed_1_1761468207
2519040,1-Training-Losses/explained_variance,0.6757317781448364,Pong1PQFM_XObs_entangled_trainable_rzz_QLayers_5___seed_1_1761468207
2523136,1-Training-Losses/explained_variance,0.6505920886993408,Pong1PQFM_XObs_entangled_trainable_rzz_QLayers_5___seed_1_1761468207
2527232,1-Training-Losses/explained_variance,0.5867291688919067,Pong1PQFM_XObs_entangled_trainable_rzz_QLayers_5___seed_1_1761468207
2531328,1-Training-Losses/explained_variance,0.6052714586257935,Pong1PQFM_XObs_entangled_trainable_rzz_QLayers_5___seed_1_1761468207
2535424,1-Training-Losses/explained_variance,0.4511733055114746,Pong1PQFM_XObs_entangled_trainable_rzz_QLayers_5___seed_1_1761468207
2539520,1-Training-Losses/explained_variance,0.5560731887817383,Pong1PQFM_XObs_entangled_trainable_rzz_QLayers_5___seed_1_1761468207
2543616,1-Training-Losses/explained_variance,0.655684232711792,Pong1PQFM_XObs_entangled_trainable_rzz_QLayers_5___seed_1_1761468207
2547712,1-Training-Losses/explained_variance,0.6911485195159912,Pong1PQFM_XObs_entangled_trainable_rzz_QLayers_5___seed_1_1761468207
2551808,1-Training-Losses/explained_variance,0.6766980886459351,Pong1PQFM_XObs_entangled_trainable_rzz_QLayers_5___seed_1_1761468207
2555904,1-Training-Losses/explained_variance,0.6973392963409424,Pong1PQFM_XObs_entangled_trainable_rzz_QLayers_5___seed_1_1761468207
2560000,1-Training-Losses/explained_variance,0.6013847589492798,Pong1PQFM_XObs_entangled_trainable_rzz_QLayers_5___seed_1_1761468207
2564096,1-Training-Losses/explained_variance,0.7511036992073059,Pong1PQFM_XObs_entangled_trainable_rzz_QLayers_5___seed_1_1761468207
2568192,1-Training-Losses/explained_variance,0.7169610261917114,Pong1PQFM_XObs_entangled_trainable_rzz_QLayers_5___seed_1_1761468207
2572288,1-Training-Losses/explained_variance,0.6831575632095337,Pong1PQFM_XObs_entangled_trainable_rzz_QLayers_5___seed_1_1761468207
2576384,1-Training-Losses/explained_variance,0.5188306570053101,Pong1PQFM_XObs_entangled_trainable_rzz_QLayers_5___seed_1_1761468207
2580480,1-Training-Losses/explained_variance,0.6033164262771606,Pong1PQFM_XObs_entangled_trainable_rzz_QLayers_5___seed_1_1761468207
2584576,1-Training-Losses/explained_variance,0.5700941681861877,Pong1PQFM_XObs_entangled_trainable_rzz_QLayers_5___seed_1_1761468207
2588672,1-Training-Losses/explained_variance,0.7139766216278076,Pong1PQFM_XObs_entangled_trainable_rzz_QLayers_5___seed_1_1761468207
2592768,1-Training-Losses/explained_variance,0.667935848236084,Pong1PQFM_XObs_entangled_trainable_rzz_QLayers_5___seed_1_1761468207
2596864,1-Training-Losses/explained_variance,0.6015648245811462,Pong1PQFM_XObs_entangled_trainable_rzz_QLayers_5___seed_1_1761468207
2600960,1-Training-Losses/explained_variance,0.6457971334457397,Pong1PQFM_XObs_entangled_trainable_rzz_QLayers_5___seed_1_1761468207
2605056,1-Training-Losses/explained_variance,0.7173953056335449,Pong1PQFM_XObs_entangled_trainable_rzz_QLayers_5___seed_1_1761468207
2609152,1-Training-Losses/explained_variance,0.5110865831375122,Pong1PQFM_XObs_entangled_trainable_rzz_QLayers_5___seed_1_1761468207
2613248,1-Training-Losses/explained_variance,0.7151695489883423,Pong1PQFM_XObs_entangled_trainable_rzz_QLayers_5___seed_1_1761468207
2617344,1-Training-Losses/explained_variance,0.6785426139831543,Pong1PQFM_XObs_entangled_trainable_rzz_QLayers_5___seed_1_1761468207
2621440,1-Training-Losses/explained_variance,0.6227325201034546,Pong1PQFM_XObs_entangled_trainable_rzz_QLayers_5___seed_1_1761468207
2625536,1-Training-Losses/explained_variance,0.6367890238761902,Pong1PQFM_XObs_entangled_trainable_rzz_QLayers_5___seed_1_1761468207
2629632,1-Training-Losses/explained_variance,0.6710828542709351,Pong1PQFM_XObs_entangled_trainable_rzz_QLayers_5___seed_1_1761468207
2633728,1-Training-Losses/explained_variance,0.6844158172607422,Pong1PQFM_XObs_entangled_trainable_rzz_QLayers_5___seed_1_1761468207
2637824,1-Training-Losses/explained_variance,0.7780072689056396,Pong1PQFM_XObs_entangled_trainable_rzz_QLayers_5___seed_1_1761468207
2641920,1-Training-Losses/explained_variance,0.5251835584640503,Pong1PQFM_XObs_entangled_trainable_rzz_QLayers_5___seed_1_1761468207
2646016,1-Training-Losses/explained_variance,0.7075380086898804,Pong1PQFM_XObs_entangled_trainable_rzz_QLayers_5___seed_1_1761468207
2650112,1-Training-Losses/explained_variance,0.7070145606994629,Pong1PQFM_XObs_entangled_trainable_rzz_QLayers_5___seed_1_1761468207
2654208,1-Training-Losses/explained_variance,0.586550235748291,Pong1PQFM_XObs_entangled_trainable_rzz_QLayers_5___seed_1_1761468207
2658304,1-Training-Losses/explained_variance,0.7069483995437622,Pong1PQFM_XObs_entangled_trainable_rzz_QLayers_5___seed_1_1761468207
2662400,1-Training-Losses/explained_variance,0.6857247352600098,Pong1PQFM_XObs_entangled_trainable_rzz_QLayers_5___seed_1_1761468207
2666496,1-Training-Losses/explained_variance,0.6517529487609863,Pong1PQFM_XObs_entangled_trainable_rzz_QLayers_5___seed_1_1761468207
2670592,1-Training-Losses/explained_variance,0.5519493222236633,Pong1PQFM_XObs_entangled_trainable_rzz_QLayers_5___seed_1_1761468207
2674688,1-Training-Losses/explained_variance,0.6416755318641663,Pong1PQFM_XObs_entangled_trainable_rzz_QLayers_5___seed_1_1761468207
2678784,1-Training-Losses/explained_variance,0.6034984588623047,Pong1PQFM_XObs_entangled_trainable_rzz_QLayers_5___seed_1_1761468207
2682880,1-Training-Losses/explained_variance,0.6294236183166504,Pong1PQFM_XObs_entangled_trainable_rzz_QLayers_5___seed_1_1761468207
2686976,1-Training-Losses/explained_variance,0.8211965560913086,Pong1PQFM_XObs_entangled_trainable_rzz_QLayers_5___seed_1_1761468207
2691072,1-Training-Losses/explained_variance,0.661342978477478,Pong1PQFM_XObs_entangled_trainable_rzz_QLayers_5___seed_1_1761468207
2695168,1-Training-Losses/explained_variance,0.7053708434104919,Pong1PQFM_XObs_entangled_trainable_rzz_QLayers_5___seed_1_1761468207
2699264,1-Training-Losses/explained_variance,0.6018922924995422,Pong1PQFM_XObs_entangled_trainable_rzz_QLayers_5___seed_1_1761468207
2703360,1-Training-Losses/explained_variance,0.6239109039306641,Pong1PQFM_XObs_entangled_trainable_rzz_QLayers_5___seed_1_1761468207
2707456,1-Training-Losses/explained_variance,0.6993025541305542,Pong1PQFM_XObs_entangled_trainable_rzz_QLayers_5___seed_1_1761468207
2711552,1-Training-Losses/explained_variance,0.6996262669563293,Pong1PQFM_XObs_entangled_trainable_rzz_QLayers_5___seed_1_1761468207
2715648,1-Training-Losses/explained_variance,0.5974352359771729,Pong1PQFM_XObs_entangled_trainable_rzz_QLayers_5___seed_1_1761468207
2719744,1-Training-Losses/explained_variance,0.5612242221832275,Pong1PQFM_XObs_entangled_trainable_rzz_QLayers_5___seed_1_1761468207
2723840,1-Training-Losses/explained_variance,0.6726938486099243,Pong1PQFM_XObs_entangled_trainable_rzz_QLayers_5___seed_1_1761468207
2727936,1-Training-Losses/explained_variance,0.6174488663673401,Pong1PQFM_XObs_entangled_trainable_rzz_QLayers_5___seed_1_1761468207
2732032,1-Training-Losses/explained_variance,0.5755473375320435,Pong1PQFM_XObs_entangled_trainable_rzz_QLayers_5___seed_1_1761468207
2736128,1-Training-Losses/explained_variance,0.6191316843032837,Pong1PQFM_XObs_entangled_trainable_rzz_QLayers_5___seed_1_1761468207
2740224,1-Training-Losses/explained_variance,0.6934776306152344,Pong1PQFM_XObs_entangled_trainable_rzz_QLayers_5___seed_1_1761468207
2744320,1-Training-Losses/explained_variance,0.5685142278671265,Pong1PQFM_XObs_entangled_trainable_rzz_QLayers_5___seed_1_1761468207
2748416,1-Training-Losses/explained_variance,0.6603485345840454,Pong1PQFM_XObs_entangled_trainable_rzz_QLayers_5___seed_1_1761468207
2752512,1-Training-Losses/explained_variance,0.6917049288749695,Pong1PQFM_XObs_entangled_trainable_rzz_QLayers_5___seed_1_1761468207
2756608,1-Training-Losses/explained_variance,0.6921881437301636,Pong1PQFM_XObs_entangled_trainable_rzz_QLayers_5___seed_1_1761468207
2760704,1-Training-Losses/explained_variance,0.6056910753250122,Pong1PQFM_XObs_entangled_trainable_rzz_QLayers_5___seed_1_1761468207
2764800,1-Training-Losses/explained_variance,0.726244330406189,Pong1PQFM_XObs_entangled_trainable_rzz_QLayers_5___seed_1_1761468207
2768896,1-Training-Losses/explained_variance,0.492124080657959,Pong1PQFM_XObs_entangled_trainable_rzz_QLayers_5___seed_1_1761468207
2772992,1-Training-Losses/explained_variance,0.6559790372848511,Pong1PQFM_XObs_entangled_trainable_rzz_QLayers_5___seed_1_1761468207
2777088,1-Training-Losses/explained_variance,0.6462765336036682,Pong1PQFM_XObs_entangled_trainable_rzz_QLayers_5___seed_1_1761468207
2781184,1-Training-Losses/explained_variance,0.7282058000564575,Pong1PQFM_XObs_entangled_trainable_rzz_QLayers_5___seed_1_1761468207
2785280,1-Training-Losses/explained_variance,0.6319909691810608,Pong1PQFM_XObs_entangled_trainable_rzz_QLayers_5___seed_1_1761468207
2789376,1-Training-Losses/explained_variance,0.6699464321136475,Pong1PQFM_XObs_entangled_trainable_rzz_QLayers_5___seed_1_1761468207
2793472,1-Training-Losses/explained_variance,0.5729225873947144,Pong1PQFM_XObs_entangled_trainable_rzz_QLayers_5___seed_1_1761468207
2797568,1-Training-Losses/explained_variance,0.5649338960647583,Pong1PQFM_XObs_entangled_trainable_rzz_QLayers_5___seed_1_1761468207
2801664,1-Training-Losses/explained_variance,0.6227446794509888,Pong1PQFM_XObs_entangled_trainable_rzz_QLayers_5___seed_1_1761468207
2805760,1-Training-Losses/explained_variance,0.6866098046302795,Pong1PQFM_XObs_entangled_trainable_rzz_QLayers_5___seed_1_1761468207
2809856,1-Training-Losses/explained_variance,0.7327760457992554,Pong1PQFM_XObs_entangled_trainable_rzz_QLayers_5___seed_1_1761468207
2813952,1-Training-Losses/explained_variance,0.6949059963226318,Pong1PQFM_XObs_entangled_trainable_rzz_QLayers_5___seed_1_1761468207
2818048,1-Training-Losses/explained_variance,0.6202342510223389,Pong1PQFM_XObs_entangled_trainable_rzz_QLayers_5___seed_1_1761468207
2822144,1-Training-Losses/explained_variance,0.48078304529190063,Pong1PQFM_XObs_entangled_trainable_rzz_QLayers_5___seed_1_1761468207
2826240,1-Training-Losses/explained_variance,0.7245811223983765,Pong1PQFM_XObs_entangled_trainable_rzz_QLayers_5___seed_1_1761468207
2830336,1-Training-Losses/explained_variance,0.7758152484893799,Pong1PQFM_XObs_entangled_trainable_rzz_QLayers_5___seed_1_1761468207
2834432,1-Training-Losses/explained_variance,0.7286725044250488,Pong1PQFM_XObs_entangled_trainable_rzz_QLayers_5___seed_1_1761468207
2838528,1-Training-Losses/explained_variance,0.5931776762008667,Pong1PQFM_XObs_entangled_trainable_rzz_QLayers_5___seed_1_1761468207
2842624,1-Training-Losses/explained_variance,0.6741065979003906,Pong1PQFM_XObs_entangled_trainable_rzz_QLayers_5___seed_1_1761468207
2846720,1-Training-Losses/explained_variance,0.6483203172683716,Pong1PQFM_XObs_entangled_trainable_rzz_QLayers_5___seed_1_1761468207
2850816,1-Training-Losses/explained_variance,0.6369644999504089,Pong1PQFM_XObs_entangled_trainable_rzz_QLayers_5___seed_1_1761468207
2854912,1-Training-Losses/explained_variance,0.5973269939422607,Pong1PQFM_XObs_entangled_trainable_rzz_QLayers_5___seed_1_1761468207
2859008,1-Training-Losses/explained_variance,0.5979735851287842,Pong1PQFM_XObs_entangled_trainable_rzz_QLayers_5___seed_1_1761468207
2863104,1-Training-Losses/explained_variance,0.5759758353233337,Pong1PQFM_XObs_entangled_trainable_rzz_QLayers_5___seed_1_1761468207
2867200,1-Training-Losses/explained_variance,0.5633232593536377,Pong1PQFM_XObs_entangled_trainable_rzz_QLayers_5___seed_1_1761468207
2871296,1-Training-Losses/explained_variance,0.42253339290618896,Pong1PQFM_XObs_entangled_trainable_rzz_QLayers_5___seed_1_1761468207
2875392,1-Training-Losses/explained_variance,0.7118017673492432,Pong1PQFM_XObs_entangled_trainable_rzz_QLayers_5___seed_1_1761468207
2879488,1-Training-Losses/explained_variance,0.6219195127487183,Pong1PQFM_XObs_entangled_trainable_rzz_QLayers_5___seed_1_1761468207
2883584,1-Training-Losses/explained_variance,0.6031018495559692,Pong1PQFM_XObs_entangled_trainable_rzz_QLayers_5___seed_1_1761468207
2887680,1-Training-Losses/explained_variance,0.6866858005523682,Pong1PQFM_XObs_entangled_trainable_rzz_QLayers_5___seed_1_1761468207
2891776,1-Training-Losses/explained_variance,0.6305077075958252,Pong1PQFM_XObs_entangled_trainable_rzz_QLayers_5___seed_1_1761468207
2895872,1-Training-Losses/explained_variance,0.7072430849075317,Pong1PQFM_XObs_entangled_trainable_rzz_QLayers_5___seed_1_1761468207
2899968,1-Training-Losses/explained_variance,0.6995337605476379,Pong1PQFM_XObs_entangled_trainable_rzz_QLayers_5___seed_1_1761468207
2904064,1-Training-Losses/explained_variance,0.772445023059845,Pong1PQFM_XObs_entangled_trainable_rzz_QLayers_5___seed_1_1761468207
2908160,1-Training-Losses/explained_variance,0.6672503352165222,Pong1PQFM_XObs_entangled_trainable_rzz_QLayers_5___seed_1_1761468207
2912256,1-Training-Losses/explained_variance,0.7272023558616638,Pong1PQFM_XObs_entangled_trainable_rzz_QLayers_5___seed_1_1761468207
2916352,1-Training-Losses/explained_variance,0.5035222768783569,Pong1PQFM_XObs_entangled_trainable_rzz_QLayers_5___seed_1_1761468207
2920448,1-Training-Losses/explained_variance,0.5738570690155029,Pong1PQFM_XObs_entangled_trainable_rzz_QLayers_5___seed_1_1761468207
2924544,1-Training-Losses/explained_variance,0.541214644908905,Pong1PQFM_XObs_entangled_trainable_rzz_QLayers_5___seed_1_1761468207
2928640,1-Training-Losses/explained_variance,0.7266539335250854,Pong1PQFM_XObs_entangled_trainable_rzz_QLayers_5___seed_1_1761468207
2932736,1-Training-Losses/explained_variance,0.6402896642684937,Pong1PQFM_XObs_entangled_trainable_rzz_QLayers_5___seed_1_1761468207
2936832,1-Training-Losses/explained_variance,0.7016469240188599,Pong1PQFM_XObs_entangled_trainable_rzz_QLayers_5___seed_1_1761468207
2940928,1-Training-Losses/explained_variance,0.615485668182373,Pong1PQFM_XObs_entangled_trainable_rzz_QLayers_5___seed_1_1761468207
2945024,1-Training-Losses/explained_variance,0.5903282165527344,Pong1PQFM_XObs_entangled_trainable_rzz_QLayers_5___seed_1_1761468207
2949120,1-Training-Losses/explained_variance,0.579063355922699,Pong1PQFM_XObs_entangled_trainable_rzz_QLayers_5___seed_1_1761468207
2953216,1-Training-Losses/explained_variance,0.574726939201355,Pong1PQFM_XObs_entangled_trainable_rzz_QLayers_5___seed_1_1761468207
2957312,1-Training-Losses/explained_variance,0.6487424373626709,Pong1PQFM_XObs_entangled_trainable_rzz_QLayers_5___seed_1_1761468207
2961408,1-Training-Losses/explained_variance,0.6196091175079346,Pong1PQFM_XObs_entangled_trainable_rzz_QLayers_5___seed_1_1761468207
2965504,1-Training-Losses/explained_variance,0.6954041123390198,Pong1PQFM_XObs_entangled_trainable_rzz_QLayers_5___seed_1_1761468207
2969600,1-Training-Losses/explained_variance,0.5646705627441406,Pong1PQFM_XObs_entangled_trainable_rzz_QLayers_5___seed_1_1761468207
2973696,1-Training-Losses/explained_variance,0.6544460654258728,Pong1PQFM_XObs_entangled_trainable_rzz_QLayers_5___seed_1_1761468207
2977792,1-Training-Losses/explained_variance,0.5923339128494263,Pong1PQFM_XObs_entangled_trainable_rzz_QLayers_5___seed_1_1761468207
2981888,1-Training-Losses/explained_variance,0.6367117166519165,Pong1PQFM_XObs_entangled_trainable_rzz_QLayers_5___seed_1_1761468207
2985984,1-Training-Losses/explained_variance,0.5898159742355347,Pong1PQFM_XObs_entangled_trainable_rzz_QLayers_5___seed_1_1761468207
2990080,1-Training-Losses/explained_variance,0.6007503271102905,Pong1PQFM_XObs_entangled_trainable_rzz_QLayers_5___seed_1_1761468207
2994176,1-Training-Losses/explained_variance,0.6163982152938843,Pong1PQFM_XObs_entangled_trainable_rzz_QLayers_5___seed_1_1761468207
2998272,1-Training-Losses/explained_variance,0.7349347472190857,Pong1PQFM_XObs_entangled_trainable_rzz_QLayers_5___seed_1_1761468207
3002368,1-Training-Losses/explained_variance,0.600354015827179,Pong1PQFM_XObs_entangled_trainable_rzz_QLayers_5___seed_1_1761468207
3006464,1-Training-Losses/explained_variance,0.7100524306297302,Pong1PQFM_XObs_entangled_trainable_rzz_QLayers_5___seed_1_1761468207
3010560,1-Training-Losses/explained_variance,0.7668337821960449,Pong1PQFM_XObs_entangled_trainable_rzz_QLayers_5___seed_1_1761468207
3014656,1-Training-Losses/explained_variance,0.6486043930053711,Pong1PQFM_XObs_entangled_trainable_rzz_QLayers_5___seed_1_1761468207
3018752,1-Training-Losses/explained_variance,0.5986976027488708,Pong1PQFM_XObs_entangled_trainable_rzz_QLayers_5___seed_1_1761468207
3022848,1-Training-Losses/explained_variance,0.5539968013763428,Pong1PQFM_XObs_entangled_trainable_rzz_QLayers_5___seed_1_1761468207
3026944,1-Training-Losses/explained_variance,0.5618411898612976,Pong1PQFM_XObs_entangled_trainable_rzz_QLayers_5___seed_1_1761468207
3031040,1-Training-Losses/explained_variance,0.6051161289215088,Pong1PQFM_XObs_entangled_trainable_rzz_QLayers_5___seed_1_1761468207
3035136,1-Training-Losses/explained_variance,0.6250357627868652,Pong1PQFM_XObs_entangled_trainable_rzz_QLayers_5___seed_1_1761468207
3039232,1-Training-Losses/explained_variance,0.661927342414856,Pong1PQFM_XObs_entangled_trainable_rzz_QLayers_5___seed_1_1761468207
3043328,1-Training-Losses/explained_variance,0.6587294340133667,Pong1PQFM_XObs_entangled_trainable_rzz_QLayers_5___seed_1_1761468207
3047424,1-Training-Losses/explained_variance,0.6338745355606079,Pong1PQFM_XObs_entangled_trainable_rzz_QLayers_5___seed_1_1761468207
3051520,1-Training-Losses/explained_variance,0.5901435613632202,Pong1PQFM_XObs_entangled_trainable_rzz_QLayers_5___seed_1_1761468207
3055616,1-Training-Losses/explained_variance,0.6599237322807312,Pong1PQFM_XObs_entangled_trainable_rzz_QLayers_5___seed_1_1761468207
3059712,1-Training-Losses/explained_variance,0.6406236886978149,Pong1PQFM_XObs_entangled_trainable_rzz_QLayers_5___seed_1_1761468207
3063808,1-Training-Losses/explained_variance,0.5147606730461121,Pong1PQFM_XObs_entangled_trainable_rzz_QLayers_5___seed_1_1761468207
3067904,1-Training-Losses/explained_variance,0.5814555883407593,Pong1PQFM_XObs_entangled_trainable_rzz_QLayers_5___seed_1_1761468207
3072000,1-Training-Losses/explained_variance,0.4434813857078552,Pong1PQFM_XObs_entangled_trainable_rzz_QLayers_5___seed_1_1761468207
3076096,1-Training-Losses/explained_variance,0.49710237979888916,Pong1PQFM_XObs_entangled_trainable_rzz_QLayers_5___seed_1_1761468207
3080192,1-Training-Losses/explained_variance,0.64801025390625,Pong1PQFM_XObs_entangled_trainable_rzz_QLayers_5___seed_1_1761468207
3084288,1-Training-Losses/explained_variance,0.604483425617218,Pong1PQFM_XObs_entangled_trainable_rzz_QLayers_5___seed_1_1761468207
3088384,1-Training-Losses/explained_variance,0.6529818773269653,Pong1PQFM_XObs_entangled_trainable_rzz_QLayers_5___seed_1_1761468207
3092480,1-Training-Losses/explained_variance,0.6679496765136719,Pong1PQFM_XObs_entangled_trainable_rzz_QLayers_5___seed_1_1761468207
3096576,1-Training-Losses/explained_variance,0.7344004511833191,Pong1PQFM_XObs_entangled_trainable_rzz_QLayers_5___seed_1_1761468207
3100672,1-Training-Losses/explained_variance,0.7908284068107605,Pong1PQFM_XObs_entangled_trainable_rzz_QLayers_5___seed_1_1761468207
3104768,1-Training-Losses/explained_variance,0.6693735718727112,Pong1PQFM_XObs_entangled_trainable_rzz_QLayers_5___seed_1_1761468207
3108864,1-Training-Losses/explained_variance,0.52403324842453,Pong1PQFM_XObs_entangled_trainable_rzz_QLayers_5___seed_1_1761468207
3112960,1-Training-Losses/explained_variance,0.7919753789901733,Pong1PQFM_XObs_entangled_trainable_rzz_QLayers_5___seed_1_1761468207
3117056,1-Training-Losses/explained_variance,0.636856198310852,Pong1PQFM_XObs_entangled_trainable_rzz_QLayers_5___seed_1_1761468207
3121152,1-Training-Losses/explained_variance,0.6630050539970398,Pong1PQFM_XObs_entangled_trainable_rzz_QLayers_5___seed_1_1761468207
3125248,1-Training-Losses/explained_variance,0.5651941299438477,Pong1PQFM_XObs_entangled_trainable_rzz_QLayers_5___seed_1_1761468207
3129344,1-Training-Losses/explained_variance,0.5556010603904724,Pong1PQFM_XObs_entangled_trainable_rzz_QLayers_5___seed_1_1761468207
3133440,1-Training-Losses/explained_variance,0.5964035391807556,Pong1PQFM_XObs_entangled_trainable_rzz_QLayers_5___seed_1_1761468207
3137536,1-Training-Losses/explained_variance,0.6195585131645203,Pong1PQFM_XObs_entangled_trainable_rzz_QLayers_5___seed_1_1761468207
3141632,1-Training-Losses/explained_variance,0.5559515953063965,Pong1PQFM_XObs_entangled_trainable_rzz_QLayers_5___seed_1_1761468207
3145728,1-Training-Losses/explained_variance,0.6466591954231262,Pong1PQFM_XObs_entangled_trainable_rzz_QLayers_5___seed_1_1761468207
3149824,1-Training-Losses/explained_variance,0.6799019575119019,Pong1PQFM_XObs_entangled_trainable_rzz_QLayers_5___seed_1_1761468207
3153920,1-Training-Losses/explained_variance,0.7022985219955444,Pong1PQFM_XObs_entangled_trainable_rzz_QLayers_5___seed_1_1761468207
3158016,1-Training-Losses/explained_variance,0.725557804107666,Pong1PQFM_XObs_entangled_trainable_rzz_QLayers_5___seed_1_1761468207
3162112,1-Training-Losses/explained_variance,0.7135858535766602,Pong1PQFM_XObs_entangled_trainable_rzz_QLayers_5___seed_1_1761468207
3166208,1-Training-Losses/explained_variance,0.618566632270813,Pong1PQFM_XObs_entangled_trainable_rzz_QLayers_5___seed_1_1761468207
3170304,1-Training-Losses/explained_variance,0.5484986305236816,Pong1PQFM_XObs_entangled_trainable_rzz_QLayers_5___seed_1_1761468207
3174400,1-Training-Losses/explained_variance,0.6082032918930054,Pong1PQFM_XObs_entangled_trainable_rzz_QLayers_5___seed_1_1761468207
3178496,1-Training-Losses/explained_variance,0.5821205377578735,Pong1PQFM_XObs_entangled_trainable_rzz_QLayers_5___seed_1_1761468207
3182592,1-Training-Losses/explained_variance,0.650700569152832,Pong1PQFM_XObs_entangled_trainable_rzz_QLayers_5___seed_1_1761468207
3186688,1-Training-Losses/explained_variance,0.664344310760498,Pong1PQFM_XObs_entangled_trainable_rzz_QLayers_5___seed_1_1761468207
3190784,1-Training-Losses/explained_variance,0.5455061197280884,Pong1PQFM_XObs_entangled_trainable_rzz_QLayers_5___seed_1_1761468207
3194880,1-Training-Losses/explained_variance,0.6658909320831299,Pong1PQFM_XObs_entangled_trainable_rzz_QLayers_5___seed_1_1761468207
3198976,1-Training-Losses/explained_variance,0.7330111265182495,Pong1PQFM_XObs_entangled_trainable_rzz_QLayers_5___seed_1_1761468207
3203072,1-Training-Losses/explained_variance,0.6299501657485962,Pong1PQFM_XObs_entangled_trainable_rzz_QLayers_5___seed_1_1761468207
3207168,1-Training-Losses/explained_variance,0.7927225828170776,Pong1PQFM_XObs_entangled_trainable_rzz_QLayers_5___seed_1_1761468207
3211264,1-Training-Losses/explained_variance,0.5753421783447266,Pong1PQFM_XObs_entangled_trainable_rzz_QLayers_5___seed_1_1761468207
3215360,1-Training-Losses/explained_variance,0.5569239854812622,Pong1PQFM_XObs_entangled_trainable_rzz_QLayers_5___seed_1_1761468207
3219456,1-Training-Losses/explained_variance,0.7090371251106262,Pong1PQFM_XObs_entangled_trainable_rzz_QLayers_5___seed_1_1761468207
3223552,1-Training-Losses/explained_variance,0.6673620939254761,Pong1PQFM_XObs_entangled_trainable_rzz_QLayers_5___seed_1_1761468207
3227648,1-Training-Losses/explained_variance,0.4870765209197998,Pong1PQFM_XObs_entangled_trainable_rzz_QLayers_5___seed_1_1761468207
3231744,1-Training-Losses/explained_variance,0.6455557346343994,Pong1PQFM_XObs_entangled_trainable_rzz_QLayers_5___seed_1_1761468207
3235840,1-Training-Losses/explained_variance,0.5368686318397522,Pong1PQFM_XObs_entangled_trainable_rzz_QLayers_5___seed_1_1761468207
3239936,1-Training-Losses/explained_variance,0.6057419776916504,Pong1PQFM_XObs_entangled_trainable_rzz_QLayers_5___seed_1_1761468207
3244032,1-Training-Losses/explained_variance,0.5133536458015442,Pong1PQFM_XObs_entangled_trainable_rzz_QLayers_5___seed_1_1761468207
3248128,1-Training-Losses/explained_variance,0.5655198097229004,Pong1PQFM_XObs_entangled_trainable_rzz_QLayers_5___seed_1_1761468207
3252224,1-Training-Losses/explained_variance,0.5066354274749756,Pong1PQFM_XObs_entangled_trainable_rzz_QLayers_5___seed_1_1761468207
3256320,1-Training-Losses/explained_variance,0.5233711004257202,Pong1PQFM_XObs_entangled_trainable_rzz_QLayers_5___seed_1_1761468207
3260416,1-Training-Losses/explained_variance,0.6275081634521484,Pong1PQFM_XObs_entangled_trainable_rzz_QLayers_5___seed_1_1761468207
3264512,1-Training-Losses/explained_variance,0.5779285430908203,Pong1PQFM_XObs_entangled_trainable_rzz_QLayers_5___seed_1_1761468207
3268608,1-Training-Losses/explained_variance,0.5453770756721497,Pong1PQFM_XObs_entangled_trainable_rzz_QLayers_5___seed_1_1761468207
3272704,1-Training-Losses/explained_variance,0.6460393667221069,Pong1PQFM_XObs_entangled_trainable_rzz_QLayers_5___seed_1_1761468207
3276800,1-Training-Losses/explained_variance,0.6019222736358643,Pong1PQFM_XObs_entangled_trainable_rzz_QLayers_5___seed_1_1761468207
3280896,1-Training-Losses/explained_variance,0.6147466897964478,Pong1PQFM_XObs_entangled_trainable_rzz_QLayers_5___seed_1_1761468207
3284992,1-Training-Losses/explained_variance,0.7318609952926636,Pong1PQFM_XObs_entangled_trainable_rzz_QLayers_5___seed_1_1761468207
3289088,1-Training-Losses/explained_variance,0.7244293093681335,Pong1PQFM_XObs_entangled_trainable_rzz_QLayers_5___seed_1_1761468207
3293184,1-Training-Losses/explained_variance,0.5946076512336731,Pong1PQFM_XObs_entangled_trainable_rzz_QLayers_5___seed_1_1761468207
3297280,1-Training-Losses/explained_variance,0.5219035744667053,Pong1PQFM_XObs_entangled_trainable_rzz_QLayers_5___seed_1_1761468207
3301376,1-Training-Losses/explained_variance,0.5706083178520203,Pong1PQFM_XObs_entangled_trainable_rzz_QLayers_5___seed_1_1761468207
3305472,1-Training-Losses/explained_variance,0.5718262195587158,Pong1PQFM_XObs_entangled_trainable_rzz_QLayers_5___seed_1_1761468207
3309568,1-Training-Losses/explained_variance,0.5742525458335876,Pong1PQFM_XObs_entangled_trainable_rzz_QLayers_5___seed_1_1761468207
3313664,1-Training-Losses/explained_variance,0.7154239416122437,Pong1PQFM_XObs_entangled_trainable_rzz_QLayers_5___seed_1_1761468207
3317760,1-Training-Losses/explained_variance,0.5753293037414551,Pong1PQFM_XObs_entangled_trainable_rzz_QLayers_5___seed_1_1761468207
3321856,1-Training-Losses/explained_variance,0.593477189540863,Pong1PQFM_XObs_entangled_trainable_rzz_QLayers_5___seed_1_1761468207
3325952,1-Training-Losses/explained_variance,0.3624417781829834,Pong1PQFM_XObs_entangled_trainable_rzz_QLayers_5___seed_1_1761468207
3330048,1-Training-Losses/explained_variance,0.6222046613693237,Pong1PQFM_XObs_entangled_trainable_rzz_QLayers_5___seed_1_1761468207
3334144,1-Training-Losses/explained_variance,0.6153786778450012,Pong1PQFM_XObs_entangled_trainable_rzz_QLayers_5___seed_1_1761468207
3338240,1-Training-Losses/explained_variance,0.5033323764801025,Pong1PQFM_XObs_entangled_trainable_rzz_QLayers_5___seed_1_1761468207
3342336,1-Training-Losses/explained_variance,0.5774900913238525,Pong1PQFM_XObs_entangled_trainable_rzz_QLayers_5___seed_1_1761468207
3346432,1-Training-Losses/explained_variance,0.6465985178947449,Pong1PQFM_XObs_entangled_trainable_rzz_QLayers_5___seed_1_1761468207
3350528,1-Training-Losses/explained_variance,0.579678475856781,Pong1PQFM_XObs_entangled_trainable_rzz_QLayers_5___seed_1_1761468207
3354624,1-Training-Losses/explained_variance,0.6159952878952026,Pong1PQFM_XObs_entangled_trainable_rzz_QLayers_5___seed_1_1761468207
3358720,1-Training-Losses/explained_variance,0.4635881781578064,Pong1PQFM_XObs_entangled_trainable_rzz_QLayers_5___seed_1_1761468207
3362816,1-Training-Losses/explained_variance,0.3814680576324463,Pong1PQFM_XObs_entangled_trainable_rzz_QLayers_5___seed_1_1761468207
3366912,1-Training-Losses/explained_variance,0.5105372071266174,Pong1PQFM_XObs_entangled_trainable_rzz_QLayers_5___seed_1_1761468207
3371008,1-Training-Losses/explained_variance,0.5508456230163574,Pong1PQFM_XObs_entangled_trainable_rzz_QLayers_5___seed_1_1761468207
3375104,1-Training-Losses/explained_variance,0.4370657205581665,Pong1PQFM_XObs_entangled_trainable_rzz_QLayers_5___seed_1_1761468207
3379200,1-Training-Losses/explained_variance,0.6047555804252625,Pong1PQFM_XObs_entangled_trainable_rzz_QLayers_5___seed_1_1761468207
3383296,1-Training-Losses/explained_variance,0.2662621736526489,Pong1PQFM_XObs_entangled_trainable_rzz_QLayers_5___seed_1_1761468207
3387392,1-Training-Losses/explained_variance,0.3956507444381714,Pong1PQFM_XObs_entangled_trainable_rzz_QLayers_5___seed_1_1761468207
3391488,1-Training-Losses/explained_variance,0.5647450685501099,Pong1PQFM_XObs_entangled_trainable_rzz_QLayers_5___seed_1_1761468207
3395584,1-Training-Losses/explained_variance,0.618880569934845,Pong1PQFM_XObs_entangled_trainable_rzz_QLayers_5___seed_1_1761468207
3399680,1-Training-Losses/explained_variance,0.5452032685279846,Pong1PQFM_XObs_entangled_trainable_rzz_QLayers_5___seed_1_1761468207
3403776,1-Training-Losses/explained_variance,0.6974068880081177,Pong1PQFM_XObs_entangled_trainable_rzz_QLayers_5___seed_1_1761468207
3407872,1-Training-Losses/explained_variance,0.5263371467590332,Pong1PQFM_XObs_entangled_trainable_rzz_QLayers_5___seed_1_1761468207
3411968,1-Training-Losses/explained_variance,0.4926503896713257,Pong1PQFM_XObs_entangled_trainable_rzz_QLayers_5___seed_1_1761468207
3416064,1-Training-Losses/explained_variance,0.6421431303024292,Pong1PQFM_XObs_entangled_trainable_rzz_QLayers_5___seed_1_1761468207
3420160,1-Training-Losses/explained_variance,0.5000312924385071,Pong1PQFM_XObs_entangled_trainable_rzz_QLayers_5___seed_1_1761468207
3424256,1-Training-Losses/explained_variance,0.6878408193588257,Pong1PQFM_XObs_entangled_trainable_rzz_QLayers_5___seed_1_1761468207
3428352,1-Training-Losses/explained_variance,0.5432565212249756,Pong1PQFM_XObs_entangled_trainable_rzz_QLayers_5___seed_1_1761468207
3432448,1-Training-Losses/explained_variance,0.609843373298645,Pong1PQFM_XObs_entangled_trainable_rzz_QLayers_5___seed_1_1761468207
3436544,1-Training-Losses/explained_variance,0.5358160138130188,Pong1PQFM_XObs_entangled_trainable_rzz_QLayers_5___seed_1_1761468207
3440640,1-Training-Losses/explained_variance,0.647459864616394,Pong1PQFM_XObs_entangled_trainable_rzz_QLayers_5___seed_1_1761468207
3444736,1-Training-Losses/explained_variance,0.33868372440338135,Pong1PQFM_XObs_entangled_trainable_rzz_QLayers_5___seed_1_1761468207
3448832,1-Training-Losses/explained_variance,0.2651669383049011,Pong1PQFM_XObs_entangled_trainable_rzz_QLayers_5___seed_1_1761468207
3452928,1-Training-Losses/explained_variance,0.4861510992050171,Pong1PQFM_XObs_entangled_trainable_rzz_QLayers_5___seed_1_1761468207
3457024,1-Training-Losses/explained_variance,0.39151203632354736,Pong1PQFM_XObs_entangled_trainable_rzz_QLayers_5___seed_1_1761468207
3461120,1-Training-Losses/explained_variance,0.37238872051239014,Pong1PQFM_XObs_entangled_trainable_rzz_QLayers_5___seed_1_1761468207
3465216,1-Training-Losses/explained_variance,0.5901709794998169,Pong1PQFM_XObs_entangled_trainable_rzz_QLayers_5___seed_1_1761468207
3469312,1-Training-Losses/explained_variance,0.639404296875,Pong1PQFM_XObs_entangled_trainable_rzz_QLayers_5___seed_1_1761468207
3473408,1-Training-Losses/explained_variance,0.5588381290435791,Pong1PQFM_XObs_entangled_trainable_rzz_QLayers_5___seed_1_1761468207
3477504,1-Training-Losses/explained_variance,0.6101288795471191,Pong1PQFM_XObs_entangled_trainable_rzz_QLayers_5___seed_1_1761468207
3481600,1-Training-Losses/explained_variance,0.52724689245224,Pong1PQFM_XObs_entangled_trainable_rzz_QLayers_5___seed_1_1761468207
3485696,1-Training-Losses/explained_variance,0.546577513217926,Pong1PQFM_XObs_entangled_trainable_rzz_QLayers_5___seed_1_1761468207
3489792,1-Training-Losses/explained_variance,0.6266998052597046,Pong1PQFM_XObs_entangled_trainable_rzz_QLayers_5___seed_1_1761468207
3493888,1-Training-Losses/explained_variance,0.5585489869117737,Pong1PQFM_XObs_entangled_trainable_rzz_QLayers_5___seed_1_1761468207
3497984,1-Training-Losses/explained_variance,0.6615511178970337,Pong1PQFM_XObs_entangled_trainable_rzz_QLayers_5___seed_1_1761468207
3502080,1-Training-Losses/explained_variance,0.4997878074645996,Pong1PQFM_XObs_entangled_trainable_rzz_QLayers_5___seed_1_1761468207
3506176,1-Training-Losses/explained_variance,0.39615118503570557,Pong1PQFM_XObs_entangled_trainable_rzz_QLayers_5___seed_1_1761468207
3510272,1-Training-Losses/explained_variance,0.6034115552902222,Pong1PQFM_XObs_entangled_trainable_rzz_QLayers_5___seed_1_1761468207
3514368,1-Training-Losses/explained_variance,0.46334922313690186,Pong1PQFM_XObs_entangled_trainable_rzz_QLayers_5___seed_1_1761468207
3518464,1-Training-Losses/explained_variance,0.49366796016693115,Pong1PQFM_XObs_entangled_trainable_rzz_QLayers_5___seed_1_1761468207
3522560,1-Training-Losses/explained_variance,0.5710243582725525,Pong1PQFM_XObs_entangled_trainable_rzz_QLayers_5___seed_1_1761468207
3526656,1-Training-Losses/explained_variance,0.5380392074584961,Pong1PQFM_XObs_entangled_trainable_rzz_QLayers_5___seed_1_1761468207
3530752,1-Training-Losses/explained_variance,0.6060041189193726,Pong1PQFM_XObs_entangled_trainable_rzz_QLayers_5___seed_1_1761468207
3534848,1-Training-Losses/explained_variance,0.4999598264694214,Pong1PQFM_XObs_entangled_trainable_rzz_QLayers_5___seed_1_1761468207
3538944,1-Training-Losses/explained_variance,0.5050622820854187,Pong1PQFM_XObs_entangled_trainable_rzz_QLayers_5___seed_1_1761468207
3543040,1-Training-Losses/explained_variance,0.5796839594841003,Pong1PQFM_XObs_entangled_trainable_rzz_QLayers_5___seed_1_1761468207
3547136,1-Training-Losses/explained_variance,0.48464149236679077,Pong1PQFM_XObs_entangled_trainable_rzz_QLayers_5___seed_1_1761468207
3551232,1-Training-Losses/explained_variance,0.5033475160598755,Pong1PQFM_XObs_entangled_trainable_rzz_QLayers_5___seed_1_1761468207
3555328,1-Training-Losses/explained_variance,0.4761046767234802,Pong1PQFM_XObs_entangled_trainable_rzz_QLayers_5___seed_1_1761468207
3559424,1-Training-Losses/explained_variance,0.5851913690567017,Pong1PQFM_XObs_entangled_trainable_rzz_QLayers_5___seed_1_1761468207
3563520,1-Training-Losses/explained_variance,0.5278279781341553,Pong1PQFM_XObs_entangled_trainable_rzz_QLayers_5___seed_1_1761468207
3567616,1-Training-Losses/explained_variance,0.5775710344314575,Pong1PQFM_XObs_entangled_trainable_rzz_QLayers_5___seed_1_1761468207
3571712,1-Training-Losses/explained_variance,0.6264275312423706,Pong1PQFM_XObs_entangled_trainable_rzz_QLayers_5___seed_1_1761468207
3575808,1-Training-Losses/explained_variance,0.6749342083930969,Pong1PQFM_XObs_entangled_trainable_rzz_QLayers_5___seed_1_1761468207
3579904,1-Training-Losses/explained_variance,0.5027637481689453,Pong1PQFM_XObs_entangled_trainable_rzz_QLayers_5___seed_1_1761468207
3584000,1-Training-Losses/explained_variance,0.49559348821640015,Pong1PQFM_XObs_entangled_trainable_rzz_QLayers_5___seed_1_1761468207
3588096,1-Training-Losses/explained_variance,0.5825424194335938,Pong1PQFM_XObs_entangled_trainable_rzz_QLayers_5___seed_1_1761468207
3592192,1-Training-Losses/explained_variance,0.5375548601150513,Pong1PQFM_XObs_entangled_trainable_rzz_QLayers_5___seed_1_1761468207
3596288,1-Training-Losses/explained_variance,0.4148988723754883,Pong1PQFM_XObs_entangled_trainable_rzz_QLayers_5___seed_1_1761468207
3600384,1-Training-Losses/explained_variance,0.6236293911933899,Pong1PQFM_XObs_entangled_trainable_rzz_QLayers_5___seed_1_1761468207
3604480,1-Training-Losses/explained_variance,0.447595477104187,Pong1PQFM_XObs_entangled_trainable_rzz_QLayers_5___seed_1_1761468207
3608576,1-Training-Losses/explained_variance,0.6294862031936646,Pong1PQFM_XObs_entangled_trainable_rzz_QLayers_5___seed_1_1761468207
3612672,1-Training-Losses/explained_variance,0.5282799601554871,Pong1PQFM_XObs_entangled_trainable_rzz_QLayers_5___seed_1_1761468207
3616768,1-Training-Losses/explained_variance,0.32336026430130005,Pong1PQFM_XObs_entangled_trainable_rzz_QLayers_5___seed_1_1761468207
3620864,1-Training-Losses/explained_variance,0.5601141452789307,Pong1PQFM_XObs_entangled_trainable_rzz_QLayers_5___seed_1_1761468207
3624960,1-Training-Losses/explained_variance,0.5608500242233276,Pong1PQFM_XObs_entangled_trainable_rzz_QLayers_5___seed_1_1761468207
3629056,1-Training-Losses/explained_variance,0.7170073986053467,Pong1PQFM_XObs_entangled_trainable_rzz_QLayers_5___seed_1_1761468207
3633152,1-Training-Losses/explained_variance,0.6430937051773071,Pong1PQFM_XObs_entangled_trainable_rzz_QLayers_5___seed_1_1761468207
3637248,1-Training-Losses/explained_variance,0.5890777111053467,Pong1PQFM_XObs_entangled_trainable_rzz_QLayers_5___seed_1_1761468207
3641344,1-Training-Losses/explained_variance,0.4482876658439636,Pong1PQFM_XObs_entangled_trainable_rzz_QLayers_5___seed_1_1761468207
3645440,1-Training-Losses/explained_variance,0.5133328437805176,Pong1PQFM_XObs_entangled_trainable_rzz_QLayers_5___seed_1_1761468207
3649536,1-Training-Losses/explained_variance,0.6364085078239441,Pong1PQFM_XObs_entangled_trainable_rzz_QLayers_5___seed_1_1761468207
3653632,1-Training-Losses/explained_variance,0.4606936573982239,Pong1PQFM_XObs_entangled_trainable_rzz_QLayers_5___seed_1_1761468207
3657728,1-Training-Losses/explained_variance,0.6723564267158508,Pong1PQFM_XObs_entangled_trainable_rzz_QLayers_5___seed_1_1761468207
3661824,1-Training-Losses/explained_variance,0.5371742248535156,Pong1PQFM_XObs_entangled_trainable_rzz_QLayers_5___seed_1_1761468207
3665920,1-Training-Losses/explained_variance,0.5309121012687683,Pong1PQFM_XObs_entangled_trainable_rzz_QLayers_5___seed_1_1761468207
3670016,1-Training-Losses/explained_variance,0.6577345132827759,Pong1PQFM_XObs_entangled_trainable_rzz_QLayers_5___seed_1_1761468207
3674112,1-Training-Losses/explained_variance,0.5443376898765564,Pong1PQFM_XObs_entangled_trainable_rzz_QLayers_5___seed_1_1761468207
3678208,1-Training-Losses/explained_variance,0.5964387059211731,Pong1PQFM_XObs_entangled_trainable_rzz_QLayers_5___seed_1_1761468207
3682304,1-Training-Losses/explained_variance,0.4342970848083496,Pong1PQFM_XObs_entangled_trainable_rzz_QLayers_5___seed_1_1761468207
3686400,1-Training-Losses/explained_variance,0.6391991376876831,Pong1PQFM_XObs_entangled_trainable_rzz_QLayers_5___seed_1_1761468207
3690496,1-Training-Losses/explained_variance,0.6532642841339111,Pong1PQFM_XObs_entangled_trainable_rzz_QLayers_5___seed_1_1761468207
3694592,1-Training-Losses/explained_variance,0.49880510568618774,Pong1PQFM_XObs_entangled_trainable_rzz_QLayers_5___seed_1_1761468207
3698688,1-Training-Losses/explained_variance,0.4490872025489807,Pong1PQFM_XObs_entangled_trainable_rzz_QLayers_5___seed_1_1761468207
3702784,1-Training-Losses/explained_variance,0.5197154879570007,Pong1PQFM_XObs_entangled_trainable_rzz_QLayers_5___seed_1_1761468207
3706880,1-Training-Losses/explained_variance,0.26656287908554077,Pong1PQFM_XObs_entangled_trainable_rzz_QLayers_5___seed_1_1761468207
3710976,1-Training-Losses/explained_variance,0.3930785655975342,Pong1PQFM_XObs_entangled_trainable_rzz_QLayers_5___seed_1_1761468207
3715072,1-Training-Losses/explained_variance,0.49796897172927856,Pong1PQFM_XObs_entangled_trainable_rzz_QLayers_5___seed_1_1761468207
3719168,1-Training-Losses/explained_variance,0.6480425596237183,Pong1PQFM_XObs_entangled_trainable_rzz_QLayers_5___seed_1_1761468207
3723264,1-Training-Losses/explained_variance,0.534783661365509,Pong1PQFM_XObs_entangled_trainable_rzz_QLayers_5___seed_1_1761468207
3727360,1-Training-Losses/explained_variance,0.432552695274353,Pong1PQFM_XObs_entangled_trainable_rzz_QLayers_5___seed_1_1761468207
3731456,1-Training-Losses/explained_variance,0.45770370960235596,Pong1PQFM_XObs_entangled_trainable_rzz_QLayers_5___seed_1_1761468207
3735552,1-Training-Losses/explained_variance,0.5079226493835449,Pong1PQFM_XObs_entangled_trainable_rzz_QLayers_5___seed_1_1761468207
3739648,1-Training-Losses/explained_variance,0.5147204399108887,Pong1PQFM_XObs_entangled_trainable_rzz_QLayers_5___seed_1_1761468207
3743744,1-Training-Losses/explained_variance,0.5205498337745667,Pong1PQFM_XObs_entangled_trainable_rzz_QLayers_5___seed_1_1761468207
3747840,1-Training-Losses/explained_variance,0.5886454582214355,Pong1PQFM_XObs_entangled_trainable_rzz_QLayers_5___seed_1_1761468207
3751936,1-Training-Losses/explained_variance,0.5478469133377075,Pong1PQFM_XObs_entangled_trainable_rzz_QLayers_5___seed_1_1761468207
3756032,1-Training-Losses/explained_variance,0.5348084568977356,Pong1PQFM_XObs_entangled_trainable_rzz_QLayers_5___seed_1_1761468207
3760128,1-Training-Losses/explained_variance,0.5825136303901672,Pong1PQFM_XObs_entangled_trainable_rzz_QLayers_5___seed_1_1761468207
3764224,1-Training-Losses/explained_variance,0.5316781997680664,Pong1PQFM_XObs_entangled_trainable_rzz_QLayers_5___seed_1_1761468207
3768320,1-Training-Losses/explained_variance,0.3281394839286804,Pong1PQFM_XObs_entangled_trainable_rzz_QLayers_5___seed_1_1761468207
3772416,1-Training-Losses/explained_variance,0.5594058632850647,Pong1PQFM_XObs_entangled_trainable_rzz_QLayers_5___seed_1_1761468207
3776512,1-Training-Losses/explained_variance,0.6560142040252686,Pong1PQFM_XObs_entangled_trainable_rzz_QLayers_5___seed_1_1761468207
3780608,1-Training-Losses/explained_variance,0.35626959800720215,Pong1PQFM_XObs_entangled_trainable_rzz_QLayers_5___seed_1_1761468207
3784704,1-Training-Losses/explained_variance,0.6005667448043823,Pong1PQFM_XObs_entangled_trainable_rzz_QLayers_5___seed_1_1761468207
3788800,1-Training-Losses/explained_variance,0.5341541767120361,Pong1PQFM_XObs_entangled_trainable_rzz_QLayers_5___seed_1_1761468207
3792896,1-Training-Losses/explained_variance,0.6518701314926147,Pong1PQFM_XObs_entangled_trainable_rzz_QLayers_5___seed_1_1761468207
3796992,1-Training-Losses/explained_variance,0.5423099994659424,Pong1PQFM_XObs_entangled_trainable_rzz_QLayers_5___seed_1_1761468207
3801088,1-Training-Losses/explained_variance,0.6062948703765869,Pong1PQFM_XObs_entangled_trainable_rzz_QLayers_5___seed_1_1761468207
3805184,1-Training-Losses/explained_variance,0.5828131437301636,Pong1PQFM_XObs_entangled_trainable_rzz_QLayers_5___seed_1_1761468207
3809280,1-Training-Losses/explained_variance,0.4438527226448059,Pong1PQFM_XObs_entangled_trainable_rzz_QLayers_5___seed_1_1761468207
3813376,1-Training-Losses/explained_variance,0.7099798917770386,Pong1PQFM_XObs_entangled_trainable_rzz_QLayers_5___seed_1_1761468207
3817472,1-Training-Losses/explained_variance,0.6588921546936035,Pong1PQFM_XObs_entangled_trainable_rzz_QLayers_5___seed_1_1761468207
3821568,1-Training-Losses/explained_variance,0.45628851652145386,Pong1PQFM_XObs_entangled_trainable_rzz_QLayers_5___seed_1_1761468207
3825664,1-Training-Losses/explained_variance,0.48848968744277954,Pong1PQFM_XObs_entangled_trainable_rzz_QLayers_5___seed_1_1761468207
3829760,1-Training-Losses/explained_variance,0.6672797203063965,Pong1PQFM_XObs_entangled_trainable_rzz_QLayers_5___seed_1_1761468207
3833856,1-Training-Losses/explained_variance,0.5228266716003418,Pong1PQFM_XObs_entangled_trainable_rzz_QLayers_5___seed_1_1761468207
3837952,1-Training-Losses/explained_variance,0.47010862827301025,Pong1PQFM_XObs_entangled_trainable_rzz_QLayers_5___seed_1_1761468207
3842048,1-Training-Losses/explained_variance,0.4920554757118225,Pong1PQFM_XObs_entangled_trainable_rzz_QLayers_5___seed_1_1761468207
3846144,1-Training-Losses/explained_variance,0.520527720451355,Pong1PQFM_XObs_entangled_trainable_rzz_QLayers_5___seed_1_1761468207
3850240,1-Training-Losses/explained_variance,0.40580666065216064,Pong1PQFM_XObs_entangled_trainable_rzz_QLayers_5___seed_1_1761468207
3854336,1-Training-Losses/explained_variance,0.5612305402755737,Pong1PQFM_XObs_entangled_trainable_rzz_QLayers_5___seed_1_1761468207
3858432,1-Training-Losses/explained_variance,0.4745425581932068,Pong1PQFM_XObs_entangled_trainable_rzz_QLayers_5___seed_1_1761468207
3862528,1-Training-Losses/explained_variance,0.561091423034668,Pong1PQFM_XObs_entangled_trainable_rzz_QLayers_5___seed_1_1761468207
3866624,1-Training-Losses/explained_variance,0.4041014313697815,Pong1PQFM_XObs_entangled_trainable_rzz_QLayers_5___seed_1_1761468207
3870720,1-Training-Losses/explained_variance,0.3666418194770813,Pong1PQFM_XObs_entangled_trainable_rzz_QLayers_5___seed_1_1761468207
3874816,1-Training-Losses/explained_variance,0.5651191473007202,Pong1PQFM_XObs_entangled_trainable_rzz_QLayers_5___seed_1_1761468207
3878912,1-Training-Losses/explained_variance,0.5698818564414978,Pong1PQFM_XObs_entangled_trainable_rzz_QLayers_5___seed_1_1761468207
3883008,1-Training-Losses/explained_variance,0.42946332693099976,Pong1PQFM_XObs_entangled_trainable_rzz_QLayers_5___seed_1_1761468207
3887104,1-Training-Losses/explained_variance,0.4880183935165405,Pong1PQFM_XObs_entangled_trainable_rzz_QLayers_5___seed_1_1761468207
3891200,1-Training-Losses/explained_variance,0.48945289850234985,Pong1PQFM_XObs_entangled_trainable_rzz_QLayers_5___seed_1_1761468207
3895296,1-Training-Losses/explained_variance,0.3498085141181946,Pong1PQFM_XObs_entangled_trainable_rzz_QLayers_5___seed_1_1761468207
3899392,1-Training-Losses/explained_variance,0.3992881774902344,Pong1PQFM_XObs_entangled_trainable_rzz_QLayers_5___seed_1_1761468207
3903488,1-Training-Losses/explained_variance,0.4825248718261719,Pong1PQFM_XObs_entangled_trainable_rzz_QLayers_5___seed_1_1761468207
3907584,1-Training-Losses/explained_variance,0.44828563928604126,Pong1PQFM_XObs_entangled_trainable_rzz_QLayers_5___seed_1_1761468207
3911680,1-Training-Losses/explained_variance,0.30792999267578125,Pong1PQFM_XObs_entangled_trainable_rzz_QLayers_5___seed_1_1761468207
3915776,1-Training-Losses/explained_variance,0.5213825702667236,Pong1PQFM_XObs_entangled_trainable_rzz_QLayers_5___seed_1_1761468207
3919872,1-Training-Losses/explained_variance,0.5673724412918091,Pong1PQFM_XObs_entangled_trainable_rzz_QLayers_5___seed_1_1761468207
3923968,1-Training-Losses/explained_variance,0.46498554944992065,Pong1PQFM_XObs_entangled_trainable_rzz_QLayers_5___seed_1_1761468207
3928064,1-Training-Losses/explained_variance,0.423647940158844,Pong1PQFM_XObs_entangled_trainable_rzz_QLayers_5___seed_1_1761468207
3932160,1-Training-Losses/explained_variance,0.5322294235229492,Pong1PQFM_XObs_entangled_trainable_rzz_QLayers_5___seed_1_1761468207
3936256,1-Training-Losses/explained_variance,0.3521328568458557,Pong1PQFM_XObs_entangled_trainable_rzz_QLayers_5___seed_1_1761468207
3940352,1-Training-Losses/explained_variance,0.569940984249115,Pong1PQFM_XObs_entangled_trainable_rzz_QLayers_5___seed_1_1761468207
3944448,1-Training-Losses/explained_variance,0.634689450263977,Pong1PQFM_XObs_entangled_trainable_rzz_QLayers_5___seed_1_1761468207
3948544,1-Training-Losses/explained_variance,0.534250795841217,Pong1PQFM_XObs_entangled_trainable_rzz_QLayers_5___seed_1_1761468207
3952640,1-Training-Losses/explained_variance,0.5691912770271301,Pong1PQFM_XObs_entangled_trainable_rzz_QLayers_5___seed_1_1761468207
3956736,1-Training-Losses/explained_variance,0.44365566968917847,Pong1PQFM_XObs_entangled_trainable_rzz_QLayers_5___seed_1_1761468207
3960832,1-Training-Losses/explained_variance,0.49762171506881714,Pong1PQFM_XObs_entangled_trainable_rzz_QLayers_5___seed_1_1761468207
3964928,1-Training-Losses/explained_variance,0.6112244129180908,Pong1PQFM_XObs_entangled_trainable_rzz_QLayers_5___seed_1_1761468207
3969024,1-Training-Losses/explained_variance,0.4672953486442566,Pong1PQFM_XObs_entangled_trainable_rzz_QLayers_5___seed_1_1761468207
3973120,1-Training-Losses/explained_variance,0.48668164014816284,Pong1PQFM_XObs_entangled_trainable_rzz_QLayers_5___seed_1_1761468207
3977216,1-Training-Losses/explained_variance,0.3846611976623535,Pong1PQFM_XObs_entangled_trainable_rzz_QLayers_5___seed_1_1761468207
3981312,1-Training-Losses/explained_variance,0.5887033939361572,Pong1PQFM_XObs_entangled_trainable_rzz_QLayers_5___seed_1_1761468207
3985408,1-Training-Losses/explained_variance,0.531781017780304,Pong1PQFM_XObs_entangled_trainable_rzz_QLayers_5___seed_1_1761468207
3989504,1-Training-Losses/explained_variance,0.4175189137458801,Pong1PQFM_XObs_entangled_trainable_rzz_QLayers_5___seed_1_1761468207
3993600,1-Training-Losses/explained_variance,0.499153733253479,Pong1PQFM_XObs_entangled_trainable_rzz_QLayers_5___seed_1_1761468207
3997696,1-Training-Losses/explained_variance,0.4147239327430725,Pong1PQFM_XObs_entangled_trainable_rzz_QLayers_5___seed_1_1761468207
4001792,1-Training-Losses/explained_variance,0.5074276924133301,Pong1PQFM_XObs_entangled_trainable_rzz_QLayers_5___seed_1_1761468207
4005888,1-Training-Losses/explained_variance,0.3885399103164673,Pong1PQFM_XObs_entangled_trainable_rzz_QLayers_5___seed_1_1761468207
4009984,1-Training-Losses/explained_variance,0.5000358819961548,Pong1PQFM_XObs_entangled_trainable_rzz_QLayers_5___seed_1_1761468207
4014080,1-Training-Losses/explained_variance,0.5796748399734497,Pong1PQFM_XObs_entangled_trainable_rzz_QLayers_5___seed_1_1761468207
4018176,1-Training-Losses/explained_variance,0.3678207993507385,Pong1PQFM_XObs_entangled_trainable_rzz_QLayers_5___seed_1_1761468207
4022272,1-Training-Losses/explained_variance,0.41179144382476807,Pong1PQFM_XObs_entangled_trainable_rzz_QLayers_5___seed_1_1761468207
4026368,1-Training-Losses/explained_variance,0.43581467866897583,Pong1PQFM_XObs_entangled_trainable_rzz_QLayers_5___seed_1_1761468207
4030464,1-Training-Losses/explained_variance,0.5445066690444946,Pong1PQFM_XObs_entangled_trainable_rzz_QLayers_5___seed_1_1761468207
4034560,1-Training-Losses/explained_variance,0.5293003916740417,Pong1PQFM_XObs_entangled_trainable_rzz_QLayers_5___seed_1_1761468207
4038656,1-Training-Losses/explained_variance,0.43086302280426025,Pong1PQFM_XObs_entangled_trainable_rzz_QLayers_5___seed_1_1761468207
4042752,1-Training-Losses/explained_variance,0.5974676609039307,Pong1PQFM_XObs_entangled_trainable_rzz_QLayers_5___seed_1_1761468207
4046848,1-Training-Losses/explained_variance,0.4786888360977173,Pong1PQFM_XObs_entangled_trainable_rzz_QLayers_5___seed_1_1761468207
4050944,1-Training-Losses/explained_variance,0.6164768934249878,Pong1PQFM_XObs_entangled_trainable_rzz_QLayers_5___seed_1_1761468207
4055040,1-Training-Losses/explained_variance,0.5739820599555969,Pong1PQFM_XObs_entangled_trainable_rzz_QLayers_5___seed_1_1761468207
4059136,1-Training-Losses/explained_variance,0.48198503255844116,Pong1PQFM_XObs_entangled_trainable_rzz_QLayers_5___seed_1_1761468207
4063232,1-Training-Losses/explained_variance,0.5428808927536011,Pong1PQFM_XObs_entangled_trainable_rzz_QLayers_5___seed_1_1761468207
4067328,1-Training-Losses/explained_variance,0.5992231369018555,Pong1PQFM_XObs_entangled_trainable_rzz_QLayers_5___seed_1_1761468207
4071424,1-Training-Losses/explained_variance,0.51811683177948,Pong1PQFM_XObs_entangled_trainable_rzz_QLayers_5___seed_1_1761468207
4075520,1-Training-Losses/explained_variance,0.4173678755760193,Pong1PQFM_XObs_entangled_trainable_rzz_QLayers_5___seed_1_1761468207
4079616,1-Training-Losses/explained_variance,0.5269933938980103,Pong1PQFM_XObs_entangled_trainable_rzz_QLayers_5___seed_1_1761468207
4083712,1-Training-Losses/explained_variance,0.3944874405860901,Pong1PQFM_XObs_entangled_trainable_rzz_QLayers_5___seed_1_1761468207
4087808,1-Training-Losses/explained_variance,0.4164397716522217,Pong1PQFM_XObs_entangled_trainable_rzz_QLayers_5___seed_1_1761468207
4091904,1-Training-Losses/explained_variance,0.5486797094345093,Pong1PQFM_XObs_entangled_trainable_rzz_QLayers_5___seed_1_1761468207
4096000,1-Training-Losses/explained_variance,0.3670002818107605,Pong1PQFM_XObs_entangled_trainable_rzz_QLayers_5___seed_1_1761468207
4100096,1-Training-Losses/explained_variance,0.5299675464630127,Pong1PQFM_XObs_entangled_trainable_rzz_QLayers_5___seed_1_1761468207
4104192,1-Training-Losses/explained_variance,0.5288839936256409,Pong1PQFM_XObs_entangled_trainable_rzz_QLayers_5___seed_1_1761468207
4108288,1-Training-Losses/explained_variance,0.21762484312057495,Pong1PQFM_XObs_entangled_trainable_rzz_QLayers_5___seed_1_1761468207
4112384,1-Training-Losses/explained_variance,0.4574055075645447,Pong1PQFM_XObs_entangled_trainable_rzz_QLayers_5___seed_1_1761468207
4116480,1-Training-Losses/explained_variance,0.571709156036377,Pong1PQFM_XObs_entangled_trainable_rzz_QLayers_5___seed_1_1761468207
4120576,1-Training-Losses/explained_variance,0.28496044874191284,Pong1PQFM_XObs_entangled_trainable_rzz_QLayers_5___seed_1_1761468207
4124672,1-Training-Losses/explained_variance,0.5837256908416748,Pong1PQFM_XObs_entangled_trainable_rzz_QLayers_5___seed_1_1761468207
4128768,1-Training-Losses/explained_variance,0.517662525177002,Pong1PQFM_XObs_entangled_trainable_rzz_QLayers_5___seed_1_1761468207
4132864,1-Training-Losses/explained_variance,0.49084919691085815,Pong1PQFM_XObs_entangled_trainable_rzz_QLayers_5___seed_1_1761468207
4136960,1-Training-Losses/explained_variance,0.5245422124862671,Pong1PQFM_XObs_entangled_trainable_rzz_QLayers_5___seed_1_1761468207
4141056,1-Training-Losses/explained_variance,0.5331543684005737,Pong1PQFM_XObs_entangled_trainable_rzz_QLayers_5___seed_1_1761468207
4145152,1-Training-Losses/explained_variance,0.37646347284317017,Pong1PQFM_XObs_entangled_trainable_rzz_QLayers_5___seed_1_1761468207
4149248,1-Training-Losses/explained_variance,0.4892779588699341,Pong1PQFM_XObs_entangled_trainable_rzz_QLayers_5___seed_1_1761468207
4153344,1-Training-Losses/explained_variance,0.41021573543548584,Pong1PQFM_XObs_entangled_trainable_rzz_QLayers_5___seed_1_1761468207
4157440,1-Training-Losses/explained_variance,0.5025573372840881,Pong1PQFM_XObs_entangled_trainable_rzz_QLayers_5___seed_1_1761468207
4161536,1-Training-Losses/explained_variance,0.4531681537628174,Pong1PQFM_XObs_entangled_trainable_rzz_QLayers_5___seed_1_1761468207
4165632,1-Training-Losses/explained_variance,0.5141634941101074,Pong1PQFM_XObs_entangled_trainable_rzz_QLayers_5___seed_1_1761468207
4169728,1-Training-Losses/explained_variance,0.5950013399124146,Pong1PQFM_XObs_entangled_trainable_rzz_QLayers_5___seed_1_1761468207
4173824,1-Training-Losses/explained_variance,0.6833736300468445,Pong1PQFM_XObs_entangled_trainable_rzz_QLayers_5___seed_1_1761468207
4177920,1-Training-Losses/explained_variance,0.5370124578475952,Pong1PQFM_XObs_entangled_trainable_rzz_QLayers_5___seed_1_1761468207
4182016,1-Training-Losses/explained_variance,0.5246801376342773,Pong1PQFM_XObs_entangled_trainable_rzz_QLayers_5___seed_1_1761468207
4186112,1-Training-Losses/explained_variance,0.44258755445480347,Pong1PQFM_XObs_entangled_trainable_rzz_QLayers_5___seed_1_1761468207
4190208,1-Training-Losses/explained_variance,0.5464919805526733,Pong1PQFM_XObs_entangled_trainable_rzz_QLayers_5___seed_1_1761468207
4194304,1-Training-Losses/explained_variance,0.523150622844696,Pong1PQFM_XObs_entangled_trainable_rzz_QLayers_5___seed_1_1761468207
4198400,1-Training-Losses/explained_variance,0.5529932975769043,Pong1PQFM_XObs_entangled_trainable_rzz_QLayers_5___seed_1_1761468207
4202496,1-Training-Losses/explained_variance,0.5872344374656677,Pong1PQFM_XObs_entangled_trainable_rzz_QLayers_5___seed_1_1761468207
4206592,1-Training-Losses/explained_variance,0.3894822597503662,Pong1PQFM_XObs_entangled_trainable_rzz_QLayers_5___seed_1_1761468207
4210688,1-Training-Losses/explained_variance,0.5932636260986328,Pong1PQFM_XObs_entangled_trainable_rzz_QLayers_5___seed_1_1761468207
4214784,1-Training-Losses/explained_variance,0.6473186016082764,Pong1PQFM_XObs_entangled_trainable_rzz_QLayers_5___seed_1_1761468207
4218880,1-Training-Losses/explained_variance,0.4987538456916809,Pong1PQFM_XObs_entangled_trainable_rzz_QLayers_5___seed_1_1761468207
4222976,1-Training-Losses/explained_variance,0.4828454256057739,Pong1PQFM_XObs_entangled_trainable_rzz_QLayers_5___seed_1_1761468207
4227072,1-Training-Losses/explained_variance,0.6385254859924316,Pong1PQFM_XObs_entangled_trainable_rzz_QLayers_5___seed_1_1761468207
4231168,1-Training-Losses/explained_variance,0.5062885880470276,Pong1PQFM_XObs_entangled_trainable_rzz_QLayers_5___seed_1_1761468207
4235264,1-Training-Losses/explained_variance,0.6014413833618164,Pong1PQFM_XObs_entangled_trainable_rzz_QLayers_5___seed_1_1761468207
4239360,1-Training-Losses/explained_variance,0.4946284294128418,Pong1PQFM_XObs_entangled_trainable_rzz_QLayers_5___seed_1_1761468207
4243456,1-Training-Losses/explained_variance,0.2754390835762024,Pong1PQFM_XObs_entangled_trainable_rzz_QLayers_5___seed_1_1761468207
4247552,1-Training-Losses/explained_variance,0.6552329063415527,Pong1PQFM_XObs_entangled_trainable_rzz_QLayers_5___seed_1_1761468207
4251648,1-Training-Losses/explained_variance,0.6138222217559814,Pong1PQFM_XObs_entangled_trainable_rzz_QLayers_5___seed_1_1761468207
4255744,1-Training-Losses/explained_variance,0.6388824582099915,Pong1PQFM_XObs_entangled_trainable_rzz_QLayers_5___seed_1_1761468207
4259840,1-Training-Losses/explained_variance,0.5263170003890991,Pong1PQFM_XObs_entangled_trainable_rzz_QLayers_5___seed_1_1761468207
4263936,1-Training-Losses/explained_variance,0.543658971786499,Pong1PQFM_XObs_entangled_trainable_rzz_QLayers_5___seed_1_1761468207
4268032,1-Training-Losses/explained_variance,0.6593620777130127,Pong1PQFM_XObs_entangled_trainable_rzz_QLayers_5___seed_1_1761468207
4272128,1-Training-Losses/explained_variance,0.6887304782867432,Pong1PQFM_XObs_entangled_trainable_rzz_QLayers_5___seed_1_1761468207
4276224,1-Training-Losses/explained_variance,0.45395392179489136,Pong1PQFM_XObs_entangled_trainable_rzz_QLayers_5___seed_1_1761468207
4280320,1-Training-Losses/explained_variance,0.5066196918487549,Pong1PQFM_XObs_entangled_trainable_rzz_QLayers_5___seed_1_1761468207
4284416,1-Training-Losses/explained_variance,0.3931967616081238,Pong1PQFM_XObs_entangled_trainable_rzz_QLayers_5___seed_1_1761468207
4288512,1-Training-Losses/explained_variance,0.4532317519187927,Pong1PQFM_XObs_entangled_trainable_rzz_QLayers_5___seed_1_1761468207
4292608,1-Training-Losses/explained_variance,0.49270206689834595,Pong1PQFM_XObs_entangled_trainable_rzz_QLayers_5___seed_1_1761468207
4296704,1-Training-Losses/explained_variance,0.45401519536972046,Pong1PQFM_XObs_entangled_trainable_rzz_QLayers_5___seed_1_1761468207
4300800,1-Training-Losses/explained_variance,0.5040477514266968,Pong1PQFM_XObs_entangled_trainable_rzz_QLayers_5___seed_1_1761468207
4304896,1-Training-Losses/explained_variance,0.5442401170730591,Pong1PQFM_XObs_entangled_trainable_rzz_QLayers_5___seed_1_1761468207
4308992,1-Training-Losses/explained_variance,0.6206549406051636,Pong1PQFM_XObs_entangled_trainable_rzz_QLayers_5___seed_1_1761468207
4313088,1-Training-Losses/explained_variance,0.4844033718109131,Pong1PQFM_XObs_entangled_trainable_rzz_QLayers_5___seed_1_1761468207
4317184,1-Training-Losses/explained_variance,0.4966263175010681,Pong1PQFM_XObs_entangled_trainable_rzz_QLayers_5___seed_1_1761468207
4321280,1-Training-Losses/explained_variance,0.5457837581634521,Pong1PQFM_XObs_entangled_trainable_rzz_QLayers_5___seed_1_1761468207
4325376,1-Training-Losses/explained_variance,0.5526973605155945,Pong1PQFM_XObs_entangled_trainable_rzz_QLayers_5___seed_1_1761468207
4329472,1-Training-Losses/explained_variance,0.4337473511695862,Pong1PQFM_XObs_entangled_trainable_rzz_QLayers_5___seed_1_1761468207
4333568,1-Training-Losses/explained_variance,0.6552696228027344,Pong1PQFM_XObs_entangled_trainable_rzz_QLayers_5___seed_1_1761468207
4337664,1-Training-Losses/explained_variance,0.5398995876312256,Pong1PQFM_XObs_entangled_trainable_rzz_QLayers_5___seed_1_1761468207
4341760,1-Training-Losses/explained_variance,0.5536399483680725,Pong1PQFM_XObs_entangled_trainable_rzz_QLayers_5___seed_1_1761468207
4345856,1-Training-Losses/explained_variance,0.5496727824211121,Pong1PQFM_XObs_entangled_trainable_rzz_QLayers_5___seed_1_1761468207
4349952,1-Training-Losses/explained_variance,0.2668074369430542,Pong1PQFM_XObs_entangled_trainable_rzz_QLayers_5___seed_1_1761468207
4354048,1-Training-Losses/explained_variance,0.5368819236755371,Pong1PQFM_XObs_entangled_trainable_rzz_QLayers_5___seed_1_1761468207
4358144,1-Training-Losses/explained_variance,0.4979364275932312,Pong1PQFM_XObs_entangled_trainable_rzz_QLayers_5___seed_1_1761468207
4362240,1-Training-Losses/explained_variance,0.5852047204971313,Pong1PQFM_XObs_entangled_trainable_rzz_QLayers_5___seed_1_1761468207
4366336,1-Training-Losses/explained_variance,0.5694720149040222,Pong1PQFM_XObs_entangled_trainable_rzz_QLayers_5___seed_1_1761468207
4370432,1-Training-Losses/explained_variance,0.547714352607727,Pong1PQFM_XObs_entangled_trainable_rzz_QLayers_5___seed_1_1761468207
4374528,1-Training-Losses/explained_variance,0.6427123546600342,Pong1PQFM_XObs_entangled_trainable_rzz_QLayers_5___seed_1_1761468207
4378624,1-Training-Losses/explained_variance,0.4696812629699707,Pong1PQFM_XObs_entangled_trainable_rzz_QLayers_5___seed_1_1761468207
4382720,1-Training-Losses/explained_variance,0.47918063402175903,Pong1PQFM_XObs_entangled_trainable_rzz_QLayers_5___seed_1_1761468207
4386816,1-Training-Losses/explained_variance,0.59256911277771,Pong1PQFM_XObs_entangled_trainable_rzz_QLayers_5___seed_1_1761468207
4390912,1-Training-Losses/explained_variance,0.5379049181938171,Pong1PQFM_XObs_entangled_trainable_rzz_QLayers_5___seed_1_1761468207
4395008,1-Training-Losses/explained_variance,0.5593982338905334,Pong1PQFM_XObs_entangled_trainable_rzz_QLayers_5___seed_1_1761468207
4399104,1-Training-Losses/explained_variance,0.4389362931251526,Pong1PQFM_XObs_entangled_trainable_rzz_QLayers_5___seed_1_1761468207
4403200,1-Training-Losses/explained_variance,0.5255135297775269,Pong1PQFM_XObs_entangled_trainable_rzz_QLayers_5___seed_1_1761468207
4407296,1-Training-Losses/explained_variance,0.3371744155883789,Pong1PQFM_XObs_entangled_trainable_rzz_QLayers_5___seed_1_1761468207
4411392,1-Training-Losses/explained_variance,0.5022032260894775,Pong1PQFM_XObs_entangled_trainable_rzz_QLayers_5___seed_1_1761468207
4415488,1-Training-Losses/explained_variance,0.5234872102737427,Pong1PQFM_XObs_entangled_trainable_rzz_QLayers_5___seed_1_1761468207
4419584,1-Training-Losses/explained_variance,0.4184175729751587,Pong1PQFM_XObs_entangled_trainable_rzz_QLayers_5___seed_1_1761468207
4423680,1-Training-Losses/explained_variance,0.6080561876296997,Pong1PQFM_XObs_entangled_trainable_rzz_QLayers_5___seed_1_1761468207
4427776,1-Training-Losses/explained_variance,0.43229639530181885,Pong1PQFM_XObs_entangled_trainable_rzz_QLayers_5___seed_1_1761468207
4431872,1-Training-Losses/explained_variance,0.5751255750656128,Pong1PQFM_XObs_entangled_trainable_rzz_QLayers_5___seed_1_1761468207
4435968,1-Training-Losses/explained_variance,0.5823553800582886,Pong1PQFM_XObs_entangled_trainable_rzz_QLayers_5___seed_1_1761468207
4440064,1-Training-Losses/explained_variance,0.4933735132217407,Pong1PQFM_XObs_entangled_trainable_rzz_QLayers_5___seed_1_1761468207
4444160,1-Training-Losses/explained_variance,0.46534234285354614,Pong1PQFM_XObs_entangled_trainable_rzz_QLayers_5___seed_1_1761468207
4448256,1-Training-Losses/explained_variance,0.6271331310272217,Pong1PQFM_XObs_entangled_trainable_rzz_QLayers_5___seed_1_1761468207
4452352,1-Training-Losses/explained_variance,0.4924662709236145,Pong1PQFM_XObs_entangled_trainable_rzz_QLayers_5___seed_1_1761468207
4456448,1-Training-Losses/explained_variance,0.6069539785385132,Pong1PQFM_XObs_entangled_trainable_rzz_QLayers_5___seed_1_1761468207
4460544,1-Training-Losses/explained_variance,0.4364331364631653,Pong1PQFM_XObs_entangled_trainable_rzz_QLayers_5___seed_1_1761468207
4464640,1-Training-Losses/explained_variance,0.37674301862716675,Pong1PQFM_XObs_entangled_trainable_rzz_QLayers_5___seed_1_1761468207
4468736,1-Training-Losses/explained_variance,0.4750504493713379,Pong1PQFM_XObs_entangled_trainable_rzz_QLayers_5___seed_1_1761468207
4472832,1-Training-Losses/explained_variance,0.39008355140686035,Pong1PQFM_XObs_entangled_trainable_rzz_QLayers_5___seed_1_1761468207
4476928,1-Training-Losses/explained_variance,0.43059808015823364,Pong1PQFM_XObs_entangled_trainable_rzz_QLayers_5___seed_1_1761468207
4481024,1-Training-Losses/explained_variance,0.51622474193573,Pong1PQFM_XObs_entangled_trainable_rzz_QLayers_5___seed_1_1761468207
4485120,1-Training-Losses/explained_variance,0.6597028970718384,Pong1PQFM_XObs_entangled_trainable_rzz_QLayers_5___seed_1_1761468207
4489216,1-Training-Losses/explained_variance,0.33477699756622314,Pong1PQFM_XObs_entangled_trainable_rzz_QLayers_5___seed_1_1761468207
4493312,1-Training-Losses/explained_variance,0.5427145957946777,Pong1PQFM_XObs_entangled_trainable_rzz_QLayers_5___seed_1_1761468207
4497408,1-Training-Losses/explained_variance,0.25521838665008545,Pong1PQFM_XObs_entangled_trainable_rzz_QLayers_5___seed_1_1761468207
4501504,1-Training-Losses/explained_variance,0.4337303042411804,Pong1PQFM_XObs_entangled_trainable_rzz_QLayers_5___seed_1_1761468207
4505600,1-Training-Losses/explained_variance,0.5225898027420044,Pong1PQFM_XObs_entangled_trainable_rzz_QLayers_5___seed_1_1761468207
4509696,1-Training-Losses/explained_variance,0.5244835615158081,Pong1PQFM_XObs_entangled_trainable_rzz_QLayers_5___seed_1_1761468207
4513792,1-Training-Losses/explained_variance,0.3793039321899414,Pong1PQFM_XObs_entangled_trainable_rzz_QLayers_5___seed_1_1761468207
4517888,1-Training-Losses/explained_variance,0.6351539492607117,Pong1PQFM_XObs_entangled_trainable_rzz_QLayers_5___seed_1_1761468207
4521984,1-Training-Losses/explained_variance,0.5261937379837036,Pong1PQFM_XObs_entangled_trainable_rzz_QLayers_5___seed_1_1761468207
4526080,1-Training-Losses/explained_variance,0.5026655197143555,Pong1PQFM_XObs_entangled_trainable_rzz_QLayers_5___seed_1_1761468207
4530176,1-Training-Losses/explained_variance,0.5129969716072083,Pong1PQFM_XObs_entangled_trainable_rzz_QLayers_5___seed_1_1761468207
4534272,1-Training-Losses/explained_variance,0.649565577507019,Pong1PQFM_XObs_entangled_trainable_rzz_QLayers_5___seed_1_1761468207
4538368,1-Training-Losses/explained_variance,0.4167575240135193,Pong1PQFM_XObs_entangled_trainable_rzz_QLayers_5___seed_1_1761468207
4542464,1-Training-Losses/explained_variance,0.21758049726486206,Pong1PQFM_XObs_entangled_trainable_rzz_QLayers_5___seed_1_1761468207
4546560,1-Training-Losses/explained_variance,0.5964702367782593,Pong1PQFM_XObs_entangled_trainable_rzz_QLayers_5___seed_1_1761468207
4550656,1-Training-Losses/explained_variance,0.6271169185638428,Pong1PQFM_XObs_entangled_trainable_rzz_QLayers_5___seed_1_1761468207
4554752,1-Training-Losses/explained_variance,0.5315145254135132,Pong1PQFM_XObs_entangled_trainable_rzz_QLayers_5___seed_1_1761468207
4558848,1-Training-Losses/explained_variance,0.6527209281921387,Pong1PQFM_XObs_entangled_trainable_rzz_QLayers_5___seed_1_1761468207
4562944,1-Training-Losses/explained_variance,0.5027111768722534,Pong1PQFM_XObs_entangled_trainable_rzz_QLayers_5___seed_1_1761468207
4567040,1-Training-Losses/explained_variance,0.5381962656974792,Pong1PQFM_XObs_entangled_trainable_rzz_QLayers_5___seed_1_1761468207
4571136,1-Training-Losses/explained_variance,0.5912513136863708,Pong1PQFM_XObs_entangled_trainable_rzz_QLayers_5___seed_1_1761468207
4575232,1-Training-Losses/explained_variance,0.5802350640296936,Pong1PQFM_XObs_entangled_trainable_rzz_QLayers_5___seed_1_1761468207
4579328,1-Training-Losses/explained_variance,0.5140382051467896,Pong1PQFM_XObs_entangled_trainable_rzz_QLayers_5___seed_1_1761468207
4583424,1-Training-Losses/explained_variance,0.49546223878860474,Pong1PQFM_XObs_entangled_trainable_rzz_QLayers_5___seed_1_1761468207
4587520,1-Training-Losses/explained_variance,0.28997451066970825,Pong1PQFM_XObs_entangled_trainable_rzz_QLayers_5___seed_1_1761468207
4591616,1-Training-Losses/explained_variance,0.4133704900741577,Pong1PQFM_XObs_entangled_trainable_rzz_QLayers_5___seed_1_1761468207
4595712,1-Training-Losses/explained_variance,0.3542747497558594,Pong1PQFM_XObs_entangled_trainable_rzz_QLayers_5___seed_1_1761468207
4599808,1-Training-Losses/explained_variance,0.4877409338951111,Pong1PQFM_XObs_entangled_trainable_rzz_QLayers_5___seed_1_1761468207
4603904,1-Training-Losses/explained_variance,0.47103351354599,Pong1PQFM_XObs_entangled_trainable_rzz_QLayers_5___seed_1_1761468207
4608000,1-Training-Losses/explained_variance,0.5194857120513916,Pong1PQFM_XObs_entangled_trainable_rzz_QLayers_5___seed_1_1761468207
4612096,1-Training-Losses/explained_variance,0.447266161441803,Pong1PQFM_XObs_entangled_trainable_rzz_QLayers_5___seed_1_1761468207
4616192,1-Training-Losses/explained_variance,0.47425931692123413,Pong1PQFM_XObs_entangled_trainable_rzz_QLayers_5___seed_1_1761468207
4620288,1-Training-Losses/explained_variance,0.49764734506607056,Pong1PQFM_XObs_entangled_trainable_rzz_QLayers_5___seed_1_1761468207
4624384,1-Training-Losses/explained_variance,0.6194279789924622,Pong1PQFM_XObs_entangled_trainable_rzz_QLayers_5___seed_1_1761468207
4628480,1-Training-Losses/explained_variance,0.5999953150749207,Pong1PQFM_XObs_entangled_trainable_rzz_QLayers_5___seed_1_1761468207
4632576,1-Training-Losses/explained_variance,0.48689740896224976,Pong1PQFM_XObs_entangled_trainable_rzz_QLayers_5___seed_1_1761468207
4636672,1-Training-Losses/explained_variance,0.4851776957511902,Pong1PQFM_XObs_entangled_trainable_rzz_QLayers_5___seed_1_1761468207
4640768,1-Training-Losses/explained_variance,0.5066045522689819,Pong1PQFM_XObs_entangled_trainable_rzz_QLayers_5___seed_1_1761468207
4644864,1-Training-Losses/explained_variance,0.45817625522613525,Pong1PQFM_XObs_entangled_trainable_rzz_QLayers_5___seed_1_1761468207
4648960,1-Training-Losses/explained_variance,0.7130997180938721,Pong1PQFM_XObs_entangled_trainable_rzz_QLayers_5___seed_1_1761468207
4653056,1-Training-Losses/explained_variance,0.5767466425895691,Pong1PQFM_XObs_entangled_trainable_rzz_QLayers_5___seed_1_1761468207
4657152,1-Training-Losses/explained_variance,0.5994664430618286,Pong1PQFM_XObs_entangled_trainable_rzz_QLayers_5___seed_1_1761468207
4661248,1-Training-Losses/explained_variance,0.45728737115859985,Pong1PQFM_XObs_entangled_trainable_rzz_QLayers_5___seed_1_1761468207
4665344,1-Training-Losses/explained_variance,0.4982743263244629,Pong1PQFM_XObs_entangled_trainable_rzz_QLayers_5___seed_1_1761468207
4669440,1-Training-Losses/explained_variance,0.6113711595535278,Pong1PQFM_XObs_entangled_trainable_rzz_QLayers_5___seed_1_1761468207
4673536,1-Training-Losses/explained_variance,0.5002439022064209,Pong1PQFM_XObs_entangled_trainable_rzz_QLayers_5___seed_1_1761468207
4677632,1-Training-Losses/explained_variance,0.40740787982940674,Pong1PQFM_XObs_entangled_trainable_rzz_QLayers_5___seed_1_1761468207
4681728,1-Training-Losses/explained_variance,0.4371076226234436,Pong1PQFM_XObs_entangled_trainable_rzz_QLayers_5___seed_1_1761468207
4685824,1-Training-Losses/explained_variance,0.41772592067718506,Pong1PQFM_XObs_entangled_trainable_rzz_QLayers_5___seed_1_1761468207
4689920,1-Training-Losses/explained_variance,0.5641905665397644,Pong1PQFM_XObs_entangled_trainable_rzz_QLayers_5___seed_1_1761468207
4694016,1-Training-Losses/explained_variance,0.4810658097267151,Pong1PQFM_XObs_entangled_trainable_rzz_QLayers_5___seed_1_1761468207
4698112,1-Training-Losses/explained_variance,0.5893672704696655,Pong1PQFM_XObs_entangled_trainable_rzz_QLayers_5___seed_1_1761468207
4702208,1-Training-Losses/explained_variance,0.5576490759849548,Pong1PQFM_XObs_entangled_trainable_rzz_QLayers_5___seed_1_1761468207
4706304,1-Training-Losses/explained_variance,0.4000898599624634,Pong1PQFM_XObs_entangled_trainable_rzz_QLayers_5___seed_1_1761468207
4710400,1-Training-Losses/explained_variance,0.6222062110900879,Pong1PQFM_XObs_entangled_trainable_rzz_QLayers_5___seed_1_1761468207
4714496,1-Training-Losses/explained_variance,0.5596159100532532,Pong1PQFM_XObs_entangled_trainable_rzz_QLayers_5___seed_1_1761468207
4718592,1-Training-Losses/explained_variance,0.5621528029441833,Pong1PQFM_XObs_entangled_trainable_rzz_QLayers_5___seed_1_1761468207
4722688,1-Training-Losses/explained_variance,0.6141242980957031,Pong1PQFM_XObs_entangled_trainable_rzz_QLayers_5___seed_1_1761468207
4726784,1-Training-Losses/explained_variance,0.5060968995094299,Pong1PQFM_XObs_entangled_trainable_rzz_QLayers_5___seed_1_1761468207
4730880,1-Training-Losses/explained_variance,0.4907069802284241,Pong1PQFM_XObs_entangled_trainable_rzz_QLayers_5___seed_1_1761468207
4734976,1-Training-Losses/explained_variance,0.554305911064148,Pong1PQFM_XObs_entangled_trainable_rzz_QLayers_5___seed_1_1761468207
4739072,1-Training-Losses/explained_variance,0.40257370471954346,Pong1PQFM_XObs_entangled_trainable_rzz_QLayers_5___seed_1_1761468207
4743168,1-Training-Losses/explained_variance,0.5379583835601807,Pong1PQFM_XObs_entangled_trainable_rzz_QLayers_5___seed_1_1761468207
4747264,1-Training-Losses/explained_variance,0.432087779045105,Pong1PQFM_XObs_entangled_trainable_rzz_QLayers_5___seed_1_1761468207
4751360,1-Training-Losses/explained_variance,0.4572978615760803,Pong1PQFM_XObs_entangled_trainable_rzz_QLayers_5___seed_1_1761468207
4755456,1-Training-Losses/explained_variance,0.608123242855072,Pong1PQFM_XObs_entangled_trainable_rzz_QLayers_5___seed_1_1761468207
4759552,1-Training-Losses/explained_variance,0.5832341909408569,Pong1PQFM_XObs_entangled_trainable_rzz_QLayers_5___seed_1_1761468207
4763648,1-Training-Losses/explained_variance,0.7240866422653198,Pong1PQFM_XObs_entangled_trainable_rzz_QLayers_5___seed_1_1761468207
4767744,1-Training-Losses/explained_variance,0.5961910486221313,Pong1PQFM_XObs_entangled_trainable_rzz_QLayers_5___seed_1_1761468207
4771840,1-Training-Losses/explained_variance,0.5643846988677979,Pong1PQFM_XObs_entangled_trainable_rzz_QLayers_5___seed_1_1761468207
4775936,1-Training-Losses/explained_variance,0.6152548789978027,Pong1PQFM_XObs_entangled_trainable_rzz_QLayers_5___seed_1_1761468207
4780032,1-Training-Losses/explained_variance,0.5557645559310913,Pong1PQFM_XObs_entangled_trainable_rzz_QLayers_5___seed_1_1761468207
4784128,1-Training-Losses/explained_variance,0.5570569038391113,Pong1PQFM_XObs_entangled_trainable_rzz_QLayers_5___seed_1_1761468207
4788224,1-Training-Losses/explained_variance,0.5812360048294067,Pong1PQFM_XObs_entangled_trainable_rzz_QLayers_5___seed_1_1761468207
4792320,1-Training-Losses/explained_variance,0.6122411489486694,Pong1PQFM_XObs_entangled_trainable_rzz_QLayers_5___seed_1_1761468207
4796416,1-Training-Losses/explained_variance,0.37088078260421753,Pong1PQFM_XObs_entangled_trainable_rzz_QLayers_5___seed_1_1761468207
4800512,1-Training-Losses/explained_variance,0.5528831481933594,Pong1PQFM_XObs_entangled_trainable_rzz_QLayers_5___seed_1_1761468207
4804608,1-Training-Losses/explained_variance,0.43018025159835815,Pong1PQFM_XObs_entangled_trainable_rzz_QLayers_5___seed_1_1761468207
4808704,1-Training-Losses/explained_variance,0.5508614778518677,Pong1PQFM_XObs_entangled_trainable_rzz_QLayers_5___seed_1_1761468207
4812800,1-Training-Losses/explained_variance,0.5765329599380493,Pong1PQFM_XObs_entangled_trainable_rzz_QLayers_5___seed_1_1761468207
4816896,1-Training-Losses/explained_variance,0.48512643575668335,Pong1PQFM_XObs_entangled_trainable_rzz_QLayers_5___seed_1_1761468207
4820992,1-Training-Losses/explained_variance,0.41057807207107544,Pong1PQFM_XObs_entangled_trainable_rzz_QLayers_5___seed_1_1761468207
4825088,1-Training-Losses/explained_variance,0.5802605152130127,Pong1PQFM_XObs_entangled_trainable_rzz_QLayers_5___seed_1_1761468207
4829184,1-Training-Losses/explained_variance,0.5854294300079346,Pong1PQFM_XObs_entangled_trainable_rzz_QLayers_5___seed_1_1761468207
4833280,1-Training-Losses/explained_variance,0.45357662439346313,Pong1PQFM_XObs_entangled_trainable_rzz_QLayers_5___seed_1_1761468207
4837376,1-Training-Losses/explained_variance,0.5213825702667236,Pong1PQFM_XObs_entangled_trainable_rzz_QLayers_5___seed_1_1761468207
4841472,1-Training-Losses/explained_variance,0.5009424686431885,Pong1PQFM_XObs_entangled_trainable_rzz_QLayers_5___seed_1_1761468207
4845568,1-Training-Losses/explained_variance,0.5288746953010559,Pong1PQFM_XObs_entangled_trainable_rzz_QLayers_5___seed_1_1761468207
4849664,1-Training-Losses/explained_variance,0.37478572130203247,Pong1PQFM_XObs_entangled_trainable_rzz_QLayers_5___seed_1_1761468207
4853760,1-Training-Losses/explained_variance,0.4139102101325989,Pong1PQFM_XObs_entangled_trainable_rzz_QLayers_5___seed_1_1761468207
4857856,1-Training-Losses/explained_variance,0.338024377822876,Pong1PQFM_XObs_entangled_trainable_rzz_QLayers_5___seed_1_1761468207
4861952,1-Training-Losses/explained_variance,0.5246440172195435,Pong1PQFM_XObs_entangled_trainable_rzz_QLayers_5___seed_1_1761468207
4866048,1-Training-Losses/explained_variance,0.5485772490501404,Pong1PQFM_XObs_entangled_trainable_rzz_QLayers_5___seed_1_1761468207
4870144,1-Training-Losses/explained_variance,0.6830063462257385,Pong1PQFM_XObs_entangled_trainable_rzz_QLayers_5___seed_1_1761468207
4874240,1-Training-Losses/explained_variance,0.5176306962966919,Pong1PQFM_XObs_entangled_trainable_rzz_QLayers_5___seed_1_1761468207
4878336,1-Training-Losses/explained_variance,0.6978565454483032,Pong1PQFM_XObs_entangled_trainable_rzz_QLayers_5___seed_1_1761468207
4882432,1-Training-Losses/explained_variance,0.515850305557251,Pong1PQFM_XObs_entangled_trainable_rzz_QLayers_5___seed_1_1761468207
4886528,1-Training-Losses/explained_variance,0.5205022096633911,Pong1PQFM_XObs_entangled_trainable_rzz_QLayers_5___seed_1_1761468207
4890624,1-Training-Losses/explained_variance,0.5658358335494995,Pong1PQFM_XObs_entangled_trainable_rzz_QLayers_5___seed_1_1761468207
4894720,1-Training-Losses/explained_variance,0.5858064889907837,Pong1PQFM_XObs_entangled_trainable_rzz_QLayers_5___seed_1_1761468207
4898816,1-Training-Losses/explained_variance,0.5223230123519897,Pong1PQFM_XObs_entangled_trainable_rzz_QLayers_5___seed_1_1761468207
4902912,1-Training-Losses/explained_variance,0.4045400619506836,Pong1PQFM_XObs_entangled_trainable_rzz_QLayers_5___seed_1_1761468207
4907008,1-Training-Losses/explained_variance,0.5220400094985962,Pong1PQFM_XObs_entangled_trainable_rzz_QLayers_5___seed_1_1761468207
4911104,1-Training-Losses/explained_variance,0.39887088537216187,Pong1PQFM_XObs_entangled_trainable_rzz_QLayers_5___seed_1_1761468207
4915200,1-Training-Losses/explained_variance,0.4941243529319763,Pong1PQFM_XObs_entangled_trainable_rzz_QLayers_5___seed_1_1761468207
4919296,1-Training-Losses/explained_variance,0.5142450928688049,Pong1PQFM_XObs_entangled_trainable_rzz_QLayers_5___seed_1_1761468207
4923392,1-Training-Losses/explained_variance,0.5614821910858154,Pong1PQFM_XObs_entangled_trainable_rzz_QLayers_5___seed_1_1761468207
4927488,1-Training-Losses/explained_variance,0.6327575445175171,Pong1PQFM_XObs_entangled_trainable_rzz_QLayers_5___seed_1_1761468207
4931584,1-Training-Losses/explained_variance,0.4260944724082947,Pong1PQFM_XObs_entangled_trainable_rzz_QLayers_5___seed_1_1761468207
4935680,1-Training-Losses/explained_variance,0.39230436086654663,Pong1PQFM_XObs_entangled_trainable_rzz_QLayers_5___seed_1_1761468207
4939776,1-Training-Losses/explained_variance,0.20706218481063843,Pong1PQFM_XObs_entangled_trainable_rzz_QLayers_5___seed_1_1761468207
4943872,1-Training-Losses/explained_variance,0.5850956439971924,Pong1PQFM_XObs_entangled_trainable_rzz_QLayers_5___seed_1_1761468207
4947968,1-Training-Losses/explained_variance,0.6857441067695618,Pong1PQFM_XObs_entangled_trainable_rzz_QLayers_5___seed_1_1761468207
4952064,1-Training-Losses/explained_variance,0.5472714900970459,Pong1PQFM_XObs_entangled_trainable_rzz_QLayers_5___seed_1_1761468207
4956160,1-Training-Losses/explained_variance,0.5247042179107666,Pong1PQFM_XObs_entangled_trainable_rzz_QLayers_5___seed_1_1761468207
4960256,1-Training-Losses/explained_variance,0.5550185441970825,Pong1PQFM_XObs_entangled_trainable_rzz_QLayers_5___seed_1_1761468207
4964352,1-Training-Losses/explained_variance,0.301754891872406,Pong1PQFM_XObs_entangled_trainable_rzz_QLayers_5___seed_1_1761468207
4968448,1-Training-Losses/explained_variance,0.5437253713607788,Pong1PQFM_XObs_entangled_trainable_rzz_QLayers_5___seed_1_1761468207
4972544,1-Training-Losses/explained_variance,0.5036073923110962,Pong1PQFM_XObs_entangled_trainable_rzz_QLayers_5___seed_1_1761468207
4976640,1-Training-Losses/explained_variance,0.33861440420150757,Pong1PQFM_XObs_entangled_trainable_rzz_QLayers_5___seed_1_1761468207
4980736,1-Training-Losses/explained_variance,0.5147042870521545,Pong1PQFM_XObs_entangled_trainable_rzz_QLayers_5___seed_1_1761468207
4984832,1-Training-Losses/explained_variance,0.5564504861831665,Pong1PQFM_XObs_entangled_trainable_rzz_QLayers_5___seed_1_1761468207
4988928,1-Training-Losses/explained_variance,0.5598881244659424,Pong1PQFM_XObs_entangled_trainable_rzz_QLayers_5___seed_1_1761468207
4993024,1-Training-Losses/explained_variance,0.4690842032432556,Pong1PQFM_XObs_entangled_trainable_rzz_QLayers_5___seed_1_1761468207
4997120,1-Training-Losses/explained_variance,0.5019073486328125,Pong1PQFM_XObs_entangled_trainable_rzz_QLayers_5___seed_1_1761468207
5001216,1-Training-Losses/explained_variance,0.5180777311325073,Pong1PQFM_XObs_entangled_trainable_rzz_QLayers_5___seed_1_1761468207
5005312,1-Training-Losses/explained_variance,0.5636894702911377,Pong1PQFM_XObs_entangled_trainable_rzz_QLayers_5___seed_1_1761468207
5009408,1-Training-Losses/explained_variance,0.571609377861023,Pong1PQFM_XObs_entangled_trainable_rzz_QLayers_5___seed_1_1761468207
5013504,1-Training-Losses/explained_variance,0.48595333099365234,Pong1PQFM_XObs_entangled_trainable_rzz_QLayers_5___seed_1_1761468207
5017600,1-Training-Losses/explained_variance,0.45917099714279175,Pong1PQFM_XObs_entangled_trainable_rzz_QLayers_5___seed_1_1761468207
5021696,1-Training-Losses/explained_variance,0.5721849203109741,Pong1PQFM_XObs_entangled_trainable_rzz_QLayers_5___seed_1_1761468207
5025792,1-Training-Losses/explained_variance,0.591195821762085,Pong1PQFM_XObs_entangled_trainable_rzz_QLayers_5___seed_1_1761468207
5029888,1-Training-Losses/explained_variance,0.6468431949615479,Pong1PQFM_XObs_entangled_trainable_rzz_QLayers_5___seed_1_1761468207
5033984,1-Training-Losses/explained_variance,0.5674148797988892,Pong1PQFM_XObs_entangled_trainable_rzz_QLayers_5___seed_1_1761468207
5038080,1-Training-Losses/explained_variance,0.4697069525718689,Pong1PQFM_XObs_entangled_trainable_rzz_QLayers_5___seed_1_1761468207
5042176,1-Training-Losses/explained_variance,0.5308659076690674,Pong1PQFM_XObs_entangled_trainable_rzz_QLayers_5___seed_1_1761468207
5046272,1-Training-Losses/explained_variance,0.6783835887908936,Pong1PQFM_XObs_entangled_trainable_rzz_QLayers_5___seed_1_1761468207
5050368,1-Training-Losses/explained_variance,0.5400052070617676,Pong1PQFM_XObs_entangled_trainable_rzz_QLayers_5___seed_1_1761468207
5054464,1-Training-Losses/explained_variance,0.5263774991035461,Pong1PQFM_XObs_entangled_trainable_rzz_QLayers_5___seed_1_1761468207
5058560,1-Training-Losses/explained_variance,0.6438472867012024,Pong1PQFM_XObs_entangled_trainable_rzz_QLayers_5___seed_1_1761468207
5062656,1-Training-Losses/explained_variance,0.5222314596176147,Pong1PQFM_XObs_entangled_trainable_rzz_QLayers_5___seed_1_1761468207
5066752,1-Training-Losses/explained_variance,0.5079819560050964,Pong1PQFM_XObs_entangled_trainable_rzz_QLayers_5___seed_1_1761468207
5070848,1-Training-Losses/explained_variance,0.6241588592529297,Pong1PQFM_XObs_entangled_trainable_rzz_QLayers_5___seed_1_1761468207
5074944,1-Training-Losses/explained_variance,0.3052045702934265,Pong1PQFM_XObs_entangled_trainable_rzz_QLayers_5___seed_1_1761468207
5079040,1-Training-Losses/explained_variance,0.4195219874382019,Pong1PQFM_XObs_entangled_trainable_rzz_QLayers_5___seed_1_1761468207
5083136,1-Training-Losses/explained_variance,0.5044073462486267,Pong1PQFM_XObs_entangled_trainable_rzz_QLayers_5___seed_1_1761468207
5087232,1-Training-Losses/explained_variance,0.5066686868667603,Pong1PQFM_XObs_entangled_trainable_rzz_QLayers_5___seed_1_1761468207
5091328,1-Training-Losses/explained_variance,0.4246188998222351,Pong1PQFM_XObs_entangled_trainable_rzz_QLayers_5___seed_1_1761468207
5095424,1-Training-Losses/explained_variance,0.5078631639480591,Pong1PQFM_XObs_entangled_trainable_rzz_QLayers_5___seed_1_1761468207
5099520,1-Training-Losses/explained_variance,0.42970335483551025,Pong1PQFM_XObs_entangled_trainable_rzz_QLayers_5___seed_1_1761468207
5103616,1-Training-Losses/explained_variance,0.6614500284194946,Pong1PQFM_XObs_entangled_trainable_rzz_QLayers_5___seed_1_1761468207
5107712,1-Training-Losses/explained_variance,0.5596401691436768,Pong1PQFM_XObs_entangled_trainable_rzz_QLayers_5___seed_1_1761468207
5111808,1-Training-Losses/explained_variance,0.5114562511444092,Pong1PQFM_XObs_entangled_trainable_rzz_QLayers_5___seed_1_1761468207
5115904,1-Training-Losses/explained_variance,0.5264829993247986,Pong1PQFM_XObs_entangled_trainable_rzz_QLayers_5___seed_1_1761468207
5120000,1-Training-Losses/explained_variance,0.47067761421203613,Pong1PQFM_XObs_entangled_trainable_rzz_QLayers_5___seed_1_1761468207
5124096,1-Training-Losses/explained_variance,0.377361536026001,Pong1PQFM_XObs_entangled_trainable_rzz_QLayers_5___seed_1_1761468207
5128192,1-Training-Losses/explained_variance,0.541994571685791,Pong1PQFM_XObs_entangled_trainable_rzz_QLayers_5___seed_1_1761468207
5132288,1-Training-Losses/explained_variance,0.6342946887016296,Pong1PQFM_XObs_entangled_trainable_rzz_QLayers_5___seed_1_1761468207
5136384,1-Training-Losses/explained_variance,0.579077959060669,Pong1PQFM_XObs_entangled_trainable_rzz_QLayers_5___seed_1_1761468207
5140480,1-Training-Losses/explained_variance,0.6394362449645996,Pong1PQFM_XObs_entangled_trainable_rzz_QLayers_5___seed_1_1761468207
5144576,1-Training-Losses/explained_variance,0.5650104284286499,Pong1PQFM_XObs_entangled_trainable_rzz_QLayers_5___seed_1_1761468207
5148672,1-Training-Losses/explained_variance,0.5624456405639648,Pong1PQFM_XObs_entangled_trainable_rzz_QLayers_5___seed_1_1761468207
5152768,1-Training-Losses/explained_variance,0.4514427185058594,Pong1PQFM_XObs_entangled_trainable_rzz_QLayers_5___seed_1_1761468207
5156864,1-Training-Losses/explained_variance,0.6526275873184204,Pong1PQFM_XObs_entangled_trainable_rzz_QLayers_5___seed_1_1761468207
5160960,1-Training-Losses/explained_variance,0.6708827018737793,Pong1PQFM_XObs_entangled_trainable_rzz_QLayers_5___seed_1_1761468207
5165056,1-Training-Losses/explained_variance,0.7071295976638794,Pong1PQFM_XObs_entangled_trainable_rzz_QLayers_5___seed_1_1761468207
5169152,1-Training-Losses/explained_variance,0.5193947553634644,Pong1PQFM_XObs_entangled_trainable_rzz_QLayers_5___seed_1_1761468207
5173248,1-Training-Losses/explained_variance,0.7221704721450806,Pong1PQFM_XObs_entangled_trainable_rzz_QLayers_5___seed_1_1761468207
5177344,1-Training-Losses/explained_variance,0.6584223508834839,Pong1PQFM_XObs_entangled_trainable_rzz_QLayers_5___seed_1_1761468207
5181440,1-Training-Losses/explained_variance,0.5399293303489685,Pong1PQFM_XObs_entangled_trainable_rzz_QLayers_5___seed_1_1761468207
5185536,1-Training-Losses/explained_variance,0.5861654281616211,Pong1PQFM_XObs_entangled_trainable_rzz_QLayers_5___seed_1_1761468207
5189632,1-Training-Losses/explained_variance,0.33421945571899414,Pong1PQFM_XObs_entangled_trainable_rzz_QLayers_5___seed_1_1761468207
5193728,1-Training-Losses/explained_variance,0.5545898675918579,Pong1PQFM_XObs_entangled_trainable_rzz_QLayers_5___seed_1_1761468207
5197824,1-Training-Losses/explained_variance,0.5310506820678711,Pong1PQFM_XObs_entangled_trainable_rzz_QLayers_5___seed_1_1761468207
5201920,1-Training-Losses/explained_variance,0.6140429377555847,Pong1PQFM_XObs_entangled_trainable_rzz_QLayers_5___seed_1_1761468207
5206016,1-Training-Losses/explained_variance,0.6528512239456177,Pong1PQFM_XObs_entangled_trainable_rzz_QLayers_5___seed_1_1761468207
5210112,1-Training-Losses/explained_variance,0.5025455951690674,Pong1PQFM_XObs_entangled_trainable_rzz_QLayers_5___seed_1_1761468207
5214208,1-Training-Losses/explained_variance,0.7161815166473389,Pong1PQFM_XObs_entangled_trainable_rzz_QLayers_5___seed_1_1761468207
5218304,1-Training-Losses/explained_variance,0.6105319261550903,Pong1PQFM_XObs_entangled_trainable_rzz_QLayers_5___seed_1_1761468207
5222400,1-Training-Losses/explained_variance,0.6173375844955444,Pong1PQFM_XObs_entangled_trainable_rzz_QLayers_5___seed_1_1761468207
5226496,1-Training-Losses/explained_variance,0.5917495489120483,Pong1PQFM_XObs_entangled_trainable_rzz_QLayers_5___seed_1_1761468207
5230592,1-Training-Losses/explained_variance,0.7347943782806396,Pong1PQFM_XObs_entangled_trainable_rzz_QLayers_5___seed_1_1761468207
5234688,1-Training-Losses/explained_variance,0.4672284722328186,Pong1PQFM_XObs_entangled_trainable_rzz_QLayers_5___seed_1_1761468207
5238784,1-Training-Losses/explained_variance,0.5212382078170776,Pong1PQFM_XObs_entangled_trainable_rzz_QLayers_5___seed_1_1761468207
5242880,1-Training-Losses/explained_variance,0.5493075847625732,Pong1PQFM_XObs_entangled_trainable_rzz_QLayers_5___seed_1_1761468207
5246976,1-Training-Losses/explained_variance,0.37846940755844116,Pong1PQFM_XObs_entangled_trainable_rzz_QLayers_5___seed_1_1761468207
5251072,1-Training-Losses/explained_variance,0.4577815532684326,Pong1PQFM_XObs_entangled_trainable_rzz_QLayers_5___seed_1_1761468207
5255168,1-Training-Losses/explained_variance,0.6247290968894958,Pong1PQFM_XObs_entangled_trainable_rzz_QLayers_5___seed_1_1761468207
5259264,1-Training-Losses/explained_variance,0.6300702095031738,Pong1PQFM_XObs_entangled_trainable_rzz_QLayers_5___seed_1_1761468207
5263360,1-Training-Losses/explained_variance,0.6642301082611084,Pong1PQFM_XObs_entangled_trainable_rzz_QLayers_5___seed_1_1761468207
5267456,1-Training-Losses/explained_variance,0.5913472175598145,Pong1PQFM_XObs_entangled_trainable_rzz_QLayers_5___seed_1_1761468207
5271552,1-Training-Losses/explained_variance,0.621616005897522,Pong1PQFM_XObs_entangled_trainable_rzz_QLayers_5___seed_1_1761468207
5275648,1-Training-Losses/explained_variance,0.6289671063423157,Pong1PQFM_XObs_entangled_trainable_rzz_QLayers_5___seed_1_1761468207
5279744,1-Training-Losses/explained_variance,0.6465840935707092,Pong1PQFM_XObs_entangled_trainable_rzz_QLayers_5___seed_1_1761468207
5283840,1-Training-Losses/explained_variance,0.5281319618225098,Pong1PQFM_XObs_entangled_trainable_rzz_QLayers_5___seed_1_1761468207
5287936,1-Training-Losses/explained_variance,0.5471724271774292,Pong1PQFM_XObs_entangled_trainable_rzz_QLayers_5___seed_1_1761468207
5292032,1-Training-Losses/explained_variance,0.7079418897628784,Pong1PQFM_XObs_entangled_trainable_rzz_QLayers_5___seed_1_1761468207
5296128,1-Training-Losses/explained_variance,0.6497634649276733,Pong1PQFM_XObs_entangled_trainable_rzz_QLayers_5___seed_1_1761468207
5300224,1-Training-Losses/explained_variance,0.6847395300865173,Pong1PQFM_XObs_entangled_trainable_rzz_QLayers_5___seed_1_1761468207
5304320,1-Training-Losses/explained_variance,0.7036629915237427,Pong1PQFM_XObs_entangled_trainable_rzz_QLayers_5___seed_1_1761468207
5308416,1-Training-Losses/explained_variance,0.7000240087509155,Pong1PQFM_XObs_entangled_trainable_rzz_QLayers_5___seed_1_1761468207
5312512,1-Training-Losses/explained_variance,0.7314407229423523,Pong1PQFM_XObs_entangled_trainable_rzz_QLayers_5___seed_1_1761468207
5316608,1-Training-Losses/explained_variance,0.7094334363937378,Pong1PQFM_XObs_entangled_trainable_rzz_QLayers_5___seed_1_1761468207
5320704,1-Training-Losses/explained_variance,0.6486952304840088,Pong1PQFM_XObs_entangled_trainable_rzz_QLayers_5___seed_1_1761468207
5324800,1-Training-Losses/explained_variance,0.6089833974838257,Pong1PQFM_XObs_entangled_trainable_rzz_QLayers_5___seed_1_1761468207
5328896,1-Training-Losses/explained_variance,0.704917311668396,Pong1PQFM_XObs_entangled_trainable_rzz_QLayers_5___seed_1_1761468207
5332992,1-Training-Losses/explained_variance,0.5894601345062256,Pong1PQFM_XObs_entangled_trainable_rzz_QLayers_5___seed_1_1761468207
5337088,1-Training-Losses/explained_variance,0.591008186340332,Pong1PQFM_XObs_entangled_trainable_rzz_QLayers_5___seed_1_1761468207
5341184,1-Training-Losses/explained_variance,0.6541969776153564,Pong1PQFM_XObs_entangled_trainable_rzz_QLayers_5___seed_1_1761468207
5345280,1-Training-Losses/explained_variance,0.6961166858673096,Pong1PQFM_XObs_entangled_trainable_rzz_QLayers_5___seed_1_1761468207
5349376,1-Training-Losses/explained_variance,0.5538562536239624,Pong1PQFM_XObs_entangled_trainable_rzz_QLayers_5___seed_1_1761468207
5353472,1-Training-Losses/explained_variance,0.47316229343414307,Pong1PQFM_XObs_entangled_trainable_rzz_QLayers_5___seed_1_1761468207
5357568,1-Training-Losses/explained_variance,0.7146271467208862,Pong1PQFM_XObs_entangled_trainable_rzz_QLayers_5___seed_1_1761468207
5361664,1-Training-Losses/explained_variance,0.6633352041244507,Pong1PQFM_XObs_entangled_trainable_rzz_QLayers_5___seed_1_1761468207
5365760,1-Training-Losses/explained_variance,0.4474283456802368,Pong1PQFM_XObs_entangled_trainable_rzz_QLayers_5___seed_1_1761468207
5369856,1-Training-Losses/explained_variance,0.5037086009979248,Pong1PQFM_XObs_entangled_trainable_rzz_QLayers_5___seed_1_1761468207
5373952,1-Training-Losses/explained_variance,0.6219174861907959,Pong1PQFM_XObs_entangled_trainable_rzz_QLayers_5___seed_1_1761468207
5378048,1-Training-Losses/explained_variance,0.5835813283920288,Pong1PQFM_XObs_entangled_trainable_rzz_QLayers_5___seed_1_1761468207
5382144,1-Training-Losses/explained_variance,0.644755482673645,Pong1PQFM_XObs_entangled_trainable_rzz_QLayers_5___seed_1_1761468207
5386240,1-Training-Losses/explained_variance,0.6309982538223267,Pong1PQFM_XObs_entangled_trainable_rzz_QLayers_5___seed_1_1761468207
5390336,1-Training-Losses/explained_variance,0.5261170864105225,Pong1PQFM_XObs_entangled_trainable_rzz_QLayers_5___seed_1_1761468207
5394432,1-Training-Losses/explained_variance,0.6712068319320679,Pong1PQFM_XObs_entangled_trainable_rzz_QLayers_5___seed_1_1761468207
5398528,1-Training-Losses/explained_variance,0.6685730218887329,Pong1PQFM_XObs_entangled_trainable_rzz_QLayers_5___seed_1_1761468207
5402624,1-Training-Losses/explained_variance,0.5432685613632202,Pong1PQFM_XObs_entangled_trainable_rzz_QLayers_5___seed_1_1761468207
5406720,1-Training-Losses/explained_variance,0.5543949604034424,Pong1PQFM_XObs_entangled_trainable_rzz_QLayers_5___seed_1_1761468207
5410816,1-Training-Losses/explained_variance,0.6167880296707153,Pong1PQFM_XObs_entangled_trainable_rzz_QLayers_5___seed_1_1761468207
5414912,1-Training-Losses/explained_variance,0.6865338683128357,Pong1PQFM_XObs_entangled_trainable_rzz_QLayers_5___seed_1_1761468207
5419008,1-Training-Losses/explained_variance,0.5755787491798401,Pong1PQFM_XObs_entangled_trainable_rzz_QLayers_5___seed_1_1761468207
5423104,1-Training-Losses/explained_variance,0.6485198736190796,Pong1PQFM_XObs_entangled_trainable_rzz_QLayers_5___seed_1_1761468207
5427200,1-Training-Losses/explained_variance,0.5009007453918457,Pong1PQFM_XObs_entangled_trainable_rzz_QLayers_5___seed_1_1761468207
5431296,1-Training-Losses/explained_variance,0.5594141483306885,Pong1PQFM_XObs_entangled_trainable_rzz_QLayers_5___seed_1_1761468207
5435392,1-Training-Losses/explained_variance,0.6292868852615356,Pong1PQFM_XObs_entangled_trainable_rzz_QLayers_5___seed_1_1761468207
5439488,1-Training-Losses/explained_variance,0.5332876443862915,Pong1PQFM_XObs_entangled_trainable_rzz_QLayers_5___seed_1_1761468207
5443584,1-Training-Losses/explained_variance,0.35601896047592163,Pong1PQFM_XObs_entangled_trainable_rzz_QLayers_5___seed_1_1761468207
5447680,1-Training-Losses/explained_variance,0.5559031963348389,Pong1PQFM_XObs_entangled_trainable_rzz_QLayers_5___seed_1_1761468207
5451776,1-Training-Losses/explained_variance,0.5666694641113281,Pong1PQFM_XObs_entangled_trainable_rzz_QLayers_5___seed_1_1761468207
5455872,1-Training-Losses/explained_variance,0.549971342086792,Pong1PQFM_XObs_entangled_trainable_rzz_QLayers_5___seed_1_1761468207
5459968,1-Training-Losses/explained_variance,0.599990963935852,Pong1PQFM_XObs_entangled_trainable_rzz_QLayers_5___seed_1_1761468207
5464064,1-Training-Losses/explained_variance,0.5524102449417114,Pong1PQFM_XObs_entangled_trainable_rzz_QLayers_5___seed_1_1761468207
5468160,1-Training-Losses/explained_variance,0.6597144603729248,Pong1PQFM_XObs_entangled_trainable_rzz_QLayers_5___seed_1_1761468207
5472256,1-Training-Losses/explained_variance,0.697361946105957,Pong1PQFM_XObs_entangled_trainable_rzz_QLayers_5___seed_1_1761468207
5476352,1-Training-Losses/explained_variance,0.6548820734024048,Pong1PQFM_XObs_entangled_trainable_rzz_QLayers_5___seed_1_1761468207
5480448,1-Training-Losses/explained_variance,0.7358512878417969,Pong1PQFM_XObs_entangled_trainable_rzz_QLayers_5___seed_1_1761468207
5484544,1-Training-Losses/explained_variance,0.7123546600341797,Pong1PQFM_XObs_entangled_trainable_rzz_QLayers_5___seed_1_1761468207
5488640,1-Training-Losses/explained_variance,0.5601404905319214,Pong1PQFM_XObs_entangled_trainable_rzz_QLayers_5___seed_1_1761468207
5492736,1-Training-Losses/explained_variance,0.48059606552124023,Pong1PQFM_XObs_entangled_trainable_rzz_QLayers_5___seed_1_1761468207
5496832,1-Training-Losses/explained_variance,0.5392605662345886,Pong1PQFM_XObs_entangled_trainable_rzz_QLayers_5___seed_1_1761468207
5500928,1-Training-Losses/explained_variance,0.541641891002655,Pong1PQFM_XObs_entangled_trainable_rzz_QLayers_5___seed_1_1761468207
5505024,1-Training-Losses/explained_variance,0.6139012575149536,Pong1PQFM_XObs_entangled_trainable_rzz_QLayers_5___seed_1_1761468207
5509120,1-Training-Losses/explained_variance,0.6354153752326965,Pong1PQFM_XObs_entangled_trainable_rzz_QLayers_5___seed_1_1761468207
5513216,1-Training-Losses/explained_variance,0.568230926990509,Pong1PQFM_XObs_entangled_trainable_rzz_QLayers_5___seed_1_1761468207
5517312,1-Training-Losses/explained_variance,0.7020644545555115,Pong1PQFM_XObs_entangled_trainable_rzz_QLayers_5___seed_1_1761468207
5521408,1-Training-Losses/explained_variance,0.6609389781951904,Pong1PQFM_XObs_entangled_trainable_rzz_QLayers_5___seed_1_1761468207
5525504,1-Training-Losses/explained_variance,0.44587260484695435,Pong1PQFM_XObs_entangled_trainable_rzz_QLayers_5___seed_1_1761468207
5529600,1-Training-Losses/explained_variance,0.5152037143707275,Pong1PQFM_XObs_entangled_trainable_rzz_QLayers_5___seed_1_1761468207
5533696,1-Training-Losses/explained_variance,0.5124195218086243,Pong1PQFM_XObs_entangled_trainable_rzz_QLayers_5___seed_1_1761468207
5537792,1-Training-Losses/explained_variance,0.5449963212013245,Pong1PQFM_XObs_entangled_trainable_rzz_QLayers_5___seed_1_1761468207
5541888,1-Training-Losses/explained_variance,0.6779270172119141,Pong1PQFM_XObs_entangled_trainable_rzz_QLayers_5___seed_1_1761468207
5545984,1-Training-Losses/explained_variance,0.6710692644119263,Pong1PQFM_XObs_entangled_trainable_rzz_QLayers_5___seed_1_1761468207
5550080,1-Training-Losses/explained_variance,0.5855231285095215,Pong1PQFM_XObs_entangled_trainable_rzz_QLayers_5___seed_1_1761468207
5554176,1-Training-Losses/explained_variance,0.5991785526275635,Pong1PQFM_XObs_entangled_trainable_rzz_QLayers_5___seed_1_1761468207
5558272,1-Training-Losses/explained_variance,0.6409177780151367,Pong1PQFM_XObs_entangled_trainable_rzz_QLayers_5___seed_1_1761468207
5562368,1-Training-Losses/explained_variance,0.7395821809768677,Pong1PQFM_XObs_entangled_trainable_rzz_QLayers_5___seed_1_1761468207
5566464,1-Training-Losses/explained_variance,0.6156714558601379,Pong1PQFM_XObs_entangled_trainable_rzz_QLayers_5___seed_1_1761468207
5570560,1-Training-Losses/explained_variance,0.6453536748886108,Pong1PQFM_XObs_entangled_trainable_rzz_QLayers_5___seed_1_1761468207
5574656,1-Training-Losses/explained_variance,0.6488820314407349,Pong1PQFM_XObs_entangled_trainable_rzz_QLayers_5___seed_1_1761468207
5578752,1-Training-Losses/explained_variance,0.5908955335617065,Pong1PQFM_XObs_entangled_trainable_rzz_QLayers_5___seed_1_1761468207
5582848,1-Training-Losses/explained_variance,0.6386539936065674,Pong1PQFM_XObs_entangled_trainable_rzz_QLayers_5___seed_1_1761468207
5586944,1-Training-Losses/explained_variance,0.41326045989990234,Pong1PQFM_XObs_entangled_trainable_rzz_QLayers_5___seed_1_1761468207
5591040,1-Training-Losses/explained_variance,0.3838415741920471,Pong1PQFM_XObs_entangled_trainable_rzz_QLayers_5___seed_1_1761468207
5595136,1-Training-Losses/explained_variance,0.5949668884277344,Pong1PQFM_XObs_entangled_trainable_rzz_QLayers_5___seed_1_1761468207
5599232,1-Training-Losses/explained_variance,0.6684643626213074,Pong1PQFM_XObs_entangled_trainable_rzz_QLayers_5___seed_1_1761468207
5603328,1-Training-Losses/explained_variance,0.5997922420501709,Pong1PQFM_XObs_entangled_trainable_rzz_QLayers_5___seed_1_1761468207
5607424,1-Training-Losses/explained_variance,0.5429922342300415,Pong1PQFM_XObs_entangled_trainable_rzz_QLayers_5___seed_1_1761468207
5611520,1-Training-Losses/explained_variance,0.5244450569152832,Pong1PQFM_XObs_entangled_trainable_rzz_QLayers_5___seed_1_1761468207
5615616,1-Training-Losses/explained_variance,0.5736217498779297,Pong1PQFM_XObs_entangled_trainable_rzz_QLayers_5___seed_1_1761468207
5619712,1-Training-Losses/explained_variance,0.6178550124168396,Pong1PQFM_XObs_entangled_trainable_rzz_QLayers_5___seed_1_1761468207
5623808,1-Training-Losses/explained_variance,0.534680187702179,Pong1PQFM_XObs_entangled_trainable_rzz_QLayers_5___seed_1_1761468207
5627904,1-Training-Losses/explained_variance,0.5868257284164429,Pong1PQFM_XObs_entangled_trainable_rzz_QLayers_5___seed_1_1761468207
5632000,1-Training-Losses/explained_variance,0.6410678029060364,Pong1PQFM_XObs_entangled_trainable_rzz_QLayers_5___seed_1_1761468207
5636096,1-Training-Losses/explained_variance,0.6534703969955444,Pong1PQFM_XObs_entangled_trainable_rzz_QLayers_5___seed_1_1761468207
5640192,1-Training-Losses/explained_variance,0.6517271995544434,Pong1PQFM_XObs_entangled_trainable_rzz_QLayers_5___seed_1_1761468207
5644288,1-Training-Losses/explained_variance,0.6299281120300293,Pong1PQFM_XObs_entangled_trainable_rzz_QLayers_5___seed_1_1761468207
5648384,1-Training-Losses/explained_variance,0.6537073850631714,Pong1PQFM_XObs_entangled_trainable_rzz_QLayers_5___seed_1_1761468207
5652480,1-Training-Losses/explained_variance,0.6529681086540222,Pong1PQFM_XObs_entangled_trainable_rzz_QLayers_5___seed_1_1761468207
5656576,1-Training-Losses/explained_variance,0.6230700016021729,Pong1PQFM_XObs_entangled_trainable_rzz_QLayers_5___seed_1_1761468207
5660672,1-Training-Losses/explained_variance,0.5993630290031433,Pong1PQFM_XObs_entangled_trainable_rzz_QLayers_5___seed_1_1761468207
5664768,1-Training-Losses/explained_variance,0.5159827470779419,Pong1PQFM_XObs_entangled_trainable_rzz_QLayers_5___seed_1_1761468207
5668864,1-Training-Losses/explained_variance,0.5310471653938293,Pong1PQFM_XObs_entangled_trainable_rzz_QLayers_5___seed_1_1761468207
5672960,1-Training-Losses/explained_variance,0.6538814902305603,Pong1PQFM_XObs_entangled_trainable_rzz_QLayers_5___seed_1_1761468207
5677056,1-Training-Losses/explained_variance,0.753844141960144,Pong1PQFM_XObs_entangled_trainable_rzz_QLayers_5___seed_1_1761468207
5681152,1-Training-Losses/explained_variance,0.6251306533813477,Pong1PQFM_XObs_entangled_trainable_rzz_QLayers_5___seed_1_1761468207
5685248,1-Training-Losses/explained_variance,0.595885694026947,Pong1PQFM_XObs_entangled_trainable_rzz_QLayers_5___seed_1_1761468207
5689344,1-Training-Losses/explained_variance,0.6537380218505859,Pong1PQFM_XObs_entangled_trainable_rzz_QLayers_5___seed_1_1761468207
5693440,1-Training-Losses/explained_variance,0.6664752960205078,Pong1PQFM_XObs_entangled_trainable_rzz_QLayers_5___seed_1_1761468207
5697536,1-Training-Losses/explained_variance,0.6365851163864136,Pong1PQFM_XObs_entangled_trainable_rzz_QLayers_5___seed_1_1761468207
5701632,1-Training-Losses/explained_variance,0.6499040722846985,Pong1PQFM_XObs_entangled_trainable_rzz_QLayers_5___seed_1_1761468207
5705728,1-Training-Losses/explained_variance,0.4044908881187439,Pong1PQFM_XObs_entangled_trainable_rzz_QLayers_5___seed_1_1761468207
5709824,1-Training-Losses/explained_variance,0.6807528734207153,Pong1PQFM_XObs_entangled_trainable_rzz_QLayers_5___seed_1_1761468207
5713920,1-Training-Losses/explained_variance,0.7570881843566895,Pong1PQFM_XObs_entangled_trainable_rzz_QLayers_5___seed_1_1761468207
5718016,1-Training-Losses/explained_variance,0.6488050818443298,Pong1PQFM_XObs_entangled_trainable_rzz_QLayers_5___seed_1_1761468207
5722112,1-Training-Losses/explained_variance,0.4879916310310364,Pong1PQFM_XObs_entangled_trainable_rzz_QLayers_5___seed_1_1761468207
5726208,1-Training-Losses/explained_variance,0.4955636262893677,Pong1PQFM_XObs_entangled_trainable_rzz_QLayers_5___seed_1_1761468207
5730304,1-Training-Losses/explained_variance,0.6733641028404236,Pong1PQFM_XObs_entangled_trainable_rzz_QLayers_5___seed_1_1761468207
5734400,1-Training-Losses/explained_variance,0.40173107385635376,Pong1PQFM_XObs_entangled_trainable_rzz_QLayers_5___seed_1_1761468207
5738496,1-Training-Losses/explained_variance,0.6566386222839355,Pong1PQFM_XObs_entangled_trainable_rzz_QLayers_5___seed_1_1761468207
5742592,1-Training-Losses/explained_variance,0.6350255012512207,Pong1PQFM_XObs_entangled_trainable_rzz_QLayers_5___seed_1_1761468207
5746688,1-Training-Losses/explained_variance,0.7160319089889526,Pong1PQFM_XObs_entangled_trainable_rzz_QLayers_5___seed_1_1761468207
5750784,1-Training-Losses/explained_variance,0.4759610891342163,Pong1PQFM_XObs_entangled_trainable_rzz_QLayers_5___seed_1_1761468207
5754880,1-Training-Losses/explained_variance,0.7130995988845825,Pong1PQFM_XObs_entangled_trainable_rzz_QLayers_5___seed_1_1761468207
5758976,1-Training-Losses/explained_variance,0.4908860921859741,Pong1PQFM_XObs_entangled_trainable_rzz_QLayers_5___seed_1_1761468207
5763072,1-Training-Losses/explained_variance,0.6914923787117004,Pong1PQFM_XObs_entangled_trainable_rzz_QLayers_5___seed_1_1761468207
5767168,1-Training-Losses/explained_variance,0.6499654054641724,Pong1PQFM_XObs_entangled_trainable_rzz_QLayers_5___seed_1_1761468207
5771264,1-Training-Losses/explained_variance,0.5508688688278198,Pong1PQFM_XObs_entangled_trainable_rzz_QLayers_5___seed_1_1761468207
5775360,1-Training-Losses/explained_variance,0.5316628217697144,Pong1PQFM_XObs_entangled_trainable_rzz_QLayers_5___seed_1_1761468207
5779456,1-Training-Losses/explained_variance,0.5596245527267456,Pong1PQFM_XObs_entangled_trainable_rzz_QLayers_5___seed_1_1761468207
5783552,1-Training-Losses/explained_variance,0.6398401260375977,Pong1PQFM_XObs_entangled_trainable_rzz_QLayers_5___seed_1_1761468207
5787648,1-Training-Losses/explained_variance,0.5615674257278442,Pong1PQFM_XObs_entangled_trainable_rzz_QLayers_5___seed_1_1761468207
5791744,1-Training-Losses/explained_variance,0.5008435845375061,Pong1PQFM_XObs_entangled_trainable_rzz_QLayers_5___seed_1_1761468207
5795840,1-Training-Losses/explained_variance,0.5848491191864014,Pong1PQFM_XObs_entangled_trainable_rzz_QLayers_5___seed_1_1761468207
5799936,1-Training-Losses/explained_variance,0.7038361430168152,Pong1PQFM_XObs_entangled_trainable_rzz_QLayers_5___seed_1_1761468207
5804032,1-Training-Losses/explained_variance,0.5387872457504272,Pong1PQFM_XObs_entangled_trainable_rzz_QLayers_5___seed_1_1761468207
5808128,1-Training-Losses/explained_variance,0.4843449592590332,Pong1PQFM_XObs_entangled_trainable_rzz_QLayers_5___seed_1_1761468207
5812224,1-Training-Losses/explained_variance,0.5710363388061523,Pong1PQFM_XObs_entangled_trainable_rzz_QLayers_5___seed_1_1761468207
5816320,1-Training-Losses/explained_variance,0.6707676649093628,Pong1PQFM_XObs_entangled_trainable_rzz_QLayers_5___seed_1_1761468207
5820416,1-Training-Losses/explained_variance,0.5038353204727173,Pong1PQFM_XObs_entangled_trainable_rzz_QLayers_5___seed_1_1761468207
5824512,1-Training-Losses/explained_variance,0.5845396518707275,Pong1PQFM_XObs_entangled_trainable_rzz_QLayers_5___seed_1_1761468207
5828608,1-Training-Losses/explained_variance,0.6027834415435791,Pong1PQFM_XObs_entangled_trainable_rzz_QLayers_5___seed_1_1761468207
5832704,1-Training-Losses/explained_variance,0.6278982162475586,Pong1PQFM_XObs_entangled_trainable_rzz_QLayers_5___seed_1_1761468207
5836800,1-Training-Losses/explained_variance,0.5360998511314392,Pong1PQFM_XObs_entangled_trainable_rzz_QLayers_5___seed_1_1761468207
5840896,1-Training-Losses/explained_variance,0.6448451280593872,Pong1PQFM_XObs_entangled_trainable_rzz_QLayers_5___seed_1_1761468207
5844992,1-Training-Losses/explained_variance,0.7078217267990112,Pong1PQFM_XObs_entangled_trainable_rzz_QLayers_5___seed_1_1761468207
5849088,1-Training-Losses/explained_variance,0.57254958152771,Pong1PQFM_XObs_entangled_trainable_rzz_QLayers_5___seed_1_1761468207
5853184,1-Training-Losses/explained_variance,0.5591628551483154,Pong1PQFM_XObs_entangled_trainable_rzz_QLayers_5___seed_1_1761468207
5857280,1-Training-Losses/explained_variance,0.5169304609298706,Pong1PQFM_XObs_entangled_trainable_rzz_QLayers_5___seed_1_1761468207
5861376,1-Training-Losses/explained_variance,0.44203388690948486,Pong1PQFM_XObs_entangled_trainable_rzz_QLayers_5___seed_1_1761468207
5865472,1-Training-Losses/explained_variance,0.7047197818756104,Pong1PQFM_XObs_entangled_trainable_rzz_QLayers_5___seed_1_1761468207
5869568,1-Training-Losses/explained_variance,0.5897645354270935,Pong1PQFM_XObs_entangled_trainable_rzz_QLayers_5___seed_1_1761468207
5873664,1-Training-Losses/explained_variance,0.5704903602600098,Pong1PQFM_XObs_entangled_trainable_rzz_QLayers_5___seed_1_1761468207
5877760,1-Training-Losses/explained_variance,0.6675280332565308,Pong1PQFM_XObs_entangled_trainable_rzz_QLayers_5___seed_1_1761468207
5881856,1-Training-Losses/explained_variance,0.6124041080474854,Pong1PQFM_XObs_entangled_trainable_rzz_QLayers_5___seed_1_1761468207
5885952,1-Training-Losses/explained_variance,0.6585853099822998,Pong1PQFM_XObs_entangled_trainable_rzz_QLayers_5___seed_1_1761468207
5890048,1-Training-Losses/explained_variance,0.601105809211731,Pong1PQFM_XObs_entangled_trainable_rzz_QLayers_5___seed_1_1761468207
5894144,1-Training-Losses/explained_variance,0.6915279626846313,Pong1PQFM_XObs_entangled_trainable_rzz_QLayers_5___seed_1_1761468207
5898240,1-Training-Losses/explained_variance,0.6725065112113953,Pong1PQFM_XObs_entangled_trainable_rzz_QLayers_5___seed_1_1761468207
5902336,1-Training-Losses/explained_variance,0.5359389781951904,Pong1PQFM_XObs_entangled_trainable_rzz_QLayers_5___seed_1_1761468207
5906432,1-Training-Losses/explained_variance,0.5338960289955139,Pong1PQFM_XObs_entangled_trainable_rzz_QLayers_5___seed_1_1761468207
5910528,1-Training-Losses/explained_variance,0.6428079009056091,Pong1PQFM_XObs_entangled_trainable_rzz_QLayers_5___seed_1_1761468207
5914624,1-Training-Losses/explained_variance,0.6888735294342041,Pong1PQFM_XObs_entangled_trainable_rzz_QLayers_5___seed_1_1761468207
5918720,1-Training-Losses/explained_variance,0.5890316963195801,Pong1PQFM_XObs_entangled_trainable_rzz_QLayers_5___seed_1_1761468207
5922816,1-Training-Losses/explained_variance,0.49553805589675903,Pong1PQFM_XObs_entangled_trainable_rzz_QLayers_5___seed_1_1761468207
5926912,1-Training-Losses/explained_variance,0.553987443447113,Pong1PQFM_XObs_entangled_trainable_rzz_QLayers_5___seed_1_1761468207
5931008,1-Training-Losses/explained_variance,0.5838291645050049,Pong1PQFM_XObs_entangled_trainable_rzz_QLayers_5___seed_1_1761468207
5935104,1-Training-Losses/explained_variance,0.5928337574005127,Pong1PQFM_XObs_entangled_trainable_rzz_QLayers_5___seed_1_1761468207
5939200,1-Training-Losses/explained_variance,0.7244374752044678,Pong1PQFM_XObs_entangled_trainable_rzz_QLayers_5___seed_1_1761468207
5943296,1-Training-Losses/explained_variance,0.5601402521133423,Pong1PQFM_XObs_entangled_trainable_rzz_QLayers_5___seed_1_1761468207
5947392,1-Training-Losses/explained_variance,0.4952506422996521,Pong1PQFM_XObs_entangled_trainable_rzz_QLayers_5___seed_1_1761468207
5951488,1-Training-Losses/explained_variance,0.6110910177230835,Pong1PQFM_XObs_entangled_trainable_rzz_QLayers_5___seed_1_1761468207
5955584,1-Training-Losses/explained_variance,0.5256232023239136,Pong1PQFM_XObs_entangled_trainable_rzz_QLayers_5___seed_1_1761468207
5959680,1-Training-Losses/explained_variance,0.6233596801757812,Pong1PQFM_XObs_entangled_trainable_rzz_QLayers_5___seed_1_1761468207
5963776,1-Training-Losses/explained_variance,0.6564777493476868,Pong1PQFM_XObs_entangled_trainable_rzz_QLayers_5___seed_1_1761468207
5967872,1-Training-Losses/explained_variance,0.6959218978881836,Pong1PQFM_XObs_entangled_trainable_rzz_QLayers_5___seed_1_1761468207
5971968,1-Training-Losses/explained_variance,0.5183397531509399,Pong1PQFM_XObs_entangled_trainable_rzz_QLayers_5___seed_1_1761468207
5976064,1-Training-Losses/explained_variance,0.616858959197998,Pong1PQFM_XObs_entangled_trainable_rzz_QLayers_5___seed_1_1761468207
5980160,1-Training-Losses/explained_variance,0.6175786256790161,Pong1PQFM_XObs_entangled_trainable_rzz_QLayers_5___seed_1_1761468207
5984256,1-Training-Losses/explained_variance,0.5889228582382202,Pong1PQFM_XObs_entangled_trainable_rzz_QLayers_5___seed_1_1761468207
5988352,1-Training-Losses/explained_variance,0.47398650646209717,Pong1PQFM_XObs_entangled_trainable_rzz_QLayers_5___seed_1_1761468207
5992448,1-Training-Losses/explained_variance,0.7156862616539001,Pong1PQFM_XObs_entangled_trainable_rzz_QLayers_5___seed_1_1761468207
5996544,1-Training-Losses/explained_variance,0.39420831203460693,Pong1PQFM_XObs_entangled_trainable_rzz_QLayers_5___seed_1_1761468207
6000640,1-Training-Losses/explained_variance,0.5300754308700562,Pong1PQFM_XObs_entangled_trainable_rzz_QLayers_5___seed_1_1761468207
6004736,1-Training-Losses/explained_variance,0.6568716764450073,Pong1PQFM_XObs_entangled_trainable_rzz_QLayers_5___seed_1_1761468207
6008832,1-Training-Losses/explained_variance,0.6158251166343689,Pong1PQFM_XObs_entangled_trainable_rzz_QLayers_5___seed_1_1761468207
6012928,1-Training-Losses/explained_variance,0.6910322308540344,Pong1PQFM_XObs_entangled_trainable_rzz_QLayers_5___seed_1_1761468207
6017024,1-Training-Losses/explained_variance,0.5527841448783875,Pong1PQFM_XObs_entangled_trainable_rzz_QLayers_5___seed_1_1761468207
6021120,1-Training-Losses/explained_variance,0.6492992639541626,Pong1PQFM_XObs_entangled_trainable_rzz_QLayers_5___seed_1_1761468207
6025216,1-Training-Losses/explained_variance,0.6675630807876587,Pong1PQFM_XObs_entangled_trainable_rzz_QLayers_5___seed_1_1761468207
6029312,1-Training-Losses/explained_variance,0.7267528772354126,Pong1PQFM_XObs_entangled_trainable_rzz_QLayers_5___seed_1_1761468207
6033408,1-Training-Losses/explained_variance,0.6072547435760498,Pong1PQFM_XObs_entangled_trainable_rzz_QLayers_5___seed_1_1761468207
6037504,1-Training-Losses/explained_variance,0.5803934335708618,Pong1PQFM_XObs_entangled_trainable_rzz_QLayers_5___seed_1_1761468207
6041600,1-Training-Losses/explained_variance,0.6591602563858032,Pong1PQFM_XObs_entangled_trainable_rzz_QLayers_5___seed_1_1761468207
6045696,1-Training-Losses/explained_variance,0.616195797920227,Pong1PQFM_XObs_entangled_trainable_rzz_QLayers_5___seed_1_1761468207
6049792,1-Training-Losses/explained_variance,0.553499698638916,Pong1PQFM_XObs_entangled_trainable_rzz_QLayers_5___seed_1_1761468207
6053888,1-Training-Losses/explained_variance,0.5031139850616455,Pong1PQFM_XObs_entangled_trainable_rzz_QLayers_5___seed_1_1761468207
6057984,1-Training-Losses/explained_variance,0.6801712512969971,Pong1PQFM_XObs_entangled_trainable_rzz_QLayers_5___seed_1_1761468207
6062080,1-Training-Losses/explained_variance,0.5428498983383179,Pong1PQFM_XObs_entangled_trainable_rzz_QLayers_5___seed_1_1761468207
6066176,1-Training-Losses/explained_variance,0.5138734579086304,Pong1PQFM_XObs_entangled_trainable_rzz_QLayers_5___seed_1_1761468207
6070272,1-Training-Losses/explained_variance,0.7179439067840576,Pong1PQFM_XObs_entangled_trainable_rzz_QLayers_5___seed_1_1761468207
6074368,1-Training-Losses/explained_variance,0.6777148246765137,Pong1PQFM_XObs_entangled_trainable_rzz_QLayers_5___seed_1_1761468207
6078464,1-Training-Losses/explained_variance,0.4956067204475403,Pong1PQFM_XObs_entangled_trainable_rzz_QLayers_5___seed_1_1761468207
6082560,1-Training-Losses/explained_variance,0.43262404203414917,Pong1PQFM_XObs_entangled_trainable_rzz_QLayers_5___seed_1_1761468207
6086656,1-Training-Losses/explained_variance,0.5327509641647339,Pong1PQFM_XObs_entangled_trainable_rzz_QLayers_5___seed_1_1761468207
6090752,1-Training-Losses/explained_variance,0.5733544826507568,Pong1PQFM_XObs_entangled_trainable_rzz_QLayers_5___seed_1_1761468207
6094848,1-Training-Losses/explained_variance,0.6200093626976013,Pong1PQFM_XObs_entangled_trainable_rzz_QLayers_5___seed_1_1761468207
6098944,1-Training-Losses/explained_variance,0.5210435390472412,Pong1PQFM_XObs_entangled_trainable_rzz_QLayers_5___seed_1_1761468207
6103040,1-Training-Losses/explained_variance,0.613721489906311,Pong1PQFM_XObs_entangled_trainable_rzz_QLayers_5___seed_1_1761468207
6107136,1-Training-Losses/explained_variance,0.7207074165344238,Pong1PQFM_XObs_entangled_trainable_rzz_QLayers_5___seed_1_1761468207
6111232,1-Training-Losses/explained_variance,0.5797522068023682,Pong1PQFM_XObs_entangled_trainable_rzz_QLayers_5___seed_1_1761468207
6115328,1-Training-Losses/explained_variance,0.5552139282226562,Pong1PQFM_XObs_entangled_trainable_rzz_QLayers_5___seed_1_1761468207
6119424,1-Training-Losses/explained_variance,0.4630255103111267,Pong1PQFM_XObs_entangled_trainable_rzz_QLayers_5___seed_1_1761468207
6123520,1-Training-Losses/explained_variance,0.7307145595550537,Pong1PQFM_XObs_entangled_trainable_rzz_QLayers_5___seed_1_1761468207
6127616,1-Training-Losses/explained_variance,0.4645605683326721,Pong1PQFM_XObs_entangled_trainable_rzz_QLayers_5___seed_1_1761468207
6131712,1-Training-Losses/explained_variance,0.5728136301040649,Pong1PQFM_XObs_entangled_trainable_rzz_QLayers_5___seed_1_1761468207
6135808,1-Training-Losses/explained_variance,0.5966387987136841,Pong1PQFM_XObs_entangled_trainable_rzz_QLayers_5___seed_1_1761468207
6139904,1-Training-Losses/explained_variance,0.48080456256866455,Pong1PQFM_XObs_entangled_trainable_rzz_QLayers_5___seed_1_1761468207
6144000,1-Training-Losses/explained_variance,0.6953319907188416,Pong1PQFM_XObs_entangled_trainable_rzz_QLayers_5___seed_1_1761468207
6148096,1-Training-Losses/explained_variance,0.4820544123649597,Pong1PQFM_XObs_entangled_trainable_rzz_QLayers_5___seed_1_1761468207
6152192,1-Training-Losses/explained_variance,0.5521137118339539,Pong1PQFM_XObs_entangled_trainable_rzz_QLayers_5___seed_1_1761468207
6156288,1-Training-Losses/explained_variance,0.4276513457298279,Pong1PQFM_XObs_entangled_trainable_rzz_QLayers_5___seed_1_1761468207
6160384,1-Training-Losses/explained_variance,0.6744670867919922,Pong1PQFM_XObs_entangled_trainable_rzz_QLayers_5___seed_1_1761468207
6164480,1-Training-Losses/explained_variance,0.6511879563331604,Pong1PQFM_XObs_entangled_trainable_rzz_QLayers_5___seed_1_1761468207
6168576,1-Training-Losses/explained_variance,0.6352391242980957,Pong1PQFM_XObs_entangled_trainable_rzz_QLayers_5___seed_1_1761468207
6172672,1-Training-Losses/explained_variance,0.7016833424568176,Pong1PQFM_XObs_entangled_trainable_rzz_QLayers_5___seed_1_1761468207
6176768,1-Training-Losses/explained_variance,0.603657603263855,Pong1PQFM_XObs_entangled_trainable_rzz_QLayers_5___seed_1_1761468207
6180864,1-Training-Losses/explained_variance,0.5564594268798828,Pong1PQFM_XObs_entangled_trainable_rzz_QLayers_5___seed_1_1761468207
6184960,1-Training-Losses/explained_variance,0.6824010014533997,Pong1PQFM_XObs_entangled_trainable_rzz_QLayers_5___seed_1_1761468207
6189056,1-Training-Losses/explained_variance,0.32990700006484985,Pong1PQFM_XObs_entangled_trainable_rzz_QLayers_5___seed_1_1761468207
6193152,1-Training-Losses/explained_variance,0.6750882863998413,Pong1PQFM_XObs_entangled_trainable_rzz_QLayers_5___seed_1_1761468207
6197248,1-Training-Losses/explained_variance,0.5278630256652832,Pong1PQFM_XObs_entangled_trainable_rzz_QLayers_5___seed_1_1761468207
6201344,1-Training-Losses/explained_variance,0.5300941467285156,Pong1PQFM_XObs_entangled_trainable_rzz_QLayers_5___seed_1_1761468207
6205440,1-Training-Losses/explained_variance,0.5613596439361572,Pong1PQFM_XObs_entangled_trainable_rzz_QLayers_5___seed_1_1761468207
6209536,1-Training-Losses/explained_variance,0.596200704574585,Pong1PQFM_XObs_entangled_trainable_rzz_QLayers_5___seed_1_1761468207
6213632,1-Training-Losses/explained_variance,0.6875578761100769,Pong1PQFM_XObs_entangled_trainable_rzz_QLayers_5___seed_1_1761468207
6217728,1-Training-Losses/explained_variance,0.6831564903259277,Pong1PQFM_XObs_entangled_trainable_rzz_QLayers_5___seed_1_1761468207
6221824,1-Training-Losses/explained_variance,0.4678913950920105,Pong1PQFM_XObs_entangled_trainable_rzz_QLayers_5___seed_1_1761468207
6225920,1-Training-Losses/explained_variance,0.6400591731071472,Pong1PQFM_XObs_entangled_trainable_rzz_QLayers_5___seed_1_1761468207
6230016,1-Training-Losses/explained_variance,0.569065272808075,Pong1PQFM_XObs_entangled_trainable_rzz_QLayers_5___seed_1_1761468207
6234112,1-Training-Losses/explained_variance,0.7223946452140808,Pong1PQFM_XObs_entangled_trainable_rzz_QLayers_5___seed_1_1761468207
6238208,1-Training-Losses/explained_variance,0.6910508871078491,Pong1PQFM_XObs_entangled_trainable_rzz_QLayers_5___seed_1_1761468207
6242304,1-Training-Losses/explained_variance,0.6303250789642334,Pong1PQFM_XObs_entangled_trainable_rzz_QLayers_5___seed_1_1761468207
6246400,1-Training-Losses/explained_variance,0.6170700788497925,Pong1PQFM_XObs_entangled_trainable_rzz_QLayers_5___seed_1_1761468207
6250496,1-Training-Losses/explained_variance,0.62218177318573,Pong1PQFM_XObs_entangled_trainable_rzz_QLayers_5___seed_1_1761468207
6254592,1-Training-Losses/explained_variance,0.5615015029907227,Pong1PQFM_XObs_entangled_trainable_rzz_QLayers_5___seed_1_1761468207
6258688,1-Training-Losses/explained_variance,0.539108157157898,Pong1PQFM_XObs_entangled_trainable_rzz_QLayers_5___seed_1_1761468207
6262784,1-Training-Losses/explained_variance,0.617763102054596,Pong1PQFM_XObs_entangled_trainable_rzz_QLayers_5___seed_1_1761468207
6266880,1-Training-Losses/explained_variance,0.648088812828064,Pong1PQFM_XObs_entangled_trainable_rzz_QLayers_5___seed_1_1761468207
6270976,1-Training-Losses/explained_variance,0.6148285269737244,Pong1PQFM_XObs_entangled_trainable_rzz_QLayers_5___seed_1_1761468207
6275072,1-Training-Losses/explained_variance,0.5297895073890686,Pong1PQFM_XObs_entangled_trainable_rzz_QLayers_5___seed_1_1761468207
6279168,1-Training-Losses/explained_variance,0.5871614217758179,Pong1PQFM_XObs_entangled_trainable_rzz_QLayers_5___seed_1_1761468207
6283264,1-Training-Losses/explained_variance,0.5236453413963318,Pong1PQFM_XObs_entangled_trainable_rzz_QLayers_5___seed_1_1761468207
6287360,1-Training-Losses/explained_variance,0.5956553220748901,Pong1PQFM_XObs_entangled_trainable_rzz_QLayers_5___seed_1_1761468207
6291456,1-Training-Losses/explained_variance,0.5867593288421631,Pong1PQFM_XObs_entangled_trainable_rzz_QLayers_5___seed_1_1761468207
6295552,1-Training-Losses/explained_variance,0.5223793387413025,Pong1PQFM_XObs_entangled_trainable_rzz_QLayers_5___seed_1_1761468207
6299648,1-Training-Losses/explained_variance,0.6223905086517334,Pong1PQFM_XObs_entangled_trainable_rzz_QLayers_5___seed_1_1761468207
6303744,1-Training-Losses/explained_variance,0.5917044878005981,Pong1PQFM_XObs_entangled_trainable_rzz_QLayers_5___seed_1_1761468207
6307840,1-Training-Losses/explained_variance,0.6575627326965332,Pong1PQFM_XObs_entangled_trainable_rzz_QLayers_5___seed_1_1761468207
6311936,1-Training-Losses/explained_variance,0.4719814658164978,Pong1PQFM_XObs_entangled_trainable_rzz_QLayers_5___seed_1_1761468207
6316032,1-Training-Losses/explained_variance,0.6709080934524536,Pong1PQFM_XObs_entangled_trainable_rzz_QLayers_5___seed_1_1761468207
6320128,1-Training-Losses/explained_variance,0.5368034839630127,Pong1PQFM_XObs_entangled_trainable_rzz_QLayers_5___seed_1_1761468207
6324224,1-Training-Losses/explained_variance,0.5657840967178345,Pong1PQFM_XObs_entangled_trainable_rzz_QLayers_5___seed_1_1761468207
6328320,1-Training-Losses/explained_variance,0.38537687063217163,Pong1PQFM_XObs_entangled_trainable_rzz_QLayers_5___seed_1_1761468207
6332416,1-Training-Losses/explained_variance,0.6751806735992432,Pong1PQFM_XObs_entangled_trainable_rzz_QLayers_5___seed_1_1761468207
6336512,1-Training-Losses/explained_variance,0.6107792854309082,Pong1PQFM_XObs_entangled_trainable_rzz_QLayers_5___seed_1_1761468207
6340608,1-Training-Losses/explained_variance,0.3392517566680908,Pong1PQFM_XObs_entangled_trainable_rzz_QLayers_5___seed_1_1761468207
6344704,1-Training-Losses/explained_variance,0.5208977460861206,Pong1PQFM_XObs_entangled_trainable_rzz_QLayers_5___seed_1_1761468207
6348800,1-Training-Losses/explained_variance,0.2246684432029724,Pong1PQFM_XObs_entangled_trainable_rzz_QLayers_5___seed_1_1761468207
6352896,1-Training-Losses/explained_variance,0.5368476510047913,Pong1PQFM_XObs_entangled_trainable_rzz_QLayers_5___seed_1_1761468207
6356992,1-Training-Losses/explained_variance,0.5013071298599243,Pong1PQFM_XObs_entangled_trainable_rzz_QLayers_5___seed_1_1761468207
6361088,1-Training-Losses/explained_variance,0.5055229663848877,Pong1PQFM_XObs_entangled_trainable_rzz_QLayers_5___seed_1_1761468207
6365184,1-Training-Losses/explained_variance,0.5368474721908569,Pong1PQFM_XObs_entangled_trainable_rzz_QLayers_5___seed_1_1761468207
6369280,1-Training-Losses/explained_variance,0.6166706681251526,Pong1PQFM_XObs_entangled_trainable_rzz_QLayers_5___seed_1_1761468207
6373376,1-Training-Losses/explained_variance,0.7109301090240479,Pong1PQFM_XObs_entangled_trainable_rzz_QLayers_5___seed_1_1761468207
6377472,1-Training-Losses/explained_variance,0.6575425863265991,Pong1PQFM_XObs_entangled_trainable_rzz_QLayers_5___seed_1_1761468207
6381568,1-Training-Losses/explained_variance,0.5293493270874023,Pong1PQFM_XObs_entangled_trainable_rzz_QLayers_5___seed_1_1761468207
6385664,1-Training-Losses/explained_variance,0.5493581295013428,Pong1PQFM_XObs_entangled_trainable_rzz_QLayers_5___seed_1_1761468207
6389760,1-Training-Losses/explained_variance,0.37242501974105835,Pong1PQFM_XObs_entangled_trainable_rzz_QLayers_5___seed_1_1761468207
6393856,1-Training-Losses/explained_variance,0.507332444190979,Pong1PQFM_XObs_entangled_trainable_rzz_QLayers_5___seed_1_1761468207
6397952,1-Training-Losses/explained_variance,0.6339694857597351,Pong1PQFM_XObs_entangled_trainable_rzz_QLayers_5___seed_1_1761468207
6402048,1-Training-Losses/explained_variance,0.563579261302948,Pong1PQFM_XObs_entangled_trainable_rzz_QLayers_5___seed_1_1761468207
6406144,1-Training-Losses/explained_variance,0.4520491361618042,Pong1PQFM_XObs_entangled_trainable_rzz_QLayers_5___seed_1_1761468207
6410240,1-Training-Losses/explained_variance,0.5653445720672607,Pong1PQFM_XObs_entangled_trainable_rzz_QLayers_5___seed_1_1761468207
6414336,1-Training-Losses/explained_variance,0.5307230949401855,Pong1PQFM_XObs_entangled_trainable_rzz_QLayers_5___seed_1_1761468207
6418432,1-Training-Losses/explained_variance,0.5986902713775635,Pong1PQFM_XObs_entangled_trainable_rzz_QLayers_5___seed_1_1761468207
6422528,1-Training-Losses/explained_variance,0.5295571088790894,Pong1PQFM_XObs_entangled_trainable_rzz_QLayers_5___seed_1_1761468207
6426624,1-Training-Losses/explained_variance,0.4554635286331177,Pong1PQFM_XObs_entangled_trainable_rzz_QLayers_5___seed_1_1761468207
6430720,1-Training-Losses/explained_variance,0.5463143587112427,Pong1PQFM_XObs_entangled_trainable_rzz_QLayers_5___seed_1_1761468207
6434816,1-Training-Losses/explained_variance,0.6699085235595703,Pong1PQFM_XObs_entangled_trainable_rzz_QLayers_5___seed_1_1761468207
6438912,1-Training-Losses/explained_variance,0.5936683416366577,Pong1PQFM_XObs_entangled_trainable_rzz_QLayers_5___seed_1_1761468207
6443008,1-Training-Losses/explained_variance,0.6251201629638672,Pong1PQFM_XObs_entangled_trainable_rzz_QLayers_5___seed_1_1761468207
6447104,1-Training-Losses/explained_variance,0.715330958366394,Pong1PQFM_XObs_entangled_trainable_rzz_QLayers_5___seed_1_1761468207
6451200,1-Training-Losses/explained_variance,0.6696391701698303,Pong1PQFM_XObs_entangled_trainable_rzz_QLayers_5___seed_1_1761468207
6455296,1-Training-Losses/explained_variance,0.5595932006835938,Pong1PQFM_XObs_entangled_trainable_rzz_QLayers_5___seed_1_1761468207
6459392,1-Training-Losses/explained_variance,0.32168781757354736,Pong1PQFM_XObs_entangled_trainable_rzz_QLayers_5___seed_1_1761468207
6463488,1-Training-Losses/explained_variance,0.5585845112800598,Pong1PQFM_XObs_entangled_trainable_rzz_QLayers_5___seed_1_1761468207
6467584,1-Training-Losses/explained_variance,0.551227331161499,Pong1PQFM_XObs_entangled_trainable_rzz_QLayers_5___seed_1_1761468207
6471680,1-Training-Losses/explained_variance,0.46962857246398926,Pong1PQFM_XObs_entangled_trainable_rzz_QLayers_5___seed_1_1761468207
6475776,1-Training-Losses/explained_variance,0.3672618269920349,Pong1PQFM_XObs_entangled_trainable_rzz_QLayers_5___seed_1_1761468207
6479872,1-Training-Losses/explained_variance,0.5987653732299805,Pong1PQFM_XObs_entangled_trainable_rzz_QLayers_5___seed_1_1761468207
6483968,1-Training-Losses/explained_variance,0.6186332702636719,Pong1PQFM_XObs_entangled_trainable_rzz_QLayers_5___seed_1_1761468207
6488064,1-Training-Losses/explained_variance,0.6188204288482666,Pong1PQFM_XObs_entangled_trainable_rzz_QLayers_5___seed_1_1761468207
6492160,1-Training-Losses/explained_variance,0.48659783601760864,Pong1PQFM_XObs_entangled_trainable_rzz_QLayers_5___seed_1_1761468207
6496256,1-Training-Losses/explained_variance,0.3830898404121399,Pong1PQFM_XObs_entangled_trainable_rzz_QLayers_5___seed_1_1761468207
6500352,1-Training-Losses/explained_variance,0.5834659337997437,Pong1PQFM_XObs_entangled_trainable_rzz_QLayers_5___seed_1_1761468207
6504448,1-Training-Losses/explained_variance,0.6116160154342651,Pong1PQFM_XObs_entangled_trainable_rzz_QLayers_5___seed_1_1761468207
6508544,1-Training-Losses/explained_variance,0.5341935157775879,Pong1PQFM_XObs_entangled_trainable_rzz_QLayers_5___seed_1_1761468207
6512640,1-Training-Losses/explained_variance,0.6726818084716797,Pong1PQFM_XObs_entangled_trainable_rzz_QLayers_5___seed_1_1761468207
6516736,1-Training-Losses/explained_variance,0.5306931138038635,Pong1PQFM_XObs_entangled_trainable_rzz_QLayers_5___seed_1_1761468207
6520832,1-Training-Losses/explained_variance,0.45003509521484375,Pong1PQFM_XObs_entangled_trainable_rzz_QLayers_5___seed_1_1761468207
6524928,1-Training-Losses/explained_variance,0.6092973351478577,Pong1PQFM_XObs_entangled_trainable_rzz_QLayers_5___seed_1_1761468207
6529024,1-Training-Losses/explained_variance,0.4500007629394531,Pong1PQFM_XObs_entangled_trainable_rzz_QLayers_5___seed_1_1761468207
6533120,1-Training-Losses/explained_variance,0.5240466594696045,Pong1PQFM_XObs_entangled_trainable_rzz_QLayers_5___seed_1_1761468207
6537216,1-Training-Losses/explained_variance,0.2912963628768921,Pong1PQFM_XObs_entangled_trainable_rzz_QLayers_5___seed_1_1761468207
6541312,1-Training-Losses/explained_variance,0.6377855539321899,Pong1PQFM_XObs_entangled_trainable_rzz_QLayers_5___seed_1_1761468207
6545408,1-Training-Losses/explained_variance,0.6160191297531128,Pong1PQFM_XObs_entangled_trainable_rzz_QLayers_5___seed_1_1761468207
6549504,1-Training-Losses/explained_variance,0.47969943284988403,Pong1PQFM_XObs_entangled_trainable_rzz_QLayers_5___seed_1_1761468207
6553600,1-Training-Losses/explained_variance,0.49928271770477295,Pong1PQFM_XObs_entangled_trainable_rzz_QLayers_5___seed_1_1761468207
6557696,1-Training-Losses/explained_variance,0.4250335097312927,Pong1PQFM_XObs_entangled_trainable_rzz_QLayers_5___seed_1_1761468207
6561792,1-Training-Losses/explained_variance,0.41992664337158203,Pong1PQFM_XObs_entangled_trainable_rzz_QLayers_5___seed_1_1761468207
6565888,1-Training-Losses/explained_variance,0.49390220642089844,Pong1PQFM_XObs_entangled_trainable_rzz_QLayers_5___seed_1_1761468207
6569984,1-Training-Losses/explained_variance,0.464586079120636,Pong1PQFM_XObs_entangled_trainable_rzz_QLayers_5___seed_1_1761468207
6574080,1-Training-Losses/explained_variance,0.6529983878135681,Pong1PQFM_XObs_entangled_trainable_rzz_QLayers_5___seed_1_1761468207
6578176,1-Training-Losses/explained_variance,0.5035797357559204,Pong1PQFM_XObs_entangled_trainable_rzz_QLayers_5___seed_1_1761468207
6582272,1-Training-Losses/explained_variance,0.5836567878723145,Pong1PQFM_XObs_entangled_trainable_rzz_QLayers_5___seed_1_1761468207
6586368,1-Training-Losses/explained_variance,0.4618754982948303,Pong1PQFM_XObs_entangled_trainable_rzz_QLayers_5___seed_1_1761468207
6590464,1-Training-Losses/explained_variance,0.4462539553642273,Pong1PQFM_XObs_entangled_trainable_rzz_QLayers_5___seed_1_1761468207
6594560,1-Training-Losses/explained_variance,0.518602192401886,Pong1PQFM_XObs_entangled_trainable_rzz_QLayers_5___seed_1_1761468207
6598656,1-Training-Losses/explained_variance,0.5038522481918335,Pong1PQFM_XObs_entangled_trainable_rzz_QLayers_5___seed_1_1761468207
6602752,1-Training-Losses/explained_variance,0.5407111644744873,Pong1PQFM_XObs_entangled_trainable_rzz_QLayers_5___seed_1_1761468207
6606848,1-Training-Losses/explained_variance,0.4103175401687622,Pong1PQFM_XObs_entangled_trainable_rzz_QLayers_5___seed_1_1761468207
6610944,1-Training-Losses/explained_variance,0.5194214582443237,Pong1PQFM_XObs_entangled_trainable_rzz_QLayers_5___seed_1_1761468207
6615040,1-Training-Losses/explained_variance,0.6865969300270081,Pong1PQFM_XObs_entangled_trainable_rzz_QLayers_5___seed_1_1761468207
6619136,1-Training-Losses/explained_variance,0.6824691295623779,Pong1PQFM_XObs_entangled_trainable_rzz_QLayers_5___seed_1_1761468207
6623232,1-Training-Losses/explained_variance,0.36275607347488403,Pong1PQFM_XObs_entangled_trainable_rzz_QLayers_5___seed_1_1761468207
6627328,1-Training-Losses/explained_variance,0.5651730298995972,Pong1PQFM_XObs_entangled_trainable_rzz_QLayers_5___seed_1_1761468207
6631424,1-Training-Losses/explained_variance,0.6996414661407471,Pong1PQFM_XObs_entangled_trainable_rzz_QLayers_5___seed_1_1761468207
6635520,1-Training-Losses/explained_variance,0.5221666097640991,Pong1PQFM_XObs_entangled_trainable_rzz_QLayers_5___seed_1_1761468207
6639616,1-Training-Losses/explained_variance,0.6101839542388916,Pong1PQFM_XObs_entangled_trainable_rzz_QLayers_5___seed_1_1761468207
6643712,1-Training-Losses/explained_variance,0.5371599197387695,Pong1PQFM_XObs_entangled_trainable_rzz_QLayers_5___seed_1_1761468207
6647808,1-Training-Losses/explained_variance,0.6654813289642334,Pong1PQFM_XObs_entangled_trainable_rzz_QLayers_5___seed_1_1761468207
6651904,1-Training-Losses/explained_variance,0.6314672827720642,Pong1PQFM_XObs_entangled_trainable_rzz_QLayers_5___seed_1_1761468207
6656000,1-Training-Losses/explained_variance,0.4942074418067932,Pong1PQFM_XObs_entangled_trainable_rzz_QLayers_5___seed_1_1761468207
6660096,1-Training-Losses/explained_variance,0.6051121950149536,Pong1PQFM_XObs_entangled_trainable_rzz_QLayers_5___seed_1_1761468207
6664192,1-Training-Losses/explained_variance,0.6009336709976196,Pong1PQFM_XObs_entangled_trainable_rzz_QLayers_5___seed_1_1761468207
6668288,1-Training-Losses/explained_variance,0.7218946218490601,Pong1PQFM_XObs_entangled_trainable_rzz_QLayers_5___seed_1_1761468207
6672384,1-Training-Losses/explained_variance,0.5714197754859924,Pong1PQFM_XObs_entangled_trainable_rzz_QLayers_5___seed_1_1761468207
6676480,1-Training-Losses/explained_variance,0.6138269901275635,Pong1PQFM_XObs_entangled_trainable_rzz_QLayers_5___seed_1_1761468207
6680576,1-Training-Losses/explained_variance,0.6635680198669434,Pong1PQFM_XObs_entangled_trainable_rzz_QLayers_5___seed_1_1761468207
6684672,1-Training-Losses/explained_variance,0.5340156555175781,Pong1PQFM_XObs_entangled_trainable_rzz_QLayers_5___seed_1_1761468207
6688768,1-Training-Losses/explained_variance,0.3257625102996826,Pong1PQFM_XObs_entangled_trainable_rzz_QLayers_5___seed_1_1761468207
6692864,1-Training-Losses/explained_variance,0.41103261709213257,Pong1PQFM_XObs_entangled_trainable_rzz_QLayers_5___seed_1_1761468207
6696960,1-Training-Losses/explained_variance,0.4546981453895569,Pong1PQFM_XObs_entangled_trainable_rzz_QLayers_5___seed_1_1761468207
6701056,1-Training-Losses/explained_variance,0.5404098033905029,Pong1PQFM_XObs_entangled_trainable_rzz_QLayers_5___seed_1_1761468207
6705152,1-Training-Losses/explained_variance,0.45824146270751953,Pong1PQFM_XObs_entangled_trainable_rzz_QLayers_5___seed_1_1761468207
6709248,1-Training-Losses/explained_variance,0.647361159324646,Pong1PQFM_XObs_entangled_trainable_rzz_QLayers_5___seed_1_1761468207
6713344,1-Training-Losses/explained_variance,0.4704502820968628,Pong1PQFM_XObs_entangled_trainable_rzz_QLayers_5___seed_1_1761468207
6717440,1-Training-Losses/explained_variance,0.4661276340484619,Pong1PQFM_XObs_entangled_trainable_rzz_QLayers_5___seed_1_1761468207
6721536,1-Training-Losses/explained_variance,0.5737240314483643,Pong1PQFM_XObs_entangled_trainable_rzz_QLayers_5___seed_1_1761468207
6725632,1-Training-Losses/explained_variance,0.6137133240699768,Pong1PQFM_XObs_entangled_trainable_rzz_QLayers_5___seed_1_1761468207
6729728,1-Training-Losses/explained_variance,0.6005674004554749,Pong1PQFM_XObs_entangled_trainable_rzz_QLayers_5___seed_1_1761468207
6733824,1-Training-Losses/explained_variance,0.4768514037132263,Pong1PQFM_XObs_entangled_trainable_rzz_QLayers_5___seed_1_1761468207
6737920,1-Training-Losses/explained_variance,0.569433867931366,Pong1PQFM_XObs_entangled_trainable_rzz_QLayers_5___seed_1_1761468207
6742016,1-Training-Losses/explained_variance,0.3827895522117615,Pong1PQFM_XObs_entangled_trainable_rzz_QLayers_5___seed_1_1761468207
6746112,1-Training-Losses/explained_variance,0.39482539892196655,Pong1PQFM_XObs_entangled_trainable_rzz_QLayers_5___seed_1_1761468207
6750208,1-Training-Losses/explained_variance,0.65447998046875,Pong1PQFM_XObs_entangled_trainable_rzz_QLayers_5___seed_1_1761468207
6754304,1-Training-Losses/explained_variance,0.4484308362007141,Pong1PQFM_XObs_entangled_trainable_rzz_QLayers_5___seed_1_1761468207
6758400,1-Training-Losses/explained_variance,0.43744200468063354,Pong1PQFM_XObs_entangled_trainable_rzz_QLayers_5___seed_1_1761468207
6762496,1-Training-Losses/explained_variance,0.3855537176132202,Pong1PQFM_XObs_entangled_trainable_rzz_QLayers_5___seed_1_1761468207
6766592,1-Training-Losses/explained_variance,0.5439754724502563,Pong1PQFM_XObs_entangled_trainable_rzz_QLayers_5___seed_1_1761468207
6770688,1-Training-Losses/explained_variance,0.41192394495010376,Pong1PQFM_XObs_entangled_trainable_rzz_QLayers_5___seed_1_1761468207
6774784,1-Training-Losses/explained_variance,0.5588730573654175,Pong1PQFM_XObs_entangled_trainable_rzz_QLayers_5___seed_1_1761468207
6778880,1-Training-Losses/explained_variance,0.4754983186721802,Pong1PQFM_XObs_entangled_trainable_rzz_QLayers_5___seed_1_1761468207
6782976,1-Training-Losses/explained_variance,0.40880662202835083,Pong1PQFM_XObs_entangled_trainable_rzz_QLayers_5___seed_1_1761468207
6787072,1-Training-Losses/explained_variance,0.6388689875602722,Pong1PQFM_XObs_entangled_trainable_rzz_QLayers_5___seed_1_1761468207
6791168,1-Training-Losses/explained_variance,0.5437111854553223,Pong1PQFM_XObs_entangled_trainable_rzz_QLayers_5___seed_1_1761468207
6795264,1-Training-Losses/explained_variance,0.48065274953842163,Pong1PQFM_XObs_entangled_trainable_rzz_QLayers_5___seed_1_1761468207
6799360,1-Training-Losses/explained_variance,0.6302604079246521,Pong1PQFM_XObs_entangled_trainable_rzz_QLayers_5___seed_1_1761468207
6803456,1-Training-Losses/explained_variance,0.5285921096801758,Pong1PQFM_XObs_entangled_trainable_rzz_QLayers_5___seed_1_1761468207
6807552,1-Training-Losses/explained_variance,0.5645545721054077,Pong1PQFM_XObs_entangled_trainable_rzz_QLayers_5___seed_1_1761468207
6811648,1-Training-Losses/explained_variance,0.5154943466186523,Pong1PQFM_XObs_entangled_trainable_rzz_QLayers_5___seed_1_1761468207
6815744,1-Training-Losses/explained_variance,0.5302083492279053,Pong1PQFM_XObs_entangled_trainable_rzz_QLayers_5___seed_1_1761468207
6819840,1-Training-Losses/explained_variance,0.6637049913406372,Pong1PQFM_XObs_entangled_trainable_rzz_QLayers_5___seed_1_1761468207
6823936,1-Training-Losses/explained_variance,0.5354976654052734,Pong1PQFM_XObs_entangled_trainable_rzz_QLayers_5___seed_1_1761468207
6828032,1-Training-Losses/explained_variance,0.47371089458465576,Pong1PQFM_XObs_entangled_trainable_rzz_QLayers_5___seed_1_1761468207
6832128,1-Training-Losses/explained_variance,0.5694423317909241,Pong1PQFM_XObs_entangled_trainable_rzz_QLayers_5___seed_1_1761468207
6836224,1-Training-Losses/explained_variance,0.579522967338562,Pong1PQFM_XObs_entangled_trainable_rzz_QLayers_5___seed_1_1761468207
6840320,1-Training-Losses/explained_variance,0.6417120099067688,Pong1PQFM_XObs_entangled_trainable_rzz_QLayers_5___seed_1_1761468207
6844416,1-Training-Losses/explained_variance,0.49713772535324097,Pong1PQFM_XObs_entangled_trainable_rzz_QLayers_5___seed_1_1761468207
6848512,1-Training-Losses/explained_variance,0.593654990196228,Pong1PQFM_XObs_entangled_trainable_rzz_QLayers_5___seed_1_1761468207
6852608,1-Training-Losses/explained_variance,0.483542799949646,Pong1PQFM_XObs_entangled_trainable_rzz_QLayers_5___seed_1_1761468207
6856704,1-Training-Losses/explained_variance,0.5625472068786621,Pong1PQFM_XObs_entangled_trainable_rzz_QLayers_5___seed_1_1761468207
6860800,1-Training-Losses/explained_variance,0.6001313924789429,Pong1PQFM_XObs_entangled_trainable_rzz_QLayers_5___seed_1_1761468207
6864896,1-Training-Losses/explained_variance,0.505272626876831,Pong1PQFM_XObs_entangled_trainable_rzz_QLayers_5___seed_1_1761468207
6868992,1-Training-Losses/explained_variance,0.5383188128471375,Pong1PQFM_XObs_entangled_trainable_rzz_QLayers_5___seed_1_1761468207
6873088,1-Training-Losses/explained_variance,0.4919259548187256,Pong1PQFM_XObs_entangled_trainable_rzz_QLayers_5___seed_1_1761468207
6877184,1-Training-Losses/explained_variance,0.6169179081916809,Pong1PQFM_XObs_entangled_trainable_rzz_QLayers_5___seed_1_1761468207
6881280,1-Training-Losses/explained_variance,0.6217067241668701,Pong1PQFM_XObs_entangled_trainable_rzz_QLayers_5___seed_1_1761468207
6885376,1-Training-Losses/explained_variance,0.5179171562194824,Pong1PQFM_XObs_entangled_trainable_rzz_QLayers_5___seed_1_1761468207
6889472,1-Training-Losses/explained_variance,0.4642027020454407,Pong1PQFM_XObs_entangled_trainable_rzz_QLayers_5___seed_1_1761468207
6893568,1-Training-Losses/explained_variance,0.5482742786407471,Pong1PQFM_XObs_entangled_trainable_rzz_QLayers_5___seed_1_1761468207
6897664,1-Training-Losses/explained_variance,0.618308424949646,Pong1PQFM_XObs_entangled_trainable_rzz_QLayers_5___seed_1_1761468207
6901760,1-Training-Losses/explained_variance,0.568548321723938,Pong1PQFM_XObs_entangled_trainable_rzz_QLayers_5___seed_1_1761468207
6905856,1-Training-Losses/explained_variance,0.6208371520042419,Pong1PQFM_XObs_entangled_trainable_rzz_QLayers_5___seed_1_1761468207
6909952,1-Training-Losses/explained_variance,0.5721125602722168,Pong1PQFM_XObs_entangled_trainable_rzz_QLayers_5___seed_1_1761468207
6914048,1-Training-Losses/explained_variance,0.4313993453979492,Pong1PQFM_XObs_entangled_trainable_rzz_QLayers_5___seed_1_1761468207
6918144,1-Training-Losses/explained_variance,0.5380200147628784,Pong1PQFM_XObs_entangled_trainable_rzz_QLayers_5___seed_1_1761468207
6922240,1-Training-Losses/explained_variance,0.5661512613296509,Pong1PQFM_XObs_entangled_trainable_rzz_QLayers_5___seed_1_1761468207
6926336,1-Training-Losses/explained_variance,0.2818446755409241,Pong1PQFM_XObs_entangled_trainable_rzz_QLayers_5___seed_1_1761468207
6930432,1-Training-Losses/explained_variance,0.47274792194366455,Pong1PQFM_XObs_entangled_trainable_rzz_QLayers_5___seed_1_1761468207
6934528,1-Training-Losses/explained_variance,0.5412647724151611,Pong1PQFM_XObs_entangled_trainable_rzz_QLayers_5___seed_1_1761468207
6938624,1-Training-Losses/explained_variance,0.4438655376434326,Pong1PQFM_XObs_entangled_trainable_rzz_QLayers_5___seed_1_1761468207
6942720,1-Training-Losses/explained_variance,0.6232424974441528,Pong1PQFM_XObs_entangled_trainable_rzz_QLayers_5___seed_1_1761468207
6946816,1-Training-Losses/explained_variance,0.5525400638580322,Pong1PQFM_XObs_entangled_trainable_rzz_QLayers_5___seed_1_1761468207
6950912,1-Training-Losses/explained_variance,0.4223855137825012,Pong1PQFM_XObs_entangled_trainable_rzz_QLayers_5___seed_1_1761468207
6955008,1-Training-Losses/explained_variance,0.2959190607070923,Pong1PQFM_XObs_entangled_trainable_rzz_QLayers_5___seed_1_1761468207
6959104,1-Training-Losses/explained_variance,0.3647400140762329,Pong1PQFM_XObs_entangled_trainable_rzz_QLayers_5___seed_1_1761468207
6963200,1-Training-Losses/explained_variance,0.4396071434020996,Pong1PQFM_XObs_entangled_trainable_rzz_QLayers_5___seed_1_1761468207
6967296,1-Training-Losses/explained_variance,0.5635819435119629,Pong1PQFM_XObs_entangled_trainable_rzz_QLayers_5___seed_1_1761468207
6971392,1-Training-Losses/explained_variance,0.6528306007385254,Pong1PQFM_XObs_entangled_trainable_rzz_QLayers_5___seed_1_1761468207
6975488,1-Training-Losses/explained_variance,0.6554111242294312,Pong1PQFM_XObs_entangled_trainable_rzz_QLayers_5___seed_1_1761468207
6979584,1-Training-Losses/explained_variance,0.4647858142852783,Pong1PQFM_XObs_entangled_trainable_rzz_QLayers_5___seed_1_1761468207
6983680,1-Training-Losses/explained_variance,0.5950244069099426,Pong1PQFM_XObs_entangled_trainable_rzz_QLayers_5___seed_1_1761468207
6987776,1-Training-Losses/explained_variance,0.419519305229187,Pong1PQFM_XObs_entangled_trainable_rzz_QLayers_5___seed_1_1761468207
6991872,1-Training-Losses/explained_variance,0.5474236607551575,Pong1PQFM_XObs_entangled_trainable_rzz_QLayers_5___seed_1_1761468207
6995968,1-Training-Losses/explained_variance,0.612623929977417,Pong1PQFM_XObs_entangled_trainable_rzz_QLayers_5___seed_1_1761468207
7000064,1-Training-Losses/explained_variance,0.5954685211181641,Pong1PQFM_XObs_entangled_trainable_rzz_QLayers_5___seed_1_1761468207
7004160,1-Training-Losses/explained_variance,0.5736857056617737,Pong1PQFM_XObs_entangled_trainable_rzz_QLayers_5___seed_1_1761468207
7008256,1-Training-Losses/explained_variance,0.5161471366882324,Pong1PQFM_XObs_entangled_trainable_rzz_QLayers_5___seed_1_1761468207
7012352,1-Training-Losses/explained_variance,0.7071422338485718,Pong1PQFM_XObs_entangled_trainable_rzz_QLayers_5___seed_1_1761468207
7016448,1-Training-Losses/explained_variance,0.6178039908409119,Pong1PQFM_XObs_entangled_trainable_rzz_QLayers_5___seed_1_1761468207
7020544,1-Training-Losses/explained_variance,0.46571946144104004,Pong1PQFM_XObs_entangled_trainable_rzz_QLayers_5___seed_1_1761468207
7024640,1-Training-Losses/explained_variance,0.45989036560058594,Pong1PQFM_XObs_entangled_trainable_rzz_QLayers_5___seed_1_1761468207
7028736,1-Training-Losses/explained_variance,0.4306935667991638,Pong1PQFM_XObs_entangled_trainable_rzz_QLayers_5___seed_1_1761468207
7032832,1-Training-Losses/explained_variance,0.680637001991272,Pong1PQFM_XObs_entangled_trainable_rzz_QLayers_5___seed_1_1761468207
7036928,1-Training-Losses/explained_variance,0.5283552408218384,Pong1PQFM_XObs_entangled_trainable_rzz_QLayers_5___seed_1_1761468207
7041024,1-Training-Losses/explained_variance,0.4752727150917053,Pong1PQFM_XObs_entangled_trainable_rzz_QLayers_5___seed_1_1761468207
7045120,1-Training-Losses/explained_variance,0.6237601041793823,Pong1PQFM_XObs_entangled_trainable_rzz_QLayers_5___seed_1_1761468207
7049216,1-Training-Losses/explained_variance,0.5859695672988892,Pong1PQFM_XObs_entangled_trainable_rzz_QLayers_5___seed_1_1761468207
7053312,1-Training-Losses/explained_variance,0.5205491781234741,Pong1PQFM_XObs_entangled_trainable_rzz_QLayers_5___seed_1_1761468207
7057408,1-Training-Losses/explained_variance,0.5647404193878174,Pong1PQFM_XObs_entangled_trainable_rzz_QLayers_5___seed_1_1761468207
7061504,1-Training-Losses/explained_variance,0.5430560111999512,Pong1PQFM_XObs_entangled_trainable_rzz_QLayers_5___seed_1_1761468207
7065600,1-Training-Losses/explained_variance,0.4703226089477539,Pong1PQFM_XObs_entangled_trainable_rzz_QLayers_5___seed_1_1761468207
7069696,1-Training-Losses/explained_variance,0.5113837718963623,Pong1PQFM_XObs_entangled_trainable_rzz_QLayers_5___seed_1_1761468207
7073792,1-Training-Losses/explained_variance,0.4937441349029541,Pong1PQFM_XObs_entangled_trainable_rzz_QLayers_5___seed_1_1761468207
7077888,1-Training-Losses/explained_variance,0.6787894368171692,Pong1PQFM_XObs_entangled_trainable_rzz_QLayers_5___seed_1_1761468207
7081984,1-Training-Losses/explained_variance,0.6526374816894531,Pong1PQFM_XObs_entangled_trainable_rzz_QLayers_5___seed_1_1761468207
7086080,1-Training-Losses/explained_variance,0.5557793378829956,Pong1PQFM_XObs_entangled_trainable_rzz_QLayers_5___seed_1_1761468207
7090176,1-Training-Losses/explained_variance,0.6807404160499573,Pong1PQFM_XObs_entangled_trainable_rzz_QLayers_5___seed_1_1761468207
7094272,1-Training-Losses/explained_variance,0.6247928142547607,Pong1PQFM_XObs_entangled_trainable_rzz_QLayers_5___seed_1_1761468207
7098368,1-Training-Losses/explained_variance,0.5366034507751465,Pong1PQFM_XObs_entangled_trainable_rzz_QLayers_5___seed_1_1761468207
7102464,1-Training-Losses/explained_variance,0.631940484046936,Pong1PQFM_XObs_entangled_trainable_rzz_QLayers_5___seed_1_1761468207
7106560,1-Training-Losses/explained_variance,0.49307405948638916,Pong1PQFM_XObs_entangled_trainable_rzz_QLayers_5___seed_1_1761468207
7110656,1-Training-Losses/explained_variance,0.44177156686782837,Pong1PQFM_XObs_entangled_trainable_rzz_QLayers_5___seed_1_1761468207
7114752,1-Training-Losses/explained_variance,0.6560901403427124,Pong1PQFM_XObs_entangled_trainable_rzz_QLayers_5___seed_1_1761468207
7118848,1-Training-Losses/explained_variance,0.5406093001365662,Pong1PQFM_XObs_entangled_trainable_rzz_QLayers_5___seed_1_1761468207
7122944,1-Training-Losses/explained_variance,0.5511102676391602,Pong1PQFM_XObs_entangled_trainable_rzz_QLayers_5___seed_1_1761468207
7127040,1-Training-Losses/explained_variance,0.6267757415771484,Pong1PQFM_XObs_entangled_trainable_rzz_QLayers_5___seed_1_1761468207
7131136,1-Training-Losses/explained_variance,0.6680073738098145,Pong1PQFM_XObs_entangled_trainable_rzz_QLayers_5___seed_1_1761468207
7135232,1-Training-Losses/explained_variance,0.6738224029541016,Pong1PQFM_XObs_entangled_trainable_rzz_QLayers_5___seed_1_1761468207
7139328,1-Training-Losses/explained_variance,0.612096905708313,Pong1PQFM_XObs_entangled_trainable_rzz_QLayers_5___seed_1_1761468207
7143424,1-Training-Losses/explained_variance,0.6511983275413513,Pong1PQFM_XObs_entangled_trainable_rzz_QLayers_5___seed_1_1761468207
7147520,1-Training-Losses/explained_variance,0.7148984670639038,Pong1PQFM_XObs_entangled_trainable_rzz_QLayers_5___seed_1_1761468207
7151616,1-Training-Losses/explained_variance,0.6098282337188721,Pong1PQFM_XObs_entangled_trainable_rzz_QLayers_5___seed_1_1761468207
7155712,1-Training-Losses/explained_variance,0.4675469994544983,Pong1PQFM_XObs_entangled_trainable_rzz_QLayers_5___seed_1_1761468207
7159808,1-Training-Losses/explained_variance,0.6959384679794312,Pong1PQFM_XObs_entangled_trainable_rzz_QLayers_5___seed_1_1761468207
7163904,1-Training-Losses/explained_variance,0.7256374359130859,Pong1PQFM_XObs_entangled_trainable_rzz_QLayers_5___seed_1_1761468207
7168000,1-Training-Losses/explained_variance,0.5717231631278992,Pong1PQFM_XObs_entangled_trainable_rzz_QLayers_5___seed_1_1761468207
7172096,1-Training-Losses/explained_variance,0.7163649797439575,Pong1PQFM_XObs_entangled_trainable_rzz_QLayers_5___seed_1_1761468207
7176192,1-Training-Losses/explained_variance,0.6975846290588379,Pong1PQFM_XObs_entangled_trainable_rzz_QLayers_5___seed_1_1761468207
7180288,1-Training-Losses/explained_variance,0.5166795253753662,Pong1PQFM_XObs_entangled_trainable_rzz_QLayers_5___seed_1_1761468207
7184384,1-Training-Losses/explained_variance,0.6179141402244568,Pong1PQFM_XObs_entangled_trainable_rzz_QLayers_5___seed_1_1761468207
7188480,1-Training-Losses/explained_variance,0.5462534427642822,Pong1PQFM_XObs_entangled_trainable_rzz_QLayers_5___seed_1_1761468207
7192576,1-Training-Losses/explained_variance,0.5759668350219727,Pong1PQFM_XObs_entangled_trainable_rzz_QLayers_5___seed_1_1761468207
7196672,1-Training-Losses/explained_variance,0.6175035238265991,Pong1PQFM_XObs_entangled_trainable_rzz_QLayers_5___seed_1_1761468207
7200768,1-Training-Losses/explained_variance,0.6264506578445435,Pong1PQFM_XObs_entangled_trainable_rzz_QLayers_5___seed_1_1761468207
7204864,1-Training-Losses/explained_variance,0.5160478949546814,Pong1PQFM_XObs_entangled_trainable_rzz_QLayers_5___seed_1_1761468207
7208960,1-Training-Losses/explained_variance,0.5875576734542847,Pong1PQFM_XObs_entangled_trainable_rzz_QLayers_5___seed_1_1761468207
7213056,1-Training-Losses/explained_variance,0.6492302417755127,Pong1PQFM_XObs_entangled_trainable_rzz_QLayers_5___seed_1_1761468207
7217152,1-Training-Losses/explained_variance,0.6472068428993225,Pong1PQFM_XObs_entangled_trainable_rzz_QLayers_5___seed_1_1761468207
7221248,1-Training-Losses/explained_variance,0.7003305554389954,Pong1PQFM_XObs_entangled_trainable_rzz_QLayers_5___seed_1_1761468207
7225344,1-Training-Losses/explained_variance,0.6594927310943604,Pong1PQFM_XObs_entangled_trainable_rzz_QLayers_5___seed_1_1761468207
7229440,1-Training-Losses/explained_variance,0.5211042165756226,Pong1PQFM_XObs_entangled_trainable_rzz_QLayers_5___seed_1_1761468207
7233536,1-Training-Losses/explained_variance,0.549235463142395,Pong1PQFM_XObs_entangled_trainable_rzz_QLayers_5___seed_1_1761468207
7237632,1-Training-Losses/explained_variance,0.664684534072876,Pong1PQFM_XObs_entangled_trainable_rzz_QLayers_5___seed_1_1761468207
7241728,1-Training-Losses/explained_variance,0.7684338092803955,Pong1PQFM_XObs_entangled_trainable_rzz_QLayers_5___seed_1_1761468207
7245824,1-Training-Losses/explained_variance,0.6625884771347046,Pong1PQFM_XObs_entangled_trainable_rzz_QLayers_5___seed_1_1761468207
7249920,1-Training-Losses/explained_variance,0.49761104583740234,Pong1PQFM_XObs_entangled_trainable_rzz_QLayers_5___seed_1_1761468207
7254016,1-Training-Losses/explained_variance,0.6994398236274719,Pong1PQFM_XObs_entangled_trainable_rzz_QLayers_5___seed_1_1761468207
7258112,1-Training-Losses/explained_variance,0.6978390216827393,Pong1PQFM_XObs_entangled_trainable_rzz_QLayers_5___seed_1_1761468207
7262208,1-Training-Losses/explained_variance,0.5811709761619568,Pong1PQFM_XObs_entangled_trainable_rzz_QLayers_5___seed_1_1761468207
7266304,1-Training-Losses/explained_variance,0.709335207939148,Pong1PQFM_XObs_entangled_trainable_rzz_QLayers_5___seed_1_1761468207
7270400,1-Training-Losses/explained_variance,0.6592849493026733,Pong1PQFM_XObs_entangled_trainable_rzz_QLayers_5___seed_1_1761468207
7274496,1-Training-Losses/explained_variance,0.7377398014068604,Pong1PQFM_XObs_entangled_trainable_rzz_QLayers_5___seed_1_1761468207
7278592,1-Training-Losses/explained_variance,0.46880006790161133,Pong1PQFM_XObs_entangled_trainable_rzz_QLayers_5___seed_1_1761468207
7282688,1-Training-Losses/explained_variance,0.7547968029975891,Pong1PQFM_XObs_entangled_trainable_rzz_QLayers_5___seed_1_1761468207
7286784,1-Training-Losses/explained_variance,0.6339409947395325,Pong1PQFM_XObs_entangled_trainable_rzz_QLayers_5___seed_1_1761468207
7290880,1-Training-Losses/explained_variance,0.6860769987106323,Pong1PQFM_XObs_entangled_trainable_rzz_QLayers_5___seed_1_1761468207
7294976,1-Training-Losses/explained_variance,0.6969305872917175,Pong1PQFM_XObs_entangled_trainable_rzz_QLayers_5___seed_1_1761468207
7299072,1-Training-Losses/explained_variance,0.6115831136703491,Pong1PQFM_XObs_entangled_trainable_rzz_QLayers_5___seed_1_1761468207
7303168,1-Training-Losses/explained_variance,0.6461431384086609,Pong1PQFM_XObs_entangled_trainable_rzz_QLayers_5___seed_1_1761468207
7307264,1-Training-Losses/explained_variance,0.5735586881637573,Pong1PQFM_XObs_entangled_trainable_rzz_QLayers_5___seed_1_1761468207
7311360,1-Training-Losses/explained_variance,0.5626899600028992,Pong1PQFM_XObs_entangled_trainable_rzz_QLayers_5___seed_1_1761468207
7315456,1-Training-Losses/explained_variance,0.5680259466171265,Pong1PQFM_XObs_entangled_trainable_rzz_QLayers_5___seed_1_1761468207
7319552,1-Training-Losses/explained_variance,0.6997137069702148,Pong1PQFM_XObs_entangled_trainable_rzz_QLayers_5___seed_1_1761468207
7323648,1-Training-Losses/explained_variance,0.5082210302352905,Pong1PQFM_XObs_entangled_trainable_rzz_QLayers_5___seed_1_1761468207
7327744,1-Training-Losses/explained_variance,0.6783154606819153,Pong1PQFM_XObs_entangled_trainable_rzz_QLayers_5___seed_1_1761468207
7331840,1-Training-Losses/explained_variance,0.6938242316246033,Pong1PQFM_XObs_entangled_trainable_rzz_QLayers_5___seed_1_1761468207
7335936,1-Training-Losses/explained_variance,0.6005765199661255,Pong1PQFM_XObs_entangled_trainable_rzz_QLayers_5___seed_1_1761468207
7340032,1-Training-Losses/explained_variance,0.6851662397384644,Pong1PQFM_XObs_entangled_trainable_rzz_QLayers_5___seed_1_1761468207
7344128,1-Training-Losses/explained_variance,0.5893247127532959,Pong1PQFM_XObs_entangled_trainable_rzz_QLayers_5___seed_1_1761468207
7348224,1-Training-Losses/explained_variance,0.7424694299697876,Pong1PQFM_XObs_entangled_trainable_rzz_QLayers_5___seed_1_1761468207
7352320,1-Training-Losses/explained_variance,0.6186085939407349,Pong1PQFM_XObs_entangled_trainable_rzz_QLayers_5___seed_1_1761468207
7356416,1-Training-Losses/explained_variance,0.6106164455413818,Pong1PQFM_XObs_entangled_trainable_rzz_QLayers_5___seed_1_1761468207
7360512,1-Training-Losses/explained_variance,0.6781949996948242,Pong1PQFM_XObs_entangled_trainable_rzz_QLayers_5___seed_1_1761468207
7364608,1-Training-Losses/explained_variance,0.6093421578407288,Pong1PQFM_XObs_entangled_trainable_rzz_QLayers_5___seed_1_1761468207
7368704,1-Training-Losses/explained_variance,0.5413018465042114,Pong1PQFM_XObs_entangled_trainable_rzz_QLayers_5___seed_1_1761468207
7372800,1-Training-Losses/explained_variance,0.6163594126701355,Pong1PQFM_XObs_entangled_trainable_rzz_QLayers_5___seed_1_1761468207
7376896,1-Training-Losses/explained_variance,0.7979626655578613,Pong1PQFM_XObs_entangled_trainable_rzz_QLayers_5___seed_1_1761468207
7380992,1-Training-Losses/explained_variance,0.6104968786239624,Pong1PQFM_XObs_entangled_trainable_rzz_QLayers_5___seed_1_1761468207
7385088,1-Training-Losses/explained_variance,0.770146369934082,Pong1PQFM_XObs_entangled_trainable_rzz_QLayers_5___seed_1_1761468207
7389184,1-Training-Losses/explained_variance,0.5953623056411743,Pong1PQFM_XObs_entangled_trainable_rzz_QLayers_5___seed_1_1761468207
7393280,1-Training-Losses/explained_variance,0.5913578271865845,Pong1PQFM_XObs_entangled_trainable_rzz_QLayers_5___seed_1_1761468207
7397376,1-Training-Losses/explained_variance,0.6749987602233887,Pong1PQFM_XObs_entangled_trainable_rzz_QLayers_5___seed_1_1761468207
7401472,1-Training-Losses/explained_variance,0.6363623142242432,Pong1PQFM_XObs_entangled_trainable_rzz_QLayers_5___seed_1_1761468207
7405568,1-Training-Losses/explained_variance,0.6743897199630737,Pong1PQFM_XObs_entangled_trainable_rzz_QLayers_5___seed_1_1761468207
7409664,1-Training-Losses/explained_variance,0.7341527938842773,Pong1PQFM_XObs_entangled_trainable_rzz_QLayers_5___seed_1_1761468207
7413760,1-Training-Losses/explained_variance,0.6293843984603882,Pong1PQFM_XObs_entangled_trainable_rzz_QLayers_5___seed_1_1761468207
7417856,1-Training-Losses/explained_variance,0.6215472221374512,Pong1PQFM_XObs_entangled_trainable_rzz_QLayers_5___seed_1_1761468207
7421952,1-Training-Losses/explained_variance,0.6732842922210693,Pong1PQFM_XObs_entangled_trainable_rzz_QLayers_5___seed_1_1761468207
7426048,1-Training-Losses/explained_variance,0.6256371736526489,Pong1PQFM_XObs_entangled_trainable_rzz_QLayers_5___seed_1_1761468207
7430144,1-Training-Losses/explained_variance,0.6303398609161377,Pong1PQFM_XObs_entangled_trainable_rzz_QLayers_5___seed_1_1761468207
7434240,1-Training-Losses/explained_variance,0.6785047054290771,Pong1PQFM_XObs_entangled_trainable_rzz_QLayers_5___seed_1_1761468207
7438336,1-Training-Losses/explained_variance,0.6374950408935547,Pong1PQFM_XObs_entangled_trainable_rzz_QLayers_5___seed_1_1761468207
7442432,1-Training-Losses/explained_variance,0.721985399723053,Pong1PQFM_XObs_entangled_trainable_rzz_QLayers_5___seed_1_1761468207
7446528,1-Training-Losses/explained_variance,0.6568617820739746,Pong1PQFM_XObs_entangled_trainable_rzz_QLayers_5___seed_1_1761468207
7450624,1-Training-Losses/explained_variance,0.7643964290618896,Pong1PQFM_XObs_entangled_trainable_rzz_QLayers_5___seed_1_1761468207
7454720,1-Training-Losses/explained_variance,0.7705641984939575,Pong1PQFM_XObs_entangled_trainable_rzz_QLayers_5___seed_1_1761468207
7458816,1-Training-Losses/explained_variance,0.7071152925491333,Pong1PQFM_XObs_entangled_trainable_rzz_QLayers_5___seed_1_1761468207
7462912,1-Training-Losses/explained_variance,0.7392656803131104,Pong1PQFM_XObs_entangled_trainable_rzz_QLayers_5___seed_1_1761468207
7467008,1-Training-Losses/explained_variance,0.5767568945884705,Pong1PQFM_XObs_entangled_trainable_rzz_QLayers_5___seed_1_1761468207
7471104,1-Training-Losses/explained_variance,0.616596519947052,Pong1PQFM_XObs_entangled_trainable_rzz_QLayers_5___seed_1_1761468207
7475200,1-Training-Losses/explained_variance,0.5874663591384888,Pong1PQFM_XObs_entangled_trainable_rzz_QLayers_5___seed_1_1761468207
7479296,1-Training-Losses/explained_variance,0.7853279113769531,Pong1PQFM_XObs_entangled_trainable_rzz_QLayers_5___seed_1_1761468207
7483392,1-Training-Losses/explained_variance,0.6596417427062988,Pong1PQFM_XObs_entangled_trainable_rzz_QLayers_5___seed_1_1761468207
7487488,1-Training-Losses/explained_variance,0.725767970085144,Pong1PQFM_XObs_entangled_trainable_rzz_QLayers_5___seed_1_1761468207
7491584,1-Training-Losses/explained_variance,0.5705610513687134,Pong1PQFM_XObs_entangled_trainable_rzz_QLayers_5___seed_1_1761468207
7495680,1-Training-Losses/explained_variance,0.5330371856689453,Pong1PQFM_XObs_entangled_trainable_rzz_QLayers_5___seed_1_1761468207
7499776,1-Training-Losses/explained_variance,0.511339545249939,Pong1PQFM_XObs_entangled_trainable_rzz_QLayers_5___seed_1_1761468207
7503872,1-Training-Losses/explained_variance,0.5389811992645264,Pong1PQFM_XObs_entangled_trainable_rzz_QLayers_5___seed_1_1761468207
7507968,1-Training-Losses/explained_variance,0.588152289390564,Pong1PQFM_XObs_entangled_trainable_rzz_QLayers_5___seed_1_1761468207
7512064,1-Training-Losses/explained_variance,0.7259451150894165,Pong1PQFM_XObs_entangled_trainable_rzz_QLayers_5___seed_1_1761468207
7516160,1-Training-Losses/explained_variance,0.7632832527160645,Pong1PQFM_XObs_entangled_trainable_rzz_QLayers_5___seed_1_1761468207
7520256,1-Training-Losses/explained_variance,0.7423785328865051,Pong1PQFM_XObs_entangled_trainable_rzz_QLayers_5___seed_1_1761468207
7524352,1-Training-Losses/explained_variance,0.6859771013259888,Pong1PQFM_XObs_entangled_trainable_rzz_QLayers_5___seed_1_1761468207
7528448,1-Training-Losses/explained_variance,0.5886196494102478,Pong1PQFM_XObs_entangled_trainable_rzz_QLayers_5___seed_1_1761468207
7532544,1-Training-Losses/explained_variance,0.5041560530662537,Pong1PQFM_XObs_entangled_trainable_rzz_QLayers_5___seed_1_1761468207
7536640,1-Training-Losses/explained_variance,0.7566455602645874,Pong1PQFM_XObs_entangled_trainable_rzz_QLayers_5___seed_1_1761468207
7540736,1-Training-Losses/explained_variance,0.6778692007064819,Pong1PQFM_XObs_entangled_trainable_rzz_QLayers_5___seed_1_1761468207
7544832,1-Training-Losses/explained_variance,0.620381236076355,Pong1PQFM_XObs_entangled_trainable_rzz_QLayers_5___seed_1_1761468207
7548928,1-Training-Losses/explained_variance,0.5604158639907837,Pong1PQFM_XObs_entangled_trainable_rzz_QLayers_5___seed_1_1761468207
7553024,1-Training-Losses/explained_variance,0.6408761739730835,Pong1PQFM_XObs_entangled_trainable_rzz_QLayers_5___seed_1_1761468207
7557120,1-Training-Losses/explained_variance,0.7437561750411987,Pong1PQFM_XObs_entangled_trainable_rzz_QLayers_5___seed_1_1761468207
7561216,1-Training-Losses/explained_variance,0.7215006351470947,Pong1PQFM_XObs_entangled_trainable_rzz_QLayers_5___seed_1_1761468207
7565312,1-Training-Losses/explained_variance,0.5846177339553833,Pong1PQFM_XObs_entangled_trainable_rzz_QLayers_5___seed_1_1761468207
7569408,1-Training-Losses/explained_variance,0.6839895248413086,Pong1PQFM_XObs_entangled_trainable_rzz_QLayers_5___seed_1_1761468207
7573504,1-Training-Losses/explained_variance,0.737052321434021,Pong1PQFM_XObs_entangled_trainable_rzz_QLayers_5___seed_1_1761468207
7577600,1-Training-Losses/explained_variance,0.8103076219558716,Pong1PQFM_XObs_entangled_trainable_rzz_QLayers_5___seed_1_1761468207
7581696,1-Training-Losses/explained_variance,0.7514477372169495,Pong1PQFM_XObs_entangled_trainable_rzz_QLayers_5___seed_1_1761468207
7585792,1-Training-Losses/explained_variance,0.6839690208435059,Pong1PQFM_XObs_entangled_trainable_rzz_QLayers_5___seed_1_1761468207
7589888,1-Training-Losses/explained_variance,0.7235124111175537,Pong1PQFM_XObs_entangled_trainable_rzz_QLayers_5___seed_1_1761468207
7593984,1-Training-Losses/explained_variance,0.7246137261390686,Pong1PQFM_XObs_entangled_trainable_rzz_QLayers_5___seed_1_1761468207
7598080,1-Training-Losses/explained_variance,0.814051628112793,Pong1PQFM_XObs_entangled_trainable_rzz_QLayers_5___seed_1_1761468207
7602176,1-Training-Losses/explained_variance,0.7628904581069946,Pong1PQFM_XObs_entangled_trainable_rzz_QLayers_5___seed_1_1761468207
7606272,1-Training-Losses/explained_variance,0.5580790042877197,Pong1PQFM_XObs_entangled_trainable_rzz_QLayers_5___seed_1_1761468207
7610368,1-Training-Losses/explained_variance,0.693861722946167,Pong1PQFM_XObs_entangled_trainable_rzz_QLayers_5___seed_1_1761468207
7614464,1-Training-Losses/explained_variance,0.5634223818778992,Pong1PQFM_XObs_entangled_trainable_rzz_QLayers_5___seed_1_1761468207
7618560,1-Training-Losses/explained_variance,0.6909022331237793,Pong1PQFM_XObs_entangled_trainable_rzz_QLayers_5___seed_1_1761468207
7622656,1-Training-Losses/explained_variance,0.7110145092010498,Pong1PQFM_XObs_entangled_trainable_rzz_QLayers_5___seed_1_1761468207
7626752,1-Training-Losses/explained_variance,0.6874443292617798,Pong1PQFM_XObs_entangled_trainable_rzz_QLayers_5___seed_1_1761468207
7630848,1-Training-Losses/explained_variance,0.7589837312698364,Pong1PQFM_XObs_entangled_trainable_rzz_QLayers_5___seed_1_1761468207
7634944,1-Training-Losses/explained_variance,0.7109417915344238,Pong1PQFM_XObs_entangled_trainable_rzz_QLayers_5___seed_1_1761468207
7639040,1-Training-Losses/explained_variance,0.7087311744689941,Pong1PQFM_XObs_entangled_trainable_rzz_QLayers_5___seed_1_1761468207
7643136,1-Training-Losses/explained_variance,0.5987210273742676,Pong1PQFM_XObs_entangled_trainable_rzz_QLayers_5___seed_1_1761468207
7647232,1-Training-Losses/explained_variance,0.7458209991455078,Pong1PQFM_XObs_entangled_trainable_rzz_QLayers_5___seed_1_1761468207
7651328,1-Training-Losses/explained_variance,0.7626843452453613,Pong1PQFM_XObs_entangled_trainable_rzz_QLayers_5___seed_1_1761468207
7655424,1-Training-Losses/explained_variance,0.7311326265335083,Pong1PQFM_XObs_entangled_trainable_rzz_QLayers_5___seed_1_1761468207
7659520,1-Training-Losses/explained_variance,0.6302119493484497,Pong1PQFM_XObs_entangled_trainable_rzz_QLayers_5___seed_1_1761468207
7663616,1-Training-Losses/explained_variance,0.7314130067825317,Pong1PQFM_XObs_entangled_trainable_rzz_QLayers_5___seed_1_1761468207
7667712,1-Training-Losses/explained_variance,0.7871930599212646,Pong1PQFM_XObs_entangled_trainable_rzz_QLayers_5___seed_1_1761468207
7671808,1-Training-Losses/explained_variance,0.776606559753418,Pong1PQFM_XObs_entangled_trainable_rzz_QLayers_5___seed_1_1761468207
7675904,1-Training-Losses/explained_variance,0.8306761384010315,Pong1PQFM_XObs_entangled_trainable_rzz_QLayers_5___seed_1_1761468207
7680000,1-Training-Losses/explained_variance,0.7827139496803284,Pong1PQFM_XObs_entangled_trainable_rzz_QLayers_5___seed_1_1761468207
7684096,1-Training-Losses/explained_variance,0.7314236164093018,Pong1PQFM_XObs_entangled_trainable_rzz_QLayers_5___seed_1_1761468207
7688192,1-Training-Losses/explained_variance,0.672800600528717,Pong1PQFM_XObs_entangled_trainable_rzz_QLayers_5___seed_1_1761468207
7692288,1-Training-Losses/explained_variance,0.6405175924301147,Pong1PQFM_XObs_entangled_trainable_rzz_QLayers_5___seed_1_1761468207
7696384,1-Training-Losses/explained_variance,0.6355003714561462,Pong1PQFM_XObs_entangled_trainable_rzz_QLayers_5___seed_1_1761468207
7700480,1-Training-Losses/explained_variance,0.6971601247787476,Pong1PQFM_XObs_entangled_trainable_rzz_QLayers_5___seed_1_1761468207
7704576,1-Training-Losses/explained_variance,0.5219171047210693,Pong1PQFM_XObs_entangled_trainable_rzz_QLayers_5___seed_1_1761468207
7708672,1-Training-Losses/explained_variance,0.6252657175064087,Pong1PQFM_XObs_entangled_trainable_rzz_QLayers_5___seed_1_1761468207
7712768,1-Training-Losses/explained_variance,0.3957896828651428,Pong1PQFM_XObs_entangled_trainable_rzz_QLayers_5___seed_1_1761468207
7716864,1-Training-Losses/explained_variance,0.7164139747619629,Pong1PQFM_XObs_entangled_trainable_rzz_QLayers_5___seed_1_1761468207
7720960,1-Training-Losses/explained_variance,0.5786886215209961,Pong1PQFM_XObs_entangled_trainable_rzz_QLayers_5___seed_1_1761468207
7725056,1-Training-Losses/explained_variance,0.6539121270179749,Pong1PQFM_XObs_entangled_trainable_rzz_QLayers_5___seed_1_1761468207
7729152,1-Training-Losses/explained_variance,0.7548044919967651,Pong1PQFM_XObs_entangled_trainable_rzz_QLayers_5___seed_1_1761468207
7733248,1-Training-Losses/explained_variance,0.7357892990112305,Pong1PQFM_XObs_entangled_trainable_rzz_QLayers_5___seed_1_1761468207
7737344,1-Training-Losses/explained_variance,0.6881722807884216,Pong1PQFM_XObs_entangled_trainable_rzz_QLayers_5___seed_1_1761468207
7741440,1-Training-Losses/explained_variance,0.7292734980583191,Pong1PQFM_XObs_entangled_trainable_rzz_QLayers_5___seed_1_1761468207
7745536,1-Training-Losses/explained_variance,0.6393449306488037,Pong1PQFM_XObs_entangled_trainable_rzz_QLayers_5___seed_1_1761468207
7749632,1-Training-Losses/explained_variance,0.6888167858123779,Pong1PQFM_XObs_entangled_trainable_rzz_QLayers_5___seed_1_1761468207
7753728,1-Training-Losses/explained_variance,0.6681633591651917,Pong1PQFM_XObs_entangled_trainable_rzz_QLayers_5___seed_1_1761468207
7757824,1-Training-Losses/explained_variance,0.7664245367050171,Pong1PQFM_XObs_entangled_trainable_rzz_QLayers_5___seed_1_1761468207
7761920,1-Training-Losses/explained_variance,0.745732843875885,Pong1PQFM_XObs_entangled_trainable_rzz_QLayers_5___seed_1_1761468207
7766016,1-Training-Losses/explained_variance,0.6939306259155273,Pong1PQFM_XObs_entangled_trainable_rzz_QLayers_5___seed_1_1761468207
7770112,1-Training-Losses/explained_variance,0.6625714898109436,Pong1PQFM_XObs_entangled_trainable_rzz_QLayers_5___seed_1_1761468207
7774208,1-Training-Losses/explained_variance,0.7116904258728027,Pong1PQFM_XObs_entangled_trainable_rzz_QLayers_5___seed_1_1761468207
7778304,1-Training-Losses/explained_variance,0.7755835652351379,Pong1PQFM_XObs_entangled_trainable_rzz_QLayers_5___seed_1_1761468207
7782400,1-Training-Losses/explained_variance,0.6784945130348206,Pong1PQFM_XObs_entangled_trainable_rzz_QLayers_5___seed_1_1761468207
7786496,1-Training-Losses/explained_variance,0.7202976942062378,Pong1PQFM_XObs_entangled_trainable_rzz_QLayers_5___seed_1_1761468207
7790592,1-Training-Losses/explained_variance,0.7534283399581909,Pong1PQFM_XObs_entangled_trainable_rzz_QLayers_5___seed_1_1761468207
7794688,1-Training-Losses/explained_variance,0.7435365915298462,Pong1PQFM_XObs_entangled_trainable_rzz_QLayers_5___seed_1_1761468207
7798784,1-Training-Losses/explained_variance,0.7383741736412048,Pong1PQFM_XObs_entangled_trainable_rzz_QLayers_5___seed_1_1761468207
7802880,1-Training-Losses/explained_variance,0.70351243019104,Pong1PQFM_XObs_entangled_trainable_rzz_QLayers_5___seed_1_1761468207
7806976,1-Training-Losses/explained_variance,0.6532249450683594,Pong1PQFM_XObs_entangled_trainable_rzz_QLayers_5___seed_1_1761468207
7811072,1-Training-Losses/explained_variance,0.7766090631484985,Pong1PQFM_XObs_entangled_trainable_rzz_QLayers_5___seed_1_1761468207
7815168,1-Training-Losses/explained_variance,0.7394318580627441,Pong1PQFM_XObs_entangled_trainable_rzz_QLayers_5___seed_1_1761468207
7819264,1-Training-Losses/explained_variance,0.7444993853569031,Pong1PQFM_XObs_entangled_trainable_rzz_QLayers_5___seed_1_1761468207
7823360,1-Training-Losses/explained_variance,0.6728682518005371,Pong1PQFM_XObs_entangled_trainable_rzz_QLayers_5___seed_1_1761468207
7827456,1-Training-Losses/explained_variance,0.7048546075820923,Pong1PQFM_XObs_entangled_trainable_rzz_QLayers_5___seed_1_1761468207
7831552,1-Training-Losses/explained_variance,0.6017191410064697,Pong1PQFM_XObs_entangled_trainable_rzz_QLayers_5___seed_1_1761468207
7835648,1-Training-Losses/explained_variance,0.6981127262115479,Pong1PQFM_XObs_entangled_trainable_rzz_QLayers_5___seed_1_1761468207
7839744,1-Training-Losses/explained_variance,0.7731153964996338,Pong1PQFM_XObs_entangled_trainable_rzz_QLayers_5___seed_1_1761468207
7843840,1-Training-Losses/explained_variance,0.7426460981369019,Pong1PQFM_XObs_entangled_trainable_rzz_QLayers_5___seed_1_1761468207
7847936,1-Training-Losses/explained_variance,0.7572834491729736,Pong1PQFM_XObs_entangled_trainable_rzz_QLayers_5___seed_1_1761468207
7852032,1-Training-Losses/explained_variance,0.7584667801856995,Pong1PQFM_XObs_entangled_trainable_rzz_QLayers_5___seed_1_1761468207
7856128,1-Training-Losses/explained_variance,0.7347774505615234,Pong1PQFM_XObs_entangled_trainable_rzz_QLayers_5___seed_1_1761468207
7860224,1-Training-Losses/explained_variance,0.5890032052993774,Pong1PQFM_XObs_entangled_trainable_rzz_QLayers_5___seed_1_1761468207
7864320,1-Training-Losses/explained_variance,0.7205386161804199,Pong1PQFM_XObs_entangled_trainable_rzz_QLayers_5___seed_1_1761468207
7868416,1-Training-Losses/explained_variance,0.44342130422592163,Pong1PQFM_XObs_entangled_trainable_rzz_QLayers_5___seed_1_1761468207
7872512,1-Training-Losses/explained_variance,0.7062143683433533,Pong1PQFM_XObs_entangled_trainable_rzz_QLayers_5___seed_1_1761468207
7876608,1-Training-Losses/explained_variance,0.6813825964927673,Pong1PQFM_XObs_entangled_trainable_rzz_QLayers_5___seed_1_1761468207
7880704,1-Training-Losses/explained_variance,0.7758398652076721,Pong1PQFM_XObs_entangled_trainable_rzz_QLayers_5___seed_1_1761468207
7884800,1-Training-Losses/explained_variance,0.6650160551071167,Pong1PQFM_XObs_entangled_trainable_rzz_QLayers_5___seed_1_1761468207
7888896,1-Training-Losses/explained_variance,0.7246906757354736,Pong1PQFM_XObs_entangled_trainable_rzz_QLayers_5___seed_1_1761468207
7892992,1-Training-Losses/explained_variance,0.7167087197303772,Pong1PQFM_XObs_entangled_trainable_rzz_QLayers_5___seed_1_1761468207
7897088,1-Training-Losses/explained_variance,0.7346912622451782,Pong1PQFM_XObs_entangled_trainable_rzz_QLayers_5___seed_1_1761468207
7901184,1-Training-Losses/explained_variance,0.7423502206802368,Pong1PQFM_XObs_entangled_trainable_rzz_QLayers_5___seed_1_1761468207
7905280,1-Training-Losses/explained_variance,0.7379947304725647,Pong1PQFM_XObs_entangled_trainable_rzz_QLayers_5___seed_1_1761468207
7909376,1-Training-Losses/explained_variance,0.7464057803153992,Pong1PQFM_XObs_entangled_trainable_rzz_QLayers_5___seed_1_1761468207
7913472,1-Training-Losses/explained_variance,0.7197979688644409,Pong1PQFM_XObs_entangled_trainable_rzz_QLayers_5___seed_1_1761468207
7917568,1-Training-Losses/explained_variance,0.8022873401641846,Pong1PQFM_XObs_entangled_trainable_rzz_QLayers_5___seed_1_1761468207
7921664,1-Training-Losses/explained_variance,0.7247552871704102,Pong1PQFM_XObs_entangled_trainable_rzz_QLayers_5___seed_1_1761468207
7925760,1-Training-Losses/explained_variance,0.7535721063613892,Pong1PQFM_XObs_entangled_trainable_rzz_QLayers_5___seed_1_1761468207
7929856,1-Training-Losses/explained_variance,0.7445529699325562,Pong1PQFM_XObs_entangled_trainable_rzz_QLayers_5___seed_1_1761468207
7933952,1-Training-Losses/explained_variance,0.7661290168762207,Pong1PQFM_XObs_entangled_trainable_rzz_QLayers_5___seed_1_1761468207
7938048,1-Training-Losses/explained_variance,0.7882797718048096,Pong1PQFM_XObs_entangled_trainable_rzz_QLayers_5___seed_1_1761468207
7942144,1-Training-Losses/explained_variance,0.7004661560058594,Pong1PQFM_XObs_entangled_trainable_rzz_QLayers_5___seed_1_1761468207
7946240,1-Training-Losses/explained_variance,0.7747132182121277,Pong1PQFM_XObs_entangled_trainable_rzz_QLayers_5___seed_1_1761468207
7950336,1-Training-Losses/explained_variance,0.7048863172531128,Pong1PQFM_XObs_entangled_trainable_rzz_QLayers_5___seed_1_1761468207
7954432,1-Training-Losses/explained_variance,0.762921154499054,Pong1PQFM_XObs_entangled_trainable_rzz_QLayers_5___seed_1_1761468207
7958528,1-Training-Losses/explained_variance,0.725726842880249,Pong1PQFM_XObs_entangled_trainable_rzz_QLayers_5___seed_1_1761468207
7962624,1-Training-Losses/explained_variance,0.649671733379364,Pong1PQFM_XObs_entangled_trainable_rzz_QLayers_5___seed_1_1761468207
7966720,1-Training-Losses/explained_variance,0.5889111161231995,Pong1PQFM_XObs_entangled_trainable_rzz_QLayers_5___seed_1_1761468207
7970816,1-Training-Losses/explained_variance,0.6355236768722534,Pong1PQFM_XObs_entangled_trainable_rzz_QLayers_5___seed_1_1761468207
7974912,1-Training-Losses/explained_variance,0.7629765272140503,Pong1PQFM_XObs_entangled_trainable_rzz_QLayers_5___seed_1_1761468207
7979008,1-Training-Losses/explained_variance,0.779901385307312,Pong1PQFM_XObs_entangled_trainable_rzz_QLayers_5___seed_1_1761468207
7983104,1-Training-Losses/explained_variance,0.6439241170883179,Pong1PQFM_XObs_entangled_trainable_rzz_QLayers_5___seed_1_1761468207
7987200,1-Training-Losses/explained_variance,0.6904399394989014,Pong1PQFM_XObs_entangled_trainable_rzz_QLayers_5___seed_1_1761468207
7991296,1-Training-Losses/explained_variance,0.5938178300857544,Pong1PQFM_XObs_entangled_trainable_rzz_QLayers_5___seed_1_1761468207
7995392,1-Training-Losses/explained_variance,0.7028080224990845,Pong1PQFM_XObs_entangled_trainable_rzz_QLayers_5___seed_1_1761468207
7999488,1-Training-Losses/explained_variance,0.7461050748825073,Pong1PQFM_XObs_entangled_trainable_rzz_QLayers_5___seed_1_1761468207
8003584,1-Training-Losses/explained_variance,0.7749434113502502,Pong1PQFM_XObs_entangled_trainable_rzz_QLayers_5___seed_1_1761468207
8007680,1-Training-Losses/explained_variance,0.7522350549697876,Pong1PQFM_XObs_entangled_trainable_rzz_QLayers_5___seed_1_1761468207
8011776,1-Training-Losses/explained_variance,0.6591289043426514,Pong1PQFM_XObs_entangled_trainable_rzz_QLayers_5___seed_1_1761468207
8015872,1-Training-Losses/explained_variance,0.7363572120666504,Pong1PQFM_XObs_entangled_trainable_rzz_QLayers_5___seed_1_1761468207
8019968,1-Training-Losses/explained_variance,0.7750531435012817,Pong1PQFM_XObs_entangled_trainable_rzz_QLayers_5___seed_1_1761468207
8024064,1-Training-Losses/explained_variance,0.599306583404541,Pong1PQFM_XObs_entangled_trainable_rzz_QLayers_5___seed_1_1761468207
8028160,1-Training-Losses/explained_variance,0.6708098649978638,Pong1PQFM_XObs_entangled_trainable_rzz_QLayers_5___seed_1_1761468207
8032256,1-Training-Losses/explained_variance,0.7528678178787231,Pong1PQFM_XObs_entangled_trainable_rzz_QLayers_5___seed_1_1761468207
8036352,1-Training-Losses/explained_variance,0.7269712686538696,Pong1PQFM_XObs_entangled_trainable_rzz_QLayers_5___seed_1_1761468207
8040448,1-Training-Losses/explained_variance,0.46182143688201904,Pong1PQFM_XObs_entangled_trainable_rzz_QLayers_5___seed_1_1761468207
8044544,1-Training-Losses/explained_variance,0.7393730878829956,Pong1PQFM_XObs_entangled_trainable_rzz_QLayers_5___seed_1_1761468207
8048640,1-Training-Losses/explained_variance,0.6798224449157715,Pong1PQFM_XObs_entangled_trainable_rzz_QLayers_5___seed_1_1761468207
8052736,1-Training-Losses/explained_variance,0.7596791982650757,Pong1PQFM_XObs_entangled_trainable_rzz_QLayers_5___seed_1_1761468207
8056832,1-Training-Losses/explained_variance,0.7534041404724121,Pong1PQFM_XObs_entangled_trainable_rzz_QLayers_5___seed_1_1761468207
8060928,1-Training-Losses/explained_variance,0.7242580056190491,Pong1PQFM_XObs_entangled_trainable_rzz_QLayers_5___seed_1_1761468207
8065024,1-Training-Losses/explained_variance,0.6796085238456726,Pong1PQFM_XObs_entangled_trainable_rzz_QLayers_5___seed_1_1761468207
8069120,1-Training-Losses/explained_variance,0.6753199100494385,Pong1PQFM_XObs_entangled_trainable_rzz_QLayers_5___seed_1_1761468207
8073216,1-Training-Losses/explained_variance,0.7309924364089966,Pong1PQFM_XObs_entangled_trainable_rzz_QLayers_5___seed_1_1761468207
8077312,1-Training-Losses/explained_variance,0.6439923048019409,Pong1PQFM_XObs_entangled_trainable_rzz_QLayers_5___seed_1_1761468207
8081408,1-Training-Losses/explained_variance,0.8195838928222656,Pong1PQFM_XObs_entangled_trainable_rzz_QLayers_5___seed_1_1761468207
8085504,1-Training-Losses/explained_variance,0.6861411929130554,Pong1PQFM_XObs_entangled_trainable_rzz_QLayers_5___seed_1_1761468207
8089600,1-Training-Losses/explained_variance,0.6384727954864502,Pong1PQFM_XObs_entangled_trainable_rzz_QLayers_5___seed_1_1761468207
8093696,1-Training-Losses/explained_variance,0.781250536441803,Pong1PQFM_XObs_entangled_trainable_rzz_QLayers_5___seed_1_1761468207
8097792,1-Training-Losses/explained_variance,0.8166449069976807,Pong1PQFM_XObs_entangled_trainable_rzz_QLayers_5___seed_1_1761468207
8101888,1-Training-Losses/explained_variance,0.7716238498687744,Pong1PQFM_XObs_entangled_trainable_rzz_QLayers_5___seed_1_1761468207
8105984,1-Training-Losses/explained_variance,0.6446422338485718,Pong1PQFM_XObs_entangled_trainable_rzz_QLayers_5___seed_1_1761468207
8110080,1-Training-Losses/explained_variance,0.6843433976173401,Pong1PQFM_XObs_entangled_trainable_rzz_QLayers_5___seed_1_1761468207
8114176,1-Training-Losses/explained_variance,0.817186176776886,Pong1PQFM_XObs_entangled_trainable_rzz_QLayers_5___seed_1_1761468207
8118272,1-Training-Losses/explained_variance,0.8017698526382446,Pong1PQFM_XObs_entangled_trainable_rzz_QLayers_5___seed_1_1761468207
8122368,1-Training-Losses/explained_variance,0.6973762512207031,Pong1PQFM_XObs_entangled_trainable_rzz_QLayers_5___seed_1_1761468207
8126464,1-Training-Losses/explained_variance,0.8277766108512878,Pong1PQFM_XObs_entangled_trainable_rzz_QLayers_5___seed_1_1761468207
8130560,1-Training-Losses/explained_variance,0.810624897480011,Pong1PQFM_XObs_entangled_trainable_rzz_QLayers_5___seed_1_1761468207
8134656,1-Training-Losses/explained_variance,0.7266857624053955,Pong1PQFM_XObs_entangled_trainable_rzz_QLayers_5___seed_1_1761468207
8138752,1-Training-Losses/explained_variance,0.7501357793807983,Pong1PQFM_XObs_entangled_trainable_rzz_QLayers_5___seed_1_1761468207
8142848,1-Training-Losses/explained_variance,0.6902772188186646,Pong1PQFM_XObs_entangled_trainable_rzz_QLayers_5___seed_1_1761468207
8146944,1-Training-Losses/explained_variance,0.7862674593925476,Pong1PQFM_XObs_entangled_trainable_rzz_QLayers_5___seed_1_1761468207
8151040,1-Training-Losses/explained_variance,0.7323005199432373,Pong1PQFM_XObs_entangled_trainable_rzz_QLayers_5___seed_1_1761468207
8155136,1-Training-Losses/explained_variance,0.5486472845077515,Pong1PQFM_XObs_entangled_trainable_rzz_QLayers_5___seed_1_1761468207
8159232,1-Training-Losses/explained_variance,0.7446260452270508,Pong1PQFM_XObs_entangled_trainable_rzz_QLayers_5___seed_1_1761468207
8163328,1-Training-Losses/explained_variance,0.7020176649093628,Pong1PQFM_XObs_entangled_trainable_rzz_QLayers_5___seed_1_1761468207
8167424,1-Training-Losses/explained_variance,0.7724001407623291,Pong1PQFM_XObs_entangled_trainable_rzz_QLayers_5___seed_1_1761468207
8171520,1-Training-Losses/explained_variance,0.70820552110672,Pong1PQFM_XObs_entangled_trainable_rzz_QLayers_5___seed_1_1761468207
8175616,1-Training-Losses/explained_variance,0.7741540670394897,Pong1PQFM_XObs_entangled_trainable_rzz_QLayers_5___seed_1_1761468207
8179712,1-Training-Losses/explained_variance,0.7067420482635498,Pong1PQFM_XObs_entangled_trainable_rzz_QLayers_5___seed_1_1761468207
8183808,1-Training-Losses/explained_variance,0.7604895830154419,Pong1PQFM_XObs_entangled_trainable_rzz_QLayers_5___seed_1_1761468207
8187904,1-Training-Losses/explained_variance,0.7085839509963989,Pong1PQFM_XObs_entangled_trainable_rzz_QLayers_5___seed_1_1761468207
8192000,1-Training-Losses/explained_variance,0.7475177049636841,Pong1PQFM_XObs_entangled_trainable_rzz_QLayers_5___seed_1_1761468207
8196096,1-Training-Losses/explained_variance,0.7670250535011292,Pong1PQFM_XObs_entangled_trainable_rzz_QLayers_5___seed_1_1761468207
8200192,1-Training-Losses/explained_variance,0.7812551259994507,Pong1PQFM_XObs_entangled_trainable_rzz_QLayers_5___seed_1_1761468207
8204288,1-Training-Losses/explained_variance,0.7642524838447571,Pong1PQFM_XObs_entangled_trainable_rzz_QLayers_5___seed_1_1761468207
8208384,1-Training-Losses/explained_variance,0.7746683359146118,Pong1PQFM_XObs_entangled_trainable_rzz_QLayers_5___seed_1_1761468207
8212480,1-Training-Losses/explained_variance,0.6926133632659912,Pong1PQFM_XObs_entangled_trainable_rzz_QLayers_5___seed_1_1761468207
8216576,1-Training-Losses/explained_variance,0.77398681640625,Pong1PQFM_XObs_entangled_trainable_rzz_QLayers_5___seed_1_1761468207
8220672,1-Training-Losses/explained_variance,0.7199588418006897,Pong1PQFM_XObs_entangled_trainable_rzz_QLayers_5___seed_1_1761468207
8224768,1-Training-Losses/explained_variance,0.7476153373718262,Pong1PQFM_XObs_entangled_trainable_rzz_QLayers_5___seed_1_1761468207
8228864,1-Training-Losses/explained_variance,0.6831537485122681,Pong1PQFM_XObs_entangled_trainable_rzz_QLayers_5___seed_1_1761468207
8232960,1-Training-Losses/explained_variance,0.7917284369468689,Pong1PQFM_XObs_entangled_trainable_rzz_QLayers_5___seed_1_1761468207
8237056,1-Training-Losses/explained_variance,0.7512900829315186,Pong1PQFM_XObs_entangled_trainable_rzz_QLayers_5___seed_1_1761468207
8241152,1-Training-Losses/explained_variance,0.782839298248291,Pong1PQFM_XObs_entangled_trainable_rzz_QLayers_5___seed_1_1761468207
8245248,1-Training-Losses/explained_variance,0.5221079587936401,Pong1PQFM_XObs_entangled_trainable_rzz_QLayers_5___seed_1_1761468207
8249344,1-Training-Losses/explained_variance,0.767871618270874,Pong1PQFM_XObs_entangled_trainable_rzz_QLayers_5___seed_1_1761468207
8253440,1-Training-Losses/explained_variance,0.8155882358551025,Pong1PQFM_XObs_entangled_trainable_rzz_QLayers_5___seed_1_1761468207
8257536,1-Training-Losses/explained_variance,0.7062516212463379,Pong1PQFM_XObs_entangled_trainable_rzz_QLayers_5___seed_1_1761468207
8261632,1-Training-Losses/explained_variance,0.6268618106842041,Pong1PQFM_XObs_entangled_trainable_rzz_QLayers_5___seed_1_1761468207
8265728,1-Training-Losses/explained_variance,0.6571059226989746,Pong1PQFM_XObs_entangled_trainable_rzz_QLayers_5___seed_1_1761468207
8269824,1-Training-Losses/explained_variance,0.6490616202354431,Pong1PQFM_XObs_entangled_trainable_rzz_QLayers_5___seed_1_1761468207
8273920,1-Training-Losses/explained_variance,0.7742554545402527,Pong1PQFM_XObs_entangled_trainable_rzz_QLayers_5___seed_1_1761468207
8278016,1-Training-Losses/explained_variance,0.6509937047958374,Pong1PQFM_XObs_entangled_trainable_rzz_QLayers_5___seed_1_1761468207
8282112,1-Training-Losses/explained_variance,0.7798449993133545,Pong1PQFM_XObs_entangled_trainable_rzz_QLayers_5___seed_1_1761468207
8286208,1-Training-Losses/explained_variance,0.6606723666191101,Pong1PQFM_XObs_entangled_trainable_rzz_QLayers_5___seed_1_1761468207
8290304,1-Training-Losses/explained_variance,0.790199339389801,Pong1PQFM_XObs_entangled_trainable_rzz_QLayers_5___seed_1_1761468207
8294400,1-Training-Losses/explained_variance,0.8085532784461975,Pong1PQFM_XObs_entangled_trainable_rzz_QLayers_5___seed_1_1761468207
8298496,1-Training-Losses/explained_variance,0.7809852361679077,Pong1PQFM_XObs_entangled_trainable_rzz_QLayers_5___seed_1_1761468207
8302592,1-Training-Losses/explained_variance,0.830647349357605,Pong1PQFM_XObs_entangled_trainable_rzz_QLayers_5___seed_1_1761468207
8306688,1-Training-Losses/explained_variance,0.7331920862197876,Pong1PQFM_XObs_entangled_trainable_rzz_QLayers_5___seed_1_1761468207
8310784,1-Training-Losses/explained_variance,0.7441675662994385,Pong1PQFM_XObs_entangled_trainable_rzz_QLayers_5___seed_1_1761468207
8314880,1-Training-Losses/explained_variance,0.5280773639678955,Pong1PQFM_XObs_entangled_trainable_rzz_QLayers_5___seed_1_1761468207
8318976,1-Training-Losses/explained_variance,0.6171327829360962,Pong1PQFM_XObs_entangled_trainable_rzz_QLayers_5___seed_1_1761468207
8323072,1-Training-Losses/explained_variance,0.6907427310943604,Pong1PQFM_XObs_entangled_trainable_rzz_QLayers_5___seed_1_1761468207
8327168,1-Training-Losses/explained_variance,0.7741685509681702,Pong1PQFM_XObs_entangled_trainable_rzz_QLayers_5___seed_1_1761468207
8331264,1-Training-Losses/explained_variance,0.7522247433662415,Pong1PQFM_XObs_entangled_trainable_rzz_QLayers_5___seed_1_1761468207
8335360,1-Training-Losses/explained_variance,0.607427716255188,Pong1PQFM_XObs_entangled_trainable_rzz_QLayers_5___seed_1_1761468207
8339456,1-Training-Losses/explained_variance,0.7369537353515625,Pong1PQFM_XObs_entangled_trainable_rzz_QLayers_5___seed_1_1761468207
8343552,1-Training-Losses/explained_variance,0.531667172908783,Pong1PQFM_XObs_entangled_trainable_rzz_QLayers_5___seed_1_1761468207
8347648,1-Training-Losses/explained_variance,0.7058658599853516,Pong1PQFM_XObs_entangled_trainable_rzz_QLayers_5___seed_1_1761468207
8351744,1-Training-Losses/explained_variance,0.644769549369812,Pong1PQFM_XObs_entangled_trainable_rzz_QLayers_5___seed_1_1761468207
8355840,1-Training-Losses/explained_variance,0.8021783232688904,Pong1PQFM_XObs_entangled_trainable_rzz_QLayers_5___seed_1_1761468207
8359936,1-Training-Losses/explained_variance,0.6388822793960571,Pong1PQFM_XObs_entangled_trainable_rzz_QLayers_5___seed_1_1761468207
8364032,1-Training-Losses/explained_variance,0.6238245964050293,Pong1PQFM_XObs_entangled_trainable_rzz_QLayers_5___seed_1_1761468207
8368128,1-Training-Losses/explained_variance,0.7088936567306519,Pong1PQFM_XObs_entangled_trainable_rzz_QLayers_5___seed_1_1761468207
8372224,1-Training-Losses/explained_variance,0.8422192335128784,Pong1PQFM_XObs_entangled_trainable_rzz_QLayers_5___seed_1_1761468207
8376320,1-Training-Losses/explained_variance,0.7494924068450928,Pong1PQFM_XObs_entangled_trainable_rzz_QLayers_5___seed_1_1761468207
8380416,1-Training-Losses/explained_variance,0.6751578450202942,Pong1PQFM_XObs_entangled_trainable_rzz_QLayers_5___seed_1_1761468207
8384512,1-Training-Losses/explained_variance,0.5520121455192566,Pong1PQFM_XObs_entangled_trainable_rzz_QLayers_5___seed_1_1761468207
8388608,1-Training-Losses/explained_variance,0.7113168239593506,Pong1PQFM_XObs_entangled_trainable_rzz_QLayers_5___seed_1_1761468207
8392704,1-Training-Losses/explained_variance,0.7261698842048645,Pong1PQFM_XObs_entangled_trainable_rzz_QLayers_5___seed_1_1761468207
8396800,1-Training-Losses/explained_variance,0.6295868158340454,Pong1PQFM_XObs_entangled_trainable_rzz_QLayers_5___seed_1_1761468207
8400896,1-Training-Losses/explained_variance,0.7470666766166687,Pong1PQFM_XObs_entangled_trainable_rzz_QLayers_5___seed_1_1761468207
8404992,1-Training-Losses/explained_variance,0.645910918712616,Pong1PQFM_XObs_entangled_trainable_rzz_QLayers_5___seed_1_1761468207
8409088,1-Training-Losses/explained_variance,0.6067388653755188,Pong1PQFM_XObs_entangled_trainable_rzz_QLayers_5___seed_1_1761468207
8413184,1-Training-Losses/explained_variance,0.6992897987365723,Pong1PQFM_XObs_entangled_trainable_rzz_QLayers_5___seed_1_1761468207
8417280,1-Training-Losses/explained_variance,0.7633571624755859,Pong1PQFM_XObs_entangled_trainable_rzz_QLayers_5___seed_1_1761468207
8421376,1-Training-Losses/explained_variance,0.7292841672897339,Pong1PQFM_XObs_entangled_trainable_rzz_QLayers_5___seed_1_1761468207
8425472,1-Training-Losses/explained_variance,0.6841574907302856,Pong1PQFM_XObs_entangled_trainable_rzz_QLayers_5___seed_1_1761468207
8429568,1-Training-Losses/explained_variance,0.6038541793823242,Pong1PQFM_XObs_entangled_trainable_rzz_QLayers_5___seed_1_1761468207
8433664,1-Training-Losses/explained_variance,0.792542576789856,Pong1PQFM_XObs_entangled_trainable_rzz_QLayers_5___seed_1_1761468207
8437760,1-Training-Losses/explained_variance,0.7939486503601074,Pong1PQFM_XObs_entangled_trainable_rzz_QLayers_5___seed_1_1761468207
8441856,1-Training-Losses/explained_variance,0.7908666133880615,Pong1PQFM_XObs_entangled_trainable_rzz_QLayers_5___seed_1_1761468207
8445952,1-Training-Losses/explained_variance,0.7192783355712891,Pong1PQFM_XObs_entangled_trainable_rzz_QLayers_5___seed_1_1761468207
8450048,1-Training-Losses/explained_variance,0.6686431169509888,Pong1PQFM_XObs_entangled_trainable_rzz_QLayers_5___seed_1_1761468207
8454144,1-Training-Losses/explained_variance,0.8025925159454346,Pong1PQFM_XObs_entangled_trainable_rzz_QLayers_5___seed_1_1761468207
8458240,1-Training-Losses/explained_variance,0.7884389162063599,Pong1PQFM_XObs_entangled_trainable_rzz_QLayers_5___seed_1_1761468207
8462336,1-Training-Losses/explained_variance,0.7068111896514893,Pong1PQFM_XObs_entangled_trainable_rzz_QLayers_5___seed_1_1761468207
8466432,1-Training-Losses/explained_variance,0.7253713607788086,Pong1PQFM_XObs_entangled_trainable_rzz_QLayers_5___seed_1_1761468207
8470528,1-Training-Losses/explained_variance,0.836520254611969,Pong1PQFM_XObs_entangled_trainable_rzz_QLayers_5___seed_1_1761468207
8474624,1-Training-Losses/explained_variance,0.7766320705413818,Pong1PQFM_XObs_entangled_trainable_rzz_QLayers_5___seed_1_1761468207
8478720,1-Training-Losses/explained_variance,0.6887918710708618,Pong1PQFM_XObs_entangled_trainable_rzz_QLayers_5___seed_1_1761468207
8482816,1-Training-Losses/explained_variance,0.7740477323532104,Pong1PQFM_XObs_entangled_trainable_rzz_QLayers_5___seed_1_1761468207
8486912,1-Training-Losses/explained_variance,0.6558127403259277,Pong1PQFM_XObs_entangled_trainable_rzz_QLayers_5___seed_1_1761468207
8491008,1-Training-Losses/explained_variance,0.7470579147338867,Pong1PQFM_XObs_entangled_trainable_rzz_QLayers_5___seed_1_1761468207
8495104,1-Training-Losses/explained_variance,0.7100300788879395,Pong1PQFM_XObs_entangled_trainable_rzz_QLayers_5___seed_1_1761468207
8499200,1-Training-Losses/explained_variance,0.728391170501709,Pong1PQFM_XObs_entangled_trainable_rzz_QLayers_5___seed_1_1761468207
8503296,1-Training-Losses/explained_variance,0.6009608507156372,Pong1PQFM_XObs_entangled_trainable_rzz_QLayers_5___seed_1_1761468207
8507392,1-Training-Losses/explained_variance,0.7531929016113281,Pong1PQFM_XObs_entangled_trainable_rzz_QLayers_5___seed_1_1761468207
8511488,1-Training-Losses/explained_variance,0.7859817147254944,Pong1PQFM_XObs_entangled_trainable_rzz_QLayers_5___seed_1_1761468207
8515584,1-Training-Losses/explained_variance,0.8166518211364746,Pong1PQFM_XObs_entangled_trainable_rzz_QLayers_5___seed_1_1761468207
8519680,1-Training-Losses/explained_variance,0.7654592990875244,Pong1PQFM_XObs_entangled_trainable_rzz_QLayers_5___seed_1_1761468207
8523776,1-Training-Losses/explained_variance,0.5715341567993164,Pong1PQFM_XObs_entangled_trainable_rzz_QLayers_5___seed_1_1761468207
8527872,1-Training-Losses/explained_variance,0.7481803297996521,Pong1PQFM_XObs_entangled_trainable_rzz_QLayers_5___seed_1_1761468207
8531968,1-Training-Losses/explained_variance,0.6755707859992981,Pong1PQFM_XObs_entangled_trainable_rzz_QLayers_5___seed_1_1761468207
8536064,1-Training-Losses/explained_variance,0.7183855175971985,Pong1PQFM_XObs_entangled_trainable_rzz_QLayers_5___seed_1_1761468207
8540160,1-Training-Losses/explained_variance,0.7528415322303772,Pong1PQFM_XObs_entangled_trainable_rzz_QLayers_5___seed_1_1761468207
8544256,1-Training-Losses/explained_variance,0.7473950386047363,Pong1PQFM_XObs_entangled_trainable_rzz_QLayers_5___seed_1_1761468207
8548352,1-Training-Losses/explained_variance,0.5993099212646484,Pong1PQFM_XObs_entangled_trainable_rzz_QLayers_5___seed_1_1761468207
8552448,1-Training-Losses/explained_variance,0.679277777671814,Pong1PQFM_XObs_entangled_trainable_rzz_QLayers_5___seed_1_1761468207
8556544,1-Training-Losses/explained_variance,0.7116243839263916,Pong1PQFM_XObs_entangled_trainable_rzz_QLayers_5___seed_1_1761468207
8560640,1-Training-Losses/explained_variance,0.6981849670410156,Pong1PQFM_XObs_entangled_trainable_rzz_QLayers_5___seed_1_1761468207
8564736,1-Training-Losses/explained_variance,0.7603549361228943,Pong1PQFM_XObs_entangled_trainable_rzz_QLayers_5___seed_1_1761468207
8568832,1-Training-Losses/explained_variance,0.7857561111450195,Pong1PQFM_XObs_entangled_trainable_rzz_QLayers_5___seed_1_1761468207
8572928,1-Training-Losses/explained_variance,0.7550238966941833,Pong1PQFM_XObs_entangled_trainable_rzz_QLayers_5___seed_1_1761468207
8577024,1-Training-Losses/explained_variance,0.7782719731330872,Pong1PQFM_XObs_entangled_trainable_rzz_QLayers_5___seed_1_1761468207
8581120,1-Training-Losses/explained_variance,0.7700214385986328,Pong1PQFM_XObs_entangled_trainable_rzz_QLayers_5___seed_1_1761468207
8585216,1-Training-Losses/explained_variance,0.7386571168899536,Pong1PQFM_XObs_entangled_trainable_rzz_QLayers_5___seed_1_1761468207
8589312,1-Training-Losses/explained_variance,0.6634572744369507,Pong1PQFM_XObs_entangled_trainable_rzz_QLayers_5___seed_1_1761468207
8593408,1-Training-Losses/explained_variance,0.733307957649231,Pong1PQFM_XObs_entangled_trainable_rzz_QLayers_5___seed_1_1761468207
8597504,1-Training-Losses/explained_variance,0.7423293590545654,Pong1PQFM_XObs_entangled_trainable_rzz_QLayers_5___seed_1_1761468207
8601600,1-Training-Losses/explained_variance,0.7891324758529663,Pong1PQFM_XObs_entangled_trainable_rzz_QLayers_5___seed_1_1761468207
8605696,1-Training-Losses/explained_variance,0.7335828542709351,Pong1PQFM_XObs_entangled_trainable_rzz_QLayers_5___seed_1_1761468207
8609792,1-Training-Losses/explained_variance,0.7385156154632568,Pong1PQFM_XObs_entangled_trainable_rzz_QLayers_5___seed_1_1761468207
8613888,1-Training-Losses/explained_variance,0.6660553216934204,Pong1PQFM_XObs_entangled_trainable_rzz_QLayers_5___seed_1_1761468207
8617984,1-Training-Losses/explained_variance,0.5997068881988525,Pong1PQFM_XObs_entangled_trainable_rzz_QLayers_5___seed_1_1761468207
8622080,1-Training-Losses/explained_variance,0.7588200569152832,Pong1PQFM_XObs_entangled_trainable_rzz_QLayers_5___seed_1_1761468207
8626176,1-Training-Losses/explained_variance,0.703248143196106,Pong1PQFM_XObs_entangled_trainable_rzz_QLayers_5___seed_1_1761468207
8630272,1-Training-Losses/explained_variance,0.8224061727523804,Pong1PQFM_XObs_entangled_trainable_rzz_QLayers_5___seed_1_1761468207
8634368,1-Training-Losses/explained_variance,0.5859507918357849,Pong1PQFM_XObs_entangled_trainable_rzz_QLayers_5___seed_1_1761468207
8638464,1-Training-Losses/explained_variance,0.7229941487312317,Pong1PQFM_XObs_entangled_trainable_rzz_QLayers_5___seed_1_1761468207
8642560,1-Training-Losses/explained_variance,0.7024937868118286,Pong1PQFM_XObs_entangled_trainable_rzz_QLayers_5___seed_1_1761468207
8646656,1-Training-Losses/explained_variance,0.6860842108726501,Pong1PQFM_XObs_entangled_trainable_rzz_QLayers_5___seed_1_1761468207
8650752,1-Training-Losses/explained_variance,0.700945258140564,Pong1PQFM_XObs_entangled_trainable_rzz_QLayers_5___seed_1_1761468207
8654848,1-Training-Losses/explained_variance,0.7610402703285217,Pong1PQFM_XObs_entangled_trainable_rzz_QLayers_5___seed_1_1761468207
8658944,1-Training-Losses/explained_variance,0.7319002151489258,Pong1PQFM_XObs_entangled_trainable_rzz_QLayers_5___seed_1_1761468207
8663040,1-Training-Losses/explained_variance,0.7270466089248657,Pong1PQFM_XObs_entangled_trainable_rzz_QLayers_5___seed_1_1761468207
8667136,1-Training-Losses/explained_variance,0.7659246921539307,Pong1PQFM_XObs_entangled_trainable_rzz_QLayers_5___seed_1_1761468207
8671232,1-Training-Losses/explained_variance,0.7600400447845459,Pong1PQFM_XObs_entangled_trainable_rzz_QLayers_5___seed_1_1761468207
8675328,1-Training-Losses/explained_variance,0.7381805181503296,Pong1PQFM_XObs_entangled_trainable_rzz_QLayers_5___seed_1_1761468207
8679424,1-Training-Losses/explained_variance,0.7752864360809326,Pong1PQFM_XObs_entangled_trainable_rzz_QLayers_5___seed_1_1761468207
8683520,1-Training-Losses/explained_variance,0.7624887824058533,Pong1PQFM_XObs_entangled_trainable_rzz_QLayers_5___seed_1_1761468207
8687616,1-Training-Losses/explained_variance,0.7148736119270325,Pong1PQFM_XObs_entangled_trainable_rzz_QLayers_5___seed_1_1761468207
8691712,1-Training-Losses/explained_variance,0.7634871602058411,Pong1PQFM_XObs_entangled_trainable_rzz_QLayers_5___seed_1_1761468207
8695808,1-Training-Losses/explained_variance,0.635697603225708,Pong1PQFM_XObs_entangled_trainable_rzz_QLayers_5___seed_1_1761468207
8699904,1-Training-Losses/explained_variance,0.8243675231933594,Pong1PQFM_XObs_entangled_trainable_rzz_QLayers_5___seed_1_1761468207
8704000,1-Training-Losses/explained_variance,0.7720591425895691,Pong1PQFM_XObs_entangled_trainable_rzz_QLayers_5___seed_1_1761468207
8708096,1-Training-Losses/explained_variance,0.7103803157806396,Pong1PQFM_XObs_entangled_trainable_rzz_QLayers_5___seed_1_1761468207
8712192,1-Training-Losses/explained_variance,0.7777040600776672,Pong1PQFM_XObs_entangled_trainable_rzz_QLayers_5___seed_1_1761468207
8716288,1-Training-Losses/explained_variance,0.7378993034362793,Pong1PQFM_XObs_entangled_trainable_rzz_QLayers_5___seed_1_1761468207
8720384,1-Training-Losses/explained_variance,0.811932384967804,Pong1PQFM_XObs_entangled_trainable_rzz_QLayers_5___seed_1_1761468207
8724480,1-Training-Losses/explained_variance,0.743219256401062,Pong1PQFM_XObs_entangled_trainable_rzz_QLayers_5___seed_1_1761468207
8728576,1-Training-Losses/explained_variance,0.7251592874526978,Pong1PQFM_XObs_entangled_trainable_rzz_QLayers_5___seed_1_1761468207
8732672,1-Training-Losses/explained_variance,0.7410057783126831,Pong1PQFM_XObs_entangled_trainable_rzz_QLayers_5___seed_1_1761468207
8736768,1-Training-Losses/explained_variance,0.7445541024208069,Pong1PQFM_XObs_entangled_trainable_rzz_QLayers_5___seed_1_1761468207
8740864,1-Training-Losses/explained_variance,0.7415931820869446,Pong1PQFM_XObs_entangled_trainable_rzz_QLayers_5___seed_1_1761468207
8744960,1-Training-Losses/explained_variance,0.5873317122459412,Pong1PQFM_XObs_entangled_trainable_rzz_QLayers_5___seed_1_1761468207
8749056,1-Training-Losses/explained_variance,0.675454318523407,Pong1PQFM_XObs_entangled_trainable_rzz_QLayers_5___seed_1_1761468207
8753152,1-Training-Losses/explained_variance,0.7889203429222107,Pong1PQFM_XObs_entangled_trainable_rzz_QLayers_5___seed_1_1761468207
8757248,1-Training-Losses/explained_variance,0.7235809564590454,Pong1PQFM_XObs_entangled_trainable_rzz_QLayers_5___seed_1_1761468207
8761344,1-Training-Losses/explained_variance,0.6137473583221436,Pong1PQFM_XObs_entangled_trainable_rzz_QLayers_5___seed_1_1761468207
8765440,1-Training-Losses/explained_variance,0.7954166531562805,Pong1PQFM_XObs_entangled_trainable_rzz_QLayers_5___seed_1_1761468207
8769536,1-Training-Losses/explained_variance,0.7158711552619934,Pong1PQFM_XObs_entangled_trainable_rzz_QLayers_5___seed_1_1761468207
8773632,1-Training-Losses/explained_variance,0.7385033369064331,Pong1PQFM_XObs_entangled_trainable_rzz_QLayers_5___seed_1_1761468207
8777728,1-Training-Losses/explained_variance,0.7706653475761414,Pong1PQFM_XObs_entangled_trainable_rzz_QLayers_5___seed_1_1761468207
8781824,1-Training-Losses/explained_variance,0.7752812504768372,Pong1PQFM_XObs_entangled_trainable_rzz_QLayers_5___seed_1_1761468207
8785920,1-Training-Losses/explained_variance,0.7880991697311401,Pong1PQFM_XObs_entangled_trainable_rzz_QLayers_5___seed_1_1761468207
8790016,1-Training-Losses/explained_variance,0.7686041593551636,Pong1PQFM_XObs_entangled_trainable_rzz_QLayers_5___seed_1_1761468207
8794112,1-Training-Losses/explained_variance,0.6908515095710754,Pong1PQFM_XObs_entangled_trainable_rzz_QLayers_5___seed_1_1761468207
8798208,1-Training-Losses/explained_variance,0.8046234846115112,Pong1PQFM_XObs_entangled_trainable_rzz_QLayers_5___seed_1_1761468207
8802304,1-Training-Losses/explained_variance,0.7125166654586792,Pong1PQFM_XObs_entangled_trainable_rzz_QLayers_5___seed_1_1761468207
8806400,1-Training-Losses/explained_variance,0.790006697177887,Pong1PQFM_XObs_entangled_trainable_rzz_QLayers_5___seed_1_1761468207
8810496,1-Training-Losses/explained_variance,0.7796667218208313,Pong1PQFM_XObs_entangled_trainable_rzz_QLayers_5___seed_1_1761468207
8814592,1-Training-Losses/explained_variance,0.7031393051147461,Pong1PQFM_XObs_entangled_trainable_rzz_QLayers_5___seed_1_1761468207
8818688,1-Training-Losses/explained_variance,0.6588695645332336,Pong1PQFM_XObs_entangled_trainable_rzz_QLayers_5___seed_1_1761468207
8822784,1-Training-Losses/explained_variance,0.5349853038787842,Pong1PQFM_XObs_entangled_trainable_rzz_QLayers_5___seed_1_1761468207
8826880,1-Training-Losses/explained_variance,0.7865607142448425,Pong1PQFM_XObs_entangled_trainable_rzz_QLayers_5___seed_1_1761468207
8830976,1-Training-Losses/explained_variance,0.7953182458877563,Pong1PQFM_XObs_entangled_trainable_rzz_QLayers_5___seed_1_1761468207
8835072,1-Training-Losses/explained_variance,0.5266699194908142,Pong1PQFM_XObs_entangled_trainable_rzz_QLayers_5___seed_1_1761468207
8839168,1-Training-Losses/explained_variance,0.7125381231307983,Pong1PQFM_XObs_entangled_trainable_rzz_QLayers_5___seed_1_1761468207
8843264,1-Training-Losses/explained_variance,0.821336567401886,Pong1PQFM_XObs_entangled_trainable_rzz_QLayers_5___seed_1_1761468207
8847360,1-Training-Losses/explained_variance,0.7249125838279724,Pong1PQFM_XObs_entangled_trainable_rzz_QLayers_5___seed_1_1761468207
8851456,1-Training-Losses/explained_variance,0.7719264030456543,Pong1PQFM_XObs_entangled_trainable_rzz_QLayers_5___seed_1_1761468207
8855552,1-Training-Losses/explained_variance,0.771594226360321,Pong1PQFM_XObs_entangled_trainable_rzz_QLayers_5___seed_1_1761468207
8859648,1-Training-Losses/explained_variance,0.6901488900184631,Pong1PQFM_XObs_entangled_trainable_rzz_QLayers_5___seed_1_1761468207
8863744,1-Training-Losses/explained_variance,0.7755216956138611,Pong1PQFM_XObs_entangled_trainable_rzz_QLayers_5___seed_1_1761468207
8867840,1-Training-Losses/explained_variance,0.65199214220047,Pong1PQFM_XObs_entangled_trainable_rzz_QLayers_5___seed_1_1761468207
8871936,1-Training-Losses/explained_variance,0.718600332736969,Pong1PQFM_XObs_entangled_trainable_rzz_QLayers_5___seed_1_1761468207
8876032,1-Training-Losses/explained_variance,0.6087625026702881,Pong1PQFM_XObs_entangled_trainable_rzz_QLayers_5___seed_1_1761468207
8880128,1-Training-Losses/explained_variance,0.7295122146606445,Pong1PQFM_XObs_entangled_trainable_rzz_QLayers_5___seed_1_1761468207
8884224,1-Training-Losses/explained_variance,0.7685481309890747,Pong1PQFM_XObs_entangled_trainable_rzz_QLayers_5___seed_1_1761468207
8888320,1-Training-Losses/explained_variance,0.7122160196304321,Pong1PQFM_XObs_entangled_trainable_rzz_QLayers_5___seed_1_1761468207
8892416,1-Training-Losses/explained_variance,0.680162787437439,Pong1PQFM_XObs_entangled_trainable_rzz_QLayers_5___seed_1_1761468207
8896512,1-Training-Losses/explained_variance,0.7136039733886719,Pong1PQFM_XObs_entangled_trainable_rzz_QLayers_5___seed_1_1761468207
8900608,1-Training-Losses/explained_variance,0.6873393058776855,Pong1PQFM_XObs_entangled_trainable_rzz_QLayers_5___seed_1_1761468207
8904704,1-Training-Losses/explained_variance,0.8222927451133728,Pong1PQFM_XObs_entangled_trainable_rzz_QLayers_5___seed_1_1761468207
8908800,1-Training-Losses/explained_variance,0.737898051738739,Pong1PQFM_XObs_entangled_trainable_rzz_QLayers_5___seed_1_1761468207
8912896,1-Training-Losses/explained_variance,0.739829421043396,Pong1PQFM_XObs_entangled_trainable_rzz_QLayers_5___seed_1_1761468207
8916992,1-Training-Losses/explained_variance,0.7390182018280029,Pong1PQFM_XObs_entangled_trainable_rzz_QLayers_5___seed_1_1761468207
8921088,1-Training-Losses/explained_variance,0.7321353554725647,Pong1PQFM_XObs_entangled_trainable_rzz_QLayers_5___seed_1_1761468207
8925184,1-Training-Losses/explained_variance,0.791454553604126,Pong1PQFM_XObs_entangled_trainable_rzz_QLayers_5___seed_1_1761468207
8929280,1-Training-Losses/explained_variance,0.679502546787262,Pong1PQFM_XObs_entangled_trainable_rzz_QLayers_5___seed_1_1761468207
8933376,1-Training-Losses/explained_variance,0.7381590604782104,Pong1PQFM_XObs_entangled_trainable_rzz_QLayers_5___seed_1_1761468207
8937472,1-Training-Losses/explained_variance,0.7363826036453247,Pong1PQFM_XObs_entangled_trainable_rzz_QLayers_5___seed_1_1761468207
8941568,1-Training-Losses/explained_variance,0.6384279727935791,Pong1PQFM_XObs_entangled_trainable_rzz_QLayers_5___seed_1_1761468207
8945664,1-Training-Losses/explained_variance,0.8018641471862793,Pong1PQFM_XObs_entangled_trainable_rzz_QLayers_5___seed_1_1761468207
8949760,1-Training-Losses/explained_variance,0.6337302923202515,Pong1PQFM_XObs_entangled_trainable_rzz_QLayers_5___seed_1_1761468207
8953856,1-Training-Losses/explained_variance,0.7882059812545776,Pong1PQFM_XObs_entangled_trainable_rzz_QLayers_5___seed_1_1761468207
8957952,1-Training-Losses/explained_variance,0.7780966758728027,Pong1PQFM_XObs_entangled_trainable_rzz_QLayers_5___seed_1_1761468207
8962048,1-Training-Losses/explained_variance,0.7128384113311768,Pong1PQFM_XObs_entangled_trainable_rzz_QLayers_5___seed_1_1761468207
8966144,1-Training-Losses/explained_variance,0.8168257474899292,Pong1PQFM_XObs_entangled_trainable_rzz_QLayers_5___seed_1_1761468207
8970240,1-Training-Losses/explained_variance,0.7910292744636536,Pong1PQFM_XObs_entangled_trainable_rzz_QLayers_5___seed_1_1761468207
8974336,1-Training-Losses/explained_variance,0.7102571129798889,Pong1PQFM_XObs_entangled_trainable_rzz_QLayers_5___seed_1_1761468207
8978432,1-Training-Losses/explained_variance,0.7208777666091919,Pong1PQFM_XObs_entangled_trainable_rzz_QLayers_5___seed_1_1761468207
8982528,1-Training-Losses/explained_variance,0.7308911085128784,Pong1PQFM_XObs_entangled_trainable_rzz_QLayers_5___seed_1_1761468207
8986624,1-Training-Losses/explained_variance,0.775618314743042,Pong1PQFM_XObs_entangled_trainable_rzz_QLayers_5___seed_1_1761468207
8990720,1-Training-Losses/explained_variance,0.7891525626182556,Pong1PQFM_XObs_entangled_trainable_rzz_QLayers_5___seed_1_1761468207
8994816,1-Training-Losses/explained_variance,0.7971710562705994,Pong1PQFM_XObs_entangled_trainable_rzz_QLayers_5___seed_1_1761468207
8998912,1-Training-Losses/explained_variance,0.6813684701919556,Pong1PQFM_XObs_entangled_trainable_rzz_QLayers_5___seed_1_1761468207
9003008,1-Training-Losses/explained_variance,0.7520356178283691,Pong1PQFM_XObs_entangled_trainable_rzz_QLayers_5___seed_1_1761468207
9007104,1-Training-Losses/explained_variance,0.7111313343048096,Pong1PQFM_XObs_entangled_trainable_rzz_QLayers_5___seed_1_1761468207
9011200,1-Training-Losses/explained_variance,0.6824290752410889,Pong1PQFM_XObs_entangled_trainable_rzz_QLayers_5___seed_1_1761468207
9015296,1-Training-Losses/explained_variance,0.7473446130752563,Pong1PQFM_XObs_entangled_trainable_rzz_QLayers_5___seed_1_1761468207
9019392,1-Training-Losses/explained_variance,0.6998662352561951,Pong1PQFM_XObs_entangled_trainable_rzz_QLayers_5___seed_1_1761468207
9023488,1-Training-Losses/explained_variance,0.6766456365585327,Pong1PQFM_XObs_entangled_trainable_rzz_QLayers_5___seed_1_1761468207
9027584,1-Training-Losses/explained_variance,0.7097781896591187,Pong1PQFM_XObs_entangled_trainable_rzz_QLayers_5___seed_1_1761468207
9031680,1-Training-Losses/explained_variance,0.7077855467796326,Pong1PQFM_XObs_entangled_trainable_rzz_QLayers_5___seed_1_1761468207
9035776,1-Training-Losses/explained_variance,0.6915473341941833,Pong1PQFM_XObs_entangled_trainable_rzz_QLayers_5___seed_1_1761468207
9039872,1-Training-Losses/explained_variance,0.7426220774650574,Pong1PQFM_XObs_entangled_trainable_rzz_QLayers_5___seed_1_1761468207
9043968,1-Training-Losses/explained_variance,0.6600849628448486,Pong1PQFM_XObs_entangled_trainable_rzz_QLayers_5___seed_1_1761468207
9048064,1-Training-Losses/explained_variance,0.7914668917655945,Pong1PQFM_XObs_entangled_trainable_rzz_QLayers_5___seed_1_1761468207
9052160,1-Training-Losses/explained_variance,0.7599773406982422,Pong1PQFM_XObs_entangled_trainable_rzz_QLayers_5___seed_1_1761468207
9056256,1-Training-Losses/explained_variance,0.7127865552902222,Pong1PQFM_XObs_entangled_trainable_rzz_QLayers_5___seed_1_1761468207
9060352,1-Training-Losses/explained_variance,0.6619586944580078,Pong1PQFM_XObs_entangled_trainable_rzz_QLayers_5___seed_1_1761468207
9064448,1-Training-Losses/explained_variance,0.615636944770813,Pong1PQFM_XObs_entangled_trainable_rzz_QLayers_5___seed_1_1761468207
9068544,1-Training-Losses/explained_variance,0.8144193887710571,Pong1PQFM_XObs_entangled_trainable_rzz_QLayers_5___seed_1_1761468207
9072640,1-Training-Losses/explained_variance,0.8130874633789062,Pong1PQFM_XObs_entangled_trainable_rzz_QLayers_5___seed_1_1761468207
9076736,1-Training-Losses/explained_variance,0.8016278147697449,Pong1PQFM_XObs_entangled_trainable_rzz_QLayers_5___seed_1_1761468207
9080832,1-Training-Losses/explained_variance,0.7477558851242065,Pong1PQFM_XObs_entangled_trainable_rzz_QLayers_5___seed_1_1761468207
9084928,1-Training-Losses/explained_variance,0.7052309513092041,Pong1PQFM_XObs_entangled_trainable_rzz_QLayers_5___seed_1_1761468207
9089024,1-Training-Losses/explained_variance,0.7460496425628662,Pong1PQFM_XObs_entangled_trainable_rzz_QLayers_5___seed_1_1761468207
9093120,1-Training-Losses/explained_variance,0.7339581847190857,Pong1PQFM_XObs_entangled_trainable_rzz_QLayers_5___seed_1_1761468207
9097216,1-Training-Losses/explained_variance,0.675529956817627,Pong1PQFM_XObs_entangled_trainable_rzz_QLayers_5___seed_1_1761468207
9101312,1-Training-Losses/explained_variance,0.7185640335083008,Pong1PQFM_XObs_entangled_trainable_rzz_QLayers_5___seed_1_1761468207
9105408,1-Training-Losses/explained_variance,0.7303289175033569,Pong1PQFM_XObs_entangled_trainable_rzz_QLayers_5___seed_1_1761468207
9109504,1-Training-Losses/explained_variance,0.7161614894866943,Pong1PQFM_XObs_entangled_trainable_rzz_QLayers_5___seed_1_1761468207
9113600,1-Training-Losses/explained_variance,0.7897346019744873,Pong1PQFM_XObs_entangled_trainable_rzz_QLayers_5___seed_1_1761468207
9117696,1-Training-Losses/explained_variance,0.7255878448486328,Pong1PQFM_XObs_entangled_trainable_rzz_QLayers_5___seed_1_1761468207
9121792,1-Training-Losses/explained_variance,0.7369717359542847,Pong1PQFM_XObs_entangled_trainable_rzz_QLayers_5___seed_1_1761468207
9125888,1-Training-Losses/explained_variance,0.7219810485839844,Pong1PQFM_XObs_entangled_trainable_rzz_QLayers_5___seed_1_1761468207
9129984,1-Training-Losses/explained_variance,0.7251185774803162,Pong1PQFM_XObs_entangled_trainable_rzz_QLayers_5___seed_1_1761468207
9134080,1-Training-Losses/explained_variance,0.8471312522888184,Pong1PQFM_XObs_entangled_trainable_rzz_QLayers_5___seed_1_1761468207
9138176,1-Training-Losses/explained_variance,0.8300763368606567,Pong1PQFM_XObs_entangled_trainable_rzz_QLayers_5___seed_1_1761468207
9142272,1-Training-Losses/explained_variance,0.6910650730133057,Pong1PQFM_XObs_entangled_trainable_rzz_QLayers_5___seed_1_1761468207
9146368,1-Training-Losses/explained_variance,0.7571557760238647,Pong1PQFM_XObs_entangled_trainable_rzz_QLayers_5___seed_1_1761468207
9150464,1-Training-Losses/explained_variance,0.6902422904968262,Pong1PQFM_XObs_entangled_trainable_rzz_QLayers_5___seed_1_1761468207
9154560,1-Training-Losses/explained_variance,0.7074398994445801,Pong1PQFM_XObs_entangled_trainable_rzz_QLayers_5___seed_1_1761468207
9158656,1-Training-Losses/explained_variance,0.6909883618354797,Pong1PQFM_XObs_entangled_trainable_rzz_QLayers_5___seed_1_1761468207
9162752,1-Training-Losses/explained_variance,0.7264440059661865,Pong1PQFM_XObs_entangled_trainable_rzz_QLayers_5___seed_1_1761468207
9166848,1-Training-Losses/explained_variance,0.7299054861068726,Pong1PQFM_XObs_entangled_trainable_rzz_QLayers_5___seed_1_1761468207
9170944,1-Training-Losses/explained_variance,0.7345057725906372,Pong1PQFM_XObs_entangled_trainable_rzz_QLayers_5___seed_1_1761468207
9175040,1-Training-Losses/explained_variance,0.7631834745407104,Pong1PQFM_XObs_entangled_trainable_rzz_QLayers_5___seed_1_1761468207
9179136,1-Training-Losses/explained_variance,0.7552811503410339,Pong1PQFM_XObs_entangled_trainable_rzz_QLayers_5___seed_1_1761468207
9183232,1-Training-Losses/explained_variance,0.6283795833587646,Pong1PQFM_XObs_entangled_trainable_rzz_QLayers_5___seed_1_1761468207
9187328,1-Training-Losses/explained_variance,0.7145720720291138,Pong1PQFM_XObs_entangled_trainable_rzz_QLayers_5___seed_1_1761468207
9191424,1-Training-Losses/explained_variance,0.81258225440979,Pong1PQFM_XObs_entangled_trainable_rzz_QLayers_5___seed_1_1761468207
9195520,1-Training-Losses/explained_variance,0.8295602798461914,Pong1PQFM_XObs_entangled_trainable_rzz_QLayers_5___seed_1_1761468207
9199616,1-Training-Losses/explained_variance,0.6943660974502563,Pong1PQFM_XObs_entangled_trainable_rzz_QLayers_5___seed_1_1761468207
9203712,1-Training-Losses/explained_variance,0.7554693818092346,Pong1PQFM_XObs_entangled_trainable_rzz_QLayers_5___seed_1_1761468207
9207808,1-Training-Losses/explained_variance,0.5092926025390625,Pong1PQFM_XObs_entangled_trainable_rzz_QLayers_5___seed_1_1761468207
9211904,1-Training-Losses/explained_variance,0.6621444225311279,Pong1PQFM_XObs_entangled_trainable_rzz_QLayers_5___seed_1_1761468207
9216000,1-Training-Losses/explained_variance,0.7647931575775146,Pong1PQFM_XObs_entangled_trainable_rzz_QLayers_5___seed_1_1761468207
9220096,1-Training-Losses/explained_variance,0.7027832269668579,Pong1PQFM_XObs_entangled_trainable_rzz_QLayers_5___seed_1_1761468207
9224192,1-Training-Losses/explained_variance,0.6994078755378723,Pong1PQFM_XObs_entangled_trainable_rzz_QLayers_5___seed_1_1761468207
9228288,1-Training-Losses/explained_variance,0.7361564636230469,Pong1PQFM_XObs_entangled_trainable_rzz_QLayers_5___seed_1_1761468207
9232384,1-Training-Losses/explained_variance,0.805038571357727,Pong1PQFM_XObs_entangled_trainable_rzz_QLayers_5___seed_1_1761468207
9236480,1-Training-Losses/explained_variance,0.696900486946106,Pong1PQFM_XObs_entangled_trainable_rzz_QLayers_5___seed_1_1761468207
9240576,1-Training-Losses/explained_variance,0.7277297973632812,Pong1PQFM_XObs_entangled_trainable_rzz_QLayers_5___seed_1_1761468207
9244672,1-Training-Losses/explained_variance,0.7027925252914429,Pong1PQFM_XObs_entangled_trainable_rzz_QLayers_5___seed_1_1761468207
9248768,1-Training-Losses/explained_variance,0.7861105799674988,Pong1PQFM_XObs_entangled_trainable_rzz_QLayers_5___seed_1_1761468207
9252864,1-Training-Losses/explained_variance,0.6190069913864136,Pong1PQFM_XObs_entangled_trainable_rzz_QLayers_5___seed_1_1761468207
9256960,1-Training-Losses/explained_variance,0.7851166129112244,Pong1PQFM_XObs_entangled_trainable_rzz_QLayers_5___seed_1_1761468207
9261056,1-Training-Losses/explained_variance,0.7833883762359619,Pong1PQFM_XObs_entangled_trainable_rzz_QLayers_5___seed_1_1761468207
9265152,1-Training-Losses/explained_variance,0.7550837397575378,Pong1PQFM_XObs_entangled_trainable_rzz_QLayers_5___seed_1_1761468207
9269248,1-Training-Losses/explained_variance,0.8058872222900391,Pong1PQFM_XObs_entangled_trainable_rzz_QLayers_5___seed_1_1761468207
9273344,1-Training-Losses/explained_variance,0.6907150745391846,Pong1PQFM_XObs_entangled_trainable_rzz_QLayers_5___seed_1_1761468207
9277440,1-Training-Losses/explained_variance,0.8033045530319214,Pong1PQFM_XObs_entangled_trainable_rzz_QLayers_5___seed_1_1761468207
9281536,1-Training-Losses/explained_variance,0.7789674997329712,Pong1PQFM_XObs_entangled_trainable_rzz_QLayers_5___seed_1_1761468207
9285632,1-Training-Losses/explained_variance,0.6835243701934814,Pong1PQFM_XObs_entangled_trainable_rzz_QLayers_5___seed_1_1761468207
9289728,1-Training-Losses/explained_variance,0.8419651389122009,Pong1PQFM_XObs_entangled_trainable_rzz_QLayers_5___seed_1_1761468207
9293824,1-Training-Losses/explained_variance,0.6728090047836304,Pong1PQFM_XObs_entangled_trainable_rzz_QLayers_5___seed_1_1761468207
9297920,1-Training-Losses/explained_variance,0.6525430679321289,Pong1PQFM_XObs_entangled_trainable_rzz_QLayers_5___seed_1_1761468207
9302016,1-Training-Losses/explained_variance,0.766177773475647,Pong1PQFM_XObs_entangled_trainable_rzz_QLayers_5___seed_1_1761468207
9306112,1-Training-Losses/explained_variance,0.6939172744750977,Pong1PQFM_XObs_entangled_trainable_rzz_QLayers_5___seed_1_1761468207
9310208,1-Training-Losses/explained_variance,0.7644894123077393,Pong1PQFM_XObs_entangled_trainable_rzz_QLayers_5___seed_1_1761468207
9314304,1-Training-Losses/explained_variance,0.8332206606864929,Pong1PQFM_XObs_entangled_trainable_rzz_QLayers_5___seed_1_1761468207
9318400,1-Training-Losses/explained_variance,0.7251852750778198,Pong1PQFM_XObs_entangled_trainable_rzz_QLayers_5___seed_1_1761468207
9322496,1-Training-Losses/explained_variance,0.7670947313308716,Pong1PQFM_XObs_entangled_trainable_rzz_QLayers_5___seed_1_1761468207
9326592,1-Training-Losses/explained_variance,0.6916511058807373,Pong1PQFM_XObs_entangled_trainable_rzz_QLayers_5___seed_1_1761468207
9330688,1-Training-Losses/explained_variance,0.7696515321731567,Pong1PQFM_XObs_entangled_trainable_rzz_QLayers_5___seed_1_1761468207
9334784,1-Training-Losses/explained_variance,0.7811731100082397,Pong1PQFM_XObs_entangled_trainable_rzz_QLayers_5___seed_1_1761468207
9338880,1-Training-Losses/explained_variance,0.6280128359794617,Pong1PQFM_XObs_entangled_trainable_rzz_QLayers_5___seed_1_1761468207
9342976,1-Training-Losses/explained_variance,0.7207703590393066,Pong1PQFM_XObs_entangled_trainable_rzz_QLayers_5___seed_1_1761468207
9347072,1-Training-Losses/explained_variance,0.7384471893310547,Pong1PQFM_XObs_entangled_trainable_rzz_QLayers_5___seed_1_1761468207
9351168,1-Training-Losses/explained_variance,0.7854670882225037,Pong1PQFM_XObs_entangled_trainable_rzz_QLayers_5___seed_1_1761468207
9355264,1-Training-Losses/explained_variance,0.6296601295471191,Pong1PQFM_XObs_entangled_trainable_rzz_QLayers_5___seed_1_1761468207
9359360,1-Training-Losses/explained_variance,0.5391783118247986,Pong1PQFM_XObs_entangled_trainable_rzz_QLayers_5___seed_1_1761468207
9363456,1-Training-Losses/explained_variance,0.7498193383216858,Pong1PQFM_XObs_entangled_trainable_rzz_QLayers_5___seed_1_1761468207
9367552,1-Training-Losses/explained_variance,0.6747323274612427,Pong1PQFM_XObs_entangled_trainable_rzz_QLayers_5___seed_1_1761468207
9371648,1-Training-Losses/explained_variance,0.7375925183296204,Pong1PQFM_XObs_entangled_trainable_rzz_QLayers_5___seed_1_1761468207
9375744,1-Training-Losses/explained_variance,0.7300869822502136,Pong1PQFM_XObs_entangled_trainable_rzz_QLayers_5___seed_1_1761468207
9379840,1-Training-Losses/explained_variance,0.8246016502380371,Pong1PQFM_XObs_entangled_trainable_rzz_QLayers_5___seed_1_1761468207
9383936,1-Training-Losses/explained_variance,0.7551931142807007,Pong1PQFM_XObs_entangled_trainable_rzz_QLayers_5___seed_1_1761468207
9388032,1-Training-Losses/explained_variance,0.7588129043579102,Pong1PQFM_XObs_entangled_trainable_rzz_QLayers_5___seed_1_1761468207
9392128,1-Training-Losses/explained_variance,0.7354612350463867,Pong1PQFM_XObs_entangled_trainable_rzz_QLayers_5___seed_1_1761468207
9396224,1-Training-Losses/explained_variance,0.8010135889053345,Pong1PQFM_XObs_entangled_trainable_rzz_QLayers_5___seed_1_1761468207
9400320,1-Training-Losses/explained_variance,0.8313170075416565,Pong1PQFM_XObs_entangled_trainable_rzz_QLayers_5___seed_1_1761468207
9404416,1-Training-Losses/explained_variance,0.6926610469818115,Pong1PQFM_XObs_entangled_trainable_rzz_QLayers_5___seed_1_1761468207
9408512,1-Training-Losses/explained_variance,0.6899015307426453,Pong1PQFM_XObs_entangled_trainable_rzz_QLayers_5___seed_1_1761468207
9412608,1-Training-Losses/explained_variance,0.7592411041259766,Pong1PQFM_XObs_entangled_trainable_rzz_QLayers_5___seed_1_1761468207
9416704,1-Training-Losses/explained_variance,0.7620477676391602,Pong1PQFM_XObs_entangled_trainable_rzz_QLayers_5___seed_1_1761468207
9420800,1-Training-Losses/explained_variance,0.8016066551208496,Pong1PQFM_XObs_entangled_trainable_rzz_QLayers_5___seed_1_1761468207
9424896,1-Training-Losses/explained_variance,0.6181055307388306,Pong1PQFM_XObs_entangled_trainable_rzz_QLayers_5___seed_1_1761468207
9428992,1-Training-Losses/explained_variance,0.7521283626556396,Pong1PQFM_XObs_entangled_trainable_rzz_QLayers_5___seed_1_1761468207
9433088,1-Training-Losses/explained_variance,0.6863986253738403,Pong1PQFM_XObs_entangled_trainable_rzz_QLayers_5___seed_1_1761468207
9437184,1-Training-Losses/explained_variance,0.8082997798919678,Pong1PQFM_XObs_entangled_trainable_rzz_QLayers_5___seed_1_1761468207
9441280,1-Training-Losses/explained_variance,0.8256595730781555,Pong1PQFM_XObs_entangled_trainable_rzz_QLayers_5___seed_1_1761468207
9445376,1-Training-Losses/explained_variance,0.6559761762619019,Pong1PQFM_XObs_entangled_trainable_rzz_QLayers_5___seed_1_1761468207
9449472,1-Training-Losses/explained_variance,0.7810657620429993,Pong1PQFM_XObs_entangled_trainable_rzz_QLayers_5___seed_1_1761468207
9453568,1-Training-Losses/explained_variance,0.7767611145973206,Pong1PQFM_XObs_entangled_trainable_rzz_QLayers_5___seed_1_1761468207
9457664,1-Training-Losses/explained_variance,0.742424726486206,Pong1PQFM_XObs_entangled_trainable_rzz_QLayers_5___seed_1_1761468207
9461760,1-Training-Losses/explained_variance,0.6905558705329895,Pong1PQFM_XObs_entangled_trainable_rzz_QLayers_5___seed_1_1761468207
9465856,1-Training-Losses/explained_variance,0.7404524087905884,Pong1PQFM_XObs_entangled_trainable_rzz_QLayers_5___seed_1_1761468207
9469952,1-Training-Losses/explained_variance,0.7481136322021484,Pong1PQFM_XObs_entangled_trainable_rzz_QLayers_5___seed_1_1761468207
9474048,1-Training-Losses/explained_variance,0.7125128507614136,Pong1PQFM_XObs_entangled_trainable_rzz_QLayers_5___seed_1_1761468207
9478144,1-Training-Losses/explained_variance,0.8194572925567627,Pong1PQFM_XObs_entangled_trainable_rzz_QLayers_5___seed_1_1761468207
9482240,1-Training-Losses/explained_variance,0.8221535682678223,Pong1PQFM_XObs_entangled_trainable_rzz_QLayers_5___seed_1_1761468207
9486336,1-Training-Losses/explained_variance,0.6628671288490295,Pong1PQFM_XObs_entangled_trainable_rzz_QLayers_5___seed_1_1761468207
9490432,1-Training-Losses/explained_variance,0.7571018934249878,Pong1PQFM_XObs_entangled_trainable_rzz_QLayers_5___seed_1_1761468207
9494528,1-Training-Losses/explained_variance,0.6877362728118896,Pong1PQFM_XObs_entangled_trainable_rzz_QLayers_5___seed_1_1761468207
9498624,1-Training-Losses/explained_variance,0.7184561491012573,Pong1PQFM_XObs_entangled_trainable_rzz_QLayers_5___seed_1_1761468207
9502720,1-Training-Losses/explained_variance,0.7013977766036987,Pong1PQFM_XObs_entangled_trainable_rzz_QLayers_5___seed_1_1761468207
9506816,1-Training-Losses/explained_variance,0.6730719804763794,Pong1PQFM_XObs_entangled_trainable_rzz_QLayers_5___seed_1_1761468207
9510912,1-Training-Losses/explained_variance,0.6260579824447632,Pong1PQFM_XObs_entangled_trainable_rzz_QLayers_5___seed_1_1761468207
9515008,1-Training-Losses/explained_variance,0.8359461426734924,Pong1PQFM_XObs_entangled_trainable_rzz_QLayers_5___seed_1_1761468207
9519104,1-Training-Losses/explained_variance,0.825295090675354,Pong1PQFM_XObs_entangled_trainable_rzz_QLayers_5___seed_1_1761468207
9523200,1-Training-Losses/explained_variance,0.7540236711502075,Pong1PQFM_XObs_entangled_trainable_rzz_QLayers_5___seed_1_1761468207
9527296,1-Training-Losses/explained_variance,0.7695412635803223,Pong1PQFM_XObs_entangled_trainable_rzz_QLayers_5___seed_1_1761468207
9531392,1-Training-Losses/explained_variance,0.697655975818634,Pong1PQFM_XObs_entangled_trainable_rzz_QLayers_5___seed_1_1761468207
9535488,1-Training-Losses/explained_variance,0.8062378764152527,Pong1PQFM_XObs_entangled_trainable_rzz_QLayers_5___seed_1_1761468207
9539584,1-Training-Losses/explained_variance,0.7826827764511108,Pong1PQFM_XObs_entangled_trainable_rzz_QLayers_5___seed_1_1761468207
9543680,1-Training-Losses/explained_variance,0.716558039188385,Pong1PQFM_XObs_entangled_trainable_rzz_QLayers_5___seed_1_1761468207
9547776,1-Training-Losses/explained_variance,0.7601538300514221,Pong1PQFM_XObs_entangled_trainable_rzz_QLayers_5___seed_1_1761468207
9551872,1-Training-Losses/explained_variance,0.7471640706062317,Pong1PQFM_XObs_entangled_trainable_rzz_QLayers_5___seed_1_1761468207
9555968,1-Training-Losses/explained_variance,0.7756562232971191,Pong1PQFM_XObs_entangled_trainable_rzz_QLayers_5___seed_1_1761468207
9560064,1-Training-Losses/explained_variance,0.8387296199798584,Pong1PQFM_XObs_entangled_trainable_rzz_QLayers_5___seed_1_1761468207
9564160,1-Training-Losses/explained_variance,0.7418582439422607,Pong1PQFM_XObs_entangled_trainable_rzz_QLayers_5___seed_1_1761468207
9568256,1-Training-Losses/explained_variance,0.8306539058685303,Pong1PQFM_XObs_entangled_trainable_rzz_QLayers_5___seed_1_1761468207
9572352,1-Training-Losses/explained_variance,0.7175703644752502,Pong1PQFM_XObs_entangled_trainable_rzz_QLayers_5___seed_1_1761468207
9576448,1-Training-Losses/explained_variance,0.7989861965179443,Pong1PQFM_XObs_entangled_trainable_rzz_QLayers_5___seed_1_1761468207
9580544,1-Training-Losses/explained_variance,0.7795825004577637,Pong1PQFM_XObs_entangled_trainable_rzz_QLayers_5___seed_1_1761468207
9584640,1-Training-Losses/explained_variance,0.8157235383987427,Pong1PQFM_XObs_entangled_trainable_rzz_QLayers_5___seed_1_1761468207
9588736,1-Training-Losses/explained_variance,0.8277430534362793,Pong1PQFM_XObs_entangled_trainable_rzz_QLayers_5___seed_1_1761468207
9592832,1-Training-Losses/explained_variance,0.8297176361083984,Pong1PQFM_XObs_entangled_trainable_rzz_QLayers_5___seed_1_1761468207
9596928,1-Training-Losses/explained_variance,0.7796764373779297,Pong1PQFM_XObs_entangled_trainable_rzz_QLayers_5___seed_1_1761468207
9601024,1-Training-Losses/explained_variance,0.760909378528595,Pong1PQFM_XObs_entangled_trainable_rzz_QLayers_5___seed_1_1761468207
9605120,1-Training-Losses/explained_variance,0.8121178150177002,Pong1PQFM_XObs_entangled_trainable_rzz_QLayers_5___seed_1_1761468207
9609216,1-Training-Losses/explained_variance,0.7679150104522705,Pong1PQFM_XObs_entangled_trainable_rzz_QLayers_5___seed_1_1761468207
9613312,1-Training-Losses/explained_variance,0.7583414316177368,Pong1PQFM_XObs_entangled_trainable_rzz_QLayers_5___seed_1_1761468207
9617408,1-Training-Losses/explained_variance,0.7862533330917358,Pong1PQFM_XObs_entangled_trainable_rzz_QLayers_5___seed_1_1761468207
9621504,1-Training-Losses/explained_variance,0.7560564875602722,Pong1PQFM_XObs_entangled_trainable_rzz_QLayers_5___seed_1_1761468207
9625600,1-Training-Losses/explained_variance,0.8455215692520142,Pong1PQFM_XObs_entangled_trainable_rzz_QLayers_5___seed_1_1761468207
9629696,1-Training-Losses/explained_variance,0.7662274241447449,Pong1PQFM_XObs_entangled_trainable_rzz_QLayers_5___seed_1_1761468207
9633792,1-Training-Losses/explained_variance,0.6829923391342163,Pong1PQFM_XObs_entangled_trainable_rzz_QLayers_5___seed_1_1761468207
9637888,1-Training-Losses/explained_variance,0.8030266165733337,Pong1PQFM_XObs_entangled_trainable_rzz_QLayers_5___seed_1_1761468207
9641984,1-Training-Losses/explained_variance,0.7876898050308228,Pong1PQFM_XObs_entangled_trainable_rzz_QLayers_5___seed_1_1761468207
9646080,1-Training-Losses/explained_variance,0.7364006042480469,Pong1PQFM_XObs_entangled_trainable_rzz_QLayers_5___seed_1_1761468207
9650176,1-Training-Losses/explained_variance,0.7971949577331543,Pong1PQFM_XObs_entangled_trainable_rzz_QLayers_5___seed_1_1761468207
9654272,1-Training-Losses/explained_variance,0.7949127554893494,Pong1PQFM_XObs_entangled_trainable_rzz_QLayers_5___seed_1_1761468207
9658368,1-Training-Losses/explained_variance,0.8626441955566406,Pong1PQFM_XObs_entangled_trainable_rzz_QLayers_5___seed_1_1761468207
9662464,1-Training-Losses/explained_variance,0.7515000104904175,Pong1PQFM_XObs_entangled_trainable_rzz_QLayers_5___seed_1_1761468207
9666560,1-Training-Losses/explained_variance,0.8341947793960571,Pong1PQFM_XObs_entangled_trainable_rzz_QLayers_5___seed_1_1761468207
9670656,1-Training-Losses/explained_variance,0.7408638596534729,Pong1PQFM_XObs_entangled_trainable_rzz_QLayers_5___seed_1_1761468207
9674752,1-Training-Losses/explained_variance,0.7196024656295776,Pong1PQFM_XObs_entangled_trainable_rzz_QLayers_5___seed_1_1761468207
9678848,1-Training-Losses/explained_variance,0.7853294610977173,Pong1PQFM_XObs_entangled_trainable_rzz_QLayers_5___seed_1_1761468207
9682944,1-Training-Losses/explained_variance,0.8112711906433105,Pong1PQFM_XObs_entangled_trainable_rzz_QLayers_5___seed_1_1761468207
9687040,1-Training-Losses/explained_variance,0.8176692128181458,Pong1PQFM_XObs_entangled_trainable_rzz_QLayers_5___seed_1_1761468207
9691136,1-Training-Losses/explained_variance,0.7733506560325623,Pong1PQFM_XObs_entangled_trainable_rzz_QLayers_5___seed_1_1761468207
9695232,1-Training-Losses/explained_variance,0.7492835521697998,Pong1PQFM_XObs_entangled_trainable_rzz_QLayers_5___seed_1_1761468207
9699328,1-Training-Losses/explained_variance,0.826874852180481,Pong1PQFM_XObs_entangled_trainable_rzz_QLayers_5___seed_1_1761468207
9703424,1-Training-Losses/explained_variance,0.7646780014038086,Pong1PQFM_XObs_entangled_trainable_rzz_QLayers_5___seed_1_1761468207
9707520,1-Training-Losses/explained_variance,0.7825850248336792,Pong1PQFM_XObs_entangled_trainable_rzz_QLayers_5___seed_1_1761468207
9711616,1-Training-Losses/explained_variance,0.6814845204353333,Pong1PQFM_XObs_entangled_trainable_rzz_QLayers_5___seed_1_1761468207
9715712,1-Training-Losses/explained_variance,0.7937251329421997,Pong1PQFM_XObs_entangled_trainable_rzz_QLayers_5___seed_1_1761468207
9719808,1-Training-Losses/explained_variance,0.7889671325683594,Pong1PQFM_XObs_entangled_trainable_rzz_QLayers_5___seed_1_1761468207
9723904,1-Training-Losses/explained_variance,0.7694401741027832,Pong1PQFM_XObs_entangled_trainable_rzz_QLayers_5___seed_1_1761468207
9728000,1-Training-Losses/explained_variance,0.721182107925415,Pong1PQFM_XObs_entangled_trainable_rzz_QLayers_5___seed_1_1761468207
9732096,1-Training-Losses/explained_variance,0.7418550252914429,Pong1PQFM_XObs_entangled_trainable_rzz_QLayers_5___seed_1_1761468207
9736192,1-Training-Losses/explained_variance,0.7682784199714661,Pong1PQFM_XObs_entangled_trainable_rzz_QLayers_5___seed_1_1761468207
9740288,1-Training-Losses/explained_variance,0.7244539856910706,Pong1PQFM_XObs_entangled_trainable_rzz_QLayers_5___seed_1_1761468207
9744384,1-Training-Losses/explained_variance,0.6987117528915405,Pong1PQFM_XObs_entangled_trainable_rzz_QLayers_5___seed_1_1761468207
9748480,1-Training-Losses/explained_variance,0.7939350605010986,Pong1PQFM_XObs_entangled_trainable_rzz_QLayers_5___seed_1_1761468207
9752576,1-Training-Losses/explained_variance,0.7099331617355347,Pong1PQFM_XObs_entangled_trainable_rzz_QLayers_5___seed_1_1761468207
9756672,1-Training-Losses/explained_variance,0.7589985728263855,Pong1PQFM_XObs_entangled_trainable_rzz_QLayers_5___seed_1_1761468207
9760768,1-Training-Losses/explained_variance,0.6449177265167236,Pong1PQFM_XObs_entangled_trainable_rzz_QLayers_5___seed_1_1761468207
9764864,1-Training-Losses/explained_variance,0.7578777074813843,Pong1PQFM_XObs_entangled_trainable_rzz_QLayers_5___seed_1_1761468207
9768960,1-Training-Losses/explained_variance,0.6675872802734375,Pong1PQFM_XObs_entangled_trainable_rzz_QLayers_5___seed_1_1761468207
9773056,1-Training-Losses/explained_variance,0.7331515550613403,Pong1PQFM_XObs_entangled_trainable_rzz_QLayers_5___seed_1_1761468207
9777152,1-Training-Losses/explained_variance,0.6795938611030579,Pong1PQFM_XObs_entangled_trainable_rzz_QLayers_5___seed_1_1761468207
9781248,1-Training-Losses/explained_variance,0.7351537942886353,Pong1PQFM_XObs_entangled_trainable_rzz_QLayers_5___seed_1_1761468207
9785344,1-Training-Losses/explained_variance,0.7242438793182373,Pong1PQFM_XObs_entangled_trainable_rzz_QLayers_5___seed_1_1761468207
9789440,1-Training-Losses/explained_variance,0.7843026518821716,Pong1PQFM_XObs_entangled_trainable_rzz_QLayers_5___seed_1_1761468207
9793536,1-Training-Losses/explained_variance,0.5212552547454834,Pong1PQFM_XObs_entangled_trainable_rzz_QLayers_5___seed_1_1761468207
9797632,1-Training-Losses/explained_variance,0.7176780700683594,Pong1PQFM_XObs_entangled_trainable_rzz_QLayers_5___seed_1_1761468207
9801728,1-Training-Losses/explained_variance,0.677078366279602,Pong1PQFM_XObs_entangled_trainable_rzz_QLayers_5___seed_1_1761468207
9805824,1-Training-Losses/explained_variance,0.7685826420783997,Pong1PQFM_XObs_entangled_trainable_rzz_QLayers_5___seed_1_1761468207
9809920,1-Training-Losses/explained_variance,0.5909556150436401,Pong1PQFM_XObs_entangled_trainable_rzz_QLayers_5___seed_1_1761468207
9814016,1-Training-Losses/explained_variance,0.6079230904579163,Pong1PQFM_XObs_entangled_trainable_rzz_QLayers_5___seed_1_1761468207
9818112,1-Training-Losses/explained_variance,0.6878559589385986,Pong1PQFM_XObs_entangled_trainable_rzz_QLayers_5___seed_1_1761468207
9822208,1-Training-Losses/explained_variance,0.8100160360336304,Pong1PQFM_XObs_entangled_trainable_rzz_QLayers_5___seed_1_1761468207
9826304,1-Training-Losses/explained_variance,0.6868283748626709,Pong1PQFM_XObs_entangled_trainable_rzz_QLayers_5___seed_1_1761468207
9830400,1-Training-Losses/explained_variance,0.6635268926620483,Pong1PQFM_XObs_entangled_trainable_rzz_QLayers_5___seed_1_1761468207
9834496,1-Training-Losses/explained_variance,0.7972544431686401,Pong1PQFM_XObs_entangled_trainable_rzz_QLayers_5___seed_1_1761468207
9838592,1-Training-Losses/explained_variance,0.7138394117355347,Pong1PQFM_XObs_entangled_trainable_rzz_QLayers_5___seed_1_1761468207
9842688,1-Training-Losses/explained_variance,0.787117600440979,Pong1PQFM_XObs_entangled_trainable_rzz_QLayers_5___seed_1_1761468207
9846784,1-Training-Losses/explained_variance,0.7344877123832703,Pong1PQFM_XObs_entangled_trainable_rzz_QLayers_5___seed_1_1761468207
9850880,1-Training-Losses/explained_variance,0.7569041848182678,Pong1PQFM_XObs_entangled_trainable_rzz_QLayers_5___seed_1_1761468207
9854976,1-Training-Losses/explained_variance,0.7159484028816223,Pong1PQFM_XObs_entangled_trainable_rzz_QLayers_5___seed_1_1761468207
9859072,1-Training-Losses/explained_variance,0.7953258752822876,Pong1PQFM_XObs_entangled_trainable_rzz_QLayers_5___seed_1_1761468207
9863168,1-Training-Losses/explained_variance,0.8057180643081665,Pong1PQFM_XObs_entangled_trainable_rzz_QLayers_5___seed_1_1761468207
9867264,1-Training-Losses/explained_variance,0.6737067103385925,Pong1PQFM_XObs_entangled_trainable_rzz_QLayers_5___seed_1_1761468207
9871360,1-Training-Losses/explained_variance,0.60207599401474,Pong1PQFM_XObs_entangled_trainable_rzz_QLayers_5___seed_1_1761468207
9875456,1-Training-Losses/explained_variance,0.6936913728713989,Pong1PQFM_XObs_entangled_trainable_rzz_QLayers_5___seed_1_1761468207
9879552,1-Training-Losses/explained_variance,0.7762521505355835,Pong1PQFM_XObs_entangled_trainable_rzz_QLayers_5___seed_1_1761468207
9883648,1-Training-Losses/explained_variance,0.6967459321022034,Pong1PQFM_XObs_entangled_trainable_rzz_QLayers_5___seed_1_1761468207
9887744,1-Training-Losses/explained_variance,0.7809320092201233,Pong1PQFM_XObs_entangled_trainable_rzz_QLayers_5___seed_1_1761468207
9891840,1-Training-Losses/explained_variance,0.7326978445053101,Pong1PQFM_XObs_entangled_trainable_rzz_QLayers_5___seed_1_1761468207
9895936,1-Training-Losses/explained_variance,0.8049713969230652,Pong1PQFM_XObs_entangled_trainable_rzz_QLayers_5___seed_1_1761468207
9900032,1-Training-Losses/explained_variance,0.6934717297554016,Pong1PQFM_XObs_entangled_trainable_rzz_QLayers_5___seed_1_1761468207
9904128,1-Training-Losses/explained_variance,0.6537283658981323,Pong1PQFM_XObs_entangled_trainable_rzz_QLayers_5___seed_1_1761468207
9908224,1-Training-Losses/explained_variance,0.7613399028778076,Pong1PQFM_XObs_entangled_trainable_rzz_QLayers_5___seed_1_1761468207
9912320,1-Training-Losses/explained_variance,0.7346621751785278,Pong1PQFM_XObs_entangled_trainable_rzz_QLayers_5___seed_1_1761468207
9916416,1-Training-Losses/explained_variance,0.6170311570167542,Pong1PQFM_XObs_entangled_trainable_rzz_QLayers_5___seed_1_1761468207
9920512,1-Training-Losses/explained_variance,0.8077431321144104,Pong1PQFM_XObs_entangled_trainable_rzz_QLayers_5___seed_1_1761468207
9924608,1-Training-Losses/explained_variance,0.656611979007721,Pong1PQFM_XObs_entangled_trainable_rzz_QLayers_5___seed_1_1761468207
9928704,1-Training-Losses/explained_variance,0.733993649482727,Pong1PQFM_XObs_entangled_trainable_rzz_QLayers_5___seed_1_1761468207
9932800,1-Training-Losses/explained_variance,0.8052411675453186,Pong1PQFM_XObs_entangled_trainable_rzz_QLayers_5___seed_1_1761468207
9936896,1-Training-Losses/explained_variance,0.7640008330345154,Pong1PQFM_XObs_entangled_trainable_rzz_QLayers_5___seed_1_1761468207
9940992,1-Training-Losses/explained_variance,0.7578628063201904,Pong1PQFM_XObs_entangled_trainable_rzz_QLayers_5___seed_1_1761468207
9945088,1-Training-Losses/explained_variance,0.7658454179763794,Pong1PQFM_XObs_entangled_trainable_rzz_QLayers_5___seed_1_1761468207
9949184,1-Training-Losses/explained_variance,0.7321709394454956,Pong1PQFM_XObs_entangled_trainable_rzz_QLayers_5___seed_1_1761468207
9953280,1-Training-Losses/explained_variance,0.808361291885376,Pong1PQFM_XObs_entangled_trainable_rzz_QLayers_5___seed_1_1761468207
9957376,1-Training-Losses/explained_variance,0.8169481754302979,Pong1PQFM_XObs_entangled_trainable_rzz_QLayers_5___seed_1_1761468207
9961472,1-Training-Losses/explained_variance,0.7421555519104004,Pong1PQFM_XObs_entangled_trainable_rzz_QLayers_5___seed_1_1761468207
9965568,1-Training-Losses/explained_variance,0.7006458044052124,Pong1PQFM_XObs_entangled_trainable_rzz_QLayers_5___seed_1_1761468207
9969664,1-Training-Losses/explained_variance,0.6039486527442932,Pong1PQFM_XObs_entangled_trainable_rzz_QLayers_5___seed_1_1761468207
9973760,1-Training-Losses/explained_variance,0.849700927734375,Pong1PQFM_XObs_entangled_trainable_rzz_QLayers_5___seed_1_1761468207
9977856,1-Training-Losses/explained_variance,0.7621859312057495,Pong1PQFM_XObs_entangled_trainable_rzz_QLayers_5___seed_1_1761468207
9981952,1-Training-Losses/explained_variance,0.7748309969902039,Pong1PQFM_XObs_entangled_trainable_rzz_QLayers_5___seed_1_1761468207
9986048,1-Training-Losses/explained_variance,0.7436686754226685,Pong1PQFM_XObs_entangled_trainable_rzz_QLayers_5___seed_1_1761468207
9990144,1-Training-Losses/explained_variance,0.7406893968582153,Pong1PQFM_XObs_entangled_trainable_rzz_QLayers_5___seed_1_1761468207
9994240,1-Training-Losses/explained_variance,0.762344241142273,Pong1PQFM_XObs_entangled_trainable_rzz_QLayers_5___seed_1_1761468207
9998336,1-Training-Losses/explained_variance,0.7619344592094421,Pong1PQFM_XObs_entangled_trainable_rzz_QLayers_5___seed_1_1761468207
4096,1-Training-Losses/policy_loss,-0.0007791705429553986,Pong1PQFM_XObs_entangled_trainable_rzz_QLayers_5___seed_1_1761468207
8192,1-Training-Losses/policy_loss,-0.0003698151558637619,Pong1PQFM_XObs_entangled_trainable_rzz_QLayers_5___seed_1_1761468207
12288,1-Training-Losses/policy_loss,-0.0004157733637839556,Pong1PQFM_XObs_entangled_trainable_rzz_QLayers_5___seed_1_1761468207
16384,1-Training-Losses/policy_loss,-0.000300833024084568,Pong1PQFM_XObs_entangled_trainable_rzz_QLayers_5___seed_1_1761468207
20480,1-Training-Losses/policy_loss,-0.00020940275862812996,Pong1PQFM_XObs_entangled_trainable_rzz_QLayers_5___seed_1_1761468207
24576,1-Training-Losses/policy_loss,-6.604800000786781e-05,Pong1PQFM_XObs_entangled_trainable_rzz_QLayers_5___seed_1_1761468207
28672,1-Training-Losses/policy_loss,-0.00017879903316497803,Pong1PQFM_XObs_entangled_trainable_rzz_QLayers_5___seed_1_1761468207
32768,1-Training-Losses/policy_loss,-0.00018660025671124458,Pong1PQFM_XObs_entangled_trainable_rzz_QLayers_5___seed_1_1761468207
36864,1-Training-Losses/policy_loss,-0.00023971893824636936,Pong1PQFM_XObs_entangled_trainable_rzz_QLayers_5___seed_1_1761468207
40960,1-Training-Losses/policy_loss,-0.00017572380602359772,Pong1PQFM_XObs_entangled_trainable_rzz_QLayers_5___seed_1_1761468207
45056,1-Training-Losses/policy_loss,-0.00034418608993291855,Pong1PQFM_XObs_entangled_trainable_rzz_QLayers_5___seed_1_1761468207
49152,1-Training-Losses/policy_loss,-0.00010245153680443764,Pong1PQFM_XObs_entangled_trainable_rzz_QLayers_5___seed_1_1761468207
53248,1-Training-Losses/policy_loss,-0.0003623603843152523,Pong1PQFM_XObs_entangled_trainable_rzz_QLayers_5___seed_1_1761468207
57344,1-Training-Losses/policy_loss,-0.00022725295275449753,Pong1PQFM_XObs_entangled_trainable_rzz_QLayers_5___seed_1_1761468207
61440,1-Training-Losses/policy_loss,-0.000420778407715261,Pong1PQFM_XObs_entangled_trainable_rzz_QLayers_5___seed_1_1761468207
65536,1-Training-Losses/policy_loss,-9.37820877879858e-05,Pong1PQFM_XObs_entangled_trainable_rzz_QLayers_5___seed_1_1761468207
69632,1-Training-Losses/policy_loss,-0.00018597859889268875,Pong1PQFM_XObs_entangled_trainable_rzz_QLayers_5___seed_1_1761468207
73728,1-Training-Losses/policy_loss,-0.00032655359245836735,Pong1PQFM_XObs_entangled_trainable_rzz_QLayers_5___seed_1_1761468207
77824,1-Training-Losses/policy_loss,-0.00022200378589332104,Pong1PQFM_XObs_entangled_trainable_rzz_QLayers_5___seed_1_1761468207
81920,1-Training-Losses/policy_loss,-0.00032829493284225464,Pong1PQFM_XObs_entangled_trainable_rzz_QLayers_5___seed_1_1761468207
86016,1-Training-Losses/policy_loss,-0.00015543820336461067,Pong1PQFM_XObs_entangled_trainable_rzz_QLayers_5___seed_1_1761468207
90112,1-Training-Losses/policy_loss,2.9775314033031464e-05,Pong1PQFM_XObs_entangled_trainable_rzz_QLayers_5___seed_1_1761468207
94208,1-Training-Losses/policy_loss,-4.7937966883182526e-05,Pong1PQFM_XObs_entangled_trainable_rzz_QLayers_5___seed_1_1761468207
98304,1-Training-Losses/policy_loss,-7.88988545536995e-05,Pong1PQFM_XObs_entangled_trainable_rzz_QLayers_5___seed_1_1761468207
102400,1-Training-Losses/policy_loss,-7.01146200299263e-05,Pong1PQFM_XObs_entangled_trainable_rzz_QLayers_5___seed_1_1761468207
106496,1-Training-Losses/policy_loss,-0.00018923962488770485,Pong1PQFM_XObs_entangled_trainable_rzz_QLayers_5___seed_1_1761468207
110592,1-Training-Losses/policy_loss,-8.24551098048687e-05,Pong1PQFM_XObs_entangled_trainable_rzz_QLayers_5___seed_1_1761468207
114688,1-Training-Losses/policy_loss,-0.00013820407912135124,Pong1PQFM_XObs_entangled_trainable_rzz_QLayers_5___seed_1_1761468207
118784,1-Training-Losses/policy_loss,-0.00014721439220011234,Pong1PQFM_XObs_entangled_trainable_rzz_QLayers_5___seed_1_1761468207
122880,1-Training-Losses/policy_loss,-0.00018759863451123238,Pong1PQFM_XObs_entangled_trainable_rzz_QLayers_5___seed_1_1761468207
126976,1-Training-Losses/policy_loss,-0.00025248434394598007,Pong1PQFM_XObs_entangled_trainable_rzz_QLayers_5___seed_1_1761468207
131072,1-Training-Losses/policy_loss,-0.0004029548726975918,Pong1PQFM_XObs_entangled_trainable_rzz_QLayers_5___seed_1_1761468207
135168,1-Training-Losses/policy_loss,-7.587450090795755e-05,Pong1PQFM_XObs_entangled_trainable_rzz_QLayers_5___seed_1_1761468207
139264,1-Training-Losses/policy_loss,-5.764327943325043e-05,Pong1PQFM_XObs_entangled_trainable_rzz_QLayers_5___seed_1_1761468207
143360,1-Training-Losses/policy_loss,-0.00012989435344934464,Pong1PQFM_XObs_entangled_trainable_rzz_QLayers_5___seed_1_1761468207
147456,1-Training-Losses/policy_loss,-4.293955862522125e-05,Pong1PQFM_XObs_entangled_trainable_rzz_QLayers_5___seed_1_1761468207
151552,1-Training-Losses/policy_loss,-0.0004550502635538578,Pong1PQFM_XObs_entangled_trainable_rzz_QLayers_5___seed_1_1761468207
155648,1-Training-Losses/policy_loss,-0.00010643340647220612,Pong1PQFM_XObs_entangled_trainable_rzz_QLayers_5___seed_1_1761468207
159744,1-Training-Losses/policy_loss,-0.00021941401064395905,Pong1PQFM_XObs_entangled_trainable_rzz_QLayers_5___seed_1_1761468207
163840,1-Training-Losses/policy_loss,-0.00014552660286426544,Pong1PQFM_XObs_entangled_trainable_rzz_QLayers_5___seed_1_1761468207
167936,1-Training-Losses/policy_loss,-0.0002118246629834175,Pong1PQFM_XObs_entangled_trainable_rzz_QLayers_5___seed_1_1761468207
172032,1-Training-Losses/policy_loss,-0.000326717272400856,Pong1PQFM_XObs_entangled_trainable_rzz_QLayers_5___seed_1_1761468207
176128,1-Training-Losses/policy_loss,-0.00043339934200048447,Pong1PQFM_XObs_entangled_trainable_rzz_QLayers_5___seed_1_1761468207
180224,1-Training-Losses/policy_loss,-7.519219070672989e-05,Pong1PQFM_XObs_entangled_trainable_rzz_QLayers_5___seed_1_1761468207
184320,1-Training-Losses/policy_loss,-0.00010832957923412323,Pong1PQFM_XObs_entangled_trainable_rzz_QLayers_5___seed_1_1761468207
188416,1-Training-Losses/policy_loss,-0.00014889845624566078,Pong1PQFM_XObs_entangled_trainable_rzz_QLayers_5___seed_1_1761468207
192512,1-Training-Losses/policy_loss,-0.0005291774868965149,Pong1PQFM_XObs_entangled_trainable_rzz_QLayers_5___seed_1_1761468207
196608,1-Training-Losses/policy_loss,-0.00011287443339824677,Pong1PQFM_XObs_entangled_trainable_rzz_QLayers_5___seed_1_1761468207
200704,1-Training-Losses/policy_loss,-0.0006104926578700542,Pong1PQFM_XObs_entangled_trainable_rzz_QLayers_5___seed_1_1761468207
204800,1-Training-Losses/policy_loss,-0.00024298299103975296,Pong1PQFM_XObs_entangled_trainable_rzz_QLayers_5___seed_1_1761468207
208896,1-Training-Losses/policy_loss,-7.792375981807709e-06,Pong1PQFM_XObs_entangled_trainable_rzz_QLayers_5___seed_1_1761468207
212992,1-Training-Losses/policy_loss,-0.00039345864206552505,Pong1PQFM_XObs_entangled_trainable_rzz_QLayers_5___seed_1_1761468207
217088,1-Training-Losses/policy_loss,-0.00047850608825683594,Pong1PQFM_XObs_entangled_trainable_rzz_QLayers_5___seed_1_1761468207
221184,1-Training-Losses/policy_loss,-0.00014381622895598412,Pong1PQFM_XObs_entangled_trainable_rzz_QLayers_5___seed_1_1761468207
225280,1-Training-Losses/policy_loss,-9.95248556137085e-05,Pong1PQFM_XObs_entangled_trainable_rzz_QLayers_5___seed_1_1761468207
229376,1-Training-Losses/policy_loss,-0.00017458898946642876,Pong1PQFM_XObs_entangled_trainable_rzz_QLayers_5___seed_1_1761468207
233472,1-Training-Losses/policy_loss,-0.0001530158333480358,Pong1PQFM_XObs_entangled_trainable_rzz_QLayers_5___seed_1_1761468207
237568,1-Training-Losses/policy_loss,-0.00020548468455672264,Pong1PQFM_XObs_entangled_trainable_rzz_QLayers_5___seed_1_1761468207
241664,1-Training-Losses/policy_loss,-0.00018316134810447693,Pong1PQFM_XObs_entangled_trainable_rzz_QLayers_5___seed_1_1761468207
245760,1-Training-Losses/policy_loss,-0.00018156133592128754,Pong1PQFM_XObs_entangled_trainable_rzz_QLayers_5___seed_1_1761468207
249856,1-Training-Losses/policy_loss,-0.00035215169191360474,Pong1PQFM_XObs_entangled_trainable_rzz_QLayers_5___seed_1_1761468207
253952,1-Training-Losses/policy_loss,-0.0004476327449083328,Pong1PQFM_XObs_entangled_trainable_rzz_QLayers_5___seed_1_1761468207
258048,1-Training-Losses/policy_loss,-0.00024688057601451874,Pong1PQFM_XObs_entangled_trainable_rzz_QLayers_5___seed_1_1761468207
262144,1-Training-Losses/policy_loss,-6.688013672828674e-05,Pong1PQFM_XObs_entangled_trainable_rzz_QLayers_5___seed_1_1761468207
266240,1-Training-Losses/policy_loss,-0.00022503454238176346,Pong1PQFM_XObs_entangled_trainable_rzz_QLayers_5___seed_1_1761468207
270336,1-Training-Losses/policy_loss,-0.00020199455320835114,Pong1PQFM_XObs_entangled_trainable_rzz_QLayers_5___seed_1_1761468207
274432,1-Training-Losses/policy_loss,-0.0002011256292462349,Pong1PQFM_XObs_entangled_trainable_rzz_QLayers_5___seed_1_1761468207
278528,1-Training-Losses/policy_loss,-0.0003657545894384384,Pong1PQFM_XObs_entangled_trainable_rzz_QLayers_5___seed_1_1761468207
282624,1-Training-Losses/policy_loss,-0.000257677398622036,Pong1PQFM_XObs_entangled_trainable_rzz_QLayers_5___seed_1_1761468207
286720,1-Training-Losses/policy_loss,-0.0003779390826821327,Pong1PQFM_XObs_entangled_trainable_rzz_QLayers_5___seed_1_1761468207
290816,1-Training-Losses/policy_loss,-0.00026100780814886093,Pong1PQFM_XObs_entangled_trainable_rzz_QLayers_5___seed_1_1761468207
294912,1-Training-Losses/policy_loss,-0.00044208019971847534,Pong1PQFM_XObs_entangled_trainable_rzz_QLayers_5___seed_1_1761468207
299008,1-Training-Losses/policy_loss,-6.741844117641449e-06,Pong1PQFM_XObs_entangled_trainable_rzz_QLayers_5___seed_1_1761468207
303104,1-Training-Losses/policy_loss,-0.000290432944893837,Pong1PQFM_XObs_entangled_trainable_rzz_QLayers_5___seed_1_1761468207
307200,1-Training-Losses/policy_loss,-3.910856321454048e-05,Pong1PQFM_XObs_entangled_trainable_rzz_QLayers_5___seed_1_1761468207
311296,1-Training-Losses/policy_loss,-0.00018682773225009441,Pong1PQFM_XObs_entangled_trainable_rzz_QLayers_5___seed_1_1761468207
315392,1-Training-Losses/policy_loss,-0.0005969773046672344,Pong1PQFM_XObs_entangled_trainable_rzz_QLayers_5___seed_1_1761468207
319488,1-Training-Losses/policy_loss,-0.00017288560047745705,Pong1PQFM_XObs_entangled_trainable_rzz_QLayers_5___seed_1_1761468207
323584,1-Training-Losses/policy_loss,-0.00029327720403671265,Pong1PQFM_XObs_entangled_trainable_rzz_QLayers_5___seed_1_1761468207
327680,1-Training-Losses/policy_loss,-0.0005281851626932621,Pong1PQFM_XObs_entangled_trainable_rzz_QLayers_5___seed_1_1761468207
331776,1-Training-Losses/policy_loss,-0.00046557141467928886,Pong1PQFM_XObs_entangled_trainable_rzz_QLayers_5___seed_1_1761468207
335872,1-Training-Losses/policy_loss,6.058928556740284e-05,Pong1PQFM_XObs_entangled_trainable_rzz_QLayers_5___seed_1_1761468207
339968,1-Training-Losses/policy_loss,-0.0002410956658422947,Pong1PQFM_XObs_entangled_trainable_rzz_QLayers_5___seed_1_1761468207
344064,1-Training-Losses/policy_loss,-0.0014214953407645226,Pong1PQFM_XObs_entangled_trainable_rzz_QLayers_5___seed_1_1761468207
348160,1-Training-Losses/policy_loss,-4.4718384742736816e-05,Pong1PQFM_XObs_entangled_trainable_rzz_QLayers_5___seed_1_1761468207
352256,1-Training-Losses/policy_loss,-0.00016948534175753593,Pong1PQFM_XObs_entangled_trainable_rzz_QLayers_5___seed_1_1761468207
356352,1-Training-Losses/policy_loss,-0.0001337914727628231,Pong1PQFM_XObs_entangled_trainable_rzz_QLayers_5___seed_1_1761468207
360448,1-Training-Losses/policy_loss,-0.00016827508807182312,Pong1PQFM_XObs_entangled_trainable_rzz_QLayers_5___seed_1_1761468207
364544,1-Training-Losses/policy_loss,-0.00036930665373802185,Pong1PQFM_XObs_entangled_trainable_rzz_QLayers_5___seed_1_1761468207
368640,1-Training-Losses/policy_loss,-0.0001570349559187889,Pong1PQFM_XObs_entangled_trainable_rzz_QLayers_5___seed_1_1761468207
372736,1-Training-Losses/policy_loss,-0.00027144746854901314,Pong1PQFM_XObs_entangled_trainable_rzz_QLayers_5___seed_1_1761468207
376832,1-Training-Losses/policy_loss,-0.00020391680300235748,Pong1PQFM_XObs_entangled_trainable_rzz_QLayers_5___seed_1_1761468207
380928,1-Training-Losses/policy_loss,-0.00044102384708821774,Pong1PQFM_XObs_entangled_trainable_rzz_QLayers_5___seed_1_1761468207
385024,1-Training-Losses/policy_loss,-0.0005464511923491955,Pong1PQFM_XObs_entangled_trainable_rzz_QLayers_5___seed_1_1761468207
389120,1-Training-Losses/policy_loss,-0.0006878715939819813,Pong1PQFM_XObs_entangled_trainable_rzz_QLayers_5___seed_1_1761468207
393216,1-Training-Losses/policy_loss,-8.426327258348465e-05,Pong1PQFM_XObs_entangled_trainable_rzz_QLayers_5___seed_1_1761468207
397312,1-Training-Losses/policy_loss,-0.00031270901672542095,Pong1PQFM_XObs_entangled_trainable_rzz_QLayers_5___seed_1_1761468207
401408,1-Training-Losses/policy_loss,-0.0005253385752439499,Pong1PQFM_XObs_entangled_trainable_rzz_QLayers_5___seed_1_1761468207
405504,1-Training-Losses/policy_loss,-0.001310641411691904,Pong1PQFM_XObs_entangled_trainable_rzz_QLayers_5___seed_1_1761468207
409600,1-Training-Losses/policy_loss,-0.0003459509462118149,Pong1PQFM_XObs_entangled_trainable_rzz_QLayers_5___seed_1_1761468207
413696,1-Training-Losses/policy_loss,-0.0002968795597553253,Pong1PQFM_XObs_entangled_trainable_rzz_QLayers_5___seed_1_1761468207
417792,1-Training-Losses/policy_loss,-9.179860353469849e-05,Pong1PQFM_XObs_entangled_trainable_rzz_QLayers_5___seed_1_1761468207
421888,1-Training-Losses/policy_loss,-0.0003989050164818764,Pong1PQFM_XObs_entangled_trainable_rzz_QLayers_5___seed_1_1761468207
425984,1-Training-Losses/policy_loss,-0.0007019937038421631,Pong1PQFM_XObs_entangled_trainable_rzz_QLayers_5___seed_1_1761468207
430080,1-Training-Losses/policy_loss,-0.0011071576736867428,Pong1PQFM_XObs_entangled_trainable_rzz_QLayers_5___seed_1_1761468207
434176,1-Training-Losses/policy_loss,1.3314187526702881e-05,Pong1PQFM_XObs_entangled_trainable_rzz_QLayers_5___seed_1_1761468207
438272,1-Training-Losses/policy_loss,-0.0001290072686970234,Pong1PQFM_XObs_entangled_trainable_rzz_QLayers_5___seed_1_1761468207
442368,1-Training-Losses/policy_loss,-0.0004144241102039814,Pong1PQFM_XObs_entangled_trainable_rzz_QLayers_5___seed_1_1761468207
446464,1-Training-Losses/policy_loss,-0.0002608010545372963,Pong1PQFM_XObs_entangled_trainable_rzz_QLayers_5___seed_1_1761468207
450560,1-Training-Losses/policy_loss,-9.716209024190903e-05,Pong1PQFM_XObs_entangled_trainable_rzz_QLayers_5___seed_1_1761468207
454656,1-Training-Losses/policy_loss,-0.00030551617965102196,Pong1PQFM_XObs_entangled_trainable_rzz_QLayers_5___seed_1_1761468207
458752,1-Training-Losses/policy_loss,-0.00030000507831573486,Pong1PQFM_XObs_entangled_trainable_rzz_QLayers_5___seed_1_1761468207
462848,1-Training-Losses/policy_loss,-0.0003601517528295517,Pong1PQFM_XObs_entangled_trainable_rzz_QLayers_5___seed_1_1761468207
466944,1-Training-Losses/policy_loss,-0.00044085970148444176,Pong1PQFM_XObs_entangled_trainable_rzz_QLayers_5___seed_1_1761468207
471040,1-Training-Losses/policy_loss,-6.28642737865448e-06,Pong1PQFM_XObs_entangled_trainable_rzz_QLayers_5___seed_1_1761468207
475136,1-Training-Losses/policy_loss,-0.00030621420592069626,Pong1PQFM_XObs_entangled_trainable_rzz_QLayers_5___seed_1_1761468207
479232,1-Training-Losses/policy_loss,-0.0003386782482266426,Pong1PQFM_XObs_entangled_trainable_rzz_QLayers_5___seed_1_1761468207
483328,1-Training-Losses/policy_loss,-0.00019862432964146137,Pong1PQFM_XObs_entangled_trainable_rzz_QLayers_5___seed_1_1761468207
487424,1-Training-Losses/policy_loss,-0.00021600211039185524,Pong1PQFM_XObs_entangled_trainable_rzz_QLayers_5___seed_1_1761468207
491520,1-Training-Losses/policy_loss,-0.0015723807737231255,Pong1PQFM_XObs_entangled_trainable_rzz_QLayers_5___seed_1_1761468207
495616,1-Training-Losses/policy_loss,-7.768301293253899e-05,Pong1PQFM_XObs_entangled_trainable_rzz_QLayers_5___seed_1_1761468207
499712,1-Training-Losses/policy_loss,-0.00035209767520427704,Pong1PQFM_XObs_entangled_trainable_rzz_QLayers_5___seed_1_1761468207
503808,1-Training-Losses/policy_loss,-0.0002088276669383049,Pong1PQFM_XObs_entangled_trainable_rzz_QLayers_5___seed_1_1761468207
507904,1-Training-Losses/policy_loss,-0.00016667507588863373,Pong1PQFM_XObs_entangled_trainable_rzz_QLayers_5___seed_1_1761468207
512000,1-Training-Losses/policy_loss,-0.00021007051691412926,Pong1PQFM_XObs_entangled_trainable_rzz_QLayers_5___seed_1_1761468207
516096,1-Training-Losses/policy_loss,-0.00020734593272209167,Pong1PQFM_XObs_entangled_trainable_rzz_QLayers_5___seed_1_1761468207
520192,1-Training-Losses/policy_loss,-0.00030211592093110085,Pong1PQFM_XObs_entangled_trainable_rzz_QLayers_5___seed_1_1761468207
524288,1-Training-Losses/policy_loss,-0.00024510547518730164,Pong1PQFM_XObs_entangled_trainable_rzz_QLayers_5___seed_1_1761468207
528384,1-Training-Losses/policy_loss,-0.0006747930310666561,Pong1PQFM_XObs_entangled_trainable_rzz_QLayers_5___seed_1_1761468207
532480,1-Training-Losses/policy_loss,-0.0009208060801029205,Pong1PQFM_XObs_entangled_trainable_rzz_QLayers_5___seed_1_1761468207
536576,1-Training-Losses/policy_loss,-0.00035597721580415964,Pong1PQFM_XObs_entangled_trainable_rzz_QLayers_5___seed_1_1761468207
540672,1-Training-Losses/policy_loss,-0.00010321661829948425,Pong1PQFM_XObs_entangled_trainable_rzz_QLayers_5___seed_1_1761468207
544768,1-Training-Losses/policy_loss,-0.00017691380344331264,Pong1PQFM_XObs_entangled_trainable_rzz_QLayers_5___seed_1_1761468207
548864,1-Training-Losses/policy_loss,-0.0001443624496459961,Pong1PQFM_XObs_entangled_trainable_rzz_QLayers_5___seed_1_1761468207
552960,1-Training-Losses/policy_loss,-8.809147402644157e-05,Pong1PQFM_XObs_entangled_trainable_rzz_QLayers_5___seed_1_1761468207
557056,1-Training-Losses/policy_loss,-0.00033848080784082413,Pong1PQFM_XObs_entangled_trainable_rzz_QLayers_5___seed_1_1761468207
561152,1-Training-Losses/policy_loss,-0.0003066388890147209,Pong1PQFM_XObs_entangled_trainable_rzz_QLayers_5___seed_1_1761468207
565248,1-Training-Losses/policy_loss,-0.0003793034702539444,Pong1PQFM_XObs_entangled_trainable_rzz_QLayers_5___seed_1_1761468207
569344,1-Training-Losses/policy_loss,-0.0006294171325862408,Pong1PQFM_XObs_entangled_trainable_rzz_QLayers_5___seed_1_1761468207
573440,1-Training-Losses/policy_loss,-4.634261131286621e-06,Pong1PQFM_XObs_entangled_trainable_rzz_QLayers_5___seed_1_1761468207
577536,1-Training-Losses/policy_loss,-0.00023172982037067413,Pong1PQFM_XObs_entangled_trainable_rzz_QLayers_5___seed_1_1761468207
581632,1-Training-Losses/policy_loss,-0.000142010860145092,Pong1PQFM_XObs_entangled_trainable_rzz_QLayers_5___seed_1_1761468207
585728,1-Training-Losses/policy_loss,-0.00034376420080661774,Pong1PQFM_XObs_entangled_trainable_rzz_QLayers_5___seed_1_1761468207
589824,1-Training-Losses/policy_loss,-0.0004372689872980118,Pong1PQFM_XObs_entangled_trainable_rzz_QLayers_5___seed_1_1761468207
593920,1-Training-Losses/policy_loss,-0.0006249640136957169,Pong1PQFM_XObs_entangled_trainable_rzz_QLayers_5___seed_1_1761468207
598016,1-Training-Losses/policy_loss,-0.00023363204672932625,Pong1PQFM_XObs_entangled_trainable_rzz_QLayers_5___seed_1_1761468207
602112,1-Training-Losses/policy_loss,-6.261467933654785e-05,Pong1PQFM_XObs_entangled_trainable_rzz_QLayers_5___seed_1_1761468207
606208,1-Training-Losses/policy_loss,-0.0012291660532355309,Pong1PQFM_XObs_entangled_trainable_rzz_QLayers_5___seed_1_1761468207
610304,1-Training-Losses/policy_loss,0.0003639603964984417,Pong1PQFM_XObs_entangled_trainable_rzz_QLayers_5___seed_1_1761468207
614400,1-Training-Losses/policy_loss,-0.00037217047065496445,Pong1PQFM_XObs_entangled_trainable_rzz_QLayers_5___seed_1_1761468207
618496,1-Training-Losses/policy_loss,-0.00040762871503829956,Pong1PQFM_XObs_entangled_trainable_rzz_QLayers_5___seed_1_1761468207
622592,1-Training-Losses/policy_loss,-0.0008415700867772102,Pong1PQFM_XObs_entangled_trainable_rzz_QLayers_5___seed_1_1761468207
626688,1-Training-Losses/policy_loss,-0.0001204092986881733,Pong1PQFM_XObs_entangled_trainable_rzz_QLayers_5___seed_1_1761468207
630784,1-Training-Losses/policy_loss,-5.770055577158928e-05,Pong1PQFM_XObs_entangled_trainable_rzz_QLayers_5___seed_1_1761468207
634880,1-Training-Losses/policy_loss,-0.00027517974376678467,Pong1PQFM_XObs_entangled_trainable_rzz_QLayers_5___seed_1_1761468207
638976,1-Training-Losses/policy_loss,-0.00017689447849988937,Pong1PQFM_XObs_entangled_trainable_rzz_QLayers_5___seed_1_1761468207
643072,1-Training-Losses/policy_loss,-0.00014869938604533672,Pong1PQFM_XObs_entangled_trainable_rzz_QLayers_5___seed_1_1761468207
647168,1-Training-Losses/policy_loss,-0.0004951171576976776,Pong1PQFM_XObs_entangled_trainable_rzz_QLayers_5___seed_1_1761468207
651264,1-Training-Losses/policy_loss,-0.00026258639991283417,Pong1PQFM_XObs_entangled_trainable_rzz_QLayers_5___seed_1_1761468207
655360,1-Training-Losses/policy_loss,-0.00042380113154649734,Pong1PQFM_XObs_entangled_trainable_rzz_QLayers_5___seed_1_1761468207
659456,1-Training-Losses/policy_loss,-0.0009805895388126373,Pong1PQFM_XObs_entangled_trainable_rzz_QLayers_5___seed_1_1761468207
663552,1-Training-Losses/policy_loss,-0.0005734176374971867,Pong1PQFM_XObs_entangled_trainable_rzz_QLayers_5___seed_1_1761468207
667648,1-Training-Losses/policy_loss,-0.0002522626891732216,Pong1PQFM_XObs_entangled_trainable_rzz_QLayers_5___seed_1_1761468207
671744,1-Training-Losses/policy_loss,-0.0004887087270617485,Pong1PQFM_XObs_entangled_trainable_rzz_QLayers_5___seed_1_1761468207
675840,1-Training-Losses/policy_loss,-4.7464389353990555e-05,Pong1PQFM_XObs_entangled_trainable_rzz_QLayers_5___seed_1_1761468207
679936,1-Training-Losses/policy_loss,-0.00041111093014478683,Pong1PQFM_XObs_entangled_trainable_rzz_QLayers_5___seed_1_1761468207
684032,1-Training-Losses/policy_loss,-0.00029066484421491623,Pong1PQFM_XObs_entangled_trainable_rzz_QLayers_5___seed_1_1761468207
688128,1-Training-Losses/policy_loss,-0.00020513334311544895,Pong1PQFM_XObs_entangled_trainable_rzz_QLayers_5___seed_1_1761468207
692224,1-Training-Losses/policy_loss,-0.0003516692668199539,Pong1PQFM_XObs_entangled_trainable_rzz_QLayers_5___seed_1_1761468207
696320,1-Training-Losses/policy_loss,-6.795115768909454e-05,Pong1PQFM_XObs_entangled_trainable_rzz_QLayers_5___seed_1_1761468207
700416,1-Training-Losses/policy_loss,-0.00028746388852596283,Pong1PQFM_XObs_entangled_trainable_rzz_QLayers_5___seed_1_1761468207
704512,1-Training-Losses/policy_loss,-0.00011817459017038345,Pong1PQFM_XObs_entangled_trainable_rzz_QLayers_5___seed_1_1761468207
708608,1-Training-Losses/policy_loss,-0.0004091951996088028,Pong1PQFM_XObs_entangled_trainable_rzz_QLayers_5___seed_1_1761468207
712704,1-Training-Losses/policy_loss,-0.00026788096874952316,Pong1PQFM_XObs_entangled_trainable_rzz_QLayers_5___seed_1_1761468207
716800,1-Training-Losses/policy_loss,-7.943250238895416e-05,Pong1PQFM_XObs_entangled_trainable_rzz_QLayers_5___seed_1_1761468207
720896,1-Training-Losses/policy_loss,-0.0005069803446531296,Pong1PQFM_XObs_entangled_trainable_rzz_QLayers_5___seed_1_1761468207
724992,1-Training-Losses/policy_loss,-0.0005205998895689845,Pong1PQFM_XObs_entangled_trainable_rzz_QLayers_5___seed_1_1761468207
729088,1-Training-Losses/policy_loss,-0.0005985777825117111,Pong1PQFM_XObs_entangled_trainable_rzz_QLayers_5___seed_1_1761468207
733184,1-Training-Losses/policy_loss,-0.001616522902622819,Pong1PQFM_XObs_entangled_trainable_rzz_QLayers_5___seed_1_1761468207
737280,1-Training-Losses/policy_loss,-0.0008243569172918797,Pong1PQFM_XObs_entangled_trainable_rzz_QLayers_5___seed_1_1761468207
741376,1-Training-Losses/policy_loss,0.00021272478625178337,Pong1PQFM_XObs_entangled_trainable_rzz_QLayers_5___seed_1_1761468207
745472,1-Training-Losses/policy_loss,-7.582362741231918e-06,Pong1PQFM_XObs_entangled_trainable_rzz_QLayers_5___seed_1_1761468207
749568,1-Training-Losses/policy_loss,-0.0005100192502140999,Pong1PQFM_XObs_entangled_trainable_rzz_QLayers_5___seed_1_1761468207
753664,1-Training-Losses/policy_loss,-0.0010974202305078506,Pong1PQFM_XObs_entangled_trainable_rzz_QLayers_5___seed_1_1761468207
757760,1-Training-Losses/policy_loss,-0.0002813609316945076,Pong1PQFM_XObs_entangled_trainable_rzz_QLayers_5___seed_1_1761468207
761856,1-Training-Losses/policy_loss,-0.0008666496723890305,Pong1PQFM_XObs_entangled_trainable_rzz_QLayers_5___seed_1_1761468207
765952,1-Training-Losses/policy_loss,-0.0002943652216345072,Pong1PQFM_XObs_entangled_trainable_rzz_QLayers_5___seed_1_1761468207
770048,1-Training-Losses/policy_loss,-0.00026586465537548065,Pong1PQFM_XObs_entangled_trainable_rzz_QLayers_5___seed_1_1761468207
774144,1-Training-Losses/policy_loss,-0.00022605364210903645,Pong1PQFM_XObs_entangled_trainable_rzz_QLayers_5___seed_1_1761468207
778240,1-Training-Losses/policy_loss,-0.0001447238028049469,Pong1PQFM_XObs_entangled_trainable_rzz_QLayers_5___seed_1_1761468207
782336,1-Training-Losses/policy_loss,-0.0003736990038305521,Pong1PQFM_XObs_entangled_trainable_rzz_QLayers_5___seed_1_1761468207
786432,1-Training-Losses/policy_loss,-0.00014221458695828915,Pong1PQFM_XObs_entangled_trainable_rzz_QLayers_5___seed_1_1761468207
790528,1-Training-Losses/policy_loss,-0.0005305781960487366,Pong1PQFM_XObs_entangled_trainable_rzz_QLayers_5___seed_1_1761468207
794624,1-Training-Losses/policy_loss,-0.0008947569876909256,Pong1PQFM_XObs_entangled_trainable_rzz_QLayers_5___seed_1_1761468207
798720,1-Training-Losses/policy_loss,-0.0001246544998139143,Pong1PQFM_XObs_entangled_trainable_rzz_QLayers_5___seed_1_1761468207
802816,1-Training-Losses/policy_loss,-0.00031374581158161163,Pong1PQFM_XObs_entangled_trainable_rzz_QLayers_5___seed_1_1761468207
806912,1-Training-Losses/policy_loss,-0.00015105772763490677,Pong1PQFM_XObs_entangled_trainable_rzz_QLayers_5___seed_1_1761468207
811008,1-Training-Losses/policy_loss,-0.0003567161038517952,Pong1PQFM_XObs_entangled_trainable_rzz_QLayers_5___seed_1_1761468207
815104,1-Training-Losses/policy_loss,-0.001186239067465067,Pong1PQFM_XObs_entangled_trainable_rzz_QLayers_5___seed_1_1761468207
819200,1-Training-Losses/policy_loss,-0.0014416715130209923,Pong1PQFM_XObs_entangled_trainable_rzz_QLayers_5___seed_1_1761468207
823296,1-Training-Losses/policy_loss,-0.000249550212174654,Pong1PQFM_XObs_entangled_trainable_rzz_QLayers_5___seed_1_1761468207
827392,1-Training-Losses/policy_loss,-6.914138793945312e-05,Pong1PQFM_XObs_entangled_trainable_rzz_QLayers_5___seed_1_1761468207
831488,1-Training-Losses/policy_loss,-0.0006857290863990784,Pong1PQFM_XObs_entangled_trainable_rzz_QLayers_5___seed_1_1761468207
835584,1-Training-Losses/policy_loss,5.112960934638977e-06,Pong1PQFM_XObs_entangled_trainable_rzz_QLayers_5___seed_1_1761468207
839680,1-Training-Losses/policy_loss,-0.0002577211707830429,Pong1PQFM_XObs_entangled_trainable_rzz_QLayers_5___seed_1_1761468207
843776,1-Training-Losses/policy_loss,-0.000504279974848032,Pong1PQFM_XObs_entangled_trainable_rzz_QLayers_5___seed_1_1761468207
847872,1-Training-Losses/policy_loss,-0.00026491587050259113,Pong1PQFM_XObs_entangled_trainable_rzz_QLayers_5___seed_1_1761468207
851968,1-Training-Losses/policy_loss,-0.0003792261704802513,Pong1PQFM_XObs_entangled_trainable_rzz_QLayers_5___seed_1_1761468207
856064,1-Training-Losses/policy_loss,-0.00047768233343958855,Pong1PQFM_XObs_entangled_trainable_rzz_QLayers_5___seed_1_1761468207
860160,1-Training-Losses/policy_loss,-0.0001136469654738903,Pong1PQFM_XObs_entangled_trainable_rzz_QLayers_5___seed_1_1761468207
864256,1-Training-Losses/policy_loss,-0.00038642995059490204,Pong1PQFM_XObs_entangled_trainable_rzz_QLayers_5___seed_1_1761468207
868352,1-Training-Losses/policy_loss,-0.0007781874155625701,Pong1PQFM_XObs_entangled_trainable_rzz_QLayers_5___seed_1_1761468207
872448,1-Training-Losses/policy_loss,-8.831475861370564e-05,Pong1PQFM_XObs_entangled_trainable_rzz_QLayers_5___seed_1_1761468207
876544,1-Training-Losses/policy_loss,-0.0005367901176214218,Pong1PQFM_XObs_entangled_trainable_rzz_QLayers_5___seed_1_1761468207
880640,1-Training-Losses/policy_loss,-0.0002128826454281807,Pong1PQFM_XObs_entangled_trainable_rzz_QLayers_5___seed_1_1761468207
884736,1-Training-Losses/policy_loss,-0.0002550194039940834,Pong1PQFM_XObs_entangled_trainable_rzz_QLayers_5___seed_1_1761468207
888832,1-Training-Losses/policy_loss,-0.00020790193229913712,Pong1PQFM_XObs_entangled_trainable_rzz_QLayers_5___seed_1_1761468207
892928,1-Training-Losses/policy_loss,-0.0003028661012649536,Pong1PQFM_XObs_entangled_trainable_rzz_QLayers_5___seed_1_1761468207
897024,1-Training-Losses/policy_loss,-0.0001588147133588791,Pong1PQFM_XObs_entangled_trainable_rzz_QLayers_5___seed_1_1761468207
901120,1-Training-Losses/policy_loss,-0.00019957870244979858,Pong1PQFM_XObs_entangled_trainable_rzz_QLayers_5___seed_1_1761468207
905216,1-Training-Losses/policy_loss,-0.0003196960315108299,Pong1PQFM_XObs_entangled_trainable_rzz_QLayers_5___seed_1_1761468207
909312,1-Training-Losses/policy_loss,-0.00038246531039476395,Pong1PQFM_XObs_entangled_trainable_rzz_QLayers_5___seed_1_1761468207
913408,1-Training-Losses/policy_loss,-0.0004717959091067314,Pong1PQFM_XObs_entangled_trainable_rzz_QLayers_5___seed_1_1761468207
917504,1-Training-Losses/policy_loss,-0.00020148511976003647,Pong1PQFM_XObs_entangled_trainable_rzz_QLayers_5___seed_1_1761468207
921600,1-Training-Losses/policy_loss,-0.000422903336584568,Pong1PQFM_XObs_entangled_trainable_rzz_QLayers_5___seed_1_1761468207
925696,1-Training-Losses/policy_loss,-0.0005558845587074757,Pong1PQFM_XObs_entangled_trainable_rzz_QLayers_5___seed_1_1761468207
929792,1-Training-Losses/policy_loss,-8.358247578144073e-05,Pong1PQFM_XObs_entangled_trainable_rzz_QLayers_5___seed_1_1761468207
933888,1-Training-Losses/policy_loss,-0.0002930164337158203,Pong1PQFM_XObs_entangled_trainable_rzz_QLayers_5___seed_1_1761468207
937984,1-Training-Losses/policy_loss,-0.0005577951669692993,Pong1PQFM_XObs_entangled_trainable_rzz_QLayers_5___seed_1_1761468207
942080,1-Training-Losses/policy_loss,-0.0003363837022334337,Pong1PQFM_XObs_entangled_trainable_rzz_QLayers_5___seed_1_1761468207
946176,1-Training-Losses/policy_loss,-0.0003760233521461487,Pong1PQFM_XObs_entangled_trainable_rzz_QLayers_5___seed_1_1761468207
950272,1-Training-Losses/policy_loss,-0.0003760228864848614,Pong1PQFM_XObs_entangled_trainable_rzz_QLayers_5___seed_1_1761468207
954368,1-Training-Losses/policy_loss,-0.001515381969511509,Pong1PQFM_XObs_entangled_trainable_rzz_QLayers_5___seed_1_1761468207
958464,1-Training-Losses/policy_loss,-0.00034453277476131916,Pong1PQFM_XObs_entangled_trainable_rzz_QLayers_5___seed_1_1761468207
962560,1-Training-Losses/policy_loss,-0.00032649561762809753,Pong1PQFM_XObs_entangled_trainable_rzz_QLayers_5___seed_1_1761468207
966656,1-Training-Losses/policy_loss,-0.0003971848636865616,Pong1PQFM_XObs_entangled_trainable_rzz_QLayers_5___seed_1_1761468207
970752,1-Training-Losses/policy_loss,-0.0009509004885330796,Pong1PQFM_XObs_entangled_trainable_rzz_QLayers_5___seed_1_1761468207
974848,1-Training-Losses/policy_loss,-0.0009274363983422518,Pong1PQFM_XObs_entangled_trainable_rzz_QLayers_5___seed_1_1761468207
978944,1-Training-Losses/policy_loss,-0.0005717454478144646,Pong1PQFM_XObs_entangled_trainable_rzz_QLayers_5___seed_1_1761468207
983040,1-Training-Losses/policy_loss,-0.00084637850522995,Pong1PQFM_XObs_entangled_trainable_rzz_QLayers_5___seed_1_1761468207
987136,1-Training-Losses/policy_loss,-0.0005540298298001289,Pong1PQFM_XObs_entangled_trainable_rzz_QLayers_5___seed_1_1761468207
991232,1-Training-Losses/policy_loss,-0.0002311132848262787,Pong1PQFM_XObs_entangled_trainable_rzz_QLayers_5___seed_1_1761468207
995328,1-Training-Losses/policy_loss,-0.0009097619913518429,Pong1PQFM_XObs_entangled_trainable_rzz_QLayers_5___seed_1_1761468207
999424,1-Training-Losses/policy_loss,-0.0003286227583885193,Pong1PQFM_XObs_entangled_trainable_rzz_QLayers_5___seed_1_1761468207
1003520,1-Training-Losses/policy_loss,-0.0002694439608603716,Pong1PQFM_XObs_entangled_trainable_rzz_QLayers_5___seed_1_1761468207
1007616,1-Training-Losses/policy_loss,-0.0003113385755568743,Pong1PQFM_XObs_entangled_trainable_rzz_QLayers_5___seed_1_1761468207
1011712,1-Training-Losses/policy_loss,-0.0003415325190871954,Pong1PQFM_XObs_entangled_trainable_rzz_QLayers_5___seed_1_1761468207
1015808,1-Training-Losses/policy_loss,-0.00029907794669270515,Pong1PQFM_XObs_entangled_trainable_rzz_QLayers_5___seed_1_1761468207
1019904,1-Training-Losses/policy_loss,-0.0005666024517267942,Pong1PQFM_XObs_entangled_trainable_rzz_QLayers_5___seed_1_1761468207
1024000,1-Training-Losses/policy_loss,-0.00013698171824216843,Pong1PQFM_XObs_entangled_trainable_rzz_QLayers_5___seed_1_1761468207
1028096,1-Training-Losses/policy_loss,-0.00037023425102233887,Pong1PQFM_XObs_entangled_trainable_rzz_QLayers_5___seed_1_1761468207
1032192,1-Training-Losses/policy_loss,-0.0002297034952789545,Pong1PQFM_XObs_entangled_trainable_rzz_QLayers_5___seed_1_1761468207
1036288,1-Training-Losses/policy_loss,-0.00019474420696496964,Pong1PQFM_XObs_entangled_trainable_rzz_QLayers_5___seed_1_1761468207
1040384,1-Training-Losses/policy_loss,-0.00023862998932600021,Pong1PQFM_XObs_entangled_trainable_rzz_QLayers_5___seed_1_1761468207
1044480,1-Training-Losses/policy_loss,-0.00027806172147393227,Pong1PQFM_XObs_entangled_trainable_rzz_QLayers_5___seed_1_1761468207
1048576,1-Training-Losses/policy_loss,-0.0005310573615133762,Pong1PQFM_XObs_entangled_trainable_rzz_QLayers_5___seed_1_1761468207
1052672,1-Training-Losses/policy_loss,-3.196229226887226e-05,Pong1PQFM_XObs_entangled_trainable_rzz_QLayers_5___seed_1_1761468207
1056768,1-Training-Losses/policy_loss,-0.0005577094852924347,Pong1PQFM_XObs_entangled_trainable_rzz_QLayers_5___seed_1_1761468207
1060864,1-Training-Losses/policy_loss,-5.642813630402088e-05,Pong1PQFM_XObs_entangled_trainable_rzz_QLayers_5___seed_1_1761468207
1064960,1-Training-Losses/policy_loss,-0.0007588579319417477,Pong1PQFM_XObs_entangled_trainable_rzz_QLayers_5___seed_1_1761468207
1069056,1-Training-Losses/policy_loss,-0.00023465976119041443,Pong1PQFM_XObs_entangled_trainable_rzz_QLayers_5___seed_1_1761468207
1073152,1-Training-Losses/policy_loss,-0.00023437105119228363,Pong1PQFM_XObs_entangled_trainable_rzz_QLayers_5___seed_1_1761468207
1077248,1-Training-Losses/policy_loss,-0.0004001706838607788,Pong1PQFM_XObs_entangled_trainable_rzz_QLayers_5___seed_1_1761468207
1081344,1-Training-Losses/policy_loss,-0.00010116491466760635,Pong1PQFM_XObs_entangled_trainable_rzz_QLayers_5___seed_1_1761468207
1085440,1-Training-Losses/policy_loss,-0.00042841024696826935,Pong1PQFM_XObs_entangled_trainable_rzz_QLayers_5___seed_1_1761468207
1089536,1-Training-Losses/policy_loss,-0.0004533762112259865,Pong1PQFM_XObs_entangled_trainable_rzz_QLayers_5___seed_1_1761468207
1093632,1-Training-Losses/policy_loss,-0.000285380519926548,Pong1PQFM_XObs_entangled_trainable_rzz_QLayers_5___seed_1_1761468207
1097728,1-Training-Losses/policy_loss,-0.00024269521236419678,Pong1PQFM_XObs_entangled_trainable_rzz_QLayers_5___seed_1_1761468207
1101824,1-Training-Losses/policy_loss,-0.0003811269998550415,Pong1PQFM_XObs_entangled_trainable_rzz_QLayers_5___seed_1_1761468207
1105920,1-Training-Losses/policy_loss,-0.00018213503062725067,Pong1PQFM_XObs_entangled_trainable_rzz_QLayers_5___seed_1_1761468207
1110016,1-Training-Losses/policy_loss,-0.0003896579146385193,Pong1PQFM_XObs_entangled_trainable_rzz_QLayers_5___seed_1_1761468207
1114112,1-Training-Losses/policy_loss,-0.0001317039132118225,Pong1PQFM_XObs_entangled_trainable_rzz_QLayers_5___seed_1_1761468207
1118208,1-Training-Losses/policy_loss,-0.0001800968311727047,Pong1PQFM_XObs_entangled_trainable_rzz_QLayers_5___seed_1_1761468207
1122304,1-Training-Losses/policy_loss,-0.00020717177540063858,Pong1PQFM_XObs_entangled_trainable_rzz_QLayers_5___seed_1_1761468207
1126400,1-Training-Losses/policy_loss,-0.0009594880975782871,Pong1PQFM_XObs_entangled_trainable_rzz_QLayers_5___seed_1_1761468207
1130496,1-Training-Losses/policy_loss,-0.00013503152877092361,Pong1PQFM_XObs_entangled_trainable_rzz_QLayers_5___seed_1_1761468207
1134592,1-Training-Losses/policy_loss,-0.0002407957799732685,Pong1PQFM_XObs_entangled_trainable_rzz_QLayers_5___seed_1_1761468207
1138688,1-Training-Losses/policy_loss,-0.00032584695145487785,Pong1PQFM_XObs_entangled_trainable_rzz_QLayers_5___seed_1_1761468207
1142784,1-Training-Losses/policy_loss,-0.00017192400991916656,Pong1PQFM_XObs_entangled_trainable_rzz_QLayers_5___seed_1_1761468207
1146880,1-Training-Losses/policy_loss,-0.0004681604914367199,Pong1PQFM_XObs_entangled_trainable_rzz_QLayers_5___seed_1_1761468207
1150976,1-Training-Losses/policy_loss,-0.0002989501226693392,Pong1PQFM_XObs_entangled_trainable_rzz_QLayers_5___seed_1_1761468207
1155072,1-Training-Losses/policy_loss,-0.0006351829506456852,Pong1PQFM_XObs_entangled_trainable_rzz_QLayers_5___seed_1_1761468207
1159168,1-Training-Losses/policy_loss,-0.0008743251673877239,Pong1PQFM_XObs_entangled_trainable_rzz_QLayers_5___seed_1_1761468207
1163264,1-Training-Losses/policy_loss,-0.0007328260689973831,Pong1PQFM_XObs_entangled_trainable_rzz_QLayers_5___seed_1_1761468207
1167360,1-Training-Losses/policy_loss,-0.0009892953094094992,Pong1PQFM_XObs_entangled_trainable_rzz_QLayers_5___seed_1_1761468207
1171456,1-Training-Losses/policy_loss,6.14803284406662e-05,Pong1PQFM_XObs_entangled_trainable_rzz_QLayers_5___seed_1_1761468207
1175552,1-Training-Losses/policy_loss,-0.0009634604211896658,Pong1PQFM_XObs_entangled_trainable_rzz_QLayers_5___seed_1_1761468207
1179648,1-Training-Losses/policy_loss,-0.00045600347220897675,Pong1PQFM_XObs_entangled_trainable_rzz_QLayers_5___seed_1_1761468207
1183744,1-Training-Losses/policy_loss,-0.0006200997158885002,Pong1PQFM_XObs_entangled_trainable_rzz_QLayers_5___seed_1_1761468207
1187840,1-Training-Losses/policy_loss,-0.000975598581135273,Pong1PQFM_XObs_entangled_trainable_rzz_QLayers_5___seed_1_1761468207
1191936,1-Training-Losses/policy_loss,-0.0008335532620549202,Pong1PQFM_XObs_entangled_trainable_rzz_QLayers_5___seed_1_1761468207
1196032,1-Training-Losses/policy_loss,-0.0006450435612350702,Pong1PQFM_XObs_entangled_trainable_rzz_QLayers_5___seed_1_1761468207
1200128,1-Training-Losses/policy_loss,-0.00030173221603035927,Pong1PQFM_XObs_entangled_trainable_rzz_QLayers_5___seed_1_1761468207
1204224,1-Training-Losses/policy_loss,-0.0002109995111823082,Pong1PQFM_XObs_entangled_trainable_rzz_QLayers_5___seed_1_1761468207
1208320,1-Training-Losses/policy_loss,-0.0004237759858369827,Pong1PQFM_XObs_entangled_trainable_rzz_QLayers_5___seed_1_1761468207
1212416,1-Training-Losses/policy_loss,-0.0004364270716905594,Pong1PQFM_XObs_entangled_trainable_rzz_QLayers_5___seed_1_1761468207
1216512,1-Training-Losses/policy_loss,-0.0011317497119307518,Pong1PQFM_XObs_entangled_trainable_rzz_QLayers_5___seed_1_1761468207
1220608,1-Training-Losses/policy_loss,-0.0003158708568662405,Pong1PQFM_XObs_entangled_trainable_rzz_QLayers_5___seed_1_1761468207
1224704,1-Training-Losses/policy_loss,-0.0006849500350654125,Pong1PQFM_XObs_entangled_trainable_rzz_QLayers_5___seed_1_1761468207
1228800,1-Training-Losses/policy_loss,-0.0003207409754395485,Pong1PQFM_XObs_entangled_trainable_rzz_QLayers_5___seed_1_1761468207
1232896,1-Training-Losses/policy_loss,-0.001184338703751564,Pong1PQFM_XObs_entangled_trainable_rzz_QLayers_5___seed_1_1761468207
1236992,1-Training-Losses/policy_loss,-0.0005662390030920506,Pong1PQFM_XObs_entangled_trainable_rzz_QLayers_5___seed_1_1761468207
1241088,1-Training-Losses/policy_loss,-0.000556217972189188,Pong1PQFM_XObs_entangled_trainable_rzz_QLayers_5___seed_1_1761468207
1245184,1-Training-Losses/policy_loss,-0.0005261218175292015,Pong1PQFM_XObs_entangled_trainable_rzz_QLayers_5___seed_1_1761468207
1249280,1-Training-Losses/policy_loss,-0.0006625796668231487,Pong1PQFM_XObs_entangled_trainable_rzz_QLayers_5___seed_1_1761468207
1253376,1-Training-Losses/policy_loss,-0.0009609740227460861,Pong1PQFM_XObs_entangled_trainable_rzz_QLayers_5___seed_1_1761468207
1257472,1-Training-Losses/policy_loss,-0.0006260857917368412,Pong1PQFM_XObs_entangled_trainable_rzz_QLayers_5___seed_1_1761468207
1261568,1-Training-Losses/policy_loss,-3.329990431666374e-05,Pong1PQFM_XObs_entangled_trainable_rzz_QLayers_5___seed_1_1761468207
1265664,1-Training-Losses/policy_loss,-0.00019735470414161682,Pong1PQFM_XObs_entangled_trainable_rzz_QLayers_5___seed_1_1761468207
1269760,1-Training-Losses/policy_loss,-0.0001791464164853096,Pong1PQFM_XObs_entangled_trainable_rzz_QLayers_5___seed_1_1761468207
1273856,1-Training-Losses/policy_loss,-0.0004869801923632622,Pong1PQFM_XObs_entangled_trainable_rzz_QLayers_5___seed_1_1761468207
1277952,1-Training-Losses/policy_loss,-0.0007635196670889854,Pong1PQFM_XObs_entangled_trainable_rzz_QLayers_5___seed_1_1761468207
1282048,1-Training-Losses/policy_loss,-0.0004396941512823105,Pong1PQFM_XObs_entangled_trainable_rzz_QLayers_5___seed_1_1761468207
1286144,1-Training-Losses/policy_loss,-0.0007745437324047089,Pong1PQFM_XObs_entangled_trainable_rzz_QLayers_5___seed_1_1761468207
1290240,1-Training-Losses/policy_loss,-0.0003583780489861965,Pong1PQFM_XObs_entangled_trainable_rzz_QLayers_5___seed_1_1761468207
1294336,1-Training-Losses/policy_loss,-0.000571833923459053,Pong1PQFM_XObs_entangled_trainable_rzz_QLayers_5___seed_1_1761468207
1298432,1-Training-Losses/policy_loss,-0.000152715016156435,Pong1PQFM_XObs_entangled_trainable_rzz_QLayers_5___seed_1_1761468207
1302528,1-Training-Losses/policy_loss,-0.0008200232405215502,Pong1PQFM_XObs_entangled_trainable_rzz_QLayers_5___seed_1_1761468207
1306624,1-Training-Losses/policy_loss,-0.0005656881257891655,Pong1PQFM_XObs_entangled_trainable_rzz_QLayers_5___seed_1_1761468207
1310720,1-Training-Losses/policy_loss,-0.00031074951402843,Pong1PQFM_XObs_entangled_trainable_rzz_QLayers_5___seed_1_1761468207
1314816,1-Training-Losses/policy_loss,-0.0008621485903859138,Pong1PQFM_XObs_entangled_trainable_rzz_QLayers_5___seed_1_1761468207
1318912,1-Training-Losses/policy_loss,-0.00028443196788430214,Pong1PQFM_XObs_entangled_trainable_rzz_QLayers_5___seed_1_1761468207
1323008,1-Training-Losses/policy_loss,-0.0004675770178437233,Pong1PQFM_XObs_entangled_trainable_rzz_QLayers_5___seed_1_1761468207
1327104,1-Training-Losses/policy_loss,-0.0002354159951210022,Pong1PQFM_XObs_entangled_trainable_rzz_QLayers_5___seed_1_1761468207
1331200,1-Training-Losses/policy_loss,-0.00039261672645807266,Pong1PQFM_XObs_entangled_trainable_rzz_QLayers_5___seed_1_1761468207
1335296,1-Training-Losses/policy_loss,-0.0006164787337183952,Pong1PQFM_XObs_entangled_trainable_rzz_QLayers_5___seed_1_1761468207
1339392,1-Training-Losses/policy_loss,-0.0002382388338446617,Pong1PQFM_XObs_entangled_trainable_rzz_QLayers_5___seed_1_1761468207
1343488,1-Training-Losses/policy_loss,-0.0006366537418216467,Pong1PQFM_XObs_entangled_trainable_rzz_QLayers_5___seed_1_1761468207
1347584,1-Training-Losses/policy_loss,-0.0004428774118423462,Pong1PQFM_XObs_entangled_trainable_rzz_QLayers_5___seed_1_1761468207
1351680,1-Training-Losses/policy_loss,-0.0006097336299717426,Pong1PQFM_XObs_entangled_trainable_rzz_QLayers_5___seed_1_1761468207
1355776,1-Training-Losses/policy_loss,-0.00010135257616639137,Pong1PQFM_XObs_entangled_trainable_rzz_QLayers_5___seed_1_1761468207
1359872,1-Training-Losses/policy_loss,-0.0003552376292645931,Pong1PQFM_XObs_entangled_trainable_rzz_QLayers_5___seed_1_1761468207
1363968,1-Training-Losses/policy_loss,-0.00034585315734148026,Pong1PQFM_XObs_entangled_trainable_rzz_QLayers_5___seed_1_1761468207
1368064,1-Training-Losses/policy_loss,-0.00032922253012657166,Pong1PQFM_XObs_entangled_trainable_rzz_QLayers_5___seed_1_1761468207
1372160,1-Training-Losses/policy_loss,-0.0002613496035337448,Pong1PQFM_XObs_entangled_trainable_rzz_QLayers_5___seed_1_1761468207
1376256,1-Training-Losses/policy_loss,-0.0017646737396717072,Pong1PQFM_XObs_entangled_trainable_rzz_QLayers_5___seed_1_1761468207
1380352,1-Training-Losses/policy_loss,-0.0006860359571874142,Pong1PQFM_XObs_entangled_trainable_rzz_QLayers_5___seed_1_1761468207
1384448,1-Training-Losses/policy_loss,4.800315946340561e-05,Pong1PQFM_XObs_entangled_trainable_rzz_QLayers_5___seed_1_1761468207
1388544,1-Training-Losses/policy_loss,-0.00011308770626783371,Pong1PQFM_XObs_entangled_trainable_rzz_QLayers_5___seed_1_1761468207
1392640,1-Training-Losses/policy_loss,-0.0010757897980511189,Pong1PQFM_XObs_entangled_trainable_rzz_QLayers_5___seed_1_1761468207
1396736,1-Training-Losses/policy_loss,-0.0003587380051612854,Pong1PQFM_XObs_entangled_trainable_rzz_QLayers_5___seed_1_1761468207
1400832,1-Training-Losses/policy_loss,-0.0003364398144185543,Pong1PQFM_XObs_entangled_trainable_rzz_QLayers_5___seed_1_1761468207
1404928,1-Training-Losses/policy_loss,-0.0006025279872119427,Pong1PQFM_XObs_entangled_trainable_rzz_QLayers_5___seed_1_1761468207
1409024,1-Training-Losses/policy_loss,-0.0005160295404493809,Pong1PQFM_XObs_entangled_trainable_rzz_QLayers_5___seed_1_1761468207
1413120,1-Training-Losses/policy_loss,-0.0003947127843275666,Pong1PQFM_XObs_entangled_trainable_rzz_QLayers_5___seed_1_1761468207
1417216,1-Training-Losses/policy_loss,-0.00037693558260798454,Pong1PQFM_XObs_entangled_trainable_rzz_QLayers_5___seed_1_1761468207
1421312,1-Training-Losses/policy_loss,-0.0005168509669601917,Pong1PQFM_XObs_entangled_trainable_rzz_QLayers_5___seed_1_1761468207
1425408,1-Training-Losses/policy_loss,-0.00042137946002185345,Pong1PQFM_XObs_entangled_trainable_rzz_QLayers_5___seed_1_1761468207
1429504,1-Training-Losses/policy_loss,-0.0009109638631343842,Pong1PQFM_XObs_entangled_trainable_rzz_QLayers_5___seed_1_1761468207
1433600,1-Training-Losses/policy_loss,-0.0005240850150585175,Pong1PQFM_XObs_entangled_trainable_rzz_QLayers_5___seed_1_1761468207
1437696,1-Training-Losses/policy_loss,-0.00018379278481006622,Pong1PQFM_XObs_entangled_trainable_rzz_QLayers_5___seed_1_1761468207
1441792,1-Training-Losses/policy_loss,-0.0004563792608678341,Pong1PQFM_XObs_entangled_trainable_rzz_QLayers_5___seed_1_1761468207
1445888,1-Training-Losses/policy_loss,-0.0003418130800127983,Pong1PQFM_XObs_entangled_trainable_rzz_QLayers_5___seed_1_1761468207
1449984,1-Training-Losses/policy_loss,-0.00035670772194862366,Pong1PQFM_XObs_entangled_trainable_rzz_QLayers_5___seed_1_1761468207
1454080,1-Training-Losses/policy_loss,-0.00044249556958675385,Pong1PQFM_XObs_entangled_trainable_rzz_QLayers_5___seed_1_1761468207
1458176,1-Training-Losses/policy_loss,-0.00047075608745217323,Pong1PQFM_XObs_entangled_trainable_rzz_QLayers_5___seed_1_1761468207
1462272,1-Training-Losses/policy_loss,-0.00029542436823248863,Pong1PQFM_XObs_entangled_trainable_rzz_QLayers_5___seed_1_1761468207
1466368,1-Training-Losses/policy_loss,-0.0007263310253620148,Pong1PQFM_XObs_entangled_trainable_rzz_QLayers_5___seed_1_1761468207
1470464,1-Training-Losses/policy_loss,-0.00044625019654631615,Pong1PQFM_XObs_entangled_trainable_rzz_QLayers_5___seed_1_1761468207
1474560,1-Training-Losses/policy_loss,-0.00015550805255770683,Pong1PQFM_XObs_entangled_trainable_rzz_QLayers_5___seed_1_1761468207
1478656,1-Training-Losses/policy_loss,-0.0005605702754110098,Pong1PQFM_XObs_entangled_trainable_rzz_QLayers_5___seed_1_1761468207
1482752,1-Training-Losses/policy_loss,-0.0006025619804859161,Pong1PQFM_XObs_entangled_trainable_rzz_QLayers_5___seed_1_1761468207
1486848,1-Training-Losses/policy_loss,-9.929225780069828e-05,Pong1PQFM_XObs_entangled_trainable_rzz_QLayers_5___seed_1_1761468207
1490944,1-Training-Losses/policy_loss,-0.0008015641942620277,Pong1PQFM_XObs_entangled_trainable_rzz_QLayers_5___seed_1_1761468207
1495040,1-Training-Losses/policy_loss,-0.0003346600569784641,Pong1PQFM_XObs_entangled_trainable_rzz_QLayers_5___seed_1_1761468207
1499136,1-Training-Losses/policy_loss,-0.00010804133489727974,Pong1PQFM_XObs_entangled_trainable_rzz_QLayers_5___seed_1_1761468207
1503232,1-Training-Losses/policy_loss,-0.0001410180702805519,Pong1PQFM_XObs_entangled_trainable_rzz_QLayers_5___seed_1_1761468207
1507328,1-Training-Losses/policy_loss,-0.0003587258979678154,Pong1PQFM_XObs_entangled_trainable_rzz_QLayers_5___seed_1_1761468207
1511424,1-Training-Losses/policy_loss,-0.00033413805067539215,Pong1PQFM_XObs_entangled_trainable_rzz_QLayers_5___seed_1_1761468207
1515520,1-Training-Losses/policy_loss,-0.0007204455323517323,Pong1PQFM_XObs_entangled_trainable_rzz_QLayers_5___seed_1_1761468207
1519616,1-Training-Losses/policy_loss,-0.0005411095917224884,Pong1PQFM_XObs_entangled_trainable_rzz_QLayers_5___seed_1_1761468207
1523712,1-Training-Losses/policy_loss,-0.0007179286330938339,Pong1PQFM_XObs_entangled_trainable_rzz_QLayers_5___seed_1_1761468207
1527808,1-Training-Losses/policy_loss,-5.0471629947423935e-05,Pong1PQFM_XObs_entangled_trainable_rzz_QLayers_5___seed_1_1761468207
1531904,1-Training-Losses/policy_loss,-0.0007817251607775688,Pong1PQFM_XObs_entangled_trainable_rzz_QLayers_5___seed_1_1761468207
1536000,1-Training-Losses/policy_loss,-0.0002790335565805435,Pong1PQFM_XObs_entangled_trainable_rzz_QLayers_5___seed_1_1761468207
1540096,1-Training-Losses/policy_loss,-0.00023543741554021835,Pong1PQFM_XObs_entangled_trainable_rzz_QLayers_5___seed_1_1761468207
1544192,1-Training-Losses/policy_loss,-0.0004580095410346985,Pong1PQFM_XObs_entangled_trainable_rzz_QLayers_5___seed_1_1761468207
1548288,1-Training-Losses/policy_loss,-0.00037658121436834335,Pong1PQFM_XObs_entangled_trainable_rzz_QLayers_5___seed_1_1761468207
1552384,1-Training-Losses/policy_loss,-0.00040135160088539124,Pong1PQFM_XObs_entangled_trainable_rzz_QLayers_5___seed_1_1761468207
1556480,1-Training-Losses/policy_loss,-0.00013315724208950996,Pong1PQFM_XObs_entangled_trainable_rzz_QLayers_5___seed_1_1761468207
1560576,1-Training-Losses/policy_loss,-0.00016061030328273773,Pong1PQFM_XObs_entangled_trainable_rzz_QLayers_5___seed_1_1761468207
1564672,1-Training-Losses/policy_loss,-0.0008949274197220802,Pong1PQFM_XObs_entangled_trainable_rzz_QLayers_5___seed_1_1761468207
1568768,1-Training-Losses/policy_loss,-0.0005777424667030573,Pong1PQFM_XObs_entangled_trainable_rzz_QLayers_5___seed_1_1761468207
1572864,1-Training-Losses/policy_loss,-0.0006906352937221527,Pong1PQFM_XObs_entangled_trainable_rzz_QLayers_5___seed_1_1761468207
1576960,1-Training-Losses/policy_loss,-0.000112488167360425,Pong1PQFM_XObs_entangled_trainable_rzz_QLayers_5___seed_1_1761468207
1581056,1-Training-Losses/policy_loss,-0.00049568060785532,Pong1PQFM_XObs_entangled_trainable_rzz_QLayers_5___seed_1_1761468207
1585152,1-Training-Losses/policy_loss,-0.0006039212457835674,Pong1PQFM_XObs_entangled_trainable_rzz_QLayers_5___seed_1_1761468207
1589248,1-Training-Losses/policy_loss,-0.0011548260226845741,Pong1PQFM_XObs_entangled_trainable_rzz_QLayers_5___seed_1_1761468207
1593344,1-Training-Losses/policy_loss,-0.00011848704889416695,Pong1PQFM_XObs_entangled_trainable_rzz_QLayers_5___seed_1_1761468207
1597440,1-Training-Losses/policy_loss,-0.0007209954783320427,Pong1PQFM_XObs_entangled_trainable_rzz_QLayers_5___seed_1_1761468207
1601536,1-Training-Losses/policy_loss,-0.0002600140869617462,Pong1PQFM_XObs_entangled_trainable_rzz_QLayers_5___seed_1_1761468207
1605632,1-Training-Losses/policy_loss,-0.0009199324995279312,Pong1PQFM_XObs_entangled_trainable_rzz_QLayers_5___seed_1_1761468207
1609728,1-Training-Losses/policy_loss,-0.00015414971858263016,Pong1PQFM_XObs_entangled_trainable_rzz_QLayers_5___seed_1_1761468207
1613824,1-Training-Losses/policy_loss,-0.00027227564714848995,Pong1PQFM_XObs_entangled_trainable_rzz_QLayers_5___seed_1_1761468207
1617920,1-Training-Losses/policy_loss,-0.0006354916840791702,Pong1PQFM_XObs_entangled_trainable_rzz_QLayers_5___seed_1_1761468207
1622016,1-Training-Losses/policy_loss,-0.00036791921593248844,Pong1PQFM_XObs_entangled_trainable_rzz_QLayers_5___seed_1_1761468207
1626112,1-Training-Losses/policy_loss,-0.00032048672437667847,Pong1PQFM_XObs_entangled_trainable_rzz_QLayers_5___seed_1_1761468207
1630208,1-Training-Losses/policy_loss,-0.00051839929074049,Pong1PQFM_XObs_entangled_trainable_rzz_QLayers_5___seed_1_1761468207
1634304,1-Training-Losses/policy_loss,-7.82674178481102e-05,Pong1PQFM_XObs_entangled_trainable_rzz_QLayers_5___seed_1_1761468207
1638400,1-Training-Losses/policy_loss,-0.0010167988948523998,Pong1PQFM_XObs_entangled_trainable_rzz_QLayers_5___seed_1_1761468207
1642496,1-Training-Losses/policy_loss,-0.0004852255806326866,Pong1PQFM_XObs_entangled_trainable_rzz_QLayers_5___seed_1_1761468207
1646592,1-Training-Losses/policy_loss,-0.0004430636763572693,Pong1PQFM_XObs_entangled_trainable_rzz_QLayers_5___seed_1_1761468207
1650688,1-Training-Losses/policy_loss,-0.00020668283104896545,Pong1PQFM_XObs_entangled_trainable_rzz_QLayers_5___seed_1_1761468207
1654784,1-Training-Losses/policy_loss,-0.0004833410494029522,Pong1PQFM_XObs_entangled_trainable_rzz_QLayers_5___seed_1_1761468207
1658880,1-Training-Losses/policy_loss,-0.00036708172410726547,Pong1PQFM_XObs_entangled_trainable_rzz_QLayers_5___seed_1_1761468207
1662976,1-Training-Losses/policy_loss,-0.0001440071500837803,Pong1PQFM_XObs_entangled_trainable_rzz_QLayers_5___seed_1_1761468207
1667072,1-Training-Losses/policy_loss,-0.00024073198437690735,Pong1PQFM_XObs_entangled_trainable_rzz_QLayers_5___seed_1_1761468207
1671168,1-Training-Losses/policy_loss,-0.00019337842240929604,Pong1PQFM_XObs_entangled_trainable_rzz_QLayers_5___seed_1_1761468207
1675264,1-Training-Losses/policy_loss,-0.0006915433332324028,Pong1PQFM_XObs_entangled_trainable_rzz_QLayers_5___seed_1_1761468207
1679360,1-Training-Losses/policy_loss,-0.00026870984584093094,Pong1PQFM_XObs_entangled_trainable_rzz_QLayers_5___seed_1_1761468207
1683456,1-Training-Losses/policy_loss,-0.0002377862110733986,Pong1PQFM_XObs_entangled_trainable_rzz_QLayers_5___seed_1_1761468207
1687552,1-Training-Losses/policy_loss,-0.0002900315448641777,Pong1PQFM_XObs_entangled_trainable_rzz_QLayers_5___seed_1_1761468207
1691648,1-Training-Losses/policy_loss,-0.0003788487520068884,Pong1PQFM_XObs_entangled_trainable_rzz_QLayers_5___seed_1_1761468207
1695744,1-Training-Losses/policy_loss,-0.0009823096916079521,Pong1PQFM_XObs_entangled_trainable_rzz_QLayers_5___seed_1_1761468207
1699840,1-Training-Losses/policy_loss,-0.0002274010330438614,Pong1PQFM_XObs_entangled_trainable_rzz_QLayers_5___seed_1_1761468207
1703936,1-Training-Losses/policy_loss,-0.00047597847878932953,Pong1PQFM_XObs_entangled_trainable_rzz_QLayers_5___seed_1_1761468207
1708032,1-Training-Losses/policy_loss,-0.0004980983212590218,Pong1PQFM_XObs_entangled_trainable_rzz_QLayers_5___seed_1_1761468207
1712128,1-Training-Losses/policy_loss,-0.00022953655570745468,Pong1PQFM_XObs_entangled_trainable_rzz_QLayers_5___seed_1_1761468207
1716224,1-Training-Losses/policy_loss,-0.000543526723049581,Pong1PQFM_XObs_entangled_trainable_rzz_QLayers_5___seed_1_1761468207
1720320,1-Training-Losses/policy_loss,-0.0007672775536775589,Pong1PQFM_XObs_entangled_trainable_rzz_QLayers_5___seed_1_1761468207
1724416,1-Training-Losses/policy_loss,-0.000576583668589592,Pong1PQFM_XObs_entangled_trainable_rzz_QLayers_5___seed_1_1761468207
1728512,1-Training-Losses/policy_loss,-0.0004146527498960495,Pong1PQFM_XObs_entangled_trainable_rzz_QLayers_5___seed_1_1761468207
1732608,1-Training-Losses/policy_loss,-0.0017290757969021797,Pong1PQFM_XObs_entangled_trainable_rzz_QLayers_5___seed_1_1761468207
1736704,1-Training-Losses/policy_loss,-0.000705789658240974,Pong1PQFM_XObs_entangled_trainable_rzz_QLayers_5___seed_1_1761468207
1740800,1-Training-Losses/policy_loss,-0.0005820579826831818,Pong1PQFM_XObs_entangled_trainable_rzz_QLayers_5___seed_1_1761468207
1744896,1-Training-Losses/policy_loss,-0.0002941242419183254,Pong1PQFM_XObs_entangled_trainable_rzz_QLayers_5___seed_1_1761468207
1748992,1-Training-Losses/policy_loss,-0.0002871314063668251,Pong1PQFM_XObs_entangled_trainable_rzz_QLayers_5___seed_1_1761468207
1753088,1-Training-Losses/policy_loss,-0.0007607117295265198,Pong1PQFM_XObs_entangled_trainable_rzz_QLayers_5___seed_1_1761468207
1757184,1-Training-Losses/policy_loss,-0.0004288274794816971,Pong1PQFM_XObs_entangled_trainable_rzz_QLayers_5___seed_1_1761468207
1761280,1-Training-Losses/policy_loss,-0.0003299294039607048,Pong1PQFM_XObs_entangled_trainable_rzz_QLayers_5___seed_1_1761468207
1765376,1-Training-Losses/policy_loss,-0.0003762776032090187,Pong1PQFM_XObs_entangled_trainable_rzz_QLayers_5___seed_1_1761468207
1769472,1-Training-Losses/policy_loss,-0.0006849579513072968,Pong1PQFM_XObs_entangled_trainable_rzz_QLayers_5___seed_1_1761468207
1773568,1-Training-Losses/policy_loss,-0.00048613082617521286,Pong1PQFM_XObs_entangled_trainable_rzz_QLayers_5___seed_1_1761468207
1777664,1-Training-Losses/policy_loss,-0.00018779095262289047,Pong1PQFM_XObs_entangled_trainable_rzz_QLayers_5___seed_1_1761468207
1781760,1-Training-Losses/policy_loss,-0.0003094477578997612,Pong1PQFM_XObs_entangled_trainable_rzz_QLayers_5___seed_1_1761468207
1785856,1-Training-Losses/policy_loss,-7.726065814495087e-05,Pong1PQFM_XObs_entangled_trainable_rzz_QLayers_5___seed_1_1761468207
1789952,1-Training-Losses/policy_loss,-0.0003022439777851105,Pong1PQFM_XObs_entangled_trainable_rzz_QLayers_5___seed_1_1761468207
1794048,1-Training-Losses/policy_loss,-0.000305539695546031,Pong1PQFM_XObs_entangled_trainable_rzz_QLayers_5___seed_1_1761468207
1798144,1-Training-Losses/policy_loss,-0.0017636888660490513,Pong1PQFM_XObs_entangled_trainable_rzz_QLayers_5___seed_1_1761468207
1802240,1-Training-Losses/policy_loss,-0.00042887707240879536,Pong1PQFM_XObs_entangled_trainable_rzz_QLayers_5___seed_1_1761468207
1806336,1-Training-Losses/policy_loss,8.726492524147034e-07,Pong1PQFM_XObs_entangled_trainable_rzz_QLayers_5___seed_1_1761468207
1810432,1-Training-Losses/policy_loss,-0.00044590234756469727,Pong1PQFM_XObs_entangled_trainable_rzz_QLayers_5___seed_1_1761468207
1814528,1-Training-Losses/policy_loss,-0.000604875385761261,Pong1PQFM_XObs_entangled_trainable_rzz_QLayers_5___seed_1_1761468207
1818624,1-Training-Losses/policy_loss,-0.0003148508258163929,Pong1PQFM_XObs_entangled_trainable_rzz_QLayers_5___seed_1_1761468207
1822720,1-Training-Losses/policy_loss,-0.0007359189912676811,Pong1PQFM_XObs_entangled_trainable_rzz_QLayers_5___seed_1_1761468207
1826816,1-Training-Losses/policy_loss,-0.00033717346377670765,Pong1PQFM_XObs_entangled_trainable_rzz_QLayers_5___seed_1_1761468207
1830912,1-Training-Losses/policy_loss,-0.00040790531784296036,Pong1PQFM_XObs_entangled_trainable_rzz_QLayers_5___seed_1_1761468207
1835008,1-Training-Losses/policy_loss,-0.0002896827645599842,Pong1PQFM_XObs_entangled_trainable_rzz_QLayers_5___seed_1_1761468207
1839104,1-Training-Losses/policy_loss,-9.285309351980686e-05,Pong1PQFM_XObs_entangled_trainable_rzz_QLayers_5___seed_1_1761468207
1843200,1-Training-Losses/policy_loss,-0.0004651104100048542,Pong1PQFM_XObs_entangled_trainable_rzz_QLayers_5___seed_1_1761468207
1847296,1-Training-Losses/policy_loss,-0.0001267632469534874,Pong1PQFM_XObs_entangled_trainable_rzz_QLayers_5___seed_1_1761468207
1851392,1-Training-Losses/policy_loss,-0.00027720769867300987,Pong1PQFM_XObs_entangled_trainable_rzz_QLayers_5___seed_1_1761468207
1855488,1-Training-Losses/policy_loss,-0.00047138030640780926,Pong1PQFM_XObs_entangled_trainable_rzz_QLayers_5___seed_1_1761468207
1859584,1-Training-Losses/policy_loss,-0.0007706438191235065,Pong1PQFM_XObs_entangled_trainable_rzz_QLayers_5___seed_1_1761468207
1863680,1-Training-Losses/policy_loss,-0.000559966079890728,Pong1PQFM_XObs_entangled_trainable_rzz_QLayers_5___seed_1_1761468207
1867776,1-Training-Losses/policy_loss,-0.000355015741661191,Pong1PQFM_XObs_entangled_trainable_rzz_QLayers_5___seed_1_1761468207
1871872,1-Training-Losses/policy_loss,-0.0002660593017935753,Pong1PQFM_XObs_entangled_trainable_rzz_QLayers_5___seed_1_1761468207
1875968,1-Training-Losses/policy_loss,-0.00028993794694542885,Pong1PQFM_XObs_entangled_trainable_rzz_QLayers_5___seed_1_1761468207
1880064,1-Training-Losses/policy_loss,-0.00020841043442487717,Pong1PQFM_XObs_entangled_trainable_rzz_QLayers_5___seed_1_1761468207
1884160,1-Training-Losses/policy_loss,-0.000675370916724205,Pong1PQFM_XObs_entangled_trainable_rzz_QLayers_5___seed_1_1761468207
1888256,1-Training-Losses/policy_loss,-0.0012060487642884254,Pong1PQFM_XObs_entangled_trainable_rzz_QLayers_5___seed_1_1761468207
1892352,1-Training-Losses/policy_loss,-0.0009010359644889832,Pong1PQFM_XObs_entangled_trainable_rzz_QLayers_5___seed_1_1761468207
1896448,1-Training-Losses/policy_loss,-0.00035385601222515106,Pong1PQFM_XObs_entangled_trainable_rzz_QLayers_5___seed_1_1761468207
1900544,1-Training-Losses/policy_loss,-0.0010104728862643242,Pong1PQFM_XObs_entangled_trainable_rzz_QLayers_5___seed_1_1761468207
1904640,1-Training-Losses/policy_loss,-0.0008371192961931229,Pong1PQFM_XObs_entangled_trainable_rzz_QLayers_5___seed_1_1761468207
1908736,1-Training-Losses/policy_loss,-0.0010611105244606733,Pong1PQFM_XObs_entangled_trainable_rzz_QLayers_5___seed_1_1761468207
1912832,1-Training-Losses/policy_loss,4.6795234084129333e-05,Pong1PQFM_XObs_entangled_trainable_rzz_QLayers_5___seed_1_1761468207
1916928,1-Training-Losses/policy_loss,-0.0004632193595170975,Pong1PQFM_XObs_entangled_trainable_rzz_QLayers_5___seed_1_1761468207
1921024,1-Training-Losses/policy_loss,-0.00013717170804738998,Pong1PQFM_XObs_entangled_trainable_rzz_QLayers_5___seed_1_1761468207
1925120,1-Training-Losses/policy_loss,-0.0002322029322385788,Pong1PQFM_XObs_entangled_trainable_rzz_QLayers_5___seed_1_1761468207
1929216,1-Training-Losses/policy_loss,-0.000441242940723896,Pong1PQFM_XObs_entangled_trainable_rzz_QLayers_5___seed_1_1761468207
1933312,1-Training-Losses/policy_loss,-0.00013156794011592865,Pong1PQFM_XObs_entangled_trainable_rzz_QLayers_5___seed_1_1761468207
1937408,1-Training-Losses/policy_loss,-0.0003048516809940338,Pong1PQFM_XObs_entangled_trainable_rzz_QLayers_5___seed_1_1761468207
1941504,1-Training-Losses/policy_loss,-0.0001970520243048668,Pong1PQFM_XObs_entangled_trainable_rzz_QLayers_5___seed_1_1761468207
1945600,1-Training-Losses/policy_loss,-0.00018276250921189785,Pong1PQFM_XObs_entangled_trainable_rzz_QLayers_5___seed_1_1761468207
1949696,1-Training-Losses/policy_loss,-0.00013365497579798102,Pong1PQFM_XObs_entangled_trainable_rzz_QLayers_5___seed_1_1761468207
1953792,1-Training-Losses/policy_loss,-0.00033713364973664284,Pong1PQFM_XObs_entangled_trainable_rzz_QLayers_5___seed_1_1761468207
1957888,1-Training-Losses/policy_loss,-0.00022350018844008446,Pong1PQFM_XObs_entangled_trainable_rzz_QLayers_5___seed_1_1761468207
1961984,1-Training-Losses/policy_loss,-0.0008098403923213482,Pong1PQFM_XObs_entangled_trainable_rzz_QLayers_5___seed_1_1761468207
1966080,1-Training-Losses/policy_loss,-0.0009124982170760632,Pong1PQFM_XObs_entangled_trainable_rzz_QLayers_5___seed_1_1761468207
1970176,1-Training-Losses/policy_loss,-0.00013479776680469513,Pong1PQFM_XObs_entangled_trainable_rzz_QLayers_5___seed_1_1761468207
1974272,1-Training-Losses/policy_loss,-9.016413241624832e-05,Pong1PQFM_XObs_entangled_trainable_rzz_QLayers_5___seed_1_1761468207
1978368,1-Training-Losses/policy_loss,-0.0003459155559539795,Pong1PQFM_XObs_entangled_trainable_rzz_QLayers_5___seed_1_1761468207
1982464,1-Training-Losses/policy_loss,-0.000109331333078444,Pong1PQFM_XObs_entangled_trainable_rzz_QLayers_5___seed_1_1761468207
1986560,1-Training-Losses/policy_loss,-0.0006203419761732221,Pong1PQFM_XObs_entangled_trainable_rzz_QLayers_5___seed_1_1761468207
1990656,1-Training-Losses/policy_loss,-0.00019649090245366096,Pong1PQFM_XObs_entangled_trainable_rzz_QLayers_5___seed_1_1761468207
1994752,1-Training-Losses/policy_loss,-0.00028870999813079834,Pong1PQFM_XObs_entangled_trainable_rzz_QLayers_5___seed_1_1761468207
1998848,1-Training-Losses/policy_loss,-9.496696293354034e-06,Pong1PQFM_XObs_entangled_trainable_rzz_QLayers_5___seed_1_1761468207
2002944,1-Training-Losses/policy_loss,-0.0006473385728895664,Pong1PQFM_XObs_entangled_trainable_rzz_QLayers_5___seed_1_1761468207
2007040,1-Training-Losses/policy_loss,-5.6134071201086044e-05,Pong1PQFM_XObs_entangled_trainable_rzz_QLayers_5___seed_1_1761468207
2011136,1-Training-Losses/policy_loss,-0.0002741296775639057,Pong1PQFM_XObs_entangled_trainable_rzz_QLayers_5___seed_1_1761468207
2015232,1-Training-Losses/policy_loss,-0.00030612293630838394,Pong1PQFM_XObs_entangled_trainable_rzz_QLayers_5___seed_1_1761468207
2019328,1-Training-Losses/policy_loss,-9.213201701641083e-05,Pong1PQFM_XObs_entangled_trainable_rzz_QLayers_5___seed_1_1761468207
2023424,1-Training-Losses/policy_loss,-0.0003697788342833519,Pong1PQFM_XObs_entangled_trainable_rzz_QLayers_5___seed_1_1761468207
2027520,1-Training-Losses/policy_loss,-0.0007970272563397884,Pong1PQFM_XObs_entangled_trainable_rzz_QLayers_5___seed_1_1761468207
2031616,1-Training-Losses/policy_loss,-0.00019286107271909714,Pong1PQFM_XObs_entangled_trainable_rzz_QLayers_5___seed_1_1761468207
2035712,1-Training-Losses/policy_loss,-0.00046130549162626266,Pong1PQFM_XObs_entangled_trainable_rzz_QLayers_5___seed_1_1761468207
2039808,1-Training-Losses/policy_loss,-0.00018208660185337067,Pong1PQFM_XObs_entangled_trainable_rzz_QLayers_5___seed_1_1761468207
2043904,1-Training-Losses/policy_loss,-8.461251854896545e-05,Pong1PQFM_XObs_entangled_trainable_rzz_QLayers_5___seed_1_1761468207
2048000,1-Training-Losses/policy_loss,-0.00027202186174690723,Pong1PQFM_XObs_entangled_trainable_rzz_QLayers_5___seed_1_1761468207
2052096,1-Training-Losses/policy_loss,-0.00037311483174562454,Pong1PQFM_XObs_entangled_trainable_rzz_QLayers_5___seed_1_1761468207
2056192,1-Training-Losses/policy_loss,-0.0007423330098390579,Pong1PQFM_XObs_entangled_trainable_rzz_QLayers_5___seed_1_1761468207
2060288,1-Training-Losses/policy_loss,-0.0003391886129975319,Pong1PQFM_XObs_entangled_trainable_rzz_QLayers_5___seed_1_1761468207
2064384,1-Training-Losses/policy_loss,-0.00018718652427196503,Pong1PQFM_XObs_entangled_trainable_rzz_QLayers_5___seed_1_1761468207
2068480,1-Training-Losses/policy_loss,-0.00016106665134429932,Pong1PQFM_XObs_entangled_trainable_rzz_QLayers_5___seed_1_1761468207
2072576,1-Training-Losses/policy_loss,-0.00035512354224920273,Pong1PQFM_XObs_entangled_trainable_rzz_QLayers_5___seed_1_1761468207
2076672,1-Training-Losses/policy_loss,-0.0007076654583215714,Pong1PQFM_XObs_entangled_trainable_rzz_QLayers_5___seed_1_1761468207
2080768,1-Training-Losses/policy_loss,-0.00043892115354537964,Pong1PQFM_XObs_entangled_trainable_rzz_QLayers_5___seed_1_1761468207
2084864,1-Training-Losses/policy_loss,-0.0003375466912984848,Pong1PQFM_XObs_entangled_trainable_rzz_QLayers_5___seed_1_1761468207
2088960,1-Training-Losses/policy_loss,-0.00021860003471374512,Pong1PQFM_XObs_entangled_trainable_rzz_QLayers_5___seed_1_1761468207
2093056,1-Training-Losses/policy_loss,-0.00022195931524038315,Pong1PQFM_XObs_entangled_trainable_rzz_QLayers_5___seed_1_1761468207
2097152,1-Training-Losses/policy_loss,-0.0006041713058948517,Pong1PQFM_XObs_entangled_trainable_rzz_QLayers_5___seed_1_1761468207
2101248,1-Training-Losses/policy_loss,-0.0007177102379500866,Pong1PQFM_XObs_entangled_trainable_rzz_QLayers_5___seed_1_1761468207
2105344,1-Training-Losses/policy_loss,-0.00011718273162841797,Pong1PQFM_XObs_entangled_trainable_rzz_QLayers_5___seed_1_1761468207
2109440,1-Training-Losses/policy_loss,-0.00028290320187807083,Pong1PQFM_XObs_entangled_trainable_rzz_QLayers_5___seed_1_1761468207
2113536,1-Training-Losses/policy_loss,-0.000815357081592083,Pong1PQFM_XObs_entangled_trainable_rzz_QLayers_5___seed_1_1761468207
2117632,1-Training-Losses/policy_loss,-0.00010132184252142906,Pong1PQFM_XObs_entangled_trainable_rzz_QLayers_5___seed_1_1761468207
2121728,1-Training-Losses/policy_loss,-0.00043986178934574127,Pong1PQFM_XObs_entangled_trainable_rzz_QLayers_5___seed_1_1761468207
2125824,1-Training-Losses/policy_loss,-0.0005648406222462654,Pong1PQFM_XObs_entangled_trainable_rzz_QLayers_5___seed_1_1761468207
2129920,1-Training-Losses/policy_loss,-0.0003284923732280731,Pong1PQFM_XObs_entangled_trainable_rzz_QLayers_5___seed_1_1761468207
2134016,1-Training-Losses/policy_loss,-0.00011813826858997345,Pong1PQFM_XObs_entangled_trainable_rzz_QLayers_5___seed_1_1761468207
2138112,1-Training-Losses/policy_loss,-0.00015010405331850052,Pong1PQFM_XObs_entangled_trainable_rzz_QLayers_5___seed_1_1761468207
2142208,1-Training-Losses/policy_loss,-0.0003364725271239877,Pong1PQFM_XObs_entangled_trainable_rzz_QLayers_5___seed_1_1761468207
2146304,1-Training-Losses/policy_loss,-0.0005424199625849724,Pong1PQFM_XObs_entangled_trainable_rzz_QLayers_5___seed_1_1761468207
2150400,1-Training-Losses/policy_loss,-0.00010251766070723534,Pong1PQFM_XObs_entangled_trainable_rzz_QLayers_5___seed_1_1761468207
2154496,1-Training-Losses/policy_loss,-0.0002145972102880478,Pong1PQFM_XObs_entangled_trainable_rzz_QLayers_5___seed_1_1761468207
2158592,1-Training-Losses/policy_loss,-0.000250205397605896,Pong1PQFM_XObs_entangled_trainable_rzz_QLayers_5___seed_1_1761468207
2162688,1-Training-Losses/policy_loss,-0.0006760600954294205,Pong1PQFM_XObs_entangled_trainable_rzz_QLayers_5___seed_1_1761468207
2166784,1-Training-Losses/policy_loss,-0.00021584797650575638,Pong1PQFM_XObs_entangled_trainable_rzz_QLayers_5___seed_1_1761468207
2170880,1-Training-Losses/policy_loss,-0.0003733695484697819,Pong1PQFM_XObs_entangled_trainable_rzz_QLayers_5___seed_1_1761468207
2174976,1-Training-Losses/policy_loss,-0.0003960374742746353,Pong1PQFM_XObs_entangled_trainable_rzz_QLayers_5___seed_1_1761468207
2179072,1-Training-Losses/policy_loss,-0.0003621447831392288,Pong1PQFM_XObs_entangled_trainable_rzz_QLayers_5___seed_1_1761468207
2183168,1-Training-Losses/policy_loss,-0.0008173873648047447,Pong1PQFM_XObs_entangled_trainable_rzz_QLayers_5___seed_1_1761468207
2187264,1-Training-Losses/policy_loss,-0.000542215071618557,Pong1PQFM_XObs_entangled_trainable_rzz_QLayers_5___seed_1_1761468207
2191360,1-Training-Losses/policy_loss,-0.00013796193525195122,Pong1PQFM_XObs_entangled_trainable_rzz_QLayers_5___seed_1_1761468207
2195456,1-Training-Losses/policy_loss,-0.00010894797742366791,Pong1PQFM_XObs_entangled_trainable_rzz_QLayers_5___seed_1_1761468207
2199552,1-Training-Losses/policy_loss,-0.0004879531916230917,Pong1PQFM_XObs_entangled_trainable_rzz_QLayers_5___seed_1_1761468207
2203648,1-Training-Losses/policy_loss,-7.215561345219612e-05,Pong1PQFM_XObs_entangled_trainable_rzz_QLayers_5___seed_1_1761468207
2207744,1-Training-Losses/policy_loss,-0.00018501747399568558,Pong1PQFM_XObs_entangled_trainable_rzz_QLayers_5___seed_1_1761468207
2211840,1-Training-Losses/policy_loss,-0.00038142595440149307,Pong1PQFM_XObs_entangled_trainable_rzz_QLayers_5___seed_1_1761468207
2215936,1-Training-Losses/policy_loss,-9.764358401298523e-05,Pong1PQFM_XObs_entangled_trainable_rzz_QLayers_5___seed_1_1761468207
2220032,1-Training-Losses/policy_loss,-0.00032532308250665665,Pong1PQFM_XObs_entangled_trainable_rzz_QLayers_5___seed_1_1761468207
2224128,1-Training-Losses/policy_loss,-0.0003822576254606247,Pong1PQFM_XObs_entangled_trainable_rzz_QLayers_5___seed_1_1761468207
2228224,1-Training-Losses/policy_loss,-0.0009408178739249706,Pong1PQFM_XObs_entangled_trainable_rzz_QLayers_5___seed_1_1761468207
2232320,1-Training-Losses/policy_loss,-0.00017463136464357376,Pong1PQFM_XObs_entangled_trainable_rzz_QLayers_5___seed_1_1761468207
2236416,1-Training-Losses/policy_loss,-0.00021758489310741425,Pong1PQFM_XObs_entangled_trainable_rzz_QLayers_5___seed_1_1761468207
2240512,1-Training-Losses/policy_loss,-0.0004785745404660702,Pong1PQFM_XObs_entangled_trainable_rzz_QLayers_5___seed_1_1761468207
2244608,1-Training-Losses/policy_loss,-0.00029189023189246655,Pong1PQFM_XObs_entangled_trainable_rzz_QLayers_5___seed_1_1761468207
2248704,1-Training-Losses/policy_loss,-0.00014238315634429455,Pong1PQFM_XObs_entangled_trainable_rzz_QLayers_5___seed_1_1761468207
2252800,1-Training-Losses/policy_loss,-0.0008044112473726273,Pong1PQFM_XObs_entangled_trainable_rzz_QLayers_5___seed_1_1761468207
2256896,1-Training-Losses/policy_loss,-0.00013676821254193783,Pong1PQFM_XObs_entangled_trainable_rzz_QLayers_5___seed_1_1761468207
2260992,1-Training-Losses/policy_loss,-0.000727879349142313,Pong1PQFM_XObs_entangled_trainable_rzz_QLayers_5___seed_1_1761468207
2265088,1-Training-Losses/policy_loss,-0.00026844488456845284,Pong1PQFM_XObs_entangled_trainable_rzz_QLayers_5___seed_1_1761468207
2269184,1-Training-Losses/policy_loss,-9.299255907535553e-05,Pong1PQFM_XObs_entangled_trainable_rzz_QLayers_5___seed_1_1761468207
2273280,1-Training-Losses/policy_loss,-0.000473950058221817,Pong1PQFM_XObs_entangled_trainable_rzz_QLayers_5___seed_1_1761468207
2277376,1-Training-Losses/policy_loss,-0.000807320699095726,Pong1PQFM_XObs_entangled_trainable_rzz_QLayers_5___seed_1_1761468207
2281472,1-Training-Losses/policy_loss,-0.00022931047715246677,Pong1PQFM_XObs_entangled_trainable_rzz_QLayers_5___seed_1_1761468207
2285568,1-Training-Losses/policy_loss,-0.00020555686205625534,Pong1PQFM_XObs_entangled_trainable_rzz_QLayers_5___seed_1_1761468207
2289664,1-Training-Losses/policy_loss,-0.00040803709998726845,Pong1PQFM_XObs_entangled_trainable_rzz_QLayers_5___seed_1_1761468207
2293760,1-Training-Losses/policy_loss,-0.0015377835370600224,Pong1PQFM_XObs_entangled_trainable_rzz_QLayers_5___seed_1_1761468207
2297856,1-Training-Losses/policy_loss,-0.00045994576066732407,Pong1PQFM_XObs_entangled_trainable_rzz_QLayers_5___seed_1_1761468207
2301952,1-Training-Losses/policy_loss,-0.0005566445179283619,Pong1PQFM_XObs_entangled_trainable_rzz_QLayers_5___seed_1_1761468207
2306048,1-Training-Losses/policy_loss,-0.00019851839169859886,Pong1PQFM_XObs_entangled_trainable_rzz_QLayers_5___seed_1_1761468207
2310144,1-Training-Losses/policy_loss,-0.00037879589945077896,Pong1PQFM_XObs_entangled_trainable_rzz_QLayers_5___seed_1_1761468207
2314240,1-Training-Losses/policy_loss,-0.00038180360570549965,Pong1PQFM_XObs_entangled_trainable_rzz_QLayers_5___seed_1_1761468207
2318336,1-Training-Losses/policy_loss,-0.00037812860682606697,Pong1PQFM_XObs_entangled_trainable_rzz_QLayers_5___seed_1_1761468207
2322432,1-Training-Losses/policy_loss,-0.0005304086953401566,Pong1PQFM_XObs_entangled_trainable_rzz_QLayers_5___seed_1_1761468207
2326528,1-Training-Losses/policy_loss,-0.00036577368155121803,Pong1PQFM_XObs_entangled_trainable_rzz_QLayers_5___seed_1_1761468207
2330624,1-Training-Losses/policy_loss,-0.0005918713286519051,Pong1PQFM_XObs_entangled_trainable_rzz_QLayers_5___seed_1_1761468207
2334720,1-Training-Losses/policy_loss,-5.297176539897919e-05,Pong1PQFM_XObs_entangled_trainable_rzz_QLayers_5___seed_1_1761468207
2338816,1-Training-Losses/policy_loss,-0.00018404610455036163,Pong1PQFM_XObs_entangled_trainable_rzz_QLayers_5___seed_1_1761468207
2342912,1-Training-Losses/policy_loss,-0.000978485681116581,Pong1PQFM_XObs_entangled_trainable_rzz_QLayers_5___seed_1_1761468207
2347008,1-Training-Losses/policy_loss,-0.0004070799332112074,Pong1PQFM_XObs_entangled_trainable_rzz_QLayers_5___seed_1_1761468207
2351104,1-Training-Losses/policy_loss,-0.00018575042486190796,Pong1PQFM_XObs_entangled_trainable_rzz_QLayers_5___seed_1_1761468207
2355200,1-Training-Losses/policy_loss,-0.00011149793863296509,Pong1PQFM_XObs_entangled_trainable_rzz_QLayers_5___seed_1_1761468207
2359296,1-Training-Losses/policy_loss,-0.0005117924883961678,Pong1PQFM_XObs_entangled_trainable_rzz_QLayers_5___seed_1_1761468207
2363392,1-Training-Losses/policy_loss,-0.0005424264818429947,Pong1PQFM_XObs_entangled_trainable_rzz_QLayers_5___seed_1_1761468207
2367488,1-Training-Losses/policy_loss,-0.0005257087759673595,Pong1PQFM_XObs_entangled_trainable_rzz_QLayers_5___seed_1_1761468207
2371584,1-Training-Losses/policy_loss,-0.0005676243454217911,Pong1PQFM_XObs_entangled_trainable_rzz_QLayers_5___seed_1_1761468207
2375680,1-Training-Losses/policy_loss,-0.0006188773550093174,Pong1PQFM_XObs_entangled_trainable_rzz_QLayers_5___seed_1_1761468207
2379776,1-Training-Losses/policy_loss,-0.0006590923294425011,Pong1PQFM_XObs_entangled_trainable_rzz_QLayers_5___seed_1_1761468207
2383872,1-Training-Losses/policy_loss,-0.0001624890137463808,Pong1PQFM_XObs_entangled_trainable_rzz_QLayers_5___seed_1_1761468207
2387968,1-Training-Losses/policy_loss,-0.0003613861044868827,Pong1PQFM_XObs_entangled_trainable_rzz_QLayers_5___seed_1_1761468207
2392064,1-Training-Losses/policy_loss,-0.0002274792641401291,Pong1PQFM_XObs_entangled_trainable_rzz_QLayers_5___seed_1_1761468207
2396160,1-Training-Losses/policy_loss,-0.0014848608989268541,Pong1PQFM_XObs_entangled_trainable_rzz_QLayers_5___seed_1_1761468207
2400256,1-Training-Losses/policy_loss,-0.0005197697319090366,Pong1PQFM_XObs_entangled_trainable_rzz_QLayers_5___seed_1_1761468207
2404352,1-Training-Losses/policy_loss,-0.0005463268607854843,Pong1PQFM_XObs_entangled_trainable_rzz_QLayers_5___seed_1_1761468207
2408448,1-Training-Losses/policy_loss,-0.00040744501166045666,Pong1PQFM_XObs_entangled_trainable_rzz_QLayers_5___seed_1_1761468207
2412544,1-Training-Losses/policy_loss,-0.001340857706964016,Pong1PQFM_XObs_entangled_trainable_rzz_QLayers_5___seed_1_1761468207
2416640,1-Training-Losses/policy_loss,-0.0007451067212969065,Pong1PQFM_XObs_entangled_trainable_rzz_QLayers_5___seed_1_1761468207
2420736,1-Training-Losses/policy_loss,-0.0001867222599685192,Pong1PQFM_XObs_entangled_trainable_rzz_QLayers_5___seed_1_1761468207
2424832,1-Training-Losses/policy_loss,-0.00011474033817648888,Pong1PQFM_XObs_entangled_trainable_rzz_QLayers_5___seed_1_1761468207
2428928,1-Training-Losses/policy_loss,-8.984329178929329e-05,Pong1PQFM_XObs_entangled_trainable_rzz_QLayers_5___seed_1_1761468207
2433024,1-Training-Losses/policy_loss,-0.000561663880944252,Pong1PQFM_XObs_entangled_trainable_rzz_QLayers_5___seed_1_1761468207
2437120,1-Training-Losses/policy_loss,-0.00014506932348012924,Pong1PQFM_XObs_entangled_trainable_rzz_QLayers_5___seed_1_1761468207
2441216,1-Training-Losses/policy_loss,-0.0001805536448955536,Pong1PQFM_XObs_entangled_trainable_rzz_QLayers_5___seed_1_1761468207
2445312,1-Training-Losses/policy_loss,-0.00024524563923478127,Pong1PQFM_XObs_entangled_trainable_rzz_QLayers_5___seed_1_1761468207
2449408,1-Training-Losses/policy_loss,-0.00031213322654366493,Pong1PQFM_XObs_entangled_trainable_rzz_QLayers_5___seed_1_1761468207
2453504,1-Training-Losses/policy_loss,-0.00018788129091262817,Pong1PQFM_XObs_entangled_trainable_rzz_QLayers_5___seed_1_1761468207
2457600,1-Training-Losses/policy_loss,-0.00032767560333013535,Pong1PQFM_XObs_entangled_trainable_rzz_QLayers_5___seed_1_1761468207
2461696,1-Training-Losses/policy_loss,-0.0005853455513715744,Pong1PQFM_XObs_entangled_trainable_rzz_QLayers_5___seed_1_1761468207
2465792,1-Training-Losses/policy_loss,-8.729356341063976e-05,Pong1PQFM_XObs_entangled_trainable_rzz_QLayers_5___seed_1_1761468207
2469888,1-Training-Losses/policy_loss,-0.00042144209146499634,Pong1PQFM_XObs_entangled_trainable_rzz_QLayers_5___seed_1_1761468207
2473984,1-Training-Losses/policy_loss,-0.00023033097386360168,Pong1PQFM_XObs_entangled_trainable_rzz_QLayers_5___seed_1_1761468207
2478080,1-Training-Losses/policy_loss,-0.00019340915605425835,Pong1PQFM_XObs_entangled_trainable_rzz_QLayers_5___seed_1_1761468207
2482176,1-Training-Losses/policy_loss,-0.00021276995539665222,Pong1PQFM_XObs_entangled_trainable_rzz_QLayers_5___seed_1_1761468207
2486272,1-Training-Losses/policy_loss,-0.00019278377294540405,Pong1PQFM_XObs_entangled_trainable_rzz_QLayers_5___seed_1_1761468207
2490368,1-Training-Losses/policy_loss,-4.965648986399174e-05,Pong1PQFM_XObs_entangled_trainable_rzz_QLayers_5___seed_1_1761468207
2494464,1-Training-Losses/policy_loss,-0.000129232881590724,Pong1PQFM_XObs_entangled_trainable_rzz_QLayers_5___seed_1_1761468207
2498560,1-Training-Losses/policy_loss,-0.0006622099317610264,Pong1PQFM_XObs_entangled_trainable_rzz_QLayers_5___seed_1_1761468207
2502656,1-Training-Losses/policy_loss,-0.0007908064872026443,Pong1PQFM_XObs_entangled_trainable_rzz_QLayers_5___seed_1_1761468207
2506752,1-Training-Losses/policy_loss,-0.0002637375146150589,Pong1PQFM_XObs_entangled_trainable_rzz_QLayers_5___seed_1_1761468207
2510848,1-Training-Losses/policy_loss,-0.0009404467418789864,Pong1PQFM_XObs_entangled_trainable_rzz_QLayers_5___seed_1_1761468207
2514944,1-Training-Losses/policy_loss,-0.00026097847148776054,Pong1PQFM_XObs_entangled_trainable_rzz_QLayers_5___seed_1_1761468207
2519040,1-Training-Losses/policy_loss,-0.00015479326248168945,Pong1PQFM_XObs_entangled_trainable_rzz_QLayers_5___seed_1_1761468207
2523136,1-Training-Losses/policy_loss,-0.0003780052065849304,Pong1PQFM_XObs_entangled_trainable_rzz_QLayers_5___seed_1_1761468207
2527232,1-Training-Losses/policy_loss,-0.00033007748425006866,Pong1PQFM_XObs_entangled_trainable_rzz_QLayers_5___seed_1_1761468207
2531328,1-Training-Losses/policy_loss,-0.00011456047650426626,Pong1PQFM_XObs_entangled_trainable_rzz_QLayers_5___seed_1_1761468207
2535424,1-Training-Losses/policy_loss,-0.0012188199907541275,Pong1PQFM_XObs_entangled_trainable_rzz_QLayers_5___seed_1_1761468207
2539520,1-Training-Losses/policy_loss,-0.0005622864700853825,Pong1PQFM_XObs_entangled_trainable_rzz_QLayers_5___seed_1_1761468207
2543616,1-Training-Losses/policy_loss,-0.0002734381705522537,Pong1PQFM_XObs_entangled_trainable_rzz_QLayers_5___seed_1_1761468207
2547712,1-Training-Losses/policy_loss,-3.680586814880371e-05,Pong1PQFM_XObs_entangled_trainable_rzz_QLayers_5___seed_1_1761468207
2551808,1-Training-Losses/policy_loss,-0.0002651689574122429,Pong1PQFM_XObs_entangled_trainable_rzz_QLayers_5___seed_1_1761468207
2555904,1-Training-Losses/policy_loss,-0.0004341481253504753,Pong1PQFM_XObs_entangled_trainable_rzz_QLayers_5___seed_1_1761468207
2560000,1-Training-Losses/policy_loss,-0.0003891764208674431,Pong1PQFM_XObs_entangled_trainable_rzz_QLayers_5___seed_1_1761468207
2564096,1-Training-Losses/policy_loss,-2.444954589009285e-05,Pong1PQFM_XObs_entangled_trainable_rzz_QLayers_5___seed_1_1761468207
2568192,1-Training-Losses/policy_loss,-0.00030843913555145264,Pong1PQFM_XObs_entangled_trainable_rzz_QLayers_5___seed_1_1761468207
2572288,1-Training-Losses/policy_loss,-0.0003427858464419842,Pong1PQFM_XObs_entangled_trainable_rzz_QLayers_5___seed_1_1761468207
2576384,1-Training-Losses/policy_loss,-0.00043498887680470943,Pong1PQFM_XObs_entangled_trainable_rzz_QLayers_5___seed_1_1761468207
2580480,1-Training-Losses/policy_loss,-0.00012711621820926666,Pong1PQFM_XObs_entangled_trainable_rzz_QLayers_5___seed_1_1761468207
2584576,1-Training-Losses/policy_loss,-0.000987103208899498,Pong1PQFM_XObs_entangled_trainable_rzz_QLayers_5___seed_1_1761468207
2588672,1-Training-Losses/policy_loss,-4.557892680168152e-06,Pong1PQFM_XObs_entangled_trainable_rzz_QLayers_5___seed_1_1761468207
2592768,1-Training-Losses/policy_loss,-0.00035026855766773224,Pong1PQFM_XObs_entangled_trainable_rzz_QLayers_5___seed_1_1761468207
2596864,1-Training-Losses/policy_loss,-0.00025391532108187675,Pong1PQFM_XObs_entangled_trainable_rzz_QLayers_5___seed_1_1761468207
2600960,1-Training-Losses/policy_loss,-0.00015252083539962769,Pong1PQFM_XObs_entangled_trainable_rzz_QLayers_5___seed_1_1761468207
2605056,1-Training-Losses/policy_loss,-0.00017984583973884583,Pong1PQFM_XObs_entangled_trainable_rzz_QLayers_5___seed_1_1761468207
2609152,1-Training-Losses/policy_loss,-0.0001757950522005558,Pong1PQFM_XObs_entangled_trainable_rzz_QLayers_5___seed_1_1761468207
2613248,1-Training-Losses/policy_loss,-0.0006213069427758455,Pong1PQFM_XObs_entangled_trainable_rzz_QLayers_5___seed_1_1761468207
2617344,1-Training-Losses/policy_loss,-0.0005242042243480682,Pong1PQFM_XObs_entangled_trainable_rzz_QLayers_5___seed_1_1761468207
2621440,1-Training-Losses/policy_loss,-1.7834827303886414e-05,Pong1PQFM_XObs_entangled_trainable_rzz_QLayers_5___seed_1_1761468207
2625536,1-Training-Losses/policy_loss,-0.0004594152560457587,Pong1PQFM_XObs_entangled_trainable_rzz_QLayers_5___seed_1_1761468207
2629632,1-Training-Losses/policy_loss,-0.00014144647866487503,Pong1PQFM_XObs_entangled_trainable_rzz_QLayers_5___seed_1_1761468207
2633728,1-Training-Losses/policy_loss,-0.0007528024725615978,Pong1PQFM_XObs_entangled_trainable_rzz_QLayers_5___seed_1_1761468207
2637824,1-Training-Losses/policy_loss,-0.0006439131684601307,Pong1PQFM_XObs_entangled_trainable_rzz_QLayers_5___seed_1_1761468207
2641920,1-Training-Losses/policy_loss,0.00010293535888195038,Pong1PQFM_XObs_entangled_trainable_rzz_QLayers_5___seed_1_1761468207
2646016,1-Training-Losses/policy_loss,-0.0002773404121398926,Pong1PQFM_XObs_entangled_trainable_rzz_QLayers_5___seed_1_1761468207
2650112,1-Training-Losses/policy_loss,-0.00021518394351005554,Pong1PQFM_XObs_entangled_trainable_rzz_QLayers_5___seed_1_1761468207
2654208,1-Training-Losses/policy_loss,-0.0005966639146208763,Pong1PQFM_XObs_entangled_trainable_rzz_QLayers_5___seed_1_1761468207
2658304,1-Training-Losses/policy_loss,-0.0007760548032820225,Pong1PQFM_XObs_entangled_trainable_rzz_QLayers_5___seed_1_1761468207
2662400,1-Training-Losses/policy_loss,-0.0005759310442954302,Pong1PQFM_XObs_entangled_trainable_rzz_QLayers_5___seed_1_1761468207
2666496,1-Training-Losses/policy_loss,-0.0006458500865846872,Pong1PQFM_XObs_entangled_trainable_rzz_QLayers_5___seed_1_1761468207
2670592,1-Training-Losses/policy_loss,-0.00010582664981484413,Pong1PQFM_XObs_entangled_trainable_rzz_QLayers_5___seed_1_1761468207
2674688,1-Training-Losses/policy_loss,-0.0008457144722342491,Pong1PQFM_XObs_entangled_trainable_rzz_QLayers_5___seed_1_1761468207
2678784,1-Training-Losses/policy_loss,-0.0003865710459649563,Pong1PQFM_XObs_entangled_trainable_rzz_QLayers_5___seed_1_1761468207
2682880,1-Training-Losses/policy_loss,-0.0006339624524116516,Pong1PQFM_XObs_entangled_trainable_rzz_QLayers_5___seed_1_1761468207
2686976,1-Training-Losses/policy_loss,-0.0009307796135544777,Pong1PQFM_XObs_entangled_trainable_rzz_QLayers_5___seed_1_1761468207
2691072,1-Training-Losses/policy_loss,-0.00036466121673583984,Pong1PQFM_XObs_entangled_trainable_rzz_QLayers_5___seed_1_1761468207
2695168,1-Training-Losses/policy_loss,-6.484705954790115e-05,Pong1PQFM_XObs_entangled_trainable_rzz_QLayers_5___seed_1_1761468207
2699264,1-Training-Losses/policy_loss,-0.00047782715409994125,Pong1PQFM_XObs_entangled_trainable_rzz_QLayers_5___seed_1_1761468207
2703360,1-Training-Losses/policy_loss,-0.0005771573632955551,Pong1PQFM_XObs_entangled_trainable_rzz_QLayers_5___seed_1_1761468207
2707456,1-Training-Losses/policy_loss,-0.0003793151117861271,Pong1PQFM_XObs_entangled_trainable_rzz_QLayers_5___seed_1_1761468207
2711552,1-Training-Losses/policy_loss,-0.00021209754049777985,Pong1PQFM_XObs_entangled_trainable_rzz_QLayers_5___seed_1_1761468207
2715648,1-Training-Losses/policy_loss,-0.0003657904453575611,Pong1PQFM_XObs_entangled_trainable_rzz_QLayers_5___seed_1_1761468207
2719744,1-Training-Losses/policy_loss,-0.0004988568834960461,Pong1PQFM_XObs_entangled_trainable_rzz_QLayers_5___seed_1_1761468207
2723840,1-Training-Losses/policy_loss,-0.0004634957294911146,Pong1PQFM_XObs_entangled_trainable_rzz_QLayers_5___seed_1_1761468207
2727936,1-Training-Losses/policy_loss,-0.0005873097106814384,Pong1PQFM_XObs_entangled_trainable_rzz_QLayers_5___seed_1_1761468207
2732032,1-Training-Losses/policy_loss,-0.00034125614911317825,Pong1PQFM_XObs_entangled_trainable_rzz_QLayers_5___seed_1_1761468207
2736128,1-Training-Losses/policy_loss,-0.0003352127969264984,Pong1PQFM_XObs_entangled_trainable_rzz_QLayers_5___seed_1_1761468207
2740224,1-Training-Losses/policy_loss,-0.00012752600014209747,Pong1PQFM_XObs_entangled_trainable_rzz_QLayers_5___seed_1_1761468207
2744320,1-Training-Losses/policy_loss,-0.0007571522146463394,Pong1PQFM_XObs_entangled_trainable_rzz_QLayers_5___seed_1_1761468207
2748416,1-Training-Losses/policy_loss,-0.00045457109808921814,Pong1PQFM_XObs_entangled_trainable_rzz_QLayers_5___seed_1_1761468207
2752512,1-Training-Losses/policy_loss,-0.0001805489882826805,Pong1PQFM_XObs_entangled_trainable_rzz_QLayers_5___seed_1_1761468207
2756608,1-Training-Losses/policy_loss,-0.0006130998954176903,Pong1PQFM_XObs_entangled_trainable_rzz_QLayers_5___seed_1_1761468207
2760704,1-Training-Losses/policy_loss,-0.00021950341761112213,Pong1PQFM_XObs_entangled_trainable_rzz_QLayers_5___seed_1_1761468207
2764800,1-Training-Losses/policy_loss,-0.00016084406524896622,Pong1PQFM_XObs_entangled_trainable_rzz_QLayers_5___seed_1_1761468207
2768896,1-Training-Losses/policy_loss,-0.0004948265850543976,Pong1PQFM_XObs_entangled_trainable_rzz_QLayers_5___seed_1_1761468207
2772992,1-Training-Losses/policy_loss,-0.0007396545261144638,Pong1PQFM_XObs_entangled_trainable_rzz_QLayers_5___seed_1_1761468207
2777088,1-Training-Losses/policy_loss,-0.0006511211395263672,Pong1PQFM_XObs_entangled_trainable_rzz_QLayers_5___seed_1_1761468207
2781184,1-Training-Losses/policy_loss,-0.00031426362693309784,Pong1PQFM_XObs_entangled_trainable_rzz_QLayers_5___seed_1_1761468207
2785280,1-Training-Losses/policy_loss,1.0186806321144104e-05,Pong1PQFM_XObs_entangled_trainable_rzz_QLayers_5___seed_1_1761468207
2789376,1-Training-Losses/policy_loss,-0.00045387260615825653,Pong1PQFM_XObs_entangled_trainable_rzz_QLayers_5___seed_1_1761468207
2793472,1-Training-Losses/policy_loss,-0.0002160421572625637,Pong1PQFM_XObs_entangled_trainable_rzz_QLayers_5___seed_1_1761468207
2797568,1-Training-Losses/policy_loss,-0.00023481855168938637,Pong1PQFM_XObs_entangled_trainable_rzz_QLayers_5___seed_1_1761468207
2801664,1-Training-Losses/policy_loss,-0.00018671993166208267,Pong1PQFM_XObs_entangled_trainable_rzz_QLayers_5___seed_1_1761468207
2805760,1-Training-Losses/policy_loss,-0.00023532938212156296,Pong1PQFM_XObs_entangled_trainable_rzz_QLayers_5___seed_1_1761468207
2809856,1-Training-Losses/policy_loss,-0.00031614815816283226,Pong1PQFM_XObs_entangled_trainable_rzz_QLayers_5___seed_1_1761468207
2813952,1-Training-Losses/policy_loss,-0.00021292641758918762,Pong1PQFM_XObs_entangled_trainable_rzz_QLayers_5___seed_1_1761468207
2818048,1-Training-Losses/policy_loss,-0.0005553709343075752,Pong1PQFM_XObs_entangled_trainable_rzz_QLayers_5___seed_1_1761468207
2822144,1-Training-Losses/policy_loss,-5.1215291023254395e-05,Pong1PQFM_XObs_entangled_trainable_rzz_QLayers_5___seed_1_1761468207
2826240,1-Training-Losses/policy_loss,-7.496541365981102e-05,Pong1PQFM_XObs_entangled_trainable_rzz_QLayers_5___seed_1_1761468207
2830336,1-Training-Losses/policy_loss,-0.00040913280099630356,Pong1PQFM_XObs_entangled_trainable_rzz_QLayers_5___seed_1_1761468207
2834432,1-Training-Losses/policy_loss,-2.8772279620170593e-05,Pong1PQFM_XObs_entangled_trainable_rzz_QLayers_5___seed_1_1761468207
2838528,1-Training-Losses/policy_loss,-0.0005697882734239101,Pong1PQFM_XObs_entangled_trainable_rzz_QLayers_5___seed_1_1761468207
2842624,1-Training-Losses/policy_loss,-0.00022477074526250362,Pong1PQFM_XObs_entangled_trainable_rzz_QLayers_5___seed_1_1761468207
2846720,1-Training-Losses/policy_loss,-0.0010475893504917622,Pong1PQFM_XObs_entangled_trainable_rzz_QLayers_5___seed_1_1761468207
2850816,1-Training-Losses/policy_loss,-0.0006376951932907104,Pong1PQFM_XObs_entangled_trainable_rzz_QLayers_5___seed_1_1761468207
2854912,1-Training-Losses/policy_loss,-0.00016364175826311111,Pong1PQFM_XObs_entangled_trainable_rzz_QLayers_5___seed_1_1761468207
2859008,1-Training-Losses/policy_loss,-0.00030570244416594505,Pong1PQFM_XObs_entangled_trainable_rzz_QLayers_5___seed_1_1761468207
2863104,1-Training-Losses/policy_loss,-0.0007014451548457146,Pong1PQFM_XObs_entangled_trainable_rzz_QLayers_5___seed_1_1761468207
2867200,1-Training-Losses/policy_loss,-0.00021300418302416801,Pong1PQFM_XObs_entangled_trainable_rzz_QLayers_5___seed_1_1761468207
2871296,1-Training-Losses/policy_loss,-0.0007785763591527939,Pong1PQFM_XObs_entangled_trainable_rzz_QLayers_5___seed_1_1761468207
2875392,1-Training-Losses/policy_loss,-0.00038497382774949074,Pong1PQFM_XObs_entangled_trainable_rzz_QLayers_5___seed_1_1761468207
2879488,1-Training-Losses/policy_loss,-0.00043855421245098114,Pong1PQFM_XObs_entangled_trainable_rzz_QLayers_5___seed_1_1761468207
2883584,1-Training-Losses/policy_loss,-8.724723011255264e-05,Pong1PQFM_XObs_entangled_trainable_rzz_QLayers_5___seed_1_1761468207
2887680,1-Training-Losses/policy_loss,-0.00017150724306702614,Pong1PQFM_XObs_entangled_trainable_rzz_QLayers_5___seed_1_1761468207
2891776,1-Training-Losses/policy_loss,-0.00041081197559833527,Pong1PQFM_XObs_entangled_trainable_rzz_QLayers_5___seed_1_1761468207
2895872,1-Training-Losses/policy_loss,-0.0010143006220459938,Pong1PQFM_XObs_entangled_trainable_rzz_QLayers_5___seed_1_1761468207
2899968,1-Training-Losses/policy_loss,-0.00014891941100358963,Pong1PQFM_XObs_entangled_trainable_rzz_QLayers_5___seed_1_1761468207
2904064,1-Training-Losses/policy_loss,-0.0001408783718943596,Pong1PQFM_XObs_entangled_trainable_rzz_QLayers_5___seed_1_1761468207
2908160,1-Training-Losses/policy_loss,-7.512839511036873e-05,Pong1PQFM_XObs_entangled_trainable_rzz_QLayers_5___seed_1_1761468207
2912256,1-Training-Losses/policy_loss,-0.0005729161202907562,Pong1PQFM_XObs_entangled_trainable_rzz_QLayers_5___seed_1_1761468207
2916352,1-Training-Losses/policy_loss,-0.00013175420463085175,Pong1PQFM_XObs_entangled_trainable_rzz_QLayers_5___seed_1_1761468207
2920448,1-Training-Losses/policy_loss,-0.0007864891085773706,Pong1PQFM_XObs_entangled_trainable_rzz_QLayers_5___seed_1_1761468207
2924544,1-Training-Losses/policy_loss,-0.00013854587450623512,Pong1PQFM_XObs_entangled_trainable_rzz_QLayers_5___seed_1_1761468207
2928640,1-Training-Losses/policy_loss,-0.0003740154206752777,Pong1PQFM_XObs_entangled_trainable_rzz_QLayers_5___seed_1_1761468207
2932736,1-Training-Losses/policy_loss,-0.0002539514098316431,Pong1PQFM_XObs_entangled_trainable_rzz_QLayers_5___seed_1_1761468207
2936832,1-Training-Losses/policy_loss,-0.0004325658082962036,Pong1PQFM_XObs_entangled_trainable_rzz_QLayers_5___seed_1_1761468207
2940928,1-Training-Losses/policy_loss,-0.00021036015823483467,Pong1PQFM_XObs_entangled_trainable_rzz_QLayers_5___seed_1_1761468207
2945024,1-Training-Losses/policy_loss,-0.0003217775374650955,Pong1PQFM_XObs_entangled_trainable_rzz_QLayers_5___seed_1_1761468207
2949120,1-Training-Losses/policy_loss,-5.790265277028084e-05,Pong1PQFM_XObs_entangled_trainable_rzz_QLayers_5___seed_1_1761468207
2953216,1-Training-Losses/policy_loss,-0.0004891050048172474,Pong1PQFM_XObs_entangled_trainable_rzz_QLayers_5___seed_1_1761468207
2957312,1-Training-Losses/policy_loss,-0.0001506982371211052,Pong1PQFM_XObs_entangled_trainable_rzz_QLayers_5___seed_1_1761468207
2961408,1-Training-Losses/policy_loss,-0.0006523448973894119,Pong1PQFM_XObs_entangled_trainable_rzz_QLayers_5___seed_1_1761468207
2965504,1-Training-Losses/policy_loss,-0.00012096483260393143,Pong1PQFM_XObs_entangled_trainable_rzz_QLayers_5___seed_1_1761468207
2969600,1-Training-Losses/policy_loss,-0.0008750036358833313,Pong1PQFM_XObs_entangled_trainable_rzz_QLayers_5___seed_1_1761468207
2973696,1-Training-Losses/policy_loss,-0.00018755928613245487,Pong1PQFM_XObs_entangled_trainable_rzz_QLayers_5___seed_1_1761468207
2977792,1-Training-Losses/policy_loss,-0.00016312138177454472,Pong1PQFM_XObs_entangled_trainable_rzz_QLayers_5___seed_1_1761468207
2981888,1-Training-Losses/policy_loss,-0.0006006794283166528,Pong1PQFM_XObs_entangled_trainable_rzz_QLayers_5___seed_1_1761468207
2985984,1-Training-Losses/policy_loss,-0.0005849199369549751,Pong1PQFM_XObs_entangled_trainable_rzz_QLayers_5___seed_1_1761468207
2990080,1-Training-Losses/policy_loss,-8.589401841163635e-05,Pong1PQFM_XObs_entangled_trainable_rzz_QLayers_5___seed_1_1761468207
2994176,1-Training-Losses/policy_loss,-0.0002841572277247906,Pong1PQFM_XObs_entangled_trainable_rzz_QLayers_5___seed_1_1761468207
2998272,1-Training-Losses/policy_loss,-0.00032294727861881256,Pong1PQFM_XObs_entangled_trainable_rzz_QLayers_5___seed_1_1761468207
3002368,1-Training-Losses/policy_loss,-0.001563393510878086,Pong1PQFM_XObs_entangled_trainable_rzz_QLayers_5___seed_1_1761468207
3006464,1-Training-Losses/policy_loss,-0.0003062270116060972,Pong1PQFM_XObs_entangled_trainable_rzz_QLayers_5___seed_1_1761468207
3010560,1-Training-Losses/policy_loss,-0.00022587995044887066,Pong1PQFM_XObs_entangled_trainable_rzz_QLayers_5___seed_1_1761468207
3014656,1-Training-Losses/policy_loss,-0.0004549897275865078,Pong1PQFM_XObs_entangled_trainable_rzz_QLayers_5___seed_1_1761468207
3018752,1-Training-Losses/policy_loss,-0.0002929316833615303,Pong1PQFM_XObs_entangled_trainable_rzz_QLayers_5___seed_1_1761468207
3022848,1-Training-Losses/policy_loss,-0.0010842923074960709,Pong1PQFM_XObs_entangled_trainable_rzz_QLayers_5___seed_1_1761468207
3026944,1-Training-Losses/policy_loss,-0.0003342898562550545,Pong1PQFM_XObs_entangled_trainable_rzz_QLayers_5___seed_1_1761468207
3031040,1-Training-Losses/policy_loss,-0.001163699314929545,Pong1PQFM_XObs_entangled_trainable_rzz_QLayers_5___seed_1_1761468207
3035136,1-Training-Losses/policy_loss,-0.0005088960751891136,Pong1PQFM_XObs_entangled_trainable_rzz_QLayers_5___seed_1_1761468207
3039232,1-Training-Losses/policy_loss,-0.0003492548130452633,Pong1PQFM_XObs_entangled_trainable_rzz_QLayers_5___seed_1_1761468207
3043328,1-Training-Losses/policy_loss,-5.7954806834459305e-05,Pong1PQFM_XObs_entangled_trainable_rzz_QLayers_5___seed_1_1761468207
3047424,1-Training-Losses/policy_loss,-0.0003025569021701813,Pong1PQFM_XObs_entangled_trainable_rzz_QLayers_5___seed_1_1761468207
3051520,1-Training-Losses/policy_loss,-0.0004221664275974035,Pong1PQFM_XObs_entangled_trainable_rzz_QLayers_5___seed_1_1761468207
3055616,1-Training-Losses/policy_loss,-0.00025296397507190704,Pong1PQFM_XObs_entangled_trainable_rzz_QLayers_5___seed_1_1761468207
3059712,1-Training-Losses/policy_loss,-0.00039647449739277363,Pong1PQFM_XObs_entangled_trainable_rzz_QLayers_5___seed_1_1761468207
3063808,1-Training-Losses/policy_loss,-0.0002804412506520748,Pong1PQFM_XObs_entangled_trainable_rzz_QLayers_5___seed_1_1761468207
3067904,1-Training-Losses/policy_loss,-0.0002930418122559786,Pong1PQFM_XObs_entangled_trainable_rzz_QLayers_5___seed_1_1761468207
3072000,1-Training-Losses/policy_loss,-0.0006676310440525413,Pong1PQFM_XObs_entangled_trainable_rzz_QLayers_5___seed_1_1761468207
3076096,1-Training-Losses/policy_loss,-0.0002446109429001808,Pong1PQFM_XObs_entangled_trainable_rzz_QLayers_5___seed_1_1761468207
3080192,1-Training-Losses/policy_loss,-0.0008118627592921257,Pong1PQFM_XObs_entangled_trainable_rzz_QLayers_5___seed_1_1761468207
3084288,1-Training-Losses/policy_loss,-0.00037802383303642273,Pong1PQFM_XObs_entangled_trainable_rzz_QLayers_5___seed_1_1761468207
3088384,1-Training-Losses/policy_loss,-0.0009084166958928108,Pong1PQFM_XObs_entangled_trainable_rzz_QLayers_5___seed_1_1761468207
3092480,1-Training-Losses/policy_loss,-0.0002549886703491211,Pong1PQFM_XObs_entangled_trainable_rzz_QLayers_5___seed_1_1761468207
3096576,1-Training-Losses/policy_loss,-0.0003743278793990612,Pong1PQFM_XObs_entangled_trainable_rzz_QLayers_5___seed_1_1761468207
3100672,1-Training-Losses/policy_loss,-0.00032313051633536816,Pong1PQFM_XObs_entangled_trainable_rzz_QLayers_5___seed_1_1761468207
3104768,1-Training-Losses/policy_loss,-0.00044521549716591835,Pong1PQFM_XObs_entangled_trainable_rzz_QLayers_5___seed_1_1761468207
3108864,1-Training-Losses/policy_loss,-0.0008586004842072725,Pong1PQFM_XObs_entangled_trainable_rzz_QLayers_5___seed_1_1761468207
3112960,1-Training-Losses/policy_loss,-8.854269981384277e-05,Pong1PQFM_XObs_entangled_trainable_rzz_QLayers_5___seed_1_1761468207
3117056,1-Training-Losses/policy_loss,-4.081381484866142e-05,Pong1PQFM_XObs_entangled_trainable_rzz_QLayers_5___seed_1_1761468207
3121152,1-Training-Losses/policy_loss,-0.0003767106682062149,Pong1PQFM_XObs_entangled_trainable_rzz_QLayers_5___seed_1_1761468207
3125248,1-Training-Losses/policy_loss,-0.0002085380256175995,Pong1PQFM_XObs_entangled_trainable_rzz_QLayers_5___seed_1_1761468207
3129344,1-Training-Losses/policy_loss,-0.0011010572779923677,Pong1PQFM_XObs_entangled_trainable_rzz_QLayers_5___seed_1_1761468207
3133440,1-Training-Losses/policy_loss,-0.00040690088644623756,Pong1PQFM_XObs_entangled_trainable_rzz_QLayers_5___seed_1_1761468207
3137536,1-Training-Losses/policy_loss,-0.0011995183303952217,Pong1PQFM_XObs_entangled_trainable_rzz_QLayers_5___seed_1_1761468207
3141632,1-Training-Losses/policy_loss,0.00010922295041382313,Pong1PQFM_XObs_entangled_trainable_rzz_QLayers_5___seed_1_1761468207
3145728,1-Training-Losses/policy_loss,-0.00034078117460012436,Pong1PQFM_XObs_entangled_trainable_rzz_QLayers_5___seed_1_1761468207
3149824,1-Training-Losses/policy_loss,-0.0004360757302492857,Pong1PQFM_XObs_entangled_trainable_rzz_QLayers_5___seed_1_1761468207
3153920,1-Training-Losses/policy_loss,-0.00010530976578593254,Pong1PQFM_XObs_entangled_trainable_rzz_QLayers_5___seed_1_1761468207
3158016,1-Training-Losses/policy_loss,-0.0003020120784640312,Pong1PQFM_XObs_entangled_trainable_rzz_QLayers_5___seed_1_1761468207
3162112,1-Training-Losses/policy_loss,-0.00023263227194547653,Pong1PQFM_XObs_entangled_trainable_rzz_QLayers_5___seed_1_1761468207
3166208,1-Training-Losses/policy_loss,-0.0010640816763043404,Pong1PQFM_XObs_entangled_trainable_rzz_QLayers_5___seed_1_1761468207
3170304,1-Training-Losses/policy_loss,-0.00015885313041508198,Pong1PQFM_XObs_entangled_trainable_rzz_QLayers_5___seed_1_1761468207
3174400,1-Training-Losses/policy_loss,-0.0006456300616264343,Pong1PQFM_XObs_entangled_trainable_rzz_QLayers_5___seed_1_1761468207
3178496,1-Training-Losses/policy_loss,0.00011340121272951365,Pong1PQFM_XObs_entangled_trainable_rzz_QLayers_5___seed_1_1761468207
3182592,1-Training-Losses/policy_loss,-0.000874808058142662,Pong1PQFM_XObs_entangled_trainable_rzz_QLayers_5___seed_1_1761468207
3186688,1-Training-Losses/policy_loss,-0.00034069642424583435,Pong1PQFM_XObs_entangled_trainable_rzz_QLayers_5___seed_1_1761468207
3190784,1-Training-Losses/policy_loss,-0.00042352406308054924,Pong1PQFM_XObs_entangled_trainable_rzz_QLayers_5___seed_1_1761468207
3194880,1-Training-Losses/policy_loss,-0.00042080506682395935,Pong1PQFM_XObs_entangled_trainable_rzz_QLayers_5___seed_1_1761468207
3198976,1-Training-Losses/policy_loss,-0.00025195954367518425,Pong1PQFM_XObs_entangled_trainable_rzz_QLayers_5___seed_1_1761468207
3203072,1-Training-Losses/policy_loss,-0.001547337044030428,Pong1PQFM_XObs_entangled_trainable_rzz_QLayers_5___seed_1_1761468207
3207168,1-Training-Losses/policy_loss,5.988124758005142e-05,Pong1PQFM_XObs_entangled_trainable_rzz_QLayers_5___seed_1_1761468207
3211264,1-Training-Losses/policy_loss,-0.0009942082688212395,Pong1PQFM_XObs_entangled_trainable_rzz_QLayers_5___seed_1_1761468207
3215360,1-Training-Losses/policy_loss,-0.00024054944515228271,Pong1PQFM_XObs_entangled_trainable_rzz_QLayers_5___seed_1_1761468207
3219456,1-Training-Losses/policy_loss,-0.0003149230033159256,Pong1PQFM_XObs_entangled_trainable_rzz_QLayers_5___seed_1_1761468207
3223552,1-Training-Losses/policy_loss,-2.6151537895202637e-05,Pong1PQFM_XObs_entangled_trainable_rzz_QLayers_5___seed_1_1761468207
3227648,1-Training-Losses/policy_loss,-0.00024911900982260704,Pong1PQFM_XObs_entangled_trainable_rzz_QLayers_5___seed_1_1761468207
3231744,1-Training-Losses/policy_loss,-0.0004930160939693451,Pong1PQFM_XObs_entangled_trainable_rzz_QLayers_5___seed_1_1761468207
3235840,1-Training-Losses/policy_loss,-1.9710510969161987e-05,Pong1PQFM_XObs_entangled_trainable_rzz_QLayers_5___seed_1_1761468207
3239936,1-Training-Losses/policy_loss,-0.0005868617445230484,Pong1PQFM_XObs_entangled_trainable_rzz_QLayers_5___seed_1_1761468207
3244032,1-Training-Losses/policy_loss,-0.00011066696606576443,Pong1PQFM_XObs_entangled_trainable_rzz_QLayers_5___seed_1_1761468207
3248128,1-Training-Losses/policy_loss,-0.0013500489294528961,Pong1PQFM_XObs_entangled_trainable_rzz_QLayers_5___seed_1_1761468207
3252224,1-Training-Losses/policy_loss,-9.445007890462875e-05,Pong1PQFM_XObs_entangled_trainable_rzz_QLayers_5___seed_1_1761468207
3256320,1-Training-Losses/policy_loss,-0.0007608267478644848,Pong1PQFM_XObs_entangled_trainable_rzz_QLayers_5___seed_1_1761468207
3260416,1-Training-Losses/policy_loss,-0.00033097248524427414,Pong1PQFM_XObs_entangled_trainable_rzz_QLayers_5___seed_1_1761468207
3264512,1-Training-Losses/policy_loss,-0.00015229429118335247,Pong1PQFM_XObs_entangled_trainable_rzz_QLayers_5___seed_1_1761468207
3268608,1-Training-Losses/policy_loss,-8.311402052640915e-05,Pong1PQFM_XObs_entangled_trainable_rzz_QLayers_5___seed_1_1761468207
3272704,1-Training-Losses/policy_loss,-0.0002401689998805523,Pong1PQFM_XObs_entangled_trainable_rzz_QLayers_5___seed_1_1761468207
3276800,1-Training-Losses/policy_loss,-0.00018077809363603592,Pong1PQFM_XObs_entangled_trainable_rzz_QLayers_5___seed_1_1761468207
3280896,1-Training-Losses/policy_loss,-0.0006751669570803642,Pong1PQFM_XObs_entangled_trainable_rzz_QLayers_5___seed_1_1761468207
3284992,1-Training-Losses/policy_loss,-0.0005681328475475311,Pong1PQFM_XObs_entangled_trainable_rzz_QLayers_5___seed_1_1761468207
3289088,1-Training-Losses/policy_loss,-0.0002631009556353092,Pong1PQFM_XObs_entangled_trainable_rzz_QLayers_5___seed_1_1761468207
3293184,1-Training-Losses/policy_loss,-0.0003398559056222439,Pong1PQFM_XObs_entangled_trainable_rzz_QLayers_5___seed_1_1761468207
3297280,1-Training-Losses/policy_loss,-0.0006957745645195246,Pong1PQFM_XObs_entangled_trainable_rzz_QLayers_5___seed_1_1761468207
3301376,1-Training-Losses/policy_loss,2.3739412426948547e-05,Pong1PQFM_XObs_entangled_trainable_rzz_QLayers_5___seed_1_1761468207
3305472,1-Training-Losses/policy_loss,-0.0004053316079080105,Pong1PQFM_XObs_entangled_trainable_rzz_QLayers_5___seed_1_1761468207
3309568,1-Training-Losses/policy_loss,-0.0002186773344874382,Pong1PQFM_XObs_entangled_trainable_rzz_QLayers_5___seed_1_1761468207
3313664,1-Training-Losses/policy_loss,-0.0005130376666784286,Pong1PQFM_XObs_entangled_trainable_rzz_QLayers_5___seed_1_1761468207
3317760,1-Training-Losses/policy_loss,-0.00025074463337659836,Pong1PQFM_XObs_entangled_trainable_rzz_QLayers_5___seed_1_1761468207
3321856,1-Training-Losses/policy_loss,-0.00042688939720392227,Pong1PQFM_XObs_entangled_trainable_rzz_QLayers_5___seed_1_1761468207
3325952,1-Training-Losses/policy_loss,-0.0007058838382363319,Pong1PQFM_XObs_entangled_trainable_rzz_QLayers_5___seed_1_1761468207
3330048,1-Training-Losses/policy_loss,0.0001278952695429325,Pong1PQFM_XObs_entangled_trainable_rzz_QLayers_5___seed_1_1761468207
3334144,1-Training-Losses/policy_loss,-6.758281961083412e-05,Pong1PQFM_XObs_entangled_trainable_rzz_QLayers_5___seed_1_1761468207
3338240,1-Training-Losses/policy_loss,-0.000794658437371254,Pong1PQFM_XObs_entangled_trainable_rzz_QLayers_5___seed_1_1761468207
3342336,1-Training-Losses/policy_loss,-0.0006324060959741473,Pong1PQFM_XObs_entangled_trainable_rzz_QLayers_5___seed_1_1761468207
3346432,1-Training-Losses/policy_loss,4.249764606356621e-05,Pong1PQFM_XObs_entangled_trainable_rzz_QLayers_5___seed_1_1761468207
3350528,1-Training-Losses/policy_loss,-0.0006149522960186005,Pong1PQFM_XObs_entangled_trainable_rzz_QLayers_5___seed_1_1761468207
3354624,1-Training-Losses/policy_loss,-0.0021848236210644245,Pong1PQFM_XObs_entangled_trainable_rzz_QLayers_5___seed_1_1761468207
3358720,1-Training-Losses/policy_loss,0.00033465679734945297,Pong1PQFM_XObs_entangled_trainable_rzz_QLayers_5___seed_1_1761468207
3362816,1-Training-Losses/policy_loss,-3.900844603776932e-05,Pong1PQFM_XObs_entangled_trainable_rzz_QLayers_5___seed_1_1761468207
3366912,1-Training-Losses/policy_loss,-0.0004382934421300888,Pong1PQFM_XObs_entangled_trainable_rzz_QLayers_5___seed_1_1761468207
3371008,1-Training-Losses/policy_loss,-0.0002967091277241707,Pong1PQFM_XObs_entangled_trainable_rzz_QLayers_5___seed_1_1761468207
3375104,1-Training-Losses/policy_loss,-0.0008043982088565826,Pong1PQFM_XObs_entangled_trainable_rzz_QLayers_5___seed_1_1761468207
3379200,1-Training-Losses/policy_loss,-0.0004794662818312645,Pong1PQFM_XObs_entangled_trainable_rzz_QLayers_5___seed_1_1761468207
3383296,1-Training-Losses/policy_loss,6.39716163277626e-05,Pong1PQFM_XObs_entangled_trainable_rzz_QLayers_5___seed_1_1761468207
3387392,1-Training-Losses/policy_loss,-0.00023550959303975105,Pong1PQFM_XObs_entangled_trainable_rzz_QLayers_5___seed_1_1761468207
3391488,1-Training-Losses/policy_loss,-0.0009167827665805817,Pong1PQFM_XObs_entangled_trainable_rzz_QLayers_5___seed_1_1761468207
3395584,1-Training-Losses/policy_loss,-0.00012272875756025314,Pong1PQFM_XObs_entangled_trainable_rzz_QLayers_5___seed_1_1761468207
3399680,1-Training-Losses/policy_loss,-0.0003828126937150955,Pong1PQFM_XObs_entangled_trainable_rzz_QLayers_5___seed_1_1761468207
3403776,1-Training-Losses/policy_loss,-8.60770232975483e-05,Pong1PQFM_XObs_entangled_trainable_rzz_QLayers_5___seed_1_1761468207
3407872,1-Training-Losses/policy_loss,-7.158983498811722e-05,Pong1PQFM_XObs_entangled_trainable_rzz_QLayers_5___seed_1_1761468207
3411968,1-Training-Losses/policy_loss,-0.00026999739930033684,Pong1PQFM_XObs_entangled_trainable_rzz_QLayers_5___seed_1_1761468207
3416064,1-Training-Losses/policy_loss,-0.00015293783508241177,Pong1PQFM_XObs_entangled_trainable_rzz_QLayers_5___seed_1_1761468207
3420160,1-Training-Losses/policy_loss,-0.00034776516258716583,Pong1PQFM_XObs_entangled_trainable_rzz_QLayers_5___seed_1_1761468207
3424256,1-Training-Losses/policy_loss,-0.0005911667831242085,Pong1PQFM_XObs_entangled_trainable_rzz_QLayers_5___seed_1_1761468207
3428352,1-Training-Losses/policy_loss,-0.0003033699467778206,Pong1PQFM_XObs_entangled_trainable_rzz_QLayers_5___seed_1_1761468207
3432448,1-Training-Losses/policy_loss,-0.00036719441413879395,Pong1PQFM_XObs_entangled_trainable_rzz_QLayers_5___seed_1_1761468207
3436544,1-Training-Losses/policy_loss,-0.0003238888457417488,Pong1PQFM_XObs_entangled_trainable_rzz_QLayers_5___seed_1_1761468207
3440640,1-Training-Losses/policy_loss,-0.00044747069478034973,Pong1PQFM_XObs_entangled_trainable_rzz_QLayers_5___seed_1_1761468207
3444736,1-Training-Losses/policy_loss,-0.00025021564215421677,Pong1PQFM_XObs_entangled_trainable_rzz_QLayers_5___seed_1_1761468207
3448832,1-Training-Losses/policy_loss,-0.0005298014730215073,Pong1PQFM_XObs_entangled_trainable_rzz_QLayers_5___seed_1_1761468207
3452928,1-Training-Losses/policy_loss,-0.000318087637424469,Pong1PQFM_XObs_entangled_trainable_rzz_QLayers_5___seed_1_1761468207
3457024,1-Training-Losses/policy_loss,-0.00011217780411243439,Pong1PQFM_XObs_entangled_trainable_rzz_QLayers_5___seed_1_1761468207
3461120,1-Training-Losses/policy_loss,-0.0012430325150489807,Pong1PQFM_XObs_entangled_trainable_rzz_QLayers_5___seed_1_1761468207
3465216,1-Training-Losses/policy_loss,-5.315407179296017e-05,Pong1PQFM_XObs_entangled_trainable_rzz_QLayers_5___seed_1_1761468207
3469312,1-Training-Losses/policy_loss,-7.267482578754425e-05,Pong1PQFM_XObs_entangled_trainable_rzz_QLayers_5___seed_1_1761468207
3473408,1-Training-Losses/policy_loss,-0.00040254322811961174,Pong1PQFM_XObs_entangled_trainable_rzz_QLayers_5___seed_1_1761468207
3477504,1-Training-Losses/policy_loss,-0.0002990025095641613,Pong1PQFM_XObs_entangled_trainable_rzz_QLayers_5___seed_1_1761468207
3481600,1-Training-Losses/policy_loss,-0.0002074714284390211,Pong1PQFM_XObs_entangled_trainable_rzz_QLayers_5___seed_1_1761468207
3485696,1-Training-Losses/policy_loss,-0.0004774720873683691,Pong1PQFM_XObs_entangled_trainable_rzz_QLayers_5___seed_1_1761468207
3489792,1-Training-Losses/policy_loss,-0.0002545914612710476,Pong1PQFM_XObs_entangled_trainable_rzz_QLayers_5___seed_1_1761468207
3493888,1-Training-Losses/policy_loss,-0.00037305988371372223,Pong1PQFM_XObs_entangled_trainable_rzz_QLayers_5___seed_1_1761468207
3497984,1-Training-Losses/policy_loss,-8.391961455345154e-05,Pong1PQFM_XObs_entangled_trainable_rzz_QLayers_5___seed_1_1761468207
3502080,1-Training-Losses/policy_loss,-0.0007534478791058064,Pong1PQFM_XObs_entangled_trainable_rzz_QLayers_5___seed_1_1761468207
3506176,1-Training-Losses/policy_loss,-0.00018097786232829094,Pong1PQFM_XObs_entangled_trainable_rzz_QLayers_5___seed_1_1761468207
3510272,1-Training-Losses/policy_loss,-0.0001798707526177168,Pong1PQFM_XObs_entangled_trainable_rzz_QLayers_5___seed_1_1761468207
3514368,1-Training-Losses/policy_loss,-0.0006433334201574326,Pong1PQFM_XObs_entangled_trainable_rzz_QLayers_5___seed_1_1761468207
3518464,1-Training-Losses/policy_loss,-4.647206515073776e-05,Pong1PQFM_XObs_entangled_trainable_rzz_QLayers_5___seed_1_1761468207
3522560,1-Training-Losses/policy_loss,-0.00033848732709884644,Pong1PQFM_XObs_entangled_trainable_rzz_QLayers_5___seed_1_1761468207
3526656,1-Training-Losses/policy_loss,-0.00013410858809947968,Pong1PQFM_XObs_entangled_trainable_rzz_QLayers_5___seed_1_1761468207
3530752,1-Training-Losses/policy_loss,-0.00023236870765686035,Pong1PQFM_XObs_entangled_trainable_rzz_QLayers_5___seed_1_1761468207
3534848,1-Training-Losses/policy_loss,-0.00035208091139793396,Pong1PQFM_XObs_entangled_trainable_rzz_QLayers_5___seed_1_1761468207
3538944,1-Training-Losses/policy_loss,-0.0009937456343322992,Pong1PQFM_XObs_entangled_trainable_rzz_QLayers_5___seed_1_1761468207
3543040,1-Training-Losses/policy_loss,-4.990026354789734e-05,Pong1PQFM_XObs_entangled_trainable_rzz_QLayers_5___seed_1_1761468207
3547136,1-Training-Losses/policy_loss,-0.0003382274881005287,Pong1PQFM_XObs_entangled_trainable_rzz_QLayers_5___seed_1_1761468207
3551232,1-Training-Losses/policy_loss,-0.00015466473996639252,Pong1PQFM_XObs_entangled_trainable_rzz_QLayers_5___seed_1_1761468207
3555328,1-Training-Losses/policy_loss,-0.00037257885560393333,Pong1PQFM_XObs_entangled_trainable_rzz_QLayers_5___seed_1_1761468207
3559424,1-Training-Losses/policy_loss,-0.0006783138960599899,Pong1PQFM_XObs_entangled_trainable_rzz_QLayers_5___seed_1_1761468207
3563520,1-Training-Losses/policy_loss,-0.0004887566901743412,Pong1PQFM_XObs_entangled_trainable_rzz_QLayers_5___seed_1_1761468207
3567616,1-Training-Losses/policy_loss,-0.00017443625256419182,Pong1PQFM_XObs_entangled_trainable_rzz_QLayers_5___seed_1_1761468207
3571712,1-Training-Losses/policy_loss,-0.00018364842981100082,Pong1PQFM_XObs_entangled_trainable_rzz_QLayers_5___seed_1_1761468207
3575808,1-Training-Losses/policy_loss,-0.0005111396312713623,Pong1PQFM_XObs_entangled_trainable_rzz_QLayers_5___seed_1_1761468207
3579904,1-Training-Losses/policy_loss,-0.0004586493596434593,Pong1PQFM_XObs_entangled_trainable_rzz_QLayers_5___seed_1_1761468207
3584000,1-Training-Losses/policy_loss,-0.0005003567785024643,Pong1PQFM_XObs_entangled_trainable_rzz_QLayers_5___seed_1_1761468207
3588096,1-Training-Losses/policy_loss,-0.00047186529263854027,Pong1PQFM_XObs_entangled_trainable_rzz_QLayers_5___seed_1_1761468207
3592192,1-Training-Losses/policy_loss,-0.0005254428833723068,Pong1PQFM_XObs_entangled_trainable_rzz_QLayers_5___seed_1_1761468207
3596288,1-Training-Losses/policy_loss,-3.3839140087366104e-05,Pong1PQFM_XObs_entangled_trainable_rzz_QLayers_5___seed_1_1761468207
3600384,1-Training-Losses/policy_loss,-0.0001716790720820427,Pong1PQFM_XObs_entangled_trainable_rzz_QLayers_5___seed_1_1761468207
3604480,1-Training-Losses/policy_loss,-0.0005103014409542084,Pong1PQFM_XObs_entangled_trainable_rzz_QLayers_5___seed_1_1761468207
3608576,1-Training-Losses/policy_loss,-0.0002827038988471031,Pong1PQFM_XObs_entangled_trainable_rzz_QLayers_5___seed_1_1761468207
3612672,1-Training-Losses/policy_loss,-0.0004759938456118107,Pong1PQFM_XObs_entangled_trainable_rzz_QLayers_5___seed_1_1761468207
3616768,1-Training-Losses/policy_loss,-0.0003665157128125429,Pong1PQFM_XObs_entangled_trainable_rzz_QLayers_5___seed_1_1761468207
3620864,1-Training-Losses/policy_loss,1.3094395399093628e-06,Pong1PQFM_XObs_entangled_trainable_rzz_QLayers_5___seed_1_1761468207
3624960,1-Training-Losses/policy_loss,-0.0005875327624380589,Pong1PQFM_XObs_entangled_trainable_rzz_QLayers_5___seed_1_1761468207
3629056,1-Training-Losses/policy_loss,-0.0008167226333171129,Pong1PQFM_XObs_entangled_trainable_rzz_QLayers_5___seed_1_1761468207
3633152,1-Training-Losses/policy_loss,-0.00031051551923155785,Pong1PQFM_XObs_entangled_trainable_rzz_QLayers_5___seed_1_1761468207
3637248,1-Training-Losses/policy_loss,-0.00032317452132701874,Pong1PQFM_XObs_entangled_trainable_rzz_QLayers_5___seed_1_1761468207
3641344,1-Training-Losses/policy_loss,1.525459811091423e-05,Pong1PQFM_XObs_entangled_trainable_rzz_QLayers_5___seed_1_1761468207
3645440,1-Training-Losses/policy_loss,-0.00022270716726779938,Pong1PQFM_XObs_entangled_trainable_rzz_QLayers_5___seed_1_1761468207
3649536,1-Training-Losses/policy_loss,-4.69917431473732e-05,Pong1PQFM_XObs_entangled_trainable_rzz_QLayers_5___seed_1_1761468207
3653632,1-Training-Losses/policy_loss,-0.00024553784169256687,Pong1PQFM_XObs_entangled_trainable_rzz_QLayers_5___seed_1_1761468207
3657728,1-Training-Losses/policy_loss,-0.0002974513918161392,Pong1PQFM_XObs_entangled_trainable_rzz_QLayers_5___seed_1_1761468207
3661824,1-Training-Losses/policy_loss,-0.00028696260415017605,Pong1PQFM_XObs_entangled_trainable_rzz_QLayers_5___seed_1_1761468207
3665920,1-Training-Losses/policy_loss,-0.00016863178461790085,Pong1PQFM_XObs_entangled_trainable_rzz_QLayers_5___seed_1_1761468207
3670016,1-Training-Losses/policy_loss,-0.0003081618342548609,Pong1PQFM_XObs_entangled_trainable_rzz_QLayers_5___seed_1_1761468207
3674112,1-Training-Losses/policy_loss,-0.00013335328549146652,Pong1PQFM_XObs_entangled_trainable_rzz_QLayers_5___seed_1_1761468207
3678208,1-Training-Losses/policy_loss,-0.0002971622161567211,Pong1PQFM_XObs_entangled_trainable_rzz_QLayers_5___seed_1_1761468207
3682304,1-Training-Losses/policy_loss,-0.00020263530313968658,Pong1PQFM_XObs_entangled_trainable_rzz_QLayers_5___seed_1_1761468207
3686400,1-Training-Losses/policy_loss,-0.00015524285845458508,Pong1PQFM_XObs_entangled_trainable_rzz_QLayers_5___seed_1_1761468207
3690496,1-Training-Losses/policy_loss,-0.00032069766893982887,Pong1PQFM_XObs_entangled_trainable_rzz_QLayers_5___seed_1_1761468207
3694592,1-Training-Losses/policy_loss,-0.00040904805064201355,Pong1PQFM_XObs_entangled_trainable_rzz_QLayers_5___seed_1_1761468207
3698688,1-Training-Losses/policy_loss,-0.00025064381770789623,Pong1PQFM_XObs_entangled_trainable_rzz_QLayers_5___seed_1_1761468207
3702784,1-Training-Losses/policy_loss,-2.863258123397827e-05,Pong1PQFM_XObs_entangled_trainable_rzz_QLayers_5___seed_1_1761468207
3706880,1-Training-Losses/policy_loss,-0.0003295079804956913,Pong1PQFM_XObs_entangled_trainable_rzz_QLayers_5___seed_1_1761468207
3710976,1-Training-Losses/policy_loss,-0.00012431107461452484,Pong1PQFM_XObs_entangled_trainable_rzz_QLayers_5___seed_1_1761468207
3715072,1-Training-Losses/policy_loss,-0.000255790539085865,Pong1PQFM_XObs_entangled_trainable_rzz_QLayers_5___seed_1_1761468207
3719168,1-Training-Losses/policy_loss,-0.0005793855525553226,Pong1PQFM_XObs_entangled_trainable_rzz_QLayers_5___seed_1_1761468207
3723264,1-Training-Losses/policy_loss,-0.00029112212359905243,Pong1PQFM_XObs_entangled_trainable_rzz_QLayers_5___seed_1_1761468207
3727360,1-Training-Losses/policy_loss,-0.0005526123568415642,Pong1PQFM_XObs_entangled_trainable_rzz_QLayers_5___seed_1_1761468207
3731456,1-Training-Losses/policy_loss,-0.00033775041811168194,Pong1PQFM_XObs_entangled_trainable_rzz_QLayers_5___seed_1_1761468207
3735552,1-Training-Losses/policy_loss,-0.0013154777698218822,Pong1PQFM_XObs_entangled_trainable_rzz_QLayers_5___seed_1_1761468207
3739648,1-Training-Losses/policy_loss,-0.00026668328791856766,Pong1PQFM_XObs_entangled_trainable_rzz_QLayers_5___seed_1_1761468207
3743744,1-Training-Losses/policy_loss,-6.770901381969452e-05,Pong1PQFM_XObs_entangled_trainable_rzz_QLayers_5___seed_1_1761468207
3747840,1-Training-Losses/policy_loss,-0.0002943049184978008,Pong1PQFM_XObs_entangled_trainable_rzz_QLayers_5___seed_1_1761468207
3751936,1-Training-Losses/policy_loss,-0.00013151997700333595,Pong1PQFM_XObs_entangled_trainable_rzz_QLayers_5___seed_1_1761468207
3756032,1-Training-Losses/policy_loss,-0.0001675933599472046,Pong1PQFM_XObs_entangled_trainable_rzz_QLayers_5___seed_1_1761468207
3760128,1-Training-Losses/policy_loss,-9.163655340671539e-05,Pong1PQFM_XObs_entangled_trainable_rzz_QLayers_5___seed_1_1761468207
3764224,1-Training-Losses/policy_loss,-0.0011276161530986428,Pong1PQFM_XObs_entangled_trainable_rzz_QLayers_5___seed_1_1761468207
3768320,1-Training-Losses/policy_loss,-0.0007231463678181171,Pong1PQFM_XObs_entangled_trainable_rzz_QLayers_5___seed_1_1761468207
3772416,1-Training-Losses/policy_loss,-8.651241660118103e-05,Pong1PQFM_XObs_entangled_trainable_rzz_QLayers_5___seed_1_1761468207
3776512,1-Training-Losses/policy_loss,-0.00041933218017220497,Pong1PQFM_XObs_entangled_trainable_rzz_QLayers_5___seed_1_1761468207
3780608,1-Training-Losses/policy_loss,1.744949258863926e-05,Pong1PQFM_XObs_entangled_trainable_rzz_QLayers_5___seed_1_1761468207
3784704,1-Training-Losses/policy_loss,-0.0003587454557418823,Pong1PQFM_XObs_entangled_trainable_rzz_QLayers_5___seed_1_1761468207
3788800,1-Training-Losses/policy_loss,-0.0005454998463392258,Pong1PQFM_XObs_entangled_trainable_rzz_QLayers_5___seed_1_1761468207
3792896,1-Training-Losses/policy_loss,-0.00043279840610921383,Pong1PQFM_XObs_entangled_trainable_rzz_QLayers_5___seed_1_1761468207
3796992,1-Training-Losses/policy_loss,-0.0002594282850623131,Pong1PQFM_XObs_entangled_trainable_rzz_QLayers_5___seed_1_1761468207
3801088,1-Training-Losses/policy_loss,-0.00033150147646665573,Pong1PQFM_XObs_entangled_trainable_rzz_QLayers_5___seed_1_1761468207
3805184,1-Training-Losses/policy_loss,-0.00045785633847117424,Pong1PQFM_XObs_entangled_trainable_rzz_QLayers_5___seed_1_1761468207
3809280,1-Training-Losses/policy_loss,-9.62219201028347e-05,Pong1PQFM_XObs_entangled_trainable_rzz_QLayers_5___seed_1_1761468207
3813376,1-Training-Losses/policy_loss,-0.0009084790945053101,Pong1PQFM_XObs_entangled_trainable_rzz_QLayers_5___seed_1_1761468207
3817472,1-Training-Losses/policy_loss,3.32132913172245e-05,Pong1PQFM_XObs_entangled_trainable_rzz_QLayers_5___seed_1_1761468207
3821568,1-Training-Losses/policy_loss,-0.000554131343960762,Pong1PQFM_XObs_entangled_trainable_rzz_QLayers_5___seed_1_1761468207
3825664,1-Training-Losses/policy_loss,-0.0004705842584371567,Pong1PQFM_XObs_entangled_trainable_rzz_QLayers_5___seed_1_1761468207
3829760,1-Training-Losses/policy_loss,-2.28008721023798e-05,Pong1PQFM_XObs_entangled_trainable_rzz_QLayers_5___seed_1_1761468207
3833856,1-Training-Losses/policy_loss,-0.0008272181730717421,Pong1PQFM_XObs_entangled_trainable_rzz_QLayers_5___seed_1_1761468207
3837952,1-Training-Losses/policy_loss,-0.0011347373947501183,Pong1PQFM_XObs_entangled_trainable_rzz_QLayers_5___seed_1_1761468207
3842048,1-Training-Losses/policy_loss,0.00021795183420181274,Pong1PQFM_XObs_entangled_trainable_rzz_QLayers_5___seed_1_1761468207
3846144,1-Training-Losses/policy_loss,-0.00035778898745775223,Pong1PQFM_XObs_entangled_trainable_rzz_QLayers_5___seed_1_1761468207
3850240,1-Training-Losses/policy_loss,-0.00017513521015644073,Pong1PQFM_XObs_entangled_trainable_rzz_QLayers_5___seed_1_1761468207
3854336,1-Training-Losses/policy_loss,-0.0001987256109714508,Pong1PQFM_XObs_entangled_trainable_rzz_QLayers_5___seed_1_1761468207
3858432,1-Training-Losses/policy_loss,-0.0008018009830266237,Pong1PQFM_XObs_entangled_trainable_rzz_QLayers_5___seed_1_1761468207
3862528,1-Training-Losses/policy_loss,-0.0004277769476175308,Pong1PQFM_XObs_entangled_trainable_rzz_QLayers_5___seed_1_1761468207
3866624,1-Training-Losses/policy_loss,-0.0006319805979728699,Pong1PQFM_XObs_entangled_trainable_rzz_QLayers_5___seed_1_1761468207
3870720,1-Training-Losses/policy_loss,-0.0011714398860931396,Pong1PQFM_XObs_entangled_trainable_rzz_QLayers_5___seed_1_1761468207
3874816,1-Training-Losses/policy_loss,0.00021717743948101997,Pong1PQFM_XObs_entangled_trainable_rzz_QLayers_5___seed_1_1761468207
3878912,1-Training-Losses/policy_loss,-0.0002607479691505432,Pong1PQFM_XObs_entangled_trainable_rzz_QLayers_5___seed_1_1761468207
3883008,1-Training-Losses/policy_loss,-0.0006545777432620525,Pong1PQFM_XObs_entangled_trainable_rzz_QLayers_5___seed_1_1761468207
3887104,1-Training-Losses/policy_loss,-0.00045489566400647163,Pong1PQFM_XObs_entangled_trainable_rzz_QLayers_5___seed_1_1761468207
3891200,1-Training-Losses/policy_loss,-9.610271081328392e-05,Pong1PQFM_XObs_entangled_trainable_rzz_QLayers_5___seed_1_1761468207
3895296,1-Training-Losses/policy_loss,-7.5899763032794e-05,Pong1PQFM_XObs_entangled_trainable_rzz_QLayers_5___seed_1_1761468207
3899392,1-Training-Losses/policy_loss,-0.0003412347286939621,Pong1PQFM_XObs_entangled_trainable_rzz_QLayers_5___seed_1_1761468207
3903488,1-Training-Losses/policy_loss,-0.0004513310268521309,Pong1PQFM_XObs_entangled_trainable_rzz_QLayers_5___seed_1_1761468207
3907584,1-Training-Losses/policy_loss,-0.0003737853839993477,Pong1PQFM_XObs_entangled_trainable_rzz_QLayers_5___seed_1_1761468207
3911680,1-Training-Losses/policy_loss,-0.0013215704821050167,Pong1PQFM_XObs_entangled_trainable_rzz_QLayers_5___seed_1_1761468207
3915776,1-Training-Losses/policy_loss,-0.000390038825571537,Pong1PQFM_XObs_entangled_trainable_rzz_QLayers_5___seed_1_1761468207
3919872,1-Training-Losses/policy_loss,-0.0011435579508543015,Pong1PQFM_XObs_entangled_trainable_rzz_QLayers_5___seed_1_1761468207
3923968,1-Training-Losses/policy_loss,0.0003763260319828987,Pong1PQFM_XObs_entangled_trainable_rzz_QLayers_5___seed_1_1761468207
3928064,1-Training-Losses/policy_loss,-0.00030132662504911423,Pong1PQFM_XObs_entangled_trainable_rzz_QLayers_5___seed_1_1761468207
3932160,1-Training-Losses/policy_loss,-0.0001966971904039383,Pong1PQFM_XObs_entangled_trainable_rzz_QLayers_5___seed_1_1761468207
3936256,1-Training-Losses/policy_loss,-0.00025431253015995026,Pong1PQFM_XObs_entangled_trainable_rzz_QLayers_5___seed_1_1761468207
3940352,1-Training-Losses/policy_loss,-0.00037111761048436165,Pong1PQFM_XObs_entangled_trainable_rzz_QLayers_5___seed_1_1761468207
3944448,1-Training-Losses/policy_loss,-0.0002513537183403969,Pong1PQFM_XObs_entangled_trainable_rzz_QLayers_5___seed_1_1761468207
3948544,1-Training-Losses/policy_loss,-0.00014921114780008793,Pong1PQFM_XObs_entangled_trainable_rzz_QLayers_5___seed_1_1761468207
3952640,1-Training-Losses/policy_loss,-0.00021082349121570587,Pong1PQFM_XObs_entangled_trainable_rzz_QLayers_5___seed_1_1761468207
3956736,1-Training-Losses/policy_loss,-9.242258965969086e-05,Pong1PQFM_XObs_entangled_trainable_rzz_QLayers_5___seed_1_1761468207
3960832,1-Training-Losses/policy_loss,-0.00045001134276390076,Pong1PQFM_XObs_entangled_trainable_rzz_QLayers_5___seed_1_1761468207
3964928,1-Training-Losses/policy_loss,-0.00020659435540437698,Pong1PQFM_XObs_entangled_trainable_rzz_QLayers_5___seed_1_1761468207
3969024,1-Training-Losses/policy_loss,-0.0002939347177743912,Pong1PQFM_XObs_entangled_trainable_rzz_QLayers_5___seed_1_1761468207
3973120,1-Training-Losses/policy_loss,-0.0003790976479649544,Pong1PQFM_XObs_entangled_trainable_rzz_QLayers_5___seed_1_1761468207
3977216,1-Training-Losses/policy_loss,-0.0003989320248365402,Pong1PQFM_XObs_entangled_trainable_rzz_QLayers_5___seed_1_1761468207
3981312,1-Training-Losses/policy_loss,-0.0004265736788511276,Pong1PQFM_XObs_entangled_trainable_rzz_QLayers_5___seed_1_1761468207
3985408,1-Training-Losses/policy_loss,-0.0003420356661081314,Pong1PQFM_XObs_entangled_trainable_rzz_QLayers_5___seed_1_1761468207
3989504,1-Training-Losses/policy_loss,-0.0002099880948662758,Pong1PQFM_XObs_entangled_trainable_rzz_QLayers_5___seed_1_1761468207
3993600,1-Training-Losses/policy_loss,-7.963273674249649e-05,Pong1PQFM_XObs_entangled_trainable_rzz_QLayers_5___seed_1_1761468207
3997696,1-Training-Losses/policy_loss,-0.0001378050073981285,Pong1PQFM_XObs_entangled_trainable_rzz_QLayers_5___seed_1_1761468207
4001792,1-Training-Losses/policy_loss,-0.00029554683715105057,Pong1PQFM_XObs_entangled_trainable_rzz_QLayers_5___seed_1_1761468207
4005888,1-Training-Losses/policy_loss,-0.0003052963875234127,Pong1PQFM_XObs_entangled_trainable_rzz_QLayers_5___seed_1_1761468207
4009984,1-Training-Losses/policy_loss,-0.0006982111372053623,Pong1PQFM_XObs_entangled_trainable_rzz_QLayers_5___seed_1_1761468207
4014080,1-Training-Losses/policy_loss,-0.0009964671917259693,Pong1PQFM_XObs_entangled_trainable_rzz_QLayers_5___seed_1_1761468207
4018176,1-Training-Losses/policy_loss,-0.00042777322232723236,Pong1PQFM_XObs_entangled_trainable_rzz_QLayers_5___seed_1_1761468207
4022272,1-Training-Losses/policy_loss,-0.00022989697754383087,Pong1PQFM_XObs_entangled_trainable_rzz_QLayers_5___seed_1_1761468207
4026368,1-Training-Losses/policy_loss,-0.0006602471694350243,Pong1PQFM_XObs_entangled_trainable_rzz_QLayers_5___seed_1_1761468207
4030464,1-Training-Losses/policy_loss,-0.00018668733537197113,Pong1PQFM_XObs_entangled_trainable_rzz_QLayers_5___seed_1_1761468207
4034560,1-Training-Losses/policy_loss,-0.00023912941105663776,Pong1PQFM_XObs_entangled_trainable_rzz_QLayers_5___seed_1_1761468207
4038656,1-Training-Losses/policy_loss,-0.00015553017146885395,Pong1PQFM_XObs_entangled_trainable_rzz_QLayers_5___seed_1_1761468207
4042752,1-Training-Losses/policy_loss,-0.00047283805906772614,Pong1PQFM_XObs_entangled_trainable_rzz_QLayers_5___seed_1_1761468207
4046848,1-Training-Losses/policy_loss,-8.442159742116928e-05,Pong1PQFM_XObs_entangled_trainable_rzz_QLayers_5___seed_1_1761468207
4050944,1-Training-Losses/policy_loss,-0.0004355963319540024,Pong1PQFM_XObs_entangled_trainable_rzz_QLayers_5___seed_1_1761468207
4055040,1-Training-Losses/policy_loss,-0.00023116916418075562,Pong1PQFM_XObs_entangled_trainable_rzz_QLayers_5___seed_1_1761468207
4059136,1-Training-Losses/policy_loss,-0.0004555871710181236,Pong1PQFM_XObs_entangled_trainable_rzz_QLayers_5___seed_1_1761468207
4063232,1-Training-Losses/policy_loss,-0.00011121435090899467,Pong1PQFM_XObs_entangled_trainable_rzz_QLayers_5___seed_1_1761468207
4067328,1-Training-Losses/policy_loss,-0.0001545847626402974,Pong1PQFM_XObs_entangled_trainable_rzz_QLayers_5___seed_1_1761468207
4071424,1-Training-Losses/policy_loss,-0.0003133034333586693,Pong1PQFM_XObs_entangled_trainable_rzz_QLayers_5___seed_1_1761468207
4075520,1-Training-Losses/policy_loss,-4.910724237561226e-05,Pong1PQFM_XObs_entangled_trainable_rzz_QLayers_5___seed_1_1761468207
4079616,1-Training-Losses/policy_loss,-0.00013544689863920212,Pong1PQFM_XObs_entangled_trainable_rzz_QLayers_5___seed_1_1761468207
4083712,1-Training-Losses/policy_loss,-0.0008229333907365799,Pong1PQFM_XObs_entangled_trainable_rzz_QLayers_5___seed_1_1761468207
4087808,1-Training-Losses/policy_loss,7.136724889278412e-05,Pong1PQFM_XObs_entangled_trainable_rzz_QLayers_5___seed_1_1761468207
4091904,1-Training-Losses/policy_loss,-0.0002098800614476204,Pong1PQFM_XObs_entangled_trainable_rzz_QLayers_5___seed_1_1761468207
4096000,1-Training-Losses/policy_loss,-0.0003258194774389267,Pong1PQFM_XObs_entangled_trainable_rzz_QLayers_5___seed_1_1761468207
4100096,1-Training-Losses/policy_loss,-0.0005285614170134068,Pong1PQFM_XObs_entangled_trainable_rzz_QLayers_5___seed_1_1761468207
4104192,1-Training-Losses/policy_loss,-0.0007772697135806084,Pong1PQFM_XObs_entangled_trainable_rzz_QLayers_5___seed_1_1761468207
4108288,1-Training-Losses/policy_loss,-0.00039685703814029694,Pong1PQFM_XObs_entangled_trainable_rzz_QLayers_5___seed_1_1761468207
4112384,1-Training-Losses/policy_loss,7.356051355600357e-06,Pong1PQFM_XObs_entangled_trainable_rzz_QLayers_5___seed_1_1761468207
4116480,1-Training-Losses/policy_loss,-0.0006669666618108749,Pong1PQFM_XObs_entangled_trainable_rzz_QLayers_5___seed_1_1761468207
4120576,1-Training-Losses/policy_loss,-0.00017876038327813148,Pong1PQFM_XObs_entangled_trainable_rzz_QLayers_5___seed_1_1761468207
4124672,1-Training-Losses/policy_loss,-0.0009309826418757439,Pong1PQFM_XObs_entangled_trainable_rzz_QLayers_5___seed_1_1761468207
4128768,1-Training-Losses/policy_loss,-0.0008789314888417721,Pong1PQFM_XObs_entangled_trainable_rzz_QLayers_5___seed_1_1761468207
4132864,1-Training-Losses/policy_loss,-0.0004960829392075539,Pong1PQFM_XObs_entangled_trainable_rzz_QLayers_5___seed_1_1761468207
4136960,1-Training-Losses/policy_loss,-0.00030087679624557495,Pong1PQFM_XObs_entangled_trainable_rzz_QLayers_5___seed_1_1761468207
4141056,1-Training-Losses/policy_loss,-0.00017031654715538025,Pong1PQFM_XObs_entangled_trainable_rzz_QLayers_5___seed_1_1761468207
4145152,1-Training-Losses/policy_loss,-1.5858560800552368e-05,Pong1PQFM_XObs_entangled_trainable_rzz_QLayers_5___seed_1_1761468207
4149248,1-Training-Losses/policy_loss,-0.0002760482020676136,Pong1PQFM_XObs_entangled_trainable_rzz_QLayers_5___seed_1_1761468207
4153344,1-Training-Losses/policy_loss,-0.00039652176201343536,Pong1PQFM_XObs_entangled_trainable_rzz_QLayers_5___seed_1_1761468207
4157440,1-Training-Losses/policy_loss,-0.0005042778793722391,Pong1PQFM_XObs_entangled_trainable_rzz_QLayers_5___seed_1_1761468207
4161536,1-Training-Losses/policy_loss,-9.48379747569561e-05,Pong1PQFM_XObs_entangled_trainable_rzz_QLayers_5___seed_1_1761468207
4165632,1-Training-Losses/policy_loss,-0.000490373931825161,Pong1PQFM_XObs_entangled_trainable_rzz_QLayers_5___seed_1_1761468207
4169728,1-Training-Losses/policy_loss,-0.0004136012867093086,Pong1PQFM_XObs_entangled_trainable_rzz_QLayers_5___seed_1_1761468207
4173824,1-Training-Losses/policy_loss,-0.00019563816022127867,Pong1PQFM_XObs_entangled_trainable_rzz_QLayers_5___seed_1_1761468207
4177920,1-Training-Losses/policy_loss,-0.0003072349354624748,Pong1PQFM_XObs_entangled_trainable_rzz_QLayers_5___seed_1_1761468207
4182016,1-Training-Losses/policy_loss,-0.0005161035805940628,Pong1PQFM_XObs_entangled_trainable_rzz_QLayers_5___seed_1_1761468207
4186112,1-Training-Losses/policy_loss,-0.0001846887171268463,Pong1PQFM_XObs_entangled_trainable_rzz_QLayers_5___seed_1_1761468207
4190208,1-Training-Losses/policy_loss,-0.000128231942653656,Pong1PQFM_XObs_entangled_trainable_rzz_QLayers_5___seed_1_1761468207
4194304,1-Training-Losses/policy_loss,-0.00035463646054267883,Pong1PQFM_XObs_entangled_trainable_rzz_QLayers_5___seed_1_1761468207
4198400,1-Training-Losses/policy_loss,-0.00013361498713493347,Pong1PQFM_XObs_entangled_trainable_rzz_QLayers_5___seed_1_1761468207
4202496,1-Training-Losses/policy_loss,-0.0004010424017906189,Pong1PQFM_XObs_entangled_trainable_rzz_QLayers_5___seed_1_1761468207
4206592,1-Training-Losses/policy_loss,-9.378045797348022e-05,Pong1PQFM_XObs_entangled_trainable_rzz_QLayers_5___seed_1_1761468207
4210688,1-Training-Losses/policy_loss,-0.00021599046885967255,Pong1PQFM_XObs_entangled_trainable_rzz_QLayers_5___seed_1_1761468207
4214784,1-Training-Losses/policy_loss,-7.27558508515358e-05,Pong1PQFM_XObs_entangled_trainable_rzz_QLayers_5___seed_1_1761468207
4218880,1-Training-Losses/policy_loss,-0.0003207474946975708,Pong1PQFM_XObs_entangled_trainable_rzz_QLayers_5___seed_1_1761468207
4222976,1-Training-Losses/policy_loss,-7.910933345556259e-05,Pong1PQFM_XObs_entangled_trainable_rzz_QLayers_5___seed_1_1761468207
4227072,1-Training-Losses/policy_loss,-0.0006989615503698587,Pong1PQFM_XObs_entangled_trainable_rzz_QLayers_5___seed_1_1761468207
4231168,1-Training-Losses/policy_loss,-0.0002004164271056652,Pong1PQFM_XObs_entangled_trainable_rzz_QLayers_5___seed_1_1761468207
4235264,1-Training-Losses/policy_loss,-0.00044989073649048805,Pong1PQFM_XObs_entangled_trainable_rzz_QLayers_5___seed_1_1761468207
4239360,1-Training-Losses/policy_loss,-0.00030194688588380814,Pong1PQFM_XObs_entangled_trainable_rzz_QLayers_5___seed_1_1761468207
4243456,1-Training-Losses/policy_loss,-0.00015765754505991936,Pong1PQFM_XObs_entangled_trainable_rzz_QLayers_5___seed_1_1761468207
4247552,1-Training-Losses/policy_loss,-0.0003326232545077801,Pong1PQFM_XObs_entangled_trainable_rzz_QLayers_5___seed_1_1761468207
4251648,1-Training-Losses/policy_loss,-0.00013596657663583755,Pong1PQFM_XObs_entangled_trainable_rzz_QLayers_5___seed_1_1761468207
4255744,1-Training-Losses/policy_loss,-0.0015073285903781652,Pong1PQFM_XObs_entangled_trainable_rzz_QLayers_5___seed_1_1761468207
4259840,1-Training-Losses/policy_loss,0.00020177429541945457,Pong1PQFM_XObs_entangled_trainable_rzz_QLayers_5___seed_1_1761468207
4263936,1-Training-Losses/policy_loss,-0.00015395879745483398,Pong1PQFM_XObs_entangled_trainable_rzz_QLayers_5___seed_1_1761468207
4268032,1-Training-Losses/policy_loss,-2.8567388653755188e-05,Pong1PQFM_XObs_entangled_trainable_rzz_QLayers_5___seed_1_1761468207
4272128,1-Training-Losses/policy_loss,-9.657209739089012e-05,Pong1PQFM_XObs_entangled_trainable_rzz_QLayers_5___seed_1_1761468207
4276224,1-Training-Losses/policy_loss,-0.0008749316912144423,Pong1PQFM_XObs_entangled_trainable_rzz_QLayers_5___seed_1_1761468207
4280320,1-Training-Losses/policy_loss,-0.0007144275587052107,Pong1PQFM_XObs_entangled_trainable_rzz_QLayers_5___seed_1_1761468207
4284416,1-Training-Losses/policy_loss,2.5529414415359497e-05,Pong1PQFM_XObs_entangled_trainable_rzz_QLayers_5___seed_1_1761468207
4288512,1-Training-Losses/policy_loss,-0.00019090017303824425,Pong1PQFM_XObs_entangled_trainable_rzz_QLayers_5___seed_1_1761468207
4292608,1-Training-Losses/policy_loss,-0.00018491409718990326,Pong1PQFM_XObs_entangled_trainable_rzz_QLayers_5___seed_1_1761468207
4296704,1-Training-Losses/policy_loss,-0.0007424759678542614,Pong1PQFM_XObs_entangled_trainable_rzz_QLayers_5___seed_1_1761468207
4300800,1-Training-Losses/policy_loss,-1.370580866932869e-05,Pong1PQFM_XObs_entangled_trainable_rzz_QLayers_5___seed_1_1761468207
4304896,1-Training-Losses/policy_loss,-0.0006628520786762238,Pong1PQFM_XObs_entangled_trainable_rzz_QLayers_5___seed_1_1761468207
4308992,1-Training-Losses/policy_loss,-0.00030164793133735657,Pong1PQFM_XObs_entangled_trainable_rzz_QLayers_5___seed_1_1761468207
4313088,1-Training-Losses/policy_loss,-0.00022306479513645172,Pong1PQFM_XObs_entangled_trainable_rzz_QLayers_5___seed_1_1761468207
4317184,1-Training-Losses/policy_loss,-0.00020292727276682854,Pong1PQFM_XObs_entangled_trainable_rzz_QLayers_5___seed_1_1761468207
4321280,1-Training-Losses/policy_loss,-5.534430965781212e-05,Pong1PQFM_XObs_entangled_trainable_rzz_QLayers_5___seed_1_1761468207
4325376,1-Training-Losses/policy_loss,-0.00012008380144834518,Pong1PQFM_XObs_entangled_trainable_rzz_QLayers_5___seed_1_1761468207
4329472,1-Training-Losses/policy_loss,-0.00020866747945547104,Pong1PQFM_XObs_entangled_trainable_rzz_QLayers_5___seed_1_1761468207
4333568,1-Training-Losses/policy_loss,-0.0001337905414402485,Pong1PQFM_XObs_entangled_trainable_rzz_QLayers_5___seed_1_1761468207
4337664,1-Training-Losses/policy_loss,-0.00033772480674088,Pong1PQFM_XObs_entangled_trainable_rzz_QLayers_5___seed_1_1761468207
4341760,1-Training-Losses/policy_loss,-0.00033923517912626266,Pong1PQFM_XObs_entangled_trainable_rzz_QLayers_5___seed_1_1761468207
4345856,1-Training-Losses/policy_loss,-0.0002019014209508896,Pong1PQFM_XObs_entangled_trainable_rzz_QLayers_5___seed_1_1761468207
4349952,1-Training-Losses/policy_loss,-0.000562470406293869,Pong1PQFM_XObs_entangled_trainable_rzz_QLayers_5___seed_1_1761468207
4354048,1-Training-Losses/policy_loss,-0.001062415074557066,Pong1PQFM_XObs_entangled_trainable_rzz_QLayers_5___seed_1_1761468207
4358144,1-Training-Losses/policy_loss,-0.00020070187747478485,Pong1PQFM_XObs_entangled_trainable_rzz_QLayers_5___seed_1_1761468207
4362240,1-Training-Losses/policy_loss,1.546461135149002e-05,Pong1PQFM_XObs_entangled_trainable_rzz_QLayers_5___seed_1_1761468207
4366336,1-Training-Losses/policy_loss,-0.0004608375020325184,Pong1PQFM_XObs_entangled_trainable_rzz_QLayers_5___seed_1_1761468207
4370432,1-Training-Losses/policy_loss,-0.00013386458158493042,Pong1PQFM_XObs_entangled_trainable_rzz_QLayers_5___seed_1_1761468207
4374528,1-Training-Losses/policy_loss,-0.00031859613955020905,Pong1PQFM_XObs_entangled_trainable_rzz_QLayers_5___seed_1_1761468207
4378624,1-Training-Losses/policy_loss,-0.00048848707228899,Pong1PQFM_XObs_entangled_trainable_rzz_QLayers_5___seed_1_1761468207
4382720,1-Training-Losses/policy_loss,-0.0001497413031756878,Pong1PQFM_XObs_entangled_trainable_rzz_QLayers_5___seed_1_1761468207
4386816,1-Training-Losses/policy_loss,-0.0005965358577668667,Pong1PQFM_XObs_entangled_trainable_rzz_QLayers_5___seed_1_1761468207
4390912,1-Training-Losses/policy_loss,-0.00019724806770682335,Pong1PQFM_XObs_entangled_trainable_rzz_QLayers_5___seed_1_1761468207
4395008,1-Training-Losses/policy_loss,-0.0003122398629784584,Pong1PQFM_XObs_entangled_trainable_rzz_QLayers_5___seed_1_1761468207
4399104,1-Training-Losses/policy_loss,-0.0002681408077478409,Pong1PQFM_XObs_entangled_trainable_rzz_QLayers_5___seed_1_1761468207
4403200,1-Training-Losses/policy_loss,-0.0003326418809592724,Pong1PQFM_XObs_entangled_trainable_rzz_QLayers_5___seed_1_1761468207
4407296,1-Training-Losses/policy_loss,-0.0005959812551736832,Pong1PQFM_XObs_entangled_trainable_rzz_QLayers_5___seed_1_1761468207
4411392,1-Training-Losses/policy_loss,-6.917444989085197e-05,Pong1PQFM_XObs_entangled_trainable_rzz_QLayers_5___seed_1_1761468207
4415488,1-Training-Losses/policy_loss,-0.0003407420590519905,Pong1PQFM_XObs_entangled_trainable_rzz_QLayers_5___seed_1_1761468207
4419584,1-Training-Losses/policy_loss,-4.460662603378296e-05,Pong1PQFM_XObs_entangled_trainable_rzz_QLayers_5___seed_1_1761468207
4423680,1-Training-Losses/policy_loss,-0.00022709975019097328,Pong1PQFM_XObs_entangled_trainable_rzz_QLayers_5___seed_1_1761468207
4427776,1-Training-Losses/policy_loss,-0.00035044457763433456,Pong1PQFM_XObs_entangled_trainable_rzz_QLayers_5___seed_1_1761468207
4431872,1-Training-Losses/policy_loss,-0.0013260957784950733,Pong1PQFM_XObs_entangled_trainable_rzz_QLayers_5___seed_1_1761468207
4435968,1-Training-Losses/policy_loss,9.022606536746025e-05,Pong1PQFM_XObs_entangled_trainable_rzz_QLayers_5___seed_1_1761468207
4440064,1-Training-Losses/policy_loss,-0.0002820615191012621,Pong1PQFM_XObs_entangled_trainable_rzz_QLayers_5___seed_1_1761468207
4444160,1-Training-Losses/policy_loss,-0.00031943898648023605,Pong1PQFM_XObs_entangled_trainable_rzz_QLayers_5___seed_1_1761468207
4448256,1-Training-Losses/policy_loss,-4.887208342552185e-05,Pong1PQFM_XObs_entangled_trainable_rzz_QLayers_5___seed_1_1761468207
4452352,1-Training-Losses/policy_loss,-0.0007337131537497044,Pong1PQFM_XObs_entangled_trainable_rzz_QLayers_5___seed_1_1761468207
4456448,1-Training-Losses/policy_loss,-0.0002050306648015976,Pong1PQFM_XObs_entangled_trainable_rzz_QLayers_5___seed_1_1761468207
4460544,1-Training-Losses/policy_loss,-0.0006224988028407097,Pong1PQFM_XObs_entangled_trainable_rzz_QLayers_5___seed_1_1761468207
4464640,1-Training-Losses/policy_loss,-0.00016912072896957397,Pong1PQFM_XObs_entangled_trainable_rzz_QLayers_5___seed_1_1761468207
4468736,1-Training-Losses/policy_loss,-0.00025867437943816185,Pong1PQFM_XObs_entangled_trainable_rzz_QLayers_5___seed_1_1761468207
4472832,1-Training-Losses/policy_loss,-0.0002306560054421425,Pong1PQFM_XObs_entangled_trainable_rzz_QLayers_5___seed_1_1761468207
4476928,1-Training-Losses/policy_loss,-0.00024333479814231396,Pong1PQFM_XObs_entangled_trainable_rzz_QLayers_5___seed_1_1761468207
4481024,1-Training-Losses/policy_loss,-0.00015493109822273254,Pong1PQFM_XObs_entangled_trainable_rzz_QLayers_5___seed_1_1761468207
4485120,1-Training-Losses/policy_loss,-0.0002645445056259632,Pong1PQFM_XObs_entangled_trainable_rzz_QLayers_5___seed_1_1761468207
4489216,1-Training-Losses/policy_loss,-0.0012123333290219307,Pong1PQFM_XObs_entangled_trainable_rzz_QLayers_5___seed_1_1761468207
4493312,1-Training-Losses/policy_loss,0.0003913985565304756,Pong1PQFM_XObs_entangled_trainable_rzz_QLayers_5___seed_1_1761468207
4497408,1-Training-Losses/policy_loss,-0.00031183939427137375,Pong1PQFM_XObs_entangled_trainable_rzz_QLayers_5___seed_1_1761468207
4501504,1-Training-Losses/policy_loss,-0.00016168691217899323,Pong1PQFM_XObs_entangled_trainable_rzz_QLayers_5___seed_1_1761468207
4505600,1-Training-Losses/policy_loss,-0.0001271842047572136,Pong1PQFM_XObs_entangled_trainable_rzz_QLayers_5___seed_1_1761468207
4509696,1-Training-Losses/policy_loss,-0.00023664534091949463,Pong1PQFM_XObs_entangled_trainable_rzz_QLayers_5___seed_1_1761468207
4513792,1-Training-Losses/policy_loss,-0.0007042316719889641,Pong1PQFM_XObs_entangled_trainable_rzz_QLayers_5___seed_1_1761468207
4517888,1-Training-Losses/policy_loss,-0.00012367311865091324,Pong1PQFM_XObs_entangled_trainable_rzz_QLayers_5___seed_1_1761468207
4521984,1-Training-Losses/policy_loss,-0.00022339075803756714,Pong1PQFM_XObs_entangled_trainable_rzz_QLayers_5___seed_1_1761468207
4526080,1-Training-Losses/policy_loss,-0.00025375792756676674,Pong1PQFM_XObs_entangled_trainable_rzz_QLayers_5___seed_1_1761468207
4530176,1-Training-Losses/policy_loss,-6.194319576025009e-05,Pong1PQFM_XObs_entangled_trainable_rzz_QLayers_5___seed_1_1761468207
4534272,1-Training-Losses/policy_loss,-0.0001306112390011549,Pong1PQFM_XObs_entangled_trainable_rzz_QLayers_5___seed_1_1761468207
4538368,1-Training-Losses/policy_loss,-0.00018338230438530445,Pong1PQFM_XObs_entangled_trainable_rzz_QLayers_5___seed_1_1761468207
4542464,1-Training-Losses/policy_loss,-0.00029534753412008286,Pong1PQFM_XObs_entangled_trainable_rzz_QLayers_5___seed_1_1761468207
4546560,1-Training-Losses/policy_loss,-0.0002901647239923477,Pong1PQFM_XObs_entangled_trainable_rzz_QLayers_5___seed_1_1761468207
4550656,1-Training-Losses/policy_loss,-0.00032617896795272827,Pong1PQFM_XObs_entangled_trainable_rzz_QLayers_5___seed_1_1761468207
4554752,1-Training-Losses/policy_loss,-0.00018299836665391922,Pong1PQFM_XObs_entangled_trainable_rzz_QLayers_5___seed_1_1761468207
4558848,1-Training-Losses/policy_loss,-0.00017130281776189804,Pong1PQFM_XObs_entangled_trainable_rzz_QLayers_5___seed_1_1761468207
4562944,1-Training-Losses/policy_loss,-0.0002512875944375992,Pong1PQFM_XObs_entangled_trainable_rzz_QLayers_5___seed_1_1761468207
4567040,1-Training-Losses/policy_loss,-0.0005766311660408974,Pong1PQFM_XObs_entangled_trainable_rzz_QLayers_5___seed_1_1761468207
4571136,1-Training-Losses/policy_loss,-0.00014204857870936394,Pong1PQFM_XObs_entangled_trainable_rzz_QLayers_5___seed_1_1761468207
4575232,1-Training-Losses/policy_loss,-0.0004540272057056427,Pong1PQFM_XObs_entangled_trainable_rzz_QLayers_5___seed_1_1761468207
4579328,1-Training-Losses/policy_loss,-0.00022501451894640923,Pong1PQFM_XObs_entangled_trainable_rzz_QLayers_5___seed_1_1761468207
4583424,1-Training-Losses/policy_loss,-1.3037817552685738e-05,Pong1PQFM_XObs_entangled_trainable_rzz_QLayers_5___seed_1_1761468207
4587520,1-Training-Losses/policy_loss,-0.0007136194035410881,Pong1PQFM_XObs_entangled_trainable_rzz_QLayers_5___seed_1_1761468207
4591616,1-Training-Losses/policy_loss,-0.0016682934947311878,Pong1PQFM_XObs_entangled_trainable_rzz_QLayers_5___seed_1_1761468207
4595712,1-Training-Losses/policy_loss,-3.554485738277435e-05,Pong1PQFM_XObs_entangled_trainable_rzz_QLayers_5___seed_1_1761468207
4599808,1-Training-Losses/policy_loss,-0.00021027657203376293,Pong1PQFM_XObs_entangled_trainable_rzz_QLayers_5___seed_1_1761468207
4603904,1-Training-Losses/policy_loss,-0.0003082379698753357,Pong1PQFM_XObs_entangled_trainable_rzz_QLayers_5___seed_1_1761468207
4608000,1-Training-Losses/policy_loss,-6.775627844035625e-05,Pong1PQFM_XObs_entangled_trainable_rzz_QLayers_5___seed_1_1761468207
4612096,1-Training-Losses/policy_loss,-0.00010160240344703197,Pong1PQFM_XObs_entangled_trainable_rzz_QLayers_5___seed_1_1761468207
4616192,1-Training-Losses/policy_loss,-0.00010545924305915833,Pong1PQFM_XObs_entangled_trainable_rzz_QLayers_5___seed_1_1761468207
4620288,1-Training-Losses/policy_loss,-0.0004296752158552408,Pong1PQFM_XObs_entangled_trainable_rzz_QLayers_5___seed_1_1761468207
4624384,1-Training-Losses/policy_loss,-0.0001573767513036728,Pong1PQFM_XObs_entangled_trainable_rzz_QLayers_5___seed_1_1761468207
4628480,1-Training-Losses/policy_loss,-0.0002725217491388321,Pong1PQFM_XObs_entangled_trainable_rzz_QLayers_5___seed_1_1761468207
4632576,1-Training-Losses/policy_loss,-0.0004923325031995773,Pong1PQFM_XObs_entangled_trainable_rzz_QLayers_5___seed_1_1761468207
4636672,1-Training-Losses/policy_loss,-0.0006618844345211983,Pong1PQFM_XObs_entangled_trainable_rzz_QLayers_5___seed_1_1761468207
4640768,1-Training-Losses/policy_loss,-0.0005324939265847206,Pong1PQFM_XObs_entangled_trainable_rzz_QLayers_5___seed_1_1761468207
4644864,1-Training-Losses/policy_loss,-0.00017184671014547348,Pong1PQFM_XObs_entangled_trainable_rzz_QLayers_5___seed_1_1761468207
4648960,1-Training-Losses/policy_loss,-0.00020557898096740246,Pong1PQFM_XObs_entangled_trainable_rzz_QLayers_5___seed_1_1761468207
4653056,1-Training-Losses/policy_loss,-0.00026729702949523926,Pong1PQFM_XObs_entangled_trainable_rzz_QLayers_5___seed_1_1761468207
4657152,1-Training-Losses/policy_loss,-0.00010271836072206497,Pong1PQFM_XObs_entangled_trainable_rzz_QLayers_5___seed_1_1761468207
4661248,1-Training-Losses/policy_loss,-0.0004953285679221153,Pong1PQFM_XObs_entangled_trainable_rzz_QLayers_5___seed_1_1761468207
4665344,1-Training-Losses/policy_loss,-0.0005176388658583164,Pong1PQFM_XObs_entangled_trainable_rzz_QLayers_5___seed_1_1761468207
4669440,1-Training-Losses/policy_loss,-0.00028235046193003654,Pong1PQFM_XObs_entangled_trainable_rzz_QLayers_5___seed_1_1761468207
4673536,1-Training-Losses/policy_loss,-0.0008578934357501566,Pong1PQFM_XObs_entangled_trainable_rzz_QLayers_5___seed_1_1761468207
4677632,1-Training-Losses/policy_loss,-0.0002179183065891266,Pong1PQFM_XObs_entangled_trainable_rzz_QLayers_5___seed_1_1761468207
4681728,1-Training-Losses/policy_loss,8.076895028352737e-06,Pong1PQFM_XObs_entangled_trainable_rzz_QLayers_5___seed_1_1761468207
4685824,1-Training-Losses/policy_loss,-0.0001514153555035591,Pong1PQFM_XObs_entangled_trainable_rzz_QLayers_5___seed_1_1761468207
4689920,1-Training-Losses/policy_loss,-0.0001503762323409319,Pong1PQFM_XObs_entangled_trainable_rzz_QLayers_5___seed_1_1761468207
4694016,1-Training-Losses/policy_loss,-0.00038622692227363586,Pong1PQFM_XObs_entangled_trainable_rzz_QLayers_5___seed_1_1761468207
4698112,1-Training-Losses/policy_loss,-0.00016194721683859825,Pong1PQFM_XObs_entangled_trainable_rzz_QLayers_5___seed_1_1761468207
4702208,1-Training-Losses/policy_loss,-0.000226716510951519,Pong1PQFM_XObs_entangled_trainable_rzz_QLayers_5___seed_1_1761468207
4706304,1-Training-Losses/policy_loss,-0.00022779731079936028,Pong1PQFM_XObs_entangled_trainable_rzz_QLayers_5___seed_1_1761468207
4710400,1-Training-Losses/policy_loss,-0.00021187751553952694,Pong1PQFM_XObs_entangled_trainable_rzz_QLayers_5___seed_1_1761468207
4714496,1-Training-Losses/policy_loss,-0.00038587208837270737,Pong1PQFM_XObs_entangled_trainable_rzz_QLayers_5___seed_1_1761468207
4718592,1-Training-Losses/policy_loss,-0.00044288812205195427,Pong1PQFM_XObs_entangled_trainable_rzz_QLayers_5___seed_1_1761468207
4722688,1-Training-Losses/policy_loss,-0.0002056171651929617,Pong1PQFM_XObs_entangled_trainable_rzz_QLayers_5___seed_1_1761468207
4726784,1-Training-Losses/policy_loss,-1.0831281542778015e-05,Pong1PQFM_XObs_entangled_trainable_rzz_QLayers_5___seed_1_1761468207
4730880,1-Training-Losses/policy_loss,-0.0002237139269709587,Pong1PQFM_XObs_entangled_trainable_rzz_QLayers_5___seed_1_1761468207
4734976,1-Training-Losses/policy_loss,-6.206403486430645e-05,Pong1PQFM_XObs_entangled_trainable_rzz_QLayers_5___seed_1_1761468207
4739072,1-Training-Losses/policy_loss,-0.0003589238040149212,Pong1PQFM_XObs_entangled_trainable_rzz_QLayers_5___seed_1_1761468207
4743168,1-Training-Losses/policy_loss,-0.0002386225387454033,Pong1PQFM_XObs_entangled_trainable_rzz_QLayers_5___seed_1_1761468207
4747264,1-Training-Losses/policy_loss,-0.0006396172102540731,Pong1PQFM_XObs_entangled_trainable_rzz_QLayers_5___seed_1_1761468207
4751360,1-Training-Losses/policy_loss,-0.0008165719918906689,Pong1PQFM_XObs_entangled_trainable_rzz_QLayers_5___seed_1_1761468207
4755456,1-Training-Losses/policy_loss,0.00019217003136873245,Pong1PQFM_XObs_entangled_trainable_rzz_QLayers_5___seed_1_1761468207
4759552,1-Training-Losses/policy_loss,-0.0005101850256323814,Pong1PQFM_XObs_entangled_trainable_rzz_QLayers_5___seed_1_1761468207
4763648,1-Training-Losses/policy_loss,-0.00012938957661390305,Pong1PQFM_XObs_entangled_trainable_rzz_QLayers_5___seed_1_1761468207
4767744,1-Training-Losses/policy_loss,-0.0003101422917097807,Pong1PQFM_XObs_entangled_trainable_rzz_QLayers_5___seed_1_1761468207
4771840,1-Training-Losses/policy_loss,-0.0004719281569123268,Pong1PQFM_XObs_entangled_trainable_rzz_QLayers_5___seed_1_1761468207
4775936,1-Training-Losses/policy_loss,-4.907383117824793e-05,Pong1PQFM_XObs_entangled_trainable_rzz_QLayers_5___seed_1_1761468207
4780032,1-Training-Losses/policy_loss,-6.239768117666245e-05,Pong1PQFM_XObs_entangled_trainable_rzz_QLayers_5___seed_1_1761468207
4784128,1-Training-Losses/policy_loss,-0.0005570156499743462,Pong1PQFM_XObs_entangled_trainable_rzz_QLayers_5___seed_1_1761468207
4788224,1-Training-Losses/policy_loss,-0.00012121512554585934,Pong1PQFM_XObs_entangled_trainable_rzz_QLayers_5___seed_1_1761468207
4792320,1-Training-Losses/policy_loss,-0.0004730981308966875,Pong1PQFM_XObs_entangled_trainable_rzz_QLayers_5___seed_1_1761468207
4796416,1-Training-Losses/policy_loss,-0.0001429002732038498,Pong1PQFM_XObs_entangled_trainable_rzz_QLayers_5___seed_1_1761468207
4800512,1-Training-Losses/policy_loss,-0.00020166859030723572,Pong1PQFM_XObs_entangled_trainable_rzz_QLayers_5___seed_1_1761468207
4804608,1-Training-Losses/policy_loss,-0.0006847893819212914,Pong1PQFM_XObs_entangled_trainable_rzz_QLayers_5___seed_1_1761468207
4808704,1-Training-Losses/policy_loss,-0.0001904824748635292,Pong1PQFM_XObs_entangled_trainable_rzz_QLayers_5___seed_1_1761468207
4812800,1-Training-Losses/policy_loss,-0.00022700801491737366,Pong1PQFM_XObs_entangled_trainable_rzz_QLayers_5___seed_1_1761468207
4816896,1-Training-Losses/policy_loss,-0.0003012530505657196,Pong1PQFM_XObs_entangled_trainable_rzz_QLayers_5___seed_1_1761468207
4820992,1-Training-Losses/policy_loss,-0.0005871234461665154,Pong1PQFM_XObs_entangled_trainable_rzz_QLayers_5___seed_1_1761468207
4825088,1-Training-Losses/policy_loss,-0.0002693645656108856,Pong1PQFM_XObs_entangled_trainable_rzz_QLayers_5___seed_1_1761468207
4829184,1-Training-Losses/policy_loss,-0.0002486598677933216,Pong1PQFM_XObs_entangled_trainable_rzz_QLayers_5___seed_1_1761468207
4833280,1-Training-Losses/policy_loss,-0.0002289696130901575,Pong1PQFM_XObs_entangled_trainable_rzz_QLayers_5___seed_1_1761468207
4837376,1-Training-Losses/policy_loss,-0.0007593340706080198,Pong1PQFM_XObs_entangled_trainable_rzz_QLayers_5___seed_1_1761468207
4841472,1-Training-Losses/policy_loss,-1.4676712453365326e-05,Pong1PQFM_XObs_entangled_trainable_rzz_QLayers_5___seed_1_1761468207
4845568,1-Training-Losses/policy_loss,-4.608184099197388e-05,Pong1PQFM_XObs_entangled_trainable_rzz_QLayers_5___seed_1_1761468207
4849664,1-Training-Losses/policy_loss,-0.00022922130301594734,Pong1PQFM_XObs_entangled_trainable_rzz_QLayers_5___seed_1_1761468207
4853760,1-Training-Losses/policy_loss,-0.000249465461820364,Pong1PQFM_XObs_entangled_trainable_rzz_QLayers_5___seed_1_1761468207
4857856,1-Training-Losses/policy_loss,-0.0006136219017207623,Pong1PQFM_XObs_entangled_trainable_rzz_QLayers_5___seed_1_1761468207
4861952,1-Training-Losses/policy_loss,-0.00038673821836709976,Pong1PQFM_XObs_entangled_trainable_rzz_QLayers_5___seed_1_1761468207
4866048,1-Training-Losses/policy_loss,-9.112898260354996e-05,Pong1PQFM_XObs_entangled_trainable_rzz_QLayers_5___seed_1_1761468207
4870144,1-Training-Losses/policy_loss,-0.00029295869171619415,Pong1PQFM_XObs_entangled_trainable_rzz_QLayers_5___seed_1_1761468207
4874240,1-Training-Losses/policy_loss,-0.00033249054104089737,Pong1PQFM_XObs_entangled_trainable_rzz_QLayers_5___seed_1_1761468207
4878336,1-Training-Losses/policy_loss,-0.00014058779925107956,Pong1PQFM_XObs_entangled_trainable_rzz_QLayers_5___seed_1_1761468207
4882432,1-Training-Losses/policy_loss,-0.0004837487358599901,Pong1PQFM_XObs_entangled_trainable_rzz_QLayers_5___seed_1_1761468207
4886528,1-Training-Losses/policy_loss,-3.639794886112213e-05,Pong1PQFM_XObs_entangled_trainable_rzz_QLayers_5___seed_1_1761468207
4890624,1-Training-Losses/policy_loss,-0.0002032737247645855,Pong1PQFM_XObs_entangled_trainable_rzz_QLayers_5___seed_1_1761468207
4894720,1-Training-Losses/policy_loss,-0.0009038690477609634,Pong1PQFM_XObs_entangled_trainable_rzz_QLayers_5___seed_1_1761468207
4898816,1-Training-Losses/policy_loss,-0.00025749020278453827,Pong1PQFM_XObs_entangled_trainable_rzz_QLayers_5___seed_1_1761468207
4902912,1-Training-Losses/policy_loss,-0.00032700691372156143,Pong1PQFM_XObs_entangled_trainable_rzz_QLayers_5___seed_1_1761468207
4907008,1-Training-Losses/policy_loss,-0.00021097762510180473,Pong1PQFM_XObs_entangled_trainable_rzz_QLayers_5___seed_1_1761468207
4911104,1-Training-Losses/policy_loss,-0.0003809125628322363,Pong1PQFM_XObs_entangled_trainable_rzz_QLayers_5___seed_1_1761468207
4915200,1-Training-Losses/policy_loss,-0.0002775522880256176,Pong1PQFM_XObs_entangled_trainable_rzz_QLayers_5___seed_1_1761468207
4919296,1-Training-Losses/policy_loss,-0.0005832749884575605,Pong1PQFM_XObs_entangled_trainable_rzz_QLayers_5___seed_1_1761468207
4923392,1-Training-Losses/policy_loss,-0.00034301355481147766,Pong1PQFM_XObs_entangled_trainable_rzz_QLayers_5___seed_1_1761468207
4927488,1-Training-Losses/policy_loss,-0.000338931567966938,Pong1PQFM_XObs_entangled_trainable_rzz_QLayers_5___seed_1_1761468207
4931584,1-Training-Losses/policy_loss,-0.0005947835743427277,Pong1PQFM_XObs_entangled_trainable_rzz_QLayers_5___seed_1_1761468207
4935680,1-Training-Losses/policy_loss,-0.0004944154061377048,Pong1PQFM_XObs_entangled_trainable_rzz_QLayers_5___seed_1_1761468207
4939776,1-Training-Losses/policy_loss,-0.0009079733863472939,Pong1PQFM_XObs_entangled_trainable_rzz_QLayers_5___seed_1_1761468207
4943872,1-Training-Losses/policy_loss,-0.0005101356655359268,Pong1PQFM_XObs_entangled_trainable_rzz_QLayers_5___seed_1_1761468207
4947968,1-Training-Losses/policy_loss,-9.105540812015533e-06,Pong1PQFM_XObs_entangled_trainable_rzz_QLayers_5___seed_1_1761468207
4952064,1-Training-Losses/policy_loss,-0.00010352348908782005,Pong1PQFM_XObs_entangled_trainable_rzz_QLayers_5___seed_1_1761468207
4956160,1-Training-Losses/policy_loss,-0.0004457766190171242,Pong1PQFM_XObs_entangled_trainable_rzz_QLayers_5___seed_1_1761468207
4960256,1-Training-Losses/policy_loss,-0.000598257640376687,Pong1PQFM_XObs_entangled_trainable_rzz_QLayers_5___seed_1_1761468207
4964352,1-Training-Losses/policy_loss,-0.00016602687537670135,Pong1PQFM_XObs_entangled_trainable_rzz_QLayers_5___seed_1_1761468207
4968448,1-Training-Losses/policy_loss,-0.0005312012508511543,Pong1PQFM_XObs_entangled_trainable_rzz_QLayers_5___seed_1_1761468207
4972544,1-Training-Losses/policy_loss,-0.0006855577230453491,Pong1PQFM_XObs_entangled_trainable_rzz_QLayers_5___seed_1_1761468207
4976640,1-Training-Losses/policy_loss,-0.0014528455212712288,Pong1PQFM_XObs_entangled_trainable_rzz_QLayers_5___seed_1_1761468207
4980736,1-Training-Losses/policy_loss,-0.00048776157200336456,Pong1PQFM_XObs_entangled_trainable_rzz_QLayers_5___seed_1_1761468207
4984832,1-Training-Losses/policy_loss,-0.00013999361544847488,Pong1PQFM_XObs_entangled_trainable_rzz_QLayers_5___seed_1_1761468207
4988928,1-Training-Losses/policy_loss,-0.00017790216952562332,Pong1PQFM_XObs_entangled_trainable_rzz_QLayers_5___seed_1_1761468207
4993024,1-Training-Losses/policy_loss,-3.916863352060318e-05,Pong1PQFM_XObs_entangled_trainable_rzz_QLayers_5___seed_1_1761468207
4997120,1-Training-Losses/policy_loss,-0.0002258166205137968,Pong1PQFM_XObs_entangled_trainable_rzz_QLayers_5___seed_1_1761468207
5001216,1-Training-Losses/policy_loss,-1.3503246009349823e-05,Pong1PQFM_XObs_entangled_trainable_rzz_QLayers_5___seed_1_1761468207
5005312,1-Training-Losses/policy_loss,-0.0003052297979593277,Pong1PQFM_XObs_entangled_trainable_rzz_QLayers_5___seed_1_1761468207
5009408,1-Training-Losses/policy_loss,-0.000224236398935318,Pong1PQFM_XObs_entangled_trainable_rzz_QLayers_5___seed_1_1761468207
5013504,1-Training-Losses/policy_loss,-0.0001335684210062027,Pong1PQFM_XObs_entangled_trainable_rzz_QLayers_5___seed_1_1761468207
5017600,1-Training-Losses/policy_loss,-0.00020683696493506432,Pong1PQFM_XObs_entangled_trainable_rzz_QLayers_5___seed_1_1761468207
5021696,1-Training-Losses/policy_loss,-0.00022129248827695847,Pong1PQFM_XObs_entangled_trainable_rzz_QLayers_5___seed_1_1761468207
5025792,1-Training-Losses/policy_loss,-0.00017870217561721802,Pong1PQFM_XObs_entangled_trainable_rzz_QLayers_5___seed_1_1761468207
5029888,1-Training-Losses/policy_loss,-8.695246651768684e-05,Pong1PQFM_XObs_entangled_trainable_rzz_QLayers_5___seed_1_1761468207
5033984,1-Training-Losses/policy_loss,-0.00025610486045479774,Pong1PQFM_XObs_entangled_trainable_rzz_QLayers_5___seed_1_1761468207
5038080,1-Training-Losses/policy_loss,-9.16668213903904e-05,Pong1PQFM_XObs_entangled_trainable_rzz_QLayers_5___seed_1_1761468207
5042176,1-Training-Losses/policy_loss,-0.00016902247443795204,Pong1PQFM_XObs_entangled_trainable_rzz_QLayers_5___seed_1_1761468207
5046272,1-Training-Losses/policy_loss,-0.00035436730831861496,Pong1PQFM_XObs_entangled_trainable_rzz_QLayers_5___seed_1_1761468207
5050368,1-Training-Losses/policy_loss,-0.00024794088676571846,Pong1PQFM_XObs_entangled_trainable_rzz_QLayers_5___seed_1_1761468207
5054464,1-Training-Losses/policy_loss,-0.00012196879833936691,Pong1PQFM_XObs_entangled_trainable_rzz_QLayers_5___seed_1_1761468207
5058560,1-Training-Losses/policy_loss,-0.00021769199520349503,Pong1PQFM_XObs_entangled_trainable_rzz_QLayers_5___seed_1_1761468207
5062656,1-Training-Losses/policy_loss,-0.00012343074195086956,Pong1PQFM_XObs_entangled_trainable_rzz_QLayers_5___seed_1_1761468207
5066752,1-Training-Losses/policy_loss,-5.3727999329566956e-05,Pong1PQFM_XObs_entangled_trainable_rzz_QLayers_5___seed_1_1761468207
5070848,1-Training-Losses/policy_loss,-0.0004057798068970442,Pong1PQFM_XObs_entangled_trainable_rzz_QLayers_5___seed_1_1761468207
5074944,1-Training-Losses/policy_loss,-0.0009542107582092285,Pong1PQFM_XObs_entangled_trainable_rzz_QLayers_5___seed_1_1761468207
5079040,1-Training-Losses/policy_loss,-0.0006507914513349533,Pong1PQFM_XObs_entangled_trainable_rzz_QLayers_5___seed_1_1761468207
5083136,1-Training-Losses/policy_loss,-0.00022878311574459076,Pong1PQFM_XObs_entangled_trainable_rzz_QLayers_5___seed_1_1761468207
5087232,1-Training-Losses/policy_loss,-0.0002929382026195526,Pong1PQFM_XObs_entangled_trainable_rzz_QLayers_5___seed_1_1761468207
5091328,1-Training-Losses/policy_loss,-0.00025580869987607,Pong1PQFM_XObs_entangled_trainable_rzz_QLayers_5___seed_1_1761468207
5095424,1-Training-Losses/policy_loss,-0.0002447795122861862,Pong1PQFM_XObs_entangled_trainable_rzz_QLayers_5___seed_1_1761468207
5099520,1-Training-Losses/policy_loss,-0.000979098491370678,Pong1PQFM_XObs_entangled_trainable_rzz_QLayers_5___seed_1_1761468207
5103616,1-Training-Losses/policy_loss,-0.00027480535209178925,Pong1PQFM_XObs_entangled_trainable_rzz_QLayers_5___seed_1_1761468207
5107712,1-Training-Losses/policy_loss,-0.00016372301615774632,Pong1PQFM_XObs_entangled_trainable_rzz_QLayers_5___seed_1_1761468207
5111808,1-Training-Losses/policy_loss,-0.000658529344946146,Pong1PQFM_XObs_entangled_trainable_rzz_QLayers_5___seed_1_1761468207
5115904,1-Training-Losses/policy_loss,-5.016103386878967e-05,Pong1PQFM_XObs_entangled_trainable_rzz_QLayers_5___seed_1_1761468207
5120000,1-Training-Losses/policy_loss,-0.0003068116493523121,Pong1PQFM_XObs_entangled_trainable_rzz_QLayers_5___seed_1_1761468207
5124096,1-Training-Losses/policy_loss,-0.0003874683752655983,Pong1PQFM_XObs_entangled_trainable_rzz_QLayers_5___seed_1_1761468207
5128192,1-Training-Losses/policy_loss,-0.0005339821800589561,Pong1PQFM_XObs_entangled_trainable_rzz_QLayers_5___seed_1_1761468207
5132288,1-Training-Losses/policy_loss,6.561307236552238e-05,Pong1PQFM_XObs_entangled_trainable_rzz_QLayers_5___seed_1_1761468207
5136384,1-Training-Losses/policy_loss,-0.0002453858032822609,Pong1PQFM_XObs_entangled_trainable_rzz_QLayers_5___seed_1_1761468207
5140480,1-Training-Losses/policy_loss,-0.00025413185358047485,Pong1PQFM_XObs_entangled_trainable_rzz_QLayers_5___seed_1_1761468207
5144576,1-Training-Losses/policy_loss,-5.4519157856702805e-05,Pong1PQFM_XObs_entangled_trainable_rzz_QLayers_5___seed_1_1761468207
5148672,1-Training-Losses/policy_loss,-0.00019482523202896118,Pong1PQFM_XObs_entangled_trainable_rzz_QLayers_5___seed_1_1761468207
5152768,1-Training-Losses/policy_loss,-0.00017996132373809814,Pong1PQFM_XObs_entangled_trainable_rzz_QLayers_5___seed_1_1761468207
5156864,1-Training-Losses/policy_loss,-0.0002330578863620758,Pong1PQFM_XObs_entangled_trainable_rzz_QLayers_5___seed_1_1761468207
5160960,1-Training-Losses/policy_loss,-0.0007445223163813353,Pong1PQFM_XObs_entangled_trainable_rzz_QLayers_5___seed_1_1761468207
5165056,1-Training-Losses/policy_loss,-0.0004452141001820564,Pong1PQFM_XObs_entangled_trainable_rzz_QLayers_5___seed_1_1761468207
5169152,1-Training-Losses/policy_loss,-0.00013408251106739044,Pong1PQFM_XObs_entangled_trainable_rzz_QLayers_5___seed_1_1761468207
5173248,1-Training-Losses/policy_loss,-0.0004634074866771698,Pong1PQFM_XObs_entangled_trainable_rzz_QLayers_5___seed_1_1761468207
5177344,1-Training-Losses/policy_loss,-0.0003616968169808388,Pong1PQFM_XObs_entangled_trainable_rzz_QLayers_5___seed_1_1761468207
5181440,1-Training-Losses/policy_loss,-0.000350716058164835,Pong1PQFM_XObs_entangled_trainable_rzz_QLayers_5___seed_1_1761468207
5185536,1-Training-Losses/policy_loss,-0.00021308008581399918,Pong1PQFM_XObs_entangled_trainable_rzz_QLayers_5___seed_1_1761468207
5189632,1-Training-Losses/policy_loss,-6.065052002668381e-05,Pong1PQFM_XObs_entangled_trainable_rzz_QLayers_5___seed_1_1761468207
5193728,1-Training-Losses/policy_loss,-0.00012467987835407257,Pong1PQFM_XObs_entangled_trainable_rzz_QLayers_5___seed_1_1761468207
5197824,1-Training-Losses/policy_loss,-0.00038556475192308426,Pong1PQFM_XObs_entangled_trainable_rzz_QLayers_5___seed_1_1761468207
5201920,1-Training-Losses/policy_loss,-0.0008592221420258284,Pong1PQFM_XObs_entangled_trainable_rzz_QLayers_5___seed_1_1761468207
5206016,1-Training-Losses/policy_loss,-0.0008175834082067013,Pong1PQFM_XObs_entangled_trainable_rzz_QLayers_5___seed_1_1761468207
5210112,1-Training-Losses/policy_loss,-0.00013055000454187393,Pong1PQFM_XObs_entangled_trainable_rzz_QLayers_5___seed_1_1761468207
5214208,1-Training-Losses/policy_loss,-0.000440073199570179,Pong1PQFM_XObs_entangled_trainable_rzz_QLayers_5___seed_1_1761468207
5218304,1-Training-Losses/policy_loss,-0.0006026793271303177,Pong1PQFM_XObs_entangled_trainable_rzz_QLayers_5___seed_1_1761468207
5222400,1-Training-Losses/policy_loss,-0.000506136566400528,Pong1PQFM_XObs_entangled_trainable_rzz_QLayers_5___seed_1_1761468207
5226496,1-Training-Losses/policy_loss,8.278526365756989e-06,Pong1PQFM_XObs_entangled_trainable_rzz_QLayers_5___seed_1_1761468207
5230592,1-Training-Losses/policy_loss,-0.0004372233524918556,Pong1PQFM_XObs_entangled_trainable_rzz_QLayers_5___seed_1_1761468207
5234688,1-Training-Losses/policy_loss,-0.0004572947509586811,Pong1PQFM_XObs_entangled_trainable_rzz_QLayers_5___seed_1_1761468207
5238784,1-Training-Losses/policy_loss,-0.00022492185235023499,Pong1PQFM_XObs_entangled_trainable_rzz_QLayers_5___seed_1_1761468207
5242880,1-Training-Losses/policy_loss,-0.00010794796980917454,Pong1PQFM_XObs_entangled_trainable_rzz_QLayers_5___seed_1_1761468207
5246976,1-Training-Losses/policy_loss,-0.0003413176164031029,Pong1PQFM_XObs_entangled_trainable_rzz_QLayers_5___seed_1_1761468207
5251072,1-Training-Losses/policy_loss,-7.573142647743225e-05,Pong1PQFM_XObs_entangled_trainable_rzz_QLayers_5___seed_1_1761468207
5255168,1-Training-Losses/policy_loss,-0.0007490459829568863,Pong1PQFM_XObs_entangled_trainable_rzz_QLayers_5___seed_1_1761468207
5259264,1-Training-Losses/policy_loss,9.173853322863579e-05,Pong1PQFM_XObs_entangled_trainable_rzz_QLayers_5___seed_1_1761468207
5263360,1-Training-Losses/policy_loss,-0.0003204476088285446,Pong1PQFM_XObs_entangled_trainable_rzz_QLayers_5___seed_1_1761468207
5267456,1-Training-Losses/policy_loss,-0.0004649050533771515,Pong1PQFM_XObs_entangled_trainable_rzz_QLayers_5___seed_1_1761468207
5271552,1-Training-Losses/policy_loss,-0.00018689315766096115,Pong1PQFM_XObs_entangled_trainable_rzz_QLayers_5___seed_1_1761468207
5275648,1-Training-Losses/policy_loss,-0.0003961799666285515,Pong1PQFM_XObs_entangled_trainable_rzz_QLayers_5___seed_1_1761468207
5279744,1-Training-Losses/policy_loss,-0.00024092383682727814,Pong1PQFM_XObs_entangled_trainable_rzz_QLayers_5___seed_1_1761468207
5283840,1-Training-Losses/policy_loss,-0.0010212920606136322,Pong1PQFM_XObs_entangled_trainable_rzz_QLayers_5___seed_1_1761468207
5287936,1-Training-Losses/policy_loss,-1.8212944269180298e-05,Pong1PQFM_XObs_entangled_trainable_rzz_QLayers_5___seed_1_1761468207
5292032,1-Training-Losses/policy_loss,-7.396657019853592e-05,Pong1PQFM_XObs_entangled_trainable_rzz_QLayers_5___seed_1_1761468207
5296128,1-Training-Losses/policy_loss,-0.00015453621745109558,Pong1PQFM_XObs_entangled_trainable_rzz_QLayers_5___seed_1_1761468207
5300224,1-Training-Losses/policy_loss,-0.00024774763733148575,Pong1PQFM_XObs_entangled_trainable_rzz_QLayers_5___seed_1_1761468207
5304320,1-Training-Losses/policy_loss,-0.0003766545560210943,Pong1PQFM_XObs_entangled_trainable_rzz_QLayers_5___seed_1_1761468207
5308416,1-Training-Losses/policy_loss,-0.0005805548280477524,Pong1PQFM_XObs_entangled_trainable_rzz_QLayers_5___seed_1_1761468207
5312512,1-Training-Losses/policy_loss,-0.00032273493707180023,Pong1PQFM_XObs_entangled_trainable_rzz_QLayers_5___seed_1_1761468207
5316608,1-Training-Losses/policy_loss,3.1293835490942e-05,Pong1PQFM_XObs_entangled_trainable_rzz_QLayers_5___seed_1_1761468207
5320704,1-Training-Losses/policy_loss,-0.00020214985124766827,Pong1PQFM_XObs_entangled_trainable_rzz_QLayers_5___seed_1_1761468207
5324800,1-Training-Losses/policy_loss,-0.0003357306122779846,Pong1PQFM_XObs_entangled_trainable_rzz_QLayers_5___seed_1_1761468207
5328896,1-Training-Losses/policy_loss,-0.00024298299103975296,Pong1PQFM_XObs_entangled_trainable_rzz_QLayers_5___seed_1_1761468207
5332992,1-Training-Losses/policy_loss,4.3958891183137894e-05,Pong1PQFM_XObs_entangled_trainable_rzz_QLayers_5___seed_1_1761468207
5337088,1-Training-Losses/policy_loss,-0.0004524821415543556,Pong1PQFM_XObs_entangled_trainable_rzz_QLayers_5___seed_1_1761468207
5341184,1-Training-Losses/policy_loss,-0.00023968052119016647,Pong1PQFM_XObs_entangled_trainable_rzz_QLayers_5___seed_1_1761468207
5345280,1-Training-Losses/policy_loss,-0.0007820222526788712,Pong1PQFM_XObs_entangled_trainable_rzz_QLayers_5___seed_1_1761468207
5349376,1-Training-Losses/policy_loss,-0.0007796129211783409,Pong1PQFM_XObs_entangled_trainable_rzz_QLayers_5___seed_1_1761468207
5353472,1-Training-Losses/policy_loss,-0.00024192174896597862,Pong1PQFM_XObs_entangled_trainable_rzz_QLayers_5___seed_1_1761468207
5357568,1-Training-Losses/policy_loss,-0.0003211391158401966,Pong1PQFM_XObs_entangled_trainable_rzz_QLayers_5___seed_1_1761468207
5361664,1-Training-Losses/policy_loss,-0.0005220817402005196,Pong1PQFM_XObs_entangled_trainable_rzz_QLayers_5___seed_1_1761468207
5365760,1-Training-Losses/policy_loss,-0.0004235329106450081,Pong1PQFM_XObs_entangled_trainable_rzz_QLayers_5___seed_1_1761468207
5369856,1-Training-Losses/policy_loss,-5.228165537118912e-05,Pong1PQFM_XObs_entangled_trainable_rzz_QLayers_5___seed_1_1761468207
5373952,1-Training-Losses/policy_loss,-0.0007318872958421707,Pong1PQFM_XObs_entangled_trainable_rzz_QLayers_5___seed_1_1761468207
5378048,1-Training-Losses/policy_loss,-7.264595478773117e-05,Pong1PQFM_XObs_entangled_trainable_rzz_QLayers_5___seed_1_1761468207
5382144,1-Training-Losses/policy_loss,-9.735114872455597e-05,Pong1PQFM_XObs_entangled_trainable_rzz_QLayers_5___seed_1_1761468207
5386240,1-Training-Losses/policy_loss,-0.0005081910640001297,Pong1PQFM_XObs_entangled_trainable_rzz_QLayers_5___seed_1_1761468207
5390336,1-Training-Losses/policy_loss,-0.0007444471120834351,Pong1PQFM_XObs_entangled_trainable_rzz_QLayers_5___seed_1_1761468207
5394432,1-Training-Losses/policy_loss,-0.00021620793268084526,Pong1PQFM_XObs_entangled_trainable_rzz_QLayers_5___seed_1_1761468207
5398528,1-Training-Losses/policy_loss,-0.0009424197487533092,Pong1PQFM_XObs_entangled_trainable_rzz_QLayers_5___seed_1_1761468207
5402624,1-Training-Losses/policy_loss,6.762775592505932e-05,Pong1PQFM_XObs_entangled_trainable_rzz_QLayers_5___seed_1_1761468207
5406720,1-Training-Losses/policy_loss,7.795076817274094e-05,Pong1PQFM_XObs_entangled_trainable_rzz_QLayers_5___seed_1_1761468207
5410816,1-Training-Losses/policy_loss,-0.0001637372188270092,Pong1PQFM_XObs_entangled_trainable_rzz_QLayers_5___seed_1_1761468207
5414912,1-Training-Losses/policy_loss,-0.000479748472571373,Pong1PQFM_XObs_entangled_trainable_rzz_QLayers_5___seed_1_1761468207
5419008,1-Training-Losses/policy_loss,-0.00039272778667509556,Pong1PQFM_XObs_entangled_trainable_rzz_QLayers_5___seed_1_1761468207
5423104,1-Training-Losses/policy_loss,-0.00045618414878845215,Pong1PQFM_XObs_entangled_trainable_rzz_QLayers_5___seed_1_1761468207
5427200,1-Training-Losses/policy_loss,-0.00017168326303362846,Pong1PQFM_XObs_entangled_trainable_rzz_QLayers_5___seed_1_1761468207
5431296,1-Training-Losses/policy_loss,-0.0004230942577123642,Pong1PQFM_XObs_entangled_trainable_rzz_QLayers_5___seed_1_1761468207
5435392,1-Training-Losses/policy_loss,-0.00016625365242362022,Pong1PQFM_XObs_entangled_trainable_rzz_QLayers_5___seed_1_1761468207
5439488,1-Training-Losses/policy_loss,-0.00025359727442264557,Pong1PQFM_XObs_entangled_trainable_rzz_QLayers_5___seed_1_1761468207
5443584,1-Training-Losses/policy_loss,-0.00025577604537829757,Pong1PQFM_XObs_entangled_trainable_rzz_QLayers_5___seed_1_1761468207
5447680,1-Training-Losses/policy_loss,-7.684435695409775e-05,Pong1PQFM_XObs_entangled_trainable_rzz_QLayers_5___seed_1_1761468207
5451776,1-Training-Losses/policy_loss,-0.00024208426475524902,Pong1PQFM_XObs_entangled_trainable_rzz_QLayers_5___seed_1_1761468207
5455872,1-Training-Losses/policy_loss,-0.0003029028885066509,Pong1PQFM_XObs_entangled_trainable_rzz_QLayers_5___seed_1_1761468207
5459968,1-Training-Losses/policy_loss,-0.00033238716423511505,Pong1PQFM_XObs_entangled_trainable_rzz_QLayers_5___seed_1_1761468207
5464064,1-Training-Losses/policy_loss,4.795379936695099e-06,Pong1PQFM_XObs_entangled_trainable_rzz_QLayers_5___seed_1_1761468207
5468160,1-Training-Losses/policy_loss,-0.00015426939353346825,Pong1PQFM_XObs_entangled_trainable_rzz_QLayers_5___seed_1_1761468207
5472256,1-Training-Losses/policy_loss,-0.00014453008770942688,Pong1PQFM_XObs_entangled_trainable_rzz_QLayers_5___seed_1_1761468207
5476352,1-Training-Losses/policy_loss,-0.00047042127698659897,Pong1PQFM_XObs_entangled_trainable_rzz_QLayers_5___seed_1_1761468207
5480448,1-Training-Losses/policy_loss,-5.16488216817379e-05,Pong1PQFM_XObs_entangled_trainable_rzz_QLayers_5___seed_1_1761468207
5484544,1-Training-Losses/policy_loss,-0.00034993235021829605,Pong1PQFM_XObs_entangled_trainable_rzz_QLayers_5___seed_1_1761468207
5488640,1-Training-Losses/policy_loss,-0.0003565272781997919,Pong1PQFM_XObs_entangled_trainable_rzz_QLayers_5___seed_1_1761468207
5492736,1-Training-Losses/policy_loss,-6.644055247306824e-05,Pong1PQFM_XObs_entangled_trainable_rzz_QLayers_5___seed_1_1761468207
5496832,1-Training-Losses/policy_loss,-0.00028162309899926186,Pong1PQFM_XObs_entangled_trainable_rzz_QLayers_5___seed_1_1761468207
5500928,1-Training-Losses/policy_loss,-0.00027050101198256016,Pong1PQFM_XObs_entangled_trainable_rzz_QLayers_5___seed_1_1761468207
5505024,1-Training-Losses/policy_loss,-0.00021962029859423637,Pong1PQFM_XObs_entangled_trainable_rzz_QLayers_5___seed_1_1761468207
5509120,1-Training-Losses/policy_loss,-0.00023677991703152657,Pong1PQFM_XObs_entangled_trainable_rzz_QLayers_5___seed_1_1761468207
5513216,1-Training-Losses/policy_loss,-0.0004676046082749963,Pong1PQFM_XObs_entangled_trainable_rzz_QLayers_5___seed_1_1761468207
5517312,1-Training-Losses/policy_loss,-0.00047983601689338684,Pong1PQFM_XObs_entangled_trainable_rzz_QLayers_5___seed_1_1761468207
5521408,1-Training-Losses/policy_loss,-5.795620381832123e-06,Pong1PQFM_XObs_entangled_trainable_rzz_QLayers_5___seed_1_1761468207
5525504,1-Training-Losses/policy_loss,-0.0003928225487470627,Pong1PQFM_XObs_entangled_trainable_rzz_QLayers_5___seed_1_1761468207
5529600,1-Training-Losses/policy_loss,-0.0005635861307382584,Pong1PQFM_XObs_entangled_trainable_rzz_QLayers_5___seed_1_1761468207
5533696,1-Training-Losses/policy_loss,-0.0004976317286491394,Pong1PQFM_XObs_entangled_trainable_rzz_QLayers_5___seed_1_1761468207
5537792,1-Training-Losses/policy_loss,-0.00040455162525177,Pong1PQFM_XObs_entangled_trainable_rzz_QLayers_5___seed_1_1761468207
5541888,1-Training-Losses/policy_loss,-0.0003060142043977976,Pong1PQFM_XObs_entangled_trainable_rzz_QLayers_5___seed_1_1761468207
5545984,1-Training-Losses/policy_loss,-0.00010858266614377499,Pong1PQFM_XObs_entangled_trainable_rzz_QLayers_5___seed_1_1761468207
5550080,1-Training-Losses/policy_loss,-0.0002848359290510416,Pong1PQFM_XObs_entangled_trainable_rzz_QLayers_5___seed_1_1761468207
5554176,1-Training-Losses/policy_loss,-0.0004559652879834175,Pong1PQFM_XObs_entangled_trainable_rzz_QLayers_5___seed_1_1761468207
5558272,1-Training-Losses/policy_loss,-0.00017226021736860275,Pong1PQFM_XObs_entangled_trainable_rzz_QLayers_5___seed_1_1761468207
5562368,1-Training-Losses/policy_loss,-0.00022159749642014503,Pong1PQFM_XObs_entangled_trainable_rzz_QLayers_5___seed_1_1761468207
5566464,1-Training-Losses/policy_loss,-5.405303090810776e-05,Pong1PQFM_XObs_entangled_trainable_rzz_QLayers_5___seed_1_1761468207
5570560,1-Training-Losses/policy_loss,-0.00012754520867019892,Pong1PQFM_XObs_entangled_trainable_rzz_QLayers_5___seed_1_1761468207
5574656,1-Training-Losses/policy_loss,-0.000416342169046402,Pong1PQFM_XObs_entangled_trainable_rzz_QLayers_5___seed_1_1761468207
5578752,1-Training-Losses/policy_loss,-0.00023307790979743004,Pong1PQFM_XObs_entangled_trainable_rzz_QLayers_5___seed_1_1761468207
5582848,1-Training-Losses/policy_loss,-6.834650412201881e-05,Pong1PQFM_XObs_entangled_trainable_rzz_QLayers_5___seed_1_1761468207
5586944,1-Training-Losses/policy_loss,-0.00014081411063671112,Pong1PQFM_XObs_entangled_trainable_rzz_QLayers_5___seed_1_1761468207
5591040,1-Training-Losses/policy_loss,-0.00019240938127040863,Pong1PQFM_XObs_entangled_trainable_rzz_QLayers_5___seed_1_1761468207
5595136,1-Training-Losses/policy_loss,-0.00033406540751457214,Pong1PQFM_XObs_entangled_trainable_rzz_QLayers_5___seed_1_1761468207
5599232,1-Training-Losses/policy_loss,-0.0002837260253727436,Pong1PQFM_XObs_entangled_trainable_rzz_QLayers_5___seed_1_1761468207
5603328,1-Training-Losses/policy_loss,3.0081719160079956e-05,Pong1PQFM_XObs_entangled_trainable_rzz_QLayers_5___seed_1_1761468207
5607424,1-Training-Losses/policy_loss,-0.0002707636449486017,Pong1PQFM_XObs_entangled_trainable_rzz_QLayers_5___seed_1_1761468207
5611520,1-Training-Losses/policy_loss,-0.00017754826694726944,Pong1PQFM_XObs_entangled_trainable_rzz_QLayers_5___seed_1_1761468207
5615616,1-Training-Losses/policy_loss,-0.00026449142023921013,Pong1PQFM_XObs_entangled_trainable_rzz_QLayers_5___seed_1_1761468207
5619712,1-Training-Losses/policy_loss,-0.00036178063601255417,Pong1PQFM_XObs_entangled_trainable_rzz_QLayers_5___seed_1_1761468207
5623808,1-Training-Losses/policy_loss,-9.806395974010229e-05,Pong1PQFM_XObs_entangled_trainable_rzz_QLayers_5___seed_1_1761468207
5627904,1-Training-Losses/policy_loss,-0.00018354365602135658,Pong1PQFM_XObs_entangled_trainable_rzz_QLayers_5___seed_1_1761468207
5632000,1-Training-Losses/policy_loss,-0.0002783471718430519,Pong1PQFM_XObs_entangled_trainable_rzz_QLayers_5___seed_1_1761468207
5636096,1-Training-Losses/policy_loss,-0.0004376075230538845,Pong1PQFM_XObs_entangled_trainable_rzz_QLayers_5___seed_1_1761468207
5640192,1-Training-Losses/policy_loss,-0.00013012252748012543,Pong1PQFM_XObs_entangled_trainable_rzz_QLayers_5___seed_1_1761468207
5644288,1-Training-Losses/policy_loss,-0.0004223193973302841,Pong1PQFM_XObs_entangled_trainable_rzz_QLayers_5___seed_1_1761468207
5648384,1-Training-Losses/policy_loss,-1.066131517291069e-05,Pong1PQFM_XObs_entangled_trainable_rzz_QLayers_5___seed_1_1761468207
5652480,1-Training-Losses/policy_loss,-0.00019994378089904785,Pong1PQFM_XObs_entangled_trainable_rzz_QLayers_5___seed_1_1761468207
5656576,1-Training-Losses/policy_loss,-0.0002812528982758522,Pong1PQFM_XObs_entangled_trainable_rzz_QLayers_5___seed_1_1761468207
5660672,1-Training-Losses/policy_loss,-0.00029602390713989735,Pong1PQFM_XObs_entangled_trainable_rzz_QLayers_5___seed_1_1761468207
5664768,1-Training-Losses/policy_loss,-1.6801059246063232e-06,Pong1PQFM_XObs_entangled_trainable_rzz_QLayers_5___seed_1_1761468207
5668864,1-Training-Losses/policy_loss,-0.00021832482889294624,Pong1PQFM_XObs_entangled_trainable_rzz_QLayers_5___seed_1_1761468207
5672960,1-Training-Losses/policy_loss,-0.0003285342827439308,Pong1PQFM_XObs_entangled_trainable_rzz_QLayers_5___seed_1_1761468207
5677056,1-Training-Losses/policy_loss,-0.00020397547632455826,Pong1PQFM_XObs_entangled_trainable_rzz_QLayers_5___seed_1_1761468207
5681152,1-Training-Losses/policy_loss,-0.00030464213341474533,Pong1PQFM_XObs_entangled_trainable_rzz_QLayers_5___seed_1_1761468207
5685248,1-Training-Losses/policy_loss,-0.00030900537967681885,Pong1PQFM_XObs_entangled_trainable_rzz_QLayers_5___seed_1_1761468207
5689344,1-Training-Losses/policy_loss,-0.0002643018960952759,Pong1PQFM_XObs_entangled_trainable_rzz_QLayers_5___seed_1_1761468207
5693440,1-Training-Losses/policy_loss,-0.00021048961207270622,Pong1PQFM_XObs_entangled_trainable_rzz_QLayers_5___seed_1_1761468207
5697536,1-Training-Losses/policy_loss,-0.0004222653806209564,Pong1PQFM_XObs_entangled_trainable_rzz_QLayers_5___seed_1_1761468207
5701632,1-Training-Losses/policy_loss,-0.00026721786707639694,Pong1PQFM_XObs_entangled_trainable_rzz_QLayers_5___seed_1_1761468207
5705728,1-Training-Losses/policy_loss,-0.00037544872611761093,Pong1PQFM_XObs_entangled_trainable_rzz_QLayers_5___seed_1_1761468207
5709824,1-Training-Losses/policy_loss,-1.3756100088357925e-05,Pong1PQFM_XObs_entangled_trainable_rzz_QLayers_5___seed_1_1761468207
5713920,1-Training-Losses/policy_loss,-0.0002020401880145073,Pong1PQFM_XObs_entangled_trainable_rzz_QLayers_5___seed_1_1761468207
5718016,1-Training-Losses/policy_loss,-0.00015524215996265411,Pong1PQFM_XObs_entangled_trainable_rzz_QLayers_5___seed_1_1761468207
5722112,1-Training-Losses/policy_loss,-5.412055179476738e-05,Pong1PQFM_XObs_entangled_trainable_rzz_QLayers_5___seed_1_1761468207
5726208,1-Training-Losses/policy_loss,-0.00011082133278250694,Pong1PQFM_XObs_entangled_trainable_rzz_QLayers_5___seed_1_1761468207
5730304,1-Training-Losses/policy_loss,-0.0001199524849653244,Pong1PQFM_XObs_entangled_trainable_rzz_QLayers_5___seed_1_1761468207
5734400,1-Training-Losses/policy_loss,-0.00022528204135596752,Pong1PQFM_XObs_entangled_trainable_rzz_QLayers_5___seed_1_1761468207
5738496,1-Training-Losses/policy_loss,-0.00021717790514230728,Pong1PQFM_XObs_entangled_trainable_rzz_QLayers_5___seed_1_1761468207
5742592,1-Training-Losses/policy_loss,-0.0002579877618700266,Pong1PQFM_XObs_entangled_trainable_rzz_QLayers_5___seed_1_1761468207
5746688,1-Training-Losses/policy_loss,-0.00017586350440979004,Pong1PQFM_XObs_entangled_trainable_rzz_QLayers_5___seed_1_1761468207
5750784,1-Training-Losses/policy_loss,-0.0005759540945291519,Pong1PQFM_XObs_entangled_trainable_rzz_QLayers_5___seed_1_1761468207
5754880,1-Training-Losses/policy_loss,-0.00012232642620801926,Pong1PQFM_XObs_entangled_trainable_rzz_QLayers_5___seed_1_1761468207
5758976,1-Training-Losses/policy_loss,-0.0003995851147919893,Pong1PQFM_XObs_entangled_trainable_rzz_QLayers_5___seed_1_1761468207
5763072,1-Training-Losses/policy_loss,-9.056180715560913e-05,Pong1PQFM_XObs_entangled_trainable_rzz_QLayers_5___seed_1_1761468207
5767168,1-Training-Losses/policy_loss,-0.0003471702802926302,Pong1PQFM_XObs_entangled_trainable_rzz_QLayers_5___seed_1_1761468207
5771264,1-Training-Losses/policy_loss,-0.00025584083050489426,Pong1PQFM_XObs_entangled_trainable_rzz_QLayers_5___seed_1_1761468207
5775360,1-Training-Losses/policy_loss,-0.0009548859670758247,Pong1PQFM_XObs_entangled_trainable_rzz_QLayers_5___seed_1_1761468207
5779456,1-Training-Losses/policy_loss,-0.0004714289680123329,Pong1PQFM_XObs_entangled_trainable_rzz_QLayers_5___seed_1_1761468207
5783552,1-Training-Losses/policy_loss,-0.0006407797336578369,Pong1PQFM_XObs_entangled_trainable_rzz_QLayers_5___seed_1_1761468207
5787648,1-Training-Losses/policy_loss,-0.0007386179640889168,Pong1PQFM_XObs_entangled_trainable_rzz_QLayers_5___seed_1_1761468207
5791744,1-Training-Losses/policy_loss,5.249981768429279e-06,Pong1PQFM_XObs_entangled_trainable_rzz_QLayers_5___seed_1_1761468207
5795840,1-Training-Losses/policy_loss,-0.00044108089059591293,Pong1PQFM_XObs_entangled_trainable_rzz_QLayers_5___seed_1_1761468207
5799936,1-Training-Losses/policy_loss,-0.0002530389465391636,Pong1PQFM_XObs_entangled_trainable_rzz_QLayers_5___seed_1_1761468207
5804032,1-Training-Losses/policy_loss,-0.0004272749647498131,Pong1PQFM_XObs_entangled_trainable_rzz_QLayers_5___seed_1_1761468207
5808128,1-Training-Losses/policy_loss,-0.00041978806257247925,Pong1PQFM_XObs_entangled_trainable_rzz_QLayers_5___seed_1_1761468207
5812224,1-Training-Losses/policy_loss,-0.0007418394088745117,Pong1PQFM_XObs_entangled_trainable_rzz_QLayers_5___seed_1_1761468207
5816320,1-Training-Losses/policy_loss,-0.00023870938457548618,Pong1PQFM_XObs_entangled_trainable_rzz_QLayers_5___seed_1_1761468207
5820416,1-Training-Losses/policy_loss,-0.0003677918575704098,Pong1PQFM_XObs_entangled_trainable_rzz_QLayers_5___seed_1_1761468207
5824512,1-Training-Losses/policy_loss,-0.0005164630711078644,Pong1PQFM_XObs_entangled_trainable_rzz_QLayers_5___seed_1_1761468207
5828608,1-Training-Losses/policy_loss,-0.0005939020775258541,Pong1PQFM_XObs_entangled_trainable_rzz_QLayers_5___seed_1_1761468207
5832704,1-Training-Losses/policy_loss,4.7497451305389404e-05,Pong1PQFM_XObs_entangled_trainable_rzz_QLayers_5___seed_1_1761468207
5836800,1-Training-Losses/policy_loss,1.4730263501405716e-05,Pong1PQFM_XObs_entangled_trainable_rzz_QLayers_5___seed_1_1761468207
5840896,1-Training-Losses/policy_loss,-0.00013463268987834454,Pong1PQFM_XObs_entangled_trainable_rzz_QLayers_5___seed_1_1761468207
5844992,1-Training-Losses/policy_loss,-9.385636076331139e-05,Pong1PQFM_XObs_entangled_trainable_rzz_QLayers_5___seed_1_1761468207
5849088,1-Training-Losses/policy_loss,-6.892252713441849e-05,Pong1PQFM_XObs_entangled_trainable_rzz_QLayers_5___seed_1_1761468207
5853184,1-Training-Losses/policy_loss,-0.0002254936844110489,Pong1PQFM_XObs_entangled_trainable_rzz_QLayers_5___seed_1_1761468207
5857280,1-Training-Losses/policy_loss,-0.0001010289415717125,Pong1PQFM_XObs_entangled_trainable_rzz_QLayers_5___seed_1_1761468207
5861376,1-Training-Losses/policy_loss,-0.00010075420141220093,Pong1PQFM_XObs_entangled_trainable_rzz_QLayers_5___seed_1_1761468207
5865472,1-Training-Losses/policy_loss,-0.00038662180304527283,Pong1PQFM_XObs_entangled_trainable_rzz_QLayers_5___seed_1_1761468207
5869568,1-Training-Losses/policy_loss,-0.0005501024425029755,Pong1PQFM_XObs_entangled_trainable_rzz_QLayers_5___seed_1_1761468207
5873664,1-Training-Losses/policy_loss,-0.0003661010414361954,Pong1PQFM_XObs_entangled_trainable_rzz_QLayers_5___seed_1_1761468207
5877760,1-Training-Losses/policy_loss,-0.000293646939098835,Pong1PQFM_XObs_entangled_trainable_rzz_QLayers_5___seed_1_1761468207
5881856,1-Training-Losses/policy_loss,-4.53433021903038e-05,Pong1PQFM_XObs_entangled_trainable_rzz_QLayers_5___seed_1_1761468207
5885952,1-Training-Losses/policy_loss,-0.00035722367465496063,Pong1PQFM_XObs_entangled_trainable_rzz_QLayers_5___seed_1_1761468207
5890048,1-Training-Losses/policy_loss,-0.0002501867711544037,Pong1PQFM_XObs_entangled_trainable_rzz_QLayers_5___seed_1_1761468207
5894144,1-Training-Losses/policy_loss,-0.00015001907013356686,Pong1PQFM_XObs_entangled_trainable_rzz_QLayers_5___seed_1_1761468207
5898240,1-Training-Losses/policy_loss,-8.500739932060242e-05,Pong1PQFM_XObs_entangled_trainable_rzz_QLayers_5___seed_1_1761468207
5902336,1-Training-Losses/policy_loss,-0.00019736774265766144,Pong1PQFM_XObs_entangled_trainable_rzz_QLayers_5___seed_1_1761468207
5906432,1-Training-Losses/policy_loss,-0.0002197790890932083,Pong1PQFM_XObs_entangled_trainable_rzz_QLayers_5___seed_1_1761468207
5910528,1-Training-Losses/policy_loss,-0.0007763979956507683,Pong1PQFM_XObs_entangled_trainable_rzz_QLayers_5___seed_1_1761468207
5914624,1-Training-Losses/policy_loss,-0.00017880741506814957,Pong1PQFM_XObs_entangled_trainable_rzz_QLayers_5___seed_1_1761468207
5918720,1-Training-Losses/policy_loss,-0.00016973400488495827,Pong1PQFM_XObs_entangled_trainable_rzz_QLayers_5___seed_1_1761468207
5922816,1-Training-Losses/policy_loss,-0.00020245183259248734,Pong1PQFM_XObs_entangled_trainable_rzz_QLayers_5___seed_1_1761468207
5926912,1-Training-Losses/policy_loss,-0.0001442907378077507,Pong1PQFM_XObs_entangled_trainable_rzz_QLayers_5___seed_1_1761468207
5931008,1-Training-Losses/policy_loss,-0.0003706981660798192,Pong1PQFM_XObs_entangled_trainable_rzz_QLayers_5___seed_1_1761468207
5935104,1-Training-Losses/policy_loss,-0.00010242126882076263,Pong1PQFM_XObs_entangled_trainable_rzz_QLayers_5___seed_1_1761468207
5939200,1-Training-Losses/policy_loss,-0.00017293356359004974,Pong1PQFM_XObs_entangled_trainable_rzz_QLayers_5___seed_1_1761468207
5943296,1-Training-Losses/policy_loss,-8.288677781820297e-05,Pong1PQFM_XObs_entangled_trainable_rzz_QLayers_5___seed_1_1761468207
5947392,1-Training-Losses/policy_loss,-0.0002222880721092224,Pong1PQFM_XObs_entangled_trainable_rzz_QLayers_5___seed_1_1761468207
5951488,1-Training-Losses/policy_loss,-9.37245786190033e-05,Pong1PQFM_XObs_entangled_trainable_rzz_QLayers_5___seed_1_1761468207
5955584,1-Training-Losses/policy_loss,-0.00012594042345881462,Pong1PQFM_XObs_entangled_trainable_rzz_QLayers_5___seed_1_1761468207
5959680,1-Training-Losses/policy_loss,-5.5901240557432175e-05,Pong1PQFM_XObs_entangled_trainable_rzz_QLayers_5___seed_1_1761468207
5963776,1-Training-Losses/policy_loss,-0.0003154571168124676,Pong1PQFM_XObs_entangled_trainable_rzz_QLayers_5___seed_1_1761468207
5967872,1-Training-Losses/policy_loss,-0.0002688262611627579,Pong1PQFM_XObs_entangled_trainable_rzz_QLayers_5___seed_1_1761468207
5971968,1-Training-Losses/policy_loss,7.221568375825882e-05,Pong1PQFM_XObs_entangled_trainable_rzz_QLayers_5___seed_1_1761468207
5976064,1-Training-Losses/policy_loss,-9.830715134739876e-05,Pong1PQFM_XObs_entangled_trainable_rzz_QLayers_5___seed_1_1761468207
5980160,1-Training-Losses/policy_loss,-0.00014390051364898682,Pong1PQFM_XObs_entangled_trainable_rzz_QLayers_5___seed_1_1761468207
5984256,1-Training-Losses/policy_loss,-0.0004214043729007244,Pong1PQFM_XObs_entangled_trainable_rzz_QLayers_5___seed_1_1761468207
5988352,1-Training-Losses/policy_loss,-0.00013472954742610455,Pong1PQFM_XObs_entangled_trainable_rzz_QLayers_5___seed_1_1761468207
5992448,1-Training-Losses/policy_loss,-8.739973418414593e-05,Pong1PQFM_XObs_entangled_trainable_rzz_QLayers_5___seed_1_1761468207
5996544,1-Training-Losses/policy_loss,-0.00010376423597335815,Pong1PQFM_XObs_entangled_trainable_rzz_QLayers_5___seed_1_1761468207
6000640,1-Training-Losses/policy_loss,-0.0003436347469687462,Pong1PQFM_XObs_entangled_trainable_rzz_QLayers_5___seed_1_1761468207
6004736,1-Training-Losses/policy_loss,-0.0003237233031541109,Pong1PQFM_XObs_entangled_trainable_rzz_QLayers_5___seed_1_1761468207
6008832,1-Training-Losses/policy_loss,-0.00027086399495601654,Pong1PQFM_XObs_entangled_trainable_rzz_QLayers_5___seed_1_1761468207
6012928,1-Training-Losses/policy_loss,1.23586505651474e-05,Pong1PQFM_XObs_entangled_trainable_rzz_QLayers_5___seed_1_1761468207
6017024,1-Training-Losses/policy_loss,-0.00017976760864257812,Pong1PQFM_XObs_entangled_trainable_rzz_QLayers_5___seed_1_1761468207
6021120,1-Training-Losses/policy_loss,-0.00013421662151813507,Pong1PQFM_XObs_entangled_trainable_rzz_QLayers_5___seed_1_1761468207
6025216,1-Training-Losses/policy_loss,-0.000293143093585968,Pong1PQFM_XObs_entangled_trainable_rzz_QLayers_5___seed_1_1761468207
6029312,1-Training-Losses/policy_loss,-0.00026455335319042206,Pong1PQFM_XObs_entangled_trainable_rzz_QLayers_5___seed_1_1761468207
6033408,1-Training-Losses/policy_loss,-0.0007829805836081505,Pong1PQFM_XObs_entangled_trainable_rzz_QLayers_5___seed_1_1761468207
6037504,1-Training-Losses/policy_loss,-0.00043799099512398243,Pong1PQFM_XObs_entangled_trainable_rzz_QLayers_5___seed_1_1761468207
6041600,1-Training-Losses/policy_loss,-0.00014174915850162506,Pong1PQFM_XObs_entangled_trainable_rzz_QLayers_5___seed_1_1761468207
6045696,1-Training-Losses/policy_loss,-0.0007758433930575848,Pong1PQFM_XObs_entangled_trainable_rzz_QLayers_5___seed_1_1761468207
6049792,1-Training-Losses/policy_loss,-4.1000545024871826e-05,Pong1PQFM_XObs_entangled_trainable_rzz_QLayers_5___seed_1_1761468207
6053888,1-Training-Losses/policy_loss,-0.0005520442500710487,Pong1PQFM_XObs_entangled_trainable_rzz_QLayers_5___seed_1_1761468207
6057984,1-Training-Losses/policy_loss,-0.0003639552742242813,Pong1PQFM_XObs_entangled_trainable_rzz_QLayers_5___seed_1_1761468207
6062080,1-Training-Losses/policy_loss,-0.00029259175062179565,Pong1PQFM_XObs_entangled_trainable_rzz_QLayers_5___seed_1_1761468207
6066176,1-Training-Losses/policy_loss,-0.0005331272259354591,Pong1PQFM_XObs_entangled_trainable_rzz_QLayers_5___seed_1_1761468207
6070272,1-Training-Losses/policy_loss,-4.388205707073212e-05,Pong1PQFM_XObs_entangled_trainable_rzz_QLayers_5___seed_1_1761468207
6074368,1-Training-Losses/policy_loss,-5.570892244577408e-05,Pong1PQFM_XObs_entangled_trainable_rzz_QLayers_5___seed_1_1761468207
6078464,1-Training-Losses/policy_loss,-0.00014749914407730103,Pong1PQFM_XObs_entangled_trainable_rzz_QLayers_5___seed_1_1761468207
6082560,1-Training-Losses/policy_loss,-0.00020061712712049484,Pong1PQFM_XObs_entangled_trainable_rzz_QLayers_5___seed_1_1761468207
6086656,1-Training-Losses/policy_loss,-0.00012185482773929834,Pong1PQFM_XObs_entangled_trainable_rzz_QLayers_5___seed_1_1761468207
6090752,1-Training-Losses/policy_loss,-0.00011161342263221741,Pong1PQFM_XObs_entangled_trainable_rzz_QLayers_5___seed_1_1761468207
6094848,1-Training-Losses/policy_loss,-0.00013889744877815247,Pong1PQFM_XObs_entangled_trainable_rzz_QLayers_5___seed_1_1761468207
6098944,1-Training-Losses/policy_loss,-0.00011584768071770668,Pong1PQFM_XObs_entangled_trainable_rzz_QLayers_5___seed_1_1761468207
6103040,1-Training-Losses/policy_loss,-0.0008296743035316467,Pong1PQFM_XObs_entangled_trainable_rzz_QLayers_5___seed_1_1761468207
6107136,1-Training-Losses/policy_loss,-0.0006706016138195992,Pong1PQFM_XObs_entangled_trainable_rzz_QLayers_5___seed_1_1761468207
6111232,1-Training-Losses/policy_loss,-0.0001258915290236473,Pong1PQFM_XObs_entangled_trainable_rzz_QLayers_5___seed_1_1761468207
6115328,1-Training-Losses/policy_loss,-1.5744008123874664e-05,Pong1PQFM_XObs_entangled_trainable_rzz_QLayers_5___seed_1_1761468207
6119424,1-Training-Losses/policy_loss,-0.00015990831889212132,Pong1PQFM_XObs_entangled_trainable_rzz_QLayers_5___seed_1_1761468207
6123520,1-Training-Losses/policy_loss,-0.00028421543538570404,Pong1PQFM_XObs_entangled_trainable_rzz_QLayers_5___seed_1_1761468207
6127616,1-Training-Losses/policy_loss,-2.0775245502591133e-05,Pong1PQFM_XObs_entangled_trainable_rzz_QLayers_5___seed_1_1761468207
6131712,1-Training-Losses/policy_loss,-0.0002845507115125656,Pong1PQFM_XObs_entangled_trainable_rzz_QLayers_5___seed_1_1761468207
6135808,1-Training-Losses/policy_loss,-0.0001240316778421402,Pong1PQFM_XObs_entangled_trainable_rzz_QLayers_5___seed_1_1761468207
6139904,1-Training-Losses/policy_loss,-0.0002403566613793373,Pong1PQFM_XObs_entangled_trainable_rzz_QLayers_5___seed_1_1761468207
6144000,1-Training-Losses/policy_loss,-0.00033740000799298286,Pong1PQFM_XObs_entangled_trainable_rzz_QLayers_5___seed_1_1761468207
6148096,1-Training-Losses/policy_loss,-3.976235166192055e-05,Pong1PQFM_XObs_entangled_trainable_rzz_QLayers_5___seed_1_1761468207
6152192,1-Training-Losses/policy_loss,-0.0001735808327794075,Pong1PQFM_XObs_entangled_trainable_rzz_QLayers_5___seed_1_1761468207
6156288,1-Training-Losses/policy_loss,-0.0002652117982506752,Pong1PQFM_XObs_entangled_trainable_rzz_QLayers_5___seed_1_1761468207
6160384,1-Training-Losses/policy_loss,-0.00012275855988264084,Pong1PQFM_XObs_entangled_trainable_rzz_QLayers_5___seed_1_1761468207
6164480,1-Training-Losses/policy_loss,-0.0001659998670220375,Pong1PQFM_XObs_entangled_trainable_rzz_QLayers_5___seed_1_1761468207
6168576,1-Training-Losses/policy_loss,-0.0002289842814207077,Pong1PQFM_XObs_entangled_trainable_rzz_QLayers_5___seed_1_1761468207
6172672,1-Training-Losses/policy_loss,-0.0002834632759913802,Pong1PQFM_XObs_entangled_trainable_rzz_QLayers_5___seed_1_1761468207
6176768,1-Training-Losses/policy_loss,-0.0003282744437456131,Pong1PQFM_XObs_entangled_trainable_rzz_QLayers_5___seed_1_1761468207
6180864,1-Training-Losses/policy_loss,-0.0005296394228935242,Pong1PQFM_XObs_entangled_trainable_rzz_QLayers_5___seed_1_1761468207
6184960,1-Training-Losses/policy_loss,-0.00037470366805791855,Pong1PQFM_XObs_entangled_trainable_rzz_QLayers_5___seed_1_1761468207
6189056,1-Training-Losses/policy_loss,-0.00013565830886363983,Pong1PQFM_XObs_entangled_trainable_rzz_QLayers_5___seed_1_1761468207
6193152,1-Training-Losses/policy_loss,-0.00015762611292302608,Pong1PQFM_XObs_entangled_trainable_rzz_QLayers_5___seed_1_1761468207
6197248,1-Training-Losses/policy_loss,-0.00013450859114527702,Pong1PQFM_XObs_entangled_trainable_rzz_QLayers_5___seed_1_1761468207
6201344,1-Training-Losses/policy_loss,-0.000323236919939518,Pong1PQFM_XObs_entangled_trainable_rzz_QLayers_5___seed_1_1761468207
6205440,1-Training-Losses/policy_loss,-0.0001373710110783577,Pong1PQFM_XObs_entangled_trainable_rzz_QLayers_5___seed_1_1761468207
6209536,1-Training-Losses/policy_loss,-0.0003055366687476635,Pong1PQFM_XObs_entangled_trainable_rzz_QLayers_5___seed_1_1761468207
6213632,1-Training-Losses/policy_loss,-0.000626610592007637,Pong1PQFM_XObs_entangled_trainable_rzz_QLayers_5___seed_1_1761468207
6217728,1-Training-Losses/policy_loss,-8.941255509853363e-05,Pong1PQFM_XObs_entangled_trainable_rzz_QLayers_5___seed_1_1761468207
6221824,1-Training-Losses/policy_loss,-0.0001875758171081543,Pong1PQFM_XObs_entangled_trainable_rzz_QLayers_5___seed_1_1761468207
6225920,1-Training-Losses/policy_loss,-6.984081119298935e-05,Pong1PQFM_XObs_entangled_trainable_rzz_QLayers_5___seed_1_1761468207
6230016,1-Training-Losses/policy_loss,-0.00030735135078430176,Pong1PQFM_XObs_entangled_trainable_rzz_QLayers_5___seed_1_1761468207
6234112,1-Training-Losses/policy_loss,-0.00017952104099094868,Pong1PQFM_XObs_entangled_trainable_rzz_QLayers_5___seed_1_1761468207
6238208,1-Training-Losses/policy_loss,-0.00048551615327596664,Pong1PQFM_XObs_entangled_trainable_rzz_QLayers_5___seed_1_1761468207
6242304,1-Training-Losses/policy_loss,-0.0001729549840092659,Pong1PQFM_XObs_entangled_trainable_rzz_QLayers_5___seed_1_1761468207
6246400,1-Training-Losses/policy_loss,-0.00022057350724935532,Pong1PQFM_XObs_entangled_trainable_rzz_QLayers_5___seed_1_1761468207
6250496,1-Training-Losses/policy_loss,-0.00042031542398035526,Pong1PQFM_XObs_entangled_trainable_rzz_QLayers_5___seed_1_1761468207
6254592,1-Training-Losses/policy_loss,-0.0005686581134796143,Pong1PQFM_XObs_entangled_trainable_rzz_QLayers_5___seed_1_1761468207
6258688,1-Training-Losses/policy_loss,-0.00011791195720434189,Pong1PQFM_XObs_entangled_trainable_rzz_QLayers_5___seed_1_1761468207
6262784,1-Training-Losses/policy_loss,-8.152937516570091e-05,Pong1PQFM_XObs_entangled_trainable_rzz_QLayers_5___seed_1_1761468207
6266880,1-Training-Losses/policy_loss,-0.00011462811380624771,Pong1PQFM_XObs_entangled_trainable_rzz_QLayers_5___seed_1_1761468207
6270976,1-Training-Losses/policy_loss,-9.027216583490372e-05,Pong1PQFM_XObs_entangled_trainable_rzz_QLayers_5___seed_1_1761468207
6275072,1-Training-Losses/policy_loss,-0.00019065570086240768,Pong1PQFM_XObs_entangled_trainable_rzz_QLayers_5___seed_1_1761468207
6279168,1-Training-Losses/policy_loss,-0.00015775603242218494,Pong1PQFM_XObs_entangled_trainable_rzz_QLayers_5___seed_1_1761468207
6283264,1-Training-Losses/policy_loss,-0.0003788387402892113,Pong1PQFM_XObs_entangled_trainable_rzz_QLayers_5___seed_1_1761468207
6287360,1-Training-Losses/policy_loss,-0.00038049183785915375,Pong1PQFM_XObs_entangled_trainable_rzz_QLayers_5___seed_1_1761468207
6291456,1-Training-Losses/policy_loss,-0.0001759268343448639,Pong1PQFM_XObs_entangled_trainable_rzz_QLayers_5___seed_1_1761468207
6295552,1-Training-Losses/policy_loss,-0.00022771954536437988,Pong1PQFM_XObs_entangled_trainable_rzz_QLayers_5___seed_1_1761468207
6299648,1-Training-Losses/policy_loss,-0.00014442531391978264,Pong1PQFM_XObs_entangled_trainable_rzz_QLayers_5___seed_1_1761468207
6303744,1-Training-Losses/policy_loss,-0.0001319446600973606,Pong1PQFM_XObs_entangled_trainable_rzz_QLayers_5___seed_1_1761468207
6307840,1-Training-Losses/policy_loss,-0.0007419604808092117,Pong1PQFM_XObs_entangled_trainable_rzz_QLayers_5___seed_1_1761468207
6311936,1-Training-Losses/policy_loss,-0.000678652198985219,Pong1PQFM_XObs_entangled_trainable_rzz_QLayers_5___seed_1_1761468207
6316032,1-Training-Losses/policy_loss,-2.6794150471687317e-05,Pong1PQFM_XObs_entangled_trainable_rzz_QLayers_5___seed_1_1761468207
6320128,1-Training-Losses/policy_loss,2.6891939342021942e-06,Pong1PQFM_XObs_entangled_trainable_rzz_QLayers_5___seed_1_1761468207
6324224,1-Training-Losses/policy_loss,-0.00011638272553682327,Pong1PQFM_XObs_entangled_trainable_rzz_QLayers_5___seed_1_1761468207
6328320,1-Training-Losses/policy_loss,-0.0005028797313570976,Pong1PQFM_XObs_entangled_trainable_rzz_QLayers_5___seed_1_1761468207
6332416,1-Training-Losses/policy_loss,-0.00016063638031482697,Pong1PQFM_XObs_entangled_trainable_rzz_QLayers_5___seed_1_1761468207
6336512,1-Training-Losses/policy_loss,-0.00024472828954458237,Pong1PQFM_XObs_entangled_trainable_rzz_QLayers_5___seed_1_1761468207
6340608,1-Training-Losses/policy_loss,-0.00037635304033756256,Pong1PQFM_XObs_entangled_trainable_rzz_QLayers_5___seed_1_1761468207
6344704,1-Training-Losses/policy_loss,-0.00023256242275238037,Pong1PQFM_XObs_entangled_trainable_rzz_QLayers_5___seed_1_1761468207
6348800,1-Training-Losses/policy_loss,-0.0005568824708461761,Pong1PQFM_XObs_entangled_trainable_rzz_QLayers_5___seed_1_1761468207
6352896,1-Training-Losses/policy_loss,-0.0001943511888384819,Pong1PQFM_XObs_entangled_trainable_rzz_QLayers_5___seed_1_1761468207
6356992,1-Training-Losses/policy_loss,-7.467716932296753e-05,Pong1PQFM_XObs_entangled_trainable_rzz_QLayers_5___seed_1_1761468207
6361088,1-Training-Losses/policy_loss,-0.00043792929500341415,Pong1PQFM_XObs_entangled_trainable_rzz_QLayers_5___seed_1_1761468207
6365184,1-Training-Losses/policy_loss,-8.051889017224312e-05,Pong1PQFM_XObs_entangled_trainable_rzz_QLayers_5___seed_1_1761468207
6369280,1-Training-Losses/policy_loss,-8.834525942802429e-05,Pong1PQFM_XObs_entangled_trainable_rzz_QLayers_5___seed_1_1761468207
6373376,1-Training-Losses/policy_loss,-0.0003806278109550476,Pong1PQFM_XObs_entangled_trainable_rzz_QLayers_5___seed_1_1761468207
6377472,1-Training-Losses/policy_loss,-0.00021257856860756874,Pong1PQFM_XObs_entangled_trainable_rzz_QLayers_5___seed_1_1761468207
6381568,1-Training-Losses/policy_loss,-0.00017052795737981796,Pong1PQFM_XObs_entangled_trainable_rzz_QLayers_5___seed_1_1761468207
6385664,1-Training-Losses/policy_loss,-6.7196786403656e-05,Pong1PQFM_XObs_entangled_trainable_rzz_QLayers_5___seed_1_1761468207
6389760,1-Training-Losses/policy_loss,2.444302663207054e-05,Pong1PQFM_XObs_entangled_trainable_rzz_QLayers_5___seed_1_1761468207
6393856,1-Training-Losses/policy_loss,-0.00022429414093494415,Pong1PQFM_XObs_entangled_trainable_rzz_QLayers_5___seed_1_1761468207
6397952,1-Training-Losses/policy_loss,-0.000914398580789566,Pong1PQFM_XObs_entangled_trainable_rzz_QLayers_5___seed_1_1761468207
6402048,1-Training-Losses/policy_loss,-1.587485894560814e-05,Pong1PQFM_XObs_entangled_trainable_rzz_QLayers_5___seed_1_1761468207
6406144,1-Training-Losses/policy_loss,-0.0007090889848768711,Pong1PQFM_XObs_entangled_trainable_rzz_QLayers_5___seed_1_1761468207
6410240,1-Training-Losses/policy_loss,2.4049542844295502e-05,Pong1PQFM_XObs_entangled_trainable_rzz_QLayers_5___seed_1_1761468207
6414336,1-Training-Losses/policy_loss,-0.0004513124004006386,Pong1PQFM_XObs_entangled_trainable_rzz_QLayers_5___seed_1_1761468207
6418432,1-Training-Losses/policy_loss,-0.00015741586685180664,Pong1PQFM_XObs_entangled_trainable_rzz_QLayers_5___seed_1_1761468207
6422528,1-Training-Losses/policy_loss,-0.0002970648929476738,Pong1PQFM_XObs_entangled_trainable_rzz_QLayers_5___seed_1_1761468207
6426624,1-Training-Losses/policy_loss,-4.5345164835453033e-05,Pong1PQFM_XObs_entangled_trainable_rzz_QLayers_5___seed_1_1761468207
6430720,1-Training-Losses/policy_loss,-4.925532266497612e-05,Pong1PQFM_XObs_entangled_trainable_rzz_QLayers_5___seed_1_1761468207
6434816,1-Training-Losses/policy_loss,-0.0001552719622850418,Pong1PQFM_XObs_entangled_trainable_rzz_QLayers_5___seed_1_1761468207
6438912,1-Training-Losses/policy_loss,-0.0003597736358642578,Pong1PQFM_XObs_entangled_trainable_rzz_QLayers_5___seed_1_1761468207
6443008,1-Training-Losses/policy_loss,-0.00017642183229327202,Pong1PQFM_XObs_entangled_trainable_rzz_QLayers_5___seed_1_1761468207
6447104,1-Training-Losses/policy_loss,-0.00016679661348462105,Pong1PQFM_XObs_entangled_trainable_rzz_QLayers_5___seed_1_1761468207
6451200,1-Training-Losses/policy_loss,-0.00019388413056731224,Pong1PQFM_XObs_entangled_trainable_rzz_QLayers_5___seed_1_1761468207
6455296,1-Training-Losses/policy_loss,-0.00011022109538316727,Pong1PQFM_XObs_entangled_trainable_rzz_QLayers_5___seed_1_1761468207
6459392,1-Training-Losses/policy_loss,-0.00010513025335967541,Pong1PQFM_XObs_entangled_trainable_rzz_QLayers_5___seed_1_1761468207
6463488,1-Training-Losses/policy_loss,-0.00010387878865003586,Pong1PQFM_XObs_entangled_trainable_rzz_QLayers_5___seed_1_1761468207
6467584,1-Training-Losses/policy_loss,-0.00012954231351613998,Pong1PQFM_XObs_entangled_trainable_rzz_QLayers_5___seed_1_1761468207
6471680,1-Training-Losses/policy_loss,-0.0003951608669012785,Pong1PQFM_XObs_entangled_trainable_rzz_QLayers_5___seed_1_1761468207
6475776,1-Training-Losses/policy_loss,-0.00018287473358213902,Pong1PQFM_XObs_entangled_trainable_rzz_QLayers_5___seed_1_1761468207
6479872,1-Training-Losses/policy_loss,-5.623558536171913e-05,Pong1PQFM_XObs_entangled_trainable_rzz_QLayers_5___seed_1_1761468207
6483968,1-Training-Losses/policy_loss,-0.0004161286633461714,Pong1PQFM_XObs_entangled_trainable_rzz_QLayers_5___seed_1_1761468207
6488064,1-Training-Losses/policy_loss,-0.00034357886761426926,Pong1PQFM_XObs_entangled_trainable_rzz_QLayers_5___seed_1_1761468207
6492160,1-Training-Losses/policy_loss,-0.00020267069339752197,Pong1PQFM_XObs_entangled_trainable_rzz_QLayers_5___seed_1_1761468207
6496256,1-Training-Losses/policy_loss,-3.9783306419849396e-05,Pong1PQFM_XObs_entangled_trainable_rzz_QLayers_5___seed_1_1761468207
6500352,1-Training-Losses/policy_loss,-0.00016988394781947136,Pong1PQFM_XObs_entangled_trainable_rzz_QLayers_5___seed_1_1761468207
6504448,1-Training-Losses/policy_loss,-5.193334072828293e-05,Pong1PQFM_XObs_entangled_trainable_rzz_QLayers_5___seed_1_1761468207
6508544,1-Training-Losses/policy_loss,-0.0001775666605681181,Pong1PQFM_XObs_entangled_trainable_rzz_QLayers_5___seed_1_1761468207
6512640,1-Training-Losses/policy_loss,-0.0005112159997224808,Pong1PQFM_XObs_entangled_trainable_rzz_QLayers_5___seed_1_1761468207
6516736,1-Training-Losses/policy_loss,3.519223537296057e-05,Pong1PQFM_XObs_entangled_trainable_rzz_QLayers_5___seed_1_1761468207
6520832,1-Training-Losses/policy_loss,-7.613468915224075e-05,Pong1PQFM_XObs_entangled_trainable_rzz_QLayers_5___seed_1_1761468207
6524928,1-Training-Losses/policy_loss,-0.00015376228839159012,Pong1PQFM_XObs_entangled_trainable_rzz_QLayers_5___seed_1_1761468207
6529024,1-Training-Losses/policy_loss,-0.00028558121994137764,Pong1PQFM_XObs_entangled_trainable_rzz_QLayers_5___seed_1_1761468207
6533120,1-Training-Losses/policy_loss,-0.0001567341387271881,Pong1PQFM_XObs_entangled_trainable_rzz_QLayers_5___seed_1_1761468207
6537216,1-Training-Losses/policy_loss,-0.0007872553542256355,Pong1PQFM_XObs_entangled_trainable_rzz_QLayers_5___seed_1_1761468207
6541312,1-Training-Losses/policy_loss,0.00020599458366632462,Pong1PQFM_XObs_entangled_trainable_rzz_QLayers_5___seed_1_1761468207
6545408,1-Training-Losses/policy_loss,-4.008691757917404e-05,Pong1PQFM_XObs_entangled_trainable_rzz_QLayers_5___seed_1_1761468207
6549504,1-Training-Losses/policy_loss,-0.00023079011589288712,Pong1PQFM_XObs_entangled_trainable_rzz_QLayers_5___seed_1_1761468207
6553600,1-Training-Losses/policy_loss,-0.00012974953278899193,Pong1PQFM_XObs_entangled_trainable_rzz_QLayers_5___seed_1_1761468207
6557696,1-Training-Losses/policy_loss,-0.00020167045295238495,Pong1PQFM_XObs_entangled_trainable_rzz_QLayers_5___seed_1_1761468207
6561792,1-Training-Losses/policy_loss,-0.00020745163783431053,Pong1PQFM_XObs_entangled_trainable_rzz_QLayers_5___seed_1_1761468207
6565888,1-Training-Losses/policy_loss,-0.00012632645666599274,Pong1PQFM_XObs_entangled_trainable_rzz_QLayers_5___seed_1_1761468207
6569984,1-Training-Losses/policy_loss,-0.00013910606503486633,Pong1PQFM_XObs_entangled_trainable_rzz_QLayers_5___seed_1_1761468207
6574080,1-Training-Losses/policy_loss,-6.372062489390373e-05,Pong1PQFM_XObs_entangled_trainable_rzz_QLayers_5___seed_1_1761468207
6578176,1-Training-Losses/policy_loss,-0.00039384933188557625,Pong1PQFM_XObs_entangled_trainable_rzz_QLayers_5___seed_1_1761468207
6582272,1-Training-Losses/policy_loss,-0.00017660623416304588,Pong1PQFM_XObs_entangled_trainable_rzz_QLayers_5___seed_1_1761468207
6586368,1-Training-Losses/policy_loss,-0.00014456640928983688,Pong1PQFM_XObs_entangled_trainable_rzz_QLayers_5___seed_1_1761468207
6590464,1-Training-Losses/policy_loss,-0.00012878002598881721,Pong1PQFM_XObs_entangled_trainable_rzz_QLayers_5___seed_1_1761468207
6594560,1-Training-Losses/policy_loss,-0.00019509252160787582,Pong1PQFM_XObs_entangled_trainable_rzz_QLayers_5___seed_1_1761468207
6598656,1-Training-Losses/policy_loss,-0.0001384234055876732,Pong1PQFM_XObs_entangled_trainable_rzz_QLayers_5___seed_1_1761468207
6602752,1-Training-Losses/policy_loss,-0.00019660918042063713,Pong1PQFM_XObs_entangled_trainable_rzz_QLayers_5___seed_1_1761468207
6606848,1-Training-Losses/policy_loss,-0.00017072283662855625,Pong1PQFM_XObs_entangled_trainable_rzz_QLayers_5___seed_1_1761468207
6610944,1-Training-Losses/policy_loss,-0.00025473441928625107,Pong1PQFM_XObs_entangled_trainable_rzz_QLayers_5___seed_1_1761468207
6615040,1-Training-Losses/policy_loss,-7.361825555562973e-05,Pong1PQFM_XObs_entangled_trainable_rzz_QLayers_5___seed_1_1761468207
6619136,1-Training-Losses/policy_loss,-0.00013756239786744118,Pong1PQFM_XObs_entangled_trainable_rzz_QLayers_5___seed_1_1761468207
6623232,1-Training-Losses/policy_loss,-4.4994056224823e-05,Pong1PQFM_XObs_entangled_trainable_rzz_QLayers_5___seed_1_1761468207
6627328,1-Training-Losses/policy_loss,-0.00042570382356643677,Pong1PQFM_XObs_entangled_trainable_rzz_QLayers_5___seed_1_1761468207
6631424,1-Training-Losses/policy_loss,-0.0001300191506743431,Pong1PQFM_XObs_entangled_trainable_rzz_QLayers_5___seed_1_1761468207
6635520,1-Training-Losses/policy_loss,-7.126480340957642e-05,Pong1PQFM_XObs_entangled_trainable_rzz_QLayers_5___seed_1_1761468207
6639616,1-Training-Losses/policy_loss,-0.00029025785624980927,Pong1PQFM_XObs_entangled_trainable_rzz_QLayers_5___seed_1_1761468207
6643712,1-Training-Losses/policy_loss,-1.5329569578170776e-05,Pong1PQFM_XObs_entangled_trainable_rzz_QLayers_5___seed_1_1761468207
6647808,1-Training-Losses/policy_loss,-0.00013841595500707626,Pong1PQFM_XObs_entangled_trainable_rzz_QLayers_5___seed_1_1761468207
6651904,1-Training-Losses/policy_loss,-8.454592898488045e-05,Pong1PQFM_XObs_entangled_trainable_rzz_QLayers_5___seed_1_1761468207
6656000,1-Training-Losses/policy_loss,-6.05960376560688e-05,Pong1PQFM_XObs_entangled_trainable_rzz_QLayers_5___seed_1_1761468207
6660096,1-Training-Losses/policy_loss,-0.0002566678449511528,Pong1PQFM_XObs_entangled_trainable_rzz_QLayers_5___seed_1_1761468207
6664192,1-Training-Losses/policy_loss,-6.905617192387581e-05,Pong1PQFM_XObs_entangled_trainable_rzz_QLayers_5___seed_1_1761468207
6668288,1-Training-Losses/policy_loss,-0.00024155527353286743,Pong1PQFM_XObs_entangled_trainable_rzz_QLayers_5___seed_1_1761468207
6672384,1-Training-Losses/policy_loss,-0.00011562509462237358,Pong1PQFM_XObs_entangled_trainable_rzz_QLayers_5___seed_1_1761468207
6676480,1-Training-Losses/policy_loss,-0.00020622555166482925,Pong1PQFM_XObs_entangled_trainable_rzz_QLayers_5___seed_1_1761468207
6680576,1-Training-Losses/policy_loss,-0.00018763449043035507,Pong1PQFM_XObs_entangled_trainable_rzz_QLayers_5___seed_1_1761468207
6684672,1-Training-Losses/policy_loss,-0.00017549004405736923,Pong1PQFM_XObs_entangled_trainable_rzz_QLayers_5___seed_1_1761468207
6688768,1-Training-Losses/policy_loss,-0.0001382855698466301,Pong1PQFM_XObs_entangled_trainable_rzz_QLayers_5___seed_1_1761468207
6692864,1-Training-Losses/policy_loss,-0.0002769259735941887,Pong1PQFM_XObs_entangled_trainable_rzz_QLayers_5___seed_1_1761468207
6696960,1-Training-Losses/policy_loss,-0.0002604941837489605,Pong1PQFM_XObs_entangled_trainable_rzz_QLayers_5___seed_1_1761468207
6701056,1-Training-Losses/policy_loss,-0.00013584643602371216,Pong1PQFM_XObs_entangled_trainable_rzz_QLayers_5___seed_1_1761468207
6705152,1-Training-Losses/policy_loss,-0.00014733802527189255,Pong1PQFM_XObs_entangled_trainable_rzz_QLayers_5___seed_1_1761468207
6709248,1-Training-Losses/policy_loss,1.8589198589324951e-06,Pong1PQFM_XObs_entangled_trainable_rzz_QLayers_5___seed_1_1761468207
6713344,1-Training-Losses/policy_loss,-0.0003307294100522995,Pong1PQFM_XObs_entangled_trainable_rzz_QLayers_5___seed_1_1761468207
6717440,1-Training-Losses/policy_loss,-9.514018893241882e-05,Pong1PQFM_XObs_entangled_trainable_rzz_QLayers_5___seed_1_1761468207
6721536,1-Training-Losses/policy_loss,-0.0002354225143790245,Pong1PQFM_XObs_entangled_trainable_rzz_QLayers_5___seed_1_1761468207
6725632,1-Training-Losses/policy_loss,-3.251712769269943e-05,Pong1PQFM_XObs_entangled_trainable_rzz_QLayers_5___seed_1_1761468207
6729728,1-Training-Losses/policy_loss,-0.0001676175743341446,Pong1PQFM_XObs_entangled_trainable_rzz_QLayers_5___seed_1_1761468207
6733824,1-Training-Losses/policy_loss,-0.00010069180279970169,Pong1PQFM_XObs_entangled_trainable_rzz_QLayers_5___seed_1_1761468207
6737920,1-Training-Losses/policy_loss,-0.0003515053540468216,Pong1PQFM_XObs_entangled_trainable_rzz_QLayers_5___seed_1_1761468207
6742016,1-Training-Losses/policy_loss,-7.329881191253662e-05,Pong1PQFM_XObs_entangled_trainable_rzz_QLayers_5___seed_1_1761468207
6746112,1-Training-Losses/policy_loss,-0.00038399314507842064,Pong1PQFM_XObs_entangled_trainable_rzz_QLayers_5___seed_1_1761468207
6750208,1-Training-Losses/policy_loss,-0.00028889765962958336,Pong1PQFM_XObs_entangled_trainable_rzz_QLayers_5___seed_1_1761468207
6754304,1-Training-Losses/policy_loss,-0.0002837316133081913,Pong1PQFM_XObs_entangled_trainable_rzz_QLayers_5___seed_1_1761468207
6758400,1-Training-Losses/policy_loss,-7.085688412189484e-05,Pong1PQFM_XObs_entangled_trainable_rzz_QLayers_5___seed_1_1761468207
6762496,1-Training-Losses/policy_loss,-0.00033850688487291336,Pong1PQFM_XObs_entangled_trainable_rzz_QLayers_5___seed_1_1761468207
6766592,1-Training-Losses/policy_loss,-7.709022611379623e-05,Pong1PQFM_XObs_entangled_trainable_rzz_QLayers_5___seed_1_1761468207
6770688,1-Training-Losses/policy_loss,-7.669627666473389e-05,Pong1PQFM_XObs_entangled_trainable_rzz_QLayers_5___seed_1_1761468207
6774784,1-Training-Losses/policy_loss,-0.00019380450248718262,Pong1PQFM_XObs_entangled_trainable_rzz_QLayers_5___seed_1_1761468207
6778880,1-Training-Losses/policy_loss,-0.00023113377392292023,Pong1PQFM_XObs_entangled_trainable_rzz_QLayers_5___seed_1_1761468207
6782976,1-Training-Losses/policy_loss,-0.0003145495429635048,Pong1PQFM_XObs_entangled_trainable_rzz_QLayers_5___seed_1_1761468207
6787072,1-Training-Losses/policy_loss,-0.0002200966700911522,Pong1PQFM_XObs_entangled_trainable_rzz_QLayers_5___seed_1_1761468207
6791168,1-Training-Losses/policy_loss,-0.00023339362815022469,Pong1PQFM_XObs_entangled_trainable_rzz_QLayers_5___seed_1_1761468207
6795264,1-Training-Losses/policy_loss,-0.00031655444763600826,Pong1PQFM_XObs_entangled_trainable_rzz_QLayers_5___seed_1_1761468207
6799360,1-Training-Losses/policy_loss,-6.211549043655396e-05,Pong1PQFM_XObs_entangled_trainable_rzz_QLayers_5___seed_1_1761468207
6803456,1-Training-Losses/policy_loss,-0.00019348785281181335,Pong1PQFM_XObs_entangled_trainable_rzz_QLayers_5___seed_1_1761468207
6807552,1-Training-Losses/policy_loss,-6.91551249474287e-05,Pong1PQFM_XObs_entangled_trainable_rzz_QLayers_5___seed_1_1761468207
6811648,1-Training-Losses/policy_loss,-5.6269578635692596e-05,Pong1PQFM_XObs_entangled_trainable_rzz_QLayers_5___seed_1_1761468207
6815744,1-Training-Losses/policy_loss,-0.00017766375094652176,Pong1PQFM_XObs_entangled_trainable_rzz_QLayers_5___seed_1_1761468207
6819840,1-Training-Losses/policy_loss,-7.953215390443802e-05,Pong1PQFM_XObs_entangled_trainable_rzz_QLayers_5___seed_1_1761468207
6823936,1-Training-Losses/policy_loss,-0.0002507064491510391,Pong1PQFM_XObs_entangled_trainable_rzz_QLayers_5___seed_1_1761468207
6828032,1-Training-Losses/policy_loss,-4.942156374454498e-05,Pong1PQFM_XObs_entangled_trainable_rzz_QLayers_5___seed_1_1761468207
6832128,1-Training-Losses/policy_loss,-9.512086398899555e-05,Pong1PQFM_XObs_entangled_trainable_rzz_QLayers_5___seed_1_1761468207
6836224,1-Training-Losses/policy_loss,-0.0006347429007291794,Pong1PQFM_XObs_entangled_trainable_rzz_QLayers_5___seed_1_1761468207
6840320,1-Training-Losses/policy_loss,-0.00028271833434700966,Pong1PQFM_XObs_entangled_trainable_rzz_QLayers_5___seed_1_1761468207
6844416,1-Training-Losses/policy_loss,-0.0005552791990339756,Pong1PQFM_XObs_entangled_trainable_rzz_QLayers_5___seed_1_1761468207
6848512,1-Training-Losses/policy_loss,-9.562447667121887e-05,Pong1PQFM_XObs_entangled_trainable_rzz_QLayers_5___seed_1_1761468207
6852608,1-Training-Losses/policy_loss,-0.0001941164955496788,Pong1PQFM_XObs_entangled_trainable_rzz_QLayers_5___seed_1_1761468207
6856704,1-Training-Losses/policy_loss,-8.957739919424057e-05,Pong1PQFM_XObs_entangled_trainable_rzz_QLayers_5___seed_1_1761468207
6860800,1-Training-Losses/policy_loss,-0.00030599627643823624,Pong1PQFM_XObs_entangled_trainable_rzz_QLayers_5___seed_1_1761468207
6864896,1-Training-Losses/policy_loss,-0.00027616554871201515,Pong1PQFM_XObs_entangled_trainable_rzz_QLayers_5___seed_1_1761468207
6868992,1-Training-Losses/policy_loss,-0.00027309777215123177,Pong1PQFM_XObs_entangled_trainable_rzz_QLayers_5___seed_1_1761468207
6873088,1-Training-Losses/policy_loss,8.362182416021824e-05,Pong1PQFM_XObs_entangled_trainable_rzz_QLayers_5___seed_1_1761468207
6877184,1-Training-Losses/policy_loss,-0.00016510114073753357,Pong1PQFM_XObs_entangled_trainable_rzz_QLayers_5___seed_1_1761468207
6881280,1-Training-Losses/policy_loss,-2.513965591788292e-05,Pong1PQFM_XObs_entangled_trainable_rzz_QLayers_5___seed_1_1761468207
6885376,1-Training-Losses/policy_loss,-8.358573541045189e-05,Pong1PQFM_XObs_entangled_trainable_rzz_QLayers_5___seed_1_1761468207
6889472,1-Training-Losses/policy_loss,-0.0002138209529221058,Pong1PQFM_XObs_entangled_trainable_rzz_QLayers_5___seed_1_1761468207
6893568,1-Training-Losses/policy_loss,-0.00016576331108808517,Pong1PQFM_XObs_entangled_trainable_rzz_QLayers_5___seed_1_1761468207
6897664,1-Training-Losses/policy_loss,-0.0001252510119229555,Pong1PQFM_XObs_entangled_trainable_rzz_QLayers_5___seed_1_1761468207
6901760,1-Training-Losses/policy_loss,-0.0001176903024315834,Pong1PQFM_XObs_entangled_trainable_rzz_QLayers_5___seed_1_1761468207
6905856,1-Training-Losses/policy_loss,-8.452031761407852e-05,Pong1PQFM_XObs_entangled_trainable_rzz_QLayers_5___seed_1_1761468207
6909952,1-Training-Losses/policy_loss,-4.2927684262394905e-05,Pong1PQFM_XObs_entangled_trainable_rzz_QLayers_5___seed_1_1761468207
6914048,1-Training-Losses/policy_loss,-0.00010383583139628172,Pong1PQFM_XObs_entangled_trainable_rzz_QLayers_5___seed_1_1761468207
6918144,1-Training-Losses/policy_loss,-0.00047939084470272064,Pong1PQFM_XObs_entangled_trainable_rzz_QLayers_5___seed_1_1761468207
6922240,1-Training-Losses/policy_loss,-0.0002548564225435257,Pong1PQFM_XObs_entangled_trainable_rzz_QLayers_5___seed_1_1761468207
6926336,1-Training-Losses/policy_loss,-0.0003106859512627125,Pong1PQFM_XObs_entangled_trainable_rzz_QLayers_5___seed_1_1761468207
6930432,1-Training-Losses/policy_loss,-0.0001421011984348297,Pong1PQFM_XObs_entangled_trainable_rzz_QLayers_5___seed_1_1761468207
6934528,1-Training-Losses/policy_loss,-0.00020976364612579346,Pong1PQFM_XObs_entangled_trainable_rzz_QLayers_5___seed_1_1761468207
6938624,1-Training-Losses/policy_loss,-0.00011594966053962708,Pong1PQFM_XObs_entangled_trainable_rzz_QLayers_5___seed_1_1761468207
6942720,1-Training-Losses/policy_loss,-3.8562342524528503e-05,Pong1PQFM_XObs_entangled_trainable_rzz_QLayers_5___seed_1_1761468207
6946816,1-Training-Losses/policy_loss,-9.8448246717453e-05,Pong1PQFM_XObs_entangled_trainable_rzz_QLayers_5___seed_1_1761468207
6950912,1-Training-Losses/policy_loss,-6.28884881734848e-05,Pong1PQFM_XObs_entangled_trainable_rzz_QLayers_5___seed_1_1761468207
6955008,1-Training-Losses/policy_loss,-0.0004627110902220011,Pong1PQFM_XObs_entangled_trainable_rzz_QLayers_5___seed_1_1761468207
6959104,1-Training-Losses/policy_loss,-0.0006212973967194557,Pong1PQFM_XObs_entangled_trainable_rzz_QLayers_5___seed_1_1761468207
6963200,1-Training-Losses/policy_loss,-2.917647361755371e-05,Pong1PQFM_XObs_entangled_trainable_rzz_QLayers_5___seed_1_1761468207
6967296,1-Training-Losses/policy_loss,-0.00033343699760735035,Pong1PQFM_XObs_entangled_trainable_rzz_QLayers_5___seed_1_1761468207
6971392,1-Training-Losses/policy_loss,-4.344712942838669e-05,Pong1PQFM_XObs_entangled_trainable_rzz_QLayers_5___seed_1_1761468207
6975488,1-Training-Losses/policy_loss,-0.0001720788422971964,Pong1PQFM_XObs_entangled_trainable_rzz_QLayers_5___seed_1_1761468207
6979584,1-Training-Losses/policy_loss,-0.00018579280003905296,Pong1PQFM_XObs_entangled_trainable_rzz_QLayers_5___seed_1_1761468207
6983680,1-Training-Losses/policy_loss,-0.00011730706319212914,Pong1PQFM_XObs_entangled_trainable_rzz_QLayers_5___seed_1_1761468207
6987776,1-Training-Losses/policy_loss,-7.227621972560883e-05,Pong1PQFM_XObs_entangled_trainable_rzz_QLayers_5___seed_1_1761468207
6991872,1-Training-Losses/policy_loss,-8.269911631941795e-05,Pong1PQFM_XObs_entangled_trainable_rzz_QLayers_5___seed_1_1761468207
6995968,1-Training-Losses/policy_loss,-0.00025857239961624146,Pong1PQFM_XObs_entangled_trainable_rzz_QLayers_5___seed_1_1761468207
7000064,1-Training-Losses/policy_loss,6.562098860740662e-06,Pong1PQFM_XObs_entangled_trainable_rzz_QLayers_5___seed_1_1761468207
7004160,1-Training-Losses/policy_loss,-0.00012448627967387438,Pong1PQFM_XObs_entangled_trainable_rzz_QLayers_5___seed_1_1761468207
7008256,1-Training-Losses/policy_loss,-8.643604815006256e-05,Pong1PQFM_XObs_entangled_trainable_rzz_QLayers_5___seed_1_1761468207
7012352,1-Training-Losses/policy_loss,-0.00011893920600414276,Pong1PQFM_XObs_entangled_trainable_rzz_QLayers_5___seed_1_1761468207
7016448,1-Training-Losses/policy_loss,-7.844902575016022e-05,Pong1PQFM_XObs_entangled_trainable_rzz_QLayers_5___seed_1_1761468207
7020544,1-Training-Losses/policy_loss,-0.00026545580476522446,Pong1PQFM_XObs_entangled_trainable_rzz_QLayers_5___seed_1_1761468207
7024640,1-Training-Losses/policy_loss,-4.600733518600464e-05,Pong1PQFM_XObs_entangled_trainable_rzz_QLayers_5___seed_1_1761468207
7028736,1-Training-Losses/policy_loss,-0.00045956834219396114,Pong1PQFM_XObs_entangled_trainable_rzz_QLayers_5___seed_1_1761468207
7032832,1-Training-Losses/policy_loss,-0.00024621025659143925,Pong1PQFM_XObs_entangled_trainable_rzz_QLayers_5___seed_1_1761468207
7036928,1-Training-Losses/policy_loss,-0.00030933041125535965,Pong1PQFM_XObs_entangled_trainable_rzz_QLayers_5___seed_1_1761468207
7041024,1-Training-Losses/policy_loss,7.652677595615387e-06,Pong1PQFM_XObs_entangled_trainable_rzz_QLayers_5___seed_1_1761468207
7045120,1-Training-Losses/policy_loss,-0.00026923418045043945,Pong1PQFM_XObs_entangled_trainable_rzz_QLayers_5___seed_1_1761468207
7049216,1-Training-Losses/policy_loss,-0.00025529367849230766,Pong1PQFM_XObs_entangled_trainable_rzz_QLayers_5___seed_1_1761468207
7053312,1-Training-Losses/policy_loss,-0.0001690438948571682,Pong1PQFM_XObs_entangled_trainable_rzz_QLayers_5___seed_1_1761468207
7057408,1-Training-Losses/policy_loss,-0.0005236947908997536,Pong1PQFM_XObs_entangled_trainable_rzz_QLayers_5___seed_1_1761468207
7061504,1-Training-Losses/policy_loss,-0.00013562990352511406,Pong1PQFM_XObs_entangled_trainable_rzz_QLayers_5___seed_1_1761468207
7065600,1-Training-Losses/policy_loss,-9.371666237711906e-05,Pong1PQFM_XObs_entangled_trainable_rzz_QLayers_5___seed_1_1761468207
7069696,1-Training-Losses/policy_loss,-3.933347761631012e-05,Pong1PQFM_XObs_entangled_trainable_rzz_QLayers_5___seed_1_1761468207
7073792,1-Training-Losses/policy_loss,-0.00016229785978794098,Pong1PQFM_XObs_entangled_trainable_rzz_QLayers_5___seed_1_1761468207
7077888,1-Training-Losses/policy_loss,-0.00028689252212643623,Pong1PQFM_XObs_entangled_trainable_rzz_QLayers_5___seed_1_1761468207
7081984,1-Training-Losses/policy_loss,-0.0001808186061680317,Pong1PQFM_XObs_entangled_trainable_rzz_QLayers_5___seed_1_1761468207
7086080,1-Training-Losses/policy_loss,-0.0004510292783379555,Pong1PQFM_XObs_entangled_trainable_rzz_QLayers_5___seed_1_1761468207
7090176,1-Training-Losses/policy_loss,-0.00021228822879493237,Pong1PQFM_XObs_entangled_trainable_rzz_QLayers_5___seed_1_1761468207
7094272,1-Training-Losses/policy_loss,-0.0005148556083440781,Pong1PQFM_XObs_entangled_trainable_rzz_QLayers_5___seed_1_1761468207
7098368,1-Training-Losses/policy_loss,-0.000462876632809639,Pong1PQFM_XObs_entangled_trainable_rzz_QLayers_5___seed_1_1761468207
7102464,1-Training-Losses/policy_loss,-0.0002139606513082981,Pong1PQFM_XObs_entangled_trainable_rzz_QLayers_5___seed_1_1761468207
7106560,1-Training-Losses/policy_loss,-8.723465725779533e-06,Pong1PQFM_XObs_entangled_trainable_rzz_QLayers_5___seed_1_1761468207
7110656,1-Training-Losses/policy_loss,-3.318767994642258e-05,Pong1PQFM_XObs_entangled_trainable_rzz_QLayers_5___seed_1_1761468207
7114752,1-Training-Losses/policy_loss,-0.00022558914497494698,Pong1PQFM_XObs_entangled_trainable_rzz_QLayers_5___seed_1_1761468207
7118848,1-Training-Losses/policy_loss,-0.00042181089520454407,Pong1PQFM_XObs_entangled_trainable_rzz_QLayers_5___seed_1_1761468207
7122944,1-Training-Losses/policy_loss,-0.0009732041507959366,Pong1PQFM_XObs_entangled_trainable_rzz_QLayers_5___seed_1_1761468207
7127040,1-Training-Losses/policy_loss,5.1888637244701385e-06,Pong1PQFM_XObs_entangled_trainable_rzz_QLayers_5___seed_1_1761468207
7131136,1-Training-Losses/policy_loss,-0.0004529370926320553,Pong1PQFM_XObs_entangled_trainable_rzz_QLayers_5___seed_1_1761468207
7135232,1-Training-Losses/policy_loss,-4.747789353132248e-05,Pong1PQFM_XObs_entangled_trainable_rzz_QLayers_5___seed_1_1761468207
7139328,1-Training-Losses/policy_loss,-0.0001569013111293316,Pong1PQFM_XObs_entangled_trainable_rzz_QLayers_5___seed_1_1761468207
7143424,1-Training-Losses/policy_loss,-0.00036012567579746246,Pong1PQFM_XObs_entangled_trainable_rzz_QLayers_5___seed_1_1761468207
7147520,1-Training-Losses/policy_loss,-0.0008830688893795013,Pong1PQFM_XObs_entangled_trainable_rzz_QLayers_5___seed_1_1761468207
7151616,1-Training-Losses/policy_loss,2.3564789444208145e-05,Pong1PQFM_XObs_entangled_trainable_rzz_QLayers_5___seed_1_1761468207
7155712,1-Training-Losses/policy_loss,-0.00013768672943115234,Pong1PQFM_XObs_entangled_trainable_rzz_QLayers_5___seed_1_1761468207
7159808,1-Training-Losses/policy_loss,-0.00022558961063623428,Pong1PQFM_XObs_entangled_trainable_rzz_QLayers_5___seed_1_1761468207
7163904,1-Training-Losses/policy_loss,-0.00021421583369374275,Pong1PQFM_XObs_entangled_trainable_rzz_QLayers_5___seed_1_1761468207
7168000,1-Training-Losses/policy_loss,-0.00039922050200402737,Pong1PQFM_XObs_entangled_trainable_rzz_QLayers_5___seed_1_1761468207
7172096,1-Training-Losses/policy_loss,-7.507717236876488e-05,Pong1PQFM_XObs_entangled_trainable_rzz_QLayers_5___seed_1_1761468207
7176192,1-Training-Losses/policy_loss,-0.000311926007270813,Pong1PQFM_XObs_entangled_trainable_rzz_QLayers_5___seed_1_1761468207
7180288,1-Training-Losses/policy_loss,-0.00020856596529483795,Pong1PQFM_XObs_entangled_trainable_rzz_QLayers_5___seed_1_1761468207
7184384,1-Training-Losses/policy_loss,-0.0001485440880060196,Pong1PQFM_XObs_entangled_trainable_rzz_QLayers_5___seed_1_1761468207
7188480,1-Training-Losses/policy_loss,-8.47324263304472e-05,Pong1PQFM_XObs_entangled_trainable_rzz_QLayers_5___seed_1_1761468207
7192576,1-Training-Losses/policy_loss,-0.00013996846973896027,Pong1PQFM_XObs_entangled_trainable_rzz_QLayers_5___seed_1_1761468207
7196672,1-Training-Losses/policy_loss,-7.844390347599983e-05,Pong1PQFM_XObs_entangled_trainable_rzz_QLayers_5___seed_1_1761468207
7200768,1-Training-Losses/policy_loss,-0.00010460708290338516,Pong1PQFM_XObs_entangled_trainable_rzz_QLayers_5___seed_1_1761468207
7204864,1-Training-Losses/policy_loss,-0.00018794555217027664,Pong1PQFM_XObs_entangled_trainable_rzz_QLayers_5___seed_1_1761468207
7208960,1-Training-Losses/policy_loss,-0.00016289763152599335,Pong1PQFM_XObs_entangled_trainable_rzz_QLayers_5___seed_1_1761468207
7213056,1-Training-Losses/policy_loss,-0.0002649511443451047,Pong1PQFM_XObs_entangled_trainable_rzz_QLayers_5___seed_1_1761468207
7217152,1-Training-Losses/policy_loss,-7.678777910768986e-05,Pong1PQFM_XObs_entangled_trainable_rzz_QLayers_5___seed_1_1761468207
7221248,1-Training-Losses/policy_loss,-0.00021272525191307068,Pong1PQFM_XObs_entangled_trainable_rzz_QLayers_5___seed_1_1761468207
7225344,1-Training-Losses/policy_loss,-0.00041137775406241417,Pong1PQFM_XObs_entangled_trainable_rzz_QLayers_5___seed_1_1761468207
7229440,1-Training-Losses/policy_loss,-7.614586502313614e-05,Pong1PQFM_XObs_entangled_trainable_rzz_QLayers_5___seed_1_1761468207
7233536,1-Training-Losses/policy_loss,-0.00019308552145957947,Pong1PQFM_XObs_entangled_trainable_rzz_QLayers_5___seed_1_1761468207
7237632,1-Training-Losses/policy_loss,-0.00034259213134646416,Pong1PQFM_XObs_entangled_trainable_rzz_QLayers_5___seed_1_1761468207
7241728,1-Training-Losses/policy_loss,-0.00012329802848398685,Pong1PQFM_XObs_entangled_trainable_rzz_QLayers_5___seed_1_1761468207
7245824,1-Training-Losses/policy_loss,-0.0001840977929532528,Pong1PQFM_XObs_entangled_trainable_rzz_QLayers_5___seed_1_1761468207
7249920,1-Training-Losses/policy_loss,-3.224518150091171e-05,Pong1PQFM_XObs_entangled_trainable_rzz_QLayers_5___seed_1_1761468207
7254016,1-Training-Losses/policy_loss,-0.000138930045068264,Pong1PQFM_XObs_entangled_trainable_rzz_QLayers_5___seed_1_1761468207
7258112,1-Training-Losses/policy_loss,-0.0001160595566034317,Pong1PQFM_XObs_entangled_trainable_rzz_QLayers_5___seed_1_1761468207
7262208,1-Training-Losses/policy_loss,-0.0002455953508615494,Pong1PQFM_XObs_entangled_trainable_rzz_QLayers_5___seed_1_1761468207
7266304,1-Training-Losses/policy_loss,-0.00021341070532798767,Pong1PQFM_XObs_entangled_trainable_rzz_QLayers_5___seed_1_1761468207
7270400,1-Training-Losses/policy_loss,-0.00016380660235881805,Pong1PQFM_XObs_entangled_trainable_rzz_QLayers_5___seed_1_1761468207
7274496,1-Training-Losses/policy_loss,-0.00027611455880105495,Pong1PQFM_XObs_entangled_trainable_rzz_QLayers_5___seed_1_1761468207
7278592,1-Training-Losses/policy_loss,-0.00022260472178459167,Pong1PQFM_XObs_entangled_trainable_rzz_QLayers_5___seed_1_1761468207
7282688,1-Training-Losses/policy_loss,-0.0003648707643151283,Pong1PQFM_XObs_entangled_trainable_rzz_QLayers_5___seed_1_1761468207
7286784,1-Training-Losses/policy_loss,-0.00014483463019132614,Pong1PQFM_XObs_entangled_trainable_rzz_QLayers_5___seed_1_1761468207
7290880,1-Training-Losses/policy_loss,-0.00021938420832157135,Pong1PQFM_XObs_entangled_trainable_rzz_QLayers_5___seed_1_1761468207
7294976,1-Training-Losses/policy_loss,-0.0003495318815112114,Pong1PQFM_XObs_entangled_trainable_rzz_QLayers_5___seed_1_1761468207
7299072,1-Training-Losses/policy_loss,-0.00011561252176761627,Pong1PQFM_XObs_entangled_trainable_rzz_QLayers_5___seed_1_1761468207
7303168,1-Training-Losses/policy_loss,-0.00011019781231880188,Pong1PQFM_XObs_entangled_trainable_rzz_QLayers_5___seed_1_1761468207
7307264,1-Training-Losses/policy_loss,-0.00033258087933063507,Pong1PQFM_XObs_entangled_trainable_rzz_QLayers_5___seed_1_1761468207
7311360,1-Training-Losses/policy_loss,-0.0001569865271449089,Pong1PQFM_XObs_entangled_trainable_rzz_QLayers_5___seed_1_1761468207
7315456,1-Training-Losses/policy_loss,-5.1306094974279404e-05,Pong1PQFM_XObs_entangled_trainable_rzz_QLayers_5___seed_1_1761468207
7319552,1-Training-Losses/policy_loss,-0.00012915069237351418,Pong1PQFM_XObs_entangled_trainable_rzz_QLayers_5___seed_1_1761468207
7323648,1-Training-Losses/policy_loss,-7.84182921051979e-05,Pong1PQFM_XObs_entangled_trainable_rzz_QLayers_5___seed_1_1761468207
7327744,1-Training-Losses/policy_loss,-0.00027965568006038666,Pong1PQFM_XObs_entangled_trainable_rzz_QLayers_5___seed_1_1761468207
7331840,1-Training-Losses/policy_loss,-2.2221356630325317e-05,Pong1PQFM_XObs_entangled_trainable_rzz_QLayers_5___seed_1_1761468207
7335936,1-Training-Losses/policy_loss,-0.00023823091760277748,Pong1PQFM_XObs_entangled_trainable_rzz_QLayers_5___seed_1_1761468207
7340032,1-Training-Losses/policy_loss,-9.194575250148773e-05,Pong1PQFM_XObs_entangled_trainable_rzz_QLayers_5___seed_1_1761468207
7344128,1-Training-Losses/policy_loss,-0.00011523393914103508,Pong1PQFM_XObs_entangled_trainable_rzz_QLayers_5___seed_1_1761468207
7348224,1-Training-Losses/policy_loss,-0.0002042185515165329,Pong1PQFM_XObs_entangled_trainable_rzz_QLayers_5___seed_1_1761468207
7352320,1-Training-Losses/policy_loss,-0.00019455235451459885,Pong1PQFM_XObs_entangled_trainable_rzz_QLayers_5___seed_1_1761468207
7356416,1-Training-Losses/policy_loss,-0.0002650199458003044,Pong1PQFM_XObs_entangled_trainable_rzz_QLayers_5___seed_1_1761468207
7360512,1-Training-Losses/policy_loss,-0.00026346975937485695,Pong1PQFM_XObs_entangled_trainable_rzz_QLayers_5___seed_1_1761468207
7364608,1-Training-Losses/policy_loss,-5.605630576610565e-06,Pong1PQFM_XObs_entangled_trainable_rzz_QLayers_5___seed_1_1761468207
7368704,1-Training-Losses/policy_loss,-0.0002876492217183113,Pong1PQFM_XObs_entangled_trainable_rzz_QLayers_5___seed_1_1761468207
7372800,1-Training-Losses/policy_loss,-7.331627421081066e-05,Pong1PQFM_XObs_entangled_trainable_rzz_QLayers_5___seed_1_1761468207
7376896,1-Training-Losses/policy_loss,-9.731203317642212e-05,Pong1PQFM_XObs_entangled_trainable_rzz_QLayers_5___seed_1_1761468207
7380992,1-Training-Losses/policy_loss,-6.58638309687376e-05,Pong1PQFM_XObs_entangled_trainable_rzz_QLayers_5___seed_1_1761468207
7385088,1-Training-Losses/policy_loss,-9.616371244192123e-06,Pong1PQFM_XObs_entangled_trainable_rzz_QLayers_5___seed_1_1761468207
7389184,1-Training-Losses/policy_loss,-5.7809753343462944e-05,Pong1PQFM_XObs_entangled_trainable_rzz_QLayers_5___seed_1_1761468207
7393280,1-Training-Losses/policy_loss,-0.0001225583255290985,Pong1PQFM_XObs_entangled_trainable_rzz_QLayers_5___seed_1_1761468207
7397376,1-Training-Losses/policy_loss,-0.00011756212916225195,Pong1PQFM_XObs_entangled_trainable_rzz_QLayers_5___seed_1_1761468207
7401472,1-Training-Losses/policy_loss,-0.00016492092981934547,Pong1PQFM_XObs_entangled_trainable_rzz_QLayers_5___seed_1_1761468207
7405568,1-Training-Losses/policy_loss,-0.00017792172729969025,Pong1PQFM_XObs_entangled_trainable_rzz_QLayers_5___seed_1_1761468207
7409664,1-Training-Losses/policy_loss,-9.501539170742035e-05,Pong1PQFM_XObs_entangled_trainable_rzz_QLayers_5___seed_1_1761468207
7413760,1-Training-Losses/policy_loss,-0.00017172284424304962,Pong1PQFM_XObs_entangled_trainable_rzz_QLayers_5___seed_1_1761468207
7417856,1-Training-Losses/policy_loss,-0.0001858754549175501,Pong1PQFM_XObs_entangled_trainable_rzz_QLayers_5___seed_1_1761468207
7421952,1-Training-Losses/policy_loss,-0.0006114491261541843,Pong1PQFM_XObs_entangled_trainable_rzz_QLayers_5___seed_1_1761468207
7426048,1-Training-Losses/policy_loss,3.116857260465622e-05,Pong1PQFM_XObs_entangled_trainable_rzz_QLayers_5___seed_1_1761468207
7430144,1-Training-Losses/policy_loss,-0.0001264209859073162,Pong1PQFM_XObs_entangled_trainable_rzz_QLayers_5___seed_1_1761468207
7434240,1-Training-Losses/policy_loss,-5.324278026819229e-05,Pong1PQFM_XObs_entangled_trainable_rzz_QLayers_5___seed_1_1761468207
7438336,1-Training-Losses/policy_loss,-0.00033946987241506577,Pong1PQFM_XObs_entangled_trainable_rzz_QLayers_5___seed_1_1761468207
7442432,1-Training-Losses/policy_loss,-0.0001228880137205124,Pong1PQFM_XObs_entangled_trainable_rzz_QLayers_5___seed_1_1761468207
7446528,1-Training-Losses/policy_loss,-0.00010525714606046677,Pong1PQFM_XObs_entangled_trainable_rzz_QLayers_5___seed_1_1761468207
7450624,1-Training-Losses/policy_loss,-0.0002891933545470238,Pong1PQFM_XObs_entangled_trainable_rzz_QLayers_5___seed_1_1761468207
7454720,1-Training-Losses/policy_loss,-0.0002717878669500351,Pong1PQFM_XObs_entangled_trainable_rzz_QLayers_5___seed_1_1761468207
7458816,1-Training-Losses/policy_loss,-3.89711931347847e-06,Pong1PQFM_XObs_entangled_trainable_rzz_QLayers_5___seed_1_1761468207
7462912,1-Training-Losses/policy_loss,-9.713089093565941e-05,Pong1PQFM_XObs_entangled_trainable_rzz_QLayers_5___seed_1_1761468207
7467008,1-Training-Losses/policy_loss,-0.00010969163849949837,Pong1PQFM_XObs_entangled_trainable_rzz_QLayers_5___seed_1_1761468207
7471104,1-Training-Losses/policy_loss,-0.00012295320630073547,Pong1PQFM_XObs_entangled_trainable_rzz_QLayers_5___seed_1_1761468207
7475200,1-Training-Losses/policy_loss,-3.096042200922966e-05,Pong1PQFM_XObs_entangled_trainable_rzz_QLayers_5___seed_1_1761468207
7479296,1-Training-Losses/policy_loss,-4.988617729395628e-05,Pong1PQFM_XObs_entangled_trainable_rzz_QLayers_5___seed_1_1761468207
7483392,1-Training-Losses/policy_loss,-0.0002527819015085697,Pong1PQFM_XObs_entangled_trainable_rzz_QLayers_5___seed_1_1761468207
7487488,1-Training-Losses/policy_loss,-3.0183931812644005e-05,Pong1PQFM_XObs_entangled_trainable_rzz_QLayers_5___seed_1_1761468207
7491584,1-Training-Losses/policy_loss,-0.0001708401832729578,Pong1PQFM_XObs_entangled_trainable_rzz_QLayers_5___seed_1_1761468207
7495680,1-Training-Losses/policy_loss,-9.468104690313339e-05,Pong1PQFM_XObs_entangled_trainable_rzz_QLayers_5___seed_1_1761468207
7499776,1-Training-Losses/policy_loss,-0.00026568956673145294,Pong1PQFM_XObs_entangled_trainable_rzz_QLayers_5___seed_1_1761468207
7503872,1-Training-Losses/policy_loss,-0.00011218711733818054,Pong1PQFM_XObs_entangled_trainable_rzz_QLayers_5___seed_1_1761468207
7507968,1-Training-Losses/policy_loss,-0.00026808958500623703,Pong1PQFM_XObs_entangled_trainable_rzz_QLayers_5___seed_1_1761468207
7512064,1-Training-Losses/policy_loss,-8.011795580387115e-05,Pong1PQFM_XObs_entangled_trainable_rzz_QLayers_5___seed_1_1761468207
7516160,1-Training-Losses/policy_loss,-0.00013209297321736813,Pong1PQFM_XObs_entangled_trainable_rzz_QLayers_5___seed_1_1761468207
7520256,1-Training-Losses/policy_loss,-0.00015286123380064964,Pong1PQFM_XObs_entangled_trainable_rzz_QLayers_5___seed_1_1761468207
7524352,1-Training-Losses/policy_loss,-0.00031998916529119015,Pong1PQFM_XObs_entangled_trainable_rzz_QLayers_5___seed_1_1761468207
7528448,1-Training-Losses/policy_loss,-0.00015053711831569672,Pong1PQFM_XObs_entangled_trainable_rzz_QLayers_5___seed_1_1761468207
7532544,1-Training-Losses/policy_loss,-0.00023592635989189148,Pong1PQFM_XObs_entangled_trainable_rzz_QLayers_5___seed_1_1761468207
7536640,1-Training-Losses/policy_loss,-0.00012627150863409042,Pong1PQFM_XObs_entangled_trainable_rzz_QLayers_5___seed_1_1761468207
7540736,1-Training-Losses/policy_loss,-8.261483162641525e-05,Pong1PQFM_XObs_entangled_trainable_rzz_QLayers_5___seed_1_1761468207
7544832,1-Training-Losses/policy_loss,-0.00014254823327064514,Pong1PQFM_XObs_entangled_trainable_rzz_QLayers_5___seed_1_1761468207
7548928,1-Training-Losses/policy_loss,-4.701223224401474e-05,Pong1PQFM_XObs_entangled_trainable_rzz_QLayers_5___seed_1_1761468207
7553024,1-Training-Losses/policy_loss,-0.0004447204992175102,Pong1PQFM_XObs_entangled_trainable_rzz_QLayers_5___seed_1_1761468207
7557120,1-Training-Losses/policy_loss,-0.0001097656786441803,Pong1PQFM_XObs_entangled_trainable_rzz_QLayers_5___seed_1_1761468207
7561216,1-Training-Losses/policy_loss,-0.00011907331645488739,Pong1PQFM_XObs_entangled_trainable_rzz_QLayers_5___seed_1_1761468207
7565312,1-Training-Losses/policy_loss,-0.00012099742889404297,Pong1PQFM_XObs_entangled_trainable_rzz_QLayers_5___seed_1_1761468207
7569408,1-Training-Losses/policy_loss,-0.00011808378621935844,Pong1PQFM_XObs_entangled_trainable_rzz_QLayers_5___seed_1_1761468207
7573504,1-Training-Losses/policy_loss,-0.00017983932048082352,Pong1PQFM_XObs_entangled_trainable_rzz_QLayers_5___seed_1_1761468207
7577600,1-Training-Losses/policy_loss,-4.231976345181465e-05,Pong1PQFM_XObs_entangled_trainable_rzz_QLayers_5___seed_1_1761468207
7581696,1-Training-Losses/policy_loss,-0.00045057712122797966,Pong1PQFM_XObs_entangled_trainable_rzz_QLayers_5___seed_1_1761468207
7585792,1-Training-Losses/policy_loss,-0.000345863401889801,Pong1PQFM_XObs_entangled_trainable_rzz_QLayers_5___seed_1_1761468207
7589888,1-Training-Losses/policy_loss,-0.00014026835560798645,Pong1PQFM_XObs_entangled_trainable_rzz_QLayers_5___seed_1_1761468207
7593984,1-Training-Losses/policy_loss,6.301933899521828e-05,Pong1PQFM_XObs_entangled_trainable_rzz_QLayers_5___seed_1_1761468207
7598080,1-Training-Losses/policy_loss,-0.00026791729032993317,Pong1PQFM_XObs_entangled_trainable_rzz_QLayers_5___seed_1_1761468207
7602176,1-Training-Losses/policy_loss,-4.277937114238739e-05,Pong1PQFM_XObs_entangled_trainable_rzz_QLayers_5___seed_1_1761468207
7606272,1-Training-Losses/policy_loss,-0.0004975162446498871,Pong1PQFM_XObs_entangled_trainable_rzz_QLayers_5___seed_1_1761468207
7610368,1-Training-Losses/policy_loss,-3.4877099096775055e-05,Pong1PQFM_XObs_entangled_trainable_rzz_QLayers_5___seed_1_1761468207
7614464,1-Training-Losses/policy_loss,-0.00047450209967792034,Pong1PQFM_XObs_entangled_trainable_rzz_QLayers_5___seed_1_1761468207
7618560,1-Training-Losses/policy_loss,0.00011014100164175034,Pong1PQFM_XObs_entangled_trainable_rzz_QLayers_5___seed_1_1761468207
7622656,1-Training-Losses/policy_loss,-0.00016766320914030075,Pong1PQFM_XObs_entangled_trainable_rzz_QLayers_5___seed_1_1761468207
7626752,1-Training-Losses/policy_loss,-0.00020002759993076324,Pong1PQFM_XObs_entangled_trainable_rzz_QLayers_5___seed_1_1761468207
7630848,1-Training-Losses/policy_loss,-0.0002727089449763298,Pong1PQFM_XObs_entangled_trainable_rzz_QLayers_5___seed_1_1761468207
7634944,1-Training-Losses/policy_loss,-0.00017685815691947937,Pong1PQFM_XObs_entangled_trainable_rzz_QLayers_5___seed_1_1761468207
7639040,1-Training-Losses/policy_loss,-0.00011637713760137558,Pong1PQFM_XObs_entangled_trainable_rzz_QLayers_5___seed_1_1761468207
7643136,1-Training-Losses/policy_loss,-8.772779256105423e-05,Pong1PQFM_XObs_entangled_trainable_rzz_QLayers_5___seed_1_1761468207
7647232,1-Training-Losses/policy_loss,-8.070887997746468e-05,Pong1PQFM_XObs_entangled_trainable_rzz_QLayers_5___seed_1_1761468207
7651328,1-Training-Losses/policy_loss,-0.00018552597612142563,Pong1PQFM_XObs_entangled_trainable_rzz_QLayers_5___seed_1_1761468207
7655424,1-Training-Losses/policy_loss,-0.0002955980598926544,Pong1PQFM_XObs_entangled_trainable_rzz_QLayers_5___seed_1_1761468207
7659520,1-Training-Losses/policy_loss,-6.764056161046028e-05,Pong1PQFM_XObs_entangled_trainable_rzz_QLayers_5___seed_1_1761468207
7663616,1-Training-Losses/policy_loss,-5.180994048714638e-05,Pong1PQFM_XObs_entangled_trainable_rzz_QLayers_5___seed_1_1761468207
7667712,1-Training-Losses/policy_loss,-0.0003271736204624176,Pong1PQFM_XObs_entangled_trainable_rzz_QLayers_5___seed_1_1761468207
7671808,1-Training-Losses/policy_loss,-9.927339851856232e-05,Pong1PQFM_XObs_entangled_trainable_rzz_QLayers_5___seed_1_1761468207
7675904,1-Training-Losses/policy_loss,-3.630947321653366e-05,Pong1PQFM_XObs_entangled_trainable_rzz_QLayers_5___seed_1_1761468207
7680000,1-Training-Losses/policy_loss,-0.0002571861259639263,Pong1PQFM_XObs_entangled_trainable_rzz_QLayers_5___seed_1_1761468207
7684096,1-Training-Losses/policy_loss,-0.000328991562128067,Pong1PQFM_XObs_entangled_trainable_rzz_QLayers_5___seed_1_1761468207
7688192,1-Training-Losses/policy_loss,-0.00018256716430187225,Pong1PQFM_XObs_entangled_trainable_rzz_QLayers_5___seed_1_1761468207
7692288,1-Training-Losses/policy_loss,-0.0001994352787733078,Pong1PQFM_XObs_entangled_trainable_rzz_QLayers_5___seed_1_1761468207
7696384,1-Training-Losses/policy_loss,-6.669876165688038e-05,Pong1PQFM_XObs_entangled_trainable_rzz_QLayers_5___seed_1_1761468207
7700480,1-Training-Losses/policy_loss,-4.710722714662552e-05,Pong1PQFM_XObs_entangled_trainable_rzz_QLayers_5___seed_1_1761468207
7704576,1-Training-Losses/policy_loss,-0.00013163872063159943,Pong1PQFM_XObs_entangled_trainable_rzz_QLayers_5___seed_1_1761468207
7708672,1-Training-Losses/policy_loss,-0.00017730891704559326,Pong1PQFM_XObs_entangled_trainable_rzz_QLayers_5___seed_1_1761468207
7712768,1-Training-Losses/policy_loss,-0.00037696491926908493,Pong1PQFM_XObs_entangled_trainable_rzz_QLayers_5___seed_1_1761468207
7716864,1-Training-Losses/policy_loss,-0.00013964436948299408,Pong1PQFM_XObs_entangled_trainable_rzz_QLayers_5___seed_1_1761468207
7720960,1-Training-Losses/policy_loss,-0.00010036514140665531,Pong1PQFM_XObs_entangled_trainable_rzz_QLayers_5___seed_1_1761468207
7725056,1-Training-Losses/policy_loss,-0.0004500206559896469,Pong1PQFM_XObs_entangled_trainable_rzz_QLayers_5___seed_1_1761468207
7729152,1-Training-Losses/policy_loss,-1.9330531358718872e-05,Pong1PQFM_XObs_entangled_trainable_rzz_QLayers_5___seed_1_1761468207
7733248,1-Training-Losses/policy_loss,-5.998276174068451e-05,Pong1PQFM_XObs_entangled_trainable_rzz_QLayers_5___seed_1_1761468207
7737344,1-Training-Losses/policy_loss,-0.00021261698566377163,Pong1PQFM_XObs_entangled_trainable_rzz_QLayers_5___seed_1_1761468207
7741440,1-Training-Losses/policy_loss,-0.0001749768853187561,Pong1PQFM_XObs_entangled_trainable_rzz_QLayers_5___seed_1_1761468207
7745536,1-Training-Losses/policy_loss,-5.668308585882187e-05,Pong1PQFM_XObs_entangled_trainable_rzz_QLayers_5___seed_1_1761468207
7749632,1-Training-Losses/policy_loss,-0.0001528044231235981,Pong1PQFM_XObs_entangled_trainable_rzz_QLayers_5___seed_1_1761468207
7753728,1-Training-Losses/policy_loss,-5.8752018958330154e-05,Pong1PQFM_XObs_entangled_trainable_rzz_QLayers_5___seed_1_1761468207
7757824,1-Training-Losses/policy_loss,-0.0001644706353545189,Pong1PQFM_XObs_entangled_trainable_rzz_QLayers_5___seed_1_1761468207
7761920,1-Training-Losses/policy_loss,-7.898407056927681e-05,Pong1PQFM_XObs_entangled_trainable_rzz_QLayers_5___seed_1_1761468207
7766016,1-Training-Losses/policy_loss,-0.0002445029094815254,Pong1PQFM_XObs_entangled_trainable_rzz_QLayers_5___seed_1_1761468207
7770112,1-Training-Losses/policy_loss,-4.539918154478073e-05,Pong1PQFM_XObs_entangled_trainable_rzz_QLayers_5___seed_1_1761468207
7774208,1-Training-Losses/policy_loss,-0.0003797058016061783,Pong1PQFM_XObs_entangled_trainable_rzz_QLayers_5___seed_1_1761468207
7778304,1-Training-Losses/policy_loss,-0.0002853511832654476,Pong1PQFM_XObs_entangled_trainable_rzz_QLayers_5___seed_1_1761468207
7782400,1-Training-Losses/policy_loss,-0.00021151592954993248,Pong1PQFM_XObs_entangled_trainable_rzz_QLayers_5___seed_1_1761468207
7786496,1-Training-Losses/policy_loss,-3.200490027666092e-05,Pong1PQFM_XObs_entangled_trainable_rzz_QLayers_5___seed_1_1761468207
7790592,1-Training-Losses/policy_loss,-0.0004799533635377884,Pong1PQFM_XObs_entangled_trainable_rzz_QLayers_5___seed_1_1761468207
7794688,1-Training-Losses/policy_loss,-0.00021753809414803982,Pong1PQFM_XObs_entangled_trainable_rzz_QLayers_5___seed_1_1761468207
7798784,1-Training-Losses/policy_loss,-0.0003093807026743889,Pong1PQFM_XObs_entangled_trainable_rzz_QLayers_5___seed_1_1761468207
7802880,1-Training-Losses/policy_loss,-4.5494409278035164e-05,Pong1PQFM_XObs_entangled_trainable_rzz_QLayers_5___seed_1_1761468207
7806976,1-Training-Losses/policy_loss,-6.630923599004745e-05,Pong1PQFM_XObs_entangled_trainable_rzz_QLayers_5___seed_1_1761468207
7811072,1-Training-Losses/policy_loss,-0.00010552909225225449,Pong1PQFM_XObs_entangled_trainable_rzz_QLayers_5___seed_1_1761468207
7815168,1-Training-Losses/policy_loss,-0.00022711418569087982,Pong1PQFM_XObs_entangled_trainable_rzz_QLayers_5___seed_1_1761468207
7819264,1-Training-Losses/policy_loss,-4.01986762881279e-05,Pong1PQFM_XObs_entangled_trainable_rzz_QLayers_5___seed_1_1761468207
7823360,1-Training-Losses/policy_loss,-0.00012837164103984833,Pong1PQFM_XObs_entangled_trainable_rzz_QLayers_5___seed_1_1761468207
7827456,1-Training-Losses/policy_loss,-5.964189767837524e-06,Pong1PQFM_XObs_entangled_trainable_rzz_QLayers_5___seed_1_1761468207
7831552,1-Training-Losses/policy_loss,-2.7878209948539734e-05,Pong1PQFM_XObs_entangled_trainable_rzz_QLayers_5___seed_1_1761468207
7835648,1-Training-Losses/policy_loss,-0.00010711001232266426,Pong1PQFM_XObs_entangled_trainable_rzz_QLayers_5___seed_1_1761468207
7839744,1-Training-Losses/policy_loss,-3.791600465774536e-05,Pong1PQFM_XObs_entangled_trainable_rzz_QLayers_5___seed_1_1761468207
7843840,1-Training-Losses/policy_loss,-8.824467658996582e-05,Pong1PQFM_XObs_entangled_trainable_rzz_QLayers_5___seed_1_1761468207
7847936,1-Training-Losses/policy_loss,-1.431116834282875e-05,Pong1PQFM_XObs_entangled_trainable_rzz_QLayers_5___seed_1_1761468207
7852032,1-Training-Losses/policy_loss,-6.975000724196434e-05,Pong1PQFM_XObs_entangled_trainable_rzz_QLayers_5___seed_1_1761468207
7856128,1-Training-Losses/policy_loss,-0.00015608640387654305,Pong1PQFM_XObs_entangled_trainable_rzz_QLayers_5___seed_1_1761468207
7860224,1-Training-Losses/policy_loss,-3.6003533750772476e-05,Pong1PQFM_XObs_entangled_trainable_rzz_QLayers_5___seed_1_1761468207
7864320,1-Training-Losses/policy_loss,-0.00025793537497520447,Pong1PQFM_XObs_entangled_trainable_rzz_QLayers_5___seed_1_1761468207
7868416,1-Training-Losses/policy_loss,-0.00022382661700248718,Pong1PQFM_XObs_entangled_trainable_rzz_QLayers_5___seed_1_1761468207
7872512,1-Training-Losses/policy_loss,-0.0004261645954102278,Pong1PQFM_XObs_entangled_trainable_rzz_QLayers_5___seed_1_1761468207
7876608,1-Training-Losses/policy_loss,5.812197923660278e-05,Pong1PQFM_XObs_entangled_trainable_rzz_QLayers_5___seed_1_1761468207
7880704,1-Training-Losses/policy_loss,-0.00024751201272010803,Pong1PQFM_XObs_entangled_trainable_rzz_QLayers_5___seed_1_1761468207
7884800,1-Training-Losses/policy_loss,-4.907418042421341e-05,Pong1PQFM_XObs_entangled_trainable_rzz_QLayers_5___seed_1_1761468207
7888896,1-Training-Losses/policy_loss,-0.00019842549227178097,Pong1PQFM_XObs_entangled_trainable_rzz_QLayers_5___seed_1_1761468207
7892992,1-Training-Losses/policy_loss,2.1228566765785217e-05,Pong1PQFM_XObs_entangled_trainable_rzz_QLayers_5___seed_1_1761468207
7897088,1-Training-Losses/policy_loss,-0.00020116614177823067,Pong1PQFM_XObs_entangled_trainable_rzz_QLayers_5___seed_1_1761468207
7901184,1-Training-Losses/policy_loss,-0.00024142093025147915,Pong1PQFM_XObs_entangled_trainable_rzz_QLayers_5___seed_1_1761468207
7905280,1-Training-Losses/policy_loss,-0.00013416027650237083,Pong1PQFM_XObs_entangled_trainable_rzz_QLayers_5___seed_1_1761468207
7909376,1-Training-Losses/policy_loss,-9.943731129169464e-05,Pong1PQFM_XObs_entangled_trainable_rzz_QLayers_5___seed_1_1761468207
7913472,1-Training-Losses/policy_loss,-0.0001317332498729229,Pong1PQFM_XObs_entangled_trainable_rzz_QLayers_5___seed_1_1761468207
7917568,1-Training-Losses/policy_loss,-0.0002551679499447346,Pong1PQFM_XObs_entangled_trainable_rzz_QLayers_5___seed_1_1761468207
7921664,1-Training-Losses/policy_loss,-0.0002593947574496269,Pong1PQFM_XObs_entangled_trainable_rzz_QLayers_5___seed_1_1761468207
7925760,1-Training-Losses/policy_loss,-2.3930566385388374e-05,Pong1PQFM_XObs_entangled_trainable_rzz_QLayers_5___seed_1_1761468207
7929856,1-Training-Losses/policy_loss,-5.02169132232666e-05,Pong1PQFM_XObs_entangled_trainable_rzz_QLayers_5___seed_1_1761468207
7933952,1-Training-Losses/policy_loss,-0.00015623681247234344,Pong1PQFM_XObs_entangled_trainable_rzz_QLayers_5___seed_1_1761468207
7938048,1-Training-Losses/policy_loss,-8.603092283010483e-05,Pong1PQFM_XObs_entangled_trainable_rzz_QLayers_5___seed_1_1761468207
7942144,1-Training-Losses/policy_loss,-0.00017110630869865417,Pong1PQFM_XObs_entangled_trainable_rzz_QLayers_5___seed_1_1761468207
7946240,1-Training-Losses/policy_loss,-0.00011417176574468613,Pong1PQFM_XObs_entangled_trainable_rzz_QLayers_5___seed_1_1761468207
7950336,1-Training-Losses/policy_loss,-0.00011505419388413429,Pong1PQFM_XObs_entangled_trainable_rzz_QLayers_5___seed_1_1761468207
7954432,1-Training-Losses/policy_loss,-5.656154826283455e-05,Pong1PQFM_XObs_entangled_trainable_rzz_QLayers_5___seed_1_1761468207
7958528,1-Training-Losses/policy_loss,-8.668564260005951e-05,Pong1PQFM_XObs_entangled_trainable_rzz_QLayers_5___seed_1_1761468207
7962624,1-Training-Losses/policy_loss,-0.00010818801820278168,Pong1PQFM_XObs_entangled_trainable_rzz_QLayers_5___seed_1_1761468207
7966720,1-Training-Losses/policy_loss,-0.0005348506383597851,Pong1PQFM_XObs_entangled_trainable_rzz_QLayers_5___seed_1_1761468207
7970816,1-Training-Losses/policy_loss,-0.00022570346482098103,Pong1PQFM_XObs_entangled_trainable_rzz_QLayers_5___seed_1_1761468207
7974912,1-Training-Losses/policy_loss,-0.00041940133087337017,Pong1PQFM_XObs_entangled_trainable_rzz_QLayers_5___seed_1_1761468207
7979008,1-Training-Losses/policy_loss,-0.000642458675429225,Pong1PQFM_XObs_entangled_trainable_rzz_QLayers_5___seed_1_1761468207
7983104,1-Training-Losses/policy_loss,-0.00096869096159935,Pong1PQFM_XObs_entangled_trainable_rzz_QLayers_5___seed_1_1761468207
7987200,1-Training-Losses/policy_loss,-0.00014085043221712112,Pong1PQFM_XObs_entangled_trainable_rzz_QLayers_5___seed_1_1761468207
7991296,1-Training-Losses/policy_loss,-0.0003851349465548992,Pong1PQFM_XObs_entangled_trainable_rzz_QLayers_5___seed_1_1761468207
7995392,1-Training-Losses/policy_loss,-0.0004705558530986309,Pong1PQFM_XObs_entangled_trainable_rzz_QLayers_5___seed_1_1761468207
7999488,1-Training-Losses/policy_loss,-0.0001394101418554783,Pong1PQFM_XObs_entangled_trainable_rzz_QLayers_5___seed_1_1761468207
8003584,1-Training-Losses/policy_loss,3.084191121160984e-05,Pong1PQFM_XObs_entangled_trainable_rzz_QLayers_5___seed_1_1761468207
8007680,1-Training-Losses/policy_loss,-0.0001439419575035572,Pong1PQFM_XObs_entangled_trainable_rzz_QLayers_5___seed_1_1761468207
8011776,1-Training-Losses/policy_loss,-1.2102536857128143e-06,Pong1PQFM_XObs_entangled_trainable_rzz_QLayers_5___seed_1_1761468207
8015872,1-Training-Losses/policy_loss,-0.00011061783879995346,Pong1PQFM_XObs_entangled_trainable_rzz_QLayers_5___seed_1_1761468207
8019968,1-Training-Losses/policy_loss,-8.67154449224472e-05,Pong1PQFM_XObs_entangled_trainable_rzz_QLayers_5___seed_1_1761468207
8024064,1-Training-Losses/policy_loss,-8.596805855631828e-05,Pong1PQFM_XObs_entangled_trainable_rzz_QLayers_5___seed_1_1761468207
8028160,1-Training-Losses/policy_loss,-2.560787834227085e-05,Pong1PQFM_XObs_entangled_trainable_rzz_QLayers_5___seed_1_1761468207
8032256,1-Training-Losses/policy_loss,-7.115490734577179e-05,Pong1PQFM_XObs_entangled_trainable_rzz_QLayers_5___seed_1_1761468207
8036352,1-Training-Losses/policy_loss,-6.671994924545288e-05,Pong1PQFM_XObs_entangled_trainable_rzz_QLayers_5___seed_1_1761468207
8040448,1-Training-Losses/policy_loss,-9.448453783988953e-05,Pong1PQFM_XObs_entangled_trainable_rzz_QLayers_5___seed_1_1761468207
8044544,1-Training-Losses/policy_loss,-0.00015409616753458977,Pong1PQFM_XObs_entangled_trainable_rzz_QLayers_5___seed_1_1761468207
8048640,1-Training-Losses/policy_loss,-0.00020541204139590263,Pong1PQFM_XObs_entangled_trainable_rzz_QLayers_5___seed_1_1761468207
8052736,1-Training-Losses/policy_loss,-0.00020105578005313873,Pong1PQFM_XObs_entangled_trainable_rzz_QLayers_5___seed_1_1761468207
8056832,1-Training-Losses/policy_loss,-0.00033330265432596207,Pong1PQFM_XObs_entangled_trainable_rzz_QLayers_5___seed_1_1761468207
8060928,1-Training-Losses/policy_loss,-8.628703653812408e-05,Pong1PQFM_XObs_entangled_trainable_rzz_QLayers_5___seed_1_1761468207
8065024,1-Training-Losses/policy_loss,-3.265915438532829e-05,Pong1PQFM_XObs_entangled_trainable_rzz_QLayers_5___seed_1_1761468207
8069120,1-Training-Losses/policy_loss,-0.0001521855592727661,Pong1PQFM_XObs_entangled_trainable_rzz_QLayers_5___seed_1_1761468207
8073216,1-Training-Losses/policy_loss,-7.203500717878342e-05,Pong1PQFM_XObs_entangled_trainable_rzz_QLayers_5___seed_1_1761468207
8077312,1-Training-Losses/policy_loss,-0.00014478899538516998,Pong1PQFM_XObs_entangled_trainable_rzz_QLayers_5___seed_1_1761468207
8081408,1-Training-Losses/policy_loss,-0.00015988200902938843,Pong1PQFM_XObs_entangled_trainable_rzz_QLayers_5___seed_1_1761468207
8085504,1-Training-Losses/policy_loss,-2.1337764337658882e-05,Pong1PQFM_XObs_entangled_trainable_rzz_QLayers_5___seed_1_1761468207
8089600,1-Training-Losses/policy_loss,-0.00041081197559833527,Pong1PQFM_XObs_entangled_trainable_rzz_QLayers_5___seed_1_1761468207
8093696,1-Training-Losses/policy_loss,2.962956205010414e-05,Pong1PQFM_XObs_entangled_trainable_rzz_QLayers_5___seed_1_1761468207
8097792,1-Training-Losses/policy_loss,-0.00010100100189447403,Pong1PQFM_XObs_entangled_trainable_rzz_QLayers_5___seed_1_1761468207
8101888,1-Training-Losses/policy_loss,-8.215568959712982e-05,Pong1PQFM_XObs_entangled_trainable_rzz_QLayers_5___seed_1_1761468207
8105984,1-Training-Losses/policy_loss,-6.515579298138618e-05,Pong1PQFM_XObs_entangled_trainable_rzz_QLayers_5___seed_1_1761468207
8110080,1-Training-Losses/policy_loss,-6.786268204450607e-05,Pong1PQFM_XObs_entangled_trainable_rzz_QLayers_5___seed_1_1761468207
8114176,1-Training-Losses/policy_loss,-0.00016723712906241417,Pong1PQFM_XObs_entangled_trainable_rzz_QLayers_5___seed_1_1761468207
8118272,1-Training-Losses/policy_loss,-2.867821604013443e-05,Pong1PQFM_XObs_entangled_trainable_rzz_QLayers_5___seed_1_1761468207
8122368,1-Training-Losses/policy_loss,-3.472203388810158e-05,Pong1PQFM_XObs_entangled_trainable_rzz_QLayers_5___seed_1_1761468207
8126464,1-Training-Losses/policy_loss,-0.00010056933388113976,Pong1PQFM_XObs_entangled_trainable_rzz_QLayers_5___seed_1_1761468207
8130560,1-Training-Losses/policy_loss,-0.0001026778481900692,Pong1PQFM_XObs_entangled_trainable_rzz_QLayers_5___seed_1_1761468207
8134656,1-Training-Losses/policy_loss,-0.0003449060022830963,Pong1PQFM_XObs_entangled_trainable_rzz_QLayers_5___seed_1_1761468207
8138752,1-Training-Losses/policy_loss,-0.00020718807354569435,Pong1PQFM_XObs_entangled_trainable_rzz_QLayers_5___seed_1_1761468207
8142848,1-Training-Losses/policy_loss,-0.00023636594414710999,Pong1PQFM_XObs_entangled_trainable_rzz_QLayers_5___seed_1_1761468207
8146944,1-Training-Losses/policy_loss,-0.0001654280349612236,Pong1PQFM_XObs_entangled_trainable_rzz_QLayers_5___seed_1_1761468207
8151040,1-Training-Losses/policy_loss,-0.00027796393260359764,Pong1PQFM_XObs_entangled_trainable_rzz_QLayers_5___seed_1_1761468207
8155136,1-Training-Losses/policy_loss,-5.4216478019952774e-05,Pong1PQFM_XObs_entangled_trainable_rzz_QLayers_5___seed_1_1761468207
8159232,1-Training-Losses/policy_loss,-0.0001425463706254959,Pong1PQFM_XObs_entangled_trainable_rzz_QLayers_5___seed_1_1761468207
8163328,1-Training-Losses/policy_loss,-7.319450378417969e-05,Pong1PQFM_XObs_entangled_trainable_rzz_QLayers_5___seed_1_1761468207
8167424,1-Training-Losses/policy_loss,-0.00035102479159832,Pong1PQFM_XObs_entangled_trainable_rzz_QLayers_5___seed_1_1761468207
8171520,1-Training-Losses/policy_loss,-0.0001501934602856636,Pong1PQFM_XObs_entangled_trainable_rzz_QLayers_5___seed_1_1761468207
8175616,1-Training-Losses/policy_loss,-0.00011012144386768341,Pong1PQFM_XObs_entangled_trainable_rzz_QLayers_5___seed_1_1761468207
8179712,1-Training-Losses/policy_loss,-8.645560592412949e-05,Pong1PQFM_XObs_entangled_trainable_rzz_QLayers_5___seed_1_1761468207
8183808,1-Training-Losses/policy_loss,-0.00010175863280892372,Pong1PQFM_XObs_entangled_trainable_rzz_QLayers_5___seed_1_1761468207
8187904,1-Training-Losses/policy_loss,-0.00023650727234780788,Pong1PQFM_XObs_entangled_trainable_rzz_QLayers_5___seed_1_1761468207
8192000,1-Training-Losses/policy_loss,-0.0004005483351647854,Pong1PQFM_XObs_entangled_trainable_rzz_QLayers_5___seed_1_1761468207
8196096,1-Training-Losses/policy_loss,-0.00010680034756660461,Pong1PQFM_XObs_entangled_trainable_rzz_QLayers_5___seed_1_1761468207
8200192,1-Training-Losses/policy_loss,-0.0003322772681713104,Pong1PQFM_XObs_entangled_trainable_rzz_QLayers_5___seed_1_1761468207
8204288,1-Training-Losses/policy_loss,-0.0003052433021366596,Pong1PQFM_XObs_entangled_trainable_rzz_QLayers_5___seed_1_1761468207
8208384,1-Training-Losses/policy_loss,-0.00015022000297904015,Pong1PQFM_XObs_entangled_trainable_rzz_QLayers_5___seed_1_1761468207
8212480,1-Training-Losses/policy_loss,-0.00017065927386283875,Pong1PQFM_XObs_entangled_trainable_rzz_QLayers_5___seed_1_1761468207
8216576,1-Training-Losses/policy_loss,-0.00015467777848243713,Pong1PQFM_XObs_entangled_trainable_rzz_QLayers_5___seed_1_1761468207
8220672,1-Training-Losses/policy_loss,-6.64296094328165e-05,Pong1PQFM_XObs_entangled_trainable_rzz_QLayers_5___seed_1_1761468207
8224768,1-Training-Losses/policy_loss,-0.00012373831123113632,Pong1PQFM_XObs_entangled_trainable_rzz_QLayers_5___seed_1_1761468207
8228864,1-Training-Losses/policy_loss,-2.1267682313919067e-05,Pong1PQFM_XObs_entangled_trainable_rzz_QLayers_5___seed_1_1761468207
8232960,1-Training-Losses/policy_loss,-7.37905502319336e-05,Pong1PQFM_XObs_entangled_trainable_rzz_QLayers_5___seed_1_1761468207
8237056,1-Training-Losses/policy_loss,-8.459319360554218e-05,Pong1PQFM_XObs_entangled_trainable_rzz_QLayers_5___seed_1_1761468207
8241152,1-Training-Losses/policy_loss,-0.00014953420031815767,Pong1PQFM_XObs_entangled_trainable_rzz_QLayers_5___seed_1_1761468207
8245248,1-Training-Losses/policy_loss,-0.0001375284045934677,Pong1PQFM_XObs_entangled_trainable_rzz_QLayers_5___seed_1_1761468207
8249344,1-Training-Losses/policy_loss,-0.0001222621649503708,Pong1PQFM_XObs_entangled_trainable_rzz_QLayers_5___seed_1_1761468207
8253440,1-Training-Losses/policy_loss,-0.00012145307846367359,Pong1PQFM_XObs_entangled_trainable_rzz_QLayers_5___seed_1_1761468207
8257536,1-Training-Losses/policy_loss,-2.6564113795757294e-05,Pong1PQFM_XObs_entangled_trainable_rzz_QLayers_5___seed_1_1761468207
8261632,1-Training-Losses/policy_loss,-0.00012491201050579548,Pong1PQFM_XObs_entangled_trainable_rzz_QLayers_5___seed_1_1761468207
8265728,1-Training-Losses/policy_loss,-0.00013521441724151373,Pong1PQFM_XObs_entangled_trainable_rzz_QLayers_5___seed_1_1761468207
8269824,1-Training-Losses/policy_loss,-0.0001741405576467514,Pong1PQFM_XObs_entangled_trainable_rzz_QLayers_5___seed_1_1761468207
8273920,1-Training-Losses/policy_loss,-0.00012029055505990982,Pong1PQFM_XObs_entangled_trainable_rzz_QLayers_5___seed_1_1761468207
8278016,1-Training-Losses/policy_loss,-0.0002807043492794037,Pong1PQFM_XObs_entangled_trainable_rzz_QLayers_5___seed_1_1761468207
8282112,1-Training-Losses/policy_loss,-0.0001477622427046299,Pong1PQFM_XObs_entangled_trainable_rzz_QLayers_5___seed_1_1761468207
8286208,1-Training-Losses/policy_loss,-9.186007082462311e-05,Pong1PQFM_XObs_entangled_trainable_rzz_QLayers_5___seed_1_1761468207
8290304,1-Training-Losses/policy_loss,-7.351720705628395e-05,Pong1PQFM_XObs_entangled_trainable_rzz_QLayers_5___seed_1_1761468207
8294400,1-Training-Losses/policy_loss,-4.887394607067108e-05,Pong1PQFM_XObs_entangled_trainable_rzz_QLayers_5___seed_1_1761468207
8298496,1-Training-Losses/policy_loss,-8.429773151874542e-05,Pong1PQFM_XObs_entangled_trainable_rzz_QLayers_5___seed_1_1761468207
8302592,1-Training-Losses/policy_loss,-9.517930448055267e-05,Pong1PQFM_XObs_entangled_trainable_rzz_QLayers_5___seed_1_1761468207
8306688,1-Training-Losses/policy_loss,-0.0002924147993326187,Pong1PQFM_XObs_entangled_trainable_rzz_QLayers_5___seed_1_1761468207
8310784,1-Training-Losses/policy_loss,-8.27983021736145e-05,Pong1PQFM_XObs_entangled_trainable_rzz_QLayers_5___seed_1_1761468207
8314880,1-Training-Losses/policy_loss,-6.999261677265167e-05,Pong1PQFM_XObs_entangled_trainable_rzz_QLayers_5___seed_1_1761468207
8318976,1-Training-Losses/policy_loss,-8.585117757320404e-05,Pong1PQFM_XObs_entangled_trainable_rzz_QLayers_5___seed_1_1761468207
8323072,1-Training-Losses/policy_loss,-1.0164454579353333e-05,Pong1PQFM_XObs_entangled_trainable_rzz_QLayers_5___seed_1_1761468207
8327168,1-Training-Losses/policy_loss,-0.00010348297655582428,Pong1PQFM_XObs_entangled_trainable_rzz_QLayers_5___seed_1_1761468207
8331264,1-Training-Losses/policy_loss,-0.00019829603843390942,Pong1PQFM_XObs_entangled_trainable_rzz_QLayers_5___seed_1_1761468207
8335360,1-Training-Losses/policy_loss,-3.840867429971695e-05,Pong1PQFM_XObs_entangled_trainable_rzz_QLayers_5___seed_1_1761468207
8339456,1-Training-Losses/policy_loss,-0.00032433681190013885,Pong1PQFM_XObs_entangled_trainable_rzz_QLayers_5___seed_1_1761468207
8343552,1-Training-Losses/policy_loss,-0.00031144870445132256,Pong1PQFM_XObs_entangled_trainable_rzz_QLayers_5___seed_1_1761468207
8347648,1-Training-Losses/policy_loss,-0.00023285113275051117,Pong1PQFM_XObs_entangled_trainable_rzz_QLayers_5___seed_1_1761468207
8351744,1-Training-Losses/policy_loss,-6.661633960902691e-05,Pong1PQFM_XObs_entangled_trainable_rzz_QLayers_5___seed_1_1761468207
8355840,1-Training-Losses/policy_loss,-0.00022627972066402435,Pong1PQFM_XObs_entangled_trainable_rzz_QLayers_5___seed_1_1761468207
8359936,1-Training-Losses/policy_loss,-7.78883695602417e-05,Pong1PQFM_XObs_entangled_trainable_rzz_QLayers_5___seed_1_1761468207
8364032,1-Training-Losses/policy_loss,-4.571396857500076e-05,Pong1PQFM_XObs_entangled_trainable_rzz_QLayers_5___seed_1_1761468207
8368128,1-Training-Losses/policy_loss,-4.3723732233047485e-05,Pong1PQFM_XObs_entangled_trainable_rzz_QLayers_5___seed_1_1761468207
8372224,1-Training-Losses/policy_loss,-0.00013925554230809212,Pong1PQFM_XObs_entangled_trainable_rzz_QLayers_5___seed_1_1761468207
8376320,1-Training-Losses/policy_loss,-0.00012097088620066643,Pong1PQFM_XObs_entangled_trainable_rzz_QLayers_5___seed_1_1761468207
8380416,1-Training-Losses/policy_loss,7.943250238895416e-06,Pong1PQFM_XObs_entangled_trainable_rzz_QLayers_5___seed_1_1761468207
8384512,1-Training-Losses/policy_loss,-2.304278314113617e-05,Pong1PQFM_XObs_entangled_trainable_rzz_QLayers_5___seed_1_1761468207
8388608,1-Training-Losses/policy_loss,-0.00017282296903431416,Pong1PQFM_XObs_entangled_trainable_rzz_QLayers_5___seed_1_1761468207
8392704,1-Training-Losses/policy_loss,-0.00010694097727537155,Pong1PQFM_XObs_entangled_trainable_rzz_QLayers_5___seed_1_1761468207
8396800,1-Training-Losses/policy_loss,-0.00010231602936983109,Pong1PQFM_XObs_entangled_trainable_rzz_QLayers_5___seed_1_1761468207
8400896,1-Training-Losses/policy_loss,-2.7082860469818115e-06,Pong1PQFM_XObs_entangled_trainable_rzz_QLayers_5___seed_1_1761468207
8404992,1-Training-Losses/policy_loss,-0.0002282499335706234,Pong1PQFM_XObs_entangled_trainable_rzz_QLayers_5___seed_1_1761468207
8409088,1-Training-Losses/policy_loss,-0.00012755743227899075,Pong1PQFM_XObs_entangled_trainable_rzz_QLayers_5___seed_1_1761468207
8413184,1-Training-Losses/policy_loss,-3.465707413852215e-05,Pong1PQFM_XObs_entangled_trainable_rzz_QLayers_5___seed_1_1761468207
8417280,1-Training-Losses/policy_loss,-0.00011526956222951412,Pong1PQFM_XObs_entangled_trainable_rzz_QLayers_5___seed_1_1761468207
8421376,1-Training-Losses/policy_loss,-0.0002596224658191204,Pong1PQFM_XObs_entangled_trainable_rzz_QLayers_5___seed_1_1761468207
8425472,1-Training-Losses/policy_loss,-1.2148404493927956e-05,Pong1PQFM_XObs_entangled_trainable_rzz_QLayers_5___seed_1_1761468207
8429568,1-Training-Losses/policy_loss,-5.819834768772125e-06,Pong1PQFM_XObs_entangled_trainable_rzz_QLayers_5___seed_1_1761468207
8433664,1-Training-Losses/policy_loss,-0.00022982805967330933,Pong1PQFM_XObs_entangled_trainable_rzz_QLayers_5___seed_1_1761468207
8437760,1-Training-Losses/policy_loss,-0.000596705824136734,Pong1PQFM_XObs_entangled_trainable_rzz_QLayers_5___seed_1_1761468207
8441856,1-Training-Losses/policy_loss,-7.827673107385635e-05,Pong1PQFM_XObs_entangled_trainable_rzz_QLayers_5___seed_1_1761468207
8445952,1-Training-Losses/policy_loss,-1.9223429262638092e-05,Pong1PQFM_XObs_entangled_trainable_rzz_QLayers_5___seed_1_1761468207
8450048,1-Training-Losses/policy_loss,-5.588354542851448e-05,Pong1PQFM_XObs_entangled_trainable_rzz_QLayers_5___seed_1_1761468207
8454144,1-Training-Losses/policy_loss,-8.020305540412664e-05,Pong1PQFM_XObs_entangled_trainable_rzz_QLayers_5___seed_1_1761468207
8458240,1-Training-Losses/policy_loss,-1.6057398170232773e-05,Pong1PQFM_XObs_entangled_trainable_rzz_QLayers_5___seed_1_1761468207
8462336,1-Training-Losses/policy_loss,-3.5703182220458984e-05,Pong1PQFM_XObs_entangled_trainable_rzz_QLayers_5___seed_1_1761468207
8466432,1-Training-Losses/policy_loss,-0.0001598317176103592,Pong1PQFM_XObs_entangled_trainable_rzz_QLayers_5___seed_1_1761468207
8470528,1-Training-Losses/policy_loss,-4.695821553468704e-05,Pong1PQFM_XObs_entangled_trainable_rzz_QLayers_5___seed_1_1761468207
8474624,1-Training-Losses/policy_loss,-7.786182686686516e-05,Pong1PQFM_XObs_entangled_trainable_rzz_QLayers_5___seed_1_1761468207
8478720,1-Training-Losses/policy_loss,-8.82432796061039e-05,Pong1PQFM_XObs_entangled_trainable_rzz_QLayers_5___seed_1_1761468207
8482816,1-Training-Losses/policy_loss,-5.852803587913513e-05,Pong1PQFM_XObs_entangled_trainable_rzz_QLayers_5___seed_1_1761468207
8486912,1-Training-Losses/policy_loss,-9.088404476642609e-05,Pong1PQFM_XObs_entangled_trainable_rzz_QLayers_5___seed_1_1761468207
8491008,1-Training-Losses/policy_loss,-7.525645196437836e-05,Pong1PQFM_XObs_entangled_trainable_rzz_QLayers_5___seed_1_1761468207
8495104,1-Training-Losses/policy_loss,-6.221095100045204e-05,Pong1PQFM_XObs_entangled_trainable_rzz_QLayers_5___seed_1_1761468207
8499200,1-Training-Losses/policy_loss,-4.647858440876007e-05,Pong1PQFM_XObs_entangled_trainable_rzz_QLayers_5___seed_1_1761468207
8503296,1-Training-Losses/policy_loss,-0.00010859128087759018,Pong1PQFM_XObs_entangled_trainable_rzz_QLayers_5___seed_1_1761468207
8507392,1-Training-Losses/policy_loss,-9.170453995466232e-05,Pong1PQFM_XObs_entangled_trainable_rzz_QLayers_5___seed_1_1761468207
8511488,1-Training-Losses/policy_loss,-6.56109768897295e-05,Pong1PQFM_XObs_entangled_trainable_rzz_QLayers_5___seed_1_1761468207
8515584,1-Training-Losses/policy_loss,-1.4017336070537567e-05,Pong1PQFM_XObs_entangled_trainable_rzz_QLayers_5___seed_1_1761468207
8519680,1-Training-Losses/policy_loss,-3.843498416244984e-05,Pong1PQFM_XObs_entangled_trainable_rzz_QLayers_5___seed_1_1761468207
8523776,1-Training-Losses/policy_loss,-0.00016489997506141663,Pong1PQFM_XObs_entangled_trainable_rzz_QLayers_5___seed_1_1761468207
8527872,1-Training-Losses/policy_loss,-1.9194558262825012e-05,Pong1PQFM_XObs_entangled_trainable_rzz_QLayers_5___seed_1_1761468207
8531968,1-Training-Losses/policy_loss,-4.519335925579071e-05,Pong1PQFM_XObs_entangled_trainable_rzz_QLayers_5___seed_1_1761468207
8536064,1-Training-Losses/policy_loss,-8.419156074523926e-05,Pong1PQFM_XObs_entangled_trainable_rzz_QLayers_5___seed_1_1761468207
8540160,1-Training-Losses/policy_loss,-3.1402334570884705e-05,Pong1PQFM_XObs_entangled_trainable_rzz_QLayers_5___seed_1_1761468207
8544256,1-Training-Losses/policy_loss,-0.00015085143968462944,Pong1PQFM_XObs_entangled_trainable_rzz_QLayers_5___seed_1_1761468207
8548352,1-Training-Losses/policy_loss,-4.1404273360967636e-05,Pong1PQFM_XObs_entangled_trainable_rzz_QLayers_5___seed_1_1761468207
8552448,1-Training-Losses/policy_loss,-8.608121424913406e-05,Pong1PQFM_XObs_entangled_trainable_rzz_QLayers_5___seed_1_1761468207
8556544,1-Training-Losses/policy_loss,-0.00022544432431459427,Pong1PQFM_XObs_entangled_trainable_rzz_QLayers_5___seed_1_1761468207
8560640,1-Training-Losses/policy_loss,1.0857358574867249e-05,Pong1PQFM_XObs_entangled_trainable_rzz_QLayers_5___seed_1_1761468207
8564736,1-Training-Losses/policy_loss,-3.246869891881943e-05,Pong1PQFM_XObs_entangled_trainable_rzz_QLayers_5___seed_1_1761468207
8568832,1-Training-Losses/policy_loss,-0.00010611698962748051,Pong1PQFM_XObs_entangled_trainable_rzz_QLayers_5___seed_1_1761468207
8572928,1-Training-Losses/policy_loss,-2.071610651910305e-05,Pong1PQFM_XObs_entangled_trainable_rzz_QLayers_5___seed_1_1761468207
8577024,1-Training-Losses/policy_loss,-3.2969750463962555e-05,Pong1PQFM_XObs_entangled_trainable_rzz_QLayers_5___seed_1_1761468207
8581120,1-Training-Losses/policy_loss,-0.00016473326832056046,Pong1PQFM_XObs_entangled_trainable_rzz_QLayers_5___seed_1_1761468207
8585216,1-Training-Losses/policy_loss,-8.918228559195995e-05,Pong1PQFM_XObs_entangled_trainable_rzz_QLayers_5___seed_1_1761468207
8589312,1-Training-Losses/policy_loss,-2.9647722840309143e-05,Pong1PQFM_XObs_entangled_trainable_rzz_QLayers_5___seed_1_1761468207
8593408,1-Training-Losses/policy_loss,-4.3636420741677284e-05,Pong1PQFM_XObs_entangled_trainable_rzz_QLayers_5___seed_1_1761468207
8597504,1-Training-Losses/policy_loss,-6.395578384399414e-05,Pong1PQFM_XObs_entangled_trainable_rzz_QLayers_5___seed_1_1761468207
8601600,1-Training-Losses/policy_loss,-0.00030099786818027496,Pong1PQFM_XObs_entangled_trainable_rzz_QLayers_5___seed_1_1761468207
8605696,1-Training-Losses/policy_loss,-4.5827124267816544e-05,Pong1PQFM_XObs_entangled_trainable_rzz_QLayers_5___seed_1_1761468207
8609792,1-Training-Losses/policy_loss,-5.9320591390132904e-05,Pong1PQFM_XObs_entangled_trainable_rzz_QLayers_5___seed_1_1761468207
8613888,1-Training-Losses/policy_loss,1.404760405421257e-05,Pong1PQFM_XObs_entangled_trainable_rzz_QLayers_5___seed_1_1761468207
8617984,1-Training-Losses/policy_loss,-7.868558168411255e-05,Pong1PQFM_XObs_entangled_trainable_rzz_QLayers_5___seed_1_1761468207
8622080,1-Training-Losses/policy_loss,-0.0003795335069298744,Pong1PQFM_XObs_entangled_trainable_rzz_QLayers_5___seed_1_1761468207
8626176,1-Training-Losses/policy_loss,-9.985221549868584e-05,Pong1PQFM_XObs_entangled_trainable_rzz_QLayers_5___seed_1_1761468207
8630272,1-Training-Losses/policy_loss,-0.00023591239005327225,Pong1PQFM_XObs_entangled_trainable_rzz_QLayers_5___seed_1_1761468207
8634368,1-Training-Losses/policy_loss,-0.00024266168475151062,Pong1PQFM_XObs_entangled_trainable_rzz_QLayers_5___seed_1_1761468207
8638464,1-Training-Losses/policy_loss,-8.846260607242584e-05,Pong1PQFM_XObs_entangled_trainable_rzz_QLayers_5___seed_1_1761468207
8642560,1-Training-Losses/policy_loss,3.78340482711792e-05,Pong1PQFM_XObs_entangled_trainable_rzz_QLayers_5___seed_1_1761468207
8646656,1-Training-Losses/policy_loss,-0.00011191098019480705,Pong1PQFM_XObs_entangled_trainable_rzz_QLayers_5___seed_1_1761468207
8650752,1-Training-Losses/policy_loss,-0.0001374532002955675,Pong1PQFM_XObs_entangled_trainable_rzz_QLayers_5___seed_1_1761468207
8654848,1-Training-Losses/policy_loss,-4.110857844352722e-05,Pong1PQFM_XObs_entangled_trainable_rzz_QLayers_5___seed_1_1761468207
8658944,1-Training-Losses/policy_loss,-3.7541380152106285e-05,Pong1PQFM_XObs_entangled_trainable_rzz_QLayers_5___seed_1_1761468207
8663040,1-Training-Losses/policy_loss,-9.672250598669052e-05,Pong1PQFM_XObs_entangled_trainable_rzz_QLayers_5___seed_1_1761468207
8667136,1-Training-Losses/policy_loss,-0.00012867548502981663,Pong1PQFM_XObs_entangled_trainable_rzz_QLayers_5___seed_1_1761468207
8671232,1-Training-Losses/policy_loss,-2.3679807782173157e-05,Pong1PQFM_XObs_entangled_trainable_rzz_QLayers_5___seed_1_1761468207
8675328,1-Training-Losses/policy_loss,-0.00020426372066140175,Pong1PQFM_XObs_entangled_trainable_rzz_QLayers_5___seed_1_1761468207
8679424,1-Training-Losses/policy_loss,-2.597179263830185e-05,Pong1PQFM_XObs_entangled_trainable_rzz_QLayers_5___seed_1_1761468207
8683520,1-Training-Losses/policy_loss,-8.946703746914864e-05,Pong1PQFM_XObs_entangled_trainable_rzz_QLayers_5___seed_1_1761468207
8687616,1-Training-Losses/policy_loss,-6.617140024900436e-05,Pong1PQFM_XObs_entangled_trainable_rzz_QLayers_5___seed_1_1761468207
8691712,1-Training-Losses/policy_loss,-0.00023022107779979706,Pong1PQFM_XObs_entangled_trainable_rzz_QLayers_5___seed_1_1761468207
8695808,1-Training-Losses/policy_loss,-9.850319474935532e-05,Pong1PQFM_XObs_entangled_trainable_rzz_QLayers_5___seed_1_1761468207
8699904,1-Training-Losses/policy_loss,-8.984282612800598e-05,Pong1PQFM_XObs_entangled_trainable_rzz_QLayers_5___seed_1_1761468207
8704000,1-Training-Losses/policy_loss,-3.7855468690395355e-05,Pong1PQFM_XObs_entangled_trainable_rzz_QLayers_5___seed_1_1761468207
8708096,1-Training-Losses/policy_loss,-8.280808106064796e-05,Pong1PQFM_XObs_entangled_trainable_rzz_QLayers_5___seed_1_1761468207
8712192,1-Training-Losses/policy_loss,-8.181529119610786e-05,Pong1PQFM_XObs_entangled_trainable_rzz_QLayers_5___seed_1_1761468207
8716288,1-Training-Losses/policy_loss,-5.162600427865982e-05,Pong1PQFM_XObs_entangled_trainable_rzz_QLayers_5___seed_1_1761468207
8720384,1-Training-Losses/policy_loss,-4.478916525840759e-05,Pong1PQFM_XObs_entangled_trainable_rzz_QLayers_5___seed_1_1761468207
8724480,1-Training-Losses/policy_loss,-0.00013555306941270828,Pong1PQFM_XObs_entangled_trainable_rzz_QLayers_5___seed_1_1761468207
8728576,1-Training-Losses/policy_loss,-0.00027033640071749687,Pong1PQFM_XObs_entangled_trainable_rzz_QLayers_5___seed_1_1761468207
8732672,1-Training-Losses/policy_loss,-9.140186011791229e-05,Pong1PQFM_XObs_entangled_trainable_rzz_QLayers_5___seed_1_1761468207
8736768,1-Training-Losses/policy_loss,-5.051027983427048e-06,Pong1PQFM_XObs_entangled_trainable_rzz_QLayers_5___seed_1_1761468207
8740864,1-Training-Losses/policy_loss,-5.773967131972313e-05,Pong1PQFM_XObs_entangled_trainable_rzz_QLayers_5___seed_1_1761468207
8744960,1-Training-Losses/policy_loss,-9.708339348435402e-05,Pong1PQFM_XObs_entangled_trainable_rzz_QLayers_5___seed_1_1761468207
8749056,1-Training-Losses/policy_loss,-3.0026305466890335e-05,Pong1PQFM_XObs_entangled_trainable_rzz_QLayers_5___seed_1_1761468207
8753152,1-Training-Losses/policy_loss,-0.00010574865154922009,Pong1PQFM_XObs_entangled_trainable_rzz_QLayers_5___seed_1_1761468207
8757248,1-Training-Losses/policy_loss,-5.7274941354990005e-05,Pong1PQFM_XObs_entangled_trainable_rzz_QLayers_5___seed_1_1761468207
8761344,1-Training-Losses/policy_loss,1.2740492820739746e-06,Pong1PQFM_XObs_entangled_trainable_rzz_QLayers_5___seed_1_1761468207
8765440,1-Training-Losses/policy_loss,-0.00012990832328796387,Pong1PQFM_XObs_entangled_trainable_rzz_QLayers_5___seed_1_1761468207
8769536,1-Training-Losses/policy_loss,-3.048218786716461e-06,Pong1PQFM_XObs_entangled_trainable_rzz_QLayers_5___seed_1_1761468207
8773632,1-Training-Losses/policy_loss,-3.8508791476488113e-05,Pong1PQFM_XObs_entangled_trainable_rzz_QLayers_5___seed_1_1761468207
8777728,1-Training-Losses/policy_loss,-5.021970719099045e-05,Pong1PQFM_XObs_entangled_trainable_rzz_QLayers_5___seed_1_1761468207
8781824,1-Training-Losses/policy_loss,-3.9419159293174744e-05,Pong1PQFM_XObs_entangled_trainable_rzz_QLayers_5___seed_1_1761468207
8785920,1-Training-Losses/policy_loss,-0.00010970514267683029,Pong1PQFM_XObs_entangled_trainable_rzz_QLayers_5___seed_1_1761468207
8790016,1-Training-Losses/policy_loss,-6.076670251786709e-05,Pong1PQFM_XObs_entangled_trainable_rzz_QLayers_5___seed_1_1761468207
8794112,1-Training-Losses/policy_loss,-0.00010659918189048767,Pong1PQFM_XObs_entangled_trainable_rzz_QLayers_5___seed_1_1761468207
8798208,1-Training-Losses/policy_loss,-0.00010029878467321396,Pong1PQFM_XObs_entangled_trainable_rzz_QLayers_5___seed_1_1761468207
8802304,1-Training-Losses/policy_loss,-2.3633241653442383e-05,Pong1PQFM_XObs_entangled_trainable_rzz_QLayers_5___seed_1_1761468207
8806400,1-Training-Losses/policy_loss,-6.622821092605591e-05,Pong1PQFM_XObs_entangled_trainable_rzz_QLayers_5___seed_1_1761468207
8810496,1-Training-Losses/policy_loss,-1.4027580618858337e-05,Pong1PQFM_XObs_entangled_trainable_rzz_QLayers_5___seed_1_1761468207
8814592,1-Training-Losses/policy_loss,-4.824576899409294e-05,Pong1PQFM_XObs_entangled_trainable_rzz_QLayers_5___seed_1_1761468207
8818688,1-Training-Losses/policy_loss,-3.201141953468323e-05,Pong1PQFM_XObs_entangled_trainable_rzz_QLayers_5___seed_1_1761468207
8822784,1-Training-Losses/policy_loss,-8.376955520361662e-05,Pong1PQFM_XObs_entangled_trainable_rzz_QLayers_5___seed_1_1761468207
8826880,1-Training-Losses/policy_loss,-0.0001377384178340435,Pong1PQFM_XObs_entangled_trainable_rzz_QLayers_5___seed_1_1761468207
8830976,1-Training-Losses/policy_loss,-3.0422117561101913e-05,Pong1PQFM_XObs_entangled_trainable_rzz_QLayers_5___seed_1_1761468207
8835072,1-Training-Losses/policy_loss,-6.319768726825714e-05,Pong1PQFM_XObs_entangled_trainable_rzz_QLayers_5___seed_1_1761468207
8839168,1-Training-Losses/policy_loss,-0.0002542235888540745,Pong1PQFM_XObs_entangled_trainable_rzz_QLayers_5___seed_1_1761468207
8843264,1-Training-Losses/policy_loss,-7.677171379327774e-05,Pong1PQFM_XObs_entangled_trainable_rzz_QLayers_5___seed_1_1761468207
8847360,1-Training-Losses/policy_loss,-3.574695438146591e-05,Pong1PQFM_XObs_entangled_trainable_rzz_QLayers_5___seed_1_1761468207
8851456,1-Training-Losses/policy_loss,-7.92425125837326e-05,Pong1PQFM_XObs_entangled_trainable_rzz_QLayers_5___seed_1_1761468207
8855552,1-Training-Losses/policy_loss,-0.0001517762430012226,Pong1PQFM_XObs_entangled_trainable_rzz_QLayers_5___seed_1_1761468207
8859648,1-Training-Losses/policy_loss,-0.0001951036974787712,Pong1PQFM_XObs_entangled_trainable_rzz_QLayers_5___seed_1_1761468207
8863744,1-Training-Losses/policy_loss,-2.388330176472664e-05,Pong1PQFM_XObs_entangled_trainable_rzz_QLayers_5___seed_1_1761468207
8867840,1-Training-Losses/policy_loss,-1.993030309677124e-05,Pong1PQFM_XObs_entangled_trainable_rzz_QLayers_5___seed_1_1761468207
8871936,1-Training-Losses/policy_loss,-6.634462624788284e-05,Pong1PQFM_XObs_entangled_trainable_rzz_QLayers_5___seed_1_1761468207
8876032,1-Training-Losses/policy_loss,-5.6012533605098724e-05,Pong1PQFM_XObs_entangled_trainable_rzz_QLayers_5___seed_1_1761468207
8880128,1-Training-Losses/policy_loss,-5.4887495934963226e-05,Pong1PQFM_XObs_entangled_trainable_rzz_QLayers_5___seed_1_1761468207
8884224,1-Training-Losses/policy_loss,-0.00011396780610084534,Pong1PQFM_XObs_entangled_trainable_rzz_QLayers_5___seed_1_1761468207
8888320,1-Training-Losses/policy_loss,-4.515796899795532e-05,Pong1PQFM_XObs_entangled_trainable_rzz_QLayers_5___seed_1_1761468207
8892416,1-Training-Losses/policy_loss,-0.0001923206727951765,Pong1PQFM_XObs_entangled_trainable_rzz_QLayers_5___seed_1_1761468207
8896512,1-Training-Losses/policy_loss,-7.454352453351021e-05,Pong1PQFM_XObs_entangled_trainable_rzz_QLayers_5___seed_1_1761468207
8900608,1-Training-Losses/policy_loss,-4.632025957107544e-05,Pong1PQFM_XObs_entangled_trainable_rzz_QLayers_5___seed_1_1761468207
8904704,1-Training-Losses/policy_loss,-9.501911699771881e-05,Pong1PQFM_XObs_entangled_trainable_rzz_QLayers_5___seed_1_1761468207
8908800,1-Training-Losses/policy_loss,-4.034116864204407e-05,Pong1PQFM_XObs_entangled_trainable_rzz_QLayers_5___seed_1_1761468207
8912896,1-Training-Losses/policy_loss,-0.00011685211211442947,Pong1PQFM_XObs_entangled_trainable_rzz_QLayers_5___seed_1_1761468207
8916992,1-Training-Losses/policy_loss,-3.736047074198723e-05,Pong1PQFM_XObs_entangled_trainable_rzz_QLayers_5___seed_1_1761468207
8921088,1-Training-Losses/policy_loss,-4.5239925384521484e-05,Pong1PQFM_XObs_entangled_trainable_rzz_QLayers_5___seed_1_1761468207
8925184,1-Training-Losses/policy_loss,-3.166496753692627e-05,Pong1PQFM_XObs_entangled_trainable_rzz_QLayers_5___seed_1_1761468207
8929280,1-Training-Losses/policy_loss,-2.131238579750061e-05,Pong1PQFM_XObs_entangled_trainable_rzz_QLayers_5___seed_1_1761468207
8933376,1-Training-Losses/policy_loss,-5.449657328426838e-05,Pong1PQFM_XObs_entangled_trainable_rzz_QLayers_5___seed_1_1761468207
8937472,1-Training-Losses/policy_loss,-7.073208689689636e-05,Pong1PQFM_XObs_entangled_trainable_rzz_QLayers_5___seed_1_1761468207
8941568,1-Training-Losses/policy_loss,-0.00010689208284020424,Pong1PQFM_XObs_entangled_trainable_rzz_QLayers_5___seed_1_1761468207
8945664,1-Training-Losses/policy_loss,-2.0293518900871277e-06,Pong1PQFM_XObs_entangled_trainable_rzz_QLayers_5___seed_1_1761468207
8949760,1-Training-Losses/policy_loss,-0.0001777196303009987,Pong1PQFM_XObs_entangled_trainable_rzz_QLayers_5___seed_1_1761468207
8953856,1-Training-Losses/policy_loss,-8.266884833574295e-05,Pong1PQFM_XObs_entangled_trainable_rzz_QLayers_5___seed_1_1761468207
8957952,1-Training-Losses/policy_loss,-0.00017456337809562683,Pong1PQFM_XObs_entangled_trainable_rzz_QLayers_5___seed_1_1761468207
8962048,1-Training-Losses/policy_loss,-0.0003196648322045803,Pong1PQFM_XObs_entangled_trainable_rzz_QLayers_5___seed_1_1761468207
8966144,1-Training-Losses/policy_loss,-3.1690578907728195e-05,Pong1PQFM_XObs_entangled_trainable_rzz_QLayers_5___seed_1_1761468207
8970240,1-Training-Losses/policy_loss,1.0338379070162773e-05,Pong1PQFM_XObs_entangled_trainable_rzz_QLayers_5___seed_1_1761468207
8974336,1-Training-Losses/policy_loss,-2.333894371986389e-05,Pong1PQFM_XObs_entangled_trainable_rzz_QLayers_5___seed_1_1761468207
8978432,1-Training-Losses/policy_loss,-2.4061650037765503e-05,Pong1PQFM_XObs_entangled_trainable_rzz_QLayers_5___seed_1_1761468207
8982528,1-Training-Losses/policy_loss,-4.940759390592575e-05,Pong1PQFM_XObs_entangled_trainable_rzz_QLayers_5___seed_1_1761468207
8986624,1-Training-Losses/policy_loss,-7.613794878125191e-05,Pong1PQFM_XObs_entangled_trainable_rzz_QLayers_5___seed_1_1761468207
8990720,1-Training-Losses/policy_loss,-0.00020804395899176598,Pong1PQFM_XObs_entangled_trainable_rzz_QLayers_5___seed_1_1761468207
8994816,1-Training-Losses/policy_loss,-6.163492798805237e-05,Pong1PQFM_XObs_entangled_trainable_rzz_QLayers_5___seed_1_1761468207
8998912,1-Training-Losses/policy_loss,-2.2450461983680725e-05,Pong1PQFM_XObs_entangled_trainable_rzz_QLayers_5___seed_1_1761468207
9003008,1-Training-Losses/policy_loss,-7.837265729904175e-05,Pong1PQFM_XObs_entangled_trainable_rzz_QLayers_5___seed_1_1761468207
9007104,1-Training-Losses/policy_loss,-6.706453859806061e-05,Pong1PQFM_XObs_entangled_trainable_rzz_QLayers_5___seed_1_1761468207
9011200,1-Training-Losses/policy_loss,-4.4368207454681396e-05,Pong1PQFM_XObs_entangled_trainable_rzz_QLayers_5___seed_1_1761468207
9015296,1-Training-Losses/policy_loss,-0.0001066671684384346,Pong1PQFM_XObs_entangled_trainable_rzz_QLayers_5___seed_1_1761468207
9019392,1-Training-Losses/policy_loss,2.5507062673568726e-05,Pong1PQFM_XObs_entangled_trainable_rzz_QLayers_5___seed_1_1761468207
9023488,1-Training-Losses/policy_loss,-6.0033053159713745e-05,Pong1PQFM_XObs_entangled_trainable_rzz_QLayers_5___seed_1_1761468207
9027584,1-Training-Losses/policy_loss,-6.904033944010735e-05,Pong1PQFM_XObs_entangled_trainable_rzz_QLayers_5___seed_1_1761468207
9031680,1-Training-Losses/policy_loss,-5.056778900325298e-05,Pong1PQFM_XObs_entangled_trainable_rzz_QLayers_5___seed_1_1761468207
9035776,1-Training-Losses/policy_loss,-5.7155266404151917e-05,Pong1PQFM_XObs_entangled_trainable_rzz_QLayers_5___seed_1_1761468207
9039872,1-Training-Losses/policy_loss,-8.480437099933624e-05,Pong1PQFM_XObs_entangled_trainable_rzz_QLayers_5___seed_1_1761468207
9043968,1-Training-Losses/policy_loss,-0.00019559916108846664,Pong1PQFM_XObs_entangled_trainable_rzz_QLayers_5___seed_1_1761468207
9048064,1-Training-Losses/policy_loss,-7.018912583589554e-05,Pong1PQFM_XObs_entangled_trainable_rzz_QLayers_5___seed_1_1761468207
9052160,1-Training-Losses/policy_loss,-7.292255759239197e-06,Pong1PQFM_XObs_entangled_trainable_rzz_QLayers_5___seed_1_1761468207
9056256,1-Training-Losses/policy_loss,-2.76295468211174e-05,Pong1PQFM_XObs_entangled_trainable_rzz_QLayers_5___seed_1_1761468207
9060352,1-Training-Losses/policy_loss,-8.855573832988739e-05,Pong1PQFM_XObs_entangled_trainable_rzz_QLayers_5___seed_1_1761468207
9064448,1-Training-Losses/policy_loss,-2.337014302611351e-05,Pong1PQFM_XObs_entangled_trainable_rzz_QLayers_5___seed_1_1761468207
9068544,1-Training-Losses/policy_loss,-1.872098073363304e-05,Pong1PQFM_XObs_entangled_trainable_rzz_QLayers_5___seed_1_1761468207
9072640,1-Training-Losses/policy_loss,-7.59032554924488e-05,Pong1PQFM_XObs_entangled_trainable_rzz_QLayers_5___seed_1_1761468207
9076736,1-Training-Losses/policy_loss,-4.429277032613754e-05,Pong1PQFM_XObs_entangled_trainable_rzz_QLayers_5___seed_1_1761468207
9080832,1-Training-Losses/policy_loss,-8.674408309161663e-05,Pong1PQFM_XObs_entangled_trainable_rzz_QLayers_5___seed_1_1761468207
9084928,1-Training-Losses/policy_loss,-1.0849442332983017e-05,Pong1PQFM_XObs_entangled_trainable_rzz_QLayers_5___seed_1_1761468207
9089024,1-Training-Losses/policy_loss,-7.398659363389015e-05,Pong1PQFM_XObs_entangled_trainable_rzz_QLayers_5___seed_1_1761468207
9093120,1-Training-Losses/policy_loss,-1.0345131158828735e-05,Pong1PQFM_XObs_entangled_trainable_rzz_QLayers_5___seed_1_1761468207
9097216,1-Training-Losses/policy_loss,-3.0252616852521896e-05,Pong1PQFM_XObs_entangled_trainable_rzz_QLayers_5___seed_1_1761468207
9101312,1-Training-Losses/policy_loss,-1.0877847671508789e-05,Pong1PQFM_XObs_entangled_trainable_rzz_QLayers_5___seed_1_1761468207
9105408,1-Training-Losses/policy_loss,-3.7929974496364594e-05,Pong1PQFM_XObs_entangled_trainable_rzz_QLayers_5___seed_1_1761468207
9109504,1-Training-Losses/policy_loss,-3.610248677432537e-05,Pong1PQFM_XObs_entangled_trainable_rzz_QLayers_5___seed_1_1761468207
9113600,1-Training-Losses/policy_loss,-2.917461097240448e-05,Pong1PQFM_XObs_entangled_trainable_rzz_QLayers_5___seed_1_1761468207
9117696,1-Training-Losses/policy_loss,-5.100877024233341e-05,Pong1PQFM_XObs_entangled_trainable_rzz_QLayers_5___seed_1_1761468207
9121792,1-Training-Losses/policy_loss,-2.7757836505770683e-05,Pong1PQFM_XObs_entangled_trainable_rzz_QLayers_5___seed_1_1761468207
9125888,1-Training-Losses/policy_loss,-0.00010754214599728584,Pong1PQFM_XObs_entangled_trainable_rzz_QLayers_5___seed_1_1761468207
9129984,1-Training-Losses/policy_loss,1.9166618585586548e-06,Pong1PQFM_XObs_entangled_trainable_rzz_QLayers_5___seed_1_1761468207
9134080,1-Training-Losses/policy_loss,-0.00010993843898177147,Pong1PQFM_XObs_entangled_trainable_rzz_QLayers_5___seed_1_1761468207
9138176,1-Training-Losses/policy_loss,-1.964392140507698e-05,Pong1PQFM_XObs_entangled_trainable_rzz_QLayers_5___seed_1_1761468207
9142272,1-Training-Losses/policy_loss,-6.377091631293297e-05,Pong1PQFM_XObs_entangled_trainable_rzz_QLayers_5___seed_1_1761468207
9146368,1-Training-Losses/policy_loss,-3.886595368385315e-05,Pong1PQFM_XObs_entangled_trainable_rzz_QLayers_5___seed_1_1761468207
9150464,1-Training-Losses/policy_loss,-4.1505321860313416e-05,Pong1PQFM_XObs_entangled_trainable_rzz_QLayers_5___seed_1_1761468207
9154560,1-Training-Losses/policy_loss,-4.702247679233551e-05,Pong1PQFM_XObs_entangled_trainable_rzz_QLayers_5___seed_1_1761468207
9158656,1-Training-Losses/policy_loss,-4.412280395627022e-05,Pong1PQFM_XObs_entangled_trainable_rzz_QLayers_5___seed_1_1761468207
9162752,1-Training-Losses/policy_loss,-2.2188760340213776e-05,Pong1PQFM_XObs_entangled_trainable_rzz_QLayers_5___seed_1_1761468207
9166848,1-Training-Losses/policy_loss,-2.6687048375606537e-06,Pong1PQFM_XObs_entangled_trainable_rzz_QLayers_5___seed_1_1761468207
9170944,1-Training-Losses/policy_loss,-0.00010292418301105499,Pong1PQFM_XObs_entangled_trainable_rzz_QLayers_5___seed_1_1761468207
9175040,1-Training-Losses/policy_loss,-7.72504135966301e-05,Pong1PQFM_XObs_entangled_trainable_rzz_QLayers_5___seed_1_1761468207
9179136,1-Training-Losses/policy_loss,-5.1612500101327896e-05,Pong1PQFM_XObs_entangled_trainable_rzz_QLayers_5___seed_1_1761468207
9183232,1-Training-Losses/policy_loss,-7.794145494699478e-05,Pong1PQFM_XObs_entangled_trainable_rzz_QLayers_5___seed_1_1761468207
9187328,1-Training-Losses/policy_loss,-1.0248273611068726e-05,Pong1PQFM_XObs_entangled_trainable_rzz_QLayers_5___seed_1_1761468207
9191424,1-Training-Losses/policy_loss,-4.125945270061493e-05,Pong1PQFM_XObs_entangled_trainable_rzz_QLayers_5___seed_1_1761468207
9195520,1-Training-Losses/policy_loss,-4.6339817345142365e-05,Pong1PQFM_XObs_entangled_trainable_rzz_QLayers_5___seed_1_1761468207
9199616,1-Training-Losses/policy_loss,-4.3042004108428955e-05,Pong1PQFM_XObs_entangled_trainable_rzz_QLayers_5___seed_1_1761468207
9203712,1-Training-Losses/policy_loss,-8.143391460180283e-05,Pong1PQFM_XObs_entangled_trainable_rzz_QLayers_5___seed_1_1761468207
9207808,1-Training-Losses/policy_loss,-4.2409636080265045e-05,Pong1PQFM_XObs_entangled_trainable_rzz_QLayers_5___seed_1_1761468207
9211904,1-Training-Losses/policy_loss,-3.201048821210861e-05,Pong1PQFM_XObs_entangled_trainable_rzz_QLayers_5___seed_1_1761468207
9216000,1-Training-Losses/policy_loss,-6.385147571563721e-05,Pong1PQFM_XObs_entangled_trainable_rzz_QLayers_5___seed_1_1761468207
9220096,1-Training-Losses/policy_loss,-7.847882807254791e-05,Pong1PQFM_XObs_entangled_trainable_rzz_QLayers_5___seed_1_1761468207
9224192,1-Training-Losses/policy_loss,-6.183469668030739e-05,Pong1PQFM_XObs_entangled_trainable_rzz_QLayers_5___seed_1_1761468207
9228288,1-Training-Losses/policy_loss,-3.092922270298004e-05,Pong1PQFM_XObs_entangled_trainable_rzz_QLayers_5___seed_1_1761468207
9232384,1-Training-Losses/policy_loss,-4.934798926115036e-05,Pong1PQFM_XObs_entangled_trainable_rzz_QLayers_5___seed_1_1761468207
9236480,1-Training-Losses/policy_loss,-8.815713226795197e-05,Pong1PQFM_XObs_entangled_trainable_rzz_QLayers_5___seed_1_1761468207
9240576,1-Training-Losses/policy_loss,-6.008567288517952e-05,Pong1PQFM_XObs_entangled_trainable_rzz_QLayers_5___seed_1_1761468207
9244672,1-Training-Losses/policy_loss,1.1158641427755356e-05,Pong1PQFM_XObs_entangled_trainable_rzz_QLayers_5___seed_1_1761468207
9248768,1-Training-Losses/policy_loss,-5.1889568567276e-05,Pong1PQFM_XObs_entangled_trainable_rzz_QLayers_5___seed_1_1761468207
9252864,1-Training-Losses/policy_loss,-2.497667446732521e-05,Pong1PQFM_XObs_entangled_trainable_rzz_QLayers_5___seed_1_1761468207
9256960,1-Training-Losses/policy_loss,-5.207117646932602e-05,Pong1PQFM_XObs_entangled_trainable_rzz_QLayers_5___seed_1_1761468207
9261056,1-Training-Losses/policy_loss,-7.30445608496666e-05,Pong1PQFM_XObs_entangled_trainable_rzz_QLayers_5___seed_1_1761468207
9265152,1-Training-Losses/policy_loss,-6.831483915448189e-05,Pong1PQFM_XObs_entangled_trainable_rzz_QLayers_5___seed_1_1761468207
9269248,1-Training-Losses/policy_loss,-1.144595444202423e-06,Pong1PQFM_XObs_entangled_trainable_rzz_QLayers_5___seed_1_1761468207
9273344,1-Training-Losses/policy_loss,-2.4959444999694824e-06,Pong1PQFM_XObs_entangled_trainable_rzz_QLayers_5___seed_1_1761468207
9277440,1-Training-Losses/policy_loss,-4.886789247393608e-05,Pong1PQFM_XObs_entangled_trainable_rzz_QLayers_5___seed_1_1761468207
9281536,1-Training-Losses/policy_loss,-7.184036076068878e-05,Pong1PQFM_XObs_entangled_trainable_rzz_QLayers_5___seed_1_1761468207
9285632,1-Training-Losses/policy_loss,-5.3515657782554626e-05,Pong1PQFM_XObs_entangled_trainable_rzz_QLayers_5___seed_1_1761468207
9289728,1-Training-Losses/policy_loss,-2.475525252521038e-05,Pong1PQFM_XObs_entangled_trainable_rzz_QLayers_5___seed_1_1761468207
9293824,1-Training-Losses/policy_loss,-3.217766061425209e-05,Pong1PQFM_XObs_entangled_trainable_rzz_QLayers_5___seed_1_1761468207
9297920,1-Training-Losses/policy_loss,-1.2527219951152802e-05,Pong1PQFM_XObs_entangled_trainable_rzz_QLayers_5___seed_1_1761468207
9302016,1-Training-Losses/policy_loss,-0.00010676542297005653,Pong1PQFM_XObs_entangled_trainable_rzz_QLayers_5___seed_1_1761468207
9306112,1-Training-Losses/policy_loss,-2.4212757125496864e-05,Pong1PQFM_XObs_entangled_trainable_rzz_QLayers_5___seed_1_1761468207
9310208,1-Training-Losses/policy_loss,-3.212969750165939e-05,Pong1PQFM_XObs_entangled_trainable_rzz_QLayers_5___seed_1_1761468207
9314304,1-Training-Losses/policy_loss,-0.00011008186265826225,Pong1PQFM_XObs_entangled_trainable_rzz_QLayers_5___seed_1_1761468207
9318400,1-Training-Losses/policy_loss,-2.5396235287189484e-05,Pong1PQFM_XObs_entangled_trainable_rzz_QLayers_5___seed_1_1761468207
9322496,1-Training-Losses/policy_loss,-2.5533605366945267e-05,Pong1PQFM_XObs_entangled_trainable_rzz_QLayers_5___seed_1_1761468207
9326592,1-Training-Losses/policy_loss,-2.9976945370435715e-05,Pong1PQFM_XObs_entangled_trainable_rzz_QLayers_5___seed_1_1761468207
9330688,1-Training-Losses/policy_loss,-4.1273655369877815e-05,Pong1PQFM_XObs_entangled_trainable_rzz_QLayers_5___seed_1_1761468207
9334784,1-Training-Losses/policy_loss,-1.3112090528011322e-05,Pong1PQFM_XObs_entangled_trainable_rzz_QLayers_5___seed_1_1761468207
9338880,1-Training-Losses/policy_loss,-3.4673139452934265e-05,Pong1PQFM_XObs_entangled_trainable_rzz_QLayers_5___seed_1_1761468207
9342976,1-Training-Losses/policy_loss,-4.750676453113556e-06,Pong1PQFM_XObs_entangled_trainable_rzz_QLayers_5___seed_1_1761468207
9347072,1-Training-Losses/policy_loss,-2.574198879301548e-05,Pong1PQFM_XObs_entangled_trainable_rzz_QLayers_5___seed_1_1761468207
9351168,1-Training-Losses/policy_loss,-3.551272675395012e-05,Pong1PQFM_XObs_entangled_trainable_rzz_QLayers_5___seed_1_1761468207
9355264,1-Training-Losses/policy_loss,-3.71001660823822e-05,Pong1PQFM_XObs_entangled_trainable_rzz_QLayers_5___seed_1_1761468207
9359360,1-Training-Losses/policy_loss,-3.0481256544589996e-05,Pong1PQFM_XObs_entangled_trainable_rzz_QLayers_5___seed_1_1761468207
9363456,1-Training-Losses/policy_loss,-8.353404700756073e-05,Pong1PQFM_XObs_entangled_trainable_rzz_QLayers_5___seed_1_1761468207
9367552,1-Training-Losses/policy_loss,-1.940689980983734e-05,Pong1PQFM_XObs_entangled_trainable_rzz_QLayers_5___seed_1_1761468207
9371648,1-Training-Losses/policy_loss,-0.00011776434257626534,Pong1PQFM_XObs_entangled_trainable_rzz_QLayers_5___seed_1_1761468207
9375744,1-Training-Losses/policy_loss,-3.6871060729026794e-06,Pong1PQFM_XObs_entangled_trainable_rzz_QLayers_5___seed_1_1761468207
9379840,1-Training-Losses/policy_loss,-4.7818757593631744e-05,Pong1PQFM_XObs_entangled_trainable_rzz_QLayers_5___seed_1_1761468207
9383936,1-Training-Losses/policy_loss,-5.045067518949509e-05,Pong1PQFM_XObs_entangled_trainable_rzz_QLayers_5___seed_1_1761468207
9388032,1-Training-Losses/policy_loss,-8.399877697229385e-05,Pong1PQFM_XObs_entangled_trainable_rzz_QLayers_5___seed_1_1761468207
9392128,1-Training-Losses/policy_loss,-9.850598871707916e-06,Pong1PQFM_XObs_entangled_trainable_rzz_QLayers_5___seed_1_1761468207
9396224,1-Training-Losses/policy_loss,-6.624078378081322e-05,Pong1PQFM_XObs_entangled_trainable_rzz_QLayers_5___seed_1_1761468207
9400320,1-Training-Losses/policy_loss,-4.0976330637931824e-05,Pong1PQFM_XObs_entangled_trainable_rzz_QLayers_5___seed_1_1761468207
9404416,1-Training-Losses/policy_loss,-4.91398386657238e-05,Pong1PQFM_XObs_entangled_trainable_rzz_QLayers_5___seed_1_1761468207
9408512,1-Training-Losses/policy_loss,-0.0001237615942955017,Pong1PQFM_XObs_entangled_trainable_rzz_QLayers_5___seed_1_1761468207
9412608,1-Training-Losses/policy_loss,-0.00010642688721418381,Pong1PQFM_XObs_entangled_trainable_rzz_QLayers_5___seed_1_1761468207
9416704,1-Training-Losses/policy_loss,-7.489509880542755e-05,Pong1PQFM_XObs_entangled_trainable_rzz_QLayers_5___seed_1_1761468207
9420800,1-Training-Losses/policy_loss,-1.0495539754629135e-05,Pong1PQFM_XObs_entangled_trainable_rzz_QLayers_5___seed_1_1761468207
9424896,1-Training-Losses/policy_loss,-3.1167175620794296e-05,Pong1PQFM_XObs_entangled_trainable_rzz_QLayers_5___seed_1_1761468207
9428992,1-Training-Losses/policy_loss,-2.3849308490753174e-05,Pong1PQFM_XObs_entangled_trainable_rzz_QLayers_5___seed_1_1761468207
9433088,1-Training-Losses/policy_loss,-1.63237564265728e-05,Pong1PQFM_XObs_entangled_trainable_rzz_QLayers_5___seed_1_1761468207
9437184,1-Training-Losses/policy_loss,-3.0553899705410004e-05,Pong1PQFM_XObs_entangled_trainable_rzz_QLayers_5___seed_1_1761468207
9441280,1-Training-Losses/policy_loss,-2.0683277398347855e-05,Pong1PQFM_XObs_entangled_trainable_rzz_QLayers_5___seed_1_1761468207
9445376,1-Training-Losses/policy_loss,-2.2577587515115738e-05,Pong1PQFM_XObs_entangled_trainable_rzz_QLayers_5___seed_1_1761468207
9449472,1-Training-Losses/policy_loss,-6.30414579063654e-05,Pong1PQFM_XObs_entangled_trainable_rzz_QLayers_5___seed_1_1761468207
9453568,1-Training-Losses/policy_loss,-2.635456621646881e-05,Pong1PQFM_XObs_entangled_trainable_rzz_QLayers_5___seed_1_1761468207
9457664,1-Training-Losses/policy_loss,-3.382749855518341e-05,Pong1PQFM_XObs_entangled_trainable_rzz_QLayers_5___seed_1_1761468207
9461760,1-Training-Losses/policy_loss,-2.1298415958881378e-05,Pong1PQFM_XObs_entangled_trainable_rzz_QLayers_5___seed_1_1761468207
9465856,1-Training-Losses/policy_loss,-4.674633964896202e-05,Pong1PQFM_XObs_entangled_trainable_rzz_QLayers_5___seed_1_1761468207
9469952,1-Training-Losses/policy_loss,-3.892555832862854e-05,Pong1PQFM_XObs_entangled_trainable_rzz_QLayers_5___seed_1_1761468207
9474048,1-Training-Losses/policy_loss,-1.941714435815811e-05,Pong1PQFM_XObs_entangled_trainable_rzz_QLayers_5___seed_1_1761468207
9478144,1-Training-Losses/policy_loss,-5.758274346590042e-05,Pong1PQFM_XObs_entangled_trainable_rzz_QLayers_5___seed_1_1761468207
9482240,1-Training-Losses/policy_loss,-8.66665504872799e-06,Pong1PQFM_XObs_entangled_trainable_rzz_QLayers_5___seed_1_1761468207
9486336,1-Training-Losses/policy_loss,-1.8740538507699966e-05,Pong1PQFM_XObs_entangled_trainable_rzz_QLayers_5___seed_1_1761468207
9490432,1-Training-Losses/policy_loss,-1.5243422240018845e-05,Pong1PQFM_XObs_entangled_trainable_rzz_QLayers_5___seed_1_1761468207
9494528,1-Training-Losses/policy_loss,-2.821558155119419e-05,Pong1PQFM_XObs_entangled_trainable_rzz_QLayers_5___seed_1_1761468207
9498624,1-Training-Losses/policy_loss,-0.00010786950588226318,Pong1PQFM_XObs_entangled_trainable_rzz_QLayers_5___seed_1_1761468207
9502720,1-Training-Losses/policy_loss,-4.143081605434418e-05,Pong1PQFM_XObs_entangled_trainable_rzz_QLayers_5___seed_1_1761468207
9506816,1-Training-Losses/policy_loss,-2.1945685148239136e-05,Pong1PQFM_XObs_entangled_trainable_rzz_QLayers_5___seed_1_1761468207
9510912,1-Training-Losses/policy_loss,-1.9801780581474304e-05,Pong1PQFM_XObs_entangled_trainable_rzz_QLayers_5___seed_1_1761468207
9515008,1-Training-Losses/policy_loss,-5.166046321392059e-05,Pong1PQFM_XObs_entangled_trainable_rzz_QLayers_5___seed_1_1761468207
9519104,1-Training-Losses/policy_loss,-1.4999881386756897e-05,Pong1PQFM_XObs_entangled_trainable_rzz_QLayers_5___seed_1_1761468207
9523200,1-Training-Losses/policy_loss,-2.385629341006279e-05,Pong1PQFM_XObs_entangled_trainable_rzz_QLayers_5___seed_1_1761468207
9527296,1-Training-Losses/policy_loss,-2.3375265300273895e-05,Pong1PQFM_XObs_entangled_trainable_rzz_QLayers_5___seed_1_1761468207
9531392,1-Training-Losses/policy_loss,-1.2855743989348412e-05,Pong1PQFM_XObs_entangled_trainable_rzz_QLayers_5___seed_1_1761468207
9535488,1-Training-Losses/policy_loss,-1.8680933862924576e-05,Pong1PQFM_XObs_entangled_trainable_rzz_QLayers_5___seed_1_1761468207
9539584,1-Training-Losses/policy_loss,-0.00011501554399728775,Pong1PQFM_XObs_entangled_trainable_rzz_QLayers_5___seed_1_1761468207
9543680,1-Training-Losses/policy_loss,-3.790389746427536e-05,Pong1PQFM_XObs_entangled_trainable_rzz_QLayers_5___seed_1_1761468207
9547776,1-Training-Losses/policy_loss,-8.538179099559784e-05,Pong1PQFM_XObs_entangled_trainable_rzz_QLayers_5___seed_1_1761468207
9551872,1-Training-Losses/policy_loss,-0.00020869635045528412,Pong1PQFM_XObs_entangled_trainable_rzz_QLayers_5___seed_1_1761468207
9555968,1-Training-Losses/policy_loss,-1.589907333254814e-05,Pong1PQFM_XObs_entangled_trainable_rzz_QLayers_5___seed_1_1761468207
9560064,1-Training-Losses/policy_loss,-2.1838117390871048e-05,Pong1PQFM_XObs_entangled_trainable_rzz_QLayers_5___seed_1_1761468207
9564160,1-Training-Losses/policy_loss,3.133900463581085e-07,Pong1PQFM_XObs_entangled_trainable_rzz_QLayers_5___seed_1_1761468207
9568256,1-Training-Losses/policy_loss,-1.6994774341583252e-05,Pong1PQFM_XObs_entangled_trainable_rzz_QLayers_5___seed_1_1761468207
9572352,1-Training-Losses/policy_loss,-2.0405277609825134e-05,Pong1PQFM_XObs_entangled_trainable_rzz_QLayers_5___seed_1_1761468207
9576448,1-Training-Losses/policy_loss,-3.835279494524002e-05,Pong1PQFM_XObs_entangled_trainable_rzz_QLayers_5___seed_1_1761468207
9580544,1-Training-Losses/policy_loss,-1.0769814252853394e-05,Pong1PQFM_XObs_entangled_trainable_rzz_QLayers_5___seed_1_1761468207
9584640,1-Training-Losses/policy_loss,-1.8326565623283386e-05,Pong1PQFM_XObs_entangled_trainable_rzz_QLayers_5___seed_1_1761468207
9588736,1-Training-Losses/policy_loss,-2.205371856689453e-05,Pong1PQFM_XObs_entangled_trainable_rzz_QLayers_5___seed_1_1761468207
9592832,1-Training-Losses/policy_loss,-1.2139324098825455e-05,Pong1PQFM_XObs_entangled_trainable_rzz_QLayers_5___seed_1_1761468207
9596928,1-Training-Losses/policy_loss,-3.690272569656372e-05,Pong1PQFM_XObs_entangled_trainable_rzz_QLayers_5___seed_1_1761468207
9601024,1-Training-Losses/policy_loss,-2.0619481801986694e-05,Pong1PQFM_XObs_entangled_trainable_rzz_QLayers_5___seed_1_1761468207
9605120,1-Training-Losses/policy_loss,-1.197122037410736e-05,Pong1PQFM_XObs_entangled_trainable_rzz_QLayers_5___seed_1_1761468207
9609216,1-Training-Losses/policy_loss,-3.111548721790314e-05,Pong1PQFM_XObs_entangled_trainable_rzz_QLayers_5___seed_1_1761468207
9613312,1-Training-Losses/policy_loss,-2.5173183530569077e-05,Pong1PQFM_XObs_entangled_trainable_rzz_QLayers_5___seed_1_1761468207
9617408,1-Training-Losses/policy_loss,-8.699484169483185e-06,Pong1PQFM_XObs_entangled_trainable_rzz_QLayers_5___seed_1_1761468207
9621504,1-Training-Losses/policy_loss,-5.4640695452690125e-06,Pong1PQFM_XObs_entangled_trainable_rzz_QLayers_5___seed_1_1761468207
9625600,1-Training-Losses/policy_loss,-2.2786669433116913e-05,Pong1PQFM_XObs_entangled_trainable_rzz_QLayers_5___seed_1_1761468207
9629696,1-Training-Losses/policy_loss,-7.21542164683342e-06,Pong1PQFM_XObs_entangled_trainable_rzz_QLayers_5___seed_1_1761468207
9633792,1-Training-Losses/policy_loss,-2.168957144021988e-05,Pong1PQFM_XObs_entangled_trainable_rzz_QLayers_5___seed_1_1761468207
9637888,1-Training-Losses/policy_loss,-9.184703230857849e-06,Pong1PQFM_XObs_entangled_trainable_rzz_QLayers_5___seed_1_1761468207
9641984,1-Training-Losses/policy_loss,-1.165829598903656e-05,Pong1PQFM_XObs_entangled_trainable_rzz_QLayers_5___seed_1_1761468207
9646080,1-Training-Losses/policy_loss,-2.5567132979631424e-05,Pong1PQFM_XObs_entangled_trainable_rzz_QLayers_5___seed_1_1761468207
9650176,1-Training-Losses/policy_loss,-1.0248273611068726e-05,Pong1PQFM_XObs_entangled_trainable_rzz_QLayers_5___seed_1_1761468207
9654272,1-Training-Losses/policy_loss,-1.8627382814884186e-05,Pong1PQFM_XObs_entangled_trainable_rzz_QLayers_5___seed_1_1761468207
9658368,1-Training-Losses/policy_loss,-3.528851084411144e-05,Pong1PQFM_XObs_entangled_trainable_rzz_QLayers_5___seed_1_1761468207
9662464,1-Training-Losses/policy_loss,-0.00011995341628789902,Pong1PQFM_XObs_entangled_trainable_rzz_QLayers_5___seed_1_1761468207
9666560,1-Training-Losses/policy_loss,2.3852568119764328e-05,Pong1PQFM_XObs_entangled_trainable_rzz_QLayers_5___seed_1_1761468207
9670656,1-Training-Losses/policy_loss,-2.7431873604655266e-05,Pong1PQFM_XObs_entangled_trainable_rzz_QLayers_5___seed_1_1761468207
9674752,1-Training-Losses/policy_loss,-6.580725312232971e-06,Pong1PQFM_XObs_entangled_trainable_rzz_QLayers_5___seed_1_1761468207
9678848,1-Training-Losses/policy_loss,-1.7914921045303345e-05,Pong1PQFM_XObs_entangled_trainable_rzz_QLayers_5___seed_1_1761468207
9682944,1-Training-Losses/policy_loss,-6.515532732009888e-06,Pong1PQFM_XObs_entangled_trainable_rzz_QLayers_5___seed_1_1761468207
9687040,1-Training-Losses/policy_loss,-1.4944002032279968e-05,Pong1PQFM_XObs_entangled_trainable_rzz_QLayers_5___seed_1_1761468207
9691136,1-Training-Losses/policy_loss,-2.6155496016144753e-05,Pong1PQFM_XObs_entangled_trainable_rzz_QLayers_5___seed_1_1761468207
9695232,1-Training-Losses/policy_loss,-5.9571582823991776e-05,Pong1PQFM_XObs_entangled_trainable_rzz_QLayers_5___seed_1_1761468207
9699328,1-Training-Losses/policy_loss,-2.17389315366745e-05,Pong1PQFM_XObs_entangled_trainable_rzz_QLayers_5___seed_1_1761468207
9703424,1-Training-Losses/policy_loss,-2.2841384634375572e-05,Pong1PQFM_XObs_entangled_trainable_rzz_QLayers_5___seed_1_1761468207
9707520,1-Training-Losses/policy_loss,-5.323439836502075e-06,Pong1PQFM_XObs_entangled_trainable_rzz_QLayers_5___seed_1_1761468207
9711616,1-Training-Losses/policy_loss,-7.2480179369449615e-06,Pong1PQFM_XObs_entangled_trainable_rzz_QLayers_5___seed_1_1761468207
9715712,1-Training-Losses/policy_loss,-7.029622793197632e-06,Pong1PQFM_XObs_entangled_trainable_rzz_QLayers_5___seed_1_1761468207
9719808,1-Training-Losses/policy_loss,-2.9094750061631203e-05,Pong1PQFM_XObs_entangled_trainable_rzz_QLayers_5___seed_1_1761468207
9723904,1-Training-Losses/policy_loss,-8.907634764909744e-06,Pong1PQFM_XObs_entangled_trainable_rzz_QLayers_5___seed_1_1761468207
9728000,1-Training-Losses/policy_loss,-1.902948133647442e-05,Pong1PQFM_XObs_entangled_trainable_rzz_QLayers_5___seed_1_1761468207
9732096,1-Training-Losses/policy_loss,-7.579568773508072e-05,Pong1PQFM_XObs_entangled_trainable_rzz_QLayers_5___seed_1_1761468207
9736192,1-Training-Losses/policy_loss,-8.773058652877808e-06,Pong1PQFM_XObs_entangled_trainable_rzz_QLayers_5___seed_1_1761468207
9740288,1-Training-Losses/policy_loss,-1.3039447367191315e-05,Pong1PQFM_XObs_entangled_trainable_rzz_QLayers_5___seed_1_1761468207
9744384,1-Training-Losses/policy_loss,-1.7547979950904846e-05,Pong1PQFM_XObs_entangled_trainable_rzz_QLayers_5___seed_1_1761468207
9748480,1-Training-Losses/policy_loss,-1.0389834642410278e-05,Pong1PQFM_XObs_entangled_trainable_rzz_QLayers_5___seed_1_1761468207
9752576,1-Training-Losses/policy_loss,-9.665731340646744e-06,Pong1PQFM_XObs_entangled_trainable_rzz_QLayers_5___seed_1_1761468207
9756672,1-Training-Losses/policy_loss,-1.5389174222946167e-05,Pong1PQFM_XObs_entangled_trainable_rzz_QLayers_5___seed_1_1761468207
9760768,1-Training-Losses/policy_loss,-1.0687857866287231e-05,Pong1PQFM_XObs_entangled_trainable_rzz_QLayers_5___seed_1_1761468207
9764864,1-Training-Losses/policy_loss,-7.493188604712486e-06,Pong1PQFM_XObs_entangled_trainable_rzz_QLayers_5___seed_1_1761468207
9768960,1-Training-Losses/policy_loss,-1.685507595539093e-05,Pong1PQFM_XObs_entangled_trainable_rzz_QLayers_5___seed_1_1761468207
9773056,1-Training-Losses/policy_loss,-1.778639853000641e-05,Pong1PQFM_XObs_entangled_trainable_rzz_QLayers_5___seed_1_1761468207
9777152,1-Training-Losses/policy_loss,-2.1420884877443314e-05,Pong1PQFM_XObs_entangled_trainable_rzz_QLayers_5___seed_1_1761468207
9781248,1-Training-Losses/policy_loss,-6.919726729393005e-06,Pong1PQFM_XObs_entangled_trainable_rzz_QLayers_5___seed_1_1761468207
9785344,1-Training-Losses/policy_loss,-2.747355028986931e-05,Pong1PQFM_XObs_entangled_trainable_rzz_QLayers_5___seed_1_1761468207
9789440,1-Training-Losses/policy_loss,-6.1588361859321594e-06,Pong1PQFM_XObs_entangled_trainable_rzz_QLayers_5___seed_1_1761468207
9793536,1-Training-Losses/policy_loss,-2.487795427441597e-06,Pong1PQFM_XObs_entangled_trainable_rzz_QLayers_5___seed_1_1761468207
9797632,1-Training-Losses/policy_loss,-2.1151266992092133e-05,Pong1PQFM_XObs_entangled_trainable_rzz_QLayers_5___seed_1_1761468207
9801728,1-Training-Losses/policy_loss,-1.0270625352859497e-05,Pong1PQFM_XObs_entangled_trainable_rzz_QLayers_5___seed_1_1761468207
9805824,1-Training-Losses/policy_loss,-8.828938007354736e-06,Pong1PQFM_XObs_entangled_trainable_rzz_QLayers_5___seed_1_1761468207
9809920,1-Training-Losses/policy_loss,-1.0630115866661072e-05,Pong1PQFM_XObs_entangled_trainable_rzz_QLayers_5___seed_1_1761468207
9814016,1-Training-Losses/policy_loss,-7.792375981807709e-06,Pong1PQFM_XObs_entangled_trainable_rzz_QLayers_5___seed_1_1761468207
9818112,1-Training-Losses/policy_loss,-1.0827556252479553e-05,Pong1PQFM_XObs_entangled_trainable_rzz_QLayers_5___seed_1_1761468207
9822208,1-Training-Losses/policy_loss,-3.964640200138092e-06,Pong1PQFM_XObs_entangled_trainable_rzz_QLayers_5___seed_1_1761468207
9826304,1-Training-Losses/policy_loss,-5.092239007353783e-06,Pong1PQFM_XObs_entangled_trainable_rzz_QLayers_5___seed_1_1761468207
9830400,1-Training-Losses/policy_loss,-7.397960871458054e-06,Pong1PQFM_XObs_entangled_trainable_rzz_QLayers_5___seed_1_1761468207
9834496,1-Training-Losses/policy_loss,-2.5945249944925308e-05,Pong1PQFM_XObs_entangled_trainable_rzz_QLayers_5___seed_1_1761468207
9838592,1-Training-Losses/policy_loss,-2.460903488099575e-05,Pong1PQFM_XObs_entangled_trainable_rzz_QLayers_5___seed_1_1761468207
9842688,1-Training-Losses/policy_loss,-2.8293579816818237e-06,Pong1PQFM_XObs_entangled_trainable_rzz_QLayers_5___seed_1_1761468207
9846784,1-Training-Losses/policy_loss,-9.615905582904816e-06,Pong1PQFM_XObs_entangled_trainable_rzz_QLayers_5___seed_1_1761468207
9850880,1-Training-Losses/policy_loss,-9.310897439718246e-06,Pong1PQFM_XObs_entangled_trainable_rzz_QLayers_5___seed_1_1761468207
9854976,1-Training-Losses/policy_loss,-1.0346993803977966e-05,Pong1PQFM_XObs_entangled_trainable_rzz_QLayers_5___seed_1_1761468207
9859072,1-Training-Losses/policy_loss,-3.5259872674942017e-06,Pong1PQFM_XObs_entangled_trainable_rzz_QLayers_5___seed_1_1761468207
9863168,1-Training-Losses/policy_loss,-7.145339623093605e-06,Pong1PQFM_XObs_entangled_trainable_rzz_QLayers_5___seed_1_1761468207
9867264,1-Training-Losses/policy_loss,-2.5725923478603363e-05,Pong1PQFM_XObs_entangled_trainable_rzz_QLayers_5___seed_1_1761468207
9871360,1-Training-Losses/policy_loss,-1.0855961591005325e-05,Pong1PQFM_XObs_entangled_trainable_rzz_QLayers_5___seed_1_1761468207
9875456,1-Training-Losses/policy_loss,-8.400529623031616e-07,Pong1PQFM_XObs_entangled_trainable_rzz_QLayers_5___seed_1_1761468207
9879552,1-Training-Losses/policy_loss,-1.301150768995285e-05,Pong1PQFM_XObs_entangled_trainable_rzz_QLayers_5___seed_1_1761468207
9883648,1-Training-Losses/policy_loss,-2.1053478121757507e-05,Pong1PQFM_XObs_entangled_trainable_rzz_QLayers_5___seed_1_1761468207
9887744,1-Training-Losses/policy_loss,-8.725561201572418e-06,Pong1PQFM_XObs_entangled_trainable_rzz_QLayers_5___seed_1_1761468207
9891840,1-Training-Losses/policy_loss,-1.282431185245514e-06,Pong1PQFM_XObs_entangled_trainable_rzz_QLayers_5___seed_1_1761468207
9895936,1-Training-Losses/policy_loss,-9.410083293914795e-06,Pong1PQFM_XObs_entangled_trainable_rzz_QLayers_5___seed_1_1761468207
9900032,1-Training-Losses/policy_loss,-1.6120728105306625e-05,Pong1PQFM_XObs_entangled_trainable_rzz_QLayers_5___seed_1_1761468207
9904128,1-Training-Losses/policy_loss,-3.613065928220749e-05,Pong1PQFM_XObs_entangled_trainable_rzz_QLayers_5___seed_1_1761468207
9908224,1-Training-Losses/policy_loss,-6.0228630900382996e-06,Pong1PQFM_XObs_entangled_trainable_rzz_QLayers_5___seed_1_1761468207
9912320,1-Training-Losses/policy_loss,-5.5639538913965225e-06,Pong1PQFM_XObs_entangled_trainable_rzz_QLayers_5___seed_1_1761468207
9916416,1-Training-Losses/policy_loss,-3.7066638469696045e-06,Pong1PQFM_XObs_entangled_trainable_rzz_QLayers_5___seed_1_1761468207
9920512,1-Training-Losses/policy_loss,-7.05057755112648e-06,Pong1PQFM_XObs_entangled_trainable_rzz_QLayers_5___seed_1_1761468207
9924608,1-Training-Losses/policy_loss,-4.61796298623085e-06,Pong1PQFM_XObs_entangled_trainable_rzz_QLayers_5___seed_1_1761468207
9928704,1-Training-Losses/policy_loss,-1.9622966647148132e-06,Pong1PQFM_XObs_entangled_trainable_rzz_QLayers_5___seed_1_1761468207
9932800,1-Training-Losses/policy_loss,-9.010545909404755e-07,Pong1PQFM_XObs_entangled_trainable_rzz_QLayers_5___seed_1_1761468207
9936896,1-Training-Losses/policy_loss,-1.4239922165870667e-06,Pong1PQFM_XObs_entangled_trainable_rzz_QLayers_5___seed_1_1761468207
9940992,1-Training-Losses/policy_loss,-2.3031607270240784e-06,Pong1PQFM_XObs_entangled_trainable_rzz_QLayers_5___seed_1_1761468207
9945088,1-Training-Losses/policy_loss,-5.608424544334412e-06,Pong1PQFM_XObs_entangled_trainable_rzz_QLayers_5___seed_1_1761468207
9949184,1-Training-Losses/policy_loss,8.749775588512421e-07,Pong1PQFM_XObs_entangled_trainable_rzz_QLayers_5___seed_1_1761468207
9953280,1-Training-Losses/policy_loss,-8.915085345506668e-06,Pong1PQFM_XObs_entangled_trainable_rzz_QLayers_5___seed_1_1761468207
9957376,1-Training-Losses/policy_loss,-4.203524440526962e-06,Pong1PQFM_XObs_entangled_trainable_rzz_QLayers_5___seed_1_1761468207
9961472,1-Training-Losses/policy_loss,-1.8551945686340332e-06,Pong1PQFM_XObs_entangled_trainable_rzz_QLayers_5___seed_1_1761468207
9965568,1-Training-Losses/policy_loss,-5.4514966905117035e-06,Pong1PQFM_XObs_entangled_trainable_rzz_QLayers_5___seed_1_1761468207
9969664,1-Training-Losses/policy_loss,-2.8423964977264404e-06,Pong1PQFM_XObs_entangled_trainable_rzz_QLayers_5___seed_1_1761468207
9973760,1-Training-Losses/policy_loss,-7.874332368373871e-07,Pong1PQFM_XObs_entangled_trainable_rzz_QLayers_5___seed_1_1761468207
9977856,1-Training-Losses/policy_loss,-4.759058356285095e-07,Pong1PQFM_XObs_entangled_trainable_rzz_QLayers_5___seed_1_1761468207
9981952,1-Training-Losses/policy_loss,-7.855705916881561e-07,Pong1PQFM_XObs_entangled_trainable_rzz_QLayers_5___seed_1_1761468207
9986048,1-Training-Losses/policy_loss,-3.587920218706131e-07,Pong1PQFM_XObs_entangled_trainable_rzz_QLayers_5___seed_1_1761468207
9990144,1-Training-Losses/policy_loss,-7.520429790019989e-07,Pong1PQFM_XObs_entangled_trainable_rzz_QLayers_5___seed_1_1761468207
9994240,1-Training-Losses/policy_loss,-1.3113021850585938e-06,Pong1PQFM_XObs_entangled_trainable_rzz_QLayers_5___seed_1_1761468207
9998336,1-Training-Losses/policy_loss,-6.239861249923706e-08,Pong1PQFM_XObs_entangled_trainable_rzz_QLayers_5___seed_1_1761468207
4096,1-Training-Losses/value_loss,0.02340060845017433,Pong1PQFM_XObs_entangled_trainable_rzz_QLayers_5___seed_1_1761468207
8192,1-Training-Losses/value_loss,0.03213120996952057,Pong1PQFM_XObs_entangled_trainable_rzz_QLayers_5___seed_1_1761468207
12288,1-Training-Losses/value_loss,0.03718503564596176,Pong1PQFM_XObs_entangled_trainable_rzz_QLayers_5___seed_1_1761468207
16384,1-Training-Losses/value_loss,0.04124731943011284,Pong1PQFM_XObs_entangled_trainable_rzz_QLayers_5___seed_1_1761468207
20480,1-Training-Losses/value_loss,0.03294024616479874,Pong1PQFM_XObs_entangled_trainable_rzz_QLayers_5___seed_1_1761468207
24576,1-Training-Losses/value_loss,0.03692604601383209,Pong1PQFM_XObs_entangled_trainable_rzz_QLayers_5___seed_1_1761468207
28672,1-Training-Losses/value_loss,0.029135696589946747,Pong1PQFM_XObs_entangled_trainable_rzz_QLayers_5___seed_1_1761468207
32768,1-Training-Losses/value_loss,0.03426545113325119,Pong1PQFM_XObs_entangled_trainable_rzz_QLayers_5___seed_1_1761468207
36864,1-Training-Losses/value_loss,0.035701289772987366,Pong1PQFM_XObs_entangled_trainable_rzz_QLayers_5___seed_1_1761468207
40960,1-Training-Losses/value_loss,0.03574157506227493,Pong1PQFM_XObs_entangled_trainable_rzz_QLayers_5___seed_1_1761468207
45056,1-Training-Losses/value_loss,0.031091095879673958,Pong1PQFM_XObs_entangled_trainable_rzz_QLayers_5___seed_1_1761468207
49152,1-Training-Losses/value_loss,0.033555418252944946,Pong1PQFM_XObs_entangled_trainable_rzz_QLayers_5___seed_1_1761468207
53248,1-Training-Losses/value_loss,0.027243584394454956,Pong1PQFM_XObs_entangled_trainable_rzz_QLayers_5___seed_1_1761468207
57344,1-Training-Losses/value_loss,0.027570635080337524,Pong1PQFM_XObs_entangled_trainable_rzz_QLayers_5___seed_1_1761468207
61440,1-Training-Losses/value_loss,0.02378099411725998,Pong1PQFM_XObs_entangled_trainable_rzz_QLayers_5___seed_1_1761468207
65536,1-Training-Losses/value_loss,0.0215124674141407,Pong1PQFM_XObs_entangled_trainable_rzz_QLayers_5___seed_1_1761468207
69632,1-Training-Losses/value_loss,0.025270121172070503,Pong1PQFM_XObs_entangled_trainable_rzz_QLayers_5___seed_1_1761468207
73728,1-Training-Losses/value_loss,0.02338074892759323,Pong1PQFM_XObs_entangled_trainable_rzz_QLayers_5___seed_1_1761468207
77824,1-Training-Losses/value_loss,0.02639082819223404,Pong1PQFM_XObs_entangled_trainable_rzz_QLayers_5___seed_1_1761468207
81920,1-Training-Losses/value_loss,0.01718202978372574,Pong1PQFM_XObs_entangled_trainable_rzz_QLayers_5___seed_1_1761468207
86016,1-Training-Losses/value_loss,0.015521910041570663,Pong1PQFM_XObs_entangled_trainable_rzz_QLayers_5___seed_1_1761468207
90112,1-Training-Losses/value_loss,0.02073036879301071,Pong1PQFM_XObs_entangled_trainable_rzz_QLayers_5___seed_1_1761468207
94208,1-Training-Losses/value_loss,0.019133318215608597,Pong1PQFM_XObs_entangled_trainable_rzz_QLayers_5___seed_1_1761468207
98304,1-Training-Losses/value_loss,0.015498782508075237,Pong1PQFM_XObs_entangled_trainable_rzz_QLayers_5___seed_1_1761468207
102400,1-Training-Losses/value_loss,0.01904960721731186,Pong1PQFM_XObs_entangled_trainable_rzz_QLayers_5___seed_1_1761468207
106496,1-Training-Losses/value_loss,0.022306786850094795,Pong1PQFM_XObs_entangled_trainable_rzz_QLayers_5___seed_1_1761468207
110592,1-Training-Losses/value_loss,0.02072487771511078,Pong1PQFM_XObs_entangled_trainable_rzz_QLayers_5___seed_1_1761468207
114688,1-Training-Losses/value_loss,0.018511001020669937,Pong1PQFM_XObs_entangled_trainable_rzz_QLayers_5___seed_1_1761468207
118784,1-Training-Losses/value_loss,0.02055126428604126,Pong1PQFM_XObs_entangled_trainable_rzz_QLayers_5___seed_1_1761468207
122880,1-Training-Losses/value_loss,0.016856759786605835,Pong1PQFM_XObs_entangled_trainable_rzz_QLayers_5___seed_1_1761468207
126976,1-Training-Losses/value_loss,0.017149388790130615,Pong1PQFM_XObs_entangled_trainable_rzz_QLayers_5___seed_1_1761468207
131072,1-Training-Losses/value_loss,0.016877498477697372,Pong1PQFM_XObs_entangled_trainable_rzz_QLayers_5___seed_1_1761468207
135168,1-Training-Losses/value_loss,0.014390451833605766,Pong1PQFM_XObs_entangled_trainable_rzz_QLayers_5___seed_1_1761468207
139264,1-Training-Losses/value_loss,0.012034277431666851,Pong1PQFM_XObs_entangled_trainable_rzz_QLayers_5___seed_1_1761468207
143360,1-Training-Losses/value_loss,0.01208812091499567,Pong1PQFM_XObs_entangled_trainable_rzz_QLayers_5___seed_1_1761468207
147456,1-Training-Losses/value_loss,0.015345185995101929,Pong1PQFM_XObs_entangled_trainable_rzz_QLayers_5___seed_1_1761468207
151552,1-Training-Losses/value_loss,0.01940915733575821,Pong1PQFM_XObs_entangled_trainable_rzz_QLayers_5___seed_1_1761468207
155648,1-Training-Losses/value_loss,0.018479373306035995,Pong1PQFM_XObs_entangled_trainable_rzz_QLayers_5___seed_1_1761468207
159744,1-Training-Losses/value_loss,0.013671910390257835,Pong1PQFM_XObs_entangled_trainable_rzz_QLayers_5___seed_1_1761468207
163840,1-Training-Losses/value_loss,0.01365721132606268,Pong1PQFM_XObs_entangled_trainable_rzz_QLayers_5___seed_1_1761468207
167936,1-Training-Losses/value_loss,0.015594368800520897,Pong1PQFM_XObs_entangled_trainable_rzz_QLayers_5___seed_1_1761468207
172032,1-Training-Losses/value_loss,0.013005098327994347,Pong1PQFM_XObs_entangled_trainable_rzz_QLayers_5___seed_1_1761468207
176128,1-Training-Losses/value_loss,0.011321062222123146,Pong1PQFM_XObs_entangled_trainable_rzz_QLayers_5___seed_1_1761468207
180224,1-Training-Losses/value_loss,0.009947052225470543,Pong1PQFM_XObs_entangled_trainable_rzz_QLayers_5___seed_1_1761468207
184320,1-Training-Losses/value_loss,0.011844312772154808,Pong1PQFM_XObs_entangled_trainable_rzz_QLayers_5___seed_1_1761468207
188416,1-Training-Losses/value_loss,0.010479951277375221,Pong1PQFM_XObs_entangled_trainable_rzz_QLayers_5___seed_1_1761468207
192512,1-Training-Losses/value_loss,0.01854778081178665,Pong1PQFM_XObs_entangled_trainable_rzz_QLayers_5___seed_1_1761468207
196608,1-Training-Losses/value_loss,0.009663032367825508,Pong1PQFM_XObs_entangled_trainable_rzz_QLayers_5___seed_1_1761468207
200704,1-Training-Losses/value_loss,0.013887575827538967,Pong1PQFM_XObs_entangled_trainable_rzz_QLayers_5___seed_1_1761468207
204800,1-Training-Losses/value_loss,0.012621443718671799,Pong1PQFM_XObs_entangled_trainable_rzz_QLayers_5___seed_1_1761468207
208896,1-Training-Losses/value_loss,0.010361544787883759,Pong1PQFM_XObs_entangled_trainable_rzz_QLayers_5___seed_1_1761468207
212992,1-Training-Losses/value_loss,0.009516490623354912,Pong1PQFM_XObs_entangled_trainable_rzz_QLayers_5___seed_1_1761468207
217088,1-Training-Losses/value_loss,0.015456133522093296,Pong1PQFM_XObs_entangled_trainable_rzz_QLayers_5___seed_1_1761468207
221184,1-Training-Losses/value_loss,0.013291124254465103,Pong1PQFM_XObs_entangled_trainable_rzz_QLayers_5___seed_1_1761468207
225280,1-Training-Losses/value_loss,0.011772271245718002,Pong1PQFM_XObs_entangled_trainable_rzz_QLayers_5___seed_1_1761468207
229376,1-Training-Losses/value_loss,0.012769149616360664,Pong1PQFM_XObs_entangled_trainable_rzz_QLayers_5___seed_1_1761468207
233472,1-Training-Losses/value_loss,0.010444389656186104,Pong1PQFM_XObs_entangled_trainable_rzz_QLayers_5___seed_1_1761468207
237568,1-Training-Losses/value_loss,0.013062072917819023,Pong1PQFM_XObs_entangled_trainable_rzz_QLayers_5___seed_1_1761468207
241664,1-Training-Losses/value_loss,0.011198448948562145,Pong1PQFM_XObs_entangled_trainable_rzz_QLayers_5___seed_1_1761468207
245760,1-Training-Losses/value_loss,0.012992605566978455,Pong1PQFM_XObs_entangled_trainable_rzz_QLayers_5___seed_1_1761468207
249856,1-Training-Losses/value_loss,0.010218150913715363,Pong1PQFM_XObs_entangled_trainable_rzz_QLayers_5___seed_1_1761468207
253952,1-Training-Losses/value_loss,0.008096873760223389,Pong1PQFM_XObs_entangled_trainable_rzz_QLayers_5___seed_1_1761468207
258048,1-Training-Losses/value_loss,0.011884957551956177,Pong1PQFM_XObs_entangled_trainable_rzz_QLayers_5___seed_1_1761468207
262144,1-Training-Losses/value_loss,0.010943991132080555,Pong1PQFM_XObs_entangled_trainable_rzz_QLayers_5___seed_1_1761468207
266240,1-Training-Losses/value_loss,0.010834954679012299,Pong1PQFM_XObs_entangled_trainable_rzz_QLayers_5___seed_1_1761468207
270336,1-Training-Losses/value_loss,0.011657290160655975,Pong1PQFM_XObs_entangled_trainable_rzz_QLayers_5___seed_1_1761468207
274432,1-Training-Losses/value_loss,0.011230788193643093,Pong1PQFM_XObs_entangled_trainable_rzz_QLayers_5___seed_1_1761468207
278528,1-Training-Losses/value_loss,0.011248769238591194,Pong1PQFM_XObs_entangled_trainable_rzz_QLayers_5___seed_1_1761468207
282624,1-Training-Losses/value_loss,0.011253559030592442,Pong1PQFM_XObs_entangled_trainable_rzz_QLayers_5___seed_1_1761468207
286720,1-Training-Losses/value_loss,0.009075912646949291,Pong1PQFM_XObs_entangled_trainable_rzz_QLayers_5___seed_1_1761468207
290816,1-Training-Losses/value_loss,0.008044667541980743,Pong1PQFM_XObs_entangled_trainable_rzz_QLayers_5___seed_1_1761468207
294912,1-Training-Losses/value_loss,0.0123687032610178,Pong1PQFM_XObs_entangled_trainable_rzz_QLayers_5___seed_1_1761468207
299008,1-Training-Losses/value_loss,0.008775820955634117,Pong1PQFM_XObs_entangled_trainable_rzz_QLayers_5___seed_1_1761468207
303104,1-Training-Losses/value_loss,0.013213817030191422,Pong1PQFM_XObs_entangled_trainable_rzz_QLayers_5___seed_1_1761468207
307200,1-Training-Losses/value_loss,0.01002591848373413,Pong1PQFM_XObs_entangled_trainable_rzz_QLayers_5___seed_1_1761468207
311296,1-Training-Losses/value_loss,0.010450052097439766,Pong1PQFM_XObs_entangled_trainable_rzz_QLayers_5___seed_1_1761468207
315392,1-Training-Losses/value_loss,0.011616100557148457,Pong1PQFM_XObs_entangled_trainable_rzz_QLayers_5___seed_1_1761468207
319488,1-Training-Losses/value_loss,0.010977176949381828,Pong1PQFM_XObs_entangled_trainable_rzz_QLayers_5___seed_1_1761468207
323584,1-Training-Losses/value_loss,0.010142496787011623,Pong1PQFM_XObs_entangled_trainable_rzz_QLayers_5___seed_1_1761468207
327680,1-Training-Losses/value_loss,0.009521118365228176,Pong1PQFM_XObs_entangled_trainable_rzz_QLayers_5___seed_1_1761468207
331776,1-Training-Losses/value_loss,0.009313073940575123,Pong1PQFM_XObs_entangled_trainable_rzz_QLayers_5___seed_1_1761468207
335872,1-Training-Losses/value_loss,0.014704608358442783,Pong1PQFM_XObs_entangled_trainable_rzz_QLayers_5___seed_1_1761468207
339968,1-Training-Losses/value_loss,0.01068531721830368,Pong1PQFM_XObs_entangled_trainable_rzz_QLayers_5___seed_1_1761468207
344064,1-Training-Losses/value_loss,0.011489365249872208,Pong1PQFM_XObs_entangled_trainable_rzz_QLayers_5___seed_1_1761468207
348160,1-Training-Losses/value_loss,0.006561568006873131,Pong1PQFM_XObs_entangled_trainable_rzz_QLayers_5___seed_1_1761468207
352256,1-Training-Losses/value_loss,0.010467720218002796,Pong1PQFM_XObs_entangled_trainable_rzz_QLayers_5___seed_1_1761468207
356352,1-Training-Losses/value_loss,0.009564695879817009,Pong1PQFM_XObs_entangled_trainable_rzz_QLayers_5___seed_1_1761468207
360448,1-Training-Losses/value_loss,0.009401371702551842,Pong1PQFM_XObs_entangled_trainable_rzz_QLayers_5___seed_1_1761468207
364544,1-Training-Losses/value_loss,0.011236224323511124,Pong1PQFM_XObs_entangled_trainable_rzz_QLayers_5___seed_1_1761468207
368640,1-Training-Losses/value_loss,0.008558709174394608,Pong1PQFM_XObs_entangled_trainable_rzz_QLayers_5___seed_1_1761468207
372736,1-Training-Losses/value_loss,0.007718503475189209,Pong1PQFM_XObs_entangled_trainable_rzz_QLayers_5___seed_1_1761468207
376832,1-Training-Losses/value_loss,0.010215969756245613,Pong1PQFM_XObs_entangled_trainable_rzz_QLayers_5___seed_1_1761468207
380928,1-Training-Losses/value_loss,0.006687618792057037,Pong1PQFM_XObs_entangled_trainable_rzz_QLayers_5___seed_1_1761468207
385024,1-Training-Losses/value_loss,0.010013129562139511,Pong1PQFM_XObs_entangled_trainable_rzz_QLayers_5___seed_1_1761468207
389120,1-Training-Losses/value_loss,0.006796678528189659,Pong1PQFM_XObs_entangled_trainable_rzz_QLayers_5___seed_1_1761468207
393216,1-Training-Losses/value_loss,0.009531071409583092,Pong1PQFM_XObs_entangled_trainable_rzz_QLayers_5___seed_1_1761468207
397312,1-Training-Losses/value_loss,0.008259166032075882,Pong1PQFM_XObs_entangled_trainable_rzz_QLayers_5___seed_1_1761468207
401408,1-Training-Losses/value_loss,0.009619205258786678,Pong1PQFM_XObs_entangled_trainable_rzz_QLayers_5___seed_1_1761468207
405504,1-Training-Losses/value_loss,0.012662529945373535,Pong1PQFM_XObs_entangled_trainable_rzz_QLayers_5___seed_1_1761468207
409600,1-Training-Losses/value_loss,0.009264398366212845,Pong1PQFM_XObs_entangled_trainable_rzz_QLayers_5___seed_1_1761468207
413696,1-Training-Losses/value_loss,0.010232129134237766,Pong1PQFM_XObs_entangled_trainable_rzz_QLayers_5___seed_1_1761468207
417792,1-Training-Losses/value_loss,0.007003670558333397,Pong1PQFM_XObs_entangled_trainable_rzz_QLayers_5___seed_1_1761468207
421888,1-Training-Losses/value_loss,0.011211703531444073,Pong1PQFM_XObs_entangled_trainable_rzz_QLayers_5___seed_1_1761468207
425984,1-Training-Losses/value_loss,0.008698605000972748,Pong1PQFM_XObs_entangled_trainable_rzz_QLayers_5___seed_1_1761468207
430080,1-Training-Losses/value_loss,0.0074897571466863155,Pong1PQFM_XObs_entangled_trainable_rzz_QLayers_5___seed_1_1761468207
434176,1-Training-Losses/value_loss,0.00876178964972496,Pong1PQFM_XObs_entangled_trainable_rzz_QLayers_5___seed_1_1761468207
438272,1-Training-Losses/value_loss,0.009143328294157982,Pong1PQFM_XObs_entangled_trainable_rzz_QLayers_5___seed_1_1761468207
442368,1-Training-Losses/value_loss,0.009171138517558575,Pong1PQFM_XObs_entangled_trainable_rzz_QLayers_5___seed_1_1761468207
446464,1-Training-Losses/value_loss,0.008770712651312351,Pong1PQFM_XObs_entangled_trainable_rzz_QLayers_5___seed_1_1761468207
450560,1-Training-Losses/value_loss,0.009382244199514389,Pong1PQFM_XObs_entangled_trainable_rzz_QLayers_5___seed_1_1761468207
454656,1-Training-Losses/value_loss,0.01145811565220356,Pong1PQFM_XObs_entangled_trainable_rzz_QLayers_5___seed_1_1761468207
458752,1-Training-Losses/value_loss,0.0070043886080384254,Pong1PQFM_XObs_entangled_trainable_rzz_QLayers_5___seed_1_1761468207
462848,1-Training-Losses/value_loss,0.008788825944066048,Pong1PQFM_XObs_entangled_trainable_rzz_QLayers_5___seed_1_1761468207
466944,1-Training-Losses/value_loss,0.008700691163539886,Pong1PQFM_XObs_entangled_trainable_rzz_QLayers_5___seed_1_1761468207
471040,1-Training-Losses/value_loss,0.012946022674441338,Pong1PQFM_XObs_entangled_trainable_rzz_QLayers_5___seed_1_1761468207
475136,1-Training-Losses/value_loss,0.006090955808758736,Pong1PQFM_XObs_entangled_trainable_rzz_QLayers_5___seed_1_1761468207
479232,1-Training-Losses/value_loss,0.00803165603429079,Pong1PQFM_XObs_entangled_trainable_rzz_QLayers_5___seed_1_1761468207
483328,1-Training-Losses/value_loss,0.007155061233788729,Pong1PQFM_XObs_entangled_trainable_rzz_QLayers_5___seed_1_1761468207
487424,1-Training-Losses/value_loss,0.009661446325480938,Pong1PQFM_XObs_entangled_trainable_rzz_QLayers_5___seed_1_1761468207
491520,1-Training-Losses/value_loss,0.009042030200362206,Pong1PQFM_XObs_entangled_trainable_rzz_QLayers_5___seed_1_1761468207
495616,1-Training-Losses/value_loss,0.008664069697260857,Pong1PQFM_XObs_entangled_trainable_rzz_QLayers_5___seed_1_1761468207
499712,1-Training-Losses/value_loss,0.00872216746211052,Pong1PQFM_XObs_entangled_trainable_rzz_QLayers_5___seed_1_1761468207
503808,1-Training-Losses/value_loss,0.008479883894324303,Pong1PQFM_XObs_entangled_trainable_rzz_QLayers_5___seed_1_1761468207
507904,1-Training-Losses/value_loss,0.008074598386883736,Pong1PQFM_XObs_entangled_trainable_rzz_QLayers_5___seed_1_1761468207
512000,1-Training-Losses/value_loss,0.008157770149409771,Pong1PQFM_XObs_entangled_trainable_rzz_QLayers_5___seed_1_1761468207
516096,1-Training-Losses/value_loss,0.007456284016370773,Pong1PQFM_XObs_entangled_trainable_rzz_QLayers_5___seed_1_1761468207
520192,1-Training-Losses/value_loss,0.00748462975025177,Pong1PQFM_XObs_entangled_trainable_rzz_QLayers_5___seed_1_1761468207
524288,1-Training-Losses/value_loss,0.009822828695178032,Pong1PQFM_XObs_entangled_trainable_rzz_QLayers_5___seed_1_1761468207
528384,1-Training-Losses/value_loss,0.006886946968734264,Pong1PQFM_XObs_entangled_trainable_rzz_QLayers_5___seed_1_1761468207
532480,1-Training-Losses/value_loss,0.008690688759088516,Pong1PQFM_XObs_entangled_trainable_rzz_QLayers_5___seed_1_1761468207
536576,1-Training-Losses/value_loss,0.007211522199213505,Pong1PQFM_XObs_entangled_trainable_rzz_QLayers_5___seed_1_1761468207
540672,1-Training-Losses/value_loss,0.007969061844050884,Pong1PQFM_XObs_entangled_trainable_rzz_QLayers_5___seed_1_1761468207
544768,1-Training-Losses/value_loss,0.008119159378111362,Pong1PQFM_XObs_entangled_trainable_rzz_QLayers_5___seed_1_1761468207
548864,1-Training-Losses/value_loss,0.008882665075361729,Pong1PQFM_XObs_entangled_trainable_rzz_QLayers_5___seed_1_1761468207
552960,1-Training-Losses/value_loss,0.0077398791909217834,Pong1PQFM_XObs_entangled_trainable_rzz_QLayers_5___seed_1_1761468207
557056,1-Training-Losses/value_loss,0.010510203428566456,Pong1PQFM_XObs_entangled_trainable_rzz_QLayers_5___seed_1_1761468207
561152,1-Training-Losses/value_loss,0.008268349803984165,Pong1PQFM_XObs_entangled_trainable_rzz_QLayers_5___seed_1_1761468207
565248,1-Training-Losses/value_loss,0.00675881328061223,Pong1PQFM_XObs_entangled_trainable_rzz_QLayers_5___seed_1_1761468207
569344,1-Training-Losses/value_loss,0.009572822600603104,Pong1PQFM_XObs_entangled_trainable_rzz_QLayers_5___seed_1_1761468207
573440,1-Training-Losses/value_loss,0.00956743210554123,Pong1PQFM_XObs_entangled_trainable_rzz_QLayers_5___seed_1_1761468207
577536,1-Training-Losses/value_loss,0.008359357714653015,Pong1PQFM_XObs_entangled_trainable_rzz_QLayers_5___seed_1_1761468207
581632,1-Training-Losses/value_loss,0.009060650132596493,Pong1PQFM_XObs_entangled_trainable_rzz_QLayers_5___seed_1_1761468207
585728,1-Training-Losses/value_loss,0.008632165379822254,Pong1PQFM_XObs_entangled_trainable_rzz_QLayers_5___seed_1_1761468207
589824,1-Training-Losses/value_loss,0.009447346441447735,Pong1PQFM_XObs_entangled_trainable_rzz_QLayers_5___seed_1_1761468207
593920,1-Training-Losses/value_loss,0.012092716991901398,Pong1PQFM_XObs_entangled_trainable_rzz_QLayers_5___seed_1_1761468207
598016,1-Training-Losses/value_loss,0.008855503052473068,Pong1PQFM_XObs_entangled_trainable_rzz_QLayers_5___seed_1_1761468207
602112,1-Training-Losses/value_loss,0.010022890754044056,Pong1PQFM_XObs_entangled_trainable_rzz_QLayers_5___seed_1_1761468207
606208,1-Training-Losses/value_loss,0.008160959929227829,Pong1PQFM_XObs_entangled_trainable_rzz_QLayers_5___seed_1_1761468207
610304,1-Training-Losses/value_loss,0.009155793115496635,Pong1PQFM_XObs_entangled_trainable_rzz_QLayers_5___seed_1_1761468207
614400,1-Training-Losses/value_loss,0.00837298110127449,Pong1PQFM_XObs_entangled_trainable_rzz_QLayers_5___seed_1_1761468207
618496,1-Training-Losses/value_loss,0.00890312995761633,Pong1PQFM_XObs_entangled_trainable_rzz_QLayers_5___seed_1_1761468207
622592,1-Training-Losses/value_loss,0.008374231867492199,Pong1PQFM_XObs_entangled_trainable_rzz_QLayers_5___seed_1_1761468207
626688,1-Training-Losses/value_loss,0.010923615656793118,Pong1PQFM_XObs_entangled_trainable_rzz_QLayers_5___seed_1_1761468207
630784,1-Training-Losses/value_loss,0.009618628770112991,Pong1PQFM_XObs_entangled_trainable_rzz_QLayers_5___seed_1_1761468207
634880,1-Training-Losses/value_loss,0.009440298192203045,Pong1PQFM_XObs_entangled_trainable_rzz_QLayers_5___seed_1_1761468207
638976,1-Training-Losses/value_loss,0.009253621101379395,Pong1PQFM_XObs_entangled_trainable_rzz_QLayers_5___seed_1_1761468207
643072,1-Training-Losses/value_loss,0.009524164721369743,Pong1PQFM_XObs_entangled_trainable_rzz_QLayers_5___seed_1_1761468207
647168,1-Training-Losses/value_loss,0.012908833101391792,Pong1PQFM_XObs_entangled_trainable_rzz_QLayers_5___seed_1_1761468207
651264,1-Training-Losses/value_loss,0.008427710272371769,Pong1PQFM_XObs_entangled_trainable_rzz_QLayers_5___seed_1_1761468207
655360,1-Training-Losses/value_loss,0.008831392973661423,Pong1PQFM_XObs_entangled_trainable_rzz_QLayers_5___seed_1_1761468207
659456,1-Training-Losses/value_loss,0.010915892198681831,Pong1PQFM_XObs_entangled_trainable_rzz_QLayers_5___seed_1_1761468207
663552,1-Training-Losses/value_loss,0.008006751537322998,Pong1PQFM_XObs_entangled_trainable_rzz_QLayers_5___seed_1_1761468207
667648,1-Training-Losses/value_loss,0.009557414799928665,Pong1PQFM_XObs_entangled_trainable_rzz_QLayers_5___seed_1_1761468207
671744,1-Training-Losses/value_loss,0.011563579551875591,Pong1PQFM_XObs_entangled_trainable_rzz_QLayers_5___seed_1_1761468207
675840,1-Training-Losses/value_loss,0.011059781536459923,Pong1PQFM_XObs_entangled_trainable_rzz_QLayers_5___seed_1_1761468207
679936,1-Training-Losses/value_loss,0.007599311880767345,Pong1PQFM_XObs_entangled_trainable_rzz_QLayers_5___seed_1_1761468207
684032,1-Training-Losses/value_loss,0.011425700038671494,Pong1PQFM_XObs_entangled_trainable_rzz_QLayers_5___seed_1_1761468207
688128,1-Training-Losses/value_loss,0.011375066824257374,Pong1PQFM_XObs_entangled_trainable_rzz_QLayers_5___seed_1_1761468207
692224,1-Training-Losses/value_loss,0.008963219821453094,Pong1PQFM_XObs_entangled_trainable_rzz_QLayers_5___seed_1_1761468207
696320,1-Training-Losses/value_loss,0.010100619867444038,Pong1PQFM_XObs_entangled_trainable_rzz_QLayers_5___seed_1_1761468207
700416,1-Training-Losses/value_loss,0.0085210669785738,Pong1PQFM_XObs_entangled_trainable_rzz_QLayers_5___seed_1_1761468207
704512,1-Training-Losses/value_loss,0.0105044636875391,Pong1PQFM_XObs_entangled_trainable_rzz_QLayers_5___seed_1_1761468207
708608,1-Training-Losses/value_loss,0.009259522892534733,Pong1PQFM_XObs_entangled_trainable_rzz_QLayers_5___seed_1_1761468207
712704,1-Training-Losses/value_loss,0.008218706585466862,Pong1PQFM_XObs_entangled_trainable_rzz_QLayers_5___seed_1_1761468207
716800,1-Training-Losses/value_loss,0.008499335497617722,Pong1PQFM_XObs_entangled_trainable_rzz_QLayers_5___seed_1_1761468207
720896,1-Training-Losses/value_loss,0.0112050985917449,Pong1PQFM_XObs_entangled_trainable_rzz_QLayers_5___seed_1_1761468207
724992,1-Training-Losses/value_loss,0.0072816601023077965,Pong1PQFM_XObs_entangled_trainable_rzz_QLayers_5___seed_1_1761468207
729088,1-Training-Losses/value_loss,0.011379821226000786,Pong1PQFM_XObs_entangled_trainable_rzz_QLayers_5___seed_1_1761468207
733184,1-Training-Losses/value_loss,0.008828558959066868,Pong1PQFM_XObs_entangled_trainable_rzz_QLayers_5___seed_1_1761468207
737280,1-Training-Losses/value_loss,0.011649297550320625,Pong1PQFM_XObs_entangled_trainable_rzz_QLayers_5___seed_1_1761468207
741376,1-Training-Losses/value_loss,0.008210470899939537,Pong1PQFM_XObs_entangled_trainable_rzz_QLayers_5___seed_1_1761468207
745472,1-Training-Losses/value_loss,0.008311129175126553,Pong1PQFM_XObs_entangled_trainable_rzz_QLayers_5___seed_1_1761468207
749568,1-Training-Losses/value_loss,0.00851745530962944,Pong1PQFM_XObs_entangled_trainable_rzz_QLayers_5___seed_1_1761468207
753664,1-Training-Losses/value_loss,0.007846279069781303,Pong1PQFM_XObs_entangled_trainable_rzz_QLayers_5___seed_1_1761468207
757760,1-Training-Losses/value_loss,0.011778474785387516,Pong1PQFM_XObs_entangled_trainable_rzz_QLayers_5___seed_1_1761468207
761856,1-Training-Losses/value_loss,0.0068732211366295815,Pong1PQFM_XObs_entangled_trainable_rzz_QLayers_5___seed_1_1761468207
765952,1-Training-Losses/value_loss,0.008891792967915535,Pong1PQFM_XObs_entangled_trainable_rzz_QLayers_5___seed_1_1761468207
770048,1-Training-Losses/value_loss,0.007151774130761623,Pong1PQFM_XObs_entangled_trainable_rzz_QLayers_5___seed_1_1761468207
774144,1-Training-Losses/value_loss,0.008392875082790852,Pong1PQFM_XObs_entangled_trainable_rzz_QLayers_5___seed_1_1761468207
778240,1-Training-Losses/value_loss,0.010905066505074501,Pong1PQFM_XObs_entangled_trainable_rzz_QLayers_5___seed_1_1761468207
782336,1-Training-Losses/value_loss,0.008369719609618187,Pong1PQFM_XObs_entangled_trainable_rzz_QLayers_5___seed_1_1761468207
786432,1-Training-Losses/value_loss,0.008676448836922646,Pong1PQFM_XObs_entangled_trainable_rzz_QLayers_5___seed_1_1761468207
790528,1-Training-Losses/value_loss,0.0090305395424366,Pong1PQFM_XObs_entangled_trainable_rzz_QLayers_5___seed_1_1761468207
794624,1-Training-Losses/value_loss,0.006745222024619579,Pong1PQFM_XObs_entangled_trainable_rzz_QLayers_5___seed_1_1761468207
798720,1-Training-Losses/value_loss,0.008576839230954647,Pong1PQFM_XObs_entangled_trainable_rzz_QLayers_5___seed_1_1761468207
802816,1-Training-Losses/value_loss,0.007149022538214922,Pong1PQFM_XObs_entangled_trainable_rzz_QLayers_5___seed_1_1761468207
806912,1-Training-Losses/value_loss,0.008254412561655045,Pong1PQFM_XObs_entangled_trainable_rzz_QLayers_5___seed_1_1761468207
811008,1-Training-Losses/value_loss,0.008619420230388641,Pong1PQFM_XObs_entangled_trainable_rzz_QLayers_5___seed_1_1761468207
815104,1-Training-Losses/value_loss,0.010036599822342396,Pong1PQFM_XObs_entangled_trainable_rzz_QLayers_5___seed_1_1761468207
819200,1-Training-Losses/value_loss,0.008665481582283974,Pong1PQFM_XObs_entangled_trainable_rzz_QLayers_5___seed_1_1761468207
823296,1-Training-Losses/value_loss,0.009747428819537163,Pong1PQFM_XObs_entangled_trainable_rzz_QLayers_5___seed_1_1761468207
827392,1-Training-Losses/value_loss,0.00809488259255886,Pong1PQFM_XObs_entangled_trainable_rzz_QLayers_5___seed_1_1761468207
831488,1-Training-Losses/value_loss,0.008052350953221321,Pong1PQFM_XObs_entangled_trainable_rzz_QLayers_5___seed_1_1761468207
835584,1-Training-Losses/value_loss,0.010347992181777954,Pong1PQFM_XObs_entangled_trainable_rzz_QLayers_5___seed_1_1761468207
839680,1-Training-Losses/value_loss,0.007600155659019947,Pong1PQFM_XObs_entangled_trainable_rzz_QLayers_5___seed_1_1761468207
843776,1-Training-Losses/value_loss,0.00968046672642231,Pong1PQFM_XObs_entangled_trainable_rzz_QLayers_5___seed_1_1761468207
847872,1-Training-Losses/value_loss,0.00690954877063632,Pong1PQFM_XObs_entangled_trainable_rzz_QLayers_5___seed_1_1761468207
851968,1-Training-Losses/value_loss,0.008291684091091156,Pong1PQFM_XObs_entangled_trainable_rzz_QLayers_5___seed_1_1761468207
856064,1-Training-Losses/value_loss,0.008226853795349598,Pong1PQFM_XObs_entangled_trainable_rzz_QLayers_5___seed_1_1761468207
860160,1-Training-Losses/value_loss,0.007715575862675905,Pong1PQFM_XObs_entangled_trainable_rzz_QLayers_5___seed_1_1761468207
864256,1-Training-Losses/value_loss,0.00665129953995347,Pong1PQFM_XObs_entangled_trainable_rzz_QLayers_5___seed_1_1761468207
868352,1-Training-Losses/value_loss,0.009168102405965328,Pong1PQFM_XObs_entangled_trainable_rzz_QLayers_5___seed_1_1761468207
872448,1-Training-Losses/value_loss,0.007715530227869749,Pong1PQFM_XObs_entangled_trainable_rzz_QLayers_5___seed_1_1761468207
876544,1-Training-Losses/value_loss,0.007712113671004772,Pong1PQFM_XObs_entangled_trainable_rzz_QLayers_5___seed_1_1761468207
880640,1-Training-Losses/value_loss,0.008586755022406578,Pong1PQFM_XObs_entangled_trainable_rzz_QLayers_5___seed_1_1761468207
884736,1-Training-Losses/value_loss,0.011480756103992462,Pong1PQFM_XObs_entangled_trainable_rzz_QLayers_5___seed_1_1761468207
888832,1-Training-Losses/value_loss,0.006804222706705332,Pong1PQFM_XObs_entangled_trainable_rzz_QLayers_5___seed_1_1761468207
892928,1-Training-Losses/value_loss,0.00817965716123581,Pong1PQFM_XObs_entangled_trainable_rzz_QLayers_5___seed_1_1761468207
897024,1-Training-Losses/value_loss,0.009381638839840889,Pong1PQFM_XObs_entangled_trainable_rzz_QLayers_5___seed_1_1761468207
901120,1-Training-Losses/value_loss,0.007153423503041267,Pong1PQFM_XObs_entangled_trainable_rzz_QLayers_5___seed_1_1761468207
905216,1-Training-Losses/value_loss,0.007784869521856308,Pong1PQFM_XObs_entangled_trainable_rzz_QLayers_5___seed_1_1761468207
909312,1-Training-Losses/value_loss,0.005991291254758835,Pong1PQFM_XObs_entangled_trainable_rzz_QLayers_5___seed_1_1761468207
913408,1-Training-Losses/value_loss,0.008723203092813492,Pong1PQFM_XObs_entangled_trainable_rzz_QLayers_5___seed_1_1761468207
917504,1-Training-Losses/value_loss,0.007267419248819351,Pong1PQFM_XObs_entangled_trainable_rzz_QLayers_5___seed_1_1761468207
921600,1-Training-Losses/value_loss,0.010957520455121994,Pong1PQFM_XObs_entangled_trainable_rzz_QLayers_5___seed_1_1761468207
925696,1-Training-Losses/value_loss,0.006864315364509821,Pong1PQFM_XObs_entangled_trainable_rzz_QLayers_5___seed_1_1761468207
929792,1-Training-Losses/value_loss,0.008135106414556503,Pong1PQFM_XObs_entangled_trainable_rzz_QLayers_5___seed_1_1761468207
933888,1-Training-Losses/value_loss,0.006576492451131344,Pong1PQFM_XObs_entangled_trainable_rzz_QLayers_5___seed_1_1761468207
937984,1-Training-Losses/value_loss,0.008913649246096611,Pong1PQFM_XObs_entangled_trainable_rzz_QLayers_5___seed_1_1761468207
942080,1-Training-Losses/value_loss,0.00733655970543623,Pong1PQFM_XObs_entangled_trainable_rzz_QLayers_5___seed_1_1761468207
946176,1-Training-Losses/value_loss,0.007293457631021738,Pong1PQFM_XObs_entangled_trainable_rzz_QLayers_5___seed_1_1761468207
950272,1-Training-Losses/value_loss,0.008691997267305851,Pong1PQFM_XObs_entangled_trainable_rzz_QLayers_5___seed_1_1761468207
954368,1-Training-Losses/value_loss,0.00968590471893549,Pong1PQFM_XObs_entangled_trainable_rzz_QLayers_5___seed_1_1761468207
958464,1-Training-Losses/value_loss,0.00957094132900238,Pong1PQFM_XObs_entangled_trainable_rzz_QLayers_5___seed_1_1761468207
962560,1-Training-Losses/value_loss,0.005753359757363796,Pong1PQFM_XObs_entangled_trainable_rzz_QLayers_5___seed_1_1761468207
966656,1-Training-Losses/value_loss,0.00927706528455019,Pong1PQFM_XObs_entangled_trainable_rzz_QLayers_5___seed_1_1761468207
970752,1-Training-Losses/value_loss,0.008182608522474766,Pong1PQFM_XObs_entangled_trainable_rzz_QLayers_5___seed_1_1761468207
974848,1-Training-Losses/value_loss,0.010929233394563198,Pong1PQFM_XObs_entangled_trainable_rzz_QLayers_5___seed_1_1761468207
978944,1-Training-Losses/value_loss,0.009762512519955635,Pong1PQFM_XObs_entangled_trainable_rzz_QLayers_5___seed_1_1761468207
983040,1-Training-Losses/value_loss,0.008137166500091553,Pong1PQFM_XObs_entangled_trainable_rzz_QLayers_5___seed_1_1761468207
987136,1-Training-Losses/value_loss,0.009549456648528576,Pong1PQFM_XObs_entangled_trainable_rzz_QLayers_5___seed_1_1761468207
991232,1-Training-Losses/value_loss,0.009376753121614456,Pong1PQFM_XObs_entangled_trainable_rzz_QLayers_5___seed_1_1761468207
995328,1-Training-Losses/value_loss,0.010247924365103245,Pong1PQFM_XObs_entangled_trainable_rzz_QLayers_5___seed_1_1761468207
999424,1-Training-Losses/value_loss,0.008229085244238377,Pong1PQFM_XObs_entangled_trainable_rzz_QLayers_5___seed_1_1761468207
1003520,1-Training-Losses/value_loss,0.011142781935632229,Pong1PQFM_XObs_entangled_trainable_rzz_QLayers_5___seed_1_1761468207
1007616,1-Training-Losses/value_loss,0.009784575551748276,Pong1PQFM_XObs_entangled_trainable_rzz_QLayers_5___seed_1_1761468207
1011712,1-Training-Losses/value_loss,0.00930648110806942,Pong1PQFM_XObs_entangled_trainable_rzz_QLayers_5___seed_1_1761468207
1015808,1-Training-Losses/value_loss,0.006298171356320381,Pong1PQFM_XObs_entangled_trainable_rzz_QLayers_5___seed_1_1761468207
1019904,1-Training-Losses/value_loss,0.006761551834642887,Pong1PQFM_XObs_entangled_trainable_rzz_QLayers_5___seed_1_1761468207
1024000,1-Training-Losses/value_loss,0.0077413395047187805,Pong1PQFM_XObs_entangled_trainable_rzz_QLayers_5___seed_1_1761468207
1028096,1-Training-Losses/value_loss,0.007884429767727852,Pong1PQFM_XObs_entangled_trainable_rzz_QLayers_5___seed_1_1761468207
1032192,1-Training-Losses/value_loss,0.009026428684592247,Pong1PQFM_XObs_entangled_trainable_rzz_QLayers_5___seed_1_1761468207
1036288,1-Training-Losses/value_loss,0.0071161771193146706,Pong1PQFM_XObs_entangled_trainable_rzz_QLayers_5___seed_1_1761468207
1040384,1-Training-Losses/value_loss,0.007083127275109291,Pong1PQFM_XObs_entangled_trainable_rzz_QLayers_5___seed_1_1761468207
1044480,1-Training-Losses/value_loss,0.011325249448418617,Pong1PQFM_XObs_entangled_trainable_rzz_QLayers_5___seed_1_1761468207
1048576,1-Training-Losses/value_loss,0.006134808994829655,Pong1PQFM_XObs_entangled_trainable_rzz_QLayers_5___seed_1_1761468207
1052672,1-Training-Losses/value_loss,0.009158208966255188,Pong1PQFM_XObs_entangled_trainable_rzz_QLayers_5___seed_1_1761468207
1056768,1-Training-Losses/value_loss,0.007064838893711567,Pong1PQFM_XObs_entangled_trainable_rzz_QLayers_5___seed_1_1761468207
1060864,1-Training-Losses/value_loss,0.007995111867785454,Pong1PQFM_XObs_entangled_trainable_rzz_QLayers_5___seed_1_1761468207
1064960,1-Training-Losses/value_loss,0.0071373446844518185,Pong1PQFM_XObs_entangled_trainable_rzz_QLayers_5___seed_1_1761468207
1069056,1-Training-Losses/value_loss,0.00725194439291954,Pong1PQFM_XObs_entangled_trainable_rzz_QLayers_5___seed_1_1761468207
1073152,1-Training-Losses/value_loss,0.010293256491422653,Pong1PQFM_XObs_entangled_trainable_rzz_QLayers_5___seed_1_1761468207
1077248,1-Training-Losses/value_loss,0.0084806177765131,Pong1PQFM_XObs_entangled_trainable_rzz_QLayers_5___seed_1_1761468207
1081344,1-Training-Losses/value_loss,0.006673428229987621,Pong1PQFM_XObs_entangled_trainable_rzz_QLayers_5___seed_1_1761468207
1085440,1-Training-Losses/value_loss,0.009162661619484425,Pong1PQFM_XObs_entangled_trainable_rzz_QLayers_5___seed_1_1761468207
1089536,1-Training-Losses/value_loss,0.007474104408174753,Pong1PQFM_XObs_entangled_trainable_rzz_QLayers_5___seed_1_1761468207
1093632,1-Training-Losses/value_loss,0.006862214766442776,Pong1PQFM_XObs_entangled_trainable_rzz_QLayers_5___seed_1_1761468207
1097728,1-Training-Losses/value_loss,0.008320651017129421,Pong1PQFM_XObs_entangled_trainable_rzz_QLayers_5___seed_1_1761468207
1101824,1-Training-Losses/value_loss,0.006952988915145397,Pong1PQFM_XObs_entangled_trainable_rzz_QLayers_5___seed_1_1761468207
1105920,1-Training-Losses/value_loss,0.007314946502447128,Pong1PQFM_XObs_entangled_trainable_rzz_QLayers_5___seed_1_1761468207
1110016,1-Training-Losses/value_loss,0.007505716755986214,Pong1PQFM_XObs_entangled_trainable_rzz_QLayers_5___seed_1_1761468207
1114112,1-Training-Losses/value_loss,0.0072290655225515366,Pong1PQFM_XObs_entangled_trainable_rzz_QLayers_5___seed_1_1761468207
1118208,1-Training-Losses/value_loss,0.00706180464476347,Pong1PQFM_XObs_entangled_trainable_rzz_QLayers_5___seed_1_1761468207
1122304,1-Training-Losses/value_loss,0.006486351601779461,Pong1PQFM_XObs_entangled_trainable_rzz_QLayers_5___seed_1_1761468207
1126400,1-Training-Losses/value_loss,0.007661523297429085,Pong1PQFM_XObs_entangled_trainable_rzz_QLayers_5___seed_1_1761468207
1130496,1-Training-Losses/value_loss,0.007793371565639973,Pong1PQFM_XObs_entangled_trainable_rzz_QLayers_5___seed_1_1761468207
1134592,1-Training-Losses/value_loss,0.006131252273917198,Pong1PQFM_XObs_entangled_trainable_rzz_QLayers_5___seed_1_1761468207
1138688,1-Training-Losses/value_loss,0.0073567405343055725,Pong1PQFM_XObs_entangled_trainable_rzz_QLayers_5___seed_1_1761468207
1142784,1-Training-Losses/value_loss,0.009059818461537361,Pong1PQFM_XObs_entangled_trainable_rzz_QLayers_5___seed_1_1761468207
1146880,1-Training-Losses/value_loss,0.006536785513162613,Pong1PQFM_XObs_entangled_trainable_rzz_QLayers_5___seed_1_1761468207
1150976,1-Training-Losses/value_loss,0.0070894332602620125,Pong1PQFM_XObs_entangled_trainable_rzz_QLayers_5___seed_1_1761468207
1155072,1-Training-Losses/value_loss,0.008720665238797665,Pong1PQFM_XObs_entangled_trainable_rzz_QLayers_5___seed_1_1761468207
1159168,1-Training-Losses/value_loss,0.00682131526991725,Pong1PQFM_XObs_entangled_trainable_rzz_QLayers_5___seed_1_1761468207
1163264,1-Training-Losses/value_loss,0.009530579671263695,Pong1PQFM_XObs_entangled_trainable_rzz_QLayers_5___seed_1_1761468207
1167360,1-Training-Losses/value_loss,0.008270403370261192,Pong1PQFM_XObs_entangled_trainable_rzz_QLayers_5___seed_1_1761468207
1171456,1-Training-Losses/value_loss,0.008864836767315865,Pong1PQFM_XObs_entangled_trainable_rzz_QLayers_5___seed_1_1761468207
1175552,1-Training-Losses/value_loss,0.00660816952586174,Pong1PQFM_XObs_entangled_trainable_rzz_QLayers_5___seed_1_1761468207
1179648,1-Training-Losses/value_loss,0.007118659093976021,Pong1PQFM_XObs_entangled_trainable_rzz_QLayers_5___seed_1_1761468207
1183744,1-Training-Losses/value_loss,0.007944537326693535,Pong1PQFM_XObs_entangled_trainable_rzz_QLayers_5___seed_1_1761468207
1187840,1-Training-Losses/value_loss,0.00798880122601986,Pong1PQFM_XObs_entangled_trainable_rzz_QLayers_5___seed_1_1761468207
1191936,1-Training-Losses/value_loss,0.008349191397428513,Pong1PQFM_XObs_entangled_trainable_rzz_QLayers_5___seed_1_1761468207
1196032,1-Training-Losses/value_loss,0.008525626733899117,Pong1PQFM_XObs_entangled_trainable_rzz_QLayers_5___seed_1_1761468207
1200128,1-Training-Losses/value_loss,0.005718353670090437,Pong1PQFM_XObs_entangled_trainable_rzz_QLayers_5___seed_1_1761468207
1204224,1-Training-Losses/value_loss,0.007950938306748867,Pong1PQFM_XObs_entangled_trainable_rzz_QLayers_5___seed_1_1761468207
1208320,1-Training-Losses/value_loss,0.009687141515314579,Pong1PQFM_XObs_entangled_trainable_rzz_QLayers_5___seed_1_1761468207
1212416,1-Training-Losses/value_loss,0.006660946179181337,Pong1PQFM_XObs_entangled_trainable_rzz_QLayers_5___seed_1_1761468207
1216512,1-Training-Losses/value_loss,0.00885283388197422,Pong1PQFM_XObs_entangled_trainable_rzz_QLayers_5___seed_1_1761468207
1220608,1-Training-Losses/value_loss,0.009871603921055794,Pong1PQFM_XObs_entangled_trainable_rzz_QLayers_5___seed_1_1761468207
1224704,1-Training-Losses/value_loss,0.00659139221534133,Pong1PQFM_XObs_entangled_trainable_rzz_QLayers_5___seed_1_1761468207
1228800,1-Training-Losses/value_loss,0.006452758796513081,Pong1PQFM_XObs_entangled_trainable_rzz_QLayers_5___seed_1_1761468207
1232896,1-Training-Losses/value_loss,0.007318757474422455,Pong1PQFM_XObs_entangled_trainable_rzz_QLayers_5___seed_1_1761468207
1236992,1-Training-Losses/value_loss,0.008891187608242035,Pong1PQFM_XObs_entangled_trainable_rzz_QLayers_5___seed_1_1761468207
1241088,1-Training-Losses/value_loss,0.0063644046895205975,Pong1PQFM_XObs_entangled_trainable_rzz_QLayers_5___seed_1_1761468207
1245184,1-Training-Losses/value_loss,0.008116891607642174,Pong1PQFM_XObs_entangled_trainable_rzz_QLayers_5___seed_1_1761468207
1249280,1-Training-Losses/value_loss,0.0059946877881884575,Pong1PQFM_XObs_entangled_trainable_rzz_QLayers_5___seed_1_1761468207
1253376,1-Training-Losses/value_loss,0.007590882945805788,Pong1PQFM_XObs_entangled_trainable_rzz_QLayers_5___seed_1_1761468207
1257472,1-Training-Losses/value_loss,0.006860891357064247,Pong1PQFM_XObs_entangled_trainable_rzz_QLayers_5___seed_1_1761468207
1261568,1-Training-Losses/value_loss,0.008027657866477966,Pong1PQFM_XObs_entangled_trainable_rzz_QLayers_5___seed_1_1761468207
1265664,1-Training-Losses/value_loss,0.006683561950922012,Pong1PQFM_XObs_entangled_trainable_rzz_QLayers_5___seed_1_1761468207
1269760,1-Training-Losses/value_loss,0.0068879034370183945,Pong1PQFM_XObs_entangled_trainable_rzz_QLayers_5___seed_1_1761468207
1273856,1-Training-Losses/value_loss,0.006724756211042404,Pong1PQFM_XObs_entangled_trainable_rzz_QLayers_5___seed_1_1761468207
1277952,1-Training-Losses/value_loss,0.008694015443325043,Pong1PQFM_XObs_entangled_trainable_rzz_QLayers_5___seed_1_1761468207
1282048,1-Training-Losses/value_loss,0.008394705131649971,Pong1PQFM_XObs_entangled_trainable_rzz_QLayers_5___seed_1_1761468207
1286144,1-Training-Losses/value_loss,0.0066388677805662155,Pong1PQFM_XObs_entangled_trainable_rzz_QLayers_5___seed_1_1761468207
1290240,1-Training-Losses/value_loss,0.006160921882838011,Pong1PQFM_XObs_entangled_trainable_rzz_QLayers_5___seed_1_1761468207
1294336,1-Training-Losses/value_loss,0.007515445351600647,Pong1PQFM_XObs_entangled_trainable_rzz_QLayers_5___seed_1_1761468207
1298432,1-Training-Losses/value_loss,0.005751810036599636,Pong1PQFM_XObs_entangled_trainable_rzz_QLayers_5___seed_1_1761468207
1302528,1-Training-Losses/value_loss,0.006707353983074427,Pong1PQFM_XObs_entangled_trainable_rzz_QLayers_5___seed_1_1761468207
1306624,1-Training-Losses/value_loss,0.006678782403469086,Pong1PQFM_XObs_entangled_trainable_rzz_QLayers_5___seed_1_1761468207
1310720,1-Training-Losses/value_loss,0.006319672800600529,Pong1PQFM_XObs_entangled_trainable_rzz_QLayers_5___seed_1_1761468207
1314816,1-Training-Losses/value_loss,0.006921825930476189,Pong1PQFM_XObs_entangled_trainable_rzz_QLayers_5___seed_1_1761468207
1318912,1-Training-Losses/value_loss,0.0053961388766765594,Pong1PQFM_XObs_entangled_trainable_rzz_QLayers_5___seed_1_1761468207
1323008,1-Training-Losses/value_loss,0.007188629824668169,Pong1PQFM_XObs_entangled_trainable_rzz_QLayers_5___seed_1_1761468207
1327104,1-Training-Losses/value_loss,0.005899562034755945,Pong1PQFM_XObs_entangled_trainable_rzz_QLayers_5___seed_1_1761468207
1331200,1-Training-Losses/value_loss,0.007432704325765371,Pong1PQFM_XObs_entangled_trainable_rzz_QLayers_5___seed_1_1761468207
1335296,1-Training-Losses/value_loss,0.005865558981895447,Pong1PQFM_XObs_entangled_trainable_rzz_QLayers_5___seed_1_1761468207
1339392,1-Training-Losses/value_loss,0.006412878166884184,Pong1PQFM_XObs_entangled_trainable_rzz_QLayers_5___seed_1_1761468207
1343488,1-Training-Losses/value_loss,0.007268044166266918,Pong1PQFM_XObs_entangled_trainable_rzz_QLayers_5___seed_1_1761468207
1347584,1-Training-Losses/value_loss,0.00637561921030283,Pong1PQFM_XObs_entangled_trainable_rzz_QLayers_5___seed_1_1761468207
1351680,1-Training-Losses/value_loss,0.007123590912669897,Pong1PQFM_XObs_entangled_trainable_rzz_QLayers_5___seed_1_1761468207
1355776,1-Training-Losses/value_loss,0.005083397962152958,Pong1PQFM_XObs_entangled_trainable_rzz_QLayers_5___seed_1_1761468207
1359872,1-Training-Losses/value_loss,0.007569191511720419,Pong1PQFM_XObs_entangled_trainable_rzz_QLayers_5___seed_1_1761468207
1363968,1-Training-Losses/value_loss,0.005701679736375809,Pong1PQFM_XObs_entangled_trainable_rzz_QLayers_5___seed_1_1761468207
1368064,1-Training-Losses/value_loss,0.010572155006229877,Pong1PQFM_XObs_entangled_trainable_rzz_QLayers_5___seed_1_1761468207
1372160,1-Training-Losses/value_loss,0.006634274031966925,Pong1PQFM_XObs_entangled_trainable_rzz_QLayers_5___seed_1_1761468207
1376256,1-Training-Losses/value_loss,0.010973336175084114,Pong1PQFM_XObs_entangled_trainable_rzz_QLayers_5___seed_1_1761468207
1380352,1-Training-Losses/value_loss,0.006185718346387148,Pong1PQFM_XObs_entangled_trainable_rzz_QLayers_5___seed_1_1761468207
1384448,1-Training-Losses/value_loss,0.009492357261478901,Pong1PQFM_XObs_entangled_trainable_rzz_QLayers_5___seed_1_1761468207
1388544,1-Training-Losses/value_loss,0.0047777071595191956,Pong1PQFM_XObs_entangled_trainable_rzz_QLayers_5___seed_1_1761468207
1392640,1-Training-Losses/value_loss,0.005311938002705574,Pong1PQFM_XObs_entangled_trainable_rzz_QLayers_5___seed_1_1761468207
1396736,1-Training-Losses/value_loss,0.007441357709467411,Pong1PQFM_XObs_entangled_trainable_rzz_QLayers_5___seed_1_1761468207
1400832,1-Training-Losses/value_loss,0.00815909169614315,Pong1PQFM_XObs_entangled_trainable_rzz_QLayers_5___seed_1_1761468207
1404928,1-Training-Losses/value_loss,0.006021132227033377,Pong1PQFM_XObs_entangled_trainable_rzz_QLayers_5___seed_1_1761468207
1409024,1-Training-Losses/value_loss,0.005490114446729422,Pong1PQFM_XObs_entangled_trainable_rzz_QLayers_5___seed_1_1761468207
1413120,1-Training-Losses/value_loss,0.0053549231961369514,Pong1PQFM_XObs_entangled_trainable_rzz_QLayers_5___seed_1_1761468207
1417216,1-Training-Losses/value_loss,0.004442563280463219,Pong1PQFM_XObs_entangled_trainable_rzz_QLayers_5___seed_1_1761468207
1421312,1-Training-Losses/value_loss,0.006735833827406168,Pong1PQFM_XObs_entangled_trainable_rzz_QLayers_5___seed_1_1761468207
1425408,1-Training-Losses/value_loss,0.0073876893147826195,Pong1PQFM_XObs_entangled_trainable_rzz_QLayers_5___seed_1_1761468207
1429504,1-Training-Losses/value_loss,0.00742957042530179,Pong1PQFM_XObs_entangled_trainable_rzz_QLayers_5___seed_1_1761468207
1433600,1-Training-Losses/value_loss,0.008758394047617912,Pong1PQFM_XObs_entangled_trainable_rzz_QLayers_5___seed_1_1761468207
1437696,1-Training-Losses/value_loss,0.007237069308757782,Pong1PQFM_XObs_entangled_trainable_rzz_QLayers_5___seed_1_1761468207
1441792,1-Training-Losses/value_loss,0.006324478425085545,Pong1PQFM_XObs_entangled_trainable_rzz_QLayers_5___seed_1_1761468207
1445888,1-Training-Losses/value_loss,0.00601112749427557,Pong1PQFM_XObs_entangled_trainable_rzz_QLayers_5___seed_1_1761468207
1449984,1-Training-Losses/value_loss,0.006146335043013096,Pong1PQFM_XObs_entangled_trainable_rzz_QLayers_5___seed_1_1761468207
1454080,1-Training-Losses/value_loss,0.0054218703880906105,Pong1PQFM_XObs_entangled_trainable_rzz_QLayers_5___seed_1_1761468207
1458176,1-Training-Losses/value_loss,0.005644270218908787,Pong1PQFM_XObs_entangled_trainable_rzz_QLayers_5___seed_1_1761468207
1462272,1-Training-Losses/value_loss,0.006117911543697119,Pong1PQFM_XObs_entangled_trainable_rzz_QLayers_5___seed_1_1761468207
1466368,1-Training-Losses/value_loss,0.006220090668648481,Pong1PQFM_XObs_entangled_trainable_rzz_QLayers_5___seed_1_1761468207
1470464,1-Training-Losses/value_loss,0.006230201572179794,Pong1PQFM_XObs_entangled_trainable_rzz_QLayers_5___seed_1_1761468207
1474560,1-Training-Losses/value_loss,0.004825147800147533,Pong1PQFM_XObs_entangled_trainable_rzz_QLayers_5___seed_1_1761468207
1478656,1-Training-Losses/value_loss,0.0061529893428087234,Pong1PQFM_XObs_entangled_trainable_rzz_QLayers_5___seed_1_1761468207
1482752,1-Training-Losses/value_loss,0.008249837905168533,Pong1PQFM_XObs_entangled_trainable_rzz_QLayers_5___seed_1_1761468207
1486848,1-Training-Losses/value_loss,0.006968808360397816,Pong1PQFM_XObs_entangled_trainable_rzz_QLayers_5___seed_1_1761468207
1490944,1-Training-Losses/value_loss,0.0047567859292030334,Pong1PQFM_XObs_entangled_trainable_rzz_QLayers_5___seed_1_1761468207
1495040,1-Training-Losses/value_loss,0.007291432470083237,Pong1PQFM_XObs_entangled_trainable_rzz_QLayers_5___seed_1_1761468207
1499136,1-Training-Losses/value_loss,0.0035826023668050766,Pong1PQFM_XObs_entangled_trainable_rzz_QLayers_5___seed_1_1761468207
1503232,1-Training-Losses/value_loss,0.00664124870672822,Pong1PQFM_XObs_entangled_trainable_rzz_QLayers_5___seed_1_1761468207
1507328,1-Training-Losses/value_loss,0.003983951173722744,Pong1PQFM_XObs_entangled_trainable_rzz_QLayers_5___seed_1_1761468207
1511424,1-Training-Losses/value_loss,0.008923256769776344,Pong1PQFM_XObs_entangled_trainable_rzz_QLayers_5___seed_1_1761468207
1515520,1-Training-Losses/value_loss,0.005565899424254894,Pong1PQFM_XObs_entangled_trainable_rzz_QLayers_5___seed_1_1761468207
1519616,1-Training-Losses/value_loss,0.008706001564860344,Pong1PQFM_XObs_entangled_trainable_rzz_QLayers_5___seed_1_1761468207
1523712,1-Training-Losses/value_loss,0.006868574768304825,Pong1PQFM_XObs_entangled_trainable_rzz_QLayers_5___seed_1_1761468207
1527808,1-Training-Losses/value_loss,0.006530725862830877,Pong1PQFM_XObs_entangled_trainable_rzz_QLayers_5___seed_1_1761468207
1531904,1-Training-Losses/value_loss,0.004779627081006765,Pong1PQFM_XObs_entangled_trainable_rzz_QLayers_5___seed_1_1761468207
1536000,1-Training-Losses/value_loss,0.004410623572766781,Pong1PQFM_XObs_entangled_trainable_rzz_QLayers_5___seed_1_1761468207
1540096,1-Training-Losses/value_loss,0.005069923587143421,Pong1PQFM_XObs_entangled_trainable_rzz_QLayers_5___seed_1_1761468207
1544192,1-Training-Losses/value_loss,0.006422416307032108,Pong1PQFM_XObs_entangled_trainable_rzz_QLayers_5___seed_1_1761468207
1548288,1-Training-Losses/value_loss,0.010744535364210606,Pong1PQFM_XObs_entangled_trainable_rzz_QLayers_5___seed_1_1761468207
1552384,1-Training-Losses/value_loss,0.008574584499001503,Pong1PQFM_XObs_entangled_trainable_rzz_QLayers_5___seed_1_1761468207
1556480,1-Training-Losses/value_loss,0.00686916708946228,Pong1PQFM_XObs_entangled_trainable_rzz_QLayers_5___seed_1_1761468207
1560576,1-Training-Losses/value_loss,0.004741480574011803,Pong1PQFM_XObs_entangled_trainable_rzz_QLayers_5___seed_1_1761468207
1564672,1-Training-Losses/value_loss,0.006007364951074123,Pong1PQFM_XObs_entangled_trainable_rzz_QLayers_5___seed_1_1761468207
1568768,1-Training-Losses/value_loss,0.008348554372787476,Pong1PQFM_XObs_entangled_trainable_rzz_QLayers_5___seed_1_1761468207
1572864,1-Training-Losses/value_loss,0.004458689130842686,Pong1PQFM_XObs_entangled_trainable_rzz_QLayers_5___seed_1_1761468207
1576960,1-Training-Losses/value_loss,0.004870621953159571,Pong1PQFM_XObs_entangled_trainable_rzz_QLayers_5___seed_1_1761468207
1581056,1-Training-Losses/value_loss,0.0049218726344406605,Pong1PQFM_XObs_entangled_trainable_rzz_QLayers_5___seed_1_1761468207
1585152,1-Training-Losses/value_loss,0.0039239623583853245,Pong1PQFM_XObs_entangled_trainable_rzz_QLayers_5___seed_1_1761468207
1589248,1-Training-Losses/value_loss,0.008882962167263031,Pong1PQFM_XObs_entangled_trainable_rzz_QLayers_5___seed_1_1761468207
1593344,1-Training-Losses/value_loss,0.005284860264509916,Pong1PQFM_XObs_entangled_trainable_rzz_QLayers_5___seed_1_1761468207
1597440,1-Training-Losses/value_loss,0.0071439496241509914,Pong1PQFM_XObs_entangled_trainable_rzz_QLayers_5___seed_1_1761468207
1601536,1-Training-Losses/value_loss,0.005329947918653488,Pong1PQFM_XObs_entangled_trainable_rzz_QLayers_5___seed_1_1761468207
1605632,1-Training-Losses/value_loss,0.005841996520757675,Pong1PQFM_XObs_entangled_trainable_rzz_QLayers_5___seed_1_1761468207
1609728,1-Training-Losses/value_loss,0.0038901446387171745,Pong1PQFM_XObs_entangled_trainable_rzz_QLayers_5___seed_1_1761468207
1613824,1-Training-Losses/value_loss,0.007105512544512749,Pong1PQFM_XObs_entangled_trainable_rzz_QLayers_5___seed_1_1761468207
1617920,1-Training-Losses/value_loss,0.005144283175468445,Pong1PQFM_XObs_entangled_trainable_rzz_QLayers_5___seed_1_1761468207
1622016,1-Training-Losses/value_loss,0.0052767591550946236,Pong1PQFM_XObs_entangled_trainable_rzz_QLayers_5___seed_1_1761468207
1626112,1-Training-Losses/value_loss,0.004621208645403385,Pong1PQFM_XObs_entangled_trainable_rzz_QLayers_5___seed_1_1761468207
1630208,1-Training-Losses/value_loss,0.00674315495416522,Pong1PQFM_XObs_entangled_trainable_rzz_QLayers_5___seed_1_1761468207
1634304,1-Training-Losses/value_loss,0.0038109016604721546,Pong1PQFM_XObs_entangled_trainable_rzz_QLayers_5___seed_1_1761468207
1638400,1-Training-Losses/value_loss,0.00911770761013031,Pong1PQFM_XObs_entangled_trainable_rzz_QLayers_5___seed_1_1761468207
1642496,1-Training-Losses/value_loss,0.006392551586031914,Pong1PQFM_XObs_entangled_trainable_rzz_QLayers_5___seed_1_1761468207
1646592,1-Training-Losses/value_loss,0.01372753269970417,Pong1PQFM_XObs_entangled_trainable_rzz_QLayers_5___seed_1_1761468207
1650688,1-Training-Losses/value_loss,0.0053906249813735485,Pong1PQFM_XObs_entangled_trainable_rzz_QLayers_5___seed_1_1761468207
1654784,1-Training-Losses/value_loss,0.009150343015789986,Pong1PQFM_XObs_entangled_trainable_rzz_QLayers_5___seed_1_1761468207
1658880,1-Training-Losses/value_loss,0.005657143425196409,Pong1PQFM_XObs_entangled_trainable_rzz_QLayers_5___seed_1_1761468207
1662976,1-Training-Losses/value_loss,0.005827462300658226,Pong1PQFM_XObs_entangled_trainable_rzz_QLayers_5___seed_1_1761468207
1667072,1-Training-Losses/value_loss,0.006561893969774246,Pong1PQFM_XObs_entangled_trainable_rzz_QLayers_5___seed_1_1761468207
1671168,1-Training-Losses/value_loss,0.005785951856523752,Pong1PQFM_XObs_entangled_trainable_rzz_QLayers_5___seed_1_1761468207
1675264,1-Training-Losses/value_loss,0.007342182099819183,Pong1PQFM_XObs_entangled_trainable_rzz_QLayers_5___seed_1_1761468207
1679360,1-Training-Losses/value_loss,0.0072487108409404755,Pong1PQFM_XObs_entangled_trainable_rzz_QLayers_5___seed_1_1761468207
1683456,1-Training-Losses/value_loss,0.007287837564945221,Pong1PQFM_XObs_entangled_trainable_rzz_QLayers_5___seed_1_1761468207
1687552,1-Training-Losses/value_loss,0.007122455630451441,Pong1PQFM_XObs_entangled_trainable_rzz_QLayers_5___seed_1_1761468207
1691648,1-Training-Losses/value_loss,0.00488854106515646,Pong1PQFM_XObs_entangled_trainable_rzz_QLayers_5___seed_1_1761468207
1695744,1-Training-Losses/value_loss,0.007230870425701141,Pong1PQFM_XObs_entangled_trainable_rzz_QLayers_5___seed_1_1761468207
1699840,1-Training-Losses/value_loss,0.009822843596339226,Pong1PQFM_XObs_entangled_trainable_rzz_QLayers_5___seed_1_1761468207
1703936,1-Training-Losses/value_loss,0.0081282714381814,Pong1PQFM_XObs_entangled_trainable_rzz_QLayers_5___seed_1_1761468207
1708032,1-Training-Losses/value_loss,0.006614463869482279,Pong1PQFM_XObs_entangled_trainable_rzz_QLayers_5___seed_1_1761468207
1712128,1-Training-Losses/value_loss,0.005783872678875923,Pong1PQFM_XObs_entangled_trainable_rzz_QLayers_5___seed_1_1761468207
1716224,1-Training-Losses/value_loss,0.008149017579853535,Pong1PQFM_XObs_entangled_trainable_rzz_QLayers_5___seed_1_1761468207
1720320,1-Training-Losses/value_loss,0.006229093298316002,Pong1PQFM_XObs_entangled_trainable_rzz_QLayers_5___seed_1_1761468207
1724416,1-Training-Losses/value_loss,0.012241717427968979,Pong1PQFM_XObs_entangled_trainable_rzz_QLayers_5___seed_1_1761468207
1728512,1-Training-Losses/value_loss,0.007862083613872528,Pong1PQFM_XObs_entangled_trainable_rzz_QLayers_5___seed_1_1761468207
1732608,1-Training-Losses/value_loss,0.007751313503831625,Pong1PQFM_XObs_entangled_trainable_rzz_QLayers_5___seed_1_1761468207
1736704,1-Training-Losses/value_loss,0.010603928938508034,Pong1PQFM_XObs_entangled_trainable_rzz_QLayers_5___seed_1_1761468207
1740800,1-Training-Losses/value_loss,0.00682408083230257,Pong1PQFM_XObs_entangled_trainable_rzz_QLayers_5___seed_1_1761468207
1744896,1-Training-Losses/value_loss,0.010229736566543579,Pong1PQFM_XObs_entangled_trainable_rzz_QLayers_5___seed_1_1761468207
1748992,1-Training-Losses/value_loss,0.005247651599347591,Pong1PQFM_XObs_entangled_trainable_rzz_QLayers_5___seed_1_1761468207
1753088,1-Training-Losses/value_loss,0.009847662411630154,Pong1PQFM_XObs_entangled_trainable_rzz_QLayers_5___seed_1_1761468207
1757184,1-Training-Losses/value_loss,0.010325944051146507,Pong1PQFM_XObs_entangled_trainable_rzz_QLayers_5___seed_1_1761468207
1761280,1-Training-Losses/value_loss,0.006082209758460522,Pong1PQFM_XObs_entangled_trainable_rzz_QLayers_5___seed_1_1761468207
1765376,1-Training-Losses/value_loss,0.007111547980457544,Pong1PQFM_XObs_entangled_trainable_rzz_QLayers_5___seed_1_1761468207
1769472,1-Training-Losses/value_loss,0.011630842462182045,Pong1PQFM_XObs_entangled_trainable_rzz_QLayers_5___seed_1_1761468207
1773568,1-Training-Losses/value_loss,0.006951912306249142,Pong1PQFM_XObs_entangled_trainable_rzz_QLayers_5___seed_1_1761468207
1777664,1-Training-Losses/value_loss,0.006912612356245518,Pong1PQFM_XObs_entangled_trainable_rzz_QLayers_5___seed_1_1761468207
1781760,1-Training-Losses/value_loss,0.006835256703197956,Pong1PQFM_XObs_entangled_trainable_rzz_QLayers_5___seed_1_1761468207
1785856,1-Training-Losses/value_loss,0.0067033846862614155,Pong1PQFM_XObs_entangled_trainable_rzz_QLayers_5___seed_1_1761468207
1789952,1-Training-Losses/value_loss,0.009279275313019753,Pong1PQFM_XObs_entangled_trainable_rzz_QLayers_5___seed_1_1761468207
1794048,1-Training-Losses/value_loss,0.008650616742670536,Pong1PQFM_XObs_entangled_trainable_rzz_QLayers_5___seed_1_1761468207
1798144,1-Training-Losses/value_loss,0.009616856463253498,Pong1PQFM_XObs_entangled_trainable_rzz_QLayers_5___seed_1_1761468207
1802240,1-Training-Losses/value_loss,0.008645568042993546,Pong1PQFM_XObs_entangled_trainable_rzz_QLayers_5___seed_1_1761468207
1806336,1-Training-Losses/value_loss,0.007704718969762325,Pong1PQFM_XObs_entangled_trainable_rzz_QLayers_5___seed_1_1761468207
1810432,1-Training-Losses/value_loss,0.007104439660906792,Pong1PQFM_XObs_entangled_trainable_rzz_QLayers_5___seed_1_1761468207
1814528,1-Training-Losses/value_loss,0.011540887877345085,Pong1PQFM_XObs_entangled_trainable_rzz_QLayers_5___seed_1_1761468207
1818624,1-Training-Losses/value_loss,0.0071467743255198,Pong1PQFM_XObs_entangled_trainable_rzz_QLayers_5___seed_1_1761468207
1822720,1-Training-Losses/value_loss,0.009671554900705814,Pong1PQFM_XObs_entangled_trainable_rzz_QLayers_5___seed_1_1761468207
1826816,1-Training-Losses/value_loss,0.008563678711652756,Pong1PQFM_XObs_entangled_trainable_rzz_QLayers_5___seed_1_1761468207
1830912,1-Training-Losses/value_loss,0.006071924697607756,Pong1PQFM_XObs_entangled_trainable_rzz_QLayers_5___seed_1_1761468207
1835008,1-Training-Losses/value_loss,0.005901515483856201,Pong1PQFM_XObs_entangled_trainable_rzz_QLayers_5___seed_1_1761468207
1839104,1-Training-Losses/value_loss,0.006961403880268335,Pong1PQFM_XObs_entangled_trainable_rzz_QLayers_5___seed_1_1761468207
1843200,1-Training-Losses/value_loss,0.006328755058348179,Pong1PQFM_XObs_entangled_trainable_rzz_QLayers_5___seed_1_1761468207
1847296,1-Training-Losses/value_loss,0.008814741857349873,Pong1PQFM_XObs_entangled_trainable_rzz_QLayers_5___seed_1_1761468207
1851392,1-Training-Losses/value_loss,0.006884662434458733,Pong1PQFM_XObs_entangled_trainable_rzz_QLayers_5___seed_1_1761468207
1855488,1-Training-Losses/value_loss,0.007325622718781233,Pong1PQFM_XObs_entangled_trainable_rzz_QLayers_5___seed_1_1761468207
1859584,1-Training-Losses/value_loss,0.0078474972397089,Pong1PQFM_XObs_entangled_trainable_rzz_QLayers_5___seed_1_1761468207
1863680,1-Training-Losses/value_loss,0.005707142874598503,Pong1PQFM_XObs_entangled_trainable_rzz_QLayers_5___seed_1_1761468207
1867776,1-Training-Losses/value_loss,0.008629263378679752,Pong1PQFM_XObs_entangled_trainable_rzz_QLayers_5___seed_1_1761468207
1871872,1-Training-Losses/value_loss,0.006440580356866121,Pong1PQFM_XObs_entangled_trainable_rzz_QLayers_5___seed_1_1761468207
1875968,1-Training-Losses/value_loss,0.010832317173480988,Pong1PQFM_XObs_entangled_trainable_rzz_QLayers_5___seed_1_1761468207
1880064,1-Training-Losses/value_loss,0.005412986967712641,Pong1PQFM_XObs_entangled_trainable_rzz_QLayers_5___seed_1_1761468207
1884160,1-Training-Losses/value_loss,0.009344672784209251,Pong1PQFM_XObs_entangled_trainable_rzz_QLayers_5___seed_1_1761468207
1888256,1-Training-Losses/value_loss,0.007184893824160099,Pong1PQFM_XObs_entangled_trainable_rzz_QLayers_5___seed_1_1761468207
1892352,1-Training-Losses/value_loss,0.008581582456827164,Pong1PQFM_XObs_entangled_trainable_rzz_QLayers_5___seed_1_1761468207
1896448,1-Training-Losses/value_loss,0.008377289399504662,Pong1PQFM_XObs_entangled_trainable_rzz_QLayers_5___seed_1_1761468207
1900544,1-Training-Losses/value_loss,0.009026892483234406,Pong1PQFM_XObs_entangled_trainable_rzz_QLayers_5___seed_1_1761468207
1904640,1-Training-Losses/value_loss,0.007618839852511883,Pong1PQFM_XObs_entangled_trainable_rzz_QLayers_5___seed_1_1761468207
1908736,1-Training-Losses/value_loss,0.006068587768822908,Pong1PQFM_XObs_entangled_trainable_rzz_QLayers_5___seed_1_1761468207
1912832,1-Training-Losses/value_loss,0.007689712103456259,Pong1PQFM_XObs_entangled_trainable_rzz_QLayers_5___seed_1_1761468207
1916928,1-Training-Losses/value_loss,0.007168980780988932,Pong1PQFM_XObs_entangled_trainable_rzz_QLayers_5___seed_1_1761468207
1921024,1-Training-Losses/value_loss,0.0073730433359742165,Pong1PQFM_XObs_entangled_trainable_rzz_QLayers_5___seed_1_1761468207
1925120,1-Training-Losses/value_loss,0.010582653805613518,Pong1PQFM_XObs_entangled_trainable_rzz_QLayers_5___seed_1_1761468207
1929216,1-Training-Losses/value_loss,0.008687221445143223,Pong1PQFM_XObs_entangled_trainable_rzz_QLayers_5___seed_1_1761468207
1933312,1-Training-Losses/value_loss,0.008085295557975769,Pong1PQFM_XObs_entangled_trainable_rzz_QLayers_5___seed_1_1761468207
1937408,1-Training-Losses/value_loss,0.006733018439263105,Pong1PQFM_XObs_entangled_trainable_rzz_QLayers_5___seed_1_1761468207
1941504,1-Training-Losses/value_loss,0.0059112003073096275,Pong1PQFM_XObs_entangled_trainable_rzz_QLayers_5___seed_1_1761468207
1945600,1-Training-Losses/value_loss,0.009613565169274807,Pong1PQFM_XObs_entangled_trainable_rzz_QLayers_5___seed_1_1761468207
1949696,1-Training-Losses/value_loss,0.0051600015722215176,Pong1PQFM_XObs_entangled_trainable_rzz_QLayers_5___seed_1_1761468207
1953792,1-Training-Losses/value_loss,0.0074557950720191,Pong1PQFM_XObs_entangled_trainable_rzz_QLayers_5___seed_1_1761468207
1957888,1-Training-Losses/value_loss,0.007865549996495247,Pong1PQFM_XObs_entangled_trainable_rzz_QLayers_5___seed_1_1761468207
1961984,1-Training-Losses/value_loss,0.005262624938040972,Pong1PQFM_XObs_entangled_trainable_rzz_QLayers_5___seed_1_1761468207
1966080,1-Training-Losses/value_loss,0.004913683049380779,Pong1PQFM_XObs_entangled_trainable_rzz_QLayers_5___seed_1_1761468207
1970176,1-Training-Losses/value_loss,0.007893096655607224,Pong1PQFM_XObs_entangled_trainable_rzz_QLayers_5___seed_1_1761468207
1974272,1-Training-Losses/value_loss,0.008362140506505966,Pong1PQFM_XObs_entangled_trainable_rzz_QLayers_5___seed_1_1761468207
1978368,1-Training-Losses/value_loss,0.009408753365278244,Pong1PQFM_XObs_entangled_trainable_rzz_QLayers_5___seed_1_1761468207
1982464,1-Training-Losses/value_loss,0.008856518194079399,Pong1PQFM_XObs_entangled_trainable_rzz_QLayers_5___seed_1_1761468207
1986560,1-Training-Losses/value_loss,0.006834442727267742,Pong1PQFM_XObs_entangled_trainable_rzz_QLayers_5___seed_1_1761468207
1990656,1-Training-Losses/value_loss,0.008183569647371769,Pong1PQFM_XObs_entangled_trainable_rzz_QLayers_5___seed_1_1761468207
1994752,1-Training-Losses/value_loss,0.007077168673276901,Pong1PQFM_XObs_entangled_trainable_rzz_QLayers_5___seed_1_1761468207
1998848,1-Training-Losses/value_loss,0.0070333220064640045,Pong1PQFM_XObs_entangled_trainable_rzz_QLayers_5___seed_1_1761468207
2002944,1-Training-Losses/value_loss,0.008094476535916328,Pong1PQFM_XObs_entangled_trainable_rzz_QLayers_5___seed_1_1761468207
2007040,1-Training-Losses/value_loss,0.009349224157631397,Pong1PQFM_XObs_entangled_trainable_rzz_QLayers_5___seed_1_1761468207
2011136,1-Training-Losses/value_loss,0.011665359139442444,Pong1PQFM_XObs_entangled_trainable_rzz_QLayers_5___seed_1_1761468207
2015232,1-Training-Losses/value_loss,0.007282521575689316,Pong1PQFM_XObs_entangled_trainable_rzz_QLayers_5___seed_1_1761468207
2019328,1-Training-Losses/value_loss,0.0055090999230742455,Pong1PQFM_XObs_entangled_trainable_rzz_QLayers_5___seed_1_1761468207
2023424,1-Training-Losses/value_loss,0.010282555595040321,Pong1PQFM_XObs_entangled_trainable_rzz_QLayers_5___seed_1_1761468207
2027520,1-Training-Losses/value_loss,0.007799569051712751,Pong1PQFM_XObs_entangled_trainable_rzz_QLayers_5___seed_1_1761468207
2031616,1-Training-Losses/value_loss,0.010406926274299622,Pong1PQFM_XObs_entangled_trainable_rzz_QLayers_5___seed_1_1761468207
2035712,1-Training-Losses/value_loss,0.006721052341163158,Pong1PQFM_XObs_entangled_trainable_rzz_QLayers_5___seed_1_1761468207
2039808,1-Training-Losses/value_loss,0.007918840274214745,Pong1PQFM_XObs_entangled_trainable_rzz_QLayers_5___seed_1_1761468207
2043904,1-Training-Losses/value_loss,0.007306135259568691,Pong1PQFM_XObs_entangled_trainable_rzz_QLayers_5___seed_1_1761468207
2048000,1-Training-Losses/value_loss,0.007304914761334658,Pong1PQFM_XObs_entangled_trainable_rzz_QLayers_5___seed_1_1761468207
2052096,1-Training-Losses/value_loss,0.00917412992566824,Pong1PQFM_XObs_entangled_trainable_rzz_QLayers_5___seed_1_1761468207
2056192,1-Training-Losses/value_loss,0.0065683601424098015,Pong1PQFM_XObs_entangled_trainable_rzz_QLayers_5___seed_1_1761468207
2060288,1-Training-Losses/value_loss,0.00648084469139576,Pong1PQFM_XObs_entangled_trainable_rzz_QLayers_5___seed_1_1761468207
2064384,1-Training-Losses/value_loss,0.008894539438188076,Pong1PQFM_XObs_entangled_trainable_rzz_QLayers_5___seed_1_1761468207
2068480,1-Training-Losses/value_loss,0.010396327823400497,Pong1PQFM_XObs_entangled_trainable_rzz_QLayers_5___seed_1_1761468207
2072576,1-Training-Losses/value_loss,0.007579813711345196,Pong1PQFM_XObs_entangled_trainable_rzz_QLayers_5___seed_1_1761468207
2076672,1-Training-Losses/value_loss,0.007503913249820471,Pong1PQFM_XObs_entangled_trainable_rzz_QLayers_5___seed_1_1761468207
2080768,1-Training-Losses/value_loss,0.006559512112289667,Pong1PQFM_XObs_entangled_trainable_rzz_QLayers_5___seed_1_1761468207
2084864,1-Training-Losses/value_loss,0.00830643530935049,Pong1PQFM_XObs_entangled_trainable_rzz_QLayers_5___seed_1_1761468207
2088960,1-Training-Losses/value_loss,0.007231900002807379,Pong1PQFM_XObs_entangled_trainable_rzz_QLayers_5___seed_1_1761468207
2093056,1-Training-Losses/value_loss,0.0065576545894145966,Pong1PQFM_XObs_entangled_trainable_rzz_QLayers_5___seed_1_1761468207
2097152,1-Training-Losses/value_loss,0.007452487479895353,Pong1PQFM_XObs_entangled_trainable_rzz_QLayers_5___seed_1_1761468207
2101248,1-Training-Losses/value_loss,0.006035572849214077,Pong1PQFM_XObs_entangled_trainable_rzz_QLayers_5___seed_1_1761468207
2105344,1-Training-Losses/value_loss,0.008883959613740444,Pong1PQFM_XObs_entangled_trainable_rzz_QLayers_5___seed_1_1761468207
2109440,1-Training-Losses/value_loss,0.007235970813781023,Pong1PQFM_XObs_entangled_trainable_rzz_QLayers_5___seed_1_1761468207
2113536,1-Training-Losses/value_loss,0.008773788809776306,Pong1PQFM_XObs_entangled_trainable_rzz_QLayers_5___seed_1_1761468207
2117632,1-Training-Losses/value_loss,0.007159079425036907,Pong1PQFM_XObs_entangled_trainable_rzz_QLayers_5___seed_1_1761468207
2121728,1-Training-Losses/value_loss,0.005645527504384518,Pong1PQFM_XObs_entangled_trainable_rzz_QLayers_5___seed_1_1761468207
2125824,1-Training-Losses/value_loss,0.009229576215147972,Pong1PQFM_XObs_entangled_trainable_rzz_QLayers_5___seed_1_1761468207
2129920,1-Training-Losses/value_loss,0.005946452729403973,Pong1PQFM_XObs_entangled_trainable_rzz_QLayers_5___seed_1_1761468207
2134016,1-Training-Losses/value_loss,0.006385118700563908,Pong1PQFM_XObs_entangled_trainable_rzz_QLayers_5___seed_1_1761468207
2138112,1-Training-Losses/value_loss,0.00589379807934165,Pong1PQFM_XObs_entangled_trainable_rzz_QLayers_5___seed_1_1761468207
2142208,1-Training-Losses/value_loss,0.008373646065592766,Pong1PQFM_XObs_entangled_trainable_rzz_QLayers_5___seed_1_1761468207
2146304,1-Training-Losses/value_loss,0.005953055806457996,Pong1PQFM_XObs_entangled_trainable_rzz_QLayers_5___seed_1_1761468207
2150400,1-Training-Losses/value_loss,0.006977514363825321,Pong1PQFM_XObs_entangled_trainable_rzz_QLayers_5___seed_1_1761468207
2154496,1-Training-Losses/value_loss,0.007946481928229332,Pong1PQFM_XObs_entangled_trainable_rzz_QLayers_5___seed_1_1761468207
2158592,1-Training-Losses/value_loss,0.008817470632493496,Pong1PQFM_XObs_entangled_trainable_rzz_QLayers_5___seed_1_1761468207
2162688,1-Training-Losses/value_loss,0.012111661955714226,Pong1PQFM_XObs_entangled_trainable_rzz_QLayers_5___seed_1_1761468207
2166784,1-Training-Losses/value_loss,0.005752032157033682,Pong1PQFM_XObs_entangled_trainable_rzz_QLayers_5___seed_1_1761468207
2170880,1-Training-Losses/value_loss,0.00866650603711605,Pong1PQFM_XObs_entangled_trainable_rzz_QLayers_5___seed_1_1761468207
2174976,1-Training-Losses/value_loss,0.006519227288663387,Pong1PQFM_XObs_entangled_trainable_rzz_QLayers_5___seed_1_1761468207
2179072,1-Training-Losses/value_loss,0.008291961625218391,Pong1PQFM_XObs_entangled_trainable_rzz_QLayers_5___seed_1_1761468207
2183168,1-Training-Losses/value_loss,0.007437896449118853,Pong1PQFM_XObs_entangled_trainable_rzz_QLayers_5___seed_1_1761468207
2187264,1-Training-Losses/value_loss,0.007319632917642593,Pong1PQFM_XObs_entangled_trainable_rzz_QLayers_5___seed_1_1761468207
2191360,1-Training-Losses/value_loss,0.01010226085782051,Pong1PQFM_XObs_entangled_trainable_rzz_QLayers_5___seed_1_1761468207
2195456,1-Training-Losses/value_loss,0.008626013062894344,Pong1PQFM_XObs_entangled_trainable_rzz_QLayers_5___seed_1_1761468207
2199552,1-Training-Losses/value_loss,0.005939428228884935,Pong1PQFM_XObs_entangled_trainable_rzz_QLayers_5___seed_1_1761468207
2203648,1-Training-Losses/value_loss,0.006937618833035231,Pong1PQFM_XObs_entangled_trainable_rzz_QLayers_5___seed_1_1761468207
2207744,1-Training-Losses/value_loss,0.010441508144140244,Pong1PQFM_XObs_entangled_trainable_rzz_QLayers_5___seed_1_1761468207
2211840,1-Training-Losses/value_loss,0.005724434740841389,Pong1PQFM_XObs_entangled_trainable_rzz_QLayers_5___seed_1_1761468207
2215936,1-Training-Losses/value_loss,0.008871352300047874,Pong1PQFM_XObs_entangled_trainable_rzz_QLayers_5___seed_1_1761468207
2220032,1-Training-Losses/value_loss,0.006339088082313538,Pong1PQFM_XObs_entangled_trainable_rzz_QLayers_5___seed_1_1761468207
2224128,1-Training-Losses/value_loss,0.009403795935213566,Pong1PQFM_XObs_entangled_trainable_rzz_QLayers_5___seed_1_1761468207
2228224,1-Training-Losses/value_loss,0.00735035166144371,Pong1PQFM_XObs_entangled_trainable_rzz_QLayers_5___seed_1_1761468207
2232320,1-Training-Losses/value_loss,0.004607182461768389,Pong1PQFM_XObs_entangled_trainable_rzz_QLayers_5___seed_1_1761468207
2236416,1-Training-Losses/value_loss,0.009201142005622387,Pong1PQFM_XObs_entangled_trainable_rzz_QLayers_5___seed_1_1761468207
2240512,1-Training-Losses/value_loss,0.00787524413317442,Pong1PQFM_XObs_entangled_trainable_rzz_QLayers_5___seed_1_1761468207
2244608,1-Training-Losses/value_loss,0.006311007309705019,Pong1PQFM_XObs_entangled_trainable_rzz_QLayers_5___seed_1_1761468207
2248704,1-Training-Losses/value_loss,0.009897836484014988,Pong1PQFM_XObs_entangled_trainable_rzz_QLayers_5___seed_1_1761468207
2252800,1-Training-Losses/value_loss,0.006300029344856739,Pong1PQFM_XObs_entangled_trainable_rzz_QLayers_5___seed_1_1761468207
2256896,1-Training-Losses/value_loss,0.008622738532721996,Pong1PQFM_XObs_entangled_trainable_rzz_QLayers_5___seed_1_1761468207
2260992,1-Training-Losses/value_loss,0.004736403468996286,Pong1PQFM_XObs_entangled_trainable_rzz_QLayers_5___seed_1_1761468207
2265088,1-Training-Losses/value_loss,0.00900375284254551,Pong1PQFM_XObs_entangled_trainable_rzz_QLayers_5___seed_1_1761468207
2269184,1-Training-Losses/value_loss,0.004180022049695253,Pong1PQFM_XObs_entangled_trainable_rzz_QLayers_5___seed_1_1761468207
2273280,1-Training-Losses/value_loss,0.010681900195777416,Pong1PQFM_XObs_entangled_trainable_rzz_QLayers_5___seed_1_1761468207
2277376,1-Training-Losses/value_loss,0.007182955741882324,Pong1PQFM_XObs_entangled_trainable_rzz_QLayers_5___seed_1_1761468207
2281472,1-Training-Losses/value_loss,0.006636058446019888,Pong1PQFM_XObs_entangled_trainable_rzz_QLayers_5___seed_1_1761468207
2285568,1-Training-Losses/value_loss,0.007745391223579645,Pong1PQFM_XObs_entangled_trainable_rzz_QLayers_5___seed_1_1761468207
2289664,1-Training-Losses/value_loss,0.0072898720391094685,Pong1PQFM_XObs_entangled_trainable_rzz_QLayers_5___seed_1_1761468207
2293760,1-Training-Losses/value_loss,0.007289127446711063,Pong1PQFM_XObs_entangled_trainable_rzz_QLayers_5___seed_1_1761468207
2297856,1-Training-Losses/value_loss,0.006031988654285669,Pong1PQFM_XObs_entangled_trainable_rzz_QLayers_5___seed_1_1761468207
2301952,1-Training-Losses/value_loss,0.007184118963778019,Pong1PQFM_XObs_entangled_trainable_rzz_QLayers_5___seed_1_1761468207
2306048,1-Training-Losses/value_loss,0.008109111338853836,Pong1PQFM_XObs_entangled_trainable_rzz_QLayers_5___seed_1_1761468207
2310144,1-Training-Losses/value_loss,0.007327638566493988,Pong1PQFM_XObs_entangled_trainable_rzz_QLayers_5___seed_1_1761468207
2314240,1-Training-Losses/value_loss,0.005104307550936937,Pong1PQFM_XObs_entangled_trainable_rzz_QLayers_5___seed_1_1761468207
2318336,1-Training-Losses/value_loss,0.007596878334879875,Pong1PQFM_XObs_entangled_trainable_rzz_QLayers_5___seed_1_1761468207
2322432,1-Training-Losses/value_loss,0.005608683917671442,Pong1PQFM_XObs_entangled_trainable_rzz_QLayers_5___seed_1_1761468207
2326528,1-Training-Losses/value_loss,0.007334649562835693,Pong1PQFM_XObs_entangled_trainable_rzz_QLayers_5___seed_1_1761468207
2330624,1-Training-Losses/value_loss,0.007374347187578678,Pong1PQFM_XObs_entangled_trainable_rzz_QLayers_5___seed_1_1761468207
2334720,1-Training-Losses/value_loss,0.00903886929154396,Pong1PQFM_XObs_entangled_trainable_rzz_QLayers_5___seed_1_1761468207
2338816,1-Training-Losses/value_loss,0.0077420007437467575,Pong1PQFM_XObs_entangled_trainable_rzz_QLayers_5___seed_1_1761468207
2342912,1-Training-Losses/value_loss,0.010323574766516685,Pong1PQFM_XObs_entangled_trainable_rzz_QLayers_5___seed_1_1761468207
2347008,1-Training-Losses/value_loss,0.008835958316922188,Pong1PQFM_XObs_entangled_trainable_rzz_QLayers_5___seed_1_1761468207
2351104,1-Training-Losses/value_loss,0.005796346347779036,Pong1PQFM_XObs_entangled_trainable_rzz_QLayers_5___seed_1_1761468207
2355200,1-Training-Losses/value_loss,0.011019442230463028,Pong1PQFM_XObs_entangled_trainable_rzz_QLayers_5___seed_1_1761468207
2359296,1-Training-Losses/value_loss,0.005192807409912348,Pong1PQFM_XObs_entangled_trainable_rzz_QLayers_5___seed_1_1761468207
2363392,1-Training-Losses/value_loss,0.00718529149889946,Pong1PQFM_XObs_entangled_trainable_rzz_QLayers_5___seed_1_1761468207
2367488,1-Training-Losses/value_loss,0.005032870452851057,Pong1PQFM_XObs_entangled_trainable_rzz_QLayers_5___seed_1_1761468207
2371584,1-Training-Losses/value_loss,0.008747860789299011,Pong1PQFM_XObs_entangled_trainable_rzz_QLayers_5___seed_1_1761468207
2375680,1-Training-Losses/value_loss,0.004945042077451944,Pong1PQFM_XObs_entangled_trainable_rzz_QLayers_5___seed_1_1761468207
2379776,1-Training-Losses/value_loss,0.006848571356385946,Pong1PQFM_XObs_entangled_trainable_rzz_QLayers_5___seed_1_1761468207
2383872,1-Training-Losses/value_loss,0.0044456892646849155,Pong1PQFM_XObs_entangled_trainable_rzz_QLayers_5___seed_1_1761468207
2387968,1-Training-Losses/value_loss,0.007089149672538042,Pong1PQFM_XObs_entangled_trainable_rzz_QLayers_5___seed_1_1761468207
2392064,1-Training-Losses/value_loss,0.007167214993387461,Pong1PQFM_XObs_entangled_trainable_rzz_QLayers_5___seed_1_1761468207
2396160,1-Training-Losses/value_loss,0.008403303101658821,Pong1PQFM_XObs_entangled_trainable_rzz_QLayers_5___seed_1_1761468207
2400256,1-Training-Losses/value_loss,0.008082927204668522,Pong1PQFM_XObs_entangled_trainable_rzz_QLayers_5___seed_1_1761468207
2404352,1-Training-Losses/value_loss,0.007893640547990799,Pong1PQFM_XObs_entangled_trainable_rzz_QLayers_5___seed_1_1761468207
2408448,1-Training-Losses/value_loss,0.009619435295462608,Pong1PQFM_XObs_entangled_trainable_rzz_QLayers_5___seed_1_1761468207
2412544,1-Training-Losses/value_loss,0.008361028507351875,Pong1PQFM_XObs_entangled_trainable_rzz_QLayers_5___seed_1_1761468207
2416640,1-Training-Losses/value_loss,0.010100934654474258,Pong1PQFM_XObs_entangled_trainable_rzz_QLayers_5___seed_1_1761468207
2420736,1-Training-Losses/value_loss,0.005087247584015131,Pong1PQFM_XObs_entangled_trainable_rzz_QLayers_5___seed_1_1761468207
2424832,1-Training-Losses/value_loss,0.009671543724834919,Pong1PQFM_XObs_entangled_trainable_rzz_QLayers_5___seed_1_1761468207
2428928,1-Training-Losses/value_loss,0.005723399110138416,Pong1PQFM_XObs_entangled_trainable_rzz_QLayers_5___seed_1_1761468207
2433024,1-Training-Losses/value_loss,0.005337076261639595,Pong1PQFM_XObs_entangled_trainable_rzz_QLayers_5___seed_1_1761468207
2437120,1-Training-Losses/value_loss,0.009444409981369972,Pong1PQFM_XObs_entangled_trainable_rzz_QLayers_5___seed_1_1761468207
2441216,1-Training-Losses/value_loss,0.008445577695965767,Pong1PQFM_XObs_entangled_trainable_rzz_QLayers_5___seed_1_1761468207
2445312,1-Training-Losses/value_loss,0.00697606336325407,Pong1PQFM_XObs_entangled_trainable_rzz_QLayers_5___seed_1_1761468207
2449408,1-Training-Losses/value_loss,0.006817994639277458,Pong1PQFM_XObs_entangled_trainable_rzz_QLayers_5___seed_1_1761468207
2453504,1-Training-Losses/value_loss,0.008402186445891857,Pong1PQFM_XObs_entangled_trainable_rzz_QLayers_5___seed_1_1761468207
2457600,1-Training-Losses/value_loss,0.006536513101309538,Pong1PQFM_XObs_entangled_trainable_rzz_QLayers_5___seed_1_1761468207
2461696,1-Training-Losses/value_loss,0.006955528631806374,Pong1PQFM_XObs_entangled_trainable_rzz_QLayers_5___seed_1_1761468207
2465792,1-Training-Losses/value_loss,0.007624928839504719,Pong1PQFM_XObs_entangled_trainable_rzz_QLayers_5___seed_1_1761468207
2469888,1-Training-Losses/value_loss,0.007529430091381073,Pong1PQFM_XObs_entangled_trainable_rzz_QLayers_5___seed_1_1761468207
2473984,1-Training-Losses/value_loss,0.007810418494045734,Pong1PQFM_XObs_entangled_trainable_rzz_QLayers_5___seed_1_1761468207
2478080,1-Training-Losses/value_loss,0.008655953221023083,Pong1PQFM_XObs_entangled_trainable_rzz_QLayers_5___seed_1_1761468207
2482176,1-Training-Losses/value_loss,0.004834596998989582,Pong1PQFM_XObs_entangled_trainable_rzz_QLayers_5___seed_1_1761468207
2486272,1-Training-Losses/value_loss,0.005706939846277237,Pong1PQFM_XObs_entangled_trainable_rzz_QLayers_5___seed_1_1761468207
2490368,1-Training-Losses/value_loss,0.0074292197823524475,Pong1PQFM_XObs_entangled_trainable_rzz_QLayers_5___seed_1_1761468207
2494464,1-Training-Losses/value_loss,0.004835623316466808,Pong1PQFM_XObs_entangled_trainable_rzz_QLayers_5___seed_1_1761468207
2498560,1-Training-Losses/value_loss,0.011291733011603355,Pong1PQFM_XObs_entangled_trainable_rzz_QLayers_5___seed_1_1761468207
2502656,1-Training-Losses/value_loss,0.005902235861867666,Pong1PQFM_XObs_entangled_trainable_rzz_QLayers_5___seed_1_1761468207
2506752,1-Training-Losses/value_loss,0.006621702574193478,Pong1PQFM_XObs_entangled_trainable_rzz_QLayers_5___seed_1_1761468207
2510848,1-Training-Losses/value_loss,0.008758654817938805,Pong1PQFM_XObs_entangled_trainable_rzz_QLayers_5___seed_1_1761468207
2514944,1-Training-Losses/value_loss,0.005189994350075722,Pong1PQFM_XObs_entangled_trainable_rzz_QLayers_5___seed_1_1761468207
2519040,1-Training-Losses/value_loss,0.007858545519411564,Pong1PQFM_XObs_entangled_trainable_rzz_QLayers_5___seed_1_1761468207
2523136,1-Training-Losses/value_loss,0.006517286878079176,Pong1PQFM_XObs_entangled_trainable_rzz_QLayers_5___seed_1_1761468207
2527232,1-Training-Losses/value_loss,0.008062878623604774,Pong1PQFM_XObs_entangled_trainable_rzz_QLayers_5___seed_1_1761468207
2531328,1-Training-Losses/value_loss,0.00697548221796751,Pong1PQFM_XObs_entangled_trainable_rzz_QLayers_5___seed_1_1761468207
2535424,1-Training-Losses/value_loss,0.0067830560728907585,Pong1PQFM_XObs_entangled_trainable_rzz_QLayers_5___seed_1_1761468207
2539520,1-Training-Losses/value_loss,0.009325352497398853,Pong1PQFM_XObs_entangled_trainable_rzz_QLayers_5___seed_1_1761468207
2543616,1-Training-Losses/value_loss,0.00558278476819396,Pong1PQFM_XObs_entangled_trainable_rzz_QLayers_5___seed_1_1761468207
2547712,1-Training-Losses/value_loss,0.008577771484851837,Pong1PQFM_XObs_entangled_trainable_rzz_QLayers_5___seed_1_1761468207
2551808,1-Training-Losses/value_loss,0.005310701671987772,Pong1PQFM_XObs_entangled_trainable_rzz_QLayers_5___seed_1_1761468207
2555904,1-Training-Losses/value_loss,0.00825540255755186,Pong1PQFM_XObs_entangled_trainable_rzz_QLayers_5___seed_1_1761468207
2560000,1-Training-Losses/value_loss,0.007747109513729811,Pong1PQFM_XObs_entangled_trainable_rzz_QLayers_5___seed_1_1761468207
2564096,1-Training-Losses/value_loss,0.005735277198255062,Pong1PQFM_XObs_entangled_trainable_rzz_QLayers_5___seed_1_1761468207
2568192,1-Training-Losses/value_loss,0.005152175202965736,Pong1PQFM_XObs_entangled_trainable_rzz_QLayers_5___seed_1_1761468207
2572288,1-Training-Losses/value_loss,0.005656110588461161,Pong1PQFM_XObs_entangled_trainable_rzz_QLayers_5___seed_1_1761468207
2576384,1-Training-Losses/value_loss,0.013874642550945282,Pong1PQFM_XObs_entangled_trainable_rzz_QLayers_5___seed_1_1761468207
2580480,1-Training-Losses/value_loss,0.007242960389703512,Pong1PQFM_XObs_entangled_trainable_rzz_QLayers_5___seed_1_1761468207
2584576,1-Training-Losses/value_loss,0.010035794228315353,Pong1PQFM_XObs_entangled_trainable_rzz_QLayers_5___seed_1_1761468207
2588672,1-Training-Losses/value_loss,0.006756890565156937,Pong1PQFM_XObs_entangled_trainable_rzz_QLayers_5___seed_1_1761468207
2592768,1-Training-Losses/value_loss,0.006035510450601578,Pong1PQFM_XObs_entangled_trainable_rzz_QLayers_5___seed_1_1761468207
2596864,1-Training-Losses/value_loss,0.008262306451797485,Pong1PQFM_XObs_entangled_trainable_rzz_QLayers_5___seed_1_1761468207
2600960,1-Training-Losses/value_loss,0.008488146588206291,Pong1PQFM_XObs_entangled_trainable_rzz_QLayers_5___seed_1_1761468207
2605056,1-Training-Losses/value_loss,0.006863301619887352,Pong1PQFM_XObs_entangled_trainable_rzz_QLayers_5___seed_1_1761468207
2609152,1-Training-Losses/value_loss,0.010527494363486767,Pong1PQFM_XObs_entangled_trainable_rzz_QLayers_5___seed_1_1761468207
2613248,1-Training-Losses/value_loss,0.004881105851382017,Pong1PQFM_XObs_entangled_trainable_rzz_QLayers_5___seed_1_1761468207
2617344,1-Training-Losses/value_loss,0.005508648231625557,Pong1PQFM_XObs_entangled_trainable_rzz_QLayers_5___seed_1_1761468207
2621440,1-Training-Losses/value_loss,0.007760622538626194,Pong1PQFM_XObs_entangled_trainable_rzz_QLayers_5___seed_1_1761468207
2625536,1-Training-Losses/value_loss,0.006170931272208691,Pong1PQFM_XObs_entangled_trainable_rzz_QLayers_5___seed_1_1761468207
2629632,1-Training-Losses/value_loss,0.008961061015725136,Pong1PQFM_XObs_entangled_trainable_rzz_QLayers_5___seed_1_1761468207
2633728,1-Training-Losses/value_loss,0.005451279226690531,Pong1PQFM_XObs_entangled_trainable_rzz_QLayers_5___seed_1_1761468207
2637824,1-Training-Losses/value_loss,0.00495173130184412,Pong1PQFM_XObs_entangled_trainable_rzz_QLayers_5___seed_1_1761468207
2641920,1-Training-Losses/value_loss,0.007532424759119749,Pong1PQFM_XObs_entangled_trainable_rzz_QLayers_5___seed_1_1761468207
2646016,1-Training-Losses/value_loss,0.007159385830163956,Pong1PQFM_XObs_entangled_trainable_rzz_QLayers_5___seed_1_1761468207
2650112,1-Training-Losses/value_loss,0.00661137280985713,Pong1PQFM_XObs_entangled_trainable_rzz_QLayers_5___seed_1_1761468207
2654208,1-Training-Losses/value_loss,0.008255844935774803,Pong1PQFM_XObs_entangled_trainable_rzz_QLayers_5___seed_1_1761468207
2658304,1-Training-Losses/value_loss,0.007117411121726036,Pong1PQFM_XObs_entangled_trainable_rzz_QLayers_5___seed_1_1761468207
2662400,1-Training-Losses/value_loss,0.007199297659099102,Pong1PQFM_XObs_entangled_trainable_rzz_QLayers_5___seed_1_1761468207
2666496,1-Training-Losses/value_loss,0.007510523311793804,Pong1PQFM_XObs_entangled_trainable_rzz_QLayers_5___seed_1_1761468207
2670592,1-Training-Losses/value_loss,0.007639544550329447,Pong1PQFM_XObs_entangled_trainable_rzz_QLayers_5___seed_1_1761468207
2674688,1-Training-Losses/value_loss,0.007395897060632706,Pong1PQFM_XObs_entangled_trainable_rzz_QLayers_5___seed_1_1761468207
2678784,1-Training-Losses/value_loss,0.008121988736093044,Pong1PQFM_XObs_entangled_trainable_rzz_QLayers_5___seed_1_1761468207
2682880,1-Training-Losses/value_loss,0.008085653185844421,Pong1PQFM_XObs_entangled_trainable_rzz_QLayers_5___seed_1_1761468207
2686976,1-Training-Losses/value_loss,0.004336453042924404,Pong1PQFM_XObs_entangled_trainable_rzz_QLayers_5___seed_1_1761468207
2691072,1-Training-Losses/value_loss,0.007262466475367546,Pong1PQFM_XObs_entangled_trainable_rzz_QLayers_5___seed_1_1761468207
2695168,1-Training-Losses/value_loss,0.006227504927664995,Pong1PQFM_XObs_entangled_trainable_rzz_QLayers_5___seed_1_1761468207
2699264,1-Training-Losses/value_loss,0.00988684967160225,Pong1PQFM_XObs_entangled_trainable_rzz_QLayers_5___seed_1_1761468207
2703360,1-Training-Losses/value_loss,0.011210426688194275,Pong1PQFM_XObs_entangled_trainable_rzz_QLayers_5___seed_1_1761468207
2707456,1-Training-Losses/value_loss,0.006562391296029091,Pong1PQFM_XObs_entangled_trainable_rzz_QLayers_5___seed_1_1761468207
2711552,1-Training-Losses/value_loss,0.006211140193045139,Pong1PQFM_XObs_entangled_trainable_rzz_QLayers_5___seed_1_1761468207
2715648,1-Training-Losses/value_loss,0.009289929643273354,Pong1PQFM_XObs_entangled_trainable_rzz_QLayers_5___seed_1_1761468207
2719744,1-Training-Losses/value_loss,0.008433638140559196,Pong1PQFM_XObs_entangled_trainable_rzz_QLayers_5___seed_1_1761468207
2723840,1-Training-Losses/value_loss,0.00820255745202303,Pong1PQFM_XObs_entangled_trainable_rzz_QLayers_5___seed_1_1761468207
2727936,1-Training-Losses/value_loss,0.00815264880657196,Pong1PQFM_XObs_entangled_trainable_rzz_QLayers_5___seed_1_1761468207
2732032,1-Training-Losses/value_loss,0.009920678101480007,Pong1PQFM_XObs_entangled_trainable_rzz_QLayers_5___seed_1_1761468207
2736128,1-Training-Losses/value_loss,0.00532918144017458,Pong1PQFM_XObs_entangled_trainable_rzz_QLayers_5___seed_1_1761468207
2740224,1-Training-Losses/value_loss,0.006585471797734499,Pong1PQFM_XObs_entangled_trainable_rzz_QLayers_5___seed_1_1761468207
2744320,1-Training-Losses/value_loss,0.008745507337152958,Pong1PQFM_XObs_entangled_trainable_rzz_QLayers_5___seed_1_1761468207
2748416,1-Training-Losses/value_loss,0.007092511281371117,Pong1PQFM_XObs_entangled_trainable_rzz_QLayers_5___seed_1_1761468207
2752512,1-Training-Losses/value_loss,0.008424155414104462,Pong1PQFM_XObs_entangled_trainable_rzz_QLayers_5___seed_1_1761468207
2756608,1-Training-Losses/value_loss,0.005781086161732674,Pong1PQFM_XObs_entangled_trainable_rzz_QLayers_5___seed_1_1761468207
2760704,1-Training-Losses/value_loss,0.008256683126091957,Pong1PQFM_XObs_entangled_trainable_rzz_QLayers_5___seed_1_1761468207
2764800,1-Training-Losses/value_loss,0.006390723865479231,Pong1PQFM_XObs_entangled_trainable_rzz_QLayers_5___seed_1_1761468207
2768896,1-Training-Losses/value_loss,0.009402422234416008,Pong1PQFM_XObs_entangled_trainable_rzz_QLayers_5___seed_1_1761468207
2772992,1-Training-Losses/value_loss,0.007448342628777027,Pong1PQFM_XObs_entangled_trainable_rzz_QLayers_5___seed_1_1761468207
2777088,1-Training-Losses/value_loss,0.007786029018461704,Pong1PQFM_XObs_entangled_trainable_rzz_QLayers_5___seed_1_1761468207
2781184,1-Training-Losses/value_loss,0.007150979712605476,Pong1PQFM_XObs_entangled_trainable_rzz_QLayers_5___seed_1_1761468207
2785280,1-Training-Losses/value_loss,0.009260473772883415,Pong1PQFM_XObs_entangled_trainable_rzz_QLayers_5___seed_1_1761468207
2789376,1-Training-Losses/value_loss,0.008775576949119568,Pong1PQFM_XObs_entangled_trainable_rzz_QLayers_5___seed_1_1761468207
2793472,1-Training-Losses/value_loss,0.0069958982057869434,Pong1PQFM_XObs_entangled_trainable_rzz_QLayers_5___seed_1_1761468207
2797568,1-Training-Losses/value_loss,0.008603542111814022,Pong1PQFM_XObs_entangled_trainable_rzz_QLayers_5___seed_1_1761468207
2801664,1-Training-Losses/value_loss,0.011538457125425339,Pong1PQFM_XObs_entangled_trainable_rzz_QLayers_5___seed_1_1761468207
2805760,1-Training-Losses/value_loss,0.0068206461146473885,Pong1PQFM_XObs_entangled_trainable_rzz_QLayers_5___seed_1_1761468207
2809856,1-Training-Losses/value_loss,0.0056610191240906715,Pong1PQFM_XObs_entangled_trainable_rzz_QLayers_5___seed_1_1761468207
2813952,1-Training-Losses/value_loss,0.00696862256154418,Pong1PQFM_XObs_entangled_trainable_rzz_QLayers_5___seed_1_1761468207
2818048,1-Training-Losses/value_loss,0.010375343263149261,Pong1PQFM_XObs_entangled_trainable_rzz_QLayers_5___seed_1_1761468207
2822144,1-Training-Losses/value_loss,0.009072095155715942,Pong1PQFM_XObs_entangled_trainable_rzz_QLayers_5___seed_1_1761468207
2826240,1-Training-Losses/value_loss,0.007754338905215263,Pong1PQFM_XObs_entangled_trainable_rzz_QLayers_5___seed_1_1761468207
2830336,1-Training-Losses/value_loss,0.004067978821694851,Pong1PQFM_XObs_entangled_trainable_rzz_QLayers_5___seed_1_1761468207
2834432,1-Training-Losses/value_loss,0.0068696653470396996,Pong1PQFM_XObs_entangled_trainable_rzz_QLayers_5___seed_1_1761468207
2838528,1-Training-Losses/value_loss,0.008433997631072998,Pong1PQFM_XObs_entangled_trainable_rzz_QLayers_5___seed_1_1761468207
2842624,1-Training-Losses/value_loss,0.006994515657424927,Pong1PQFM_XObs_entangled_trainable_rzz_QLayers_5___seed_1_1761468207
2846720,1-Training-Losses/value_loss,0.005895745474845171,Pong1PQFM_XObs_entangled_trainable_rzz_QLayers_5___seed_1_1761468207
2850816,1-Training-Losses/value_loss,0.007954822853207588,Pong1PQFM_XObs_entangled_trainable_rzz_QLayers_5___seed_1_1761468207
2854912,1-Training-Losses/value_loss,0.007460554596036673,Pong1PQFM_XObs_entangled_trainable_rzz_QLayers_5___seed_1_1761468207
2859008,1-Training-Losses/value_loss,0.007248591165989637,Pong1PQFM_XObs_entangled_trainable_rzz_QLayers_5___seed_1_1761468207
2863104,1-Training-Losses/value_loss,0.007660550996661186,Pong1PQFM_XObs_entangled_trainable_rzz_QLayers_5___seed_1_1761468207
2867200,1-Training-Losses/value_loss,0.009828406386077404,Pong1PQFM_XObs_entangled_trainable_rzz_QLayers_5___seed_1_1761468207
2871296,1-Training-Losses/value_loss,0.010379083454608917,Pong1PQFM_XObs_entangled_trainable_rzz_QLayers_5___seed_1_1761468207
2875392,1-Training-Losses/value_loss,0.005873073823750019,Pong1PQFM_XObs_entangled_trainable_rzz_QLayers_5___seed_1_1761468207
2879488,1-Training-Losses/value_loss,0.0064634946174919605,Pong1PQFM_XObs_entangled_trainable_rzz_QLayers_5___seed_1_1761468207
2883584,1-Training-Losses/value_loss,0.007702733390033245,Pong1PQFM_XObs_entangled_trainable_rzz_QLayers_5___seed_1_1761468207
2887680,1-Training-Losses/value_loss,0.0067255618050694466,Pong1PQFM_XObs_entangled_trainable_rzz_QLayers_5___seed_1_1761468207
2891776,1-Training-Losses/value_loss,0.008387179113924503,Pong1PQFM_XObs_entangled_trainable_rzz_QLayers_5___seed_1_1761468207
2895872,1-Training-Losses/value_loss,0.006668461952358484,Pong1PQFM_XObs_entangled_trainable_rzz_QLayers_5___seed_1_1761468207
2899968,1-Training-Losses/value_loss,0.007373908534646034,Pong1PQFM_XObs_entangled_trainable_rzz_QLayers_5___seed_1_1761468207
2904064,1-Training-Losses/value_loss,0.006181566044688225,Pong1PQFM_XObs_entangled_trainable_rzz_QLayers_5___seed_1_1761468207
2908160,1-Training-Losses/value_loss,0.006147339940071106,Pong1PQFM_XObs_entangled_trainable_rzz_QLayers_5___seed_1_1761468207
2912256,1-Training-Losses/value_loss,0.007267662324011326,Pong1PQFM_XObs_entangled_trainable_rzz_QLayers_5___seed_1_1761468207
2916352,1-Training-Losses/value_loss,0.008369537070393562,Pong1PQFM_XObs_entangled_trainable_rzz_QLayers_5___seed_1_1761468207
2920448,1-Training-Losses/value_loss,0.008809613063931465,Pong1PQFM_XObs_entangled_trainable_rzz_QLayers_5___seed_1_1761468207
2924544,1-Training-Losses/value_loss,0.007720688823610544,Pong1PQFM_XObs_entangled_trainable_rzz_QLayers_5___seed_1_1761468207
2928640,1-Training-Losses/value_loss,0.006624775938689709,Pong1PQFM_XObs_entangled_trainable_rzz_QLayers_5___seed_1_1761468207
2932736,1-Training-Losses/value_loss,0.009973856620490551,Pong1PQFM_XObs_entangled_trainable_rzz_QLayers_5___seed_1_1761468207
2936832,1-Training-Losses/value_loss,0.006290943827480078,Pong1PQFM_XObs_entangled_trainable_rzz_QLayers_5___seed_1_1761468207
2940928,1-Training-Losses/value_loss,0.008744818158447742,Pong1PQFM_XObs_entangled_trainable_rzz_QLayers_5___seed_1_1761468207
2945024,1-Training-Losses/value_loss,0.010002095252275467,Pong1PQFM_XObs_entangled_trainable_rzz_QLayers_5___seed_1_1761468207
2949120,1-Training-Losses/value_loss,0.005197007674723864,Pong1PQFM_XObs_entangled_trainable_rzz_QLayers_5___seed_1_1761468207
2953216,1-Training-Losses/value_loss,0.011642159894108772,Pong1PQFM_XObs_entangled_trainable_rzz_QLayers_5___seed_1_1761468207
2957312,1-Training-Losses/value_loss,0.006116698496043682,Pong1PQFM_XObs_entangled_trainable_rzz_QLayers_5___seed_1_1761468207
2961408,1-Training-Losses/value_loss,0.009126420132815838,Pong1PQFM_XObs_entangled_trainable_rzz_QLayers_5___seed_1_1761468207
2965504,1-Training-Losses/value_loss,0.0061546070501208305,Pong1PQFM_XObs_entangled_trainable_rzz_QLayers_5___seed_1_1761468207
2969600,1-Training-Losses/value_loss,0.009131496772170067,Pong1PQFM_XObs_entangled_trainable_rzz_QLayers_5___seed_1_1761468207
2973696,1-Training-Losses/value_loss,0.0058559332974255085,Pong1PQFM_XObs_entangled_trainable_rzz_QLayers_5___seed_1_1761468207
2977792,1-Training-Losses/value_loss,0.008937235921621323,Pong1PQFM_XObs_entangled_trainable_rzz_QLayers_5___seed_1_1761468207
2981888,1-Training-Losses/value_loss,0.004919848404824734,Pong1PQFM_XObs_entangled_trainable_rzz_QLayers_5___seed_1_1761468207
2985984,1-Training-Losses/value_loss,0.009464893490076065,Pong1PQFM_XObs_entangled_trainable_rzz_QLayers_5___seed_1_1761468207
2990080,1-Training-Losses/value_loss,0.006336521357297897,Pong1PQFM_XObs_entangled_trainable_rzz_QLayers_5___seed_1_1761468207
2994176,1-Training-Losses/value_loss,0.010002183727920055,Pong1PQFM_XObs_entangled_trainable_rzz_QLayers_5___seed_1_1761468207
2998272,1-Training-Losses/value_loss,0.005301391240209341,Pong1PQFM_XObs_entangled_trainable_rzz_QLayers_5___seed_1_1761468207
3002368,1-Training-Losses/value_loss,0.007479528430849314,Pong1PQFM_XObs_entangled_trainable_rzz_QLayers_5___seed_1_1761468207
3006464,1-Training-Losses/value_loss,0.006292637437582016,Pong1PQFM_XObs_entangled_trainable_rzz_QLayers_5___seed_1_1761468207
3010560,1-Training-Losses/value_loss,0.0056420802138745785,Pong1PQFM_XObs_entangled_trainable_rzz_QLayers_5___seed_1_1761468207
3014656,1-Training-Losses/value_loss,0.007418098393827677,Pong1PQFM_XObs_entangled_trainable_rzz_QLayers_5___seed_1_1761468207
3018752,1-Training-Losses/value_loss,0.0076098255813121796,Pong1PQFM_XObs_entangled_trainable_rzz_QLayers_5___seed_1_1761468207
3022848,1-Training-Losses/value_loss,0.0065610529854893684,Pong1PQFM_XObs_entangled_trainable_rzz_QLayers_5___seed_1_1761468207
3026944,1-Training-Losses/value_loss,0.00893006194382906,Pong1PQFM_XObs_entangled_trainable_rzz_QLayers_5___seed_1_1761468207
3031040,1-Training-Losses/value_loss,0.007971737533807755,Pong1PQFM_XObs_entangled_trainable_rzz_QLayers_5___seed_1_1761468207
3035136,1-Training-Losses/value_loss,0.006604321300983429,Pong1PQFM_XObs_entangled_trainable_rzz_QLayers_5___seed_1_1761468207
3039232,1-Training-Losses/value_loss,0.0076342239044606686,Pong1PQFM_XObs_entangled_trainable_rzz_QLayers_5___seed_1_1761468207
3043328,1-Training-Losses/value_loss,0.006786824204027653,Pong1PQFM_XObs_entangled_trainable_rzz_QLayers_5___seed_1_1761468207
3047424,1-Training-Losses/value_loss,0.006516550201922655,Pong1PQFM_XObs_entangled_trainable_rzz_QLayers_5___seed_1_1761468207
3051520,1-Training-Losses/value_loss,0.008466009981930256,Pong1PQFM_XObs_entangled_trainable_rzz_QLayers_5___seed_1_1761468207
3055616,1-Training-Losses/value_loss,0.008345533162355423,Pong1PQFM_XObs_entangled_trainable_rzz_QLayers_5___seed_1_1761468207
3059712,1-Training-Losses/value_loss,0.005163760855793953,Pong1PQFM_XObs_entangled_trainable_rzz_QLayers_5___seed_1_1761468207
3063808,1-Training-Losses/value_loss,0.008674036711454391,Pong1PQFM_XObs_entangled_trainable_rzz_QLayers_5___seed_1_1761468207
3067904,1-Training-Losses/value_loss,0.007855350151658058,Pong1PQFM_XObs_entangled_trainable_rzz_QLayers_5___seed_1_1761468207
3072000,1-Training-Losses/value_loss,0.009658262133598328,Pong1PQFM_XObs_entangled_trainable_rzz_QLayers_5___seed_1_1761468207
3076096,1-Training-Losses/value_loss,0.006514664739370346,Pong1PQFM_XObs_entangled_trainable_rzz_QLayers_5___seed_1_1761468207
3080192,1-Training-Losses/value_loss,0.007232648320496082,Pong1PQFM_XObs_entangled_trainable_rzz_QLayers_5___seed_1_1761468207
3084288,1-Training-Losses/value_loss,0.006661313120275736,Pong1PQFM_XObs_entangled_trainable_rzz_QLayers_5___seed_1_1761468207
3088384,1-Training-Losses/value_loss,0.01028252113610506,Pong1PQFM_XObs_entangled_trainable_rzz_QLayers_5___seed_1_1761468207
3092480,1-Training-Losses/value_loss,0.00864051841199398,Pong1PQFM_XObs_entangled_trainable_rzz_QLayers_5___seed_1_1761468207
3096576,1-Training-Losses/value_loss,0.005386617500334978,Pong1PQFM_XObs_entangled_trainable_rzz_QLayers_5___seed_1_1761468207
3100672,1-Training-Losses/value_loss,0.0054726689122617245,Pong1PQFM_XObs_entangled_trainable_rzz_QLayers_5___seed_1_1761468207
3104768,1-Training-Losses/value_loss,0.006766501814126968,Pong1PQFM_XObs_entangled_trainable_rzz_QLayers_5___seed_1_1761468207
3108864,1-Training-Losses/value_loss,0.00948676560074091,Pong1PQFM_XObs_entangled_trainable_rzz_QLayers_5___seed_1_1761468207
3112960,1-Training-Losses/value_loss,0.004092135466635227,Pong1PQFM_XObs_entangled_trainable_rzz_QLayers_5___seed_1_1761468207
3117056,1-Training-Losses/value_loss,0.00753038190305233,Pong1PQFM_XObs_entangled_trainable_rzz_QLayers_5___seed_1_1761468207
3121152,1-Training-Losses/value_loss,0.0059875017032027245,Pong1PQFM_XObs_entangled_trainable_rzz_QLayers_5___seed_1_1761468207
3125248,1-Training-Losses/value_loss,0.007365887984633446,Pong1PQFM_XObs_entangled_trainable_rzz_QLayers_5___seed_1_1761468207
3129344,1-Training-Losses/value_loss,0.010212983936071396,Pong1PQFM_XObs_entangled_trainable_rzz_QLayers_5___seed_1_1761468207
3133440,1-Training-Losses/value_loss,0.005024434067308903,Pong1PQFM_XObs_entangled_trainable_rzz_QLayers_5___seed_1_1761468207
3137536,1-Training-Losses/value_loss,0.009770577773451805,Pong1PQFM_XObs_entangled_trainable_rzz_QLayers_5___seed_1_1761468207
3141632,1-Training-Losses/value_loss,0.0074688284657895565,Pong1PQFM_XObs_entangled_trainable_rzz_QLayers_5___seed_1_1761468207
3145728,1-Training-Losses/value_loss,0.00918693095445633,Pong1PQFM_XObs_entangled_trainable_rzz_QLayers_5___seed_1_1761468207
3149824,1-Training-Losses/value_loss,0.007457183673977852,Pong1PQFM_XObs_entangled_trainable_rzz_QLayers_5___seed_1_1761468207
3153920,1-Training-Losses/value_loss,0.005951914936304092,Pong1PQFM_XObs_entangled_trainable_rzz_QLayers_5___seed_1_1761468207
3158016,1-Training-Losses/value_loss,0.0062894197180867195,Pong1PQFM_XObs_entangled_trainable_rzz_QLayers_5___seed_1_1761468207
3162112,1-Training-Losses/value_loss,0.006547851487994194,Pong1PQFM_XObs_entangled_trainable_rzz_QLayers_5___seed_1_1761468207
3166208,1-Training-Losses/value_loss,0.008512614294886589,Pong1PQFM_XObs_entangled_trainable_rzz_QLayers_5___seed_1_1761468207
3170304,1-Training-Losses/value_loss,0.00971703790128231,Pong1PQFM_XObs_entangled_trainable_rzz_QLayers_5___seed_1_1761468207
3174400,1-Training-Losses/value_loss,0.008437931537628174,Pong1PQFM_XObs_entangled_trainable_rzz_QLayers_5___seed_1_1761468207
3178496,1-Training-Losses/value_loss,0.00790199264883995,Pong1PQFM_XObs_entangled_trainable_rzz_QLayers_5___seed_1_1761468207
3182592,1-Training-Losses/value_loss,0.007307771593332291,Pong1PQFM_XObs_entangled_trainable_rzz_QLayers_5___seed_1_1761468207
3186688,1-Training-Losses/value_loss,0.005609901621937752,Pong1PQFM_XObs_entangled_trainable_rzz_QLayers_5___seed_1_1761468207
3190784,1-Training-Losses/value_loss,0.008607961237430573,Pong1PQFM_XObs_entangled_trainable_rzz_QLayers_5___seed_1_1761468207
3194880,1-Training-Losses/value_loss,0.00581637816503644,Pong1PQFM_XObs_entangled_trainable_rzz_QLayers_5___seed_1_1761468207
3198976,1-Training-Losses/value_loss,0.006132479291409254,Pong1PQFM_XObs_entangled_trainable_rzz_QLayers_5___seed_1_1761468207
3203072,1-Training-Losses/value_loss,0.009714245796203613,Pong1PQFM_XObs_entangled_trainable_rzz_QLayers_5___seed_1_1761468207
3207168,1-Training-Losses/value_loss,0.002936197444796562,Pong1PQFM_XObs_entangled_trainable_rzz_QLayers_5___seed_1_1761468207
3211264,1-Training-Losses/value_loss,0.01176154799759388,Pong1PQFM_XObs_entangled_trainable_rzz_QLayers_5___seed_1_1761468207
3215360,1-Training-Losses/value_loss,0.007113180123269558,Pong1PQFM_XObs_entangled_trainable_rzz_QLayers_5___seed_1_1761468207
3219456,1-Training-Losses/value_loss,0.00717273261398077,Pong1PQFM_XObs_entangled_trainable_rzz_QLayers_5___seed_1_1761468207
3223552,1-Training-Losses/value_loss,0.005648605991154909,Pong1PQFM_XObs_entangled_trainable_rzz_QLayers_5___seed_1_1761468207
3227648,1-Training-Losses/value_loss,0.007814638316631317,Pong1PQFM_XObs_entangled_trainable_rzz_QLayers_5___seed_1_1761468207
3231744,1-Training-Losses/value_loss,0.006702161859720945,Pong1PQFM_XObs_entangled_trainable_rzz_QLayers_5___seed_1_1761468207
3235840,1-Training-Losses/value_loss,0.005844510160386562,Pong1PQFM_XObs_entangled_trainable_rzz_QLayers_5___seed_1_1761468207
3239936,1-Training-Losses/value_loss,0.008857876062393188,Pong1PQFM_XObs_entangled_trainable_rzz_QLayers_5___seed_1_1761468207
3244032,1-Training-Losses/value_loss,0.006588635966181755,Pong1PQFM_XObs_entangled_trainable_rzz_QLayers_5___seed_1_1761468207
3248128,1-Training-Losses/value_loss,0.006989694200456142,Pong1PQFM_XObs_entangled_trainable_rzz_QLayers_5___seed_1_1761468207
3252224,1-Training-Losses/value_loss,0.008078617975115776,Pong1PQFM_XObs_entangled_trainable_rzz_QLayers_5___seed_1_1761468207
3256320,1-Training-Losses/value_loss,0.008136624470353127,Pong1PQFM_XObs_entangled_trainable_rzz_QLayers_5___seed_1_1761468207
3260416,1-Training-Losses/value_loss,0.006501782685518265,Pong1PQFM_XObs_entangled_trainable_rzz_QLayers_5___seed_1_1761468207
3264512,1-Training-Losses/value_loss,0.00989616196602583,Pong1PQFM_XObs_entangled_trainable_rzz_QLayers_5___seed_1_1761468207
3268608,1-Training-Losses/value_loss,0.00714663602411747,Pong1PQFM_XObs_entangled_trainable_rzz_QLayers_5___seed_1_1761468207
3272704,1-Training-Losses/value_loss,0.006619100458920002,Pong1PQFM_XObs_entangled_trainable_rzz_QLayers_5___seed_1_1761468207
3276800,1-Training-Losses/value_loss,0.006800423376262188,Pong1PQFM_XObs_entangled_trainable_rzz_QLayers_5___seed_1_1761468207
3280896,1-Training-Losses/value_loss,0.011050833389163017,Pong1PQFM_XObs_entangled_trainable_rzz_QLayers_5___seed_1_1761468207
3284992,1-Training-Losses/value_loss,0.0050917817279696465,Pong1PQFM_XObs_entangled_trainable_rzz_QLayers_5___seed_1_1761468207
3289088,1-Training-Losses/value_loss,0.005411368329077959,Pong1PQFM_XObs_entangled_trainable_rzz_QLayers_5___seed_1_1761468207
3293184,1-Training-Losses/value_loss,0.006887482479214668,Pong1PQFM_XObs_entangled_trainable_rzz_QLayers_5___seed_1_1761468207
3297280,1-Training-Losses/value_loss,0.00968664325773716,Pong1PQFM_XObs_entangled_trainable_rzz_QLayers_5___seed_1_1761468207
3301376,1-Training-Losses/value_loss,0.007374161388725042,Pong1PQFM_XObs_entangled_trainable_rzz_QLayers_5___seed_1_1761468207
3305472,1-Training-Losses/value_loss,0.008654019795358181,Pong1PQFM_XObs_entangled_trainable_rzz_QLayers_5___seed_1_1761468207
3309568,1-Training-Losses/value_loss,0.009050563909113407,Pong1PQFM_XObs_entangled_trainable_rzz_QLayers_5___seed_1_1761468207
3313664,1-Training-Losses/value_loss,0.005068576894700527,Pong1PQFM_XObs_entangled_trainable_rzz_QLayers_5___seed_1_1761468207
3317760,1-Training-Losses/value_loss,0.0078683290630579,Pong1PQFM_XObs_entangled_trainable_rzz_QLayers_5___seed_1_1761468207
3321856,1-Training-Losses/value_loss,0.007566042244434357,Pong1PQFM_XObs_entangled_trainable_rzz_QLayers_5___seed_1_1761468207
3325952,1-Training-Losses/value_loss,0.013073205947875977,Pong1PQFM_XObs_entangled_trainable_rzz_QLayers_5___seed_1_1761468207
3330048,1-Training-Losses/value_loss,0.005809027701616287,Pong1PQFM_XObs_entangled_trainable_rzz_QLayers_5___seed_1_1761468207
3334144,1-Training-Losses/value_loss,0.010366910137236118,Pong1PQFM_XObs_entangled_trainable_rzz_QLayers_5___seed_1_1761468207
3338240,1-Training-Losses/value_loss,0.00909216608852148,Pong1PQFM_XObs_entangled_trainable_rzz_QLayers_5___seed_1_1761468207
3342336,1-Training-Losses/value_loss,0.005976684391498566,Pong1PQFM_XObs_entangled_trainable_rzz_QLayers_5___seed_1_1761468207
3346432,1-Training-Losses/value_loss,0.0052512274123728275,Pong1PQFM_XObs_entangled_trainable_rzz_QLayers_5___seed_1_1761468207
3350528,1-Training-Losses/value_loss,0.007124597206711769,Pong1PQFM_XObs_entangled_trainable_rzz_QLayers_5___seed_1_1761468207
3354624,1-Training-Losses/value_loss,0.007046210113912821,Pong1PQFM_XObs_entangled_trainable_rzz_QLayers_5___seed_1_1761468207
3358720,1-Training-Losses/value_loss,0.0053645651787519455,Pong1PQFM_XObs_entangled_trainable_rzz_QLayers_5___seed_1_1761468207
3362816,1-Training-Losses/value_loss,0.010765602812170982,Pong1PQFM_XObs_entangled_trainable_rzz_QLayers_5___seed_1_1761468207
3366912,1-Training-Losses/value_loss,0.007786325179040432,Pong1PQFM_XObs_entangled_trainable_rzz_QLayers_5___seed_1_1761468207
3371008,1-Training-Losses/value_loss,0.009799300692975521,Pong1PQFM_XObs_entangled_trainable_rzz_QLayers_5___seed_1_1761468207
3375104,1-Training-Losses/value_loss,0.007200726307928562,Pong1PQFM_XObs_entangled_trainable_rzz_QLayers_5___seed_1_1761468207
3379200,1-Training-Losses/value_loss,0.010586674325168133,Pong1PQFM_XObs_entangled_trainable_rzz_QLayers_5___seed_1_1761468207
3383296,1-Training-Losses/value_loss,0.009080950170755386,Pong1PQFM_XObs_entangled_trainable_rzz_QLayers_5___seed_1_1761468207
3387392,1-Training-Losses/value_loss,0.013485517352819443,Pong1PQFM_XObs_entangled_trainable_rzz_QLayers_5___seed_1_1761468207
3391488,1-Training-Losses/value_loss,0.008462113328278065,Pong1PQFM_XObs_entangled_trainable_rzz_QLayers_5___seed_1_1761468207
3395584,1-Training-Losses/value_loss,0.0076982369646430016,Pong1PQFM_XObs_entangled_trainable_rzz_QLayers_5___seed_1_1761468207
3399680,1-Training-Losses/value_loss,0.0068849436938762665,Pong1PQFM_XObs_entangled_trainable_rzz_QLayers_5___seed_1_1761468207
3403776,1-Training-Losses/value_loss,0.005362153984606266,Pong1PQFM_XObs_entangled_trainable_rzz_QLayers_5___seed_1_1761468207
3407872,1-Training-Losses/value_loss,0.008362366817891598,Pong1PQFM_XObs_entangled_trainable_rzz_QLayers_5___seed_1_1761468207
3411968,1-Training-Losses/value_loss,0.010953247547149658,Pong1PQFM_XObs_entangled_trainable_rzz_QLayers_5___seed_1_1761468207
3416064,1-Training-Losses/value_loss,0.009411990642547607,Pong1PQFM_XObs_entangled_trainable_rzz_QLayers_5___seed_1_1761468207
3420160,1-Training-Losses/value_loss,0.006701951380819082,Pong1PQFM_XObs_entangled_trainable_rzz_QLayers_5___seed_1_1761468207
3424256,1-Training-Losses/value_loss,0.0046071503311395645,Pong1PQFM_XObs_entangled_trainable_rzz_QLayers_5___seed_1_1761468207
3428352,1-Training-Losses/value_loss,0.010417393408715725,Pong1PQFM_XObs_entangled_trainable_rzz_QLayers_5___seed_1_1761468207
3432448,1-Training-Losses/value_loss,0.0045918747782707214,Pong1PQFM_XObs_entangled_trainable_rzz_QLayers_5___seed_1_1761468207
3436544,1-Training-Losses/value_loss,0.00896747037768364,Pong1PQFM_XObs_entangled_trainable_rzz_QLayers_5___seed_1_1761468207
3440640,1-Training-Losses/value_loss,0.003879980416968465,Pong1PQFM_XObs_entangled_trainable_rzz_QLayers_5___seed_1_1761468207
3444736,1-Training-Losses/value_loss,0.01288940105587244,Pong1PQFM_XObs_entangled_trainable_rzz_QLayers_5___seed_1_1761468207
3448832,1-Training-Losses/value_loss,0.008740277960896492,Pong1PQFM_XObs_entangled_trainable_rzz_QLayers_5___seed_1_1761468207
3452928,1-Training-Losses/value_loss,0.007863513194024563,Pong1PQFM_XObs_entangled_trainable_rzz_QLayers_5___seed_1_1761468207
3457024,1-Training-Losses/value_loss,0.011151772923767567,Pong1PQFM_XObs_entangled_trainable_rzz_QLayers_5___seed_1_1761468207
3461120,1-Training-Losses/value_loss,0.008807266131043434,Pong1PQFM_XObs_entangled_trainable_rzz_QLayers_5___seed_1_1761468207
3465216,1-Training-Losses/value_loss,0.009170657023787498,Pong1PQFM_XObs_entangled_trainable_rzz_QLayers_5___seed_1_1761468207
3469312,1-Training-Losses/value_loss,0.004856002517044544,Pong1PQFM_XObs_entangled_trainable_rzz_QLayers_5___seed_1_1761468207
3473408,1-Training-Losses/value_loss,0.007353357970714569,Pong1PQFM_XObs_entangled_trainable_rzz_QLayers_5___seed_1_1761468207
3477504,1-Training-Losses/value_loss,0.0033770950976759195,Pong1PQFM_XObs_entangled_trainable_rzz_QLayers_5___seed_1_1761468207
3481600,1-Training-Losses/value_loss,0.007222598884254694,Pong1PQFM_XObs_entangled_trainable_rzz_QLayers_5___seed_1_1761468207
3485696,1-Training-Losses/value_loss,0.007626193575561047,Pong1PQFM_XObs_entangled_trainable_rzz_QLayers_5___seed_1_1761468207
3489792,1-Training-Losses/value_loss,0.0058631435967981815,Pong1PQFM_XObs_entangled_trainable_rzz_QLayers_5___seed_1_1761468207
3493888,1-Training-Losses/value_loss,0.008969144895672798,Pong1PQFM_XObs_entangled_trainable_rzz_QLayers_5___seed_1_1761468207
3497984,1-Training-Losses/value_loss,0.004907722119241953,Pong1PQFM_XObs_entangled_trainable_rzz_QLayers_5___seed_1_1761468207
3502080,1-Training-Losses/value_loss,0.008568654768168926,Pong1PQFM_XObs_entangled_trainable_rzz_QLayers_5___seed_1_1761468207
3506176,1-Training-Losses/value_loss,0.006880244240164757,Pong1PQFM_XObs_entangled_trainable_rzz_QLayers_5___seed_1_1761468207
3510272,1-Training-Losses/value_loss,0.010013964027166367,Pong1PQFM_XObs_entangled_trainable_rzz_QLayers_5___seed_1_1761468207
3514368,1-Training-Losses/value_loss,0.0076395245268940926,Pong1PQFM_XObs_entangled_trainable_rzz_QLayers_5___seed_1_1761468207
3518464,1-Training-Losses/value_loss,0.008158521726727486,Pong1PQFM_XObs_entangled_trainable_rzz_QLayers_5___seed_1_1761468207
3522560,1-Training-Losses/value_loss,0.009318471886217594,Pong1PQFM_XObs_entangled_trainable_rzz_QLayers_5___seed_1_1761468207
3526656,1-Training-Losses/value_loss,0.009830087423324585,Pong1PQFM_XObs_entangled_trainable_rzz_QLayers_5___seed_1_1761468207
3530752,1-Training-Losses/value_loss,0.008735227398574352,Pong1PQFM_XObs_entangled_trainable_rzz_QLayers_5___seed_1_1761468207
3534848,1-Training-Losses/value_loss,0.007273595780134201,Pong1PQFM_XObs_entangled_trainable_rzz_QLayers_5___seed_1_1761468207
3538944,1-Training-Losses/value_loss,0.006929404102265835,Pong1PQFM_XObs_entangled_trainable_rzz_QLayers_5___seed_1_1761468207
3543040,1-Training-Losses/value_loss,0.007139828987419605,Pong1PQFM_XObs_entangled_trainable_rzz_QLayers_5___seed_1_1761468207
3547136,1-Training-Losses/value_loss,0.008074530400335789,Pong1PQFM_XObs_entangled_trainable_rzz_QLayers_5___seed_1_1761468207
3551232,1-Training-Losses/value_loss,0.007104871794581413,Pong1PQFM_XObs_entangled_trainable_rzz_QLayers_5___seed_1_1761468207
3555328,1-Training-Losses/value_loss,0.007701082620769739,Pong1PQFM_XObs_entangled_trainable_rzz_QLayers_5___seed_1_1761468207
3559424,1-Training-Losses/value_loss,0.007297972682863474,Pong1PQFM_XObs_entangled_trainable_rzz_QLayers_5___seed_1_1761468207
3563520,1-Training-Losses/value_loss,0.009017416276037693,Pong1PQFM_XObs_entangled_trainable_rzz_QLayers_5___seed_1_1761468207
3567616,1-Training-Losses/value_loss,0.0055907899513840675,Pong1PQFM_XObs_entangled_trainable_rzz_QLayers_5___seed_1_1761468207
3571712,1-Training-Losses/value_loss,0.008556684479117393,Pong1PQFM_XObs_entangled_trainable_rzz_QLayers_5___seed_1_1761468207
3575808,1-Training-Losses/value_loss,0.0050295265391469,Pong1PQFM_XObs_entangled_trainable_rzz_QLayers_5___seed_1_1761468207
3579904,1-Training-Losses/value_loss,0.0076672714203596115,Pong1PQFM_XObs_entangled_trainable_rzz_QLayers_5___seed_1_1761468207
3584000,1-Training-Losses/value_loss,0.009396024979650974,Pong1PQFM_XObs_entangled_trainable_rzz_QLayers_5___seed_1_1761468207
3588096,1-Training-Losses/value_loss,0.0064055416733026505,Pong1PQFM_XObs_entangled_trainable_rzz_QLayers_5___seed_1_1761468207
3592192,1-Training-Losses/value_loss,0.007381906732916832,Pong1PQFM_XObs_entangled_trainable_rzz_QLayers_5___seed_1_1761468207
3596288,1-Training-Losses/value_loss,0.009407538920640945,Pong1PQFM_XObs_entangled_trainable_rzz_QLayers_5___seed_1_1761468207
3600384,1-Training-Losses/value_loss,0.006512054707854986,Pong1PQFM_XObs_entangled_trainable_rzz_QLayers_5___seed_1_1761468207
3604480,1-Training-Losses/value_loss,0.00998692400753498,Pong1PQFM_XObs_entangled_trainable_rzz_QLayers_5___seed_1_1761468207
3608576,1-Training-Losses/value_loss,0.006111890077590942,Pong1PQFM_XObs_entangled_trainable_rzz_QLayers_5___seed_1_1761468207
3612672,1-Training-Losses/value_loss,0.009325936436653137,Pong1PQFM_XObs_entangled_trainable_rzz_QLayers_5___seed_1_1761468207
3616768,1-Training-Losses/value_loss,0.006810780614614487,Pong1PQFM_XObs_entangled_trainable_rzz_QLayers_5___seed_1_1761468207
3620864,1-Training-Losses/value_loss,0.011887798085808754,Pong1PQFM_XObs_entangled_trainable_rzz_QLayers_5___seed_1_1761468207
3624960,1-Training-Losses/value_loss,0.006888715550303459,Pong1PQFM_XObs_entangled_trainable_rzz_QLayers_5___seed_1_1761468207
3629056,1-Training-Losses/value_loss,0.006656654644757509,Pong1PQFM_XObs_entangled_trainable_rzz_QLayers_5___seed_1_1761468207
3633152,1-Training-Losses/value_loss,0.006837054621428251,Pong1PQFM_XObs_entangled_trainable_rzz_QLayers_5___seed_1_1761468207
3637248,1-Training-Losses/value_loss,0.008248799480497837,Pong1PQFM_XObs_entangled_trainable_rzz_QLayers_5___seed_1_1761468207
3641344,1-Training-Losses/value_loss,0.009403558447957039,Pong1PQFM_XObs_entangled_trainable_rzz_QLayers_5___seed_1_1761468207
3645440,1-Training-Losses/value_loss,0.007453016005456448,Pong1PQFM_XObs_entangled_trainable_rzz_QLayers_5___seed_1_1761468207
3649536,1-Training-Losses/value_loss,0.0068333810195326805,Pong1PQFM_XObs_entangled_trainable_rzz_QLayers_5___seed_1_1761468207
3653632,1-Training-Losses/value_loss,0.007758556865155697,Pong1PQFM_XObs_entangled_trainable_rzz_QLayers_5___seed_1_1761468207
3657728,1-Training-Losses/value_loss,0.007133013103157282,Pong1PQFM_XObs_entangled_trainable_rzz_QLayers_5___seed_1_1761468207
3661824,1-Training-Losses/value_loss,0.009138360619544983,Pong1PQFM_XObs_entangled_trainable_rzz_QLayers_5___seed_1_1761468207
3665920,1-Training-Losses/value_loss,0.008502926677465439,Pong1PQFM_XObs_entangled_trainable_rzz_QLayers_5___seed_1_1761468207
3670016,1-Training-Losses/value_loss,0.00661860965192318,Pong1PQFM_XObs_entangled_trainable_rzz_QLayers_5___seed_1_1761468207
3674112,1-Training-Losses/value_loss,0.005135047249495983,Pong1PQFM_XObs_entangled_trainable_rzz_QLayers_5___seed_1_1761468207
3678208,1-Training-Losses/value_loss,0.008596129715442657,Pong1PQFM_XObs_entangled_trainable_rzz_QLayers_5___seed_1_1761468207
3682304,1-Training-Losses/value_loss,0.0055143930949270725,Pong1PQFM_XObs_entangled_trainable_rzz_QLayers_5___seed_1_1761468207
3686400,1-Training-Losses/value_loss,0.009601995348930359,Pong1PQFM_XObs_entangled_trainable_rzz_QLayers_5___seed_1_1761468207
3690496,1-Training-Losses/value_loss,0.008261164650321007,Pong1PQFM_XObs_entangled_trainable_rzz_QLayers_5___seed_1_1761468207
3694592,1-Training-Losses/value_loss,0.007856130599975586,Pong1PQFM_XObs_entangled_trainable_rzz_QLayers_5___seed_1_1761468207
3698688,1-Training-Losses/value_loss,0.0070130228996276855,Pong1PQFM_XObs_entangled_trainable_rzz_QLayers_5___seed_1_1761468207
3702784,1-Training-Losses/value_loss,0.009056898765265942,Pong1PQFM_XObs_entangled_trainable_rzz_QLayers_5___seed_1_1761468207
3706880,1-Training-Losses/value_loss,0.008561881259083748,Pong1PQFM_XObs_entangled_trainable_rzz_QLayers_5___seed_1_1761468207
3710976,1-Training-Losses/value_loss,0.007566995918750763,Pong1PQFM_XObs_entangled_trainable_rzz_QLayers_5___seed_1_1761468207
3715072,1-Training-Losses/value_loss,0.00743416603654623,Pong1PQFM_XObs_entangled_trainable_rzz_QLayers_5___seed_1_1761468207
3719168,1-Training-Losses/value_loss,0.006264940835535526,Pong1PQFM_XObs_entangled_trainable_rzz_QLayers_5___seed_1_1761468207
3723264,1-Training-Losses/value_loss,0.007989345118403435,Pong1PQFM_XObs_entangled_trainable_rzz_QLayers_5___seed_1_1761468207
3727360,1-Training-Losses/value_loss,0.010609416291117668,Pong1PQFM_XObs_entangled_trainable_rzz_QLayers_5___seed_1_1761468207
3731456,1-Training-Losses/value_loss,0.006150360219180584,Pong1PQFM_XObs_entangled_trainable_rzz_QLayers_5___seed_1_1761468207
3735552,1-Training-Losses/value_loss,0.008929869160056114,Pong1PQFM_XObs_entangled_trainable_rzz_QLayers_5___seed_1_1761468207
3739648,1-Training-Losses/value_loss,0.005866058170795441,Pong1PQFM_XObs_entangled_trainable_rzz_QLayers_5___seed_1_1761468207
3743744,1-Training-Losses/value_loss,0.004807424731552601,Pong1PQFM_XObs_entangled_trainable_rzz_QLayers_5___seed_1_1761468207
3747840,1-Training-Losses/value_loss,0.006234900094568729,Pong1PQFM_XObs_entangled_trainable_rzz_QLayers_5___seed_1_1761468207
3751936,1-Training-Losses/value_loss,0.010992534458637238,Pong1PQFM_XObs_entangled_trainable_rzz_QLayers_5___seed_1_1761468207
3756032,1-Training-Losses/value_loss,0.0050576659850776196,Pong1PQFM_XObs_entangled_trainable_rzz_QLayers_5___seed_1_1761468207
3760128,1-Training-Losses/value_loss,0.010813877917826176,Pong1PQFM_XObs_entangled_trainable_rzz_QLayers_5___seed_1_1761468207
3764224,1-Training-Losses/value_loss,0.005740398541092873,Pong1PQFM_XObs_entangled_trainable_rzz_QLayers_5___seed_1_1761468207
3768320,1-Training-Losses/value_loss,0.008015506900846958,Pong1PQFM_XObs_entangled_trainable_rzz_QLayers_5___seed_1_1761468207
3772416,1-Training-Losses/value_loss,0.008609052747488022,Pong1PQFM_XObs_entangled_trainable_rzz_QLayers_5___seed_1_1761468207
3776512,1-Training-Losses/value_loss,0.007818693295121193,Pong1PQFM_XObs_entangled_trainable_rzz_QLayers_5___seed_1_1761468207
3780608,1-Training-Losses/value_loss,0.008786026388406754,Pong1PQFM_XObs_entangled_trainable_rzz_QLayers_5___seed_1_1761468207
3784704,1-Training-Losses/value_loss,0.006333973724395037,Pong1PQFM_XObs_entangled_trainable_rzz_QLayers_5___seed_1_1761468207
3788800,1-Training-Losses/value_loss,0.008152351714670658,Pong1PQFM_XObs_entangled_trainable_rzz_QLayers_5___seed_1_1761468207
3792896,1-Training-Losses/value_loss,0.007585635408759117,Pong1PQFM_XObs_entangled_trainable_rzz_QLayers_5___seed_1_1761468207
3796992,1-Training-Losses/value_loss,0.0065489839762449265,Pong1PQFM_XObs_entangled_trainable_rzz_QLayers_5___seed_1_1761468207
3801088,1-Training-Losses/value_loss,0.007156659848988056,Pong1PQFM_XObs_entangled_trainable_rzz_QLayers_5___seed_1_1761468207
3805184,1-Training-Losses/value_loss,0.005793978925794363,Pong1PQFM_XObs_entangled_trainable_rzz_QLayers_5___seed_1_1761468207
3809280,1-Training-Losses/value_loss,0.007406734861433506,Pong1PQFM_XObs_entangled_trainable_rzz_QLayers_5___seed_1_1761468207
3813376,1-Training-Losses/value_loss,0.006144557613879442,Pong1PQFM_XObs_entangled_trainable_rzz_QLayers_5___seed_1_1761468207
3817472,1-Training-Losses/value_loss,0.006158872973173857,Pong1PQFM_XObs_entangled_trainable_rzz_QLayers_5___seed_1_1761468207
3821568,1-Training-Losses/value_loss,0.006380267906934023,Pong1PQFM_XObs_entangled_trainable_rzz_QLayers_5___seed_1_1761468207
3825664,1-Training-Losses/value_loss,0.00853465124964714,Pong1PQFM_XObs_entangled_trainable_rzz_QLayers_5___seed_1_1761468207
3829760,1-Training-Losses/value_loss,0.008717712014913559,Pong1PQFM_XObs_entangled_trainable_rzz_QLayers_5___seed_1_1761468207
3833856,1-Training-Losses/value_loss,0.006367248483002186,Pong1PQFM_XObs_entangled_trainable_rzz_QLayers_5___seed_1_1761468207
3837952,1-Training-Losses/value_loss,0.007357575464993715,Pong1PQFM_XObs_entangled_trainable_rzz_QLayers_5___seed_1_1761468207
3842048,1-Training-Losses/value_loss,0.00925762951374054,Pong1PQFM_XObs_entangled_trainable_rzz_QLayers_5___seed_1_1761468207
3846144,1-Training-Losses/value_loss,0.006085006520152092,Pong1PQFM_XObs_entangled_trainable_rzz_QLayers_5___seed_1_1761468207
3850240,1-Training-Losses/value_loss,0.007374766748398542,Pong1PQFM_XObs_entangled_trainable_rzz_QLayers_5___seed_1_1761468207
3854336,1-Training-Losses/value_loss,0.010118277743458748,Pong1PQFM_XObs_entangled_trainable_rzz_QLayers_5___seed_1_1761468207
3858432,1-Training-Losses/value_loss,0.006055580452084541,Pong1PQFM_XObs_entangled_trainable_rzz_QLayers_5___seed_1_1761468207
3862528,1-Training-Losses/value_loss,0.009205346927046776,Pong1PQFM_XObs_entangled_trainable_rzz_QLayers_5___seed_1_1761468207
3866624,1-Training-Losses/value_loss,0.006911988370120525,Pong1PQFM_XObs_entangled_trainable_rzz_QLayers_5___seed_1_1761468207
3870720,1-Training-Losses/value_loss,0.011574836447834969,Pong1PQFM_XObs_entangled_trainable_rzz_QLayers_5___seed_1_1761468207
3874816,1-Training-Losses/value_loss,0.006173798814415932,Pong1PQFM_XObs_entangled_trainable_rzz_QLayers_5___seed_1_1761468207
3878912,1-Training-Losses/value_loss,0.008562346920371056,Pong1PQFM_XObs_entangled_trainable_rzz_QLayers_5___seed_1_1761468207
3883008,1-Training-Losses/value_loss,0.007686162367463112,Pong1PQFM_XObs_entangled_trainable_rzz_QLayers_5___seed_1_1761468207
3887104,1-Training-Losses/value_loss,0.004522358532994986,Pong1PQFM_XObs_entangled_trainable_rzz_QLayers_5___seed_1_1761468207
3891200,1-Training-Losses/value_loss,0.006195361725986004,Pong1PQFM_XObs_entangled_trainable_rzz_QLayers_5___seed_1_1761468207
3895296,1-Training-Losses/value_loss,0.008843354880809784,Pong1PQFM_XObs_entangled_trainable_rzz_QLayers_5___seed_1_1761468207
3899392,1-Training-Losses/value_loss,0.009447774849832058,Pong1PQFM_XObs_entangled_trainable_rzz_QLayers_5___seed_1_1761468207
3903488,1-Training-Losses/value_loss,0.007836205884814262,Pong1PQFM_XObs_entangled_trainable_rzz_QLayers_5___seed_1_1761468207
3907584,1-Training-Losses/value_loss,0.00704099889844656,Pong1PQFM_XObs_entangled_trainable_rzz_QLayers_5___seed_1_1761468207
3911680,1-Training-Losses/value_loss,0.010017858818173409,Pong1PQFM_XObs_entangled_trainable_rzz_QLayers_5___seed_1_1761468207
3915776,1-Training-Losses/value_loss,0.00853761937469244,Pong1PQFM_XObs_entangled_trainable_rzz_QLayers_5___seed_1_1761468207
3919872,1-Training-Losses/value_loss,0.005634055472910404,Pong1PQFM_XObs_entangled_trainable_rzz_QLayers_5___seed_1_1761468207
3923968,1-Training-Losses/value_loss,0.0075155263766646385,Pong1PQFM_XObs_entangled_trainable_rzz_QLayers_5___seed_1_1761468207
3928064,1-Training-Losses/value_loss,0.007276836782693863,Pong1PQFM_XObs_entangled_trainable_rzz_QLayers_5___seed_1_1761468207
3932160,1-Training-Losses/value_loss,0.006165309809148312,Pong1PQFM_XObs_entangled_trainable_rzz_QLayers_5___seed_1_1761468207
3936256,1-Training-Losses/value_loss,0.007622860372066498,Pong1PQFM_XObs_entangled_trainable_rzz_QLayers_5___seed_1_1761468207
3940352,1-Training-Losses/value_loss,0.012095123529434204,Pong1PQFM_XObs_entangled_trainable_rzz_QLayers_5___seed_1_1761468207
3944448,1-Training-Losses/value_loss,0.008971800096333027,Pong1PQFM_XObs_entangled_trainable_rzz_QLayers_5___seed_1_1761468207
3948544,1-Training-Losses/value_loss,0.006362077780067921,Pong1PQFM_XObs_entangled_trainable_rzz_QLayers_5___seed_1_1761468207
3952640,1-Training-Losses/value_loss,0.006508162245154381,Pong1PQFM_XObs_entangled_trainable_rzz_QLayers_5___seed_1_1761468207
3956736,1-Training-Losses/value_loss,0.010305259376764297,Pong1PQFM_XObs_entangled_trainable_rzz_QLayers_5___seed_1_1761468207
3960832,1-Training-Losses/value_loss,0.0074433134868741035,Pong1PQFM_XObs_entangled_trainable_rzz_QLayers_5___seed_1_1761468207
3964928,1-Training-Losses/value_loss,0.006152994465082884,Pong1PQFM_XObs_entangled_trainable_rzz_QLayers_5___seed_1_1761468207
3969024,1-Training-Losses/value_loss,0.009101714938879013,Pong1PQFM_XObs_entangled_trainable_rzz_QLayers_5___seed_1_1761468207
3973120,1-Training-Losses/value_loss,0.00843437947332859,Pong1PQFM_XObs_entangled_trainable_rzz_QLayers_5___seed_1_1761468207
3977216,1-Training-Losses/value_loss,0.0037297995295375586,Pong1PQFM_XObs_entangled_trainable_rzz_QLayers_5___seed_1_1761468207
3981312,1-Training-Losses/value_loss,0.008363726548850536,Pong1PQFM_XObs_entangled_trainable_rzz_QLayers_5___seed_1_1761468207
3985408,1-Training-Losses/value_loss,0.007767718750983477,Pong1PQFM_XObs_entangled_trainable_rzz_QLayers_5___seed_1_1761468207
3989504,1-Training-Losses/value_loss,0.008072027005255222,Pong1PQFM_XObs_entangled_trainable_rzz_QLayers_5___seed_1_1761468207
3993600,1-Training-Losses/value_loss,0.006737898103892803,Pong1PQFM_XObs_entangled_trainable_rzz_QLayers_5___seed_1_1761468207
3997696,1-Training-Losses/value_loss,0.009466927498579025,Pong1PQFM_XObs_entangled_trainable_rzz_QLayers_5___seed_1_1761468207
4001792,1-Training-Losses/value_loss,0.01068132184445858,Pong1PQFM_XObs_entangled_trainable_rzz_QLayers_5___seed_1_1761468207
4005888,1-Training-Losses/value_loss,0.006487363018095493,Pong1PQFM_XObs_entangled_trainable_rzz_QLayers_5___seed_1_1761468207
4009984,1-Training-Losses/value_loss,0.005694801453500986,Pong1PQFM_XObs_entangled_trainable_rzz_QLayers_5___seed_1_1761468207
4014080,1-Training-Losses/value_loss,0.0048563797026872635,Pong1PQFM_XObs_entangled_trainable_rzz_QLayers_5___seed_1_1761468207
4018176,1-Training-Losses/value_loss,0.009406553581357002,Pong1PQFM_XObs_entangled_trainable_rzz_QLayers_5___seed_1_1761468207
4022272,1-Training-Losses/value_loss,0.008620191365480423,Pong1PQFM_XObs_entangled_trainable_rzz_QLayers_5___seed_1_1761468207
4026368,1-Training-Losses/value_loss,0.01064701285213232,Pong1PQFM_XObs_entangled_trainable_rzz_QLayers_5___seed_1_1761468207
4030464,1-Training-Losses/value_loss,0.007099566049873829,Pong1PQFM_XObs_entangled_trainable_rzz_QLayers_5___seed_1_1761468207
4034560,1-Training-Losses/value_loss,0.005332722328603268,Pong1PQFM_XObs_entangled_trainable_rzz_QLayers_5___seed_1_1761468207
4038656,1-Training-Losses/value_loss,0.007532816845923662,Pong1PQFM_XObs_entangled_trainable_rzz_QLayers_5___seed_1_1761468207
4042752,1-Training-Losses/value_loss,0.005801076535135508,Pong1PQFM_XObs_entangled_trainable_rzz_QLayers_5___seed_1_1761468207
4046848,1-Training-Losses/value_loss,0.009679636918008327,Pong1PQFM_XObs_entangled_trainable_rzz_QLayers_5___seed_1_1761468207
4050944,1-Training-Losses/value_loss,0.005605505313724279,Pong1PQFM_XObs_entangled_trainable_rzz_QLayers_5___seed_1_1761468207
4055040,1-Training-Losses/value_loss,0.00813109427690506,Pong1PQFM_XObs_entangled_trainable_rzz_QLayers_5___seed_1_1761468207
4059136,1-Training-Losses/value_loss,0.0073576876893639565,Pong1PQFM_XObs_entangled_trainable_rzz_QLayers_5___seed_1_1761468207
4063232,1-Training-Losses/value_loss,0.004826823249459267,Pong1PQFM_XObs_entangled_trainable_rzz_QLayers_5___seed_1_1761468207
4067328,1-Training-Losses/value_loss,0.007762672379612923,Pong1PQFM_XObs_entangled_trainable_rzz_QLayers_5___seed_1_1761468207
4071424,1-Training-Losses/value_loss,0.00730501115322113,Pong1PQFM_XObs_entangled_trainable_rzz_QLayers_5___seed_1_1761468207
4075520,1-Training-Losses/value_loss,0.008354510180652142,Pong1PQFM_XObs_entangled_trainable_rzz_QLayers_5___seed_1_1761468207
4079616,1-Training-Losses/value_loss,0.007574236486107111,Pong1PQFM_XObs_entangled_trainable_rzz_QLayers_5___seed_1_1761468207
4083712,1-Training-Losses/value_loss,0.007530514150857925,Pong1PQFM_XObs_entangled_trainable_rzz_QLayers_5___seed_1_1761468207
4087808,1-Training-Losses/value_loss,0.009510910138487816,Pong1PQFM_XObs_entangled_trainable_rzz_QLayers_5___seed_1_1761468207
4091904,1-Training-Losses/value_loss,0.008489502593874931,Pong1PQFM_XObs_entangled_trainable_rzz_QLayers_5___seed_1_1761468207
4096000,1-Training-Losses/value_loss,0.009576584212481976,Pong1PQFM_XObs_entangled_trainable_rzz_QLayers_5___seed_1_1761468207
4100096,1-Training-Losses/value_loss,0.006414355710148811,Pong1PQFM_XObs_entangled_trainable_rzz_QLayers_5___seed_1_1761468207
4104192,1-Training-Losses/value_loss,0.010040124878287315,Pong1PQFM_XObs_entangled_trainable_rzz_QLayers_5___seed_1_1761468207
4108288,1-Training-Losses/value_loss,0.008742675185203552,Pong1PQFM_XObs_entangled_trainable_rzz_QLayers_5___seed_1_1761468207
4112384,1-Training-Losses/value_loss,0.006998220458626747,Pong1PQFM_XObs_entangled_trainable_rzz_QLayers_5___seed_1_1761468207
4116480,1-Training-Losses/value_loss,0.004943587817251682,Pong1PQFM_XObs_entangled_trainable_rzz_QLayers_5___seed_1_1761468207
4120576,1-Training-Losses/value_loss,0.011169090867042542,Pong1PQFM_XObs_entangled_trainable_rzz_QLayers_5___seed_1_1761468207
4124672,1-Training-Losses/value_loss,0.008775516413152218,Pong1PQFM_XObs_entangled_trainable_rzz_QLayers_5___seed_1_1761468207
4128768,1-Training-Losses/value_loss,0.0033734748139977455,Pong1PQFM_XObs_entangled_trainable_rzz_QLayers_5___seed_1_1761468207
4132864,1-Training-Losses/value_loss,0.008149044588208199,Pong1PQFM_XObs_entangled_trainable_rzz_QLayers_5___seed_1_1761468207
4136960,1-Training-Losses/value_loss,0.00806571263819933,Pong1PQFM_XObs_entangled_trainable_rzz_QLayers_5___seed_1_1761468207
4141056,1-Training-Losses/value_loss,0.007257481571286917,Pong1PQFM_XObs_entangled_trainable_rzz_QLayers_5___seed_1_1761468207
4145152,1-Training-Losses/value_loss,0.005492286290973425,Pong1PQFM_XObs_entangled_trainable_rzz_QLayers_5___seed_1_1761468207
4149248,1-Training-Losses/value_loss,0.005451520439237356,Pong1PQFM_XObs_entangled_trainable_rzz_QLayers_5___seed_1_1761468207
4153344,1-Training-Losses/value_loss,0.00876788329333067,Pong1PQFM_XObs_entangled_trainable_rzz_QLayers_5___seed_1_1761468207
4157440,1-Training-Losses/value_loss,0.00754085648804903,Pong1PQFM_XObs_entangled_trainable_rzz_QLayers_5___seed_1_1761468207
4161536,1-Training-Losses/value_loss,0.007998308166861534,Pong1PQFM_XObs_entangled_trainable_rzz_QLayers_5___seed_1_1761468207
4165632,1-Training-Losses/value_loss,0.010145427659153938,Pong1PQFM_XObs_entangled_trainable_rzz_QLayers_5___seed_1_1761468207
4169728,1-Training-Losses/value_loss,0.008081989362835884,Pong1PQFM_XObs_entangled_trainable_rzz_QLayers_5___seed_1_1761468207
4173824,1-Training-Losses/value_loss,0.005040936172008514,Pong1PQFM_XObs_entangled_trainable_rzz_QLayers_5___seed_1_1761468207
4177920,1-Training-Losses/value_loss,0.007616409100592136,Pong1PQFM_XObs_entangled_trainable_rzz_QLayers_5___seed_1_1761468207
4182016,1-Training-Losses/value_loss,0.01017429493367672,Pong1PQFM_XObs_entangled_trainable_rzz_QLayers_5___seed_1_1761468207
4186112,1-Training-Losses/value_loss,0.006638140417635441,Pong1PQFM_XObs_entangled_trainable_rzz_QLayers_5___seed_1_1761468207
4190208,1-Training-Losses/value_loss,0.007411124650388956,Pong1PQFM_XObs_entangled_trainable_rzz_QLayers_5___seed_1_1761468207
4194304,1-Training-Losses/value_loss,0.008559329435229301,Pong1PQFM_XObs_entangled_trainable_rzz_QLayers_5___seed_1_1761468207
4198400,1-Training-Losses/value_loss,0.010378899052739143,Pong1PQFM_XObs_entangled_trainable_rzz_QLayers_5___seed_1_1761468207
4202496,1-Training-Losses/value_loss,0.007864701561629772,Pong1PQFM_XObs_entangled_trainable_rzz_QLayers_5___seed_1_1761468207
4206592,1-Training-Losses/value_loss,0.010420343838632107,Pong1PQFM_XObs_entangled_trainable_rzz_QLayers_5___seed_1_1761468207
4210688,1-Training-Losses/value_loss,0.008501814678311348,Pong1PQFM_XObs_entangled_trainable_rzz_QLayers_5___seed_1_1761468207
4214784,1-Training-Losses/value_loss,0.0077438270673155785,Pong1PQFM_XObs_entangled_trainable_rzz_QLayers_5___seed_1_1761468207
4218880,1-Training-Losses/value_loss,0.010293444618582726,Pong1PQFM_XObs_entangled_trainable_rzz_QLayers_5___seed_1_1761468207
4222976,1-Training-Losses/value_loss,0.008345060050487518,Pong1PQFM_XObs_entangled_trainable_rzz_QLayers_5___seed_1_1761468207
4227072,1-Training-Losses/value_loss,0.007393290288746357,Pong1PQFM_XObs_entangled_trainable_rzz_QLayers_5___seed_1_1761468207
4231168,1-Training-Losses/value_loss,0.008803224191069603,Pong1PQFM_XObs_entangled_trainable_rzz_QLayers_5___seed_1_1761468207
4235264,1-Training-Losses/value_loss,0.005653057247400284,Pong1PQFM_XObs_entangled_trainable_rzz_QLayers_5___seed_1_1761468207
4239360,1-Training-Losses/value_loss,0.009048983454704285,Pong1PQFM_XObs_entangled_trainable_rzz_QLayers_5___seed_1_1761468207
4243456,1-Training-Losses/value_loss,0.007202936802059412,Pong1PQFM_XObs_entangled_trainable_rzz_QLayers_5___seed_1_1761468207
4247552,1-Training-Losses/value_loss,0.006666377652436495,Pong1PQFM_XObs_entangled_trainable_rzz_QLayers_5___seed_1_1761468207
4251648,1-Training-Losses/value_loss,0.00826508179306984,Pong1PQFM_XObs_entangled_trainable_rzz_QLayers_5___seed_1_1761468207
4255744,1-Training-Losses/value_loss,0.006133329123258591,Pong1PQFM_XObs_entangled_trainable_rzz_QLayers_5___seed_1_1761468207
4259840,1-Training-Losses/value_loss,0.006947006564587355,Pong1PQFM_XObs_entangled_trainable_rzz_QLayers_5___seed_1_1761468207
4263936,1-Training-Losses/value_loss,0.006726464256644249,Pong1PQFM_XObs_entangled_trainable_rzz_QLayers_5___seed_1_1761468207
4268032,1-Training-Losses/value_loss,0.003573209047317505,Pong1PQFM_XObs_entangled_trainable_rzz_QLayers_5___seed_1_1761468207
4272128,1-Training-Losses/value_loss,0.006406954489648342,Pong1PQFM_XObs_entangled_trainable_rzz_QLayers_5___seed_1_1761468207
4276224,1-Training-Losses/value_loss,0.006501430179923773,Pong1PQFM_XObs_entangled_trainable_rzz_QLayers_5___seed_1_1761468207
4280320,1-Training-Losses/value_loss,0.008275128901004791,Pong1PQFM_XObs_entangled_trainable_rzz_QLayers_5___seed_1_1761468207
4284416,1-Training-Losses/value_loss,0.008636406622827053,Pong1PQFM_XObs_entangled_trainable_rzz_QLayers_5___seed_1_1761468207
4288512,1-Training-Losses/value_loss,0.010104237124323845,Pong1PQFM_XObs_entangled_trainable_rzz_QLayers_5___seed_1_1761468207
4292608,1-Training-Losses/value_loss,0.007676769979298115,Pong1PQFM_XObs_entangled_trainable_rzz_QLayers_5___seed_1_1761468207
4296704,1-Training-Losses/value_loss,0.011512119323015213,Pong1PQFM_XObs_entangled_trainable_rzz_QLayers_5___seed_1_1761468207
4300800,1-Training-Losses/value_loss,0.008068449795246124,Pong1PQFM_XObs_entangled_trainable_rzz_QLayers_5___seed_1_1761468207
4304896,1-Training-Losses/value_loss,0.006507203448563814,Pong1PQFM_XObs_entangled_trainable_rzz_QLayers_5___seed_1_1761468207
4308992,1-Training-Losses/value_loss,0.007047867402434349,Pong1PQFM_XObs_entangled_trainable_rzz_QLayers_5___seed_1_1761468207
4313088,1-Training-Losses/value_loss,0.009365055710077286,Pong1PQFM_XObs_entangled_trainable_rzz_QLayers_5___seed_1_1761468207
4317184,1-Training-Losses/value_loss,0.0061092255637049675,Pong1PQFM_XObs_entangled_trainable_rzz_QLayers_5___seed_1_1761468207
4321280,1-Training-Losses/value_loss,0.007213686592876911,Pong1PQFM_XObs_entangled_trainable_rzz_QLayers_5___seed_1_1761468207
4325376,1-Training-Losses/value_loss,0.007943285629153252,Pong1PQFM_XObs_entangled_trainable_rzz_QLayers_5___seed_1_1761468207
4329472,1-Training-Losses/value_loss,0.005656972527503967,Pong1PQFM_XObs_entangled_trainable_rzz_QLayers_5___seed_1_1761468207
4333568,1-Training-Losses/value_loss,0.0070002200081944466,Pong1PQFM_XObs_entangled_trainable_rzz_QLayers_5___seed_1_1761468207
4337664,1-Training-Losses/value_loss,0.0057921260595321655,Pong1PQFM_XObs_entangled_trainable_rzz_QLayers_5___seed_1_1761468207
4341760,1-Training-Losses/value_loss,0.0048813289031386375,Pong1PQFM_XObs_entangled_trainable_rzz_QLayers_5___seed_1_1761468207
4345856,1-Training-Losses/value_loss,0.010233491659164429,Pong1PQFM_XObs_entangled_trainable_rzz_QLayers_5___seed_1_1761468207
4349952,1-Training-Losses/value_loss,0.008691098541021347,Pong1PQFM_XObs_entangled_trainable_rzz_QLayers_5___seed_1_1761468207
4354048,1-Training-Losses/value_loss,0.008512118831276894,Pong1PQFM_XObs_entangled_trainable_rzz_QLayers_5___seed_1_1761468207
4358144,1-Training-Losses/value_loss,0.00654565030708909,Pong1PQFM_XObs_entangled_trainable_rzz_QLayers_5___seed_1_1761468207
4362240,1-Training-Losses/value_loss,0.005106832832098007,Pong1PQFM_XObs_entangled_trainable_rzz_QLayers_5___seed_1_1761468207
4366336,1-Training-Losses/value_loss,0.010146615095436573,Pong1PQFM_XObs_entangled_trainable_rzz_QLayers_5___seed_1_1761468207
4370432,1-Training-Losses/value_loss,0.010066209360957146,Pong1PQFM_XObs_entangled_trainable_rzz_QLayers_5___seed_1_1761468207
4374528,1-Training-Losses/value_loss,0.006989000830799341,Pong1PQFM_XObs_entangled_trainable_rzz_QLayers_5___seed_1_1761468207
4378624,1-Training-Losses/value_loss,0.008290641941130161,Pong1PQFM_XObs_entangled_trainable_rzz_QLayers_5___seed_1_1761468207
4382720,1-Training-Losses/value_loss,0.007178829982876778,Pong1PQFM_XObs_entangled_trainable_rzz_QLayers_5___seed_1_1761468207
4386816,1-Training-Losses/value_loss,0.00728319026529789,Pong1PQFM_XObs_entangled_trainable_rzz_QLayers_5___seed_1_1761468207
4390912,1-Training-Losses/value_loss,0.006077566184103489,Pong1PQFM_XObs_entangled_trainable_rzz_QLayers_5___seed_1_1761468207
4395008,1-Training-Losses/value_loss,0.008347730152308941,Pong1PQFM_XObs_entangled_trainable_rzz_QLayers_5___seed_1_1761468207
4399104,1-Training-Losses/value_loss,0.007177772466093302,Pong1PQFM_XObs_entangled_trainable_rzz_QLayers_5___seed_1_1761468207
4403200,1-Training-Losses/value_loss,0.005892824847251177,Pong1PQFM_XObs_entangled_trainable_rzz_QLayers_5___seed_1_1761468207
4407296,1-Training-Losses/value_loss,0.007727500982582569,Pong1PQFM_XObs_entangled_trainable_rzz_QLayers_5___seed_1_1761468207
4411392,1-Training-Losses/value_loss,0.010108385235071182,Pong1PQFM_XObs_entangled_trainable_rzz_QLayers_5___seed_1_1761468207
4415488,1-Training-Losses/value_loss,0.007032354362308979,Pong1PQFM_XObs_entangled_trainable_rzz_QLayers_5___seed_1_1761468207
4419584,1-Training-Losses/value_loss,0.007480536587536335,Pong1PQFM_XObs_entangled_trainable_rzz_QLayers_5___seed_1_1761468207
4423680,1-Training-Losses/value_loss,0.009829632937908173,Pong1PQFM_XObs_entangled_trainable_rzz_QLayers_5___seed_1_1761468207
4427776,1-Training-Losses/value_loss,0.008194303140044212,Pong1PQFM_XObs_entangled_trainable_rzz_QLayers_5___seed_1_1761468207
4431872,1-Training-Losses/value_loss,0.008127780631184578,Pong1PQFM_XObs_entangled_trainable_rzz_QLayers_5___seed_1_1761468207
4435968,1-Training-Losses/value_loss,0.006198004819452763,Pong1PQFM_XObs_entangled_trainable_rzz_QLayers_5___seed_1_1761468207
4440064,1-Training-Losses/value_loss,0.007481792010366917,Pong1PQFM_XObs_entangled_trainable_rzz_QLayers_5___seed_1_1761468207
4444160,1-Training-Losses/value_loss,0.007651299238204956,Pong1PQFM_XObs_entangled_trainable_rzz_QLayers_5___seed_1_1761468207
4448256,1-Training-Losses/value_loss,0.007795464247465134,Pong1PQFM_XObs_entangled_trainable_rzz_QLayers_5___seed_1_1761468207
4452352,1-Training-Losses/value_loss,0.007994616404175758,Pong1PQFM_XObs_entangled_trainable_rzz_QLayers_5___seed_1_1761468207
4456448,1-Training-Losses/value_loss,0.008009126409888268,Pong1PQFM_XObs_entangled_trainable_rzz_QLayers_5___seed_1_1761468207
4460544,1-Training-Losses/value_loss,0.009870221838355064,Pong1PQFM_XObs_entangled_trainable_rzz_QLayers_5___seed_1_1761468207
4464640,1-Training-Losses/value_loss,0.008907662704586983,Pong1PQFM_XObs_entangled_trainable_rzz_QLayers_5___seed_1_1761468207
4468736,1-Training-Losses/value_loss,0.008299825713038445,Pong1PQFM_XObs_entangled_trainable_rzz_QLayers_5___seed_1_1761468207
4472832,1-Training-Losses/value_loss,0.007717384956777096,Pong1PQFM_XObs_entangled_trainable_rzz_QLayers_5___seed_1_1761468207
4476928,1-Training-Losses/value_loss,0.008529361337423325,Pong1PQFM_XObs_entangled_trainable_rzz_QLayers_5___seed_1_1761468207
4481024,1-Training-Losses/value_loss,0.008385692723095417,Pong1PQFM_XObs_entangled_trainable_rzz_QLayers_5___seed_1_1761468207
4485120,1-Training-Losses/value_loss,0.005616708658635616,Pong1PQFM_XObs_entangled_trainable_rzz_QLayers_5___seed_1_1761468207
4489216,1-Training-Losses/value_loss,0.008109978400170803,Pong1PQFM_XObs_entangled_trainable_rzz_QLayers_5___seed_1_1761468207
4493312,1-Training-Losses/value_loss,0.006403493694961071,Pong1PQFM_XObs_entangled_trainable_rzz_QLayers_5___seed_1_1761468207
4497408,1-Training-Losses/value_loss,0.0105767622590065,Pong1PQFM_XObs_entangled_trainable_rzz_QLayers_5___seed_1_1761468207
4501504,1-Training-Losses/value_loss,0.007240151986479759,Pong1PQFM_XObs_entangled_trainable_rzz_QLayers_5___seed_1_1761468207
4505600,1-Training-Losses/value_loss,0.005642133764922619,Pong1PQFM_XObs_entangled_trainable_rzz_QLayers_5___seed_1_1761468207
4509696,1-Training-Losses/value_loss,0.011879991739988327,Pong1PQFM_XObs_entangled_trainable_rzz_QLayers_5___seed_1_1761468207
4513792,1-Training-Losses/value_loss,0.0064479149878025055,Pong1PQFM_XObs_entangled_trainable_rzz_QLayers_5___seed_1_1761468207
4517888,1-Training-Losses/value_loss,0.00767131894826889,Pong1PQFM_XObs_entangled_trainable_rzz_QLayers_5___seed_1_1761468207
4521984,1-Training-Losses/value_loss,0.006770879030227661,Pong1PQFM_XObs_entangled_trainable_rzz_QLayers_5___seed_1_1761468207
4526080,1-Training-Losses/value_loss,0.010318497195839882,Pong1PQFM_XObs_entangled_trainable_rzz_QLayers_5___seed_1_1761468207
4530176,1-Training-Losses/value_loss,0.007040504366159439,Pong1PQFM_XObs_entangled_trainable_rzz_QLayers_5___seed_1_1761468207
4534272,1-Training-Losses/value_loss,0.006142561323940754,Pong1PQFM_XObs_entangled_trainable_rzz_QLayers_5___seed_1_1761468207
4538368,1-Training-Losses/value_loss,0.008973943069577217,Pong1PQFM_XObs_entangled_trainable_rzz_QLayers_5___seed_1_1761468207
4542464,1-Training-Losses/value_loss,0.008464781567454338,Pong1PQFM_XObs_entangled_trainable_rzz_QLayers_5___seed_1_1761468207
4546560,1-Training-Losses/value_loss,0.008845455944538116,Pong1PQFM_XObs_entangled_trainable_rzz_QLayers_5___seed_1_1761468207
4550656,1-Training-Losses/value_loss,0.006056331098079681,Pong1PQFM_XObs_entangled_trainable_rzz_QLayers_5___seed_1_1761468207
4554752,1-Training-Losses/value_loss,0.007104715332388878,Pong1PQFM_XObs_entangled_trainable_rzz_QLayers_5___seed_1_1761468207
4558848,1-Training-Losses/value_loss,0.006259844172745943,Pong1PQFM_XObs_entangled_trainable_rzz_QLayers_5___seed_1_1761468207
4562944,1-Training-Losses/value_loss,0.009815646335482597,Pong1PQFM_XObs_entangled_trainable_rzz_QLayers_5___seed_1_1761468207
4567040,1-Training-Losses/value_loss,0.007477418053895235,Pong1PQFM_XObs_entangled_trainable_rzz_QLayers_5___seed_1_1761468207
4571136,1-Training-Losses/value_loss,0.007305211387574673,Pong1PQFM_XObs_entangled_trainable_rzz_QLayers_5___seed_1_1761468207
4575232,1-Training-Losses/value_loss,0.009094726294279099,Pong1PQFM_XObs_entangled_trainable_rzz_QLayers_5___seed_1_1761468207
4579328,1-Training-Losses/value_loss,0.006640273611992598,Pong1PQFM_XObs_entangled_trainable_rzz_QLayers_5___seed_1_1761468207
4583424,1-Training-Losses/value_loss,0.008600438013672829,Pong1PQFM_XObs_entangled_trainable_rzz_QLayers_5___seed_1_1761468207
4587520,1-Training-Losses/value_loss,0.007440979592502117,Pong1PQFM_XObs_entangled_trainable_rzz_QLayers_5___seed_1_1761468207
4591616,1-Training-Losses/value_loss,0.010921348817646503,Pong1PQFM_XObs_entangled_trainable_rzz_QLayers_5___seed_1_1761468207
4595712,1-Training-Losses/value_loss,0.008886102586984634,Pong1PQFM_XObs_entangled_trainable_rzz_QLayers_5___seed_1_1761468207
4599808,1-Training-Losses/value_loss,0.009701904840767384,Pong1PQFM_XObs_entangled_trainable_rzz_QLayers_5___seed_1_1761468207
4603904,1-Training-Losses/value_loss,0.01082000881433487,Pong1PQFM_XObs_entangled_trainable_rzz_QLayers_5___seed_1_1761468207
4608000,1-Training-Losses/value_loss,0.005355874076485634,Pong1PQFM_XObs_entangled_trainable_rzz_QLayers_5___seed_1_1761468207
4612096,1-Training-Losses/value_loss,0.008455028757452965,Pong1PQFM_XObs_entangled_trainable_rzz_QLayers_5___seed_1_1761468207
4616192,1-Training-Losses/value_loss,0.009737919084727764,Pong1PQFM_XObs_entangled_trainable_rzz_QLayers_5___seed_1_1761468207
4620288,1-Training-Losses/value_loss,0.008805247955024242,Pong1PQFM_XObs_entangled_trainable_rzz_QLayers_5___seed_1_1761468207
4624384,1-Training-Losses/value_loss,0.0049782199785113335,Pong1PQFM_XObs_entangled_trainable_rzz_QLayers_5___seed_1_1761468207
4628480,1-Training-Losses/value_loss,0.008552013896405697,Pong1PQFM_XObs_entangled_trainable_rzz_QLayers_5___seed_1_1761468207
4632576,1-Training-Losses/value_loss,0.007118123583495617,Pong1PQFM_XObs_entangled_trainable_rzz_QLayers_5___seed_1_1761468207
4636672,1-Training-Losses/value_loss,0.010643236339092255,Pong1PQFM_XObs_entangled_trainable_rzz_QLayers_5___seed_1_1761468207
4640768,1-Training-Losses/value_loss,0.006573503836989403,Pong1PQFM_XObs_entangled_trainable_rzz_QLayers_5___seed_1_1761468207
4644864,1-Training-Losses/value_loss,0.009312896057963371,Pong1PQFM_XObs_entangled_trainable_rzz_QLayers_5___seed_1_1761468207
4648960,1-Training-Losses/value_loss,0.007028867490589619,Pong1PQFM_XObs_entangled_trainable_rzz_QLayers_5___seed_1_1761468207
4653056,1-Training-Losses/value_loss,0.006955324672162533,Pong1PQFM_XObs_entangled_trainable_rzz_QLayers_5___seed_1_1761468207
4657152,1-Training-Losses/value_loss,0.005301734432578087,Pong1PQFM_XObs_entangled_trainable_rzz_QLayers_5___seed_1_1761468207
4661248,1-Training-Losses/value_loss,0.008812954649329185,Pong1PQFM_XObs_entangled_trainable_rzz_QLayers_5___seed_1_1761468207
4665344,1-Training-Losses/value_loss,0.009402346797287464,Pong1PQFM_XObs_entangled_trainable_rzz_QLayers_5___seed_1_1761468207
4669440,1-Training-Losses/value_loss,0.0059642791748046875,Pong1PQFM_XObs_entangled_trainable_rzz_QLayers_5___seed_1_1761468207
4673536,1-Training-Losses/value_loss,0.0051357327029109,Pong1PQFM_XObs_entangled_trainable_rzz_QLayers_5___seed_1_1761468207
4677632,1-Training-Losses/value_loss,0.010299951769411564,Pong1PQFM_XObs_entangled_trainable_rzz_QLayers_5___seed_1_1761468207
4681728,1-Training-Losses/value_loss,0.00986584834754467,Pong1PQFM_XObs_entangled_trainable_rzz_QLayers_5___seed_1_1761468207
4685824,1-Training-Losses/value_loss,0.01096368208527565,Pong1PQFM_XObs_entangled_trainable_rzz_QLayers_5___seed_1_1761468207
4689920,1-Training-Losses/value_loss,0.007248914334923029,Pong1PQFM_XObs_entangled_trainable_rzz_QLayers_5___seed_1_1761468207
4694016,1-Training-Losses/value_loss,0.009987792000174522,Pong1PQFM_XObs_entangled_trainable_rzz_QLayers_5___seed_1_1761468207
4698112,1-Training-Losses/value_loss,0.006903848610818386,Pong1PQFM_XObs_entangled_trainable_rzz_QLayers_5___seed_1_1761468207
4702208,1-Training-Losses/value_loss,0.009963272139430046,Pong1PQFM_XObs_entangled_trainable_rzz_QLayers_5___seed_1_1761468207
4706304,1-Training-Losses/value_loss,0.008285332471132278,Pong1PQFM_XObs_entangled_trainable_rzz_QLayers_5___seed_1_1761468207
4710400,1-Training-Losses/value_loss,0.004963533952832222,Pong1PQFM_XObs_entangled_trainable_rzz_QLayers_5___seed_1_1761468207
4714496,1-Training-Losses/value_loss,0.0072751520201563835,Pong1PQFM_XObs_entangled_trainable_rzz_QLayers_5___seed_1_1761468207
4718592,1-Training-Losses/value_loss,0.0071678743697702885,Pong1PQFM_XObs_entangled_trainable_rzz_QLayers_5___seed_1_1761468207
4722688,1-Training-Losses/value_loss,0.006270432844758034,Pong1PQFM_XObs_entangled_trainable_rzz_QLayers_5___seed_1_1761468207
4726784,1-Training-Losses/value_loss,0.008682005107402802,Pong1PQFM_XObs_entangled_trainable_rzz_QLayers_5___seed_1_1761468207
4730880,1-Training-Losses/value_loss,0.00701970886439085,Pong1PQFM_XObs_entangled_trainable_rzz_QLayers_5___seed_1_1761468207
4734976,1-Training-Losses/value_loss,0.0052339304238557816,Pong1PQFM_XObs_entangled_trainable_rzz_QLayers_5___seed_1_1761468207
4739072,1-Training-Losses/value_loss,0.011933290399610996,Pong1PQFM_XObs_entangled_trainable_rzz_QLayers_5___seed_1_1761468207
4743168,1-Training-Losses/value_loss,0.007631818763911724,Pong1PQFM_XObs_entangled_trainable_rzz_QLayers_5___seed_1_1761468207
4747264,1-Training-Losses/value_loss,0.0060492996126413345,Pong1PQFM_XObs_entangled_trainable_rzz_QLayers_5___seed_1_1761468207
4751360,1-Training-Losses/value_loss,0.00864905770868063,Pong1PQFM_XObs_entangled_trainable_rzz_QLayers_5___seed_1_1761468207
4755456,1-Training-Losses/value_loss,0.006575094535946846,Pong1PQFM_XObs_entangled_trainable_rzz_QLayers_5___seed_1_1761468207
4759552,1-Training-Losses/value_loss,0.006334824487566948,Pong1PQFM_XObs_entangled_trainable_rzz_QLayers_5___seed_1_1761468207
4763648,1-Training-Losses/value_loss,0.005953678395599127,Pong1PQFM_XObs_entangled_trainable_rzz_QLayers_5___seed_1_1761468207
4767744,1-Training-Losses/value_loss,0.002445016987621784,Pong1PQFM_XObs_entangled_trainable_rzz_QLayers_5___seed_1_1761468207
4771840,1-Training-Losses/value_loss,0.008454304188489914,Pong1PQFM_XObs_entangled_trainable_rzz_QLayers_5___seed_1_1761468207
4775936,1-Training-Losses/value_loss,0.007261759601533413,Pong1PQFM_XObs_entangled_trainable_rzz_QLayers_5___seed_1_1761468207
4780032,1-Training-Losses/value_loss,0.006142384372651577,Pong1PQFM_XObs_entangled_trainable_rzz_QLayers_5___seed_1_1761468207
4784128,1-Training-Losses/value_loss,0.007287857122719288,Pong1PQFM_XObs_entangled_trainable_rzz_QLayers_5___seed_1_1761468207
4788224,1-Training-Losses/value_loss,0.006671585142612457,Pong1PQFM_XObs_entangled_trainable_rzz_QLayers_5___seed_1_1761468207
4792320,1-Training-Losses/value_loss,0.006458970718085766,Pong1PQFM_XObs_entangled_trainable_rzz_QLayers_5___seed_1_1761468207
4796416,1-Training-Losses/value_loss,0.01019841618835926,Pong1PQFM_XObs_entangled_trainable_rzz_QLayers_5___seed_1_1761468207
4800512,1-Training-Losses/value_loss,0.007068837061524391,Pong1PQFM_XObs_entangled_trainable_rzz_QLayers_5___seed_1_1761468207
4804608,1-Training-Losses/value_loss,0.005615257192403078,Pong1PQFM_XObs_entangled_trainable_rzz_QLayers_5___seed_1_1761468207
4808704,1-Training-Losses/value_loss,0.007258499972522259,Pong1PQFM_XObs_entangled_trainable_rzz_QLayers_5___seed_1_1761468207
4812800,1-Training-Losses/value_loss,0.008798503316938877,Pong1PQFM_XObs_entangled_trainable_rzz_QLayers_5___seed_1_1761468207
4816896,1-Training-Losses/value_loss,0.006767118349671364,Pong1PQFM_XObs_entangled_trainable_rzz_QLayers_5___seed_1_1761468207
4820992,1-Training-Losses/value_loss,0.008691627532243729,Pong1PQFM_XObs_entangled_trainable_rzz_QLayers_5___seed_1_1761468207
4825088,1-Training-Losses/value_loss,0.007694406434893608,Pong1PQFM_XObs_entangled_trainable_rzz_QLayers_5___seed_1_1761468207
4829184,1-Training-Losses/value_loss,0.0055328598245978355,Pong1PQFM_XObs_entangled_trainable_rzz_QLayers_5___seed_1_1761468207
4833280,1-Training-Losses/value_loss,0.009141147136688232,Pong1PQFM_XObs_entangled_trainable_rzz_QLayers_5___seed_1_1761468207
4837376,1-Training-Losses/value_loss,0.00993747916072607,Pong1PQFM_XObs_entangled_trainable_rzz_QLayers_5___seed_1_1761468207
4841472,1-Training-Losses/value_loss,0.006025319918990135,Pong1PQFM_XObs_entangled_trainable_rzz_QLayers_5___seed_1_1761468207
4845568,1-Training-Losses/value_loss,0.006441366858780384,Pong1PQFM_XObs_entangled_trainable_rzz_QLayers_5___seed_1_1761468207
4849664,1-Training-Losses/value_loss,0.009715981781482697,Pong1PQFM_XObs_entangled_trainable_rzz_QLayers_5___seed_1_1761468207
4853760,1-Training-Losses/value_loss,0.010978080332279205,Pong1PQFM_XObs_entangled_trainable_rzz_QLayers_5___seed_1_1761468207
4857856,1-Training-Losses/value_loss,0.008542163297533989,Pong1PQFM_XObs_entangled_trainable_rzz_QLayers_5___seed_1_1761468207
4861952,1-Training-Losses/value_loss,0.005197328515350819,Pong1PQFM_XObs_entangled_trainable_rzz_QLayers_5___seed_1_1761468207
4866048,1-Training-Losses/value_loss,0.009365182369947433,Pong1PQFM_XObs_entangled_trainable_rzz_QLayers_5___seed_1_1761468207
4870144,1-Training-Losses/value_loss,0.004969640169292688,Pong1PQFM_XObs_entangled_trainable_rzz_QLayers_5___seed_1_1761468207
4874240,1-Training-Losses/value_loss,0.007759411819279194,Pong1PQFM_XObs_entangled_trainable_rzz_QLayers_5___seed_1_1761468207
4878336,1-Training-Losses/value_loss,0.004892542492598295,Pong1PQFM_XObs_entangled_trainable_rzz_QLayers_5___seed_1_1761468207
4882432,1-Training-Losses/value_loss,0.008010335266590118,Pong1PQFM_XObs_entangled_trainable_rzz_QLayers_5___seed_1_1761468207
4886528,1-Training-Losses/value_loss,0.007422583643347025,Pong1PQFM_XObs_entangled_trainable_rzz_QLayers_5___seed_1_1761468207
4890624,1-Training-Losses/value_loss,0.005333256907761097,Pong1PQFM_XObs_entangled_trainable_rzz_QLayers_5___seed_1_1761468207
4894720,1-Training-Losses/value_loss,0.008661862462759018,Pong1PQFM_XObs_entangled_trainable_rzz_QLayers_5___seed_1_1761468207
4898816,1-Training-Losses/value_loss,0.005044024437665939,Pong1PQFM_XObs_entangled_trainable_rzz_QLayers_5___seed_1_1761468207
4902912,1-Training-Losses/value_loss,0.007480175234377384,Pong1PQFM_XObs_entangled_trainable_rzz_QLayers_5___seed_1_1761468207
4907008,1-Training-Losses/value_loss,0.0099744638428092,Pong1PQFM_XObs_entangled_trainable_rzz_QLayers_5___seed_1_1761468207
4911104,1-Training-Losses/value_loss,0.012109136208891869,Pong1PQFM_XObs_entangled_trainable_rzz_QLayers_5___seed_1_1761468207
4915200,1-Training-Losses/value_loss,0.00702902115881443,Pong1PQFM_XObs_entangled_trainable_rzz_QLayers_5___seed_1_1761468207
4919296,1-Training-Losses/value_loss,0.00708229374140501,Pong1PQFM_XObs_entangled_trainable_rzz_QLayers_5___seed_1_1761468207
4923392,1-Training-Losses/value_loss,0.00784625019878149,Pong1PQFM_XObs_entangled_trainable_rzz_QLayers_5___seed_1_1761468207
4927488,1-Training-Losses/value_loss,0.006059315986931324,Pong1PQFM_XObs_entangled_trainable_rzz_QLayers_5___seed_1_1761468207
4931584,1-Training-Losses/value_loss,0.00903230719268322,Pong1PQFM_XObs_entangled_trainable_rzz_QLayers_5___seed_1_1761468207
4935680,1-Training-Losses/value_loss,0.009841054677963257,Pong1PQFM_XObs_entangled_trainable_rzz_QLayers_5___seed_1_1761468207
4939776,1-Training-Losses/value_loss,0.007136589847505093,Pong1PQFM_XObs_entangled_trainable_rzz_QLayers_5___seed_1_1761468207
4943872,1-Training-Losses/value_loss,0.012076511047780514,Pong1PQFM_XObs_entangled_trainable_rzz_QLayers_5___seed_1_1761468207
4947968,1-Training-Losses/value_loss,0.003788944333791733,Pong1PQFM_XObs_entangled_trainable_rzz_QLayers_5___seed_1_1761468207
4952064,1-Training-Losses/value_loss,0.008752811700105667,Pong1PQFM_XObs_entangled_trainable_rzz_QLayers_5___seed_1_1761468207
4956160,1-Training-Losses/value_loss,0.007553195580840111,Pong1PQFM_XObs_entangled_trainable_rzz_QLayers_5___seed_1_1761468207
4960256,1-Training-Losses/value_loss,0.006560368463397026,Pong1PQFM_XObs_entangled_trainable_rzz_QLayers_5___seed_1_1761468207
4964352,1-Training-Losses/value_loss,0.00909021869301796,Pong1PQFM_XObs_entangled_trainable_rzz_QLayers_5___seed_1_1761468207
4968448,1-Training-Losses/value_loss,0.008666839450597763,Pong1PQFM_XObs_entangled_trainable_rzz_QLayers_5___seed_1_1761468207
4972544,1-Training-Losses/value_loss,0.006010553799569607,Pong1PQFM_XObs_entangled_trainable_rzz_QLayers_5___seed_1_1761468207
4976640,1-Training-Losses/value_loss,0.006754179485142231,Pong1PQFM_XObs_entangled_trainable_rzz_QLayers_5___seed_1_1761468207
4980736,1-Training-Losses/value_loss,0.010940317064523697,Pong1PQFM_XObs_entangled_trainable_rzz_QLayers_5___seed_1_1761468207
4984832,1-Training-Losses/value_loss,0.005918931216001511,Pong1PQFM_XObs_entangled_trainable_rzz_QLayers_5___seed_1_1761468207
4988928,1-Training-Losses/value_loss,0.005096040666103363,Pong1PQFM_XObs_entangled_trainable_rzz_QLayers_5___seed_1_1761468207
4993024,1-Training-Losses/value_loss,0.01296156831085682,Pong1PQFM_XObs_entangled_trainable_rzz_QLayers_5___seed_1_1761468207
4997120,1-Training-Losses/value_loss,0.005427436903119087,Pong1PQFM_XObs_entangled_trainable_rzz_QLayers_5___seed_1_1761468207
5001216,1-Training-Losses/value_loss,0.00688408687710762,Pong1PQFM_XObs_entangled_trainable_rzz_QLayers_5___seed_1_1761468207
5005312,1-Training-Losses/value_loss,0.006228235550224781,Pong1PQFM_XObs_entangled_trainable_rzz_QLayers_5___seed_1_1761468207
5009408,1-Training-Losses/value_loss,0.00756755331531167,Pong1PQFM_XObs_entangled_trainable_rzz_QLayers_5___seed_1_1761468207
5013504,1-Training-Losses/value_loss,0.007891066372394562,Pong1PQFM_XObs_entangled_trainable_rzz_QLayers_5___seed_1_1761468207
5017600,1-Training-Losses/value_loss,0.005024781450629234,Pong1PQFM_XObs_entangled_trainable_rzz_QLayers_5___seed_1_1761468207
5021696,1-Training-Losses/value_loss,0.011019527912139893,Pong1PQFM_XObs_entangled_trainable_rzz_QLayers_5___seed_1_1761468207
5025792,1-Training-Losses/value_loss,0.005043303593993187,Pong1PQFM_XObs_entangled_trainable_rzz_QLayers_5___seed_1_1761468207
5029888,1-Training-Losses/value_loss,0.007829062640666962,Pong1PQFM_XObs_entangled_trainable_rzz_QLayers_5___seed_1_1761468207
5033984,1-Training-Losses/value_loss,0.005166313610970974,Pong1PQFM_XObs_entangled_trainable_rzz_QLayers_5___seed_1_1761468207
5038080,1-Training-Losses/value_loss,0.010020514950156212,Pong1PQFM_XObs_entangled_trainable_rzz_QLayers_5___seed_1_1761468207
5042176,1-Training-Losses/value_loss,0.008165746927261353,Pong1PQFM_XObs_entangled_trainable_rzz_QLayers_5___seed_1_1761468207
5046272,1-Training-Losses/value_loss,0.006336763966828585,Pong1PQFM_XObs_entangled_trainable_rzz_QLayers_5___seed_1_1761468207
5050368,1-Training-Losses/value_loss,0.004574134014546871,Pong1PQFM_XObs_entangled_trainable_rzz_QLayers_5___seed_1_1761468207
5054464,1-Training-Losses/value_loss,0.009553175419569016,Pong1PQFM_XObs_entangled_trainable_rzz_QLayers_5___seed_1_1761468207
5058560,1-Training-Losses/value_loss,0.00442491052672267,Pong1PQFM_XObs_entangled_trainable_rzz_QLayers_5___seed_1_1761468207
5062656,1-Training-Losses/value_loss,0.007313918322324753,Pong1PQFM_XObs_entangled_trainable_rzz_QLayers_5___seed_1_1761468207
5066752,1-Training-Losses/value_loss,0.007475476246327162,Pong1PQFM_XObs_entangled_trainable_rzz_QLayers_5___seed_1_1761468207
5070848,1-Training-Losses/value_loss,0.006023873575031757,Pong1PQFM_XObs_entangled_trainable_rzz_QLayers_5___seed_1_1761468207
5074944,1-Training-Losses/value_loss,0.01253210473805666,Pong1PQFM_XObs_entangled_trainable_rzz_QLayers_5___seed_1_1761468207
5079040,1-Training-Losses/value_loss,0.00469591747969389,Pong1PQFM_XObs_entangled_trainable_rzz_QLayers_5___seed_1_1761468207
5083136,1-Training-Losses/value_loss,0.007021618075668812,Pong1PQFM_XObs_entangled_trainable_rzz_QLayers_5___seed_1_1761468207
5087232,1-Training-Losses/value_loss,0.008875861763954163,Pong1PQFM_XObs_entangled_trainable_rzz_QLayers_5___seed_1_1761468207
5091328,1-Training-Losses/value_loss,0.006345781497657299,Pong1PQFM_XObs_entangled_trainable_rzz_QLayers_5___seed_1_1761468207
5095424,1-Training-Losses/value_loss,0.006478461436927319,Pong1PQFM_XObs_entangled_trainable_rzz_QLayers_5___seed_1_1761468207
5099520,1-Training-Losses/value_loss,0.010231253691017628,Pong1PQFM_XObs_entangled_trainable_rzz_QLayers_5___seed_1_1761468207
5103616,1-Training-Losses/value_loss,0.003323380136862397,Pong1PQFM_XObs_entangled_trainable_rzz_QLayers_5___seed_1_1761468207
5107712,1-Training-Losses/value_loss,0.008404355496168137,Pong1PQFM_XObs_entangled_trainable_rzz_QLayers_5___seed_1_1761468207
5111808,1-Training-Losses/value_loss,0.007763824425637722,Pong1PQFM_XObs_entangled_trainable_rzz_QLayers_5___seed_1_1761468207
5115904,1-Training-Losses/value_loss,0.005422563292086124,Pong1PQFM_XObs_entangled_trainable_rzz_QLayers_5___seed_1_1761468207
5120000,1-Training-Losses/value_loss,0.009195566177368164,Pong1PQFM_XObs_entangled_trainable_rzz_QLayers_5___seed_1_1761468207
5124096,1-Training-Losses/value_loss,0.007462945766746998,Pong1PQFM_XObs_entangled_trainable_rzz_QLayers_5___seed_1_1761468207
5128192,1-Training-Losses/value_loss,0.0058927107602357864,Pong1PQFM_XObs_entangled_trainable_rzz_QLayers_5___seed_1_1761468207
5132288,1-Training-Losses/value_loss,0.006941768806427717,Pong1PQFM_XObs_entangled_trainable_rzz_QLayers_5___seed_1_1761468207
5136384,1-Training-Losses/value_loss,0.008007746189832687,Pong1PQFM_XObs_entangled_trainable_rzz_QLayers_5___seed_1_1761468207
5140480,1-Training-Losses/value_loss,0.005848897621035576,Pong1PQFM_XObs_entangled_trainable_rzz_QLayers_5___seed_1_1761468207
5144576,1-Training-Losses/value_loss,0.009463325142860413,Pong1PQFM_XObs_entangled_trainable_rzz_QLayers_5___seed_1_1761468207
5148672,1-Training-Losses/value_loss,0.005977903492748737,Pong1PQFM_XObs_entangled_trainable_rzz_QLayers_5___seed_1_1761468207
5152768,1-Training-Losses/value_loss,0.007594182156026363,Pong1PQFM_XObs_entangled_trainable_rzz_QLayers_5___seed_1_1761468207
5156864,1-Training-Losses/value_loss,0.006666329223662615,Pong1PQFM_XObs_entangled_trainable_rzz_QLayers_5___seed_1_1761468207
5160960,1-Training-Losses/value_loss,0.006048165261745453,Pong1PQFM_XObs_entangled_trainable_rzz_QLayers_5___seed_1_1761468207
5165056,1-Training-Losses/value_loss,0.005551883019506931,Pong1PQFM_XObs_entangled_trainable_rzz_QLayers_5___seed_1_1761468207
5169152,1-Training-Losses/value_loss,0.008879544213414192,Pong1PQFM_XObs_entangled_trainable_rzz_QLayers_5___seed_1_1761468207
5173248,1-Training-Losses/value_loss,0.004493026994168758,Pong1PQFM_XObs_entangled_trainable_rzz_QLayers_5___seed_1_1761468207
5177344,1-Training-Losses/value_loss,0.007387607358396053,Pong1PQFM_XObs_entangled_trainable_rzz_QLayers_5___seed_1_1761468207
5181440,1-Training-Losses/value_loss,0.00435410114005208,Pong1PQFM_XObs_entangled_trainable_rzz_QLayers_5___seed_1_1761468207
5185536,1-Training-Losses/value_loss,0.008200130425393581,Pong1PQFM_XObs_entangled_trainable_rzz_QLayers_5___seed_1_1761468207
5189632,1-Training-Losses/value_loss,0.008743657730519772,Pong1PQFM_XObs_entangled_trainable_rzz_QLayers_5___seed_1_1761468207
5193728,1-Training-Losses/value_loss,0.006493419874459505,Pong1PQFM_XObs_entangled_trainable_rzz_QLayers_5___seed_1_1761468207
5197824,1-Training-Losses/value_loss,0.011575454846024513,Pong1PQFM_XObs_entangled_trainable_rzz_QLayers_5___seed_1_1761468207
5201920,1-Training-Losses/value_loss,0.0068773021921515465,Pong1PQFM_XObs_entangled_trainable_rzz_QLayers_5___seed_1_1761468207
5206016,1-Training-Losses/value_loss,0.011606336571276188,Pong1PQFM_XObs_entangled_trainable_rzz_QLayers_5___seed_1_1761468207
5210112,1-Training-Losses/value_loss,0.0040150112472474575,Pong1PQFM_XObs_entangled_trainable_rzz_QLayers_5___seed_1_1761468207
5214208,1-Training-Losses/value_loss,0.003823318285867572,Pong1PQFM_XObs_entangled_trainable_rzz_QLayers_5___seed_1_1761468207
5218304,1-Training-Losses/value_loss,0.006235198117792606,Pong1PQFM_XObs_entangled_trainable_rzz_QLayers_5___seed_1_1761468207
5222400,1-Training-Losses/value_loss,0.00668843649327755,Pong1PQFM_XObs_entangled_trainable_rzz_QLayers_5___seed_1_1761468207
5226496,1-Training-Losses/value_loss,0.007411527447402477,Pong1PQFM_XObs_entangled_trainable_rzz_QLayers_5___seed_1_1761468207
5230592,1-Training-Losses/value_loss,0.0053430343978106976,Pong1PQFM_XObs_entangled_trainable_rzz_QLayers_5___seed_1_1761468207
5234688,1-Training-Losses/value_loss,0.009496621787548065,Pong1PQFM_XObs_entangled_trainable_rzz_QLayers_5___seed_1_1761468207
5238784,1-Training-Losses/value_loss,0.006852664053440094,Pong1PQFM_XObs_entangled_trainable_rzz_QLayers_5___seed_1_1761468207
5242880,1-Training-Losses/value_loss,0.007682126481086016,Pong1PQFM_XObs_entangled_trainable_rzz_QLayers_5___seed_1_1761468207
5246976,1-Training-Losses/value_loss,0.006488030310720205,Pong1PQFM_XObs_entangled_trainable_rzz_QLayers_5___seed_1_1761468207
5251072,1-Training-Losses/value_loss,0.008660632185637951,Pong1PQFM_XObs_entangled_trainable_rzz_QLayers_5___seed_1_1761468207
5255168,1-Training-Losses/value_loss,0.008260641247034073,Pong1PQFM_XObs_entangled_trainable_rzz_QLayers_5___seed_1_1761468207
5259264,1-Training-Losses/value_loss,0.005256441421806812,Pong1PQFM_XObs_entangled_trainable_rzz_QLayers_5___seed_1_1761468207
5263360,1-Training-Losses/value_loss,0.006857005879282951,Pong1PQFM_XObs_entangled_trainable_rzz_QLayers_5___seed_1_1761468207
5267456,1-Training-Losses/value_loss,0.006106543354690075,Pong1PQFM_XObs_entangled_trainable_rzz_QLayers_5___seed_1_1761468207
5271552,1-Training-Losses/value_loss,0.008884803391993046,Pong1PQFM_XObs_entangled_trainable_rzz_QLayers_5___seed_1_1761468207
5275648,1-Training-Losses/value_loss,0.006252332590520382,Pong1PQFM_XObs_entangled_trainable_rzz_QLayers_5___seed_1_1761468207
5279744,1-Training-Losses/value_loss,0.007167375180870295,Pong1PQFM_XObs_entangled_trainable_rzz_QLayers_5___seed_1_1761468207
5283840,1-Training-Losses/value_loss,0.009408419951796532,Pong1PQFM_XObs_entangled_trainable_rzz_QLayers_5___seed_1_1761468207
5287936,1-Training-Losses/value_loss,0.005208541639149189,Pong1PQFM_XObs_entangled_trainable_rzz_QLayers_5___seed_1_1761468207
5292032,1-Training-Losses/value_loss,0.006805960088968277,Pong1PQFM_XObs_entangled_trainable_rzz_QLayers_5___seed_1_1761468207
5296128,1-Training-Losses/value_loss,0.007918785326182842,Pong1PQFM_XObs_entangled_trainable_rzz_QLayers_5___seed_1_1761468207
5300224,1-Training-Losses/value_loss,0.006906544324010611,Pong1PQFM_XObs_entangled_trainable_rzz_QLayers_5___seed_1_1761468207
5304320,1-Training-Losses/value_loss,0.0046595423482358456,Pong1PQFM_XObs_entangled_trainable_rzz_QLayers_5___seed_1_1761468207
5308416,1-Training-Losses/value_loss,0.007096430286765099,Pong1PQFM_XObs_entangled_trainable_rzz_QLayers_5___seed_1_1761468207
5312512,1-Training-Losses/value_loss,0.006208931561559439,Pong1PQFM_XObs_entangled_trainable_rzz_QLayers_5___seed_1_1761468207
5316608,1-Training-Losses/value_loss,0.006006123498082161,Pong1PQFM_XObs_entangled_trainable_rzz_QLayers_5___seed_1_1761468207
5320704,1-Training-Losses/value_loss,0.007595760747790337,Pong1PQFM_XObs_entangled_trainable_rzz_QLayers_5___seed_1_1761468207
5324800,1-Training-Losses/value_loss,0.0070759207010269165,Pong1PQFM_XObs_entangled_trainable_rzz_QLayers_5___seed_1_1761468207
5328896,1-Training-Losses/value_loss,0.006979056634008884,Pong1PQFM_XObs_entangled_trainable_rzz_QLayers_5___seed_1_1761468207
5332992,1-Training-Losses/value_loss,0.008584625087678432,Pong1PQFM_XObs_entangled_trainable_rzz_QLayers_5___seed_1_1761468207
5337088,1-Training-Losses/value_loss,0.006490067578852177,Pong1PQFM_XObs_entangled_trainable_rzz_QLayers_5___seed_1_1761468207
5341184,1-Training-Losses/value_loss,0.009251485578715801,Pong1PQFM_XObs_entangled_trainable_rzz_QLayers_5___seed_1_1761468207
5345280,1-Training-Losses/value_loss,0.006157197989523411,Pong1PQFM_XObs_entangled_trainable_rzz_QLayers_5___seed_1_1761468207
5349376,1-Training-Losses/value_loss,0.009025484323501587,Pong1PQFM_XObs_entangled_trainable_rzz_QLayers_5___seed_1_1761468207
5353472,1-Training-Losses/value_loss,0.008167451247572899,Pong1PQFM_XObs_entangled_trainable_rzz_QLayers_5___seed_1_1761468207
5357568,1-Training-Losses/value_loss,0.006466608494520187,Pong1PQFM_XObs_entangled_trainable_rzz_QLayers_5___seed_1_1761468207
5361664,1-Training-Losses/value_loss,0.010275224223732948,Pong1PQFM_XObs_entangled_trainable_rzz_QLayers_5___seed_1_1761468207
5365760,1-Training-Losses/value_loss,0.00779695063829422,Pong1PQFM_XObs_entangled_trainable_rzz_QLayers_5___seed_1_1761468207
5369856,1-Training-Losses/value_loss,0.008696199394762516,Pong1PQFM_XObs_entangled_trainable_rzz_QLayers_5___seed_1_1761468207
5373952,1-Training-Losses/value_loss,0.007759031839668751,Pong1PQFM_XObs_entangled_trainable_rzz_QLayers_5___seed_1_1761468207
5378048,1-Training-Losses/value_loss,0.008071661926805973,Pong1PQFM_XObs_entangled_trainable_rzz_QLayers_5___seed_1_1761468207
5382144,1-Training-Losses/value_loss,0.007904482074081898,Pong1PQFM_XObs_entangled_trainable_rzz_QLayers_5___seed_1_1761468207
5386240,1-Training-Losses/value_loss,0.007125627249479294,Pong1PQFM_XObs_entangled_trainable_rzz_QLayers_5___seed_1_1761468207
5390336,1-Training-Losses/value_loss,0.008793782442808151,Pong1PQFM_XObs_entangled_trainable_rzz_QLayers_5___seed_1_1761468207
5394432,1-Training-Losses/value_loss,0.006400778889656067,Pong1PQFM_XObs_entangled_trainable_rzz_QLayers_5___seed_1_1761468207
5398528,1-Training-Losses/value_loss,0.00698047922924161,Pong1PQFM_XObs_entangled_trainable_rzz_QLayers_5___seed_1_1761468207
5402624,1-Training-Losses/value_loss,0.008631378412246704,Pong1PQFM_XObs_entangled_trainable_rzz_QLayers_5___seed_1_1761468207
5406720,1-Training-Losses/value_loss,0.008805176243185997,Pong1PQFM_XObs_entangled_trainable_rzz_QLayers_5___seed_1_1761468207
5410816,1-Training-Losses/value_loss,0.008017471060156822,Pong1PQFM_XObs_entangled_trainable_rzz_QLayers_5___seed_1_1761468207
5414912,1-Training-Losses/value_loss,0.005865149665623903,Pong1PQFM_XObs_entangled_trainable_rzz_QLayers_5___seed_1_1761468207
5419008,1-Training-Losses/value_loss,0.0072394139133393764,Pong1PQFM_XObs_entangled_trainable_rzz_QLayers_5___seed_1_1761468207
5423104,1-Training-Losses/value_loss,0.006806161720305681,Pong1PQFM_XObs_entangled_trainable_rzz_QLayers_5___seed_1_1761468207
5427200,1-Training-Losses/value_loss,0.008337665349245071,Pong1PQFM_XObs_entangled_trainable_rzz_QLayers_5___seed_1_1761468207
5431296,1-Training-Losses/value_loss,0.005870236549526453,Pong1PQFM_XObs_entangled_trainable_rzz_QLayers_5___seed_1_1761468207
5435392,1-Training-Losses/value_loss,0.010237427428364754,Pong1PQFM_XObs_entangled_trainable_rzz_QLayers_5___seed_1_1761468207
5439488,1-Training-Losses/value_loss,0.006130175665020943,Pong1PQFM_XObs_entangled_trainable_rzz_QLayers_5___seed_1_1761468207
5443584,1-Training-Losses/value_loss,0.008427913300693035,Pong1PQFM_XObs_entangled_trainable_rzz_QLayers_5___seed_1_1761468207
5447680,1-Training-Losses/value_loss,0.012244225479662418,Pong1PQFM_XObs_entangled_trainable_rzz_QLayers_5___seed_1_1761468207
5451776,1-Training-Losses/value_loss,0.005720178596675396,Pong1PQFM_XObs_entangled_trainable_rzz_QLayers_5___seed_1_1761468207
5455872,1-Training-Losses/value_loss,0.006402269937098026,Pong1PQFM_XObs_entangled_trainable_rzz_QLayers_5___seed_1_1761468207
5459968,1-Training-Losses/value_loss,0.006777462549507618,Pong1PQFM_XObs_entangled_trainable_rzz_QLayers_5___seed_1_1761468207
5464064,1-Training-Losses/value_loss,0.008874568156898022,Pong1PQFM_XObs_entangled_trainable_rzz_QLayers_5___seed_1_1761468207
5468160,1-Training-Losses/value_loss,0.0052650123834609985,Pong1PQFM_XObs_entangled_trainable_rzz_QLayers_5___seed_1_1761468207
5472256,1-Training-Losses/value_loss,0.008058106526732445,Pong1PQFM_XObs_entangled_trainable_rzz_QLayers_5___seed_1_1761468207
5476352,1-Training-Losses/value_loss,0.008231498301029205,Pong1PQFM_XObs_entangled_trainable_rzz_QLayers_5___seed_1_1761468207
5480448,1-Training-Losses/value_loss,0.005802433006465435,Pong1PQFM_XObs_entangled_trainable_rzz_QLayers_5___seed_1_1761468207
5484544,1-Training-Losses/value_loss,0.005187811329960823,Pong1PQFM_XObs_entangled_trainable_rzz_QLayers_5___seed_1_1761468207
5488640,1-Training-Losses/value_loss,0.006409839726984501,Pong1PQFM_XObs_entangled_trainable_rzz_QLayers_5___seed_1_1761468207
5492736,1-Training-Losses/value_loss,0.007694411091506481,Pong1PQFM_XObs_entangled_trainable_rzz_QLayers_5___seed_1_1761468207
5496832,1-Training-Losses/value_loss,0.009564596228301525,Pong1PQFM_XObs_entangled_trainable_rzz_QLayers_5___seed_1_1761468207
5500928,1-Training-Losses/value_loss,0.01193627156317234,Pong1PQFM_XObs_entangled_trainable_rzz_QLayers_5___seed_1_1761468207
5505024,1-Training-Losses/value_loss,0.006823437288403511,Pong1PQFM_XObs_entangled_trainable_rzz_QLayers_5___seed_1_1761468207
5509120,1-Training-Losses/value_loss,0.007634520530700684,Pong1PQFM_XObs_entangled_trainable_rzz_QLayers_5___seed_1_1761468207
5513216,1-Training-Losses/value_loss,0.010780692100524902,Pong1PQFM_XObs_entangled_trainable_rzz_QLayers_5___seed_1_1761468207
5517312,1-Training-Losses/value_loss,0.007825007662177086,Pong1PQFM_XObs_entangled_trainable_rzz_QLayers_5___seed_1_1761468207
5521408,1-Training-Losses/value_loss,0.00531575083732605,Pong1PQFM_XObs_entangled_trainable_rzz_QLayers_5___seed_1_1761468207
5525504,1-Training-Losses/value_loss,0.009455330669879913,Pong1PQFM_XObs_entangled_trainable_rzz_QLayers_5___seed_1_1761468207
5529600,1-Training-Losses/value_loss,0.01061967946588993,Pong1PQFM_XObs_entangled_trainable_rzz_QLayers_5___seed_1_1761468207
5533696,1-Training-Losses/value_loss,0.004716295748949051,Pong1PQFM_XObs_entangled_trainable_rzz_QLayers_5___seed_1_1761468207
5537792,1-Training-Losses/value_loss,0.00909423828125,Pong1PQFM_XObs_entangled_trainable_rzz_QLayers_5___seed_1_1761468207
5541888,1-Training-Losses/value_loss,0.0073557691648602486,Pong1PQFM_XObs_entangled_trainable_rzz_QLayers_5___seed_1_1761468207
5545984,1-Training-Losses/value_loss,0.006862934213131666,Pong1PQFM_XObs_entangled_trainable_rzz_QLayers_5___seed_1_1761468207
5550080,1-Training-Losses/value_loss,0.009683242067694664,Pong1PQFM_XObs_entangled_trainable_rzz_QLayers_5___seed_1_1761468207
5554176,1-Training-Losses/value_loss,0.008233284577727318,Pong1PQFM_XObs_entangled_trainable_rzz_QLayers_5___seed_1_1761468207
5558272,1-Training-Losses/value_loss,0.007967138662934303,Pong1PQFM_XObs_entangled_trainable_rzz_QLayers_5___seed_1_1761468207
5562368,1-Training-Losses/value_loss,0.006024302914738655,Pong1PQFM_XObs_entangled_trainable_rzz_QLayers_5___seed_1_1761468207
5566464,1-Training-Losses/value_loss,0.007866153493523598,Pong1PQFM_XObs_entangled_trainable_rzz_QLayers_5___seed_1_1761468207
5570560,1-Training-Losses/value_loss,0.005974031984806061,Pong1PQFM_XObs_entangled_trainable_rzz_QLayers_5___seed_1_1761468207
5574656,1-Training-Losses/value_loss,0.007690041325986385,Pong1PQFM_XObs_entangled_trainable_rzz_QLayers_5___seed_1_1761468207
5578752,1-Training-Losses/value_loss,0.0036630425602197647,Pong1PQFM_XObs_entangled_trainable_rzz_QLayers_5___seed_1_1761468207
5582848,1-Training-Losses/value_loss,0.008362188935279846,Pong1PQFM_XObs_entangled_trainable_rzz_QLayers_5___seed_1_1761468207
5586944,1-Training-Losses/value_loss,0.008613147772848606,Pong1PQFM_XObs_entangled_trainable_rzz_QLayers_5___seed_1_1761468207
5591040,1-Training-Losses/value_loss,0.01066399272531271,Pong1PQFM_XObs_entangled_trainable_rzz_QLayers_5___seed_1_1761468207
5595136,1-Training-Losses/value_loss,0.008188644424080849,Pong1PQFM_XObs_entangled_trainable_rzz_QLayers_5___seed_1_1761468207
5599232,1-Training-Losses/value_loss,0.008855467662215233,Pong1PQFM_XObs_entangled_trainable_rzz_QLayers_5___seed_1_1761468207
5603328,1-Training-Losses/value_loss,0.006606262177228928,Pong1PQFM_XObs_entangled_trainable_rzz_QLayers_5___seed_1_1761468207
5607424,1-Training-Losses/value_loss,0.00761896837502718,Pong1PQFM_XObs_entangled_trainable_rzz_QLayers_5___seed_1_1761468207
5611520,1-Training-Losses/value_loss,0.011645715683698654,Pong1PQFM_XObs_entangled_trainable_rzz_QLayers_5___seed_1_1761468207
5615616,1-Training-Losses/value_loss,0.007025330793112516,Pong1PQFM_XObs_entangled_trainable_rzz_QLayers_5___seed_1_1761468207
5619712,1-Training-Losses/value_loss,0.008411468006670475,Pong1PQFM_XObs_entangled_trainable_rzz_QLayers_5___seed_1_1761468207
5623808,1-Training-Losses/value_loss,0.006179647520184517,Pong1PQFM_XObs_entangled_trainable_rzz_QLayers_5___seed_1_1761468207
5627904,1-Training-Losses/value_loss,0.010042385198175907,Pong1PQFM_XObs_entangled_trainable_rzz_QLayers_5___seed_1_1761468207
5632000,1-Training-Losses/value_loss,0.006527680438011885,Pong1PQFM_XObs_entangled_trainable_rzz_QLayers_5___seed_1_1761468207
5636096,1-Training-Losses/value_loss,0.006350486073642969,Pong1PQFM_XObs_entangled_trainable_rzz_QLayers_5___seed_1_1761468207
5640192,1-Training-Losses/value_loss,0.0068214405328035355,Pong1PQFM_XObs_entangled_trainable_rzz_QLayers_5___seed_1_1761468207
5644288,1-Training-Losses/value_loss,0.006575793493539095,Pong1PQFM_XObs_entangled_trainable_rzz_QLayers_5___seed_1_1761468207
5648384,1-Training-Losses/value_loss,0.0060156164690852165,Pong1PQFM_XObs_entangled_trainable_rzz_QLayers_5___seed_1_1761468207
5652480,1-Training-Losses/value_loss,0.0075299302116036415,Pong1PQFM_XObs_entangled_trainable_rzz_QLayers_5___seed_1_1761468207
5656576,1-Training-Losses/value_loss,0.007088632322847843,Pong1PQFM_XObs_entangled_trainable_rzz_QLayers_5___seed_1_1761468207
5660672,1-Training-Losses/value_loss,0.008001376874744892,Pong1PQFM_XObs_entangled_trainable_rzz_QLayers_5___seed_1_1761468207
5664768,1-Training-Losses/value_loss,0.00993253942579031,Pong1PQFM_XObs_entangled_trainable_rzz_QLayers_5___seed_1_1761468207
5668864,1-Training-Losses/value_loss,0.007687111850827932,Pong1PQFM_XObs_entangled_trainable_rzz_QLayers_5___seed_1_1761468207
5672960,1-Training-Losses/value_loss,0.009626159444451332,Pong1PQFM_XObs_entangled_trainable_rzz_QLayers_5___seed_1_1761468207
5677056,1-Training-Losses/value_loss,0.003240336198359728,Pong1PQFM_XObs_entangled_trainable_rzz_QLayers_5___seed_1_1761468207
5681152,1-Training-Losses/value_loss,0.008215591311454773,Pong1PQFM_XObs_entangled_trainable_rzz_QLayers_5___seed_1_1761468207
5685248,1-Training-Losses/value_loss,0.00826234370470047,Pong1PQFM_XObs_entangled_trainable_rzz_QLayers_5___seed_1_1761468207
5689344,1-Training-Losses/value_loss,0.006981618236750364,Pong1PQFM_XObs_entangled_trainable_rzz_QLayers_5___seed_1_1761468207
5693440,1-Training-Losses/value_loss,0.006276791915297508,Pong1PQFM_XObs_entangled_trainable_rzz_QLayers_5___seed_1_1761468207
5697536,1-Training-Losses/value_loss,0.005434091202914715,Pong1PQFM_XObs_entangled_trainable_rzz_QLayers_5___seed_1_1761468207
5701632,1-Training-Losses/value_loss,0.006147458218038082,Pong1PQFM_XObs_entangled_trainable_rzz_QLayers_5___seed_1_1761468207
5705728,1-Training-Losses/value_loss,0.008680425584316254,Pong1PQFM_XObs_entangled_trainable_rzz_QLayers_5___seed_1_1761468207
5709824,1-Training-Losses/value_loss,0.010483281686902046,Pong1PQFM_XObs_entangled_trainable_rzz_QLayers_5___seed_1_1761468207
5713920,1-Training-Losses/value_loss,0.0035190668422728777,Pong1PQFM_XObs_entangled_trainable_rzz_QLayers_5___seed_1_1761468207
5718016,1-Training-Losses/value_loss,0.005118506029248238,Pong1PQFM_XObs_entangled_trainable_rzz_QLayers_5___seed_1_1761468207
5722112,1-Training-Losses/value_loss,0.012035975232720375,Pong1PQFM_XObs_entangled_trainable_rzz_QLayers_5___seed_1_1761468207
5726208,1-Training-Losses/value_loss,0.005054485984146595,Pong1PQFM_XObs_entangled_trainable_rzz_QLayers_5___seed_1_1761468207
5730304,1-Training-Losses/value_loss,0.009651606902480125,Pong1PQFM_XObs_entangled_trainable_rzz_QLayers_5___seed_1_1761468207
5734400,1-Training-Losses/value_loss,0.009046653285622597,Pong1PQFM_XObs_entangled_trainable_rzz_QLayers_5___seed_1_1761468207
5738496,1-Training-Losses/value_loss,0.007799040991812944,Pong1PQFM_XObs_entangled_trainable_rzz_QLayers_5___seed_1_1761468207
5742592,1-Training-Losses/value_loss,0.004892866592854261,Pong1PQFM_XObs_entangled_trainable_rzz_QLayers_5___seed_1_1761468207
5746688,1-Training-Losses/value_loss,0.008308624848723412,Pong1PQFM_XObs_entangled_trainable_rzz_QLayers_5___seed_1_1761468207
5750784,1-Training-Losses/value_loss,0.008494259789586067,Pong1PQFM_XObs_entangled_trainable_rzz_QLayers_5___seed_1_1761468207
5754880,1-Training-Losses/value_loss,0.005657252389937639,Pong1PQFM_XObs_entangled_trainable_rzz_QLayers_5___seed_1_1761468207
5758976,1-Training-Losses/value_loss,0.011182654649019241,Pong1PQFM_XObs_entangled_trainable_rzz_QLayers_5___seed_1_1761468207
5763072,1-Training-Losses/value_loss,0.006455065682530403,Pong1PQFM_XObs_entangled_trainable_rzz_QLayers_5___seed_1_1761468207
5767168,1-Training-Losses/value_loss,0.005778971128165722,Pong1PQFM_XObs_entangled_trainable_rzz_QLayers_5___seed_1_1761468207
5771264,1-Training-Losses/value_loss,0.006678584031760693,Pong1PQFM_XObs_entangled_trainable_rzz_QLayers_5___seed_1_1761468207
5775360,1-Training-Losses/value_loss,0.007684673648327589,Pong1PQFM_XObs_entangled_trainable_rzz_QLayers_5___seed_1_1761468207
5779456,1-Training-Losses/value_loss,0.008451319299638271,Pong1PQFM_XObs_entangled_trainable_rzz_QLayers_5___seed_1_1761468207
5783552,1-Training-Losses/value_loss,0.007065420970320702,Pong1PQFM_XObs_entangled_trainable_rzz_QLayers_5___seed_1_1761468207
5787648,1-Training-Losses/value_loss,0.008737179450690746,Pong1PQFM_XObs_entangled_trainable_rzz_QLayers_5___seed_1_1761468207
5791744,1-Training-Losses/value_loss,0.008027734234929085,Pong1PQFM_XObs_entangled_trainable_rzz_QLayers_5___seed_1_1761468207
5795840,1-Training-Losses/value_loss,0.009099148213863373,Pong1PQFM_XObs_entangled_trainable_rzz_QLayers_5___seed_1_1761468207
5799936,1-Training-Losses/value_loss,0.006581577472388744,Pong1PQFM_XObs_entangled_trainable_rzz_QLayers_5___seed_1_1761468207
5804032,1-Training-Losses/value_loss,0.006284249015152454,Pong1PQFM_XObs_entangled_trainable_rzz_QLayers_5___seed_1_1761468207
5808128,1-Training-Losses/value_loss,0.013802584260702133,Pong1PQFM_XObs_entangled_trainable_rzz_QLayers_5___seed_1_1761468207
5812224,1-Training-Losses/value_loss,0.007964110001921654,Pong1PQFM_XObs_entangled_trainable_rzz_QLayers_5___seed_1_1761468207
5816320,1-Training-Losses/value_loss,0.008645981550216675,Pong1PQFM_XObs_entangled_trainable_rzz_QLayers_5___seed_1_1761468207
5820416,1-Training-Losses/value_loss,0.005380040965974331,Pong1PQFM_XObs_entangled_trainable_rzz_QLayers_5___seed_1_1761468207
5824512,1-Training-Losses/value_loss,0.006882894318550825,Pong1PQFM_XObs_entangled_trainable_rzz_QLayers_5___seed_1_1761468207
5828608,1-Training-Losses/value_loss,0.008378210477530956,Pong1PQFM_XObs_entangled_trainable_rzz_QLayers_5___seed_1_1761468207
5832704,1-Training-Losses/value_loss,0.007307056337594986,Pong1PQFM_XObs_entangled_trainable_rzz_QLayers_5___seed_1_1761468207
5836800,1-Training-Losses/value_loss,0.005189115647226572,Pong1PQFM_XObs_entangled_trainable_rzz_QLayers_5___seed_1_1761468207
5840896,1-Training-Losses/value_loss,0.00902352575212717,Pong1PQFM_XObs_entangled_trainable_rzz_QLayers_5___seed_1_1761468207
5844992,1-Training-Losses/value_loss,0.0066514285281300545,Pong1PQFM_XObs_entangled_trainable_rzz_QLayers_5___seed_1_1761468207
5849088,1-Training-Losses/value_loss,0.004118043929338455,Pong1PQFM_XObs_entangled_trainable_rzz_QLayers_5___seed_1_1761468207
5853184,1-Training-Losses/value_loss,0.006702684331685305,Pong1PQFM_XObs_entangled_trainable_rzz_QLayers_5___seed_1_1761468207
5857280,1-Training-Losses/value_loss,0.01037459447979927,Pong1PQFM_XObs_entangled_trainable_rzz_QLayers_5___seed_1_1761468207
5861376,1-Training-Losses/value_loss,0.008209185674786568,Pong1PQFM_XObs_entangled_trainable_rzz_QLayers_5___seed_1_1761468207
5865472,1-Training-Losses/value_loss,0.0044397152960300446,Pong1PQFM_XObs_entangled_trainable_rzz_QLayers_5___seed_1_1761468207
5869568,1-Training-Losses/value_loss,0.008213900029659271,Pong1PQFM_XObs_entangled_trainable_rzz_QLayers_5___seed_1_1761468207
5873664,1-Training-Losses/value_loss,0.007772167678922415,Pong1PQFM_XObs_entangled_trainable_rzz_QLayers_5___seed_1_1761468207
5877760,1-Training-Losses/value_loss,0.006656363606452942,Pong1PQFM_XObs_entangled_trainable_rzz_QLayers_5___seed_1_1761468207
5881856,1-Training-Losses/value_loss,0.009115461260080338,Pong1PQFM_XObs_entangled_trainable_rzz_QLayers_5___seed_1_1761468207
5885952,1-Training-Losses/value_loss,0.006305246613919735,Pong1PQFM_XObs_entangled_trainable_rzz_QLayers_5___seed_1_1761468207
5890048,1-Training-Losses/value_loss,0.00703580304980278,Pong1PQFM_XObs_entangled_trainable_rzz_QLayers_5___seed_1_1761468207
5894144,1-Training-Losses/value_loss,0.007882124744355679,Pong1PQFM_XObs_entangled_trainable_rzz_QLayers_5___seed_1_1761468207
5898240,1-Training-Losses/value_loss,0.006564497947692871,Pong1PQFM_XObs_entangled_trainable_rzz_QLayers_5___seed_1_1761468207
5902336,1-Training-Losses/value_loss,0.008882679976522923,Pong1PQFM_XObs_entangled_trainable_rzz_QLayers_5___seed_1_1761468207
5906432,1-Training-Losses/value_loss,0.008209839463233948,Pong1PQFM_XObs_entangled_trainable_rzz_QLayers_5___seed_1_1761468207
5910528,1-Training-Losses/value_loss,0.007070029154419899,Pong1PQFM_XObs_entangled_trainable_rzz_QLayers_5___seed_1_1761468207
5914624,1-Training-Losses/value_loss,0.004470038693398237,Pong1PQFM_XObs_entangled_trainable_rzz_QLayers_5___seed_1_1761468207
5918720,1-Training-Losses/value_loss,0.0080012371763587,Pong1PQFM_XObs_entangled_trainable_rzz_QLayers_5___seed_1_1761468207
5922816,1-Training-Losses/value_loss,0.008732112124562263,Pong1PQFM_XObs_entangled_trainable_rzz_QLayers_5___seed_1_1761468207
5926912,1-Training-Losses/value_loss,0.009196300990879536,Pong1PQFM_XObs_entangled_trainable_rzz_QLayers_5___seed_1_1761468207
5931008,1-Training-Losses/value_loss,0.00449523888528347,Pong1PQFM_XObs_entangled_trainable_rzz_QLayers_5___seed_1_1761468207
5935104,1-Training-Losses/value_loss,0.009134975261986256,Pong1PQFM_XObs_entangled_trainable_rzz_QLayers_5___seed_1_1761468207
5939200,1-Training-Losses/value_loss,0.004655749537050724,Pong1PQFM_XObs_entangled_trainable_rzz_QLayers_5___seed_1_1761468207
5943296,1-Training-Losses/value_loss,0.008581805974245071,Pong1PQFM_XObs_entangled_trainable_rzz_QLayers_5___seed_1_1761468207
5947392,1-Training-Losses/value_loss,0.008633319288492203,Pong1PQFM_XObs_entangled_trainable_rzz_QLayers_5___seed_1_1761468207
5951488,1-Training-Losses/value_loss,0.0077377017587423325,Pong1PQFM_XObs_entangled_trainable_rzz_QLayers_5___seed_1_1761468207
5955584,1-Training-Losses/value_loss,0.012130634859204292,Pong1PQFM_XObs_entangled_trainable_rzz_QLayers_5___seed_1_1761468207
5959680,1-Training-Losses/value_loss,0.007941924035549164,Pong1PQFM_XObs_entangled_trainable_rzz_QLayers_5___seed_1_1761468207
5963776,1-Training-Losses/value_loss,0.005240765865892172,Pong1PQFM_XObs_entangled_trainable_rzz_QLayers_5___seed_1_1761468207
5967872,1-Training-Losses/value_loss,0.006247518118470907,Pong1PQFM_XObs_entangled_trainable_rzz_QLayers_5___seed_1_1761468207
5971968,1-Training-Losses/value_loss,0.008632665500044823,Pong1PQFM_XObs_entangled_trainable_rzz_QLayers_5___seed_1_1761468207
5976064,1-Training-Losses/value_loss,0.006716233678162098,Pong1PQFM_XObs_entangled_trainable_rzz_QLayers_5___seed_1_1761468207
5980160,1-Training-Losses/value_loss,0.006804375909268856,Pong1PQFM_XObs_entangled_trainable_rzz_QLayers_5___seed_1_1761468207
5984256,1-Training-Losses/value_loss,0.007651821710169315,Pong1PQFM_XObs_entangled_trainable_rzz_QLayers_5___seed_1_1761468207
5988352,1-Training-Losses/value_loss,0.006194728426635265,Pong1PQFM_XObs_entangled_trainable_rzz_QLayers_5___seed_1_1761468207
5992448,1-Training-Losses/value_loss,0.00697513110935688,Pong1PQFM_XObs_entangled_trainable_rzz_QLayers_5___seed_1_1761468207
5996544,1-Training-Losses/value_loss,0.006674293428659439,Pong1PQFM_XObs_entangled_trainable_rzz_QLayers_5___seed_1_1761468207
6000640,1-Training-Losses/value_loss,0.006469151005148888,Pong1PQFM_XObs_entangled_trainable_rzz_QLayers_5___seed_1_1761468207
6004736,1-Training-Losses/value_loss,0.005824207328259945,Pong1PQFM_XObs_entangled_trainable_rzz_QLayers_5___seed_1_1761468207
6008832,1-Training-Losses/value_loss,0.009285757318139076,Pong1PQFM_XObs_entangled_trainable_rzz_QLayers_5___seed_1_1761468207
6012928,1-Training-Losses/value_loss,0.0033101949375122786,Pong1PQFM_XObs_entangled_trainable_rzz_QLayers_5___seed_1_1761468207
6017024,1-Training-Losses/value_loss,0.008908666670322418,Pong1PQFM_XObs_entangled_trainable_rzz_QLayers_5___seed_1_1761468207
6021120,1-Training-Losses/value_loss,0.008515041321516037,Pong1PQFM_XObs_entangled_trainable_rzz_QLayers_5___seed_1_1761468207
6025216,1-Training-Losses/value_loss,0.0042462656274437904,Pong1PQFM_XObs_entangled_trainable_rzz_QLayers_5___seed_1_1761468207
6029312,1-Training-Losses/value_loss,0.00640882970765233,Pong1PQFM_XObs_entangled_trainable_rzz_QLayers_5___seed_1_1761468207
6033408,1-Training-Losses/value_loss,0.004596654325723648,Pong1PQFM_XObs_entangled_trainable_rzz_QLayers_5___seed_1_1761468207
6037504,1-Training-Losses/value_loss,0.01420542411506176,Pong1PQFM_XObs_entangled_trainable_rzz_QLayers_5___seed_1_1761468207
6041600,1-Training-Losses/value_loss,0.0028426609933376312,Pong1PQFM_XObs_entangled_trainable_rzz_QLayers_5___seed_1_1761468207
6045696,1-Training-Losses/value_loss,0.010172851383686066,Pong1PQFM_XObs_entangled_trainable_rzz_QLayers_5___seed_1_1761468207
6049792,1-Training-Losses/value_loss,0.005876749288290739,Pong1PQFM_XObs_entangled_trainable_rzz_QLayers_5___seed_1_1761468207
6053888,1-Training-Losses/value_loss,0.0097665349021554,Pong1PQFM_XObs_entangled_trainable_rzz_QLayers_5___seed_1_1761468207
6057984,1-Training-Losses/value_loss,0.008042152971029282,Pong1PQFM_XObs_entangled_trainable_rzz_QLayers_5___seed_1_1761468207
6062080,1-Training-Losses/value_loss,0.009453591890633106,Pong1PQFM_XObs_entangled_trainable_rzz_QLayers_5___seed_1_1761468207
6066176,1-Training-Losses/value_loss,0.0037983194924890995,Pong1PQFM_XObs_entangled_trainable_rzz_QLayers_5___seed_1_1761468207
6070272,1-Training-Losses/value_loss,0.005976226646453142,Pong1PQFM_XObs_entangled_trainable_rzz_QLayers_5___seed_1_1761468207
6074368,1-Training-Losses/value_loss,0.005604106932878494,Pong1PQFM_XObs_entangled_trainable_rzz_QLayers_5___seed_1_1761468207
6078464,1-Training-Losses/value_loss,0.00949141476303339,Pong1PQFM_XObs_entangled_trainable_rzz_QLayers_5___seed_1_1761468207
6082560,1-Training-Losses/value_loss,0.006520943716168404,Pong1PQFM_XObs_entangled_trainable_rzz_QLayers_5___seed_1_1761468207
6086656,1-Training-Losses/value_loss,0.009278761222958565,Pong1PQFM_XObs_entangled_trainable_rzz_QLayers_5___seed_1_1761468207
6090752,1-Training-Losses/value_loss,0.007100906688719988,Pong1PQFM_XObs_entangled_trainable_rzz_QLayers_5___seed_1_1761468207
6094848,1-Training-Losses/value_loss,0.006659507751464844,Pong1PQFM_XObs_entangled_trainable_rzz_QLayers_5___seed_1_1761468207
6098944,1-Training-Losses/value_loss,0.012523462995886803,Pong1PQFM_XObs_entangled_trainable_rzz_QLayers_5___seed_1_1761468207
6103040,1-Training-Losses/value_loss,0.006775795482099056,Pong1PQFM_XObs_entangled_trainable_rzz_QLayers_5___seed_1_1761468207
6107136,1-Training-Losses/value_loss,0.0051635876297950745,Pong1PQFM_XObs_entangled_trainable_rzz_QLayers_5___seed_1_1761468207
6111232,1-Training-Losses/value_loss,0.008138800039887428,Pong1PQFM_XObs_entangled_trainable_rzz_QLayers_5___seed_1_1761468207
6115328,1-Training-Losses/value_loss,0.008734580129384995,Pong1PQFM_XObs_entangled_trainable_rzz_QLayers_5___seed_1_1761468207
6119424,1-Training-Losses/value_loss,0.00825204886496067,Pong1PQFM_XObs_entangled_trainable_rzz_QLayers_5___seed_1_1761468207
6123520,1-Training-Losses/value_loss,0.0072719743475317955,Pong1PQFM_XObs_entangled_trainable_rzz_QLayers_5___seed_1_1761468207
6127616,1-Training-Losses/value_loss,0.006957591511309147,Pong1PQFM_XObs_entangled_trainable_rzz_QLayers_5___seed_1_1761468207
6131712,1-Training-Losses/value_loss,0.008106510154902935,Pong1PQFM_XObs_entangled_trainable_rzz_QLayers_5___seed_1_1761468207
6135808,1-Training-Losses/value_loss,0.007861558347940445,Pong1PQFM_XObs_entangled_trainable_rzz_QLayers_5___seed_1_1761468207
6139904,1-Training-Losses/value_loss,0.008509477600455284,Pong1PQFM_XObs_entangled_trainable_rzz_QLayers_5___seed_1_1761468207
6144000,1-Training-Losses/value_loss,0.006325955502688885,Pong1PQFM_XObs_entangled_trainable_rzz_QLayers_5___seed_1_1761468207
6148096,1-Training-Losses/value_loss,0.007296593859791756,Pong1PQFM_XObs_entangled_trainable_rzz_QLayers_5___seed_1_1761468207
6152192,1-Training-Losses/value_loss,0.010291176848113537,Pong1PQFM_XObs_entangled_trainable_rzz_QLayers_5___seed_1_1761468207
6156288,1-Training-Losses/value_loss,0.0070260437205433846,Pong1PQFM_XObs_entangled_trainable_rzz_QLayers_5___seed_1_1761468207
6160384,1-Training-Losses/value_loss,0.006480201613157988,Pong1PQFM_XObs_entangled_trainable_rzz_QLayers_5___seed_1_1761468207
6164480,1-Training-Losses/value_loss,0.007065989077091217,Pong1PQFM_XObs_entangled_trainable_rzz_QLayers_5___seed_1_1761468207
6168576,1-Training-Losses/value_loss,0.007880134508013725,Pong1PQFM_XObs_entangled_trainable_rzz_QLayers_5___seed_1_1761468207
6172672,1-Training-Losses/value_loss,0.0053245266899466515,Pong1PQFM_XObs_entangled_trainable_rzz_QLayers_5___seed_1_1761468207
6176768,1-Training-Losses/value_loss,0.005502462387084961,Pong1PQFM_XObs_entangled_trainable_rzz_QLayers_5___seed_1_1761468207
6180864,1-Training-Losses/value_loss,0.006591468118131161,Pong1PQFM_XObs_entangled_trainable_rzz_QLayers_5___seed_1_1761468207
6184960,1-Training-Losses/value_loss,0.00772089883685112,Pong1PQFM_XObs_entangled_trainable_rzz_QLayers_5___seed_1_1761468207
6189056,1-Training-Losses/value_loss,0.007375177927315235,Pong1PQFM_XObs_entangled_trainable_rzz_QLayers_5___seed_1_1761468207
6193152,1-Training-Losses/value_loss,0.010965202935039997,Pong1PQFM_XObs_entangled_trainable_rzz_QLayers_5___seed_1_1761468207
6197248,1-Training-Losses/value_loss,0.005497070960700512,Pong1PQFM_XObs_entangled_trainable_rzz_QLayers_5___seed_1_1761468207
6201344,1-Training-Losses/value_loss,0.006371624767780304,Pong1PQFM_XObs_entangled_trainable_rzz_QLayers_5___seed_1_1761468207
6205440,1-Training-Losses/value_loss,0.010491054505109787,Pong1PQFM_XObs_entangled_trainable_rzz_QLayers_5___seed_1_1761468207
6209536,1-Training-Losses/value_loss,0.00394716951996088,Pong1PQFM_XObs_entangled_trainable_rzz_QLayers_5___seed_1_1761468207
6213632,1-Training-Losses/value_loss,0.00603899359703064,Pong1PQFM_XObs_entangled_trainable_rzz_QLayers_5___seed_1_1761468207
6217728,1-Training-Losses/value_loss,0.005291759967803955,Pong1PQFM_XObs_entangled_trainable_rzz_QLayers_5___seed_1_1761468207
6221824,1-Training-Losses/value_loss,0.008585382252931595,Pong1PQFM_XObs_entangled_trainable_rzz_QLayers_5___seed_1_1761468207
6225920,1-Training-Losses/value_loss,0.008897584863007069,Pong1PQFM_XObs_entangled_trainable_rzz_QLayers_5___seed_1_1761468207
6230016,1-Training-Losses/value_loss,0.0059263380244374275,Pong1PQFM_XObs_entangled_trainable_rzz_QLayers_5___seed_1_1761468207
6234112,1-Training-Losses/value_loss,0.005687160417437553,Pong1PQFM_XObs_entangled_trainable_rzz_QLayers_5___seed_1_1761468207
6238208,1-Training-Losses/value_loss,0.005618195049464703,Pong1PQFM_XObs_entangled_trainable_rzz_QLayers_5___seed_1_1761468207
6242304,1-Training-Losses/value_loss,0.008164649829268456,Pong1PQFM_XObs_entangled_trainable_rzz_QLayers_5___seed_1_1761468207
6246400,1-Training-Losses/value_loss,0.005498651415109634,Pong1PQFM_XObs_entangled_trainable_rzz_QLayers_5___seed_1_1761468207
6250496,1-Training-Losses/value_loss,0.010032287798821926,Pong1PQFM_XObs_entangled_trainable_rzz_QLayers_5___seed_1_1761468207
6254592,1-Training-Losses/value_loss,0.007088596001267433,Pong1PQFM_XObs_entangled_trainable_rzz_QLayers_5___seed_1_1761468207
6258688,1-Training-Losses/value_loss,0.009095804765820503,Pong1PQFM_XObs_entangled_trainable_rzz_QLayers_5___seed_1_1761468207
6262784,1-Training-Losses/value_loss,0.007525476161390543,Pong1PQFM_XObs_entangled_trainable_rzz_QLayers_5___seed_1_1761468207
6266880,1-Training-Losses/value_loss,0.005531232804059982,Pong1PQFM_XObs_entangled_trainable_rzz_QLayers_5___seed_1_1761468207
6270976,1-Training-Losses/value_loss,0.007568501867353916,Pong1PQFM_XObs_entangled_trainable_rzz_QLayers_5___seed_1_1761468207
6275072,1-Training-Losses/value_loss,0.007433930411934853,Pong1PQFM_XObs_entangled_trainable_rzz_QLayers_5___seed_1_1761468207
6279168,1-Training-Losses/value_loss,0.007044167257845402,Pong1PQFM_XObs_entangled_trainable_rzz_QLayers_5___seed_1_1761468207
6283264,1-Training-Losses/value_loss,0.009241615422070026,Pong1PQFM_XObs_entangled_trainable_rzz_QLayers_5___seed_1_1761468207
6287360,1-Training-Losses/value_loss,0.004747337661683559,Pong1PQFM_XObs_entangled_trainable_rzz_QLayers_5___seed_1_1761468207
6291456,1-Training-Losses/value_loss,0.010508784092962742,Pong1PQFM_XObs_entangled_trainable_rzz_QLayers_5___seed_1_1761468207
6295552,1-Training-Losses/value_loss,0.005936680361628532,Pong1PQFM_XObs_entangled_trainable_rzz_QLayers_5___seed_1_1761468207
6299648,1-Training-Losses/value_loss,0.008029816672205925,Pong1PQFM_XObs_entangled_trainable_rzz_QLayers_5___seed_1_1761468207
6303744,1-Training-Losses/value_loss,0.006221876945346594,Pong1PQFM_XObs_entangled_trainable_rzz_QLayers_5___seed_1_1761468207
6307840,1-Training-Losses/value_loss,0.009165286086499691,Pong1PQFM_XObs_entangled_trainable_rzz_QLayers_5___seed_1_1761468207
6311936,1-Training-Losses/value_loss,0.0070501454174518585,Pong1PQFM_XObs_entangled_trainable_rzz_QLayers_5___seed_1_1761468207
6316032,1-Training-Losses/value_loss,0.0065032062120735645,Pong1PQFM_XObs_entangled_trainable_rzz_QLayers_5___seed_1_1761468207
6320128,1-Training-Losses/value_loss,0.00787191092967987,Pong1PQFM_XObs_entangled_trainable_rzz_QLayers_5___seed_1_1761468207
6324224,1-Training-Losses/value_loss,0.008875402621924877,Pong1PQFM_XObs_entangled_trainable_rzz_QLayers_5___seed_1_1761468207
6328320,1-Training-Losses/value_loss,0.006272479426115751,Pong1PQFM_XObs_entangled_trainable_rzz_QLayers_5___seed_1_1761468207
6332416,1-Training-Losses/value_loss,0.009753873571753502,Pong1PQFM_XObs_entangled_trainable_rzz_QLayers_5___seed_1_1761468207
6336512,1-Training-Losses/value_loss,0.004790414124727249,Pong1PQFM_XObs_entangled_trainable_rzz_QLayers_5___seed_1_1761468207
6340608,1-Training-Losses/value_loss,0.009884159080684185,Pong1PQFM_XObs_entangled_trainable_rzz_QLayers_5___seed_1_1761468207
6344704,1-Training-Losses/value_loss,0.010473055765032768,Pong1PQFM_XObs_entangled_trainable_rzz_QLayers_5___seed_1_1761468207
6348800,1-Training-Losses/value_loss,0.00970919243991375,Pong1PQFM_XObs_entangled_trainable_rzz_QLayers_5___seed_1_1761468207
6352896,1-Training-Losses/value_loss,0.01228905189782381,Pong1PQFM_XObs_entangled_trainable_rzz_QLayers_5___seed_1_1761468207
6356992,1-Training-Losses/value_loss,0.009033450856804848,Pong1PQFM_XObs_entangled_trainable_rzz_QLayers_5___seed_1_1761468207
6361088,1-Training-Losses/value_loss,0.010061128996312618,Pong1PQFM_XObs_entangled_trainable_rzz_QLayers_5___seed_1_1761468207
6365184,1-Training-Losses/value_loss,0.005662623327225447,Pong1PQFM_XObs_entangled_trainable_rzz_QLayers_5___seed_1_1761468207
6369280,1-Training-Losses/value_loss,0.009183071553707123,Pong1PQFM_XObs_entangled_trainable_rzz_QLayers_5___seed_1_1761468207
6373376,1-Training-Losses/value_loss,0.005654718726873398,Pong1PQFM_XObs_entangled_trainable_rzz_QLayers_5___seed_1_1761468207
6377472,1-Training-Losses/value_loss,0.005902810487896204,Pong1PQFM_XObs_entangled_trainable_rzz_QLayers_5___seed_1_1761468207
6381568,1-Training-Losses/value_loss,0.00794919766485691,Pong1PQFM_XObs_entangled_trainable_rzz_QLayers_5___seed_1_1761468207
6385664,1-Training-Losses/value_loss,0.007732065860182047,Pong1PQFM_XObs_entangled_trainable_rzz_QLayers_5___seed_1_1761468207
6389760,1-Training-Losses/value_loss,0.01054626889526844,Pong1PQFM_XObs_entangled_trainable_rzz_QLayers_5___seed_1_1761468207
6393856,1-Training-Losses/value_loss,0.005225304048508406,Pong1PQFM_XObs_entangled_trainable_rzz_QLayers_5___seed_1_1761468207
6397952,1-Training-Losses/value_loss,0.008034225553274155,Pong1PQFM_XObs_entangled_trainable_rzz_QLayers_5___seed_1_1761468207
6402048,1-Training-Losses/value_loss,0.006245646625757217,Pong1PQFM_XObs_entangled_trainable_rzz_QLayers_5___seed_1_1761468207
6406144,1-Training-Losses/value_loss,0.009546780958771706,Pong1PQFM_XObs_entangled_trainable_rzz_QLayers_5___seed_1_1761468207
6410240,1-Training-Losses/value_loss,0.006203243974596262,Pong1PQFM_XObs_entangled_trainable_rzz_QLayers_5___seed_1_1761468207
6414336,1-Training-Losses/value_loss,0.008962196297943592,Pong1PQFM_XObs_entangled_trainable_rzz_QLayers_5___seed_1_1761468207
6418432,1-Training-Losses/value_loss,0.008737163618206978,Pong1PQFM_XObs_entangled_trainable_rzz_QLayers_5___seed_1_1761468207
6422528,1-Training-Losses/value_loss,0.006954975891858339,Pong1PQFM_XObs_entangled_trainable_rzz_QLayers_5___seed_1_1761468207
6426624,1-Training-Losses/value_loss,0.006584974005818367,Pong1PQFM_XObs_entangled_trainable_rzz_QLayers_5___seed_1_1761468207
6430720,1-Training-Losses/value_loss,0.008076786063611507,Pong1PQFM_XObs_entangled_trainable_rzz_QLayers_5___seed_1_1761468207
6434816,1-Training-Losses/value_loss,0.007957227528095245,Pong1PQFM_XObs_entangled_trainable_rzz_QLayers_5___seed_1_1761468207
6438912,1-Training-Losses/value_loss,0.004665096756070852,Pong1PQFM_XObs_entangled_trainable_rzz_QLayers_5___seed_1_1761468207
6443008,1-Training-Losses/value_loss,0.011953634209930897,Pong1PQFM_XObs_entangled_trainable_rzz_QLayers_5___seed_1_1761468207
6447104,1-Training-Losses/value_loss,0.004042858723551035,Pong1PQFM_XObs_entangled_trainable_rzz_QLayers_5___seed_1_1761468207
6451200,1-Training-Losses/value_loss,0.005141616798937321,Pong1PQFM_XObs_entangled_trainable_rzz_QLayers_5___seed_1_1761468207
6455296,1-Training-Losses/value_loss,0.009368140250444412,Pong1PQFM_XObs_entangled_trainable_rzz_QLayers_5___seed_1_1761468207
6459392,1-Training-Losses/value_loss,0.006809337995946407,Pong1PQFM_XObs_entangled_trainable_rzz_QLayers_5___seed_1_1761468207
6463488,1-Training-Losses/value_loss,0.010897176340222359,Pong1PQFM_XObs_entangled_trainable_rzz_QLayers_5___seed_1_1761468207
6467584,1-Training-Losses/value_loss,0.010383229702711105,Pong1PQFM_XObs_entangled_trainable_rzz_QLayers_5___seed_1_1761468207
6471680,1-Training-Losses/value_loss,0.00812438502907753,Pong1PQFM_XObs_entangled_trainable_rzz_QLayers_5___seed_1_1761468207
6475776,1-Training-Losses/value_loss,0.008492862805724144,Pong1PQFM_XObs_entangled_trainable_rzz_QLayers_5___seed_1_1761468207
6479872,1-Training-Losses/value_loss,0.008468394167721272,Pong1PQFM_XObs_entangled_trainable_rzz_QLayers_5___seed_1_1761468207
6483968,1-Training-Losses/value_loss,0.008512003347277641,Pong1PQFM_XObs_entangled_trainable_rzz_QLayers_5___seed_1_1761468207
6488064,1-Training-Losses/value_loss,0.005729411728680134,Pong1PQFM_XObs_entangled_trainable_rzz_QLayers_5___seed_1_1761468207
6492160,1-Training-Losses/value_loss,0.010804351419210434,Pong1PQFM_XObs_entangled_trainable_rzz_QLayers_5___seed_1_1761468207
6496256,1-Training-Losses/value_loss,0.009599830023944378,Pong1PQFM_XObs_entangled_trainable_rzz_QLayers_5___seed_1_1761468207
6500352,1-Training-Losses/value_loss,0.007547884713858366,Pong1PQFM_XObs_entangled_trainable_rzz_QLayers_5___seed_1_1761468207
6504448,1-Training-Losses/value_loss,0.010698601603507996,Pong1PQFM_XObs_entangled_trainable_rzz_QLayers_5___seed_1_1761468207
6508544,1-Training-Losses/value_loss,0.007099519483745098,Pong1PQFM_XObs_entangled_trainable_rzz_QLayers_5___seed_1_1761468207
6512640,1-Training-Losses/value_loss,0.004160367883741856,Pong1PQFM_XObs_entangled_trainable_rzz_QLayers_5___seed_1_1761468207
6516736,1-Training-Losses/value_loss,0.009531889110803604,Pong1PQFM_XObs_entangled_trainable_rzz_QLayers_5___seed_1_1761468207
6520832,1-Training-Losses/value_loss,0.008002666756510735,Pong1PQFM_XObs_entangled_trainable_rzz_QLayers_5___seed_1_1761468207
6524928,1-Training-Losses/value_loss,0.006904326844960451,Pong1PQFM_XObs_entangled_trainable_rzz_QLayers_5___seed_1_1761468207
6529024,1-Training-Losses/value_loss,0.009191643446683884,Pong1PQFM_XObs_entangled_trainable_rzz_QLayers_5___seed_1_1761468207
6533120,1-Training-Losses/value_loss,0.008183314464986324,Pong1PQFM_XObs_entangled_trainable_rzz_QLayers_5___seed_1_1761468207
6537216,1-Training-Losses/value_loss,0.010662263259291649,Pong1PQFM_XObs_entangled_trainable_rzz_QLayers_5___seed_1_1761468207
6541312,1-Training-Losses/value_loss,0.007953914813697338,Pong1PQFM_XObs_entangled_trainable_rzz_QLayers_5___seed_1_1761468207
6545408,1-Training-Losses/value_loss,0.005497702397406101,Pong1PQFM_XObs_entangled_trainable_rzz_QLayers_5___seed_1_1761468207
6549504,1-Training-Losses/value_loss,0.010337458923459053,Pong1PQFM_XObs_entangled_trainable_rzz_QLayers_5___seed_1_1761468207
6553600,1-Training-Losses/value_loss,0.0065889982506632805,Pong1PQFM_XObs_entangled_trainable_rzz_QLayers_5___seed_1_1761468207
6557696,1-Training-Losses/value_loss,0.00820733793079853,Pong1PQFM_XObs_entangled_trainable_rzz_QLayers_5___seed_1_1761468207
6561792,1-Training-Losses/value_loss,0.009144650772213936,Pong1PQFM_XObs_entangled_trainable_rzz_QLayers_5___seed_1_1761468207
6565888,1-Training-Losses/value_loss,0.010738924145698547,Pong1PQFM_XObs_entangled_trainable_rzz_QLayers_5___seed_1_1761468207
6569984,1-Training-Losses/value_loss,0.0065405163913965225,Pong1PQFM_XObs_entangled_trainable_rzz_QLayers_5___seed_1_1761468207
6574080,1-Training-Losses/value_loss,0.007148082368075848,Pong1PQFM_XObs_entangled_trainable_rzz_QLayers_5___seed_1_1761468207
6578176,1-Training-Losses/value_loss,0.008938304148614407,Pong1PQFM_XObs_entangled_trainable_rzz_QLayers_5___seed_1_1761468207
6582272,1-Training-Losses/value_loss,0.00669941958039999,Pong1PQFM_XObs_entangled_trainable_rzz_QLayers_5___seed_1_1761468207
6586368,1-Training-Losses/value_loss,0.010272769257426262,Pong1PQFM_XObs_entangled_trainable_rzz_QLayers_5___seed_1_1761468207
6590464,1-Training-Losses/value_loss,0.009949969127774239,Pong1PQFM_XObs_entangled_trainable_rzz_QLayers_5___seed_1_1761468207
6594560,1-Training-Losses/value_loss,0.011023815721273422,Pong1PQFM_XObs_entangled_trainable_rzz_QLayers_5___seed_1_1761468207
6598656,1-Training-Losses/value_loss,0.007735313381999731,Pong1PQFM_XObs_entangled_trainable_rzz_QLayers_5___seed_1_1761468207
6602752,1-Training-Losses/value_loss,0.007778743281960487,Pong1PQFM_XObs_entangled_trainable_rzz_QLayers_5___seed_1_1761468207
6606848,1-Training-Losses/value_loss,0.00975893810391426,Pong1PQFM_XObs_entangled_trainable_rzz_QLayers_5___seed_1_1761468207
6610944,1-Training-Losses/value_loss,0.006054581608623266,Pong1PQFM_XObs_entangled_trainable_rzz_QLayers_5___seed_1_1761468207
6615040,1-Training-Losses/value_loss,0.004860970191657543,Pong1PQFM_XObs_entangled_trainable_rzz_QLayers_5___seed_1_1761468207
6619136,1-Training-Losses/value_loss,0.0025085443630814552,Pong1PQFM_XObs_entangled_trainable_rzz_QLayers_5___seed_1_1761468207
6623232,1-Training-Losses/value_loss,0.010663336142897606,Pong1PQFM_XObs_entangled_trainable_rzz_QLayers_5___seed_1_1761468207
6627328,1-Training-Losses/value_loss,0.005346333608031273,Pong1PQFM_XObs_entangled_trainable_rzz_QLayers_5___seed_1_1761468207
6631424,1-Training-Losses/value_loss,0.0068412222899496555,Pong1PQFM_XObs_entangled_trainable_rzz_QLayers_5___seed_1_1761468207
6635520,1-Training-Losses/value_loss,0.008568751625716686,Pong1PQFM_XObs_entangled_trainable_rzz_QLayers_5___seed_1_1761468207
6639616,1-Training-Losses/value_loss,0.005918658338487148,Pong1PQFM_XObs_entangled_trainable_rzz_QLayers_5___seed_1_1761468207
6643712,1-Training-Losses/value_loss,0.010040387511253357,Pong1PQFM_XObs_entangled_trainable_rzz_QLayers_5___seed_1_1761468207
6647808,1-Training-Losses/value_loss,0.004538954235613346,Pong1PQFM_XObs_entangled_trainable_rzz_QLayers_5___seed_1_1761468207
6651904,1-Training-Losses/value_loss,0.0060204751789569855,Pong1PQFM_XObs_entangled_trainable_rzz_QLayers_5___seed_1_1761468207
6656000,1-Training-Losses/value_loss,0.010162657126784325,Pong1PQFM_XObs_entangled_trainable_rzz_QLayers_5___seed_1_1761468207
6660096,1-Training-Losses/value_loss,0.005673317238688469,Pong1PQFM_XObs_entangled_trainable_rzz_QLayers_5___seed_1_1761468207
6664192,1-Training-Losses/value_loss,0.009444868192076683,Pong1PQFM_XObs_entangled_trainable_rzz_QLayers_5___seed_1_1761468207
6668288,1-Training-Losses/value_loss,0.006113038863986731,Pong1PQFM_XObs_entangled_trainable_rzz_QLayers_5___seed_1_1761468207
6672384,1-Training-Losses/value_loss,0.007444337941706181,Pong1PQFM_XObs_entangled_trainable_rzz_QLayers_5___seed_1_1761468207
6676480,1-Training-Losses/value_loss,0.005282107274979353,Pong1PQFM_XObs_entangled_trainable_rzz_QLayers_5___seed_1_1761468207
6680576,1-Training-Losses/value_loss,0.005619753152132034,Pong1PQFM_XObs_entangled_trainable_rzz_QLayers_5___seed_1_1761468207
6684672,1-Training-Losses/value_loss,0.007746413350105286,Pong1PQFM_XObs_entangled_trainable_rzz_QLayers_5___seed_1_1761468207
6688768,1-Training-Losses/value_loss,0.008889729157090187,Pong1PQFM_XObs_entangled_trainable_rzz_QLayers_5___seed_1_1761468207
6692864,1-Training-Losses/value_loss,0.004690950270742178,Pong1PQFM_XObs_entangled_trainable_rzz_QLayers_5___seed_1_1761468207
6696960,1-Training-Losses/value_loss,0.010950807482004166,Pong1PQFM_XObs_entangled_trainable_rzz_QLayers_5___seed_1_1761468207
6701056,1-Training-Losses/value_loss,0.008089321665465832,Pong1PQFM_XObs_entangled_trainable_rzz_QLayers_5___seed_1_1761468207
6705152,1-Training-Losses/value_loss,0.011183422990143299,Pong1PQFM_XObs_entangled_trainable_rzz_QLayers_5___seed_1_1761468207
6709248,1-Training-Losses/value_loss,0.006540588568896055,Pong1PQFM_XObs_entangled_trainable_rzz_QLayers_5___seed_1_1761468207
6713344,1-Training-Losses/value_loss,0.005471843760460615,Pong1PQFM_XObs_entangled_trainable_rzz_QLayers_5___seed_1_1761468207
6717440,1-Training-Losses/value_loss,0.009971081279218197,Pong1PQFM_XObs_entangled_trainable_rzz_QLayers_5___seed_1_1761468207
6721536,1-Training-Losses/value_loss,0.008821651339530945,Pong1PQFM_XObs_entangled_trainable_rzz_QLayers_5___seed_1_1761468207
6725632,1-Training-Losses/value_loss,0.009156647138297558,Pong1PQFM_XObs_entangled_trainable_rzz_QLayers_5___seed_1_1761468207
6729728,1-Training-Losses/value_loss,0.005985327064990997,Pong1PQFM_XObs_entangled_trainable_rzz_QLayers_5___seed_1_1761468207
6733824,1-Training-Losses/value_loss,0.00659045297652483,Pong1PQFM_XObs_entangled_trainable_rzz_QLayers_5___seed_1_1761468207
6737920,1-Training-Losses/value_loss,0.007455017417669296,Pong1PQFM_XObs_entangled_trainable_rzz_QLayers_5___seed_1_1761468207
6742016,1-Training-Losses/value_loss,0.007300935685634613,Pong1PQFM_XObs_entangled_trainable_rzz_QLayers_5___seed_1_1761468207
6746112,1-Training-Losses/value_loss,0.009232752025127411,Pong1PQFM_XObs_entangled_trainable_rzz_QLayers_5___seed_1_1761468207
6750208,1-Training-Losses/value_loss,0.0055000195279717445,Pong1PQFM_XObs_entangled_trainable_rzz_QLayers_5___seed_1_1761468207
6754304,1-Training-Losses/value_loss,0.006019064225256443,Pong1PQFM_XObs_entangled_trainable_rzz_QLayers_5___seed_1_1761468207
6758400,1-Training-Losses/value_loss,0.011294042691588402,Pong1PQFM_XObs_entangled_trainable_rzz_QLayers_5___seed_1_1761468207
6762496,1-Training-Losses/value_loss,0.008151659741997719,Pong1PQFM_XObs_entangled_trainable_rzz_QLayers_5___seed_1_1761468207
6766592,1-Training-Losses/value_loss,0.00917665846645832,Pong1PQFM_XObs_entangled_trainable_rzz_QLayers_5___seed_1_1761468207
6770688,1-Training-Losses/value_loss,0.009873075410723686,Pong1PQFM_XObs_entangled_trainable_rzz_QLayers_5___seed_1_1761468207
6774784,1-Training-Losses/value_loss,0.00651131384074688,Pong1PQFM_XObs_entangled_trainable_rzz_QLayers_5___seed_1_1761468207
6778880,1-Training-Losses/value_loss,0.00897504948079586,Pong1PQFM_XObs_entangled_trainable_rzz_QLayers_5___seed_1_1761468207
6782976,1-Training-Losses/value_loss,0.012597343884408474,Pong1PQFM_XObs_entangled_trainable_rzz_QLayers_5___seed_1_1761468207
6787072,1-Training-Losses/value_loss,0.004833484999835491,Pong1PQFM_XObs_entangled_trainable_rzz_QLayers_5___seed_1_1761468207
6791168,1-Training-Losses/value_loss,0.006287245079874992,Pong1PQFM_XObs_entangled_trainable_rzz_QLayers_5___seed_1_1761468207
6795264,1-Training-Losses/value_loss,0.012130138464272022,Pong1PQFM_XObs_entangled_trainable_rzz_QLayers_5___seed_1_1761468207
6799360,1-Training-Losses/value_loss,0.007516728714108467,Pong1PQFM_XObs_entangled_trainable_rzz_QLayers_5___seed_1_1761468207
6803456,1-Training-Losses/value_loss,0.006289507262408733,Pong1PQFM_XObs_entangled_trainable_rzz_QLayers_5___seed_1_1761468207
6807552,1-Training-Losses/value_loss,0.00824034959077835,Pong1PQFM_XObs_entangled_trainable_rzz_QLayers_5___seed_1_1761468207
6811648,1-Training-Losses/value_loss,0.0054590292274951935,Pong1PQFM_XObs_entangled_trainable_rzz_QLayers_5___seed_1_1761468207
6815744,1-Training-Losses/value_loss,0.007027676794677973,Pong1PQFM_XObs_entangled_trainable_rzz_QLayers_5___seed_1_1761468207
6819840,1-Training-Losses/value_loss,0.006691889837384224,Pong1PQFM_XObs_entangled_trainable_rzz_QLayers_5___seed_1_1761468207
6823936,1-Training-Losses/value_loss,0.008972672745585442,Pong1PQFM_XObs_entangled_trainable_rzz_QLayers_5___seed_1_1761468207
6828032,1-Training-Losses/value_loss,0.008707309141755104,Pong1PQFM_XObs_entangled_trainable_rzz_QLayers_5___seed_1_1761468207
6832128,1-Training-Losses/value_loss,0.009711438789963722,Pong1PQFM_XObs_entangled_trainable_rzz_QLayers_5___seed_1_1761468207
6836224,1-Training-Losses/value_loss,0.003667297540232539,Pong1PQFM_XObs_entangled_trainable_rzz_QLayers_5___seed_1_1761468207
6840320,1-Training-Losses/value_loss,0.007658753078430891,Pong1PQFM_XObs_entangled_trainable_rzz_QLayers_5___seed_1_1761468207
6844416,1-Training-Losses/value_loss,0.0062773749232292175,Pong1PQFM_XObs_entangled_trainable_rzz_QLayers_5___seed_1_1761468207
6848512,1-Training-Losses/value_loss,0.006161782890558243,Pong1PQFM_XObs_entangled_trainable_rzz_QLayers_5___seed_1_1761468207
6852608,1-Training-Losses/value_loss,0.00668345857411623,Pong1PQFM_XObs_entangled_trainable_rzz_QLayers_5___seed_1_1761468207
6856704,1-Training-Losses/value_loss,0.010262764990329742,Pong1PQFM_XObs_entangled_trainable_rzz_QLayers_5___seed_1_1761468207
6860800,1-Training-Losses/value_loss,0.004550745245069265,Pong1PQFM_XObs_entangled_trainable_rzz_QLayers_5___seed_1_1761468207
6864896,1-Training-Losses/value_loss,0.010207630693912506,Pong1PQFM_XObs_entangled_trainable_rzz_QLayers_5___seed_1_1761468207
6868992,1-Training-Losses/value_loss,0.008761944249272346,Pong1PQFM_XObs_entangled_trainable_rzz_QLayers_5___seed_1_1761468207
6873088,1-Training-Losses/value_loss,0.009207192808389664,Pong1PQFM_XObs_entangled_trainable_rzz_QLayers_5___seed_1_1761468207
6877184,1-Training-Losses/value_loss,0.006947286427021027,Pong1PQFM_XObs_entangled_trainable_rzz_QLayers_5___seed_1_1761468207
6881280,1-Training-Losses/value_loss,0.007297435309737921,Pong1PQFM_XObs_entangled_trainable_rzz_QLayers_5___seed_1_1761468207
6885376,1-Training-Losses/value_loss,0.007900550961494446,Pong1PQFM_XObs_entangled_trainable_rzz_QLayers_5___seed_1_1761468207
6889472,1-Training-Losses/value_loss,0.007886121049523354,Pong1PQFM_XObs_entangled_trainable_rzz_QLayers_5___seed_1_1761468207
6893568,1-Training-Losses/value_loss,0.011839419603347778,Pong1PQFM_XObs_entangled_trainable_rzz_QLayers_5___seed_1_1761468207
6897664,1-Training-Losses/value_loss,0.0045014675706624985,Pong1PQFM_XObs_entangled_trainable_rzz_QLayers_5___seed_1_1761468207
6901760,1-Training-Losses/value_loss,0.009455237537622452,Pong1PQFM_XObs_entangled_trainable_rzz_QLayers_5___seed_1_1761468207
6905856,1-Training-Losses/value_loss,0.004623713903129101,Pong1PQFM_XObs_entangled_trainable_rzz_QLayers_5___seed_1_1761468207
6909952,1-Training-Losses/value_loss,0.005744118709117174,Pong1PQFM_XObs_entangled_trainable_rzz_QLayers_5___seed_1_1761468207
6914048,1-Training-Losses/value_loss,0.013249852694571018,Pong1PQFM_XObs_entangled_trainable_rzz_QLayers_5___seed_1_1761468207
6918144,1-Training-Losses/value_loss,0.006527497433125973,Pong1PQFM_XObs_entangled_trainable_rzz_QLayers_5___seed_1_1761468207
6922240,1-Training-Losses/value_loss,0.008716605603694916,Pong1PQFM_XObs_entangled_trainable_rzz_QLayers_5___seed_1_1761468207
6926336,1-Training-Losses/value_loss,0.008382796309888363,Pong1PQFM_XObs_entangled_trainable_rzz_QLayers_5___seed_1_1761468207
6930432,1-Training-Losses/value_loss,0.010909978300333023,Pong1PQFM_XObs_entangled_trainable_rzz_QLayers_5___seed_1_1761468207
6934528,1-Training-Losses/value_loss,0.008278852328658104,Pong1PQFM_XObs_entangled_trainable_rzz_QLayers_5___seed_1_1761468207
6938624,1-Training-Losses/value_loss,0.00910597387701273,Pong1PQFM_XObs_entangled_trainable_rzz_QLayers_5___seed_1_1761468207
6942720,1-Training-Losses/value_loss,0.0073892478831112385,Pong1PQFM_XObs_entangled_trainable_rzz_QLayers_5___seed_1_1761468207
6946816,1-Training-Losses/value_loss,0.004984314553439617,Pong1PQFM_XObs_entangled_trainable_rzz_QLayers_5___seed_1_1761468207
6950912,1-Training-Losses/value_loss,0.007648658473044634,Pong1PQFM_XObs_entangled_trainable_rzz_QLayers_5___seed_1_1761468207
6955008,1-Training-Losses/value_loss,0.008115180768072605,Pong1PQFM_XObs_entangled_trainable_rzz_QLayers_5___seed_1_1761468207
6959104,1-Training-Losses/value_loss,0.011459236033260822,Pong1PQFM_XObs_entangled_trainable_rzz_QLayers_5___seed_1_1761468207
6963200,1-Training-Losses/value_loss,0.011011295020580292,Pong1PQFM_XObs_entangled_trainable_rzz_QLayers_5___seed_1_1761468207
6967296,1-Training-Losses/value_loss,0.009888210333883762,Pong1PQFM_XObs_entangled_trainable_rzz_QLayers_5___seed_1_1761468207
6971392,1-Training-Losses/value_loss,0.006186469458043575,Pong1PQFM_XObs_entangled_trainable_rzz_QLayers_5___seed_1_1761468207
6975488,1-Training-Losses/value_loss,0.00914466567337513,Pong1PQFM_XObs_entangled_trainable_rzz_QLayers_5___seed_1_1761468207
6979584,1-Training-Losses/value_loss,0.008591961115598679,Pong1PQFM_XObs_entangled_trainable_rzz_QLayers_5___seed_1_1761468207
6983680,1-Training-Losses/value_loss,0.009642127901315689,Pong1PQFM_XObs_entangled_trainable_rzz_QLayers_5___seed_1_1761468207
6987776,1-Training-Losses/value_loss,0.00743810785934329,Pong1PQFM_XObs_entangled_trainable_rzz_QLayers_5___seed_1_1761468207
6991872,1-Training-Losses/value_loss,0.00821456778794527,Pong1PQFM_XObs_entangled_trainable_rzz_QLayers_5___seed_1_1761468207
6995968,1-Training-Losses/value_loss,0.007066225633025169,Pong1PQFM_XObs_entangled_trainable_rzz_QLayers_5___seed_1_1761468207
7000064,1-Training-Losses/value_loss,0.006592892110347748,Pong1PQFM_XObs_entangled_trainable_rzz_QLayers_5___seed_1_1761468207
7004160,1-Training-Losses/value_loss,0.011085135862231255,Pong1PQFM_XObs_entangled_trainable_rzz_QLayers_5___seed_1_1761468207
7008256,1-Training-Losses/value_loss,0.008297817781567574,Pong1PQFM_XObs_entangled_trainable_rzz_QLayers_5___seed_1_1761468207
7012352,1-Training-Losses/value_loss,0.0057367379777133465,Pong1PQFM_XObs_entangled_trainable_rzz_QLayers_5___seed_1_1761468207
7016448,1-Training-Losses/value_loss,0.0078646931797266,Pong1PQFM_XObs_entangled_trainable_rzz_QLayers_5___seed_1_1761468207
7020544,1-Training-Losses/value_loss,0.007302404381334782,Pong1PQFM_XObs_entangled_trainable_rzz_QLayers_5___seed_1_1761468207
7024640,1-Training-Losses/value_loss,0.005230208858847618,Pong1PQFM_XObs_entangled_trainable_rzz_QLayers_5___seed_1_1761468207
7028736,1-Training-Losses/value_loss,0.00974968634545803,Pong1PQFM_XObs_entangled_trainable_rzz_QLayers_5___seed_1_1761468207
7032832,1-Training-Losses/value_loss,0.0053140223026275635,Pong1PQFM_XObs_entangled_trainable_rzz_QLayers_5___seed_1_1761468207
7036928,1-Training-Losses/value_loss,0.00808100774884224,Pong1PQFM_XObs_entangled_trainable_rzz_QLayers_5___seed_1_1761468207
7041024,1-Training-Losses/value_loss,0.007783559616655111,Pong1PQFM_XObs_entangled_trainable_rzz_QLayers_5___seed_1_1761468207
7045120,1-Training-Losses/value_loss,0.0067089213989675045,Pong1PQFM_XObs_entangled_trainable_rzz_QLayers_5___seed_1_1761468207
7049216,1-Training-Losses/value_loss,0.006139679811894894,Pong1PQFM_XObs_entangled_trainable_rzz_QLayers_5___seed_1_1761468207
7053312,1-Training-Losses/value_loss,0.011541467159986496,Pong1PQFM_XObs_entangled_trainable_rzz_QLayers_5___seed_1_1761468207
7057408,1-Training-Losses/value_loss,0.003437262959778309,Pong1PQFM_XObs_entangled_trainable_rzz_QLayers_5___seed_1_1761468207
7061504,1-Training-Losses/value_loss,0.009724709205329418,Pong1PQFM_XObs_entangled_trainable_rzz_QLayers_5___seed_1_1761468207
7065600,1-Training-Losses/value_loss,0.011245287954807281,Pong1PQFM_XObs_entangled_trainable_rzz_QLayers_5___seed_1_1761468207
7069696,1-Training-Losses/value_loss,0.00985613651573658,Pong1PQFM_XObs_entangled_trainable_rzz_QLayers_5___seed_1_1761468207
7073792,1-Training-Losses/value_loss,0.012110527604818344,Pong1PQFM_XObs_entangled_trainable_rzz_QLayers_5___seed_1_1761468207
7077888,1-Training-Losses/value_loss,0.005307622719556093,Pong1PQFM_XObs_entangled_trainable_rzz_QLayers_5___seed_1_1761468207
7081984,1-Training-Losses/value_loss,0.008055019192397594,Pong1PQFM_XObs_entangled_trainable_rzz_QLayers_5___seed_1_1761468207
7086080,1-Training-Losses/value_loss,0.007776001468300819,Pong1PQFM_XObs_entangled_trainable_rzz_QLayers_5___seed_1_1761468207
7090176,1-Training-Losses/value_loss,0.007161932066082954,Pong1PQFM_XObs_entangled_trainable_rzz_QLayers_5___seed_1_1761468207
7094272,1-Training-Losses/value_loss,0.009600585326552391,Pong1PQFM_XObs_entangled_trainable_rzz_QLayers_5___seed_1_1761468207
7098368,1-Training-Losses/value_loss,0.005757556296885014,Pong1PQFM_XObs_entangled_trainable_rzz_QLayers_5___seed_1_1761468207
7102464,1-Training-Losses/value_loss,0.006733600981533527,Pong1PQFM_XObs_entangled_trainable_rzz_QLayers_5___seed_1_1761468207
7106560,1-Training-Losses/value_loss,0.010385708883404732,Pong1PQFM_XObs_entangled_trainable_rzz_QLayers_5___seed_1_1761468207
7110656,1-Training-Losses/value_loss,0.009561551734805107,Pong1PQFM_XObs_entangled_trainable_rzz_QLayers_5___seed_1_1761468207
7114752,1-Training-Losses/value_loss,0.005351674742996693,Pong1PQFM_XObs_entangled_trainable_rzz_QLayers_5___seed_1_1761468207
7118848,1-Training-Losses/value_loss,0.012089609168469906,Pong1PQFM_XObs_entangled_trainable_rzz_QLayers_5___seed_1_1761468207
7122944,1-Training-Losses/value_loss,0.007821396924555302,Pong1PQFM_XObs_entangled_trainable_rzz_QLayers_5___seed_1_1761468207
7127040,1-Training-Losses/value_loss,0.00529387965798378,Pong1PQFM_XObs_entangled_trainable_rzz_QLayers_5___seed_1_1761468207
7131136,1-Training-Losses/value_loss,0.007277120836079121,Pong1PQFM_XObs_entangled_trainable_rzz_QLayers_5___seed_1_1761468207
7135232,1-Training-Losses/value_loss,0.0051488629542291164,Pong1PQFM_XObs_entangled_trainable_rzz_QLayers_5___seed_1_1761468207
7139328,1-Training-Losses/value_loss,0.009447269141674042,Pong1PQFM_XObs_entangled_trainable_rzz_QLayers_5___seed_1_1761468207
7143424,1-Training-Losses/value_loss,0.006169116124510765,Pong1PQFM_XObs_entangled_trainable_rzz_QLayers_5___seed_1_1761468207
7147520,1-Training-Losses/value_loss,0.007010079920291901,Pong1PQFM_XObs_entangled_trainable_rzz_QLayers_5___seed_1_1761468207
7151616,1-Training-Losses/value_loss,0.005866818595677614,Pong1PQFM_XObs_entangled_trainable_rzz_QLayers_5___seed_1_1761468207
7155712,1-Training-Losses/value_loss,0.009524144232273102,Pong1PQFM_XObs_entangled_trainable_rzz_QLayers_5___seed_1_1761468207
7159808,1-Training-Losses/value_loss,0.006240080110728741,Pong1PQFM_XObs_entangled_trainable_rzz_QLayers_5___seed_1_1761468207
7163904,1-Training-Losses/value_loss,0.00593703705817461,Pong1PQFM_XObs_entangled_trainable_rzz_QLayers_5___seed_1_1761468207
7168000,1-Training-Losses/value_loss,0.00981409102678299,Pong1PQFM_XObs_entangled_trainable_rzz_QLayers_5___seed_1_1761468207
7172096,1-Training-Losses/value_loss,0.006576958578079939,Pong1PQFM_XObs_entangled_trainable_rzz_QLayers_5___seed_1_1761468207
7176192,1-Training-Losses/value_loss,0.006290285382419825,Pong1PQFM_XObs_entangled_trainable_rzz_QLayers_5___seed_1_1761468207
7180288,1-Training-Losses/value_loss,0.009078492410480976,Pong1PQFM_XObs_entangled_trainable_rzz_QLayers_5___seed_1_1761468207
7184384,1-Training-Losses/value_loss,0.004918848630040884,Pong1PQFM_XObs_entangled_trainable_rzz_QLayers_5___seed_1_1761468207
7188480,1-Training-Losses/value_loss,0.00804618839174509,Pong1PQFM_XObs_entangled_trainable_rzz_QLayers_5___seed_1_1761468207
7192576,1-Training-Losses/value_loss,0.008105359971523285,Pong1PQFM_XObs_entangled_trainable_rzz_QLayers_5___seed_1_1761468207
7196672,1-Training-Losses/value_loss,0.007236316334456205,Pong1PQFM_XObs_entangled_trainable_rzz_QLayers_5___seed_1_1761468207
7200768,1-Training-Losses/value_loss,0.007669384591281414,Pong1PQFM_XObs_entangled_trainable_rzz_QLayers_5___seed_1_1761468207
7204864,1-Training-Losses/value_loss,0.010311465710401535,Pong1PQFM_XObs_entangled_trainable_rzz_QLayers_5___seed_1_1761468207
7208960,1-Training-Losses/value_loss,0.0066284481436014175,Pong1PQFM_XObs_entangled_trainable_rzz_QLayers_5___seed_1_1761468207
7213056,1-Training-Losses/value_loss,0.0091932974755764,Pong1PQFM_XObs_entangled_trainable_rzz_QLayers_5___seed_1_1761468207
7217152,1-Training-Losses/value_loss,0.009507264010608196,Pong1PQFM_XObs_entangled_trainable_rzz_QLayers_5___seed_1_1761468207
7221248,1-Training-Losses/value_loss,0.0048129986971616745,Pong1PQFM_XObs_entangled_trainable_rzz_QLayers_5___seed_1_1761468207
7225344,1-Training-Losses/value_loss,0.00813128612935543,Pong1PQFM_XObs_entangled_trainable_rzz_QLayers_5___seed_1_1761468207
7229440,1-Training-Losses/value_loss,0.00875929743051529,Pong1PQFM_XObs_entangled_trainable_rzz_QLayers_5___seed_1_1761468207
7233536,1-Training-Losses/value_loss,0.006277181673794985,Pong1PQFM_XObs_entangled_trainable_rzz_QLayers_5___seed_1_1761468207
7237632,1-Training-Losses/value_loss,0.008158596232533455,Pong1PQFM_XObs_entangled_trainable_rzz_QLayers_5___seed_1_1761468207
7241728,1-Training-Losses/value_loss,0.004591203294694424,Pong1PQFM_XObs_entangled_trainable_rzz_QLayers_5___seed_1_1761468207
7245824,1-Training-Losses/value_loss,0.006906994618475437,Pong1PQFM_XObs_entangled_trainable_rzz_QLayers_5___seed_1_1761468207
7249920,1-Training-Losses/value_loss,0.008279124274849892,Pong1PQFM_XObs_entangled_trainable_rzz_QLayers_5___seed_1_1761468207
7254016,1-Training-Losses/value_loss,0.009168781340122223,Pong1PQFM_XObs_entangled_trainable_rzz_QLayers_5___seed_1_1761468207
7258112,1-Training-Losses/value_loss,0.004936605226248503,Pong1PQFM_XObs_entangled_trainable_rzz_QLayers_5___seed_1_1761468207
7262208,1-Training-Losses/value_loss,0.010585350915789604,Pong1PQFM_XObs_entangled_trainable_rzz_QLayers_5___seed_1_1761468207
7266304,1-Training-Losses/value_loss,0.007256916258484125,Pong1PQFM_XObs_entangled_trainable_rzz_QLayers_5___seed_1_1761468207
7270400,1-Training-Losses/value_loss,0.008127711713314056,Pong1PQFM_XObs_entangled_trainable_rzz_QLayers_5___seed_1_1761468207
7274496,1-Training-Losses/value_loss,0.006685197353363037,Pong1PQFM_XObs_entangled_trainable_rzz_QLayers_5___seed_1_1761468207
7278592,1-Training-Losses/value_loss,0.007634605281054974,Pong1PQFM_XObs_entangled_trainable_rzz_QLayers_5___seed_1_1761468207
7282688,1-Training-Losses/value_loss,0.005265327170491219,Pong1PQFM_XObs_entangled_trainable_rzz_QLayers_5___seed_1_1761468207
7286784,1-Training-Losses/value_loss,0.00604772474616766,Pong1PQFM_XObs_entangled_trainable_rzz_QLayers_5___seed_1_1761468207
7290880,1-Training-Losses/value_loss,0.0069925193674862385,Pong1PQFM_XObs_entangled_trainable_rzz_QLayers_5___seed_1_1761468207
7294976,1-Training-Losses/value_loss,0.006120158359408379,Pong1PQFM_XObs_entangled_trainable_rzz_QLayers_5___seed_1_1761468207
7299072,1-Training-Losses/value_loss,0.01247468777000904,Pong1PQFM_XObs_entangled_trainable_rzz_QLayers_5___seed_1_1761468207
7303168,1-Training-Losses/value_loss,0.0038280109874904156,Pong1PQFM_XObs_entangled_trainable_rzz_QLayers_5___seed_1_1761468207
7307264,1-Training-Losses/value_loss,0.006449485197663307,Pong1PQFM_XObs_entangled_trainable_rzz_QLayers_5___seed_1_1761468207
7311360,1-Training-Losses/value_loss,0.010687349364161491,Pong1PQFM_XObs_entangled_trainable_rzz_QLayers_5___seed_1_1761468207
7315456,1-Training-Losses/value_loss,0.0036305515095591545,Pong1PQFM_XObs_entangled_trainable_rzz_QLayers_5___seed_1_1761468207
7319552,1-Training-Losses/value_loss,0.010321022942662239,Pong1PQFM_XObs_entangled_trainable_rzz_QLayers_5___seed_1_1761468207
7323648,1-Training-Losses/value_loss,0.005523243919014931,Pong1PQFM_XObs_entangled_trainable_rzz_QLayers_5___seed_1_1761468207
7327744,1-Training-Losses/value_loss,0.009489089250564575,Pong1PQFM_XObs_entangled_trainable_rzz_QLayers_5___seed_1_1761468207
7331840,1-Training-Losses/value_loss,0.0073050339706242085,Pong1PQFM_XObs_entangled_trainable_rzz_QLayers_5___seed_1_1761468207
7335936,1-Training-Losses/value_loss,0.007249402813613415,Pong1PQFM_XObs_entangled_trainable_rzz_QLayers_5___seed_1_1761468207
7340032,1-Training-Losses/value_loss,0.00857857521623373,Pong1PQFM_XObs_entangled_trainable_rzz_QLayers_5___seed_1_1761468207
7344128,1-Training-Losses/value_loss,0.005798747297376394,Pong1PQFM_XObs_entangled_trainable_rzz_QLayers_5___seed_1_1761468207
7348224,1-Training-Losses/value_loss,0.0063465554267168045,Pong1PQFM_XObs_entangled_trainable_rzz_QLayers_5___seed_1_1761468207
7352320,1-Training-Losses/value_loss,0.00849355012178421,Pong1PQFM_XObs_entangled_trainable_rzz_QLayers_5___seed_1_1761468207
7356416,1-Training-Losses/value_loss,0.005636787973344326,Pong1PQFM_XObs_entangled_trainable_rzz_QLayers_5___seed_1_1761468207
7360512,1-Training-Losses/value_loss,0.006839956156909466,Pong1PQFM_XObs_entangled_trainable_rzz_QLayers_5___seed_1_1761468207
7364608,1-Training-Losses/value_loss,0.00695380475372076,Pong1PQFM_XObs_entangled_trainable_rzz_QLayers_5___seed_1_1761468207
7368704,1-Training-Losses/value_loss,0.005229382775723934,Pong1PQFM_XObs_entangled_trainable_rzz_QLayers_5___seed_1_1761468207
7372800,1-Training-Losses/value_loss,0.006466949358582497,Pong1PQFM_XObs_entangled_trainable_rzz_QLayers_5___seed_1_1761468207
7376896,1-Training-Losses/value_loss,0.004088537767529488,Pong1PQFM_XObs_entangled_trainable_rzz_QLayers_5___seed_1_1761468207
7380992,1-Training-Losses/value_loss,0.00765851978212595,Pong1PQFM_XObs_entangled_trainable_rzz_QLayers_5___seed_1_1761468207
7385088,1-Training-Losses/value_loss,0.005957991350442171,Pong1PQFM_XObs_entangled_trainable_rzz_QLayers_5___seed_1_1761468207
7389184,1-Training-Losses/value_loss,0.008238980546593666,Pong1PQFM_XObs_entangled_trainable_rzz_QLayers_5___seed_1_1761468207
7393280,1-Training-Losses/value_loss,0.009917454794049263,Pong1PQFM_XObs_entangled_trainable_rzz_QLayers_5___seed_1_1761468207
7397376,1-Training-Losses/value_loss,0.005496188532561064,Pong1PQFM_XObs_entangled_trainable_rzz_QLayers_5___seed_1_1761468207
7401472,1-Training-Losses/value_loss,0.008583673276007175,Pong1PQFM_XObs_entangled_trainable_rzz_QLayers_5___seed_1_1761468207
7405568,1-Training-Losses/value_loss,0.006772124208509922,Pong1PQFM_XObs_entangled_trainable_rzz_QLayers_5___seed_1_1761468207
7409664,1-Training-Losses/value_loss,0.007242863532155752,Pong1PQFM_XObs_entangled_trainable_rzz_QLayers_5___seed_1_1761468207
7413760,1-Training-Losses/value_loss,0.0070849331095814705,Pong1PQFM_XObs_entangled_trainable_rzz_QLayers_5___seed_1_1761468207
7417856,1-Training-Losses/value_loss,0.009021442383527756,Pong1PQFM_XObs_entangled_trainable_rzz_QLayers_5___seed_1_1761468207
7421952,1-Training-Losses/value_loss,0.006367985159158707,Pong1PQFM_XObs_entangled_trainable_rzz_QLayers_5___seed_1_1761468207
7426048,1-Training-Losses/value_loss,0.007671694736927748,Pong1PQFM_XObs_entangled_trainable_rzz_QLayers_5___seed_1_1761468207
7430144,1-Training-Losses/value_loss,0.008003019727766514,Pong1PQFM_XObs_entangled_trainable_rzz_QLayers_5___seed_1_1761468207
7434240,1-Training-Losses/value_loss,0.005319363437592983,Pong1PQFM_XObs_entangled_trainable_rzz_QLayers_5___seed_1_1761468207
7438336,1-Training-Losses/value_loss,0.008284610696136951,Pong1PQFM_XObs_entangled_trainable_rzz_QLayers_5___seed_1_1761468207
7442432,1-Training-Losses/value_loss,0.006404754240065813,Pong1PQFM_XObs_entangled_trainable_rzz_QLayers_5___seed_1_1761468207
7446528,1-Training-Losses/value_loss,0.007923508062958717,Pong1PQFM_XObs_entangled_trainable_rzz_QLayers_5___seed_1_1761468207
7450624,1-Training-Losses/value_loss,0.005699256435036659,Pong1PQFM_XObs_entangled_trainable_rzz_QLayers_5___seed_1_1761468207
7454720,1-Training-Losses/value_loss,0.006331148557364941,Pong1PQFM_XObs_entangled_trainable_rzz_QLayers_5___seed_1_1761468207
7458816,1-Training-Losses/value_loss,0.0034701302647590637,Pong1PQFM_XObs_entangled_trainable_rzz_QLayers_5___seed_1_1761468207
7462912,1-Training-Losses/value_loss,0.005876961164176464,Pong1PQFM_XObs_entangled_trainable_rzz_QLayers_5___seed_1_1761468207
7467008,1-Training-Losses/value_loss,0.006949109025299549,Pong1PQFM_XObs_entangled_trainable_rzz_QLayers_5___seed_1_1761468207
7471104,1-Training-Losses/value_loss,0.007837309502065182,Pong1PQFM_XObs_entangled_trainable_rzz_QLayers_5___seed_1_1761468207
7475200,1-Training-Losses/value_loss,0.00911952368915081,Pong1PQFM_XObs_entangled_trainable_rzz_QLayers_5___seed_1_1761468207
7479296,1-Training-Losses/value_loss,0.004663009196519852,Pong1PQFM_XObs_entangled_trainable_rzz_QLayers_5___seed_1_1761468207
7483392,1-Training-Losses/value_loss,0.00880504958331585,Pong1PQFM_XObs_entangled_trainable_rzz_QLayers_5___seed_1_1761468207
7487488,1-Training-Losses/value_loss,0.00716781010851264,Pong1PQFM_XObs_entangled_trainable_rzz_QLayers_5___seed_1_1761468207
7491584,1-Training-Losses/value_loss,0.010041749104857445,Pong1PQFM_XObs_entangled_trainable_rzz_QLayers_5___seed_1_1761468207
7495680,1-Training-Losses/value_loss,0.010160095058381557,Pong1PQFM_XObs_entangled_trainable_rzz_QLayers_5___seed_1_1761468207
7499776,1-Training-Losses/value_loss,0.0051401350647211075,Pong1PQFM_XObs_entangled_trainable_rzz_QLayers_5___seed_1_1761468207
7503872,1-Training-Losses/value_loss,0.0082590002566576,Pong1PQFM_XObs_entangled_trainable_rzz_QLayers_5___seed_1_1761468207
7507968,1-Training-Losses/value_loss,0.006799307651817799,Pong1PQFM_XObs_entangled_trainable_rzz_QLayers_5___seed_1_1761468207
7512064,1-Training-Losses/value_loss,0.004737531766295433,Pong1PQFM_XObs_entangled_trainable_rzz_QLayers_5___seed_1_1761468207
7516160,1-Training-Losses/value_loss,0.007614247966557741,Pong1PQFM_XObs_entangled_trainable_rzz_QLayers_5___seed_1_1761468207
7520256,1-Training-Losses/value_loss,0.005660324357450008,Pong1PQFM_XObs_entangled_trainable_rzz_QLayers_5___seed_1_1761468207
7524352,1-Training-Losses/value_loss,0.006308059673756361,Pong1PQFM_XObs_entangled_trainable_rzz_QLayers_5___seed_1_1761468207
7528448,1-Training-Losses/value_loss,0.0074720196425914764,Pong1PQFM_XObs_entangled_trainable_rzz_QLayers_5___seed_1_1761468207
7532544,1-Training-Losses/value_loss,0.007285866886377335,Pong1PQFM_XObs_entangled_trainable_rzz_QLayers_5___seed_1_1761468207
7536640,1-Training-Losses/value_loss,0.0055581359192729,Pong1PQFM_XObs_entangled_trainable_rzz_QLayers_5___seed_1_1761468207
7540736,1-Training-Losses/value_loss,0.006372126750648022,Pong1PQFM_XObs_entangled_trainable_rzz_QLayers_5___seed_1_1761468207
7544832,1-Training-Losses/value_loss,0.0048107001930475235,Pong1PQFM_XObs_entangled_trainable_rzz_QLayers_5___seed_1_1761468207
7548928,1-Training-Losses/value_loss,0.008217724971473217,Pong1PQFM_XObs_entangled_trainable_rzz_QLayers_5___seed_1_1761468207
7553024,1-Training-Losses/value_loss,0.010797834023833275,Pong1PQFM_XObs_entangled_trainable_rzz_QLayers_5___seed_1_1761468207
7557120,1-Training-Losses/value_loss,0.005378489848226309,Pong1PQFM_XObs_entangled_trainable_rzz_QLayers_5___seed_1_1761468207
7561216,1-Training-Losses/value_loss,0.006383097730576992,Pong1PQFM_XObs_entangled_trainable_rzz_QLayers_5___seed_1_1761468207
7565312,1-Training-Losses/value_loss,0.007909015752375126,Pong1PQFM_XObs_entangled_trainable_rzz_QLayers_5___seed_1_1761468207
7569408,1-Training-Losses/value_loss,0.009942425414919853,Pong1PQFM_XObs_entangled_trainable_rzz_QLayers_5___seed_1_1761468207
7573504,1-Training-Losses/value_loss,0.005246878135949373,Pong1PQFM_XObs_entangled_trainable_rzz_QLayers_5___seed_1_1761468207
7577600,1-Training-Losses/value_loss,0.006280290894210339,Pong1PQFM_XObs_entangled_trainable_rzz_QLayers_5___seed_1_1761468207
7581696,1-Training-Losses/value_loss,0.005523630417883396,Pong1PQFM_XObs_entangled_trainable_rzz_QLayers_5___seed_1_1761468207
7585792,1-Training-Losses/value_loss,0.006941952742636204,Pong1PQFM_XObs_entangled_trainable_rzz_QLayers_5___seed_1_1761468207
7589888,1-Training-Losses/value_loss,0.007130119949579239,Pong1PQFM_XObs_entangled_trainable_rzz_QLayers_5___seed_1_1761468207
7593984,1-Training-Losses/value_loss,0.0047956788912415504,Pong1PQFM_XObs_entangled_trainable_rzz_QLayers_5___seed_1_1761468207
7598080,1-Training-Losses/value_loss,0.007356251589953899,Pong1PQFM_XObs_entangled_trainable_rzz_QLayers_5___seed_1_1761468207
7602176,1-Training-Losses/value_loss,0.0032709436491131783,Pong1PQFM_XObs_entangled_trainable_rzz_QLayers_5___seed_1_1761468207
7606272,1-Training-Losses/value_loss,0.007883709855377674,Pong1PQFM_XObs_entangled_trainable_rzz_QLayers_5___seed_1_1761468207
7610368,1-Training-Losses/value_loss,0.007834352552890778,Pong1PQFM_XObs_entangled_trainable_rzz_QLayers_5___seed_1_1761468207
7614464,1-Training-Losses/value_loss,0.006840311922132969,Pong1PQFM_XObs_entangled_trainable_rzz_QLayers_5___seed_1_1761468207
7618560,1-Training-Losses/value_loss,0.008104539476335049,Pong1PQFM_XObs_entangled_trainable_rzz_QLayers_5___seed_1_1761468207
7622656,1-Training-Losses/value_loss,0.007623587269335985,Pong1PQFM_XObs_entangled_trainable_rzz_QLayers_5___seed_1_1761468207
7626752,1-Training-Losses/value_loss,0.0055476040579378605,Pong1PQFM_XObs_entangled_trainable_rzz_QLayers_5___seed_1_1761468207
7630848,1-Training-Losses/value_loss,0.0051420750096440315,Pong1PQFM_XObs_entangled_trainable_rzz_QLayers_5___seed_1_1761468207
7634944,1-Training-Losses/value_loss,0.0055400230921804905,Pong1PQFM_XObs_entangled_trainable_rzz_QLayers_5___seed_1_1761468207
7639040,1-Training-Losses/value_loss,0.00938321091234684,Pong1PQFM_XObs_entangled_trainable_rzz_QLayers_5___seed_1_1761468207
7643136,1-Training-Losses/value_loss,0.0075314403511583805,Pong1PQFM_XObs_entangled_trainable_rzz_QLayers_5___seed_1_1761468207
7647232,1-Training-Losses/value_loss,0.008456404320895672,Pong1PQFM_XObs_entangled_trainable_rzz_QLayers_5___seed_1_1761468207
7651328,1-Training-Losses/value_loss,0.0050521232187747955,Pong1PQFM_XObs_entangled_trainable_rzz_QLayers_5___seed_1_1761468207
7655424,1-Training-Losses/value_loss,0.009703266434371471,Pong1PQFM_XObs_entangled_trainable_rzz_QLayers_5___seed_1_1761468207
7659520,1-Training-Losses/value_loss,0.006812520325183868,Pong1PQFM_XObs_entangled_trainable_rzz_QLayers_5___seed_1_1761468207
7663616,1-Training-Losses/value_loss,0.00856919214129448,Pong1PQFM_XObs_entangled_trainable_rzz_QLayers_5___seed_1_1761468207
7667712,1-Training-Losses/value_loss,0.005549246445298195,Pong1PQFM_XObs_entangled_trainable_rzz_QLayers_5___seed_1_1761468207
7671808,1-Training-Losses/value_loss,0.006680892780423164,Pong1PQFM_XObs_entangled_trainable_rzz_QLayers_5___seed_1_1761468207
7675904,1-Training-Losses/value_loss,0.004314308520406485,Pong1PQFM_XObs_entangled_trainable_rzz_QLayers_5___seed_1_1761468207
7680000,1-Training-Losses/value_loss,0.0064194998703897,Pong1PQFM_XObs_entangled_trainable_rzz_QLayers_5___seed_1_1761468207
7684096,1-Training-Losses/value_loss,0.00568914320319891,Pong1PQFM_XObs_entangled_trainable_rzz_QLayers_5___seed_1_1761468207
7688192,1-Training-Losses/value_loss,0.008050878532230854,Pong1PQFM_XObs_entangled_trainable_rzz_QLayers_5___seed_1_1761468207
7692288,1-Training-Losses/value_loss,0.006640208885073662,Pong1PQFM_XObs_entangled_trainable_rzz_QLayers_5___seed_1_1761468207
7696384,1-Training-Losses/value_loss,0.008377868682146072,Pong1PQFM_XObs_entangled_trainable_rzz_QLayers_5___seed_1_1761468207
7700480,1-Training-Losses/value_loss,0.007702844217419624,Pong1PQFM_XObs_entangled_trainable_rzz_QLayers_5___seed_1_1761468207
7704576,1-Training-Losses/value_loss,0.0058808885514736176,Pong1PQFM_XObs_entangled_trainable_rzz_QLayers_5___seed_1_1761468207
7708672,1-Training-Losses/value_loss,0.009879490360617638,Pong1PQFM_XObs_entangled_trainable_rzz_QLayers_5___seed_1_1761468207
7712768,1-Training-Losses/value_loss,0.006514023989439011,Pong1PQFM_XObs_entangled_trainable_rzz_QLayers_5___seed_1_1761468207
7716864,1-Training-Losses/value_loss,0.0076615456491708755,Pong1PQFM_XObs_entangled_trainable_rzz_QLayers_5___seed_1_1761468207
7720960,1-Training-Losses/value_loss,0.006855185143649578,Pong1PQFM_XObs_entangled_trainable_rzz_QLayers_5___seed_1_1761468207
7725056,1-Training-Losses/value_loss,0.008126899600028992,Pong1PQFM_XObs_entangled_trainable_rzz_QLayers_5___seed_1_1761468207
7729152,1-Training-Losses/value_loss,0.005535927135497332,Pong1PQFM_XObs_entangled_trainable_rzz_QLayers_5___seed_1_1761468207
7733248,1-Training-Losses/value_loss,0.006954412907361984,Pong1PQFM_XObs_entangled_trainable_rzz_QLayers_5___seed_1_1761468207
7737344,1-Training-Losses/value_loss,0.00703306682407856,Pong1PQFM_XObs_entangled_trainable_rzz_QLayers_5___seed_1_1761468207
7741440,1-Training-Losses/value_loss,0.0058663166128098965,Pong1PQFM_XObs_entangled_trainable_rzz_QLayers_5___seed_1_1761468207
7745536,1-Training-Losses/value_loss,0.006523135583847761,Pong1PQFM_XObs_entangled_trainable_rzz_QLayers_5___seed_1_1761468207
7749632,1-Training-Losses/value_loss,0.007113780826330185,Pong1PQFM_XObs_entangled_trainable_rzz_QLayers_5___seed_1_1761468207
7753728,1-Training-Losses/value_loss,0.008983824402093887,Pong1PQFM_XObs_entangled_trainable_rzz_QLayers_5___seed_1_1761468207
7757824,1-Training-Losses/value_loss,0.007134836632758379,Pong1PQFM_XObs_entangled_trainable_rzz_QLayers_5___seed_1_1761468207
7761920,1-Training-Losses/value_loss,0.004458765033632517,Pong1PQFM_XObs_entangled_trainable_rzz_QLayers_5___seed_1_1761468207
7766016,1-Training-Losses/value_loss,0.009262565523386002,Pong1PQFM_XObs_entangled_trainable_rzz_QLayers_5___seed_1_1761468207
7770112,1-Training-Losses/value_loss,0.009926293045282364,Pong1PQFM_XObs_entangled_trainable_rzz_QLayers_5___seed_1_1761468207
7774208,1-Training-Losses/value_loss,0.0036399010568857193,Pong1PQFM_XObs_entangled_trainable_rzz_QLayers_5___seed_1_1761468207
7778304,1-Training-Losses/value_loss,0.005413916893303394,Pong1PQFM_XObs_entangled_trainable_rzz_QLayers_5___seed_1_1761468207
7782400,1-Training-Losses/value_loss,0.008154431357979774,Pong1PQFM_XObs_entangled_trainable_rzz_QLayers_5___seed_1_1761468207
7786496,1-Training-Losses/value_loss,0.006415113806724548,Pong1PQFM_XObs_entangled_trainable_rzz_QLayers_5___seed_1_1761468207
7790592,1-Training-Losses/value_loss,0.006400827318429947,Pong1PQFM_XObs_entangled_trainable_rzz_QLayers_5___seed_1_1761468207
7794688,1-Training-Losses/value_loss,0.006693326402455568,Pong1PQFM_XObs_entangled_trainable_rzz_QLayers_5___seed_1_1761468207
7798784,1-Training-Losses/value_loss,0.005258964374661446,Pong1PQFM_XObs_entangled_trainable_rzz_QLayers_5___seed_1_1761468207
7802880,1-Training-Losses/value_loss,0.009279878810048103,Pong1PQFM_XObs_entangled_trainable_rzz_QLayers_5___seed_1_1761468207
7806976,1-Training-Losses/value_loss,0.009979046881198883,Pong1PQFM_XObs_entangled_trainable_rzz_QLayers_5___seed_1_1761468207
7811072,1-Training-Losses/value_loss,0.005005809012800455,Pong1PQFM_XObs_entangled_trainable_rzz_QLayers_5___seed_1_1761468207
7815168,1-Training-Losses/value_loss,0.004921121522784233,Pong1PQFM_XObs_entangled_trainable_rzz_QLayers_5___seed_1_1761468207
7819264,1-Training-Losses/value_loss,0.007238454185426235,Pong1PQFM_XObs_entangled_trainable_rzz_QLayers_5___seed_1_1761468207
7823360,1-Training-Losses/value_loss,0.006958686746656895,Pong1PQFM_XObs_entangled_trainable_rzz_QLayers_5___seed_1_1761468207
7827456,1-Training-Losses/value_loss,0.006767497397959232,Pong1PQFM_XObs_entangled_trainable_rzz_QLayers_5___seed_1_1761468207
7831552,1-Training-Losses/value_loss,0.009959263727068901,Pong1PQFM_XObs_entangled_trainable_rzz_QLayers_5___seed_1_1761468207
7835648,1-Training-Losses/value_loss,0.007304397411644459,Pong1PQFM_XObs_entangled_trainable_rzz_QLayers_5___seed_1_1761468207
7839744,1-Training-Losses/value_loss,0.006638119928538799,Pong1PQFM_XObs_entangled_trainable_rzz_QLayers_5___seed_1_1761468207
7843840,1-Training-Losses/value_loss,0.006756641902029514,Pong1PQFM_XObs_entangled_trainable_rzz_QLayers_5___seed_1_1761468207
7847936,1-Training-Losses/value_loss,0.007175104692578316,Pong1PQFM_XObs_entangled_trainable_rzz_QLayers_5___seed_1_1761468207
7852032,1-Training-Losses/value_loss,0.0047385431826114655,Pong1PQFM_XObs_entangled_trainable_rzz_QLayers_5___seed_1_1761468207
7856128,1-Training-Losses/value_loss,0.009329009801149368,Pong1PQFM_XObs_entangled_trainable_rzz_QLayers_5___seed_1_1761468207
7860224,1-Training-Losses/value_loss,0.007323706056922674,Pong1PQFM_XObs_entangled_trainable_rzz_QLayers_5___seed_1_1761468207
7864320,1-Training-Losses/value_loss,0.00588308647274971,Pong1PQFM_XObs_entangled_trainable_rzz_QLayers_5___seed_1_1761468207
7868416,1-Training-Losses/value_loss,0.010557452216744423,Pong1PQFM_XObs_entangled_trainable_rzz_QLayers_5___seed_1_1761468207
7872512,1-Training-Losses/value_loss,0.007569979876279831,Pong1PQFM_XObs_entangled_trainable_rzz_QLayers_5___seed_1_1761468207
7876608,1-Training-Losses/value_loss,0.005677307955920696,Pong1PQFM_XObs_entangled_trainable_rzz_QLayers_5___seed_1_1761468207
7880704,1-Training-Losses/value_loss,0.0046315318904817104,Pong1PQFM_XObs_entangled_trainable_rzz_QLayers_5___seed_1_1761468207
7884800,1-Training-Losses/value_loss,0.00994763895869255,Pong1PQFM_XObs_entangled_trainable_rzz_QLayers_5___seed_1_1761468207
7888896,1-Training-Losses/value_loss,0.008902616798877716,Pong1PQFM_XObs_entangled_trainable_rzz_QLayers_5___seed_1_1761468207
7892992,1-Training-Losses/value_loss,0.005002905614674091,Pong1PQFM_XObs_entangled_trainable_rzz_QLayers_5___seed_1_1761468207
7897088,1-Training-Losses/value_loss,0.006889909505844116,Pong1PQFM_XObs_entangled_trainable_rzz_QLayers_5___seed_1_1761468207
7901184,1-Training-Losses/value_loss,0.0056558167561888695,Pong1PQFM_XObs_entangled_trainable_rzz_QLayers_5___seed_1_1761468207
7905280,1-Training-Losses/value_loss,0.006941027939319611,Pong1PQFM_XObs_entangled_trainable_rzz_QLayers_5___seed_1_1761468207
7909376,1-Training-Losses/value_loss,0.007512380369007587,Pong1PQFM_XObs_entangled_trainable_rzz_QLayers_5___seed_1_1761468207
7913472,1-Training-Losses/value_loss,0.008055963553488255,Pong1PQFM_XObs_entangled_trainable_rzz_QLayers_5___seed_1_1761468207
7917568,1-Training-Losses/value_loss,0.004734710790216923,Pong1PQFM_XObs_entangled_trainable_rzz_QLayers_5___seed_1_1761468207
7921664,1-Training-Losses/value_loss,0.008049728348851204,Pong1PQFM_XObs_entangled_trainable_rzz_QLayers_5___seed_1_1761468207
7925760,1-Training-Losses/value_loss,0.005966369062662125,Pong1PQFM_XObs_entangled_trainable_rzz_QLayers_5___seed_1_1761468207
7929856,1-Training-Losses/value_loss,0.00565732829272747,Pong1PQFM_XObs_entangled_trainable_rzz_QLayers_5___seed_1_1761468207
7933952,1-Training-Losses/value_loss,0.005613250657916069,Pong1PQFM_XObs_entangled_trainable_rzz_QLayers_5___seed_1_1761468207
7938048,1-Training-Losses/value_loss,0.005905927158892155,Pong1PQFM_XObs_entangled_trainable_rzz_QLayers_5___seed_1_1761468207
7942144,1-Training-Losses/value_loss,0.006098336540162563,Pong1PQFM_XObs_entangled_trainable_rzz_QLayers_5___seed_1_1761468207
7946240,1-Training-Losses/value_loss,0.00437098927795887,Pong1PQFM_XObs_entangled_trainable_rzz_QLayers_5___seed_1_1761468207
7950336,1-Training-Losses/value_loss,0.005845663137733936,Pong1PQFM_XObs_entangled_trainable_rzz_QLayers_5___seed_1_1761468207
7954432,1-Training-Losses/value_loss,0.005875392816960812,Pong1PQFM_XObs_entangled_trainable_rzz_QLayers_5___seed_1_1761468207
7958528,1-Training-Losses/value_loss,0.006199886091053486,Pong1PQFM_XObs_entangled_trainable_rzz_QLayers_5___seed_1_1761468207
7962624,1-Training-Losses/value_loss,0.006138941273093224,Pong1PQFM_XObs_entangled_trainable_rzz_QLayers_5___seed_1_1761468207
7966720,1-Training-Losses/value_loss,0.009291527792811394,Pong1PQFM_XObs_entangled_trainable_rzz_QLayers_5___seed_1_1761468207
7970816,1-Training-Losses/value_loss,0.008424795232713223,Pong1PQFM_XObs_entangled_trainable_rzz_QLayers_5___seed_1_1761468207
7974912,1-Training-Losses/value_loss,0.005530474707484245,Pong1PQFM_XObs_entangled_trainable_rzz_QLayers_5___seed_1_1761468207
7979008,1-Training-Losses/value_loss,0.005891481880098581,Pong1PQFM_XObs_entangled_trainable_rzz_QLayers_5___seed_1_1761468207
7983104,1-Training-Losses/value_loss,0.007622899021953344,Pong1PQFM_XObs_entangled_trainable_rzz_QLayers_5___seed_1_1761468207
7987200,1-Training-Losses/value_loss,0.006316222250461578,Pong1PQFM_XObs_entangled_trainable_rzz_QLayers_5___seed_1_1761468207
7991296,1-Training-Losses/value_loss,0.00957330409437418,Pong1PQFM_XObs_entangled_trainable_rzz_QLayers_5___seed_1_1761468207
7995392,1-Training-Losses/value_loss,0.007014748640358448,Pong1PQFM_XObs_entangled_trainable_rzz_QLayers_5___seed_1_1761468207
7999488,1-Training-Losses/value_loss,0.005385039374232292,Pong1PQFM_XObs_entangled_trainable_rzz_QLayers_5___seed_1_1761468207
8003584,1-Training-Losses/value_loss,0.006812945939600468,Pong1PQFM_XObs_entangled_trainable_rzz_QLayers_5___seed_1_1761468207
8007680,1-Training-Losses/value_loss,0.006270970683544874,Pong1PQFM_XObs_entangled_trainable_rzz_QLayers_5___seed_1_1761468207
8011776,1-Training-Losses/value_loss,0.0064837150275707245,Pong1PQFM_XObs_entangled_trainable_rzz_QLayers_5___seed_1_1761468207
8015872,1-Training-Losses/value_loss,0.006697759032249451,Pong1PQFM_XObs_entangled_trainable_rzz_QLayers_5___seed_1_1761468207
8019968,1-Training-Losses/value_loss,0.003343024989590049,Pong1PQFM_XObs_entangled_trainable_rzz_QLayers_5___seed_1_1761468207
8024064,1-Training-Losses/value_loss,0.006801112554967403,Pong1PQFM_XObs_entangled_trainable_rzz_QLayers_5___seed_1_1761468207
8028160,1-Training-Losses/value_loss,0.008594505488872528,Pong1PQFM_XObs_entangled_trainable_rzz_QLayers_5___seed_1_1761468207
8032256,1-Training-Losses/value_loss,0.0058101750910282135,Pong1PQFM_XObs_entangled_trainable_rzz_QLayers_5___seed_1_1761468207
8036352,1-Training-Losses/value_loss,0.006170203443616629,Pong1PQFM_XObs_entangled_trainable_rzz_QLayers_5___seed_1_1761468207
8040448,1-Training-Losses/value_loss,0.009248358197510242,Pong1PQFM_XObs_entangled_trainable_rzz_QLayers_5___seed_1_1761468207
8044544,1-Training-Losses/value_loss,0.0073678516782820225,Pong1PQFM_XObs_entangled_trainable_rzz_QLayers_5___seed_1_1761468207
8048640,1-Training-Losses/value_loss,0.0069641247391700745,Pong1PQFM_XObs_entangled_trainable_rzz_QLayers_5___seed_1_1761468207
8052736,1-Training-Losses/value_loss,0.007728549651801586,Pong1PQFM_XObs_entangled_trainable_rzz_QLayers_5___seed_1_1761468207
8056832,1-Training-Losses/value_loss,0.0052381642162799835,Pong1PQFM_XObs_entangled_trainable_rzz_QLayers_5___seed_1_1761468207
8060928,1-Training-Losses/value_loss,0.007240850478410721,Pong1PQFM_XObs_entangled_trainable_rzz_QLayers_5___seed_1_1761468207
8065024,1-Training-Losses/value_loss,0.006246414966881275,Pong1PQFM_XObs_entangled_trainable_rzz_QLayers_5___seed_1_1761468207
8069120,1-Training-Losses/value_loss,0.006190055049955845,Pong1PQFM_XObs_entangled_trainable_rzz_QLayers_5___seed_1_1761468207
8073216,1-Training-Losses/value_loss,0.008636017329990864,Pong1PQFM_XObs_entangled_trainable_rzz_QLayers_5___seed_1_1761468207
8077312,1-Training-Losses/value_loss,0.007432785350829363,Pong1PQFM_XObs_entangled_trainable_rzz_QLayers_5___seed_1_1761468207
8081408,1-Training-Losses/value_loss,0.004922271706163883,Pong1PQFM_XObs_entangled_trainable_rzz_QLayers_5___seed_1_1761468207
8085504,1-Training-Losses/value_loss,0.006270247511565685,Pong1PQFM_XObs_entangled_trainable_rzz_QLayers_5___seed_1_1761468207
8089600,1-Training-Losses/value_loss,0.008968937210738659,Pong1PQFM_XObs_entangled_trainable_rzz_QLayers_5___seed_1_1761468207
8093696,1-Training-Losses/value_loss,0.0053532542660832405,Pong1PQFM_XObs_entangled_trainable_rzz_QLayers_5___seed_1_1761468207
8097792,1-Training-Losses/value_loss,0.0028178123757243156,Pong1PQFM_XObs_entangled_trainable_rzz_QLayers_5___seed_1_1761468207
8101888,1-Training-Losses/value_loss,0.004449806641787291,Pong1PQFM_XObs_entangled_trainable_rzz_QLayers_5___seed_1_1761468207
8105984,1-Training-Losses/value_loss,0.009813296608626842,Pong1PQFM_XObs_entangled_trainable_rzz_QLayers_5___seed_1_1761468207
8110080,1-Training-Losses/value_loss,0.0073041426949203014,Pong1PQFM_XObs_entangled_trainable_rzz_QLayers_5___seed_1_1761468207
8114176,1-Training-Losses/value_loss,0.005052327178418636,Pong1PQFM_XObs_entangled_trainable_rzz_QLayers_5___seed_1_1761468207
8118272,1-Training-Losses/value_loss,0.003715969156473875,Pong1PQFM_XObs_entangled_trainable_rzz_QLayers_5___seed_1_1761468207
8122368,1-Training-Losses/value_loss,0.012064379639923573,Pong1PQFM_XObs_entangled_trainable_rzz_QLayers_5___seed_1_1761468207
8126464,1-Training-Losses/value_loss,0.004138682037591934,Pong1PQFM_XObs_entangled_trainable_rzz_QLayers_5___seed_1_1761468207
8130560,1-Training-Losses/value_loss,0.006304038688540459,Pong1PQFM_XObs_entangled_trainable_rzz_QLayers_5___seed_1_1761468207
8134656,1-Training-Losses/value_loss,0.005862209014594555,Pong1PQFM_XObs_entangled_trainable_rzz_QLayers_5___seed_1_1761468207
8138752,1-Training-Losses/value_loss,0.008156994357705116,Pong1PQFM_XObs_entangled_trainable_rzz_QLayers_5___seed_1_1761468207
8142848,1-Training-Losses/value_loss,0.007971351034939289,Pong1PQFM_XObs_entangled_trainable_rzz_QLayers_5___seed_1_1761468207
8146944,1-Training-Losses/value_loss,0.004882032983005047,Pong1PQFM_XObs_entangled_trainable_rzz_QLayers_5___seed_1_1761468207
8151040,1-Training-Losses/value_loss,0.008608425036072731,Pong1PQFM_XObs_entangled_trainable_rzz_QLayers_5___seed_1_1761468207
8155136,1-Training-Losses/value_loss,0.006497178692370653,Pong1PQFM_XObs_entangled_trainable_rzz_QLayers_5___seed_1_1761468207
8159232,1-Training-Losses/value_loss,0.006131511647254229,Pong1PQFM_XObs_entangled_trainable_rzz_QLayers_5___seed_1_1761468207
8163328,1-Training-Losses/value_loss,0.005605485290288925,Pong1PQFM_XObs_entangled_trainable_rzz_QLayers_5___seed_1_1761468207
8167424,1-Training-Losses/value_loss,0.006853630766272545,Pong1PQFM_XObs_entangled_trainable_rzz_QLayers_5___seed_1_1761468207
8171520,1-Training-Losses/value_loss,0.005116669461131096,Pong1PQFM_XObs_entangled_trainable_rzz_QLayers_5___seed_1_1761468207
8175616,1-Training-Losses/value_loss,0.005828569643199444,Pong1PQFM_XObs_entangled_trainable_rzz_QLayers_5___seed_1_1761468207
8179712,1-Training-Losses/value_loss,0.006668258458375931,Pong1PQFM_XObs_entangled_trainable_rzz_QLayers_5___seed_1_1761468207
8183808,1-Training-Losses/value_loss,0.00395326130092144,Pong1PQFM_XObs_entangled_trainable_rzz_QLayers_5___seed_1_1761468207
8187904,1-Training-Losses/value_loss,0.010113419033586979,Pong1PQFM_XObs_entangled_trainable_rzz_QLayers_5___seed_1_1761468207
8192000,1-Training-Losses/value_loss,0.005941549316048622,Pong1PQFM_XObs_entangled_trainable_rzz_QLayers_5___seed_1_1761468207
8196096,1-Training-Losses/value_loss,0.006310953758656979,Pong1PQFM_XObs_entangled_trainable_rzz_QLayers_5___seed_1_1761468207
8200192,1-Training-Losses/value_loss,0.004551872611045837,Pong1PQFM_XObs_entangled_trainable_rzz_QLayers_5___seed_1_1761468207
8204288,1-Training-Losses/value_loss,0.006236362271010876,Pong1PQFM_XObs_entangled_trainable_rzz_QLayers_5___seed_1_1761468207
8208384,1-Training-Losses/value_loss,0.0074879019521176815,Pong1PQFM_XObs_entangled_trainable_rzz_QLayers_5___seed_1_1761468207
8212480,1-Training-Losses/value_loss,0.0047597624361515045,Pong1PQFM_XObs_entangled_trainable_rzz_QLayers_5___seed_1_1761468207
8216576,1-Training-Losses/value_loss,0.0057707009837031364,Pong1PQFM_XObs_entangled_trainable_rzz_QLayers_5___seed_1_1761468207
8220672,1-Training-Losses/value_loss,0.008294899016618729,Pong1PQFM_XObs_entangled_trainable_rzz_QLayers_5___seed_1_1761468207
8224768,1-Training-Losses/value_loss,0.006082421168684959,Pong1PQFM_XObs_entangled_trainable_rzz_QLayers_5___seed_1_1761468207
8228864,1-Training-Losses/value_loss,0.00631964486092329,Pong1PQFM_XObs_entangled_trainable_rzz_QLayers_5___seed_1_1761468207
8232960,1-Training-Losses/value_loss,0.006111690774559975,Pong1PQFM_XObs_entangled_trainable_rzz_QLayers_5___seed_1_1761468207
8237056,1-Training-Losses/value_loss,0.005397818982601166,Pong1PQFM_XObs_entangled_trainable_rzz_QLayers_5___seed_1_1761468207
8241152,1-Training-Losses/value_loss,0.006008519325405359,Pong1PQFM_XObs_entangled_trainable_rzz_QLayers_5___seed_1_1761468207
8245248,1-Training-Losses/value_loss,0.0089506134390831,Pong1PQFM_XObs_entangled_trainable_rzz_QLayers_5___seed_1_1761468207
8249344,1-Training-Losses/value_loss,0.007106749340891838,Pong1PQFM_XObs_entangled_trainable_rzz_QLayers_5___seed_1_1761468207
8253440,1-Training-Losses/value_loss,0.003233532886952162,Pong1PQFM_XObs_entangled_trainable_rzz_QLayers_5___seed_1_1761468207
8257536,1-Training-Losses/value_loss,0.008655468001961708,Pong1PQFM_XObs_entangled_trainable_rzz_QLayers_5___seed_1_1761468207
8261632,1-Training-Losses/value_loss,0.0075016627088189125,Pong1PQFM_XObs_entangled_trainable_rzz_QLayers_5___seed_1_1761468207
8265728,1-Training-Losses/value_loss,0.00664169667288661,Pong1PQFM_XObs_entangled_trainable_rzz_QLayers_5___seed_1_1761468207
8269824,1-Training-Losses/value_loss,0.008678359910845757,Pong1PQFM_XObs_entangled_trainable_rzz_QLayers_5___seed_1_1761468207
8273920,1-Training-Losses/value_loss,0.00466848723590374,Pong1PQFM_XObs_entangled_trainable_rzz_QLayers_5___seed_1_1761468207
8278016,1-Training-Losses/value_loss,0.005952823907136917,Pong1PQFM_XObs_entangled_trainable_rzz_QLayers_5___seed_1_1761468207
8282112,1-Training-Losses/value_loss,0.006925320252776146,Pong1PQFM_XObs_entangled_trainable_rzz_QLayers_5___seed_1_1761468207
8286208,1-Training-Losses/value_loss,0.005608120001852512,Pong1PQFM_XObs_entangled_trainable_rzz_QLayers_5___seed_1_1761468207
8290304,1-Training-Losses/value_loss,0.005969388876110315,Pong1PQFM_XObs_entangled_trainable_rzz_QLayers_5___seed_1_1761468207
8294400,1-Training-Losses/value_loss,0.00484946696087718,Pong1PQFM_XObs_entangled_trainable_rzz_QLayers_5___seed_1_1761468207
8298496,1-Training-Losses/value_loss,0.004546455107629299,Pong1PQFM_XObs_entangled_trainable_rzz_QLayers_5___seed_1_1761468207
8302592,1-Training-Losses/value_loss,0.004239381290972233,Pong1PQFM_XObs_entangled_trainable_rzz_QLayers_5___seed_1_1761468207
8306688,1-Training-Losses/value_loss,0.005820821039378643,Pong1PQFM_XObs_entangled_trainable_rzz_QLayers_5___seed_1_1761468207
8310784,1-Training-Losses/value_loss,0.003356034168973565,Pong1PQFM_XObs_entangled_trainable_rzz_QLayers_5___seed_1_1761468207
8314880,1-Training-Losses/value_loss,0.007178155705332756,Pong1PQFM_XObs_entangled_trainable_rzz_QLayers_5___seed_1_1761468207
8318976,1-Training-Losses/value_loss,0.012079650536179543,Pong1PQFM_XObs_entangled_trainable_rzz_QLayers_5___seed_1_1761468207
8323072,1-Training-Losses/value_loss,0.007322180084884167,Pong1PQFM_XObs_entangled_trainable_rzz_QLayers_5___seed_1_1761468207
8327168,1-Training-Losses/value_loss,0.004574316553771496,Pong1PQFM_XObs_entangled_trainable_rzz_QLayers_5___seed_1_1761468207
8331264,1-Training-Losses/value_loss,0.007366270758211613,Pong1PQFM_XObs_entangled_trainable_rzz_QLayers_5___seed_1_1761468207
8335360,1-Training-Losses/value_loss,0.006374269258230925,Pong1PQFM_XObs_entangled_trainable_rzz_QLayers_5___seed_1_1761468207
8339456,1-Training-Losses/value_loss,0.007008260115981102,Pong1PQFM_XObs_entangled_trainable_rzz_QLayers_5___seed_1_1761468207
8343552,1-Training-Losses/value_loss,0.006821366026997566,Pong1PQFM_XObs_entangled_trainable_rzz_QLayers_5___seed_1_1761468207
8347648,1-Training-Losses/value_loss,0.00816335342824459,Pong1PQFM_XObs_entangled_trainable_rzz_QLayers_5___seed_1_1761468207
8351744,1-Training-Losses/value_loss,0.006498067639768124,Pong1PQFM_XObs_entangled_trainable_rzz_QLayers_5___seed_1_1761468207
8355840,1-Training-Losses/value_loss,0.006250424776226282,Pong1PQFM_XObs_entangled_trainable_rzz_QLayers_5___seed_1_1761468207
8359936,1-Training-Losses/value_loss,0.0071207452565431595,Pong1PQFM_XObs_entangled_trainable_rzz_QLayers_5___seed_1_1761468207
8364032,1-Training-Losses/value_loss,0.010485531762242317,Pong1PQFM_XObs_entangled_trainable_rzz_QLayers_5___seed_1_1761468207
8368128,1-Training-Losses/value_loss,0.006522637326270342,Pong1PQFM_XObs_entangled_trainable_rzz_QLayers_5___seed_1_1761468207
8372224,1-Training-Losses/value_loss,0.004897870123386383,Pong1PQFM_XObs_entangled_trainable_rzz_QLayers_5___seed_1_1761468207
8376320,1-Training-Losses/value_loss,0.003987345844507217,Pong1PQFM_XObs_entangled_trainable_rzz_QLayers_5___seed_1_1761468207
8380416,1-Training-Losses/value_loss,0.0061546312645077705,Pong1PQFM_XObs_entangled_trainable_rzz_QLayers_5___seed_1_1761468207
8384512,1-Training-Losses/value_loss,0.008970264345407486,Pong1PQFM_XObs_entangled_trainable_rzz_QLayers_5___seed_1_1761468207
8388608,1-Training-Losses/value_loss,0.005526069551706314,Pong1PQFM_XObs_entangled_trainable_rzz_QLayers_5___seed_1_1761468207
8392704,1-Training-Losses/value_loss,0.007826033979654312,Pong1PQFM_XObs_entangled_trainable_rzz_QLayers_5___seed_1_1761468207
8396800,1-Training-Losses/value_loss,0.0064326003193855286,Pong1PQFM_XObs_entangled_trainable_rzz_QLayers_5___seed_1_1761468207
8400896,1-Training-Losses/value_loss,0.004329266957938671,Pong1PQFM_XObs_entangled_trainable_rzz_QLayers_5___seed_1_1761468207
8404992,1-Training-Losses/value_loss,0.0076815905049443245,Pong1PQFM_XObs_entangled_trainable_rzz_QLayers_5___seed_1_1761468207
8409088,1-Training-Losses/value_loss,0.008775771595537663,Pong1PQFM_XObs_entangled_trainable_rzz_QLayers_5___seed_1_1761468207
8413184,1-Training-Losses/value_loss,0.008464811369776726,Pong1PQFM_XObs_entangled_trainable_rzz_QLayers_5___seed_1_1761468207
8417280,1-Training-Losses/value_loss,0.006058013532310724,Pong1PQFM_XObs_entangled_trainable_rzz_QLayers_5___seed_1_1761468207
8421376,1-Training-Losses/value_loss,0.005663629621267319,Pong1PQFM_XObs_entangled_trainable_rzz_QLayers_5___seed_1_1761468207
8425472,1-Training-Losses/value_loss,0.008614568039774895,Pong1PQFM_XObs_entangled_trainable_rzz_QLayers_5___seed_1_1761468207
8429568,1-Training-Losses/value_loss,0.005917247384786606,Pong1PQFM_XObs_entangled_trainable_rzz_QLayers_5___seed_1_1761468207
8433664,1-Training-Losses/value_loss,0.005276339594274759,Pong1PQFM_XObs_entangled_trainable_rzz_QLayers_5___seed_1_1761468207
8437760,1-Training-Losses/value_loss,0.006425532046705484,Pong1PQFM_XObs_entangled_trainable_rzz_QLayers_5___seed_1_1761468207
8441856,1-Training-Losses/value_loss,0.004954962991178036,Pong1PQFM_XObs_entangled_trainable_rzz_QLayers_5___seed_1_1761468207
8445952,1-Training-Losses/value_loss,0.007908841595053673,Pong1PQFM_XObs_entangled_trainable_rzz_QLayers_5___seed_1_1761468207
8450048,1-Training-Losses/value_loss,0.008296985179185867,Pong1PQFM_XObs_entangled_trainable_rzz_QLayers_5___seed_1_1761468207
8454144,1-Training-Losses/value_loss,0.0054228054359555244,Pong1PQFM_XObs_entangled_trainable_rzz_QLayers_5___seed_1_1761468207
8458240,1-Training-Losses/value_loss,0.0026926184073090553,Pong1PQFM_XObs_entangled_trainable_rzz_QLayers_5___seed_1_1761468207
8462336,1-Training-Losses/value_loss,0.007810050155967474,Pong1PQFM_XObs_entangled_trainable_rzz_QLayers_5___seed_1_1761468207
8466432,1-Training-Losses/value_loss,0.009770814329385757,Pong1PQFM_XObs_entangled_trainable_rzz_QLayers_5___seed_1_1761468207
8470528,1-Training-Losses/value_loss,0.0034908249508589506,Pong1PQFM_XObs_entangled_trainable_rzz_QLayers_5___seed_1_1761468207
8474624,1-Training-Losses/value_loss,0.0038489457219839096,Pong1PQFM_XObs_entangled_trainable_rzz_QLayers_5___seed_1_1761468207
8478720,1-Training-Losses/value_loss,0.007801347877830267,Pong1PQFM_XObs_entangled_trainable_rzz_QLayers_5___seed_1_1761468207
8482816,1-Training-Losses/value_loss,0.005889222025871277,Pong1PQFM_XObs_entangled_trainable_rzz_QLayers_5___seed_1_1761468207
8486912,1-Training-Losses/value_loss,0.009490987285971642,Pong1PQFM_XObs_entangled_trainable_rzz_QLayers_5___seed_1_1761468207
8491008,1-Training-Losses/value_loss,0.004435305949300528,Pong1PQFM_XObs_entangled_trainable_rzz_QLayers_5___seed_1_1761468207
8495104,1-Training-Losses/value_loss,0.008577587082982063,Pong1PQFM_XObs_entangled_trainable_rzz_QLayers_5___seed_1_1761468207
8499200,1-Training-Losses/value_loss,0.006250282283872366,Pong1PQFM_XObs_entangled_trainable_rzz_QLayers_5___seed_1_1761468207
8503296,1-Training-Losses/value_loss,0.007128927856683731,Pong1PQFM_XObs_entangled_trainable_rzz_QLayers_5___seed_1_1761468207
8507392,1-Training-Losses/value_loss,0.007627543993294239,Pong1PQFM_XObs_entangled_trainable_rzz_QLayers_5___seed_1_1761468207
8511488,1-Training-Losses/value_loss,0.004947989247739315,Pong1PQFM_XObs_entangled_trainable_rzz_QLayers_5___seed_1_1761468207
8515584,1-Training-Losses/value_loss,0.004476543050259352,Pong1PQFM_XObs_entangled_trainable_rzz_QLayers_5___seed_1_1761468207
8519680,1-Training-Losses/value_loss,0.0068385181948542595,Pong1PQFM_XObs_entangled_trainable_rzz_QLayers_5___seed_1_1761468207
8523776,1-Training-Losses/value_loss,0.0072612762451171875,Pong1PQFM_XObs_entangled_trainable_rzz_QLayers_5___seed_1_1761468207
8527872,1-Training-Losses/value_loss,0.006757739931344986,Pong1PQFM_XObs_entangled_trainable_rzz_QLayers_5___seed_1_1761468207
8531968,1-Training-Losses/value_loss,0.008967844769358635,Pong1PQFM_XObs_entangled_trainable_rzz_QLayers_5___seed_1_1761468207
8536064,1-Training-Losses/value_loss,0.007614921312779188,Pong1PQFM_XObs_entangled_trainable_rzz_QLayers_5___seed_1_1761468207
8540160,1-Training-Losses/value_loss,0.005341540090739727,Pong1PQFM_XObs_entangled_trainable_rzz_QLayers_5___seed_1_1761468207
8544256,1-Training-Losses/value_loss,0.005895290058106184,Pong1PQFM_XObs_entangled_trainable_rzz_QLayers_5___seed_1_1761468207
8548352,1-Training-Losses/value_loss,0.008588872849941254,Pong1PQFM_XObs_entangled_trainable_rzz_QLayers_5___seed_1_1761468207
8552448,1-Training-Losses/value_loss,0.007057878188788891,Pong1PQFM_XObs_entangled_trainable_rzz_QLayers_5___seed_1_1761468207
8556544,1-Training-Losses/value_loss,0.008698249235749245,Pong1PQFM_XObs_entangled_trainable_rzz_QLayers_5___seed_1_1761468207
8560640,1-Training-Losses/value_loss,0.00767264049500227,Pong1PQFM_XObs_entangled_trainable_rzz_QLayers_5___seed_1_1761468207
8564736,1-Training-Losses/value_loss,0.007071209140121937,Pong1PQFM_XObs_entangled_trainable_rzz_QLayers_5___seed_1_1761468207
8568832,1-Training-Losses/value_loss,0.005511545576155186,Pong1PQFM_XObs_entangled_trainable_rzz_QLayers_5___seed_1_1761468207
8572928,1-Training-Losses/value_loss,0.006150341592729092,Pong1PQFM_XObs_entangled_trainable_rzz_QLayers_5___seed_1_1761468207
8577024,1-Training-Losses/value_loss,0.004359458573162556,Pong1PQFM_XObs_entangled_trainable_rzz_QLayers_5___seed_1_1761468207
8581120,1-Training-Losses/value_loss,0.0061646997928619385,Pong1PQFM_XObs_entangled_trainable_rzz_QLayers_5___seed_1_1761468207
8585216,1-Training-Losses/value_loss,0.006324920803308487,Pong1PQFM_XObs_entangled_trainable_rzz_QLayers_5___seed_1_1761468207
8589312,1-Training-Losses/value_loss,0.008443821221590042,Pong1PQFM_XObs_entangled_trainable_rzz_QLayers_5___seed_1_1761468207
8593408,1-Training-Losses/value_loss,0.007983735762536526,Pong1PQFM_XObs_entangled_trainable_rzz_QLayers_5___seed_1_1761468207
8597504,1-Training-Losses/value_loss,0.00454644113779068,Pong1PQFM_XObs_entangled_trainable_rzz_QLayers_5___seed_1_1761468207
8601600,1-Training-Losses/value_loss,0.0056846714578568935,Pong1PQFM_XObs_entangled_trainable_rzz_QLayers_5___seed_1_1761468207
8605696,1-Training-Losses/value_loss,0.006698519457131624,Pong1PQFM_XObs_entangled_trainable_rzz_QLayers_5___seed_1_1761468207
8609792,1-Training-Losses/value_loss,0.00558997318148613,Pong1PQFM_XObs_entangled_trainable_rzz_QLayers_5___seed_1_1761468207
8613888,1-Training-Losses/value_loss,0.011021208018064499,Pong1PQFM_XObs_entangled_trainable_rzz_QLayers_5___seed_1_1761468207
8617984,1-Training-Losses/value_loss,0.008255358785390854,Pong1PQFM_XObs_entangled_trainable_rzz_QLayers_5___seed_1_1761468207
8622080,1-Training-Losses/value_loss,0.006323832552880049,Pong1PQFM_XObs_entangled_trainable_rzz_QLayers_5___seed_1_1761468207
8626176,1-Training-Losses/value_loss,0.0077966488897800446,Pong1PQFM_XObs_entangled_trainable_rzz_QLayers_5___seed_1_1761468207
8630272,1-Training-Losses/value_loss,0.0032377345487475395,Pong1PQFM_XObs_entangled_trainable_rzz_QLayers_5___seed_1_1761468207
8634368,1-Training-Losses/value_loss,0.00799308717250824,Pong1PQFM_XObs_entangled_trainable_rzz_QLayers_5___seed_1_1761468207
8638464,1-Training-Losses/value_loss,0.007061873562633991,Pong1PQFM_XObs_entangled_trainable_rzz_QLayers_5___seed_1_1761468207
8642560,1-Training-Losses/value_loss,0.007751292549073696,Pong1PQFM_XObs_entangled_trainable_rzz_QLayers_5___seed_1_1761468207
8646656,1-Training-Losses/value_loss,0.007636850234121084,Pong1PQFM_XObs_entangled_trainable_rzz_QLayers_5___seed_1_1761468207
8650752,1-Training-Losses/value_loss,0.009732285514473915,Pong1PQFM_XObs_entangled_trainable_rzz_QLayers_5___seed_1_1761468207
8654848,1-Training-Losses/value_loss,0.004296201281249523,Pong1PQFM_XObs_entangled_trainable_rzz_QLayers_5___seed_1_1761468207
8658944,1-Training-Losses/value_loss,0.007463357876986265,Pong1PQFM_XObs_entangled_trainable_rzz_QLayers_5___seed_1_1761468207
8663040,1-Training-Losses/value_loss,0.006751393899321556,Pong1PQFM_XObs_entangled_trainable_rzz_QLayers_5___seed_1_1761468207
8667136,1-Training-Losses/value_loss,0.004382788203656673,Pong1PQFM_XObs_entangled_trainable_rzz_QLayers_5___seed_1_1761468207
8671232,1-Training-Losses/value_loss,0.007131699472665787,Pong1PQFM_XObs_entangled_trainable_rzz_QLayers_5___seed_1_1761468207
8675328,1-Training-Losses/value_loss,0.0068121785297989845,Pong1PQFM_XObs_entangled_trainable_rzz_QLayers_5___seed_1_1761468207
8679424,1-Training-Losses/value_loss,0.006253678817301989,Pong1PQFM_XObs_entangled_trainable_rzz_QLayers_5___seed_1_1761468207
8683520,1-Training-Losses/value_loss,0.004274659790098667,Pong1PQFM_XObs_entangled_trainable_rzz_QLayers_5___seed_1_1761468207
8687616,1-Training-Losses/value_loss,0.0061303116381168365,Pong1PQFM_XObs_entangled_trainable_rzz_QLayers_5___seed_1_1761468207
8691712,1-Training-Losses/value_loss,0.006084672641009092,Pong1PQFM_XObs_entangled_trainable_rzz_QLayers_5___seed_1_1761468207
8695808,1-Training-Losses/value_loss,0.0061245085671544075,Pong1PQFM_XObs_entangled_trainable_rzz_QLayers_5___seed_1_1761468207
8699904,1-Training-Losses/value_loss,0.006941474974155426,Pong1PQFM_XObs_entangled_trainable_rzz_QLayers_5___seed_1_1761468207
8704000,1-Training-Losses/value_loss,0.005192162469029427,Pong1PQFM_XObs_entangled_trainable_rzz_QLayers_5___seed_1_1761468207
8708096,1-Training-Losses/value_loss,0.005503408145159483,Pong1PQFM_XObs_entangled_trainable_rzz_QLayers_5___seed_1_1761468207
8712192,1-Training-Losses/value_loss,0.00760544603690505,Pong1PQFM_XObs_entangled_trainable_rzz_QLayers_5___seed_1_1761468207
8716288,1-Training-Losses/value_loss,0.005475825630128384,Pong1PQFM_XObs_entangled_trainable_rzz_QLayers_5___seed_1_1761468207
8720384,1-Training-Losses/value_loss,0.005678507499396801,Pong1PQFM_XObs_entangled_trainable_rzz_QLayers_5___seed_1_1761468207
8724480,1-Training-Losses/value_loss,0.004293764941394329,Pong1PQFM_XObs_entangled_trainable_rzz_QLayers_5___seed_1_1761468207
8728576,1-Training-Losses/value_loss,0.006434998475015163,Pong1PQFM_XObs_entangled_trainable_rzz_QLayers_5___seed_1_1761468207
8732672,1-Training-Losses/value_loss,0.00669482909142971,Pong1PQFM_XObs_entangled_trainable_rzz_QLayers_5___seed_1_1761468207
8736768,1-Training-Losses/value_loss,0.004838171880692244,Pong1PQFM_XObs_entangled_trainable_rzz_QLayers_5___seed_1_1761468207
8740864,1-Training-Losses/value_loss,0.005195528734475374,Pong1PQFM_XObs_entangled_trainable_rzz_QLayers_5___seed_1_1761468207
8744960,1-Training-Losses/value_loss,0.009030249901115894,Pong1PQFM_XObs_entangled_trainable_rzz_QLayers_5___seed_1_1761468207
8749056,1-Training-Losses/value_loss,0.005110546480864286,Pong1PQFM_XObs_entangled_trainable_rzz_QLayers_5___seed_1_1761468207
8753152,1-Training-Losses/value_loss,0.00414734473451972,Pong1PQFM_XObs_entangled_trainable_rzz_QLayers_5___seed_1_1761468207
8757248,1-Training-Losses/value_loss,0.006188766565173864,Pong1PQFM_XObs_entangled_trainable_rzz_QLayers_5___seed_1_1761468207
8761344,1-Training-Losses/value_loss,0.009080847725272179,Pong1PQFM_XObs_entangled_trainable_rzz_QLayers_5___seed_1_1761468207
8765440,1-Training-Losses/value_loss,0.005389906466007233,Pong1PQFM_XObs_entangled_trainable_rzz_QLayers_5___seed_1_1761468207
8769536,1-Training-Losses/value_loss,0.00742463581264019,Pong1PQFM_XObs_entangled_trainable_rzz_QLayers_5___seed_1_1761468207
8773632,1-Training-Losses/value_loss,0.00543841440230608,Pong1PQFM_XObs_entangled_trainable_rzz_QLayers_5___seed_1_1761468207
8777728,1-Training-Losses/value_loss,0.006235781125724316,Pong1PQFM_XObs_entangled_trainable_rzz_QLayers_5___seed_1_1761468207
8781824,1-Training-Losses/value_loss,0.005514083430171013,Pong1PQFM_XObs_entangled_trainable_rzz_QLayers_5___seed_1_1761468207
8785920,1-Training-Losses/value_loss,0.004651886411011219,Pong1PQFM_XObs_entangled_trainable_rzz_QLayers_5___seed_1_1761468207
8790016,1-Training-Losses/value_loss,0.006708203349262476,Pong1PQFM_XObs_entangled_trainable_rzz_QLayers_5___seed_1_1761468207
8794112,1-Training-Losses/value_loss,0.007143481634557247,Pong1PQFM_XObs_entangled_trainable_rzz_QLayers_5___seed_1_1761468207
8798208,1-Training-Losses/value_loss,0.004176794085651636,Pong1PQFM_XObs_entangled_trainable_rzz_QLayers_5___seed_1_1761468207
8802304,1-Training-Losses/value_loss,0.0068738325498998165,Pong1PQFM_XObs_entangled_trainable_rzz_QLayers_5___seed_1_1761468207
8806400,1-Training-Losses/value_loss,0.005622303579002619,Pong1PQFM_XObs_entangled_trainable_rzz_QLayers_5___seed_1_1761468207
8810496,1-Training-Losses/value_loss,0.006952229887247086,Pong1PQFM_XObs_entangled_trainable_rzz_QLayers_5___seed_1_1761468207
8814592,1-Training-Losses/value_loss,0.007118941284716129,Pong1PQFM_XObs_entangled_trainable_rzz_QLayers_5___seed_1_1761468207
8818688,1-Training-Losses/value_loss,0.008821375668048859,Pong1PQFM_XObs_entangled_trainable_rzz_QLayers_5___seed_1_1761468207
8822784,1-Training-Losses/value_loss,0.010151801630854607,Pong1PQFM_XObs_entangled_trainable_rzz_QLayers_5___seed_1_1761468207
8826880,1-Training-Losses/value_loss,0.0056662424467504025,Pong1PQFM_XObs_entangled_trainable_rzz_QLayers_5___seed_1_1761468207
8830976,1-Training-Losses/value_loss,0.0059746382758021355,Pong1PQFM_XObs_entangled_trainable_rzz_QLayers_5___seed_1_1761468207
8835072,1-Training-Losses/value_loss,0.009457895532250404,Pong1PQFM_XObs_entangled_trainable_rzz_QLayers_5___seed_1_1761468207
8839168,1-Training-Losses/value_loss,0.006440937984734774,Pong1PQFM_XObs_entangled_trainable_rzz_QLayers_5___seed_1_1761468207
8843264,1-Training-Losses/value_loss,0.004985041916370392,Pong1PQFM_XObs_entangled_trainable_rzz_QLayers_5___seed_1_1761468207
8847360,1-Training-Losses/value_loss,0.0067333048209548,Pong1PQFM_XObs_entangled_trainable_rzz_QLayers_5___seed_1_1761468207
8851456,1-Training-Losses/value_loss,0.0037755712401121855,Pong1PQFM_XObs_entangled_trainable_rzz_QLayers_5___seed_1_1761468207
8855552,1-Training-Losses/value_loss,0.006605912931263447,Pong1PQFM_XObs_entangled_trainable_rzz_QLayers_5___seed_1_1761468207
8859648,1-Training-Losses/value_loss,0.008328136056661606,Pong1PQFM_XObs_entangled_trainable_rzz_QLayers_5___seed_1_1761468207
8863744,1-Training-Losses/value_loss,0.0064784991554915905,Pong1PQFM_XObs_entangled_trainable_rzz_QLayers_5___seed_1_1761468207
8867840,1-Training-Losses/value_loss,0.0050247060135006905,Pong1PQFM_XObs_entangled_trainable_rzz_QLayers_5___seed_1_1761468207
8871936,1-Training-Losses/value_loss,0.007928516715765,Pong1PQFM_XObs_entangled_trainable_rzz_QLayers_5___seed_1_1761468207
8876032,1-Training-Losses/value_loss,0.008707094006240368,Pong1PQFM_XObs_entangled_trainable_rzz_QLayers_5___seed_1_1761468207
8880128,1-Training-Losses/value_loss,0.006735572125762701,Pong1PQFM_XObs_entangled_trainable_rzz_QLayers_5___seed_1_1761468207
8884224,1-Training-Losses/value_loss,0.006598996929824352,Pong1PQFM_XObs_entangled_trainable_rzz_QLayers_5___seed_1_1761468207
8888320,1-Training-Losses/value_loss,0.006713745184242725,Pong1PQFM_XObs_entangled_trainable_rzz_QLayers_5___seed_1_1761468207
8892416,1-Training-Losses/value_loss,0.007294108159840107,Pong1PQFM_XObs_entangled_trainable_rzz_QLayers_5___seed_1_1761468207
8896512,1-Training-Losses/value_loss,0.005654754117131233,Pong1PQFM_XObs_entangled_trainable_rzz_QLayers_5___seed_1_1761468207
8900608,1-Training-Losses/value_loss,0.0071096401661634445,Pong1PQFM_XObs_entangled_trainable_rzz_QLayers_5___seed_1_1761468207
8904704,1-Training-Losses/value_loss,0.0043485891073942184,Pong1PQFM_XObs_entangled_trainable_rzz_QLayers_5___seed_1_1761468207
8908800,1-Training-Losses/value_loss,0.009877909906208515,Pong1PQFM_XObs_entangled_trainable_rzz_QLayers_5___seed_1_1761468207
8912896,1-Training-Losses/value_loss,0.0037774997763335705,Pong1PQFM_XObs_entangled_trainable_rzz_QLayers_5___seed_1_1761468207
8916992,1-Training-Losses/value_loss,0.00790977943688631,Pong1PQFM_XObs_entangled_trainable_rzz_QLayers_5___seed_1_1761468207
8921088,1-Training-Losses/value_loss,0.007064259611070156,Pong1PQFM_XObs_entangled_trainable_rzz_QLayers_5___seed_1_1761468207
8925184,1-Training-Losses/value_loss,0.004656324628740549,Pong1PQFM_XObs_entangled_trainable_rzz_QLayers_5___seed_1_1761468207
8929280,1-Training-Losses/value_loss,0.007358076982200146,Pong1PQFM_XObs_entangled_trainable_rzz_QLayers_5___seed_1_1761468207
8933376,1-Training-Losses/value_loss,0.005045303143560886,Pong1PQFM_XObs_entangled_trainable_rzz_QLayers_5___seed_1_1761468207
8937472,1-Training-Losses/value_loss,0.006721537094563246,Pong1PQFM_XObs_entangled_trainable_rzz_QLayers_5___seed_1_1761468207
8941568,1-Training-Losses/value_loss,0.00812318455427885,Pong1PQFM_XObs_entangled_trainable_rzz_QLayers_5___seed_1_1761468207
8945664,1-Training-Losses/value_loss,0.005747389048337936,Pong1PQFM_XObs_entangled_trainable_rzz_QLayers_5___seed_1_1761468207
8949760,1-Training-Losses/value_loss,0.006521872244775295,Pong1PQFM_XObs_entangled_trainable_rzz_QLayers_5___seed_1_1761468207
8953856,1-Training-Losses/value_loss,0.006961666978895664,Pong1PQFM_XObs_entangled_trainable_rzz_QLayers_5___seed_1_1761468207
8957952,1-Training-Losses/value_loss,0.0057730479165911674,Pong1PQFM_XObs_entangled_trainable_rzz_QLayers_5___seed_1_1761468207
8962048,1-Training-Losses/value_loss,0.008906595408916473,Pong1PQFM_XObs_entangled_trainable_rzz_QLayers_5___seed_1_1761468207
8966144,1-Training-Losses/value_loss,0.006357112899422646,Pong1PQFM_XObs_entangled_trainable_rzz_QLayers_5___seed_1_1761468207
8970240,1-Training-Losses/value_loss,0.005292950663715601,Pong1PQFM_XObs_entangled_trainable_rzz_QLayers_5___seed_1_1761468207
8974336,1-Training-Losses/value_loss,0.005785290617495775,Pong1PQFM_XObs_entangled_trainable_rzz_QLayers_5___seed_1_1761468207
8978432,1-Training-Losses/value_loss,0.006286927964538336,Pong1PQFM_XObs_entangled_trainable_rzz_QLayers_5___seed_1_1761468207
8982528,1-Training-Losses/value_loss,0.006798663176596165,Pong1PQFM_XObs_entangled_trainable_rzz_QLayers_5___seed_1_1761468207
8986624,1-Training-Losses/value_loss,0.00554908812046051,Pong1PQFM_XObs_entangled_trainable_rzz_QLayers_5___seed_1_1761468207
8990720,1-Training-Losses/value_loss,0.006673074327409267,Pong1PQFM_XObs_entangled_trainable_rzz_QLayers_5___seed_1_1761468207
8994816,1-Training-Losses/value_loss,0.003988494630903006,Pong1PQFM_XObs_entangled_trainable_rzz_QLayers_5___seed_1_1761468207
8998912,1-Training-Losses/value_loss,0.007696397602558136,Pong1PQFM_XObs_entangled_trainable_rzz_QLayers_5___seed_1_1761468207
9003008,1-Training-Losses/value_loss,0.00807630643248558,Pong1PQFM_XObs_entangled_trainable_rzz_QLayers_5___seed_1_1761468207
9007104,1-Training-Losses/value_loss,0.005821476690471172,Pong1PQFM_XObs_entangled_trainable_rzz_QLayers_5___seed_1_1761468207
9011200,1-Training-Losses/value_loss,0.008523104712367058,Pong1PQFM_XObs_entangled_trainable_rzz_QLayers_5___seed_1_1761468207
9015296,1-Training-Losses/value_loss,0.007089274004101753,Pong1PQFM_XObs_entangled_trainable_rzz_QLayers_5___seed_1_1761468207
9019392,1-Training-Losses/value_loss,0.008044300600886345,Pong1PQFM_XObs_entangled_trainable_rzz_QLayers_5___seed_1_1761468207
9023488,1-Training-Losses/value_loss,0.0060932389460504055,Pong1PQFM_XObs_entangled_trainable_rzz_QLayers_5___seed_1_1761468207
9027584,1-Training-Losses/value_loss,0.009603457525372505,Pong1PQFM_XObs_entangled_trainable_rzz_QLayers_5___seed_1_1761468207
9031680,1-Training-Losses/value_loss,0.00763537734746933,Pong1PQFM_XObs_entangled_trainable_rzz_QLayers_5___seed_1_1761468207
9035776,1-Training-Losses/value_loss,0.007284583058208227,Pong1PQFM_XObs_entangled_trainable_rzz_QLayers_5___seed_1_1761468207
9039872,1-Training-Losses/value_loss,0.006295634433627129,Pong1PQFM_XObs_entangled_trainable_rzz_QLayers_5___seed_1_1761468207
9043968,1-Training-Losses/value_loss,0.006333701778203249,Pong1PQFM_XObs_entangled_trainable_rzz_QLayers_5___seed_1_1761468207
9048064,1-Training-Losses/value_loss,0.005994079634547234,Pong1PQFM_XObs_entangled_trainable_rzz_QLayers_5___seed_1_1761468207
9052160,1-Training-Losses/value_loss,0.006827574223279953,Pong1PQFM_XObs_entangled_trainable_rzz_QLayers_5___seed_1_1761468207
9056256,1-Training-Losses/value_loss,0.00470204371958971,Pong1PQFM_XObs_entangled_trainable_rzz_QLayers_5___seed_1_1761468207
9060352,1-Training-Losses/value_loss,0.0084544001147151,Pong1PQFM_XObs_entangled_trainable_rzz_QLayers_5___seed_1_1761468207
9064448,1-Training-Losses/value_loss,0.008704595267772675,Pong1PQFM_XObs_entangled_trainable_rzz_QLayers_5___seed_1_1761468207
9068544,1-Training-Losses/value_loss,0.004985978826880455,Pong1PQFM_XObs_entangled_trainable_rzz_QLayers_5___seed_1_1761468207
9072640,1-Training-Losses/value_loss,0.003498317673802376,Pong1PQFM_XObs_entangled_trainable_rzz_QLayers_5___seed_1_1761468207
9076736,1-Training-Losses/value_loss,0.0061423517763614655,Pong1PQFM_XObs_entangled_trainable_rzz_QLayers_5___seed_1_1761468207
9080832,1-Training-Losses/value_loss,0.006964173633605242,Pong1PQFM_XObs_entangled_trainable_rzz_QLayers_5___seed_1_1761468207
9084928,1-Training-Losses/value_loss,0.006986422464251518,Pong1PQFM_XObs_entangled_trainable_rzz_QLayers_5___seed_1_1761468207
9089024,1-Training-Losses/value_loss,0.004803955554962158,Pong1PQFM_XObs_entangled_trainable_rzz_QLayers_5___seed_1_1761468207
9093120,1-Training-Losses/value_loss,0.0069234673865139484,Pong1PQFM_XObs_entangled_trainable_rzz_QLayers_5___seed_1_1761468207
9097216,1-Training-Losses/value_loss,0.011449171230196953,Pong1PQFM_XObs_entangled_trainable_rzz_QLayers_5___seed_1_1761468207
9101312,1-Training-Losses/value_loss,0.006346825510263443,Pong1PQFM_XObs_entangled_trainable_rzz_QLayers_5___seed_1_1761468207
9105408,1-Training-Losses/value_loss,0.006370795890688896,Pong1PQFM_XObs_entangled_trainable_rzz_QLayers_5___seed_1_1761468207
9109504,1-Training-Losses/value_loss,0.009764958173036575,Pong1PQFM_XObs_entangled_trainable_rzz_QLayers_5___seed_1_1761468207
9113600,1-Training-Losses/value_loss,0.003096434287726879,Pong1PQFM_XObs_entangled_trainable_rzz_QLayers_5___seed_1_1761468207
9117696,1-Training-Losses/value_loss,0.006383570842444897,Pong1PQFM_XObs_entangled_trainable_rzz_QLayers_5___seed_1_1761468207
9121792,1-Training-Losses/value_loss,0.0066307648085057735,Pong1PQFM_XObs_entangled_trainable_rzz_QLayers_5___seed_1_1761468207
9125888,1-Training-Losses/value_loss,0.007300971075892448,Pong1PQFM_XObs_entangled_trainable_rzz_QLayers_5___seed_1_1761468207
9129984,1-Training-Losses/value_loss,0.009188240393996239,Pong1PQFM_XObs_entangled_trainable_rzz_QLayers_5___seed_1_1761468207
9134080,1-Training-Losses/value_loss,0.003915945068001747,Pong1PQFM_XObs_entangled_trainable_rzz_QLayers_5___seed_1_1761468207
9138176,1-Training-Losses/value_loss,0.003971937578171492,Pong1PQFM_XObs_entangled_trainable_rzz_QLayers_5___seed_1_1761468207
9142272,1-Training-Losses/value_loss,0.00611133873462677,Pong1PQFM_XObs_entangled_trainable_rzz_QLayers_5___seed_1_1761468207
9146368,1-Training-Losses/value_loss,0.004998895339667797,Pong1PQFM_XObs_entangled_trainable_rzz_QLayers_5___seed_1_1761468207
9150464,1-Training-Losses/value_loss,0.006464348174631596,Pong1PQFM_XObs_entangled_trainable_rzz_QLayers_5___seed_1_1761468207
9154560,1-Training-Losses/value_loss,0.007506065536290407,Pong1PQFM_XObs_entangled_trainable_rzz_QLayers_5___seed_1_1761468207
9158656,1-Training-Losses/value_loss,0.005682202987372875,Pong1PQFM_XObs_entangled_trainable_rzz_QLayers_5___seed_1_1761468207
9162752,1-Training-Losses/value_loss,0.007590728346258402,Pong1PQFM_XObs_entangled_trainable_rzz_QLayers_5___seed_1_1761468207
9166848,1-Training-Losses/value_loss,0.00722775561735034,Pong1PQFM_XObs_entangled_trainable_rzz_QLayers_5___seed_1_1761468207
9170944,1-Training-Losses/value_loss,0.005552301183342934,Pong1PQFM_XObs_entangled_trainable_rzz_QLayers_5___seed_1_1761468207
9175040,1-Training-Losses/value_loss,0.007971935905516148,Pong1PQFM_XObs_entangled_trainable_rzz_QLayers_5___seed_1_1761468207
9179136,1-Training-Losses/value_loss,0.006160251330584288,Pong1PQFM_XObs_entangled_trainable_rzz_QLayers_5___seed_1_1761468207
9183232,1-Training-Losses/value_loss,0.0064777894876897335,Pong1PQFM_XObs_entangled_trainable_rzz_QLayers_5___seed_1_1761468207
9187328,1-Training-Losses/value_loss,0.006726882420480251,Pong1PQFM_XObs_entangled_trainable_rzz_QLayers_5___seed_1_1761468207
9191424,1-Training-Losses/value_loss,0.005416427738964558,Pong1PQFM_XObs_entangled_trainable_rzz_QLayers_5___seed_1_1761468207
9195520,1-Training-Losses/value_loss,0.004012700170278549,Pong1PQFM_XObs_entangled_trainable_rzz_QLayers_5___seed_1_1761468207
9199616,1-Training-Losses/value_loss,0.007233558222651482,Pong1PQFM_XObs_entangled_trainable_rzz_QLayers_5___seed_1_1761468207
9203712,1-Training-Losses/value_loss,0.004742559045553207,Pong1PQFM_XObs_entangled_trainable_rzz_QLayers_5___seed_1_1761468207
9207808,1-Training-Losses/value_loss,0.00797763466835022,Pong1PQFM_XObs_entangled_trainable_rzz_QLayers_5___seed_1_1761468207
9211904,1-Training-Losses/value_loss,0.007476805709302425,Pong1PQFM_XObs_entangled_trainable_rzz_QLayers_5___seed_1_1761468207
9216000,1-Training-Losses/value_loss,0.00646920595318079,Pong1PQFM_XObs_entangled_trainable_rzz_QLayers_5___seed_1_1761468207
9220096,1-Training-Losses/value_loss,0.006177897565066814,Pong1PQFM_XObs_entangled_trainable_rzz_QLayers_5___seed_1_1761468207
9224192,1-Training-Losses/value_loss,0.006775346118956804,Pong1PQFM_XObs_entangled_trainable_rzz_QLayers_5___seed_1_1761468207
9228288,1-Training-Losses/value_loss,0.008003872819244862,Pong1PQFM_XObs_entangled_trainable_rzz_QLayers_5___seed_1_1761468207
9232384,1-Training-Losses/value_loss,0.004278482869267464,Pong1PQFM_XObs_entangled_trainable_rzz_QLayers_5___seed_1_1761468207
9236480,1-Training-Losses/value_loss,0.007723967079073191,Pong1PQFM_XObs_entangled_trainable_rzz_QLayers_5___seed_1_1761468207
9240576,1-Training-Losses/value_loss,0.00877084955573082,Pong1PQFM_XObs_entangled_trainable_rzz_QLayers_5___seed_1_1761468207
9244672,1-Training-Losses/value_loss,0.006667420268058777,Pong1PQFM_XObs_entangled_trainable_rzz_QLayers_5___seed_1_1761468207
9248768,1-Training-Losses/value_loss,0.006383799482136965,Pong1PQFM_XObs_entangled_trainable_rzz_QLayers_5___seed_1_1761468207
9252864,1-Training-Losses/value_loss,0.008927850984036922,Pong1PQFM_XObs_entangled_trainable_rzz_QLayers_5___seed_1_1761468207
9256960,1-Training-Losses/value_loss,0.005324182566255331,Pong1PQFM_XObs_entangled_trainable_rzz_QLayers_5___seed_1_1761468207
9261056,1-Training-Losses/value_loss,0.0048712752759456635,Pong1PQFM_XObs_entangled_trainable_rzz_QLayers_5___seed_1_1761468207
9265152,1-Training-Losses/value_loss,0.0056093353778123856,Pong1PQFM_XObs_entangled_trainable_rzz_QLayers_5___seed_1_1761468207
9269248,1-Training-Losses/value_loss,0.005753695964813232,Pong1PQFM_XObs_entangled_trainable_rzz_QLayers_5___seed_1_1761468207
9273344,1-Training-Losses/value_loss,0.007902291603386402,Pong1PQFM_XObs_entangled_trainable_rzz_QLayers_5___seed_1_1761468207
9277440,1-Training-Losses/value_loss,0.004688108339905739,Pong1PQFM_XObs_entangled_trainable_rzz_QLayers_5___seed_1_1761468207
9281536,1-Training-Losses/value_loss,0.006708769127726555,Pong1PQFM_XObs_entangled_trainable_rzz_QLayers_5___seed_1_1761468207
9285632,1-Training-Losses/value_loss,0.0073464410379529,Pong1PQFM_XObs_entangled_trainable_rzz_QLayers_5___seed_1_1761468207
9289728,1-Training-Losses/value_loss,0.005352698266506195,Pong1PQFM_XObs_entangled_trainable_rzz_QLayers_5___seed_1_1761468207
9293824,1-Training-Losses/value_loss,0.007028506137430668,Pong1PQFM_XObs_entangled_trainable_rzz_QLayers_5___seed_1_1761468207
9297920,1-Training-Losses/value_loss,0.010032053105533123,Pong1PQFM_XObs_entangled_trainable_rzz_QLayers_5___seed_1_1761468207
9302016,1-Training-Losses/value_loss,0.0055968305096030235,Pong1PQFM_XObs_entangled_trainable_rzz_QLayers_5___seed_1_1761468207
9306112,1-Training-Losses/value_loss,0.007538727484643459,Pong1PQFM_XObs_entangled_trainable_rzz_QLayers_5___seed_1_1761468207
9310208,1-Training-Losses/value_loss,0.007973200641572475,Pong1PQFM_XObs_entangled_trainable_rzz_QLayers_5___seed_1_1761468207
9314304,1-Training-Losses/value_loss,0.004224041476845741,Pong1PQFM_XObs_entangled_trainable_rzz_QLayers_5___seed_1_1761468207
9318400,1-Training-Losses/value_loss,0.00769429374486208,Pong1PQFM_XObs_entangled_trainable_rzz_QLayers_5___seed_1_1761468207
9322496,1-Training-Losses/value_loss,0.0053679561242461205,Pong1PQFM_XObs_entangled_trainable_rzz_QLayers_5___seed_1_1761468207
9326592,1-Training-Losses/value_loss,0.009444061666727066,Pong1PQFM_XObs_entangled_trainable_rzz_QLayers_5___seed_1_1761468207
9330688,1-Training-Losses/value_loss,0.004936957266181707,Pong1PQFM_XObs_entangled_trainable_rzz_QLayers_5___seed_1_1761468207
9334784,1-Training-Losses/value_loss,0.006481498945504427,Pong1PQFM_XObs_entangled_trainable_rzz_QLayers_5___seed_1_1761468207
9338880,1-Training-Losses/value_loss,0.006517102941870689,Pong1PQFM_XObs_entangled_trainable_rzz_QLayers_5___seed_1_1761468207
9342976,1-Training-Losses/value_loss,0.007800410967320204,Pong1PQFM_XObs_entangled_trainable_rzz_QLayers_5___seed_1_1761468207
9347072,1-Training-Losses/value_loss,0.0070121679455041885,Pong1PQFM_XObs_entangled_trainable_rzz_QLayers_5___seed_1_1761468207
9351168,1-Training-Losses/value_loss,0.005960225127637386,Pong1PQFM_XObs_entangled_trainable_rzz_QLayers_5___seed_1_1761468207
9355264,1-Training-Losses/value_loss,0.006018657237291336,Pong1PQFM_XObs_entangled_trainable_rzz_QLayers_5___seed_1_1761468207
9359360,1-Training-Losses/value_loss,0.008670603856444359,Pong1PQFM_XObs_entangled_trainable_rzz_QLayers_5___seed_1_1761468207
9363456,1-Training-Losses/value_loss,0.006573174148797989,Pong1PQFM_XObs_entangled_trainable_rzz_QLayers_5___seed_1_1761468207
9367552,1-Training-Losses/value_loss,0.006004516966640949,Pong1PQFM_XObs_entangled_trainable_rzz_QLayers_5___seed_1_1761468207
9371648,1-Training-Losses/value_loss,0.007187537848949432,Pong1PQFM_XObs_entangled_trainable_rzz_QLayers_5___seed_1_1761468207
9375744,1-Training-Losses/value_loss,0.005450306925922632,Pong1PQFM_XObs_entangled_trainable_rzz_QLayers_5___seed_1_1761468207
9379840,1-Training-Losses/value_loss,0.004047468304634094,Pong1PQFM_XObs_entangled_trainable_rzz_QLayers_5___seed_1_1761468207
9383936,1-Training-Losses/value_loss,0.002161795273423195,Pong1PQFM_XObs_entangled_trainable_rzz_QLayers_5___seed_1_1761468207
9388032,1-Training-Losses/value_loss,0.008103067055344582,Pong1PQFM_XObs_entangled_trainable_rzz_QLayers_5___seed_1_1761468207
9392128,1-Training-Losses/value_loss,0.006656557321548462,Pong1PQFM_XObs_entangled_trainable_rzz_QLayers_5___seed_1_1761468207
9396224,1-Training-Losses/value_loss,0.004156804643571377,Pong1PQFM_XObs_entangled_trainable_rzz_QLayers_5___seed_1_1761468207
9400320,1-Training-Losses/value_loss,0.005055200774222612,Pong1PQFM_XObs_entangled_trainable_rzz_QLayers_5___seed_1_1761468207
9404416,1-Training-Losses/value_loss,0.007599898613989353,Pong1PQFM_XObs_entangled_trainable_rzz_QLayers_5___seed_1_1761468207
9408512,1-Training-Losses/value_loss,0.008256552740931511,Pong1PQFM_XObs_entangled_trainable_rzz_QLayers_5___seed_1_1761468207
9412608,1-Training-Losses/value_loss,0.007688694167882204,Pong1PQFM_XObs_entangled_trainable_rzz_QLayers_5___seed_1_1761468207
9416704,1-Training-Losses/value_loss,0.005171223543584347,Pong1PQFM_XObs_entangled_trainable_rzz_QLayers_5___seed_1_1761468207
9420800,1-Training-Losses/value_loss,0.00586937740445137,Pong1PQFM_XObs_entangled_trainable_rzz_QLayers_5___seed_1_1761468207
9424896,1-Training-Losses/value_loss,0.0058668083511292934,Pong1PQFM_XObs_entangled_trainable_rzz_QLayers_5___seed_1_1761468207
9428992,1-Training-Losses/value_loss,0.005662126466631889,Pong1PQFM_XObs_entangled_trainable_rzz_QLayers_5___seed_1_1761468207
9433088,1-Training-Losses/value_loss,0.009510990232229233,Pong1PQFM_XObs_entangled_trainable_rzz_QLayers_5___seed_1_1761468207
9437184,1-Training-Losses/value_loss,0.0046455347910523415,Pong1PQFM_XObs_entangled_trainable_rzz_QLayers_5___seed_1_1761468207
9441280,1-Training-Losses/value_loss,0.004648296162486076,Pong1PQFM_XObs_entangled_trainable_rzz_QLayers_5___seed_1_1761468207
9445376,1-Training-Losses/value_loss,0.00747493514791131,Pong1PQFM_XObs_entangled_trainable_rzz_QLayers_5___seed_1_1761468207
9449472,1-Training-Losses/value_loss,0.007017967756837606,Pong1PQFM_XObs_entangled_trainable_rzz_QLayers_5___seed_1_1761468207
9453568,1-Training-Losses/value_loss,0.004223083145916462,Pong1PQFM_XObs_entangled_trainable_rzz_QLayers_5___seed_1_1761468207
9457664,1-Training-Losses/value_loss,0.005880835000425577,Pong1PQFM_XObs_entangled_trainable_rzz_QLayers_5___seed_1_1761468207
9461760,1-Training-Losses/value_loss,0.006107056513428688,Pong1PQFM_XObs_entangled_trainable_rzz_QLayers_5___seed_1_1761468207
9465856,1-Training-Losses/value_loss,0.007460260298103094,Pong1PQFM_XObs_entangled_trainable_rzz_QLayers_5___seed_1_1761468207
9469952,1-Training-Losses/value_loss,0.006805867422372103,Pong1PQFM_XObs_entangled_trainable_rzz_QLayers_5___seed_1_1761468207
9474048,1-Training-Losses/value_loss,0.008824978955090046,Pong1PQFM_XObs_entangled_trainable_rzz_QLayers_5___seed_1_1761468207
9478144,1-Training-Losses/value_loss,0.004407982341945171,Pong1PQFM_XObs_entangled_trainable_rzz_QLayers_5___seed_1_1761468207
9482240,1-Training-Losses/value_loss,0.0054374197497963905,Pong1PQFM_XObs_entangled_trainable_rzz_QLayers_5___seed_1_1761468207
9486336,1-Training-Losses/value_loss,0.005000030621886253,Pong1PQFM_XObs_entangled_trainable_rzz_QLayers_5___seed_1_1761468207
9490432,1-Training-Losses/value_loss,0.007086651399731636,Pong1PQFM_XObs_entangled_trainable_rzz_QLayers_5___seed_1_1761468207
9494528,1-Training-Losses/value_loss,0.0063055288046598434,Pong1PQFM_XObs_entangled_trainable_rzz_QLayers_5___seed_1_1761468207
9498624,1-Training-Losses/value_loss,0.00668833963572979,Pong1PQFM_XObs_entangled_trainable_rzz_QLayers_5___seed_1_1761468207
9502720,1-Training-Losses/value_loss,0.006210213527083397,Pong1PQFM_XObs_entangled_trainable_rzz_QLayers_5___seed_1_1761468207
9506816,1-Training-Losses/value_loss,0.008298350498080254,Pong1PQFM_XObs_entangled_trainable_rzz_QLayers_5___seed_1_1761468207
9510912,1-Training-Losses/value_loss,0.0077355364337563515,Pong1PQFM_XObs_entangled_trainable_rzz_QLayers_5___seed_1_1761468207
9515008,1-Training-Losses/value_loss,0.007087519392371178,Pong1PQFM_XObs_entangled_trainable_rzz_QLayers_5___seed_1_1761468207
9519104,1-Training-Losses/value_loss,0.0027446714229881763,Pong1PQFM_XObs_entangled_trainable_rzz_QLayers_5___seed_1_1761468207
9523200,1-Training-Losses/value_loss,0.006506403908133507,Pong1PQFM_XObs_entangled_trainable_rzz_QLayers_5___seed_1_1761468207
9527296,1-Training-Losses/value_loss,0.005564659833908081,Pong1PQFM_XObs_entangled_trainable_rzz_QLayers_5___seed_1_1761468207
9531392,1-Training-Losses/value_loss,0.008187650702893734,Pong1PQFM_XObs_entangled_trainable_rzz_QLayers_5___seed_1_1761468207
9535488,1-Training-Losses/value_loss,0.005804972257465124,Pong1PQFM_XObs_entangled_trainable_rzz_QLayers_5___seed_1_1761468207
9539584,1-Training-Losses/value_loss,0.004954871721565723,Pong1PQFM_XObs_entangled_trainable_rzz_QLayers_5___seed_1_1761468207
9543680,1-Training-Losses/value_loss,0.008480320684611797,Pong1PQFM_XObs_entangled_trainable_rzz_QLayers_5___seed_1_1761468207
9547776,1-Training-Losses/value_loss,0.009631603956222534,Pong1PQFM_XObs_entangled_trainable_rzz_QLayers_5___seed_1_1761468207
9551872,1-Training-Losses/value_loss,0.006131453905254602,Pong1PQFM_XObs_entangled_trainable_rzz_QLayers_5___seed_1_1761468207
9555968,1-Training-Losses/value_loss,0.0030945809558033943,Pong1PQFM_XObs_entangled_trainable_rzz_QLayers_5___seed_1_1761468207
9560064,1-Training-Losses/value_loss,0.0064375801011919975,Pong1PQFM_XObs_entangled_trainable_rzz_QLayers_5___seed_1_1761468207
9564160,1-Training-Losses/value_loss,0.0048156422562897205,Pong1PQFM_XObs_entangled_trainable_rzz_QLayers_5___seed_1_1761468207
9568256,1-Training-Losses/value_loss,0.006502057425677776,Pong1PQFM_XObs_entangled_trainable_rzz_QLayers_5___seed_1_1761468207
9572352,1-Training-Losses/value_loss,0.006363248452544212,Pong1PQFM_XObs_entangled_trainable_rzz_QLayers_5___seed_1_1761468207
9576448,1-Training-Losses/value_loss,0.00502092856913805,Pong1PQFM_XObs_entangled_trainable_rzz_QLayers_5___seed_1_1761468207
9580544,1-Training-Losses/value_loss,0.006859535351395607,Pong1PQFM_XObs_entangled_trainable_rzz_QLayers_5___seed_1_1761468207
9584640,1-Training-Losses/value_loss,0.004405062645673752,Pong1PQFM_XObs_entangled_trainable_rzz_QLayers_5___seed_1_1761468207
9588736,1-Training-Losses/value_loss,0.005433264188468456,Pong1PQFM_XObs_entangled_trainable_rzz_QLayers_5___seed_1_1761468207
9592832,1-Training-Losses/value_loss,0.004977748263627291,Pong1PQFM_XObs_entangled_trainable_rzz_QLayers_5___seed_1_1761468207
9596928,1-Training-Losses/value_loss,0.007846107706427574,Pong1PQFM_XObs_entangled_trainable_rzz_QLayers_5___seed_1_1761468207
9601024,1-Training-Losses/value_loss,0.006129389628767967,Pong1PQFM_XObs_entangled_trainable_rzz_QLayers_5___seed_1_1761468207
9605120,1-Training-Losses/value_loss,0.007152732461690903,Pong1PQFM_XObs_entangled_trainable_rzz_QLayers_5___seed_1_1761468207
9609216,1-Training-Losses/value_loss,0.0039042914286255836,Pong1PQFM_XObs_entangled_trainable_rzz_QLayers_5___seed_1_1761468207
9613312,1-Training-Losses/value_loss,0.007500526495277882,Pong1PQFM_XObs_entangled_trainable_rzz_QLayers_5___seed_1_1761468207
9617408,1-Training-Losses/value_loss,0.00595376780256629,Pong1PQFM_XObs_entangled_trainable_rzz_QLayers_5___seed_1_1761468207
9621504,1-Training-Losses/value_loss,0.0061140223406255245,Pong1PQFM_XObs_entangled_trainable_rzz_QLayers_5___seed_1_1761468207
9625600,1-Training-Losses/value_loss,0.00440940260887146,Pong1PQFM_XObs_entangled_trainable_rzz_QLayers_5___seed_1_1761468207
9629696,1-Training-Losses/value_loss,0.0035044788382947445,Pong1PQFM_XObs_entangled_trainable_rzz_QLayers_5___seed_1_1761468207
9633792,1-Training-Losses/value_loss,0.012442359700798988,Pong1PQFM_XObs_entangled_trainable_rzz_QLayers_5___seed_1_1761468207
9637888,1-Training-Losses/value_loss,0.0033934712409973145,Pong1PQFM_XObs_entangled_trainable_rzz_QLayers_5___seed_1_1761468207
9641984,1-Training-Losses/value_loss,0.005589480511844158,Pong1PQFM_XObs_entangled_trainable_rzz_QLayers_5___seed_1_1761468207
9646080,1-Training-Losses/value_loss,0.007847546599805355,Pong1PQFM_XObs_entangled_trainable_rzz_QLayers_5___seed_1_1761468207
9650176,1-Training-Losses/value_loss,0.004357403144240379,Pong1PQFM_XObs_entangled_trainable_rzz_QLayers_5___seed_1_1761468207
9654272,1-Training-Losses/value_loss,0.005850614048540592,Pong1PQFM_XObs_entangled_trainable_rzz_QLayers_5___seed_1_1761468207
9658368,1-Training-Losses/value_loss,0.005571430549025536,Pong1PQFM_XObs_entangled_trainable_rzz_QLayers_5___seed_1_1761468207
9662464,1-Training-Losses/value_loss,0.004893772304058075,Pong1PQFM_XObs_entangled_trainable_rzz_QLayers_5___seed_1_1761468207
9666560,1-Training-Losses/value_loss,0.005620710551738739,Pong1PQFM_XObs_entangled_trainable_rzz_QLayers_5___seed_1_1761468207
9670656,1-Training-Losses/value_loss,0.006937514524906874,Pong1PQFM_XObs_entangled_trainable_rzz_QLayers_5___seed_1_1761468207
9674752,1-Training-Losses/value_loss,0.007211817894130945,Pong1PQFM_XObs_entangled_trainable_rzz_QLayers_5___seed_1_1761468207
9678848,1-Training-Losses/value_loss,0.007092060521245003,Pong1PQFM_XObs_entangled_trainable_rzz_QLayers_5___seed_1_1761468207
9682944,1-Training-Losses/value_loss,0.006183686666190624,Pong1PQFM_XObs_entangled_trainable_rzz_QLayers_5___seed_1_1761468207
9687040,1-Training-Losses/value_loss,0.0050638457760214806,Pong1PQFM_XObs_entangled_trainable_rzz_QLayers_5___seed_1_1761468207
9691136,1-Training-Losses/value_loss,0.006973726209253073,Pong1PQFM_XObs_entangled_trainable_rzz_QLayers_5___seed_1_1761468207
9695232,1-Training-Losses/value_loss,0.005655436310917139,Pong1PQFM_XObs_entangled_trainable_rzz_QLayers_5___seed_1_1761468207
9699328,1-Training-Losses/value_loss,0.0040152231231331825,Pong1PQFM_XObs_entangled_trainable_rzz_QLayers_5___seed_1_1761468207
9703424,1-Training-Losses/value_loss,0.005091169383376837,Pong1PQFM_XObs_entangled_trainable_rzz_QLayers_5___seed_1_1761468207
9707520,1-Training-Losses/value_loss,0.005219031125307083,Pong1PQFM_XObs_entangled_trainable_rzz_QLayers_5___seed_1_1761468207
9711616,1-Training-Losses/value_loss,0.008409084752202034,Pong1PQFM_XObs_entangled_trainable_rzz_QLayers_5___seed_1_1761468207
9715712,1-Training-Losses/value_loss,0.006150136236101389,Pong1PQFM_XObs_entangled_trainable_rzz_QLayers_5___seed_1_1761468207
9719808,1-Training-Losses/value_loss,0.003470933996140957,Pong1PQFM_XObs_entangled_trainable_rzz_QLayers_5___seed_1_1761468207
9723904,1-Training-Losses/value_loss,0.006006318144500256,Pong1PQFM_XObs_entangled_trainable_rzz_QLayers_5___seed_1_1761468207
9728000,1-Training-Losses/value_loss,0.0066661350429058075,Pong1PQFM_XObs_entangled_trainable_rzz_QLayers_5___seed_1_1761468207
9732096,1-Training-Losses/value_loss,0.004147041589021683,Pong1PQFM_XObs_entangled_trainable_rzz_QLayers_5___seed_1_1761468207
9736192,1-Training-Losses/value_loss,0.0071397218853235245,Pong1PQFM_XObs_entangled_trainable_rzz_QLayers_5___seed_1_1761468207
9740288,1-Training-Losses/value_loss,0.004754913970828056,Pong1PQFM_XObs_entangled_trainable_rzz_QLayers_5___seed_1_1761468207
9744384,1-Training-Losses/value_loss,0.00793195329606533,Pong1PQFM_XObs_entangled_trainable_rzz_QLayers_5___seed_1_1761468207
9748480,1-Training-Losses/value_loss,0.005515196360647678,Pong1PQFM_XObs_entangled_trainable_rzz_QLayers_5___seed_1_1761468207
9752576,1-Training-Losses/value_loss,0.005523624364286661,Pong1PQFM_XObs_entangled_trainable_rzz_QLayers_5___seed_1_1761468207
9756672,1-Training-Losses/value_loss,0.007221804931759834,Pong1PQFM_XObs_entangled_trainable_rzz_QLayers_5___seed_1_1761468207
9760768,1-Training-Losses/value_loss,0.008442139253020287,Pong1PQFM_XObs_entangled_trainable_rzz_QLayers_5___seed_1_1761468207
9764864,1-Training-Losses/value_loss,0.005988978780806065,Pong1PQFM_XObs_entangled_trainable_rzz_QLayers_5___seed_1_1761468207
9768960,1-Training-Losses/value_loss,0.008750183507800102,Pong1PQFM_XObs_entangled_trainable_rzz_QLayers_5___seed_1_1761468207
9773056,1-Training-Losses/value_loss,0.006394152529537678,Pong1PQFM_XObs_entangled_trainable_rzz_QLayers_5___seed_1_1761468207
9777152,1-Training-Losses/value_loss,0.006199326366186142,Pong1PQFM_XObs_entangled_trainable_rzz_QLayers_5___seed_1_1761468207
9781248,1-Training-Losses/value_loss,0.006526101380586624,Pong1PQFM_XObs_entangled_trainable_rzz_QLayers_5___seed_1_1761468207
9785344,1-Training-Losses/value_loss,0.007335187401622534,Pong1PQFM_XObs_entangled_trainable_rzz_QLayers_5___seed_1_1761468207
9789440,1-Training-Losses/value_loss,0.002731777261942625,Pong1PQFM_XObs_entangled_trainable_rzz_QLayers_5___seed_1_1761468207
9793536,1-Training-Losses/value_loss,0.00915682502090931,Pong1PQFM_XObs_entangled_trainable_rzz_QLayers_5___seed_1_1761468207
9797632,1-Training-Losses/value_loss,0.0072419545613229275,Pong1PQFM_XObs_entangled_trainable_rzz_QLayers_5___seed_1_1761468207
9801728,1-Training-Losses/value_loss,0.006465068552643061,Pong1PQFM_XObs_entangled_trainable_rzz_QLayers_5___seed_1_1761468207
9805824,1-Training-Losses/value_loss,0.0053855050355196,Pong1PQFM_XObs_entangled_trainable_rzz_QLayers_5___seed_1_1761468207
9809920,1-Training-Losses/value_loss,0.00720091350376606,Pong1PQFM_XObs_entangled_trainable_rzz_QLayers_5___seed_1_1761468207
9814016,1-Training-Losses/value_loss,0.011543246917426586,Pong1PQFM_XObs_entangled_trainable_rzz_QLayers_5___seed_1_1761468207
9818112,1-Training-Losses/value_loss,0.005153601057827473,Pong1PQFM_XObs_entangled_trainable_rzz_QLayers_5___seed_1_1761468207
9822208,1-Training-Losses/value_loss,0.00436561880633235,Pong1PQFM_XObs_entangled_trainable_rzz_QLayers_5___seed_1_1761468207
9826304,1-Training-Losses/value_loss,0.0059072040021419525,Pong1PQFM_XObs_entangled_trainable_rzz_QLayers_5___seed_1_1761468207
9830400,1-Training-Losses/value_loss,0.006971654016524553,Pong1PQFM_XObs_entangled_trainable_rzz_QLayers_5___seed_1_1761468207
9834496,1-Training-Losses/value_loss,0.006062375381588936,Pong1PQFM_XObs_entangled_trainable_rzz_QLayers_5___seed_1_1761468207
9838592,1-Training-Losses/value_loss,0.005618479568511248,Pong1PQFM_XObs_entangled_trainable_rzz_QLayers_5___seed_1_1761468207
9842688,1-Training-Losses/value_loss,0.006407861597836018,Pong1PQFM_XObs_entangled_trainable_rzz_QLayers_5___seed_1_1761468207
9846784,1-Training-Losses/value_loss,0.008696889504790306,Pong1PQFM_XObs_entangled_trainable_rzz_QLayers_5___seed_1_1761468207
9850880,1-Training-Losses/value_loss,0.005325909238308668,Pong1PQFM_XObs_entangled_trainable_rzz_QLayers_5___seed_1_1761468207
9854976,1-Training-Losses/value_loss,0.009047659114003181,Pong1PQFM_XObs_entangled_trainable_rzz_QLayers_5___seed_1_1761468207
9859072,1-Training-Losses/value_loss,0.0031750337220728397,Pong1PQFM_XObs_entangled_trainable_rzz_QLayers_5___seed_1_1761468207
9863168,1-Training-Losses/value_loss,0.005496722646057606,Pong1PQFM_XObs_entangled_trainable_rzz_QLayers_5___seed_1_1761468207
9867264,1-Training-Losses/value_loss,0.009347230195999146,Pong1PQFM_XObs_entangled_trainable_rzz_QLayers_5___seed_1_1761468207
9871360,1-Training-Losses/value_loss,0.00821443647146225,Pong1PQFM_XObs_entangled_trainable_rzz_QLayers_5___seed_1_1761468207
9875456,1-Training-Losses/value_loss,0.009967290796339512,Pong1PQFM_XObs_entangled_trainable_rzz_QLayers_5___seed_1_1761468207
9879552,1-Training-Losses/value_loss,0.004168144427239895,Pong1PQFM_XObs_entangled_trainable_rzz_QLayers_5___seed_1_1761468207
9883648,1-Training-Losses/value_loss,0.009525824338197708,Pong1PQFM_XObs_entangled_trainable_rzz_QLayers_5___seed_1_1761468207
9887744,1-Training-Losses/value_loss,0.006605311296880245,Pong1PQFM_XObs_entangled_trainable_rzz_QLayers_5___seed_1_1761468207
9891840,1-Training-Losses/value_loss,0.007067333906888962,Pong1PQFM_XObs_entangled_trainable_rzz_QLayers_5___seed_1_1761468207
9895936,1-Training-Losses/value_loss,0.007539084646850824,Pong1PQFM_XObs_entangled_trainable_rzz_QLayers_5___seed_1_1761468207
9900032,1-Training-Losses/value_loss,0.006383845582604408,Pong1PQFM_XObs_entangled_trainable_rzz_QLayers_5___seed_1_1761468207
9904128,1-Training-Losses/value_loss,0.004828486125916243,Pong1PQFM_XObs_entangled_trainable_rzz_QLayers_5___seed_1_1761468207
9908224,1-Training-Losses/value_loss,0.006228179670870304,Pong1PQFM_XObs_entangled_trainable_rzz_QLayers_5___seed_1_1761468207
9912320,1-Training-Losses/value_loss,0.009504111483693123,Pong1PQFM_XObs_entangled_trainable_rzz_QLayers_5___seed_1_1761468207
9916416,1-Training-Losses/value_loss,0.008129464462399483,Pong1PQFM_XObs_entangled_trainable_rzz_QLayers_5___seed_1_1761468207
9920512,1-Training-Losses/value_loss,0.00528569333255291,Pong1PQFM_XObs_entangled_trainable_rzz_QLayers_5___seed_1_1761468207
9924608,1-Training-Losses/value_loss,0.006605139933526516,Pong1PQFM_XObs_entangled_trainable_rzz_QLayers_5___seed_1_1761468207
9928704,1-Training-Losses/value_loss,0.006670365110039711,Pong1PQFM_XObs_entangled_trainable_rzz_QLayers_5___seed_1_1761468207
9932800,1-Training-Losses/value_loss,0.005881959572434425,Pong1PQFM_XObs_entangled_trainable_rzz_QLayers_5___seed_1_1761468207
9936896,1-Training-Losses/value_loss,0.006016536615788937,Pong1PQFM_XObs_entangled_trainable_rzz_QLayers_5___seed_1_1761468207
9940992,1-Training-Losses/value_loss,0.0072866445407271385,Pong1PQFM_XObs_entangled_trainable_rzz_QLayers_5___seed_1_1761468207
9945088,1-Training-Losses/value_loss,0.001808970351703465,Pong1PQFM_XObs_entangled_trainable_rzz_QLayers_5___seed_1_1761468207
9949184,1-Training-Losses/value_loss,0.01103826891630888,Pong1PQFM_XObs_entangled_trainable_rzz_QLayers_5___seed_1_1761468207
9953280,1-Training-Losses/value_loss,0.004408180247992277,Pong1PQFM_XObs_entangled_trainable_rzz_QLayers_5___seed_1_1761468207
9957376,1-Training-Losses/value_loss,0.007276641204953194,Pong1PQFM_XObs_entangled_trainable_rzz_QLayers_5___seed_1_1761468207
9961472,1-Training-Losses/value_loss,0.004800298251211643,Pong1PQFM_XObs_entangled_trainable_rzz_QLayers_5___seed_1_1761468207
9965568,1-Training-Losses/value_loss,0.00837785191833973,Pong1PQFM_XObs_entangled_trainable_rzz_QLayers_5___seed_1_1761468207
9969664,1-Training-Losses/value_loss,0.007689240388572216,Pong1PQFM_XObs_entangled_trainable_rzz_QLayers_5___seed_1_1761468207
9973760,1-Training-Losses/value_loss,0.005534593481570482,Pong1PQFM_XObs_entangled_trainable_rzz_QLayers_5___seed_1_1761468207
9977856,1-Training-Losses/value_loss,0.005801580846309662,Pong1PQFM_XObs_entangled_trainable_rzz_QLayers_5___seed_1_1761468207
9981952,1-Training-Losses/value_loss,0.0038095039781183004,Pong1PQFM_XObs_entangled_trainable_rzz_QLayers_5___seed_1_1761468207
9986048,1-Training-Losses/value_loss,0.0065107643604278564,Pong1PQFM_XObs_entangled_trainable_rzz_QLayers_5___seed_1_1761468207
9990144,1-Training-Losses/value_loss,0.0065714470110833645,Pong1PQFM_XObs_entangled_trainable_rzz_QLayers_5___seed_1_1761468207
9994240,1-Training-Losses/value_loss,0.006006038747727871,Pong1PQFM_XObs_entangled_trainable_rzz_QLayers_5___seed_1_1761468207
9998336,1-Training-Losses/value_loss,0.0066828615963459015,Pong1PQFM_XObs_entangled_trainable_rzz_QLayers_5___seed_1_1761468207
4096,2-Training-Stats/SPS,69.0,Pong1PQFM_XObs_entangled_trainable_rzz_QLayers_5___seed_1_1761468207
8192,2-Training-Stats/SPS,69.0,Pong1PQFM_XObs_entangled_trainable_rzz_QLayers_5___seed_1_1761468207
12288,2-Training-Stats/SPS,69.0,Pong1PQFM_XObs_entangled_trainable_rzz_QLayers_5___seed_1_1761468207
16384,2-Training-Stats/SPS,69.0,Pong1PQFM_XObs_entangled_trainable_rzz_QLayers_5___seed_1_1761468207
20480,2-Training-Stats/SPS,69.0,Pong1PQFM_XObs_entangled_trainable_rzz_QLayers_5___seed_1_1761468207
24576,2-Training-Stats/SPS,68.0,Pong1PQFM_XObs_entangled_trainable_rzz_QLayers_5___seed_1_1761468207
28672,2-Training-Stats/SPS,68.0,Pong1PQFM_XObs_entangled_trainable_rzz_QLayers_5___seed_1_1761468207
32768,2-Training-Stats/SPS,68.0,Pong1PQFM_XObs_entangled_trainable_rzz_QLayers_5___seed_1_1761468207
36864,2-Training-Stats/SPS,68.0,Pong1PQFM_XObs_entangled_trainable_rzz_QLayers_5___seed_1_1761468207
40960,2-Training-Stats/SPS,68.0,Pong1PQFM_XObs_entangled_trainable_rzz_QLayers_5___seed_1_1761468207
45056,2-Training-Stats/SPS,68.0,Pong1PQFM_XObs_entangled_trainable_rzz_QLayers_5___seed_1_1761468207
49152,2-Training-Stats/SPS,68.0,Pong1PQFM_XObs_entangled_trainable_rzz_QLayers_5___seed_1_1761468207
53248,2-Training-Stats/SPS,69.0,Pong1PQFM_XObs_entangled_trainable_rzz_QLayers_5___seed_1_1761468207
57344,2-Training-Stats/SPS,68.0,Pong1PQFM_XObs_entangled_trainable_rzz_QLayers_5___seed_1_1761468207
61440,2-Training-Stats/SPS,69.0,Pong1PQFM_XObs_entangled_trainable_rzz_QLayers_5___seed_1_1761468207
65536,2-Training-Stats/SPS,68.0,Pong1PQFM_XObs_entangled_trainable_rzz_QLayers_5___seed_1_1761468207
69632,2-Training-Stats/SPS,68.0,Pong1PQFM_XObs_entangled_trainable_rzz_QLayers_5___seed_1_1761468207
73728,2-Training-Stats/SPS,68.0,Pong1PQFM_XObs_entangled_trainable_rzz_QLayers_5___seed_1_1761468207
77824,2-Training-Stats/SPS,68.0,Pong1PQFM_XObs_entangled_trainable_rzz_QLayers_5___seed_1_1761468207
81920,2-Training-Stats/SPS,68.0,Pong1PQFM_XObs_entangled_trainable_rzz_QLayers_5___seed_1_1761468207
86016,2-Training-Stats/SPS,68.0,Pong1PQFM_XObs_entangled_trainable_rzz_QLayers_5___seed_1_1761468207
90112,2-Training-Stats/SPS,68.0,Pong1PQFM_XObs_entangled_trainable_rzz_QLayers_5___seed_1_1761468207
94208,2-Training-Stats/SPS,68.0,Pong1PQFM_XObs_entangled_trainable_rzz_QLayers_5___seed_1_1761468207
98304,2-Training-Stats/SPS,68.0,Pong1PQFM_XObs_entangled_trainable_rzz_QLayers_5___seed_1_1761468207
102400,2-Training-Stats/SPS,68.0,Pong1PQFM_XObs_entangled_trainable_rzz_QLayers_5___seed_1_1761468207
106496,2-Training-Stats/SPS,68.0,Pong1PQFM_XObs_entangled_trainable_rzz_QLayers_5___seed_1_1761468207
110592,2-Training-Stats/SPS,68.0,Pong1PQFM_XObs_entangled_trainable_rzz_QLayers_5___seed_1_1761468207
114688,2-Training-Stats/SPS,68.0,Pong1PQFM_XObs_entangled_trainable_rzz_QLayers_5___seed_1_1761468207
118784,2-Training-Stats/SPS,69.0,Pong1PQFM_XObs_entangled_trainable_rzz_QLayers_5___seed_1_1761468207
122880,2-Training-Stats/SPS,69.0,Pong1PQFM_XObs_entangled_trainable_rzz_QLayers_5___seed_1_1761468207
126976,2-Training-Stats/SPS,68.0,Pong1PQFM_XObs_entangled_trainable_rzz_QLayers_5___seed_1_1761468207
131072,2-Training-Stats/SPS,68.0,Pong1PQFM_XObs_entangled_trainable_rzz_QLayers_5___seed_1_1761468207
135168,2-Training-Stats/SPS,68.0,Pong1PQFM_XObs_entangled_trainable_rzz_QLayers_5___seed_1_1761468207
139264,2-Training-Stats/SPS,68.0,Pong1PQFM_XObs_entangled_trainable_rzz_QLayers_5___seed_1_1761468207
143360,2-Training-Stats/SPS,68.0,Pong1PQFM_XObs_entangled_trainable_rzz_QLayers_5___seed_1_1761468207
147456,2-Training-Stats/SPS,68.0,Pong1PQFM_XObs_entangled_trainable_rzz_QLayers_5___seed_1_1761468207
151552,2-Training-Stats/SPS,68.0,Pong1PQFM_XObs_entangled_trainable_rzz_QLayers_5___seed_1_1761468207
155648,2-Training-Stats/SPS,68.0,Pong1PQFM_XObs_entangled_trainable_rzz_QLayers_5___seed_1_1761468207
159744,2-Training-Stats/SPS,68.0,Pong1PQFM_XObs_entangled_trainable_rzz_QLayers_5___seed_1_1761468207
163840,2-Training-Stats/SPS,68.0,Pong1PQFM_XObs_entangled_trainable_rzz_QLayers_5___seed_1_1761468207
167936,2-Training-Stats/SPS,68.0,Pong1PQFM_XObs_entangled_trainable_rzz_QLayers_5___seed_1_1761468207
172032,2-Training-Stats/SPS,68.0,Pong1PQFM_XObs_entangled_trainable_rzz_QLayers_5___seed_1_1761468207
176128,2-Training-Stats/SPS,68.0,Pong1PQFM_XObs_entangled_trainable_rzz_QLayers_5___seed_1_1761468207
180224,2-Training-Stats/SPS,68.0,Pong1PQFM_XObs_entangled_trainable_rzz_QLayers_5___seed_1_1761468207
184320,2-Training-Stats/SPS,68.0,Pong1PQFM_XObs_entangled_trainable_rzz_QLayers_5___seed_1_1761468207
188416,2-Training-Stats/SPS,68.0,Pong1PQFM_XObs_entangled_trainable_rzz_QLayers_5___seed_1_1761468207
192512,2-Training-Stats/SPS,68.0,Pong1PQFM_XObs_entangled_trainable_rzz_QLayers_5___seed_1_1761468207
196608,2-Training-Stats/SPS,68.0,Pong1PQFM_XObs_entangled_trainable_rzz_QLayers_5___seed_1_1761468207
200704,2-Training-Stats/SPS,68.0,Pong1PQFM_XObs_entangled_trainable_rzz_QLayers_5___seed_1_1761468207
204800,2-Training-Stats/SPS,68.0,Pong1PQFM_XObs_entangled_trainable_rzz_QLayers_5___seed_1_1761468207
208896,2-Training-Stats/SPS,68.0,Pong1PQFM_XObs_entangled_trainable_rzz_QLayers_5___seed_1_1761468207
212992,2-Training-Stats/SPS,68.0,Pong1PQFM_XObs_entangled_trainable_rzz_QLayers_5___seed_1_1761468207
217088,2-Training-Stats/SPS,68.0,Pong1PQFM_XObs_entangled_trainable_rzz_QLayers_5___seed_1_1761468207
221184,2-Training-Stats/SPS,68.0,Pong1PQFM_XObs_entangled_trainable_rzz_QLayers_5___seed_1_1761468207
225280,2-Training-Stats/SPS,68.0,Pong1PQFM_XObs_entangled_trainable_rzz_QLayers_5___seed_1_1761468207
229376,2-Training-Stats/SPS,68.0,Pong1PQFM_XObs_entangled_trainable_rzz_QLayers_5___seed_1_1761468207
233472,2-Training-Stats/SPS,68.0,Pong1PQFM_XObs_entangled_trainable_rzz_QLayers_5___seed_1_1761468207
237568,2-Training-Stats/SPS,68.0,Pong1PQFM_XObs_entangled_trainable_rzz_QLayers_5___seed_1_1761468207
241664,2-Training-Stats/SPS,68.0,Pong1PQFM_XObs_entangled_trainable_rzz_QLayers_5___seed_1_1761468207
245760,2-Training-Stats/SPS,68.0,Pong1PQFM_XObs_entangled_trainable_rzz_QLayers_5___seed_1_1761468207
249856,2-Training-Stats/SPS,68.0,Pong1PQFM_XObs_entangled_trainable_rzz_QLayers_5___seed_1_1761468207
253952,2-Training-Stats/SPS,68.0,Pong1PQFM_XObs_entangled_trainable_rzz_QLayers_5___seed_1_1761468207
258048,2-Training-Stats/SPS,68.0,Pong1PQFM_XObs_entangled_trainable_rzz_QLayers_5___seed_1_1761468207
262144,2-Training-Stats/SPS,68.0,Pong1PQFM_XObs_entangled_trainable_rzz_QLayers_5___seed_1_1761468207
266240,2-Training-Stats/SPS,68.0,Pong1PQFM_XObs_entangled_trainable_rzz_QLayers_5___seed_1_1761468207
270336,2-Training-Stats/SPS,68.0,Pong1PQFM_XObs_entangled_trainable_rzz_QLayers_5___seed_1_1761468207
274432,2-Training-Stats/SPS,68.0,Pong1PQFM_XObs_entangled_trainable_rzz_QLayers_5___seed_1_1761468207
278528,2-Training-Stats/SPS,68.0,Pong1PQFM_XObs_entangled_trainable_rzz_QLayers_5___seed_1_1761468207
282624,2-Training-Stats/SPS,68.0,Pong1PQFM_XObs_entangled_trainable_rzz_QLayers_5___seed_1_1761468207
286720,2-Training-Stats/SPS,68.0,Pong1PQFM_XObs_entangled_trainable_rzz_QLayers_5___seed_1_1761468207
290816,2-Training-Stats/SPS,68.0,Pong1PQFM_XObs_entangled_trainable_rzz_QLayers_5___seed_1_1761468207
294912,2-Training-Stats/SPS,68.0,Pong1PQFM_XObs_entangled_trainable_rzz_QLayers_5___seed_1_1761468207
299008,2-Training-Stats/SPS,68.0,Pong1PQFM_XObs_entangled_trainable_rzz_QLayers_5___seed_1_1761468207
303104,2-Training-Stats/SPS,68.0,Pong1PQFM_XObs_entangled_trainable_rzz_QLayers_5___seed_1_1761468207
307200,2-Training-Stats/SPS,68.0,Pong1PQFM_XObs_entangled_trainable_rzz_QLayers_5___seed_1_1761468207
311296,2-Training-Stats/SPS,68.0,Pong1PQFM_XObs_entangled_trainable_rzz_QLayers_5___seed_1_1761468207
315392,2-Training-Stats/SPS,68.0,Pong1PQFM_XObs_entangled_trainable_rzz_QLayers_5___seed_1_1761468207
319488,2-Training-Stats/SPS,68.0,Pong1PQFM_XObs_entangled_trainable_rzz_QLayers_5___seed_1_1761468207
323584,2-Training-Stats/SPS,68.0,Pong1PQFM_XObs_entangled_trainable_rzz_QLayers_5___seed_1_1761468207
327680,2-Training-Stats/SPS,68.0,Pong1PQFM_XObs_entangled_trainable_rzz_QLayers_5___seed_1_1761468207
331776,2-Training-Stats/SPS,68.0,Pong1PQFM_XObs_entangled_trainable_rzz_QLayers_5___seed_1_1761468207
335872,2-Training-Stats/SPS,68.0,Pong1PQFM_XObs_entangled_trainable_rzz_QLayers_5___seed_1_1761468207
339968,2-Training-Stats/SPS,68.0,Pong1PQFM_XObs_entangled_trainable_rzz_QLayers_5___seed_1_1761468207
344064,2-Training-Stats/SPS,68.0,Pong1PQFM_XObs_entangled_trainable_rzz_QLayers_5___seed_1_1761468207
348160,2-Training-Stats/SPS,68.0,Pong1PQFM_XObs_entangled_trainable_rzz_QLayers_5___seed_1_1761468207
352256,2-Training-Stats/SPS,68.0,Pong1PQFM_XObs_entangled_trainable_rzz_QLayers_5___seed_1_1761468207
356352,2-Training-Stats/SPS,68.0,Pong1PQFM_XObs_entangled_trainable_rzz_QLayers_5___seed_1_1761468207
360448,2-Training-Stats/SPS,68.0,Pong1PQFM_XObs_entangled_trainable_rzz_QLayers_5___seed_1_1761468207
364544,2-Training-Stats/SPS,68.0,Pong1PQFM_XObs_entangled_trainable_rzz_QLayers_5___seed_1_1761468207
368640,2-Training-Stats/SPS,68.0,Pong1PQFM_XObs_entangled_trainable_rzz_QLayers_5___seed_1_1761468207
372736,2-Training-Stats/SPS,68.0,Pong1PQFM_XObs_entangled_trainable_rzz_QLayers_5___seed_1_1761468207
376832,2-Training-Stats/SPS,68.0,Pong1PQFM_XObs_entangled_trainable_rzz_QLayers_5___seed_1_1761468207
380928,2-Training-Stats/SPS,68.0,Pong1PQFM_XObs_entangled_trainable_rzz_QLayers_5___seed_1_1761468207
385024,2-Training-Stats/SPS,68.0,Pong1PQFM_XObs_entangled_trainable_rzz_QLayers_5___seed_1_1761468207
389120,2-Training-Stats/SPS,68.0,Pong1PQFM_XObs_entangled_trainable_rzz_QLayers_5___seed_1_1761468207
393216,2-Training-Stats/SPS,68.0,Pong1PQFM_XObs_entangled_trainable_rzz_QLayers_5___seed_1_1761468207
397312,2-Training-Stats/SPS,68.0,Pong1PQFM_XObs_entangled_trainable_rzz_QLayers_5___seed_1_1761468207
401408,2-Training-Stats/SPS,68.0,Pong1PQFM_XObs_entangled_trainable_rzz_QLayers_5___seed_1_1761468207
405504,2-Training-Stats/SPS,68.0,Pong1PQFM_XObs_entangled_trainable_rzz_QLayers_5___seed_1_1761468207
409600,2-Training-Stats/SPS,68.0,Pong1PQFM_XObs_entangled_trainable_rzz_QLayers_5___seed_1_1761468207
413696,2-Training-Stats/SPS,68.0,Pong1PQFM_XObs_entangled_trainable_rzz_QLayers_5___seed_1_1761468207
417792,2-Training-Stats/SPS,68.0,Pong1PQFM_XObs_entangled_trainable_rzz_QLayers_5___seed_1_1761468207
421888,2-Training-Stats/SPS,68.0,Pong1PQFM_XObs_entangled_trainable_rzz_QLayers_5___seed_1_1761468207
425984,2-Training-Stats/SPS,68.0,Pong1PQFM_XObs_entangled_trainable_rzz_QLayers_5___seed_1_1761468207
430080,2-Training-Stats/SPS,68.0,Pong1PQFM_XObs_entangled_trainable_rzz_QLayers_5___seed_1_1761468207
434176,2-Training-Stats/SPS,68.0,Pong1PQFM_XObs_entangled_trainable_rzz_QLayers_5___seed_1_1761468207
438272,2-Training-Stats/SPS,68.0,Pong1PQFM_XObs_entangled_trainable_rzz_QLayers_5___seed_1_1761468207
442368,2-Training-Stats/SPS,68.0,Pong1PQFM_XObs_entangled_trainable_rzz_QLayers_5___seed_1_1761468207
446464,2-Training-Stats/SPS,68.0,Pong1PQFM_XObs_entangled_trainable_rzz_QLayers_5___seed_1_1761468207
450560,2-Training-Stats/SPS,68.0,Pong1PQFM_XObs_entangled_trainable_rzz_QLayers_5___seed_1_1761468207
454656,2-Training-Stats/SPS,68.0,Pong1PQFM_XObs_entangled_trainable_rzz_QLayers_5___seed_1_1761468207
458752,2-Training-Stats/SPS,68.0,Pong1PQFM_XObs_entangled_trainable_rzz_QLayers_5___seed_1_1761468207
462848,2-Training-Stats/SPS,68.0,Pong1PQFM_XObs_entangled_trainable_rzz_QLayers_5___seed_1_1761468207
466944,2-Training-Stats/SPS,68.0,Pong1PQFM_XObs_entangled_trainable_rzz_QLayers_5___seed_1_1761468207
471040,2-Training-Stats/SPS,68.0,Pong1PQFM_XObs_entangled_trainable_rzz_QLayers_5___seed_1_1761468207
475136,2-Training-Stats/SPS,68.0,Pong1PQFM_XObs_entangled_trainable_rzz_QLayers_5___seed_1_1761468207
479232,2-Training-Stats/SPS,68.0,Pong1PQFM_XObs_entangled_trainable_rzz_QLayers_5___seed_1_1761468207
483328,2-Training-Stats/SPS,68.0,Pong1PQFM_XObs_entangled_trainable_rzz_QLayers_5___seed_1_1761468207
487424,2-Training-Stats/SPS,68.0,Pong1PQFM_XObs_entangled_trainable_rzz_QLayers_5___seed_1_1761468207
491520,2-Training-Stats/SPS,68.0,Pong1PQFM_XObs_entangled_trainable_rzz_QLayers_5___seed_1_1761468207
495616,2-Training-Stats/SPS,68.0,Pong1PQFM_XObs_entangled_trainable_rzz_QLayers_5___seed_1_1761468207
499712,2-Training-Stats/SPS,68.0,Pong1PQFM_XObs_entangled_trainable_rzz_QLayers_5___seed_1_1761468207
503808,2-Training-Stats/SPS,68.0,Pong1PQFM_XObs_entangled_trainable_rzz_QLayers_5___seed_1_1761468207
507904,2-Training-Stats/SPS,68.0,Pong1PQFM_XObs_entangled_trainable_rzz_QLayers_5___seed_1_1761468207
512000,2-Training-Stats/SPS,68.0,Pong1PQFM_XObs_entangled_trainable_rzz_QLayers_5___seed_1_1761468207
516096,2-Training-Stats/SPS,68.0,Pong1PQFM_XObs_entangled_trainable_rzz_QLayers_5___seed_1_1761468207
520192,2-Training-Stats/SPS,68.0,Pong1PQFM_XObs_entangled_trainable_rzz_QLayers_5___seed_1_1761468207
524288,2-Training-Stats/SPS,68.0,Pong1PQFM_XObs_entangled_trainable_rzz_QLayers_5___seed_1_1761468207
528384,2-Training-Stats/SPS,68.0,Pong1PQFM_XObs_entangled_trainable_rzz_QLayers_5___seed_1_1761468207
532480,2-Training-Stats/SPS,68.0,Pong1PQFM_XObs_entangled_trainable_rzz_QLayers_5___seed_1_1761468207
536576,2-Training-Stats/SPS,68.0,Pong1PQFM_XObs_entangled_trainable_rzz_QLayers_5___seed_1_1761468207
540672,2-Training-Stats/SPS,68.0,Pong1PQFM_XObs_entangled_trainable_rzz_QLayers_5___seed_1_1761468207
544768,2-Training-Stats/SPS,68.0,Pong1PQFM_XObs_entangled_trainable_rzz_QLayers_5___seed_1_1761468207
548864,2-Training-Stats/SPS,68.0,Pong1PQFM_XObs_entangled_trainable_rzz_QLayers_5___seed_1_1761468207
552960,2-Training-Stats/SPS,68.0,Pong1PQFM_XObs_entangled_trainable_rzz_QLayers_5___seed_1_1761468207
557056,2-Training-Stats/SPS,68.0,Pong1PQFM_XObs_entangled_trainable_rzz_QLayers_5___seed_1_1761468207
561152,2-Training-Stats/SPS,68.0,Pong1PQFM_XObs_entangled_trainable_rzz_QLayers_5___seed_1_1761468207
565248,2-Training-Stats/SPS,68.0,Pong1PQFM_XObs_entangled_trainable_rzz_QLayers_5___seed_1_1761468207
569344,2-Training-Stats/SPS,68.0,Pong1PQFM_XObs_entangled_trainable_rzz_QLayers_5___seed_1_1761468207
573440,2-Training-Stats/SPS,68.0,Pong1PQFM_XObs_entangled_trainable_rzz_QLayers_5___seed_1_1761468207
577536,2-Training-Stats/SPS,68.0,Pong1PQFM_XObs_entangled_trainable_rzz_QLayers_5___seed_1_1761468207
581632,2-Training-Stats/SPS,68.0,Pong1PQFM_XObs_entangled_trainable_rzz_QLayers_5___seed_1_1761468207
585728,2-Training-Stats/SPS,68.0,Pong1PQFM_XObs_entangled_trainable_rzz_QLayers_5___seed_1_1761468207
589824,2-Training-Stats/SPS,68.0,Pong1PQFM_XObs_entangled_trainable_rzz_QLayers_5___seed_1_1761468207
593920,2-Training-Stats/SPS,68.0,Pong1PQFM_XObs_entangled_trainable_rzz_QLayers_5___seed_1_1761468207
598016,2-Training-Stats/SPS,68.0,Pong1PQFM_XObs_entangled_trainable_rzz_QLayers_5___seed_1_1761468207
602112,2-Training-Stats/SPS,68.0,Pong1PQFM_XObs_entangled_trainable_rzz_QLayers_5___seed_1_1761468207
606208,2-Training-Stats/SPS,68.0,Pong1PQFM_XObs_entangled_trainable_rzz_QLayers_5___seed_1_1761468207
610304,2-Training-Stats/SPS,68.0,Pong1PQFM_XObs_entangled_trainable_rzz_QLayers_5___seed_1_1761468207
614400,2-Training-Stats/SPS,68.0,Pong1PQFM_XObs_entangled_trainable_rzz_QLayers_5___seed_1_1761468207
618496,2-Training-Stats/SPS,68.0,Pong1PQFM_XObs_entangled_trainable_rzz_QLayers_5___seed_1_1761468207
622592,2-Training-Stats/SPS,68.0,Pong1PQFM_XObs_entangled_trainable_rzz_QLayers_5___seed_1_1761468207
626688,2-Training-Stats/SPS,68.0,Pong1PQFM_XObs_entangled_trainable_rzz_QLayers_5___seed_1_1761468207
630784,2-Training-Stats/SPS,68.0,Pong1PQFM_XObs_entangled_trainable_rzz_QLayers_5___seed_1_1761468207
634880,2-Training-Stats/SPS,68.0,Pong1PQFM_XObs_entangled_trainable_rzz_QLayers_5___seed_1_1761468207
638976,2-Training-Stats/SPS,68.0,Pong1PQFM_XObs_entangled_trainable_rzz_QLayers_5___seed_1_1761468207
643072,2-Training-Stats/SPS,68.0,Pong1PQFM_XObs_entangled_trainable_rzz_QLayers_5___seed_1_1761468207
647168,2-Training-Stats/SPS,68.0,Pong1PQFM_XObs_entangled_trainable_rzz_QLayers_5___seed_1_1761468207
651264,2-Training-Stats/SPS,68.0,Pong1PQFM_XObs_entangled_trainable_rzz_QLayers_5___seed_1_1761468207
655360,2-Training-Stats/SPS,68.0,Pong1PQFM_XObs_entangled_trainable_rzz_QLayers_5___seed_1_1761468207
659456,2-Training-Stats/SPS,68.0,Pong1PQFM_XObs_entangled_trainable_rzz_QLayers_5___seed_1_1761468207
663552,2-Training-Stats/SPS,68.0,Pong1PQFM_XObs_entangled_trainable_rzz_QLayers_5___seed_1_1761468207
667648,2-Training-Stats/SPS,68.0,Pong1PQFM_XObs_entangled_trainable_rzz_QLayers_5___seed_1_1761468207
671744,2-Training-Stats/SPS,68.0,Pong1PQFM_XObs_entangled_trainable_rzz_QLayers_5___seed_1_1761468207
675840,2-Training-Stats/SPS,68.0,Pong1PQFM_XObs_entangled_trainable_rzz_QLayers_5___seed_1_1761468207
679936,2-Training-Stats/SPS,68.0,Pong1PQFM_XObs_entangled_trainable_rzz_QLayers_5___seed_1_1761468207
684032,2-Training-Stats/SPS,68.0,Pong1PQFM_XObs_entangled_trainable_rzz_QLayers_5___seed_1_1761468207
688128,2-Training-Stats/SPS,68.0,Pong1PQFM_XObs_entangled_trainable_rzz_QLayers_5___seed_1_1761468207
692224,2-Training-Stats/SPS,68.0,Pong1PQFM_XObs_entangled_trainable_rzz_QLayers_5___seed_1_1761468207
696320,2-Training-Stats/SPS,68.0,Pong1PQFM_XObs_entangled_trainable_rzz_QLayers_5___seed_1_1761468207
700416,2-Training-Stats/SPS,68.0,Pong1PQFM_XObs_entangled_trainable_rzz_QLayers_5___seed_1_1761468207
704512,2-Training-Stats/SPS,68.0,Pong1PQFM_XObs_entangled_trainable_rzz_QLayers_5___seed_1_1761468207
708608,2-Training-Stats/SPS,68.0,Pong1PQFM_XObs_entangled_trainable_rzz_QLayers_5___seed_1_1761468207
712704,2-Training-Stats/SPS,68.0,Pong1PQFM_XObs_entangled_trainable_rzz_QLayers_5___seed_1_1761468207
716800,2-Training-Stats/SPS,68.0,Pong1PQFM_XObs_entangled_trainable_rzz_QLayers_5___seed_1_1761468207
720896,2-Training-Stats/SPS,68.0,Pong1PQFM_XObs_entangled_trainable_rzz_QLayers_5___seed_1_1761468207
724992,2-Training-Stats/SPS,68.0,Pong1PQFM_XObs_entangled_trainable_rzz_QLayers_5___seed_1_1761468207
729088,2-Training-Stats/SPS,68.0,Pong1PQFM_XObs_entangled_trainable_rzz_QLayers_5___seed_1_1761468207
733184,2-Training-Stats/SPS,68.0,Pong1PQFM_XObs_entangled_trainable_rzz_QLayers_5___seed_1_1761468207
737280,2-Training-Stats/SPS,68.0,Pong1PQFM_XObs_entangled_trainable_rzz_QLayers_5___seed_1_1761468207
741376,2-Training-Stats/SPS,68.0,Pong1PQFM_XObs_entangled_trainable_rzz_QLayers_5___seed_1_1761468207
745472,2-Training-Stats/SPS,68.0,Pong1PQFM_XObs_entangled_trainable_rzz_QLayers_5___seed_1_1761468207
749568,2-Training-Stats/SPS,68.0,Pong1PQFM_XObs_entangled_trainable_rzz_QLayers_5___seed_1_1761468207
753664,2-Training-Stats/SPS,68.0,Pong1PQFM_XObs_entangled_trainable_rzz_QLayers_5___seed_1_1761468207
757760,2-Training-Stats/SPS,68.0,Pong1PQFM_XObs_entangled_trainable_rzz_QLayers_5___seed_1_1761468207
761856,2-Training-Stats/SPS,68.0,Pong1PQFM_XObs_entangled_trainable_rzz_QLayers_5___seed_1_1761468207
765952,2-Training-Stats/SPS,68.0,Pong1PQFM_XObs_entangled_trainable_rzz_QLayers_5___seed_1_1761468207
770048,2-Training-Stats/SPS,68.0,Pong1PQFM_XObs_entangled_trainable_rzz_QLayers_5___seed_1_1761468207
774144,2-Training-Stats/SPS,68.0,Pong1PQFM_XObs_entangled_trainable_rzz_QLayers_5___seed_1_1761468207
778240,2-Training-Stats/SPS,68.0,Pong1PQFM_XObs_entangled_trainable_rzz_QLayers_5___seed_1_1761468207
782336,2-Training-Stats/SPS,68.0,Pong1PQFM_XObs_entangled_trainable_rzz_QLayers_5___seed_1_1761468207
786432,2-Training-Stats/SPS,68.0,Pong1PQFM_XObs_entangled_trainable_rzz_QLayers_5___seed_1_1761468207
790528,2-Training-Stats/SPS,68.0,Pong1PQFM_XObs_entangled_trainable_rzz_QLayers_5___seed_1_1761468207
794624,2-Training-Stats/SPS,68.0,Pong1PQFM_XObs_entangled_trainable_rzz_QLayers_5___seed_1_1761468207
798720,2-Training-Stats/SPS,68.0,Pong1PQFM_XObs_entangled_trainable_rzz_QLayers_5___seed_1_1761468207
802816,2-Training-Stats/SPS,68.0,Pong1PQFM_XObs_entangled_trainable_rzz_QLayers_5___seed_1_1761468207
806912,2-Training-Stats/SPS,68.0,Pong1PQFM_XObs_entangled_trainable_rzz_QLayers_5___seed_1_1761468207
811008,2-Training-Stats/SPS,68.0,Pong1PQFM_XObs_entangled_trainable_rzz_QLayers_5___seed_1_1761468207
815104,2-Training-Stats/SPS,68.0,Pong1PQFM_XObs_entangled_trainable_rzz_QLayers_5___seed_1_1761468207
819200,2-Training-Stats/SPS,68.0,Pong1PQFM_XObs_entangled_trainable_rzz_QLayers_5___seed_1_1761468207
823296,2-Training-Stats/SPS,68.0,Pong1PQFM_XObs_entangled_trainable_rzz_QLayers_5___seed_1_1761468207
827392,2-Training-Stats/SPS,68.0,Pong1PQFM_XObs_entangled_trainable_rzz_QLayers_5___seed_1_1761468207
831488,2-Training-Stats/SPS,68.0,Pong1PQFM_XObs_entangled_trainable_rzz_QLayers_5___seed_1_1761468207
835584,2-Training-Stats/SPS,68.0,Pong1PQFM_XObs_entangled_trainable_rzz_QLayers_5___seed_1_1761468207
839680,2-Training-Stats/SPS,68.0,Pong1PQFM_XObs_entangled_trainable_rzz_QLayers_5___seed_1_1761468207
843776,2-Training-Stats/SPS,68.0,Pong1PQFM_XObs_entangled_trainable_rzz_QLayers_5___seed_1_1761468207
847872,2-Training-Stats/SPS,68.0,Pong1PQFM_XObs_entangled_trainable_rzz_QLayers_5___seed_1_1761468207
851968,2-Training-Stats/SPS,68.0,Pong1PQFM_XObs_entangled_trainable_rzz_QLayers_5___seed_1_1761468207
856064,2-Training-Stats/SPS,68.0,Pong1PQFM_XObs_entangled_trainable_rzz_QLayers_5___seed_1_1761468207
860160,2-Training-Stats/SPS,68.0,Pong1PQFM_XObs_entangled_trainable_rzz_QLayers_5___seed_1_1761468207
864256,2-Training-Stats/SPS,68.0,Pong1PQFM_XObs_entangled_trainable_rzz_QLayers_5___seed_1_1761468207
868352,2-Training-Stats/SPS,68.0,Pong1PQFM_XObs_entangled_trainable_rzz_QLayers_5___seed_1_1761468207
872448,2-Training-Stats/SPS,68.0,Pong1PQFM_XObs_entangled_trainable_rzz_QLayers_5___seed_1_1761468207
876544,2-Training-Stats/SPS,68.0,Pong1PQFM_XObs_entangled_trainable_rzz_QLayers_5___seed_1_1761468207
880640,2-Training-Stats/SPS,68.0,Pong1PQFM_XObs_entangled_trainable_rzz_QLayers_5___seed_1_1761468207
884736,2-Training-Stats/SPS,68.0,Pong1PQFM_XObs_entangled_trainable_rzz_QLayers_5___seed_1_1761468207
888832,2-Training-Stats/SPS,68.0,Pong1PQFM_XObs_entangled_trainable_rzz_QLayers_5___seed_1_1761468207
892928,2-Training-Stats/SPS,68.0,Pong1PQFM_XObs_entangled_trainable_rzz_QLayers_5___seed_1_1761468207
897024,2-Training-Stats/SPS,68.0,Pong1PQFM_XObs_entangled_trainable_rzz_QLayers_5___seed_1_1761468207
901120,2-Training-Stats/SPS,68.0,Pong1PQFM_XObs_entangled_trainable_rzz_QLayers_5___seed_1_1761468207
905216,2-Training-Stats/SPS,68.0,Pong1PQFM_XObs_entangled_trainable_rzz_QLayers_5___seed_1_1761468207
909312,2-Training-Stats/SPS,68.0,Pong1PQFM_XObs_entangled_trainable_rzz_QLayers_5___seed_1_1761468207
913408,2-Training-Stats/SPS,68.0,Pong1PQFM_XObs_entangled_trainable_rzz_QLayers_5___seed_1_1761468207
917504,2-Training-Stats/SPS,68.0,Pong1PQFM_XObs_entangled_trainable_rzz_QLayers_5___seed_1_1761468207
921600,2-Training-Stats/SPS,68.0,Pong1PQFM_XObs_entangled_trainable_rzz_QLayers_5___seed_1_1761468207
925696,2-Training-Stats/SPS,68.0,Pong1PQFM_XObs_entangled_trainable_rzz_QLayers_5___seed_1_1761468207
929792,2-Training-Stats/SPS,68.0,Pong1PQFM_XObs_entangled_trainable_rzz_QLayers_5___seed_1_1761468207
933888,2-Training-Stats/SPS,68.0,Pong1PQFM_XObs_entangled_trainable_rzz_QLayers_5___seed_1_1761468207
937984,2-Training-Stats/SPS,68.0,Pong1PQFM_XObs_entangled_trainable_rzz_QLayers_5___seed_1_1761468207
942080,2-Training-Stats/SPS,68.0,Pong1PQFM_XObs_entangled_trainable_rzz_QLayers_5___seed_1_1761468207
946176,2-Training-Stats/SPS,68.0,Pong1PQFM_XObs_entangled_trainable_rzz_QLayers_5___seed_1_1761468207
950272,2-Training-Stats/SPS,68.0,Pong1PQFM_XObs_entangled_trainable_rzz_QLayers_5___seed_1_1761468207
954368,2-Training-Stats/SPS,68.0,Pong1PQFM_XObs_entangled_trainable_rzz_QLayers_5___seed_1_1761468207
958464,2-Training-Stats/SPS,68.0,Pong1PQFM_XObs_entangled_trainable_rzz_QLayers_5___seed_1_1761468207
962560,2-Training-Stats/SPS,68.0,Pong1PQFM_XObs_entangled_trainable_rzz_QLayers_5___seed_1_1761468207
966656,2-Training-Stats/SPS,68.0,Pong1PQFM_XObs_entangled_trainable_rzz_QLayers_5___seed_1_1761468207
970752,2-Training-Stats/SPS,68.0,Pong1PQFM_XObs_entangled_trainable_rzz_QLayers_5___seed_1_1761468207
974848,2-Training-Stats/SPS,68.0,Pong1PQFM_XObs_entangled_trainable_rzz_QLayers_5___seed_1_1761468207
978944,2-Training-Stats/SPS,68.0,Pong1PQFM_XObs_entangled_trainable_rzz_QLayers_5___seed_1_1761468207
983040,2-Training-Stats/SPS,68.0,Pong1PQFM_XObs_entangled_trainable_rzz_QLayers_5___seed_1_1761468207
987136,2-Training-Stats/SPS,68.0,Pong1PQFM_XObs_entangled_trainable_rzz_QLayers_5___seed_1_1761468207
991232,2-Training-Stats/SPS,68.0,Pong1PQFM_XObs_entangled_trainable_rzz_QLayers_5___seed_1_1761468207
995328,2-Training-Stats/SPS,68.0,Pong1PQFM_XObs_entangled_trainable_rzz_QLayers_5___seed_1_1761468207
999424,2-Training-Stats/SPS,68.0,Pong1PQFM_XObs_entangled_trainable_rzz_QLayers_5___seed_1_1761468207
1003520,2-Training-Stats/SPS,68.0,Pong1PQFM_XObs_entangled_trainable_rzz_QLayers_5___seed_1_1761468207
1007616,2-Training-Stats/SPS,68.0,Pong1PQFM_XObs_entangled_trainable_rzz_QLayers_5___seed_1_1761468207
1011712,2-Training-Stats/SPS,68.0,Pong1PQFM_XObs_entangled_trainable_rzz_QLayers_5___seed_1_1761468207
1015808,2-Training-Stats/SPS,68.0,Pong1PQFM_XObs_entangled_trainable_rzz_QLayers_5___seed_1_1761468207
1019904,2-Training-Stats/SPS,68.0,Pong1PQFM_XObs_entangled_trainable_rzz_QLayers_5___seed_1_1761468207
1024000,2-Training-Stats/SPS,68.0,Pong1PQFM_XObs_entangled_trainable_rzz_QLayers_5___seed_1_1761468207
1028096,2-Training-Stats/SPS,68.0,Pong1PQFM_XObs_entangled_trainable_rzz_QLayers_5___seed_1_1761468207
1032192,2-Training-Stats/SPS,68.0,Pong1PQFM_XObs_entangled_trainable_rzz_QLayers_5___seed_1_1761468207
1036288,2-Training-Stats/SPS,68.0,Pong1PQFM_XObs_entangled_trainable_rzz_QLayers_5___seed_1_1761468207
1040384,2-Training-Stats/SPS,68.0,Pong1PQFM_XObs_entangled_trainable_rzz_QLayers_5___seed_1_1761468207
1044480,2-Training-Stats/SPS,68.0,Pong1PQFM_XObs_entangled_trainable_rzz_QLayers_5___seed_1_1761468207
1048576,2-Training-Stats/SPS,68.0,Pong1PQFM_XObs_entangled_trainable_rzz_QLayers_5___seed_1_1761468207
1052672,2-Training-Stats/SPS,68.0,Pong1PQFM_XObs_entangled_trainable_rzz_QLayers_5___seed_1_1761468207
1056768,2-Training-Stats/SPS,68.0,Pong1PQFM_XObs_entangled_trainable_rzz_QLayers_5___seed_1_1761468207
1060864,2-Training-Stats/SPS,68.0,Pong1PQFM_XObs_entangled_trainable_rzz_QLayers_5___seed_1_1761468207
1064960,2-Training-Stats/SPS,68.0,Pong1PQFM_XObs_entangled_trainable_rzz_QLayers_5___seed_1_1761468207
1069056,2-Training-Stats/SPS,68.0,Pong1PQFM_XObs_entangled_trainable_rzz_QLayers_5___seed_1_1761468207
1073152,2-Training-Stats/SPS,68.0,Pong1PQFM_XObs_entangled_trainable_rzz_QLayers_5___seed_1_1761468207
1077248,2-Training-Stats/SPS,68.0,Pong1PQFM_XObs_entangled_trainable_rzz_QLayers_5___seed_1_1761468207
1081344,2-Training-Stats/SPS,68.0,Pong1PQFM_XObs_entangled_trainable_rzz_QLayers_5___seed_1_1761468207
1085440,2-Training-Stats/SPS,68.0,Pong1PQFM_XObs_entangled_trainable_rzz_QLayers_5___seed_1_1761468207
1089536,2-Training-Stats/SPS,68.0,Pong1PQFM_XObs_entangled_trainable_rzz_QLayers_5___seed_1_1761468207
1093632,2-Training-Stats/SPS,68.0,Pong1PQFM_XObs_entangled_trainable_rzz_QLayers_5___seed_1_1761468207
1097728,2-Training-Stats/SPS,68.0,Pong1PQFM_XObs_entangled_trainable_rzz_QLayers_5___seed_1_1761468207
1101824,2-Training-Stats/SPS,68.0,Pong1PQFM_XObs_entangled_trainable_rzz_QLayers_5___seed_1_1761468207
1105920,2-Training-Stats/SPS,68.0,Pong1PQFM_XObs_entangled_trainable_rzz_QLayers_5___seed_1_1761468207
1110016,2-Training-Stats/SPS,68.0,Pong1PQFM_XObs_entangled_trainable_rzz_QLayers_5___seed_1_1761468207
1114112,2-Training-Stats/SPS,68.0,Pong1PQFM_XObs_entangled_trainable_rzz_QLayers_5___seed_1_1761468207
1118208,2-Training-Stats/SPS,68.0,Pong1PQFM_XObs_entangled_trainable_rzz_QLayers_5___seed_1_1761468207
1122304,2-Training-Stats/SPS,68.0,Pong1PQFM_XObs_entangled_trainable_rzz_QLayers_5___seed_1_1761468207
1126400,2-Training-Stats/SPS,68.0,Pong1PQFM_XObs_entangled_trainable_rzz_QLayers_5___seed_1_1761468207
1130496,2-Training-Stats/SPS,68.0,Pong1PQFM_XObs_entangled_trainable_rzz_QLayers_5___seed_1_1761468207
1134592,2-Training-Stats/SPS,68.0,Pong1PQFM_XObs_entangled_trainable_rzz_QLayers_5___seed_1_1761468207
1138688,2-Training-Stats/SPS,68.0,Pong1PQFM_XObs_entangled_trainable_rzz_QLayers_5___seed_1_1761468207
1142784,2-Training-Stats/SPS,68.0,Pong1PQFM_XObs_entangled_trainable_rzz_QLayers_5___seed_1_1761468207
1146880,2-Training-Stats/SPS,68.0,Pong1PQFM_XObs_entangled_trainable_rzz_QLayers_5___seed_1_1761468207
1150976,2-Training-Stats/SPS,68.0,Pong1PQFM_XObs_entangled_trainable_rzz_QLayers_5___seed_1_1761468207
1155072,2-Training-Stats/SPS,68.0,Pong1PQFM_XObs_entangled_trainable_rzz_QLayers_5___seed_1_1761468207
1159168,2-Training-Stats/SPS,68.0,Pong1PQFM_XObs_entangled_trainable_rzz_QLayers_5___seed_1_1761468207
1163264,2-Training-Stats/SPS,68.0,Pong1PQFM_XObs_entangled_trainable_rzz_QLayers_5___seed_1_1761468207
1167360,2-Training-Stats/SPS,68.0,Pong1PQFM_XObs_entangled_trainable_rzz_QLayers_5___seed_1_1761468207
1171456,2-Training-Stats/SPS,68.0,Pong1PQFM_XObs_entangled_trainable_rzz_QLayers_5___seed_1_1761468207
1175552,2-Training-Stats/SPS,68.0,Pong1PQFM_XObs_entangled_trainable_rzz_QLayers_5___seed_1_1761468207
1179648,2-Training-Stats/SPS,68.0,Pong1PQFM_XObs_entangled_trainable_rzz_QLayers_5___seed_1_1761468207
1183744,2-Training-Stats/SPS,68.0,Pong1PQFM_XObs_entangled_trainable_rzz_QLayers_5___seed_1_1761468207
1187840,2-Training-Stats/SPS,68.0,Pong1PQFM_XObs_entangled_trainable_rzz_QLayers_5___seed_1_1761468207
1191936,2-Training-Stats/SPS,68.0,Pong1PQFM_XObs_entangled_trainable_rzz_QLayers_5___seed_1_1761468207
1196032,2-Training-Stats/SPS,68.0,Pong1PQFM_XObs_entangled_trainable_rzz_QLayers_5___seed_1_1761468207
1200128,2-Training-Stats/SPS,68.0,Pong1PQFM_XObs_entangled_trainable_rzz_QLayers_5___seed_1_1761468207
1204224,2-Training-Stats/SPS,68.0,Pong1PQFM_XObs_entangled_trainable_rzz_QLayers_5___seed_1_1761468207
1208320,2-Training-Stats/SPS,68.0,Pong1PQFM_XObs_entangled_trainable_rzz_QLayers_5___seed_1_1761468207
1212416,2-Training-Stats/SPS,68.0,Pong1PQFM_XObs_entangled_trainable_rzz_QLayers_5___seed_1_1761468207
1216512,2-Training-Stats/SPS,68.0,Pong1PQFM_XObs_entangled_trainable_rzz_QLayers_5___seed_1_1761468207
1220608,2-Training-Stats/SPS,68.0,Pong1PQFM_XObs_entangled_trainable_rzz_QLayers_5___seed_1_1761468207
1224704,2-Training-Stats/SPS,68.0,Pong1PQFM_XObs_entangled_trainable_rzz_QLayers_5___seed_1_1761468207
1228800,2-Training-Stats/SPS,68.0,Pong1PQFM_XObs_entangled_trainable_rzz_QLayers_5___seed_1_1761468207
1232896,2-Training-Stats/SPS,68.0,Pong1PQFM_XObs_entangled_trainable_rzz_QLayers_5___seed_1_1761468207
1236992,2-Training-Stats/SPS,68.0,Pong1PQFM_XObs_entangled_trainable_rzz_QLayers_5___seed_1_1761468207
1241088,2-Training-Stats/SPS,68.0,Pong1PQFM_XObs_entangled_trainable_rzz_QLayers_5___seed_1_1761468207
1245184,2-Training-Stats/SPS,68.0,Pong1PQFM_XObs_entangled_trainable_rzz_QLayers_5___seed_1_1761468207
1249280,2-Training-Stats/SPS,68.0,Pong1PQFM_XObs_entangled_trainable_rzz_QLayers_5___seed_1_1761468207
1253376,2-Training-Stats/SPS,68.0,Pong1PQFM_XObs_entangled_trainable_rzz_QLayers_5___seed_1_1761468207
1257472,2-Training-Stats/SPS,68.0,Pong1PQFM_XObs_entangled_trainable_rzz_QLayers_5___seed_1_1761468207
1261568,2-Training-Stats/SPS,68.0,Pong1PQFM_XObs_entangled_trainable_rzz_QLayers_5___seed_1_1761468207
1265664,2-Training-Stats/SPS,68.0,Pong1PQFM_XObs_entangled_trainable_rzz_QLayers_5___seed_1_1761468207
1269760,2-Training-Stats/SPS,68.0,Pong1PQFM_XObs_entangled_trainable_rzz_QLayers_5___seed_1_1761468207
1273856,2-Training-Stats/SPS,68.0,Pong1PQFM_XObs_entangled_trainable_rzz_QLayers_5___seed_1_1761468207
1277952,2-Training-Stats/SPS,68.0,Pong1PQFM_XObs_entangled_trainable_rzz_QLayers_5___seed_1_1761468207
1282048,2-Training-Stats/SPS,68.0,Pong1PQFM_XObs_entangled_trainable_rzz_QLayers_5___seed_1_1761468207
1286144,2-Training-Stats/SPS,68.0,Pong1PQFM_XObs_entangled_trainable_rzz_QLayers_5___seed_1_1761468207
1290240,2-Training-Stats/SPS,68.0,Pong1PQFM_XObs_entangled_trainable_rzz_QLayers_5___seed_1_1761468207
1294336,2-Training-Stats/SPS,68.0,Pong1PQFM_XObs_entangled_trainable_rzz_QLayers_5___seed_1_1761468207
1298432,2-Training-Stats/SPS,68.0,Pong1PQFM_XObs_entangled_trainable_rzz_QLayers_5___seed_1_1761468207
1302528,2-Training-Stats/SPS,68.0,Pong1PQFM_XObs_entangled_trainable_rzz_QLayers_5___seed_1_1761468207
1306624,2-Training-Stats/SPS,68.0,Pong1PQFM_XObs_entangled_trainable_rzz_QLayers_5___seed_1_1761468207
1310720,2-Training-Stats/SPS,68.0,Pong1PQFM_XObs_entangled_trainable_rzz_QLayers_5___seed_1_1761468207
1314816,2-Training-Stats/SPS,68.0,Pong1PQFM_XObs_entangled_trainable_rzz_QLayers_5___seed_1_1761468207
1318912,2-Training-Stats/SPS,68.0,Pong1PQFM_XObs_entangled_trainable_rzz_QLayers_5___seed_1_1761468207
1323008,2-Training-Stats/SPS,68.0,Pong1PQFM_XObs_entangled_trainable_rzz_QLayers_5___seed_1_1761468207
1327104,2-Training-Stats/SPS,68.0,Pong1PQFM_XObs_entangled_trainable_rzz_QLayers_5___seed_1_1761468207
1331200,2-Training-Stats/SPS,68.0,Pong1PQFM_XObs_entangled_trainable_rzz_QLayers_5___seed_1_1761468207
1335296,2-Training-Stats/SPS,68.0,Pong1PQFM_XObs_entangled_trainable_rzz_QLayers_5___seed_1_1761468207
1339392,2-Training-Stats/SPS,68.0,Pong1PQFM_XObs_entangled_trainable_rzz_QLayers_5___seed_1_1761468207
1343488,2-Training-Stats/SPS,68.0,Pong1PQFM_XObs_entangled_trainable_rzz_QLayers_5___seed_1_1761468207
1347584,2-Training-Stats/SPS,68.0,Pong1PQFM_XObs_entangled_trainable_rzz_QLayers_5___seed_1_1761468207
1351680,2-Training-Stats/SPS,68.0,Pong1PQFM_XObs_entangled_trainable_rzz_QLayers_5___seed_1_1761468207
1355776,2-Training-Stats/SPS,68.0,Pong1PQFM_XObs_entangled_trainable_rzz_QLayers_5___seed_1_1761468207
1359872,2-Training-Stats/SPS,68.0,Pong1PQFM_XObs_entangled_trainable_rzz_QLayers_5___seed_1_1761468207
1363968,2-Training-Stats/SPS,68.0,Pong1PQFM_XObs_entangled_trainable_rzz_QLayers_5___seed_1_1761468207
1368064,2-Training-Stats/SPS,68.0,Pong1PQFM_XObs_entangled_trainable_rzz_QLayers_5___seed_1_1761468207
1372160,2-Training-Stats/SPS,68.0,Pong1PQFM_XObs_entangled_trainable_rzz_QLayers_5___seed_1_1761468207
1376256,2-Training-Stats/SPS,68.0,Pong1PQFM_XObs_entangled_trainable_rzz_QLayers_5___seed_1_1761468207
1380352,2-Training-Stats/SPS,68.0,Pong1PQFM_XObs_entangled_trainable_rzz_QLayers_5___seed_1_1761468207
1384448,2-Training-Stats/SPS,68.0,Pong1PQFM_XObs_entangled_trainable_rzz_QLayers_5___seed_1_1761468207
1388544,2-Training-Stats/SPS,68.0,Pong1PQFM_XObs_entangled_trainable_rzz_QLayers_5___seed_1_1761468207
1392640,2-Training-Stats/SPS,68.0,Pong1PQFM_XObs_entangled_trainable_rzz_QLayers_5___seed_1_1761468207
1396736,2-Training-Stats/SPS,68.0,Pong1PQFM_XObs_entangled_trainable_rzz_QLayers_5___seed_1_1761468207
1400832,2-Training-Stats/SPS,68.0,Pong1PQFM_XObs_entangled_trainable_rzz_QLayers_5___seed_1_1761468207
1404928,2-Training-Stats/SPS,68.0,Pong1PQFM_XObs_entangled_trainable_rzz_QLayers_5___seed_1_1761468207
1409024,2-Training-Stats/SPS,68.0,Pong1PQFM_XObs_entangled_trainable_rzz_QLayers_5___seed_1_1761468207
1413120,2-Training-Stats/SPS,68.0,Pong1PQFM_XObs_entangled_trainable_rzz_QLayers_5___seed_1_1761468207
1417216,2-Training-Stats/SPS,68.0,Pong1PQFM_XObs_entangled_trainable_rzz_QLayers_5___seed_1_1761468207
1421312,2-Training-Stats/SPS,68.0,Pong1PQFM_XObs_entangled_trainable_rzz_QLayers_5___seed_1_1761468207
1425408,2-Training-Stats/SPS,68.0,Pong1PQFM_XObs_entangled_trainable_rzz_QLayers_5___seed_1_1761468207
1429504,2-Training-Stats/SPS,68.0,Pong1PQFM_XObs_entangled_trainable_rzz_QLayers_5___seed_1_1761468207
1433600,2-Training-Stats/SPS,68.0,Pong1PQFM_XObs_entangled_trainable_rzz_QLayers_5___seed_1_1761468207
1437696,2-Training-Stats/SPS,68.0,Pong1PQFM_XObs_entangled_trainable_rzz_QLayers_5___seed_1_1761468207
1441792,2-Training-Stats/SPS,68.0,Pong1PQFM_XObs_entangled_trainable_rzz_QLayers_5___seed_1_1761468207
1445888,2-Training-Stats/SPS,68.0,Pong1PQFM_XObs_entangled_trainable_rzz_QLayers_5___seed_1_1761468207
1449984,2-Training-Stats/SPS,68.0,Pong1PQFM_XObs_entangled_trainable_rzz_QLayers_5___seed_1_1761468207
1454080,2-Training-Stats/SPS,68.0,Pong1PQFM_XObs_entangled_trainable_rzz_QLayers_5___seed_1_1761468207
1458176,2-Training-Stats/SPS,68.0,Pong1PQFM_XObs_entangled_trainable_rzz_QLayers_5___seed_1_1761468207
1462272,2-Training-Stats/SPS,68.0,Pong1PQFM_XObs_entangled_trainable_rzz_QLayers_5___seed_1_1761468207
1466368,2-Training-Stats/SPS,68.0,Pong1PQFM_XObs_entangled_trainable_rzz_QLayers_5___seed_1_1761468207
1470464,2-Training-Stats/SPS,68.0,Pong1PQFM_XObs_entangled_trainable_rzz_QLayers_5___seed_1_1761468207
1474560,2-Training-Stats/SPS,68.0,Pong1PQFM_XObs_entangled_trainable_rzz_QLayers_5___seed_1_1761468207
1478656,2-Training-Stats/SPS,68.0,Pong1PQFM_XObs_entangled_trainable_rzz_QLayers_5___seed_1_1761468207
1482752,2-Training-Stats/SPS,68.0,Pong1PQFM_XObs_entangled_trainable_rzz_QLayers_5___seed_1_1761468207
1486848,2-Training-Stats/SPS,68.0,Pong1PQFM_XObs_entangled_trainable_rzz_QLayers_5___seed_1_1761468207
1490944,2-Training-Stats/SPS,68.0,Pong1PQFM_XObs_entangled_trainable_rzz_QLayers_5___seed_1_1761468207
1495040,2-Training-Stats/SPS,68.0,Pong1PQFM_XObs_entangled_trainable_rzz_QLayers_5___seed_1_1761468207
1499136,2-Training-Stats/SPS,68.0,Pong1PQFM_XObs_entangled_trainable_rzz_QLayers_5___seed_1_1761468207
1503232,2-Training-Stats/SPS,68.0,Pong1PQFM_XObs_entangled_trainable_rzz_QLayers_5___seed_1_1761468207
1507328,2-Training-Stats/SPS,68.0,Pong1PQFM_XObs_entangled_trainable_rzz_QLayers_5___seed_1_1761468207
1511424,2-Training-Stats/SPS,68.0,Pong1PQFM_XObs_entangled_trainable_rzz_QLayers_5___seed_1_1761468207
1515520,2-Training-Stats/SPS,68.0,Pong1PQFM_XObs_entangled_trainable_rzz_QLayers_5___seed_1_1761468207
1519616,2-Training-Stats/SPS,68.0,Pong1PQFM_XObs_entangled_trainable_rzz_QLayers_5___seed_1_1761468207
1523712,2-Training-Stats/SPS,68.0,Pong1PQFM_XObs_entangled_trainable_rzz_QLayers_5___seed_1_1761468207
1527808,2-Training-Stats/SPS,68.0,Pong1PQFM_XObs_entangled_trainable_rzz_QLayers_5___seed_1_1761468207
1531904,2-Training-Stats/SPS,68.0,Pong1PQFM_XObs_entangled_trainable_rzz_QLayers_5___seed_1_1761468207
1536000,2-Training-Stats/SPS,68.0,Pong1PQFM_XObs_entangled_trainable_rzz_QLayers_5___seed_1_1761468207
1540096,2-Training-Stats/SPS,68.0,Pong1PQFM_XObs_entangled_trainable_rzz_QLayers_5___seed_1_1761468207
1544192,2-Training-Stats/SPS,68.0,Pong1PQFM_XObs_entangled_trainable_rzz_QLayers_5___seed_1_1761468207
1548288,2-Training-Stats/SPS,68.0,Pong1PQFM_XObs_entangled_trainable_rzz_QLayers_5___seed_1_1761468207
1552384,2-Training-Stats/SPS,68.0,Pong1PQFM_XObs_entangled_trainable_rzz_QLayers_5___seed_1_1761468207
1556480,2-Training-Stats/SPS,68.0,Pong1PQFM_XObs_entangled_trainable_rzz_QLayers_5___seed_1_1761468207
1560576,2-Training-Stats/SPS,68.0,Pong1PQFM_XObs_entangled_trainable_rzz_QLayers_5___seed_1_1761468207
1564672,2-Training-Stats/SPS,68.0,Pong1PQFM_XObs_entangled_trainable_rzz_QLayers_5___seed_1_1761468207
1568768,2-Training-Stats/SPS,68.0,Pong1PQFM_XObs_entangled_trainable_rzz_QLayers_5___seed_1_1761468207
1572864,2-Training-Stats/SPS,68.0,Pong1PQFM_XObs_entangled_trainable_rzz_QLayers_5___seed_1_1761468207
1576960,2-Training-Stats/SPS,68.0,Pong1PQFM_XObs_entangled_trainable_rzz_QLayers_5___seed_1_1761468207
1581056,2-Training-Stats/SPS,68.0,Pong1PQFM_XObs_entangled_trainable_rzz_QLayers_5___seed_1_1761468207
1585152,2-Training-Stats/SPS,68.0,Pong1PQFM_XObs_entangled_trainable_rzz_QLayers_5___seed_1_1761468207
1589248,2-Training-Stats/SPS,68.0,Pong1PQFM_XObs_entangled_trainable_rzz_QLayers_5___seed_1_1761468207
1593344,2-Training-Stats/SPS,68.0,Pong1PQFM_XObs_entangled_trainable_rzz_QLayers_5___seed_1_1761468207
1597440,2-Training-Stats/SPS,68.0,Pong1PQFM_XObs_entangled_trainable_rzz_QLayers_5___seed_1_1761468207
1601536,2-Training-Stats/SPS,68.0,Pong1PQFM_XObs_entangled_trainable_rzz_QLayers_5___seed_1_1761468207
1605632,2-Training-Stats/SPS,68.0,Pong1PQFM_XObs_entangled_trainable_rzz_QLayers_5___seed_1_1761468207
1609728,2-Training-Stats/SPS,68.0,Pong1PQFM_XObs_entangled_trainable_rzz_QLayers_5___seed_1_1761468207
1613824,2-Training-Stats/SPS,68.0,Pong1PQFM_XObs_entangled_trainable_rzz_QLayers_5___seed_1_1761468207
1617920,2-Training-Stats/SPS,68.0,Pong1PQFM_XObs_entangled_trainable_rzz_QLayers_5___seed_1_1761468207
1622016,2-Training-Stats/SPS,68.0,Pong1PQFM_XObs_entangled_trainable_rzz_QLayers_5___seed_1_1761468207
1626112,2-Training-Stats/SPS,68.0,Pong1PQFM_XObs_entangled_trainable_rzz_QLayers_5___seed_1_1761468207
1630208,2-Training-Stats/SPS,68.0,Pong1PQFM_XObs_entangled_trainable_rzz_QLayers_5___seed_1_1761468207
1634304,2-Training-Stats/SPS,68.0,Pong1PQFM_XObs_entangled_trainable_rzz_QLayers_5___seed_1_1761468207
1638400,2-Training-Stats/SPS,68.0,Pong1PQFM_XObs_entangled_trainable_rzz_QLayers_5___seed_1_1761468207
1642496,2-Training-Stats/SPS,68.0,Pong1PQFM_XObs_entangled_trainable_rzz_QLayers_5___seed_1_1761468207
1646592,2-Training-Stats/SPS,68.0,Pong1PQFM_XObs_entangled_trainable_rzz_QLayers_5___seed_1_1761468207
1650688,2-Training-Stats/SPS,68.0,Pong1PQFM_XObs_entangled_trainable_rzz_QLayers_5___seed_1_1761468207
1654784,2-Training-Stats/SPS,68.0,Pong1PQFM_XObs_entangled_trainable_rzz_QLayers_5___seed_1_1761468207
1658880,2-Training-Stats/SPS,68.0,Pong1PQFM_XObs_entangled_trainable_rzz_QLayers_5___seed_1_1761468207
1662976,2-Training-Stats/SPS,68.0,Pong1PQFM_XObs_entangled_trainable_rzz_QLayers_5___seed_1_1761468207
1667072,2-Training-Stats/SPS,68.0,Pong1PQFM_XObs_entangled_trainable_rzz_QLayers_5___seed_1_1761468207
1671168,2-Training-Stats/SPS,68.0,Pong1PQFM_XObs_entangled_trainable_rzz_QLayers_5___seed_1_1761468207
1675264,2-Training-Stats/SPS,68.0,Pong1PQFM_XObs_entangled_trainable_rzz_QLayers_5___seed_1_1761468207
1679360,2-Training-Stats/SPS,68.0,Pong1PQFM_XObs_entangled_trainable_rzz_QLayers_5___seed_1_1761468207
1683456,2-Training-Stats/SPS,68.0,Pong1PQFM_XObs_entangled_trainable_rzz_QLayers_5___seed_1_1761468207
1687552,2-Training-Stats/SPS,68.0,Pong1PQFM_XObs_entangled_trainable_rzz_QLayers_5___seed_1_1761468207
1691648,2-Training-Stats/SPS,68.0,Pong1PQFM_XObs_entangled_trainable_rzz_QLayers_5___seed_1_1761468207
1695744,2-Training-Stats/SPS,68.0,Pong1PQFM_XObs_entangled_trainable_rzz_QLayers_5___seed_1_1761468207
1699840,2-Training-Stats/SPS,68.0,Pong1PQFM_XObs_entangled_trainable_rzz_QLayers_5___seed_1_1761468207
1703936,2-Training-Stats/SPS,68.0,Pong1PQFM_XObs_entangled_trainable_rzz_QLayers_5___seed_1_1761468207
1708032,2-Training-Stats/SPS,68.0,Pong1PQFM_XObs_entangled_trainable_rzz_QLayers_5___seed_1_1761468207
1712128,2-Training-Stats/SPS,68.0,Pong1PQFM_XObs_entangled_trainable_rzz_QLayers_5___seed_1_1761468207
1716224,2-Training-Stats/SPS,68.0,Pong1PQFM_XObs_entangled_trainable_rzz_QLayers_5___seed_1_1761468207
1720320,2-Training-Stats/SPS,68.0,Pong1PQFM_XObs_entangled_trainable_rzz_QLayers_5___seed_1_1761468207
1724416,2-Training-Stats/SPS,68.0,Pong1PQFM_XObs_entangled_trainable_rzz_QLayers_5___seed_1_1761468207
1728512,2-Training-Stats/SPS,68.0,Pong1PQFM_XObs_entangled_trainable_rzz_QLayers_5___seed_1_1761468207
1732608,2-Training-Stats/SPS,68.0,Pong1PQFM_XObs_entangled_trainable_rzz_QLayers_5___seed_1_1761468207
1736704,2-Training-Stats/SPS,68.0,Pong1PQFM_XObs_entangled_trainable_rzz_QLayers_5___seed_1_1761468207
1740800,2-Training-Stats/SPS,68.0,Pong1PQFM_XObs_entangled_trainable_rzz_QLayers_5___seed_1_1761468207
1744896,2-Training-Stats/SPS,68.0,Pong1PQFM_XObs_entangled_trainable_rzz_QLayers_5___seed_1_1761468207
1748992,2-Training-Stats/SPS,68.0,Pong1PQFM_XObs_entangled_trainable_rzz_QLayers_5___seed_1_1761468207
1753088,2-Training-Stats/SPS,68.0,Pong1PQFM_XObs_entangled_trainable_rzz_QLayers_5___seed_1_1761468207
1757184,2-Training-Stats/SPS,68.0,Pong1PQFM_XObs_entangled_trainable_rzz_QLayers_5___seed_1_1761468207
1761280,2-Training-Stats/SPS,68.0,Pong1PQFM_XObs_entangled_trainable_rzz_QLayers_5___seed_1_1761468207
1765376,2-Training-Stats/SPS,68.0,Pong1PQFM_XObs_entangled_trainable_rzz_QLayers_5___seed_1_1761468207
1769472,2-Training-Stats/SPS,68.0,Pong1PQFM_XObs_entangled_trainable_rzz_QLayers_5___seed_1_1761468207
1773568,2-Training-Stats/SPS,68.0,Pong1PQFM_XObs_entangled_trainable_rzz_QLayers_5___seed_1_1761468207
1777664,2-Training-Stats/SPS,68.0,Pong1PQFM_XObs_entangled_trainable_rzz_QLayers_5___seed_1_1761468207
1781760,2-Training-Stats/SPS,68.0,Pong1PQFM_XObs_entangled_trainable_rzz_QLayers_5___seed_1_1761468207
1785856,2-Training-Stats/SPS,68.0,Pong1PQFM_XObs_entangled_trainable_rzz_QLayers_5___seed_1_1761468207
1789952,2-Training-Stats/SPS,68.0,Pong1PQFM_XObs_entangled_trainable_rzz_QLayers_5___seed_1_1761468207
1794048,2-Training-Stats/SPS,68.0,Pong1PQFM_XObs_entangled_trainable_rzz_QLayers_5___seed_1_1761468207
1798144,2-Training-Stats/SPS,68.0,Pong1PQFM_XObs_entangled_trainable_rzz_QLayers_5___seed_1_1761468207
1802240,2-Training-Stats/SPS,68.0,Pong1PQFM_XObs_entangled_trainable_rzz_QLayers_5___seed_1_1761468207
1806336,2-Training-Stats/SPS,68.0,Pong1PQFM_XObs_entangled_trainable_rzz_QLayers_5___seed_1_1761468207
1810432,2-Training-Stats/SPS,68.0,Pong1PQFM_XObs_entangled_trainable_rzz_QLayers_5___seed_1_1761468207
1814528,2-Training-Stats/SPS,68.0,Pong1PQFM_XObs_entangled_trainable_rzz_QLayers_5___seed_1_1761468207
1818624,2-Training-Stats/SPS,68.0,Pong1PQFM_XObs_entangled_trainable_rzz_QLayers_5___seed_1_1761468207
1822720,2-Training-Stats/SPS,68.0,Pong1PQFM_XObs_entangled_trainable_rzz_QLayers_5___seed_1_1761468207
1826816,2-Training-Stats/SPS,68.0,Pong1PQFM_XObs_entangled_trainable_rzz_QLayers_5___seed_1_1761468207
1830912,2-Training-Stats/SPS,68.0,Pong1PQFM_XObs_entangled_trainable_rzz_QLayers_5___seed_1_1761468207
1835008,2-Training-Stats/SPS,68.0,Pong1PQFM_XObs_entangled_trainable_rzz_QLayers_5___seed_1_1761468207
1839104,2-Training-Stats/SPS,68.0,Pong1PQFM_XObs_entangled_trainable_rzz_QLayers_5___seed_1_1761468207
1843200,2-Training-Stats/SPS,68.0,Pong1PQFM_XObs_entangled_trainable_rzz_QLayers_5___seed_1_1761468207
1847296,2-Training-Stats/SPS,68.0,Pong1PQFM_XObs_entangled_trainable_rzz_QLayers_5___seed_1_1761468207
1851392,2-Training-Stats/SPS,68.0,Pong1PQFM_XObs_entangled_trainable_rzz_QLayers_5___seed_1_1761468207
1855488,2-Training-Stats/SPS,68.0,Pong1PQFM_XObs_entangled_trainable_rzz_QLayers_5___seed_1_1761468207
1859584,2-Training-Stats/SPS,68.0,Pong1PQFM_XObs_entangled_trainable_rzz_QLayers_5___seed_1_1761468207
1863680,2-Training-Stats/SPS,68.0,Pong1PQFM_XObs_entangled_trainable_rzz_QLayers_5___seed_1_1761468207
1867776,2-Training-Stats/SPS,68.0,Pong1PQFM_XObs_entangled_trainable_rzz_QLayers_5___seed_1_1761468207
1871872,2-Training-Stats/SPS,68.0,Pong1PQFM_XObs_entangled_trainable_rzz_QLayers_5___seed_1_1761468207
1875968,2-Training-Stats/SPS,68.0,Pong1PQFM_XObs_entangled_trainable_rzz_QLayers_5___seed_1_1761468207
1880064,2-Training-Stats/SPS,68.0,Pong1PQFM_XObs_entangled_trainable_rzz_QLayers_5___seed_1_1761468207
1884160,2-Training-Stats/SPS,68.0,Pong1PQFM_XObs_entangled_trainable_rzz_QLayers_5___seed_1_1761468207
1888256,2-Training-Stats/SPS,68.0,Pong1PQFM_XObs_entangled_trainable_rzz_QLayers_5___seed_1_1761468207
1892352,2-Training-Stats/SPS,68.0,Pong1PQFM_XObs_entangled_trainable_rzz_QLayers_5___seed_1_1761468207
1896448,2-Training-Stats/SPS,68.0,Pong1PQFM_XObs_entangled_trainable_rzz_QLayers_5___seed_1_1761468207
1900544,2-Training-Stats/SPS,68.0,Pong1PQFM_XObs_entangled_trainable_rzz_QLayers_5___seed_1_1761468207
1904640,2-Training-Stats/SPS,68.0,Pong1PQFM_XObs_entangled_trainable_rzz_QLayers_5___seed_1_1761468207
1908736,2-Training-Stats/SPS,68.0,Pong1PQFM_XObs_entangled_trainable_rzz_QLayers_5___seed_1_1761468207
1912832,2-Training-Stats/SPS,68.0,Pong1PQFM_XObs_entangled_trainable_rzz_QLayers_5___seed_1_1761468207
1916928,2-Training-Stats/SPS,68.0,Pong1PQFM_XObs_entangled_trainable_rzz_QLayers_5___seed_1_1761468207
1921024,2-Training-Stats/SPS,68.0,Pong1PQFM_XObs_entangled_trainable_rzz_QLayers_5___seed_1_1761468207
1925120,2-Training-Stats/SPS,68.0,Pong1PQFM_XObs_entangled_trainable_rzz_QLayers_5___seed_1_1761468207
1929216,2-Training-Stats/SPS,68.0,Pong1PQFM_XObs_entangled_trainable_rzz_QLayers_5___seed_1_1761468207
1933312,2-Training-Stats/SPS,68.0,Pong1PQFM_XObs_entangled_trainable_rzz_QLayers_5___seed_1_1761468207
1937408,2-Training-Stats/SPS,68.0,Pong1PQFM_XObs_entangled_trainable_rzz_QLayers_5___seed_1_1761468207
1941504,2-Training-Stats/SPS,68.0,Pong1PQFM_XObs_entangled_trainable_rzz_QLayers_5___seed_1_1761468207
1945600,2-Training-Stats/SPS,68.0,Pong1PQFM_XObs_entangled_trainable_rzz_QLayers_5___seed_1_1761468207
1949696,2-Training-Stats/SPS,68.0,Pong1PQFM_XObs_entangled_trainable_rzz_QLayers_5___seed_1_1761468207
1953792,2-Training-Stats/SPS,68.0,Pong1PQFM_XObs_entangled_trainable_rzz_QLayers_5___seed_1_1761468207
1957888,2-Training-Stats/SPS,68.0,Pong1PQFM_XObs_entangled_trainable_rzz_QLayers_5___seed_1_1761468207
1961984,2-Training-Stats/SPS,68.0,Pong1PQFM_XObs_entangled_trainable_rzz_QLayers_5___seed_1_1761468207
1966080,2-Training-Stats/SPS,68.0,Pong1PQFM_XObs_entangled_trainable_rzz_QLayers_5___seed_1_1761468207
1970176,2-Training-Stats/SPS,68.0,Pong1PQFM_XObs_entangled_trainable_rzz_QLayers_5___seed_1_1761468207
1974272,2-Training-Stats/SPS,68.0,Pong1PQFM_XObs_entangled_trainable_rzz_QLayers_5___seed_1_1761468207
1978368,2-Training-Stats/SPS,68.0,Pong1PQFM_XObs_entangled_trainable_rzz_QLayers_5___seed_1_1761468207
1982464,2-Training-Stats/SPS,68.0,Pong1PQFM_XObs_entangled_trainable_rzz_QLayers_5___seed_1_1761468207
1986560,2-Training-Stats/SPS,68.0,Pong1PQFM_XObs_entangled_trainable_rzz_QLayers_5___seed_1_1761468207
1990656,2-Training-Stats/SPS,68.0,Pong1PQFM_XObs_entangled_trainable_rzz_QLayers_5___seed_1_1761468207
1994752,2-Training-Stats/SPS,68.0,Pong1PQFM_XObs_entangled_trainable_rzz_QLayers_5___seed_1_1761468207
1998848,2-Training-Stats/SPS,68.0,Pong1PQFM_XObs_entangled_trainable_rzz_QLayers_5___seed_1_1761468207
2002944,2-Training-Stats/SPS,68.0,Pong1PQFM_XObs_entangled_trainable_rzz_QLayers_5___seed_1_1761468207
2007040,2-Training-Stats/SPS,68.0,Pong1PQFM_XObs_entangled_trainable_rzz_QLayers_5___seed_1_1761468207
2011136,2-Training-Stats/SPS,68.0,Pong1PQFM_XObs_entangled_trainable_rzz_QLayers_5___seed_1_1761468207
2015232,2-Training-Stats/SPS,68.0,Pong1PQFM_XObs_entangled_trainable_rzz_QLayers_5___seed_1_1761468207
2019328,2-Training-Stats/SPS,68.0,Pong1PQFM_XObs_entangled_trainable_rzz_QLayers_5___seed_1_1761468207
2023424,2-Training-Stats/SPS,68.0,Pong1PQFM_XObs_entangled_trainable_rzz_QLayers_5___seed_1_1761468207
2027520,2-Training-Stats/SPS,68.0,Pong1PQFM_XObs_entangled_trainable_rzz_QLayers_5___seed_1_1761468207
2031616,2-Training-Stats/SPS,68.0,Pong1PQFM_XObs_entangled_trainable_rzz_QLayers_5___seed_1_1761468207
2035712,2-Training-Stats/SPS,68.0,Pong1PQFM_XObs_entangled_trainable_rzz_QLayers_5___seed_1_1761468207
2039808,2-Training-Stats/SPS,68.0,Pong1PQFM_XObs_entangled_trainable_rzz_QLayers_5___seed_1_1761468207
2043904,2-Training-Stats/SPS,68.0,Pong1PQFM_XObs_entangled_trainable_rzz_QLayers_5___seed_1_1761468207
2048000,2-Training-Stats/SPS,68.0,Pong1PQFM_XObs_entangled_trainable_rzz_QLayers_5___seed_1_1761468207
2052096,2-Training-Stats/SPS,68.0,Pong1PQFM_XObs_entangled_trainable_rzz_QLayers_5___seed_1_1761468207
2056192,2-Training-Stats/SPS,68.0,Pong1PQFM_XObs_entangled_trainable_rzz_QLayers_5___seed_1_1761468207
2060288,2-Training-Stats/SPS,68.0,Pong1PQFM_XObs_entangled_trainable_rzz_QLayers_5___seed_1_1761468207
2064384,2-Training-Stats/SPS,68.0,Pong1PQFM_XObs_entangled_trainable_rzz_QLayers_5___seed_1_1761468207
2068480,2-Training-Stats/SPS,68.0,Pong1PQFM_XObs_entangled_trainable_rzz_QLayers_5___seed_1_1761468207
2072576,2-Training-Stats/SPS,68.0,Pong1PQFM_XObs_entangled_trainable_rzz_QLayers_5___seed_1_1761468207
2076672,2-Training-Stats/SPS,68.0,Pong1PQFM_XObs_entangled_trainable_rzz_QLayers_5___seed_1_1761468207
2080768,2-Training-Stats/SPS,68.0,Pong1PQFM_XObs_entangled_trainable_rzz_QLayers_5___seed_1_1761468207
2084864,2-Training-Stats/SPS,68.0,Pong1PQFM_XObs_entangled_trainable_rzz_QLayers_5___seed_1_1761468207
2088960,2-Training-Stats/SPS,68.0,Pong1PQFM_XObs_entangled_trainable_rzz_QLayers_5___seed_1_1761468207
2093056,2-Training-Stats/SPS,68.0,Pong1PQFM_XObs_entangled_trainable_rzz_QLayers_5___seed_1_1761468207
2097152,2-Training-Stats/SPS,68.0,Pong1PQFM_XObs_entangled_trainable_rzz_QLayers_5___seed_1_1761468207
2101248,2-Training-Stats/SPS,68.0,Pong1PQFM_XObs_entangled_trainable_rzz_QLayers_5___seed_1_1761468207
2105344,2-Training-Stats/SPS,68.0,Pong1PQFM_XObs_entangled_trainable_rzz_QLayers_5___seed_1_1761468207
2109440,2-Training-Stats/SPS,68.0,Pong1PQFM_XObs_entangled_trainable_rzz_QLayers_5___seed_1_1761468207
2113536,2-Training-Stats/SPS,68.0,Pong1PQFM_XObs_entangled_trainable_rzz_QLayers_5___seed_1_1761468207
2117632,2-Training-Stats/SPS,68.0,Pong1PQFM_XObs_entangled_trainable_rzz_QLayers_5___seed_1_1761468207
2121728,2-Training-Stats/SPS,68.0,Pong1PQFM_XObs_entangled_trainable_rzz_QLayers_5___seed_1_1761468207
2125824,2-Training-Stats/SPS,68.0,Pong1PQFM_XObs_entangled_trainable_rzz_QLayers_5___seed_1_1761468207
2129920,2-Training-Stats/SPS,68.0,Pong1PQFM_XObs_entangled_trainable_rzz_QLayers_5___seed_1_1761468207
2134016,2-Training-Stats/SPS,68.0,Pong1PQFM_XObs_entangled_trainable_rzz_QLayers_5___seed_1_1761468207
2138112,2-Training-Stats/SPS,68.0,Pong1PQFM_XObs_entangled_trainable_rzz_QLayers_5___seed_1_1761468207
2142208,2-Training-Stats/SPS,68.0,Pong1PQFM_XObs_entangled_trainable_rzz_QLayers_5___seed_1_1761468207
2146304,2-Training-Stats/SPS,68.0,Pong1PQFM_XObs_entangled_trainable_rzz_QLayers_5___seed_1_1761468207
2150400,2-Training-Stats/SPS,68.0,Pong1PQFM_XObs_entangled_trainable_rzz_QLayers_5___seed_1_1761468207
2154496,2-Training-Stats/SPS,68.0,Pong1PQFM_XObs_entangled_trainable_rzz_QLayers_5___seed_1_1761468207
2158592,2-Training-Stats/SPS,68.0,Pong1PQFM_XObs_entangled_trainable_rzz_QLayers_5___seed_1_1761468207
2162688,2-Training-Stats/SPS,68.0,Pong1PQFM_XObs_entangled_trainable_rzz_QLayers_5___seed_1_1761468207
2166784,2-Training-Stats/SPS,68.0,Pong1PQFM_XObs_entangled_trainable_rzz_QLayers_5___seed_1_1761468207
2170880,2-Training-Stats/SPS,68.0,Pong1PQFM_XObs_entangled_trainable_rzz_QLayers_5___seed_1_1761468207
2174976,2-Training-Stats/SPS,68.0,Pong1PQFM_XObs_entangled_trainable_rzz_QLayers_5___seed_1_1761468207
2179072,2-Training-Stats/SPS,68.0,Pong1PQFM_XObs_entangled_trainable_rzz_QLayers_5___seed_1_1761468207
2183168,2-Training-Stats/SPS,68.0,Pong1PQFM_XObs_entangled_trainable_rzz_QLayers_5___seed_1_1761468207
2187264,2-Training-Stats/SPS,68.0,Pong1PQFM_XObs_entangled_trainable_rzz_QLayers_5___seed_1_1761468207
2191360,2-Training-Stats/SPS,68.0,Pong1PQFM_XObs_entangled_trainable_rzz_QLayers_5___seed_1_1761468207
2195456,2-Training-Stats/SPS,68.0,Pong1PQFM_XObs_entangled_trainable_rzz_QLayers_5___seed_1_1761468207
2199552,2-Training-Stats/SPS,68.0,Pong1PQFM_XObs_entangled_trainable_rzz_QLayers_5___seed_1_1761468207
2203648,2-Training-Stats/SPS,68.0,Pong1PQFM_XObs_entangled_trainable_rzz_QLayers_5___seed_1_1761468207
2207744,2-Training-Stats/SPS,68.0,Pong1PQFM_XObs_entangled_trainable_rzz_QLayers_5___seed_1_1761468207
2211840,2-Training-Stats/SPS,68.0,Pong1PQFM_XObs_entangled_trainable_rzz_QLayers_5___seed_1_1761468207
2215936,2-Training-Stats/SPS,68.0,Pong1PQFM_XObs_entangled_trainable_rzz_QLayers_5___seed_1_1761468207
2220032,2-Training-Stats/SPS,68.0,Pong1PQFM_XObs_entangled_trainable_rzz_QLayers_5___seed_1_1761468207
2224128,2-Training-Stats/SPS,68.0,Pong1PQFM_XObs_entangled_trainable_rzz_QLayers_5___seed_1_1761468207
2228224,2-Training-Stats/SPS,68.0,Pong1PQFM_XObs_entangled_trainable_rzz_QLayers_5___seed_1_1761468207
2232320,2-Training-Stats/SPS,68.0,Pong1PQFM_XObs_entangled_trainable_rzz_QLayers_5___seed_1_1761468207
2236416,2-Training-Stats/SPS,68.0,Pong1PQFM_XObs_entangled_trainable_rzz_QLayers_5___seed_1_1761468207
2240512,2-Training-Stats/SPS,68.0,Pong1PQFM_XObs_entangled_trainable_rzz_QLayers_5___seed_1_1761468207
2244608,2-Training-Stats/SPS,68.0,Pong1PQFM_XObs_entangled_trainable_rzz_QLayers_5___seed_1_1761468207
2248704,2-Training-Stats/SPS,68.0,Pong1PQFM_XObs_entangled_trainable_rzz_QLayers_5___seed_1_1761468207
2252800,2-Training-Stats/SPS,68.0,Pong1PQFM_XObs_entangled_trainable_rzz_QLayers_5___seed_1_1761468207
2256896,2-Training-Stats/SPS,68.0,Pong1PQFM_XObs_entangled_trainable_rzz_QLayers_5___seed_1_1761468207
2260992,2-Training-Stats/SPS,68.0,Pong1PQFM_XObs_entangled_trainable_rzz_QLayers_5___seed_1_1761468207
2265088,2-Training-Stats/SPS,68.0,Pong1PQFM_XObs_entangled_trainable_rzz_QLayers_5___seed_1_1761468207
2269184,2-Training-Stats/SPS,68.0,Pong1PQFM_XObs_entangled_trainable_rzz_QLayers_5___seed_1_1761468207
2273280,2-Training-Stats/SPS,68.0,Pong1PQFM_XObs_entangled_trainable_rzz_QLayers_5___seed_1_1761468207
2277376,2-Training-Stats/SPS,68.0,Pong1PQFM_XObs_entangled_trainable_rzz_QLayers_5___seed_1_1761468207
2281472,2-Training-Stats/SPS,68.0,Pong1PQFM_XObs_entangled_trainable_rzz_QLayers_5___seed_1_1761468207
2285568,2-Training-Stats/SPS,68.0,Pong1PQFM_XObs_entangled_trainable_rzz_QLayers_5___seed_1_1761468207
2289664,2-Training-Stats/SPS,68.0,Pong1PQFM_XObs_entangled_trainable_rzz_QLayers_5___seed_1_1761468207
2293760,2-Training-Stats/SPS,68.0,Pong1PQFM_XObs_entangled_trainable_rzz_QLayers_5___seed_1_1761468207
2297856,2-Training-Stats/SPS,68.0,Pong1PQFM_XObs_entangled_trainable_rzz_QLayers_5___seed_1_1761468207
2301952,2-Training-Stats/SPS,68.0,Pong1PQFM_XObs_entangled_trainable_rzz_QLayers_5___seed_1_1761468207
2306048,2-Training-Stats/SPS,68.0,Pong1PQFM_XObs_entangled_trainable_rzz_QLayers_5___seed_1_1761468207
2310144,2-Training-Stats/SPS,68.0,Pong1PQFM_XObs_entangled_trainable_rzz_QLayers_5___seed_1_1761468207
2314240,2-Training-Stats/SPS,68.0,Pong1PQFM_XObs_entangled_trainable_rzz_QLayers_5___seed_1_1761468207
2318336,2-Training-Stats/SPS,68.0,Pong1PQFM_XObs_entangled_trainable_rzz_QLayers_5___seed_1_1761468207
2322432,2-Training-Stats/SPS,68.0,Pong1PQFM_XObs_entangled_trainable_rzz_QLayers_5___seed_1_1761468207
2326528,2-Training-Stats/SPS,68.0,Pong1PQFM_XObs_entangled_trainable_rzz_QLayers_5___seed_1_1761468207
2330624,2-Training-Stats/SPS,68.0,Pong1PQFM_XObs_entangled_trainable_rzz_QLayers_5___seed_1_1761468207
2334720,2-Training-Stats/SPS,68.0,Pong1PQFM_XObs_entangled_trainable_rzz_QLayers_5___seed_1_1761468207
2338816,2-Training-Stats/SPS,68.0,Pong1PQFM_XObs_entangled_trainable_rzz_QLayers_5___seed_1_1761468207
2342912,2-Training-Stats/SPS,68.0,Pong1PQFM_XObs_entangled_trainable_rzz_QLayers_5___seed_1_1761468207
2347008,2-Training-Stats/SPS,68.0,Pong1PQFM_XObs_entangled_trainable_rzz_QLayers_5___seed_1_1761468207
2351104,2-Training-Stats/SPS,68.0,Pong1PQFM_XObs_entangled_trainable_rzz_QLayers_5___seed_1_1761468207
2355200,2-Training-Stats/SPS,68.0,Pong1PQFM_XObs_entangled_trainable_rzz_QLayers_5___seed_1_1761468207
2359296,2-Training-Stats/SPS,68.0,Pong1PQFM_XObs_entangled_trainable_rzz_QLayers_5___seed_1_1761468207
2363392,2-Training-Stats/SPS,68.0,Pong1PQFM_XObs_entangled_trainable_rzz_QLayers_5___seed_1_1761468207
2367488,2-Training-Stats/SPS,68.0,Pong1PQFM_XObs_entangled_trainable_rzz_QLayers_5___seed_1_1761468207
2371584,2-Training-Stats/SPS,68.0,Pong1PQFM_XObs_entangled_trainable_rzz_QLayers_5___seed_1_1761468207
2375680,2-Training-Stats/SPS,68.0,Pong1PQFM_XObs_entangled_trainable_rzz_QLayers_5___seed_1_1761468207
2379776,2-Training-Stats/SPS,68.0,Pong1PQFM_XObs_entangled_trainable_rzz_QLayers_5___seed_1_1761468207
2383872,2-Training-Stats/SPS,68.0,Pong1PQFM_XObs_entangled_trainable_rzz_QLayers_5___seed_1_1761468207
2387968,2-Training-Stats/SPS,68.0,Pong1PQFM_XObs_entangled_trainable_rzz_QLayers_5___seed_1_1761468207
2392064,2-Training-Stats/SPS,68.0,Pong1PQFM_XObs_entangled_trainable_rzz_QLayers_5___seed_1_1761468207
2396160,2-Training-Stats/SPS,68.0,Pong1PQFM_XObs_entangled_trainable_rzz_QLayers_5___seed_1_1761468207
2400256,2-Training-Stats/SPS,68.0,Pong1PQFM_XObs_entangled_trainable_rzz_QLayers_5___seed_1_1761468207
2404352,2-Training-Stats/SPS,68.0,Pong1PQFM_XObs_entangled_trainable_rzz_QLayers_5___seed_1_1761468207
2408448,2-Training-Stats/SPS,68.0,Pong1PQFM_XObs_entangled_trainable_rzz_QLayers_5___seed_1_1761468207
2412544,2-Training-Stats/SPS,68.0,Pong1PQFM_XObs_entangled_trainable_rzz_QLayers_5___seed_1_1761468207
2416640,2-Training-Stats/SPS,68.0,Pong1PQFM_XObs_entangled_trainable_rzz_QLayers_5___seed_1_1761468207
2420736,2-Training-Stats/SPS,68.0,Pong1PQFM_XObs_entangled_trainable_rzz_QLayers_5___seed_1_1761468207
2424832,2-Training-Stats/SPS,68.0,Pong1PQFM_XObs_entangled_trainable_rzz_QLayers_5___seed_1_1761468207
2428928,2-Training-Stats/SPS,68.0,Pong1PQFM_XObs_entangled_trainable_rzz_QLayers_5___seed_1_1761468207
2433024,2-Training-Stats/SPS,68.0,Pong1PQFM_XObs_entangled_trainable_rzz_QLayers_5___seed_1_1761468207
2437120,2-Training-Stats/SPS,68.0,Pong1PQFM_XObs_entangled_trainable_rzz_QLayers_5___seed_1_1761468207
2441216,2-Training-Stats/SPS,68.0,Pong1PQFM_XObs_entangled_trainable_rzz_QLayers_5___seed_1_1761468207
2445312,2-Training-Stats/SPS,68.0,Pong1PQFM_XObs_entangled_trainable_rzz_QLayers_5___seed_1_1761468207
2449408,2-Training-Stats/SPS,68.0,Pong1PQFM_XObs_entangled_trainable_rzz_QLayers_5___seed_1_1761468207
2453504,2-Training-Stats/SPS,68.0,Pong1PQFM_XObs_entangled_trainable_rzz_QLayers_5___seed_1_1761468207
2457600,2-Training-Stats/SPS,68.0,Pong1PQFM_XObs_entangled_trainable_rzz_QLayers_5___seed_1_1761468207
2461696,2-Training-Stats/SPS,68.0,Pong1PQFM_XObs_entangled_trainable_rzz_QLayers_5___seed_1_1761468207
2465792,2-Training-Stats/SPS,68.0,Pong1PQFM_XObs_entangled_trainable_rzz_QLayers_5___seed_1_1761468207
2469888,2-Training-Stats/SPS,68.0,Pong1PQFM_XObs_entangled_trainable_rzz_QLayers_5___seed_1_1761468207
2473984,2-Training-Stats/SPS,68.0,Pong1PQFM_XObs_entangled_trainable_rzz_QLayers_5___seed_1_1761468207
2478080,2-Training-Stats/SPS,68.0,Pong1PQFM_XObs_entangled_trainable_rzz_QLayers_5___seed_1_1761468207
2482176,2-Training-Stats/SPS,68.0,Pong1PQFM_XObs_entangled_trainable_rzz_QLayers_5___seed_1_1761468207
2486272,2-Training-Stats/SPS,68.0,Pong1PQFM_XObs_entangled_trainable_rzz_QLayers_5___seed_1_1761468207
2490368,2-Training-Stats/SPS,68.0,Pong1PQFM_XObs_entangled_trainable_rzz_QLayers_5___seed_1_1761468207
2494464,2-Training-Stats/SPS,68.0,Pong1PQFM_XObs_entangled_trainable_rzz_QLayers_5___seed_1_1761468207
2498560,2-Training-Stats/SPS,68.0,Pong1PQFM_XObs_entangled_trainable_rzz_QLayers_5___seed_1_1761468207
2502656,2-Training-Stats/SPS,68.0,Pong1PQFM_XObs_entangled_trainable_rzz_QLayers_5___seed_1_1761468207
2506752,2-Training-Stats/SPS,68.0,Pong1PQFM_XObs_entangled_trainable_rzz_QLayers_5___seed_1_1761468207
2510848,2-Training-Stats/SPS,68.0,Pong1PQFM_XObs_entangled_trainable_rzz_QLayers_5___seed_1_1761468207
2514944,2-Training-Stats/SPS,68.0,Pong1PQFM_XObs_entangled_trainable_rzz_QLayers_5___seed_1_1761468207
2519040,2-Training-Stats/SPS,68.0,Pong1PQFM_XObs_entangled_trainable_rzz_QLayers_5___seed_1_1761468207
2523136,2-Training-Stats/SPS,68.0,Pong1PQFM_XObs_entangled_trainable_rzz_QLayers_5___seed_1_1761468207
2527232,2-Training-Stats/SPS,68.0,Pong1PQFM_XObs_entangled_trainable_rzz_QLayers_5___seed_1_1761468207
2531328,2-Training-Stats/SPS,68.0,Pong1PQFM_XObs_entangled_trainable_rzz_QLayers_5___seed_1_1761468207
2535424,2-Training-Stats/SPS,68.0,Pong1PQFM_XObs_entangled_trainable_rzz_QLayers_5___seed_1_1761468207
2539520,2-Training-Stats/SPS,68.0,Pong1PQFM_XObs_entangled_trainable_rzz_QLayers_5___seed_1_1761468207
2543616,2-Training-Stats/SPS,68.0,Pong1PQFM_XObs_entangled_trainable_rzz_QLayers_5___seed_1_1761468207
2547712,2-Training-Stats/SPS,68.0,Pong1PQFM_XObs_entangled_trainable_rzz_QLayers_5___seed_1_1761468207
2551808,2-Training-Stats/SPS,68.0,Pong1PQFM_XObs_entangled_trainable_rzz_QLayers_5___seed_1_1761468207
2555904,2-Training-Stats/SPS,68.0,Pong1PQFM_XObs_entangled_trainable_rzz_QLayers_5___seed_1_1761468207
2560000,2-Training-Stats/SPS,68.0,Pong1PQFM_XObs_entangled_trainable_rzz_QLayers_5___seed_1_1761468207
2564096,2-Training-Stats/SPS,68.0,Pong1PQFM_XObs_entangled_trainable_rzz_QLayers_5___seed_1_1761468207
2568192,2-Training-Stats/SPS,68.0,Pong1PQFM_XObs_entangled_trainable_rzz_QLayers_5___seed_1_1761468207
2572288,2-Training-Stats/SPS,68.0,Pong1PQFM_XObs_entangled_trainable_rzz_QLayers_5___seed_1_1761468207
2576384,2-Training-Stats/SPS,68.0,Pong1PQFM_XObs_entangled_trainable_rzz_QLayers_5___seed_1_1761468207
2580480,2-Training-Stats/SPS,68.0,Pong1PQFM_XObs_entangled_trainable_rzz_QLayers_5___seed_1_1761468207
2584576,2-Training-Stats/SPS,68.0,Pong1PQFM_XObs_entangled_trainable_rzz_QLayers_5___seed_1_1761468207
2588672,2-Training-Stats/SPS,68.0,Pong1PQFM_XObs_entangled_trainable_rzz_QLayers_5___seed_1_1761468207
2592768,2-Training-Stats/SPS,68.0,Pong1PQFM_XObs_entangled_trainable_rzz_QLayers_5___seed_1_1761468207
2596864,2-Training-Stats/SPS,68.0,Pong1PQFM_XObs_entangled_trainable_rzz_QLayers_5___seed_1_1761468207
2600960,2-Training-Stats/SPS,68.0,Pong1PQFM_XObs_entangled_trainable_rzz_QLayers_5___seed_1_1761468207
2605056,2-Training-Stats/SPS,68.0,Pong1PQFM_XObs_entangled_trainable_rzz_QLayers_5___seed_1_1761468207
2609152,2-Training-Stats/SPS,68.0,Pong1PQFM_XObs_entangled_trainable_rzz_QLayers_5___seed_1_1761468207
2613248,2-Training-Stats/SPS,68.0,Pong1PQFM_XObs_entangled_trainable_rzz_QLayers_5___seed_1_1761468207
2617344,2-Training-Stats/SPS,68.0,Pong1PQFM_XObs_entangled_trainable_rzz_QLayers_5___seed_1_1761468207
2621440,2-Training-Stats/SPS,68.0,Pong1PQFM_XObs_entangled_trainable_rzz_QLayers_5___seed_1_1761468207
2625536,2-Training-Stats/SPS,68.0,Pong1PQFM_XObs_entangled_trainable_rzz_QLayers_5___seed_1_1761468207
2629632,2-Training-Stats/SPS,68.0,Pong1PQFM_XObs_entangled_trainable_rzz_QLayers_5___seed_1_1761468207
2633728,2-Training-Stats/SPS,68.0,Pong1PQFM_XObs_entangled_trainable_rzz_QLayers_5___seed_1_1761468207
2637824,2-Training-Stats/SPS,68.0,Pong1PQFM_XObs_entangled_trainable_rzz_QLayers_5___seed_1_1761468207
2641920,2-Training-Stats/SPS,68.0,Pong1PQFM_XObs_entangled_trainable_rzz_QLayers_5___seed_1_1761468207
2646016,2-Training-Stats/SPS,68.0,Pong1PQFM_XObs_entangled_trainable_rzz_QLayers_5___seed_1_1761468207
2650112,2-Training-Stats/SPS,68.0,Pong1PQFM_XObs_entangled_trainable_rzz_QLayers_5___seed_1_1761468207
2654208,2-Training-Stats/SPS,68.0,Pong1PQFM_XObs_entangled_trainable_rzz_QLayers_5___seed_1_1761468207
2658304,2-Training-Stats/SPS,68.0,Pong1PQFM_XObs_entangled_trainable_rzz_QLayers_5___seed_1_1761468207
2662400,2-Training-Stats/SPS,68.0,Pong1PQFM_XObs_entangled_trainable_rzz_QLayers_5___seed_1_1761468207
2666496,2-Training-Stats/SPS,68.0,Pong1PQFM_XObs_entangled_trainable_rzz_QLayers_5___seed_1_1761468207
2670592,2-Training-Stats/SPS,68.0,Pong1PQFM_XObs_entangled_trainable_rzz_QLayers_5___seed_1_1761468207
2674688,2-Training-Stats/SPS,68.0,Pong1PQFM_XObs_entangled_trainable_rzz_QLayers_5___seed_1_1761468207
2678784,2-Training-Stats/SPS,68.0,Pong1PQFM_XObs_entangled_trainable_rzz_QLayers_5___seed_1_1761468207
2682880,2-Training-Stats/SPS,68.0,Pong1PQFM_XObs_entangled_trainable_rzz_QLayers_5___seed_1_1761468207
2686976,2-Training-Stats/SPS,68.0,Pong1PQFM_XObs_entangled_trainable_rzz_QLayers_5___seed_1_1761468207
2691072,2-Training-Stats/SPS,68.0,Pong1PQFM_XObs_entangled_trainable_rzz_QLayers_5___seed_1_1761468207
2695168,2-Training-Stats/SPS,68.0,Pong1PQFM_XObs_entangled_trainable_rzz_QLayers_5___seed_1_1761468207
2699264,2-Training-Stats/SPS,68.0,Pong1PQFM_XObs_entangled_trainable_rzz_QLayers_5___seed_1_1761468207
2703360,2-Training-Stats/SPS,68.0,Pong1PQFM_XObs_entangled_trainable_rzz_QLayers_5___seed_1_1761468207
2707456,2-Training-Stats/SPS,68.0,Pong1PQFM_XObs_entangled_trainable_rzz_QLayers_5___seed_1_1761468207
2711552,2-Training-Stats/SPS,68.0,Pong1PQFM_XObs_entangled_trainable_rzz_QLayers_5___seed_1_1761468207
2715648,2-Training-Stats/SPS,68.0,Pong1PQFM_XObs_entangled_trainable_rzz_QLayers_5___seed_1_1761468207
2719744,2-Training-Stats/SPS,68.0,Pong1PQFM_XObs_entangled_trainable_rzz_QLayers_5___seed_1_1761468207
2723840,2-Training-Stats/SPS,68.0,Pong1PQFM_XObs_entangled_trainable_rzz_QLayers_5___seed_1_1761468207
2727936,2-Training-Stats/SPS,68.0,Pong1PQFM_XObs_entangled_trainable_rzz_QLayers_5___seed_1_1761468207
2732032,2-Training-Stats/SPS,68.0,Pong1PQFM_XObs_entangled_trainable_rzz_QLayers_5___seed_1_1761468207
2736128,2-Training-Stats/SPS,68.0,Pong1PQFM_XObs_entangled_trainable_rzz_QLayers_5___seed_1_1761468207
2740224,2-Training-Stats/SPS,68.0,Pong1PQFM_XObs_entangled_trainable_rzz_QLayers_5___seed_1_1761468207
2744320,2-Training-Stats/SPS,68.0,Pong1PQFM_XObs_entangled_trainable_rzz_QLayers_5___seed_1_1761468207
2748416,2-Training-Stats/SPS,68.0,Pong1PQFM_XObs_entangled_trainable_rzz_QLayers_5___seed_1_1761468207
2752512,2-Training-Stats/SPS,68.0,Pong1PQFM_XObs_entangled_trainable_rzz_QLayers_5___seed_1_1761468207
2756608,2-Training-Stats/SPS,68.0,Pong1PQFM_XObs_entangled_trainable_rzz_QLayers_5___seed_1_1761468207
2760704,2-Training-Stats/SPS,68.0,Pong1PQFM_XObs_entangled_trainable_rzz_QLayers_5___seed_1_1761468207
2764800,2-Training-Stats/SPS,68.0,Pong1PQFM_XObs_entangled_trainable_rzz_QLayers_5___seed_1_1761468207
2768896,2-Training-Stats/SPS,68.0,Pong1PQFM_XObs_entangled_trainable_rzz_QLayers_5___seed_1_1761468207
2772992,2-Training-Stats/SPS,68.0,Pong1PQFM_XObs_entangled_trainable_rzz_QLayers_5___seed_1_1761468207
2777088,2-Training-Stats/SPS,68.0,Pong1PQFM_XObs_entangled_trainable_rzz_QLayers_5___seed_1_1761468207
2781184,2-Training-Stats/SPS,68.0,Pong1PQFM_XObs_entangled_trainable_rzz_QLayers_5___seed_1_1761468207
2785280,2-Training-Stats/SPS,68.0,Pong1PQFM_XObs_entangled_trainable_rzz_QLayers_5___seed_1_1761468207
2789376,2-Training-Stats/SPS,68.0,Pong1PQFM_XObs_entangled_trainable_rzz_QLayers_5___seed_1_1761468207
2793472,2-Training-Stats/SPS,68.0,Pong1PQFM_XObs_entangled_trainable_rzz_QLayers_5___seed_1_1761468207
2797568,2-Training-Stats/SPS,68.0,Pong1PQFM_XObs_entangled_trainable_rzz_QLayers_5___seed_1_1761468207
2801664,2-Training-Stats/SPS,68.0,Pong1PQFM_XObs_entangled_trainable_rzz_QLayers_5___seed_1_1761468207
2805760,2-Training-Stats/SPS,68.0,Pong1PQFM_XObs_entangled_trainable_rzz_QLayers_5___seed_1_1761468207
2809856,2-Training-Stats/SPS,68.0,Pong1PQFM_XObs_entangled_trainable_rzz_QLayers_5___seed_1_1761468207
2813952,2-Training-Stats/SPS,68.0,Pong1PQFM_XObs_entangled_trainable_rzz_QLayers_5___seed_1_1761468207
2818048,2-Training-Stats/SPS,68.0,Pong1PQFM_XObs_entangled_trainable_rzz_QLayers_5___seed_1_1761468207
2822144,2-Training-Stats/SPS,68.0,Pong1PQFM_XObs_entangled_trainable_rzz_QLayers_5___seed_1_1761468207
2826240,2-Training-Stats/SPS,68.0,Pong1PQFM_XObs_entangled_trainable_rzz_QLayers_5___seed_1_1761468207
2830336,2-Training-Stats/SPS,68.0,Pong1PQFM_XObs_entangled_trainable_rzz_QLayers_5___seed_1_1761468207
2834432,2-Training-Stats/SPS,68.0,Pong1PQFM_XObs_entangled_trainable_rzz_QLayers_5___seed_1_1761468207
2838528,2-Training-Stats/SPS,68.0,Pong1PQFM_XObs_entangled_trainable_rzz_QLayers_5___seed_1_1761468207
2842624,2-Training-Stats/SPS,68.0,Pong1PQFM_XObs_entangled_trainable_rzz_QLayers_5___seed_1_1761468207
2846720,2-Training-Stats/SPS,68.0,Pong1PQFM_XObs_entangled_trainable_rzz_QLayers_5___seed_1_1761468207
2850816,2-Training-Stats/SPS,68.0,Pong1PQFM_XObs_entangled_trainable_rzz_QLayers_5___seed_1_1761468207
2854912,2-Training-Stats/SPS,68.0,Pong1PQFM_XObs_entangled_trainable_rzz_QLayers_5___seed_1_1761468207
2859008,2-Training-Stats/SPS,68.0,Pong1PQFM_XObs_entangled_trainable_rzz_QLayers_5___seed_1_1761468207
2863104,2-Training-Stats/SPS,68.0,Pong1PQFM_XObs_entangled_trainable_rzz_QLayers_5___seed_1_1761468207
2867200,2-Training-Stats/SPS,68.0,Pong1PQFM_XObs_entangled_trainable_rzz_QLayers_5___seed_1_1761468207
2871296,2-Training-Stats/SPS,68.0,Pong1PQFM_XObs_entangled_trainable_rzz_QLayers_5___seed_1_1761468207
2875392,2-Training-Stats/SPS,68.0,Pong1PQFM_XObs_entangled_trainable_rzz_QLayers_5___seed_1_1761468207
2879488,2-Training-Stats/SPS,68.0,Pong1PQFM_XObs_entangled_trainable_rzz_QLayers_5___seed_1_1761468207
2883584,2-Training-Stats/SPS,68.0,Pong1PQFM_XObs_entangled_trainable_rzz_QLayers_5___seed_1_1761468207
2887680,2-Training-Stats/SPS,68.0,Pong1PQFM_XObs_entangled_trainable_rzz_QLayers_5___seed_1_1761468207
2891776,2-Training-Stats/SPS,68.0,Pong1PQFM_XObs_entangled_trainable_rzz_QLayers_5___seed_1_1761468207
2895872,2-Training-Stats/SPS,68.0,Pong1PQFM_XObs_entangled_trainable_rzz_QLayers_5___seed_1_1761468207
2899968,2-Training-Stats/SPS,68.0,Pong1PQFM_XObs_entangled_trainable_rzz_QLayers_5___seed_1_1761468207
2904064,2-Training-Stats/SPS,68.0,Pong1PQFM_XObs_entangled_trainable_rzz_QLayers_5___seed_1_1761468207
2908160,2-Training-Stats/SPS,68.0,Pong1PQFM_XObs_entangled_trainable_rzz_QLayers_5___seed_1_1761468207
2912256,2-Training-Stats/SPS,68.0,Pong1PQFM_XObs_entangled_trainable_rzz_QLayers_5___seed_1_1761468207
2916352,2-Training-Stats/SPS,68.0,Pong1PQFM_XObs_entangled_trainable_rzz_QLayers_5___seed_1_1761468207
2920448,2-Training-Stats/SPS,68.0,Pong1PQFM_XObs_entangled_trainable_rzz_QLayers_5___seed_1_1761468207
2924544,2-Training-Stats/SPS,68.0,Pong1PQFM_XObs_entangled_trainable_rzz_QLayers_5___seed_1_1761468207
2928640,2-Training-Stats/SPS,68.0,Pong1PQFM_XObs_entangled_trainable_rzz_QLayers_5___seed_1_1761468207
2932736,2-Training-Stats/SPS,68.0,Pong1PQFM_XObs_entangled_trainable_rzz_QLayers_5___seed_1_1761468207
2936832,2-Training-Stats/SPS,68.0,Pong1PQFM_XObs_entangled_trainable_rzz_QLayers_5___seed_1_1761468207
2940928,2-Training-Stats/SPS,68.0,Pong1PQFM_XObs_entangled_trainable_rzz_QLayers_5___seed_1_1761468207
2945024,2-Training-Stats/SPS,68.0,Pong1PQFM_XObs_entangled_trainable_rzz_QLayers_5___seed_1_1761468207
2949120,2-Training-Stats/SPS,68.0,Pong1PQFM_XObs_entangled_trainable_rzz_QLayers_5___seed_1_1761468207
2953216,2-Training-Stats/SPS,68.0,Pong1PQFM_XObs_entangled_trainable_rzz_QLayers_5___seed_1_1761468207
2957312,2-Training-Stats/SPS,68.0,Pong1PQFM_XObs_entangled_trainable_rzz_QLayers_5___seed_1_1761468207
2961408,2-Training-Stats/SPS,68.0,Pong1PQFM_XObs_entangled_trainable_rzz_QLayers_5___seed_1_1761468207
2965504,2-Training-Stats/SPS,68.0,Pong1PQFM_XObs_entangled_trainable_rzz_QLayers_5___seed_1_1761468207
2969600,2-Training-Stats/SPS,68.0,Pong1PQFM_XObs_entangled_trainable_rzz_QLayers_5___seed_1_1761468207
2973696,2-Training-Stats/SPS,68.0,Pong1PQFM_XObs_entangled_trainable_rzz_QLayers_5___seed_1_1761468207
2977792,2-Training-Stats/SPS,68.0,Pong1PQFM_XObs_entangled_trainable_rzz_QLayers_5___seed_1_1761468207
2981888,2-Training-Stats/SPS,68.0,Pong1PQFM_XObs_entangled_trainable_rzz_QLayers_5___seed_1_1761468207
2985984,2-Training-Stats/SPS,68.0,Pong1PQFM_XObs_entangled_trainable_rzz_QLayers_5___seed_1_1761468207
2990080,2-Training-Stats/SPS,68.0,Pong1PQFM_XObs_entangled_trainable_rzz_QLayers_5___seed_1_1761468207
2994176,2-Training-Stats/SPS,68.0,Pong1PQFM_XObs_entangled_trainable_rzz_QLayers_5___seed_1_1761468207
2998272,2-Training-Stats/SPS,68.0,Pong1PQFM_XObs_entangled_trainable_rzz_QLayers_5___seed_1_1761468207
3002368,2-Training-Stats/SPS,68.0,Pong1PQFM_XObs_entangled_trainable_rzz_QLayers_5___seed_1_1761468207
3006464,2-Training-Stats/SPS,68.0,Pong1PQFM_XObs_entangled_trainable_rzz_QLayers_5___seed_1_1761468207
3010560,2-Training-Stats/SPS,68.0,Pong1PQFM_XObs_entangled_trainable_rzz_QLayers_5___seed_1_1761468207
3014656,2-Training-Stats/SPS,68.0,Pong1PQFM_XObs_entangled_trainable_rzz_QLayers_5___seed_1_1761468207
3018752,2-Training-Stats/SPS,68.0,Pong1PQFM_XObs_entangled_trainable_rzz_QLayers_5___seed_1_1761468207
3022848,2-Training-Stats/SPS,68.0,Pong1PQFM_XObs_entangled_trainable_rzz_QLayers_5___seed_1_1761468207
3026944,2-Training-Stats/SPS,68.0,Pong1PQFM_XObs_entangled_trainable_rzz_QLayers_5___seed_1_1761468207
3031040,2-Training-Stats/SPS,68.0,Pong1PQFM_XObs_entangled_trainable_rzz_QLayers_5___seed_1_1761468207
3035136,2-Training-Stats/SPS,68.0,Pong1PQFM_XObs_entangled_trainable_rzz_QLayers_5___seed_1_1761468207
3039232,2-Training-Stats/SPS,68.0,Pong1PQFM_XObs_entangled_trainable_rzz_QLayers_5___seed_1_1761468207
3043328,2-Training-Stats/SPS,68.0,Pong1PQFM_XObs_entangled_trainable_rzz_QLayers_5___seed_1_1761468207
3047424,2-Training-Stats/SPS,68.0,Pong1PQFM_XObs_entangled_trainable_rzz_QLayers_5___seed_1_1761468207
3051520,2-Training-Stats/SPS,68.0,Pong1PQFM_XObs_entangled_trainable_rzz_QLayers_5___seed_1_1761468207
3055616,2-Training-Stats/SPS,68.0,Pong1PQFM_XObs_entangled_trainable_rzz_QLayers_5___seed_1_1761468207
3059712,2-Training-Stats/SPS,68.0,Pong1PQFM_XObs_entangled_trainable_rzz_QLayers_5___seed_1_1761468207
3063808,2-Training-Stats/SPS,68.0,Pong1PQFM_XObs_entangled_trainable_rzz_QLayers_5___seed_1_1761468207
3067904,2-Training-Stats/SPS,68.0,Pong1PQFM_XObs_entangled_trainable_rzz_QLayers_5___seed_1_1761468207
3072000,2-Training-Stats/SPS,68.0,Pong1PQFM_XObs_entangled_trainable_rzz_QLayers_5___seed_1_1761468207
3076096,2-Training-Stats/SPS,68.0,Pong1PQFM_XObs_entangled_trainable_rzz_QLayers_5___seed_1_1761468207
3080192,2-Training-Stats/SPS,68.0,Pong1PQFM_XObs_entangled_trainable_rzz_QLayers_5___seed_1_1761468207
3084288,2-Training-Stats/SPS,68.0,Pong1PQFM_XObs_entangled_trainable_rzz_QLayers_5___seed_1_1761468207
3088384,2-Training-Stats/SPS,68.0,Pong1PQFM_XObs_entangled_trainable_rzz_QLayers_5___seed_1_1761468207
3092480,2-Training-Stats/SPS,68.0,Pong1PQFM_XObs_entangled_trainable_rzz_QLayers_5___seed_1_1761468207
3096576,2-Training-Stats/SPS,68.0,Pong1PQFM_XObs_entangled_trainable_rzz_QLayers_5___seed_1_1761468207
3100672,2-Training-Stats/SPS,68.0,Pong1PQFM_XObs_entangled_trainable_rzz_QLayers_5___seed_1_1761468207
3104768,2-Training-Stats/SPS,68.0,Pong1PQFM_XObs_entangled_trainable_rzz_QLayers_5___seed_1_1761468207
3108864,2-Training-Stats/SPS,68.0,Pong1PQFM_XObs_entangled_trainable_rzz_QLayers_5___seed_1_1761468207
3112960,2-Training-Stats/SPS,68.0,Pong1PQFM_XObs_entangled_trainable_rzz_QLayers_5___seed_1_1761468207
3117056,2-Training-Stats/SPS,68.0,Pong1PQFM_XObs_entangled_trainable_rzz_QLayers_5___seed_1_1761468207
3121152,2-Training-Stats/SPS,68.0,Pong1PQFM_XObs_entangled_trainable_rzz_QLayers_5___seed_1_1761468207
3125248,2-Training-Stats/SPS,68.0,Pong1PQFM_XObs_entangled_trainable_rzz_QLayers_5___seed_1_1761468207
3129344,2-Training-Stats/SPS,68.0,Pong1PQFM_XObs_entangled_trainable_rzz_QLayers_5___seed_1_1761468207
3133440,2-Training-Stats/SPS,68.0,Pong1PQFM_XObs_entangled_trainable_rzz_QLayers_5___seed_1_1761468207
3137536,2-Training-Stats/SPS,68.0,Pong1PQFM_XObs_entangled_trainable_rzz_QLayers_5___seed_1_1761468207
3141632,2-Training-Stats/SPS,68.0,Pong1PQFM_XObs_entangled_trainable_rzz_QLayers_5___seed_1_1761468207
3145728,2-Training-Stats/SPS,68.0,Pong1PQFM_XObs_entangled_trainable_rzz_QLayers_5___seed_1_1761468207
3149824,2-Training-Stats/SPS,68.0,Pong1PQFM_XObs_entangled_trainable_rzz_QLayers_5___seed_1_1761468207
3153920,2-Training-Stats/SPS,68.0,Pong1PQFM_XObs_entangled_trainable_rzz_QLayers_5___seed_1_1761468207
3158016,2-Training-Stats/SPS,68.0,Pong1PQFM_XObs_entangled_trainable_rzz_QLayers_5___seed_1_1761468207
3162112,2-Training-Stats/SPS,68.0,Pong1PQFM_XObs_entangled_trainable_rzz_QLayers_5___seed_1_1761468207
3166208,2-Training-Stats/SPS,68.0,Pong1PQFM_XObs_entangled_trainable_rzz_QLayers_5___seed_1_1761468207
3170304,2-Training-Stats/SPS,68.0,Pong1PQFM_XObs_entangled_trainable_rzz_QLayers_5___seed_1_1761468207
3174400,2-Training-Stats/SPS,68.0,Pong1PQFM_XObs_entangled_trainable_rzz_QLayers_5___seed_1_1761468207
3178496,2-Training-Stats/SPS,68.0,Pong1PQFM_XObs_entangled_trainable_rzz_QLayers_5___seed_1_1761468207
3182592,2-Training-Stats/SPS,68.0,Pong1PQFM_XObs_entangled_trainable_rzz_QLayers_5___seed_1_1761468207
3186688,2-Training-Stats/SPS,68.0,Pong1PQFM_XObs_entangled_trainable_rzz_QLayers_5___seed_1_1761468207
3190784,2-Training-Stats/SPS,68.0,Pong1PQFM_XObs_entangled_trainable_rzz_QLayers_5___seed_1_1761468207
3194880,2-Training-Stats/SPS,68.0,Pong1PQFM_XObs_entangled_trainable_rzz_QLayers_5___seed_1_1761468207
3198976,2-Training-Stats/SPS,68.0,Pong1PQFM_XObs_entangled_trainable_rzz_QLayers_5___seed_1_1761468207
3203072,2-Training-Stats/SPS,68.0,Pong1PQFM_XObs_entangled_trainable_rzz_QLayers_5___seed_1_1761468207
3207168,2-Training-Stats/SPS,68.0,Pong1PQFM_XObs_entangled_trainable_rzz_QLayers_5___seed_1_1761468207
3211264,2-Training-Stats/SPS,68.0,Pong1PQFM_XObs_entangled_trainable_rzz_QLayers_5___seed_1_1761468207
3215360,2-Training-Stats/SPS,68.0,Pong1PQFM_XObs_entangled_trainable_rzz_QLayers_5___seed_1_1761468207
3219456,2-Training-Stats/SPS,68.0,Pong1PQFM_XObs_entangled_trainable_rzz_QLayers_5___seed_1_1761468207
3223552,2-Training-Stats/SPS,68.0,Pong1PQFM_XObs_entangled_trainable_rzz_QLayers_5___seed_1_1761468207
3227648,2-Training-Stats/SPS,68.0,Pong1PQFM_XObs_entangled_trainable_rzz_QLayers_5___seed_1_1761468207
3231744,2-Training-Stats/SPS,68.0,Pong1PQFM_XObs_entangled_trainable_rzz_QLayers_5___seed_1_1761468207
3235840,2-Training-Stats/SPS,68.0,Pong1PQFM_XObs_entangled_trainable_rzz_QLayers_5___seed_1_1761468207
3239936,2-Training-Stats/SPS,68.0,Pong1PQFM_XObs_entangled_trainable_rzz_QLayers_5___seed_1_1761468207
3244032,2-Training-Stats/SPS,68.0,Pong1PQFM_XObs_entangled_trainable_rzz_QLayers_5___seed_1_1761468207
3248128,2-Training-Stats/SPS,68.0,Pong1PQFM_XObs_entangled_trainable_rzz_QLayers_5___seed_1_1761468207
3252224,2-Training-Stats/SPS,68.0,Pong1PQFM_XObs_entangled_trainable_rzz_QLayers_5___seed_1_1761468207
3256320,2-Training-Stats/SPS,68.0,Pong1PQFM_XObs_entangled_trainable_rzz_QLayers_5___seed_1_1761468207
3260416,2-Training-Stats/SPS,68.0,Pong1PQFM_XObs_entangled_trainable_rzz_QLayers_5___seed_1_1761468207
3264512,2-Training-Stats/SPS,68.0,Pong1PQFM_XObs_entangled_trainable_rzz_QLayers_5___seed_1_1761468207
3268608,2-Training-Stats/SPS,68.0,Pong1PQFM_XObs_entangled_trainable_rzz_QLayers_5___seed_1_1761468207
3272704,2-Training-Stats/SPS,68.0,Pong1PQFM_XObs_entangled_trainable_rzz_QLayers_5___seed_1_1761468207
3276800,2-Training-Stats/SPS,68.0,Pong1PQFM_XObs_entangled_trainable_rzz_QLayers_5___seed_1_1761468207
3280896,2-Training-Stats/SPS,68.0,Pong1PQFM_XObs_entangled_trainable_rzz_QLayers_5___seed_1_1761468207
3284992,2-Training-Stats/SPS,68.0,Pong1PQFM_XObs_entangled_trainable_rzz_QLayers_5___seed_1_1761468207
3289088,2-Training-Stats/SPS,68.0,Pong1PQFM_XObs_entangled_trainable_rzz_QLayers_5___seed_1_1761468207
3293184,2-Training-Stats/SPS,68.0,Pong1PQFM_XObs_entangled_trainable_rzz_QLayers_5___seed_1_1761468207
3297280,2-Training-Stats/SPS,68.0,Pong1PQFM_XObs_entangled_trainable_rzz_QLayers_5___seed_1_1761468207
3301376,2-Training-Stats/SPS,68.0,Pong1PQFM_XObs_entangled_trainable_rzz_QLayers_5___seed_1_1761468207
3305472,2-Training-Stats/SPS,68.0,Pong1PQFM_XObs_entangled_trainable_rzz_QLayers_5___seed_1_1761468207
3309568,2-Training-Stats/SPS,68.0,Pong1PQFM_XObs_entangled_trainable_rzz_QLayers_5___seed_1_1761468207
3313664,2-Training-Stats/SPS,68.0,Pong1PQFM_XObs_entangled_trainable_rzz_QLayers_5___seed_1_1761468207
3317760,2-Training-Stats/SPS,68.0,Pong1PQFM_XObs_entangled_trainable_rzz_QLayers_5___seed_1_1761468207
3321856,2-Training-Stats/SPS,68.0,Pong1PQFM_XObs_entangled_trainable_rzz_QLayers_5___seed_1_1761468207
3325952,2-Training-Stats/SPS,68.0,Pong1PQFM_XObs_entangled_trainable_rzz_QLayers_5___seed_1_1761468207
3330048,2-Training-Stats/SPS,68.0,Pong1PQFM_XObs_entangled_trainable_rzz_QLayers_5___seed_1_1761468207
3334144,2-Training-Stats/SPS,68.0,Pong1PQFM_XObs_entangled_trainable_rzz_QLayers_5___seed_1_1761468207
3338240,2-Training-Stats/SPS,68.0,Pong1PQFM_XObs_entangled_trainable_rzz_QLayers_5___seed_1_1761468207
3342336,2-Training-Stats/SPS,68.0,Pong1PQFM_XObs_entangled_trainable_rzz_QLayers_5___seed_1_1761468207
3346432,2-Training-Stats/SPS,68.0,Pong1PQFM_XObs_entangled_trainable_rzz_QLayers_5___seed_1_1761468207
3350528,2-Training-Stats/SPS,68.0,Pong1PQFM_XObs_entangled_trainable_rzz_QLayers_5___seed_1_1761468207
3354624,2-Training-Stats/SPS,68.0,Pong1PQFM_XObs_entangled_trainable_rzz_QLayers_5___seed_1_1761468207
3358720,2-Training-Stats/SPS,68.0,Pong1PQFM_XObs_entangled_trainable_rzz_QLayers_5___seed_1_1761468207
3362816,2-Training-Stats/SPS,68.0,Pong1PQFM_XObs_entangled_trainable_rzz_QLayers_5___seed_1_1761468207
3366912,2-Training-Stats/SPS,68.0,Pong1PQFM_XObs_entangled_trainable_rzz_QLayers_5___seed_1_1761468207
3371008,2-Training-Stats/SPS,68.0,Pong1PQFM_XObs_entangled_trainable_rzz_QLayers_5___seed_1_1761468207
3375104,2-Training-Stats/SPS,68.0,Pong1PQFM_XObs_entangled_trainable_rzz_QLayers_5___seed_1_1761468207
3379200,2-Training-Stats/SPS,68.0,Pong1PQFM_XObs_entangled_trainable_rzz_QLayers_5___seed_1_1761468207
3383296,2-Training-Stats/SPS,68.0,Pong1PQFM_XObs_entangled_trainable_rzz_QLayers_5___seed_1_1761468207
3387392,2-Training-Stats/SPS,68.0,Pong1PQFM_XObs_entangled_trainable_rzz_QLayers_5___seed_1_1761468207
3391488,2-Training-Stats/SPS,68.0,Pong1PQFM_XObs_entangled_trainable_rzz_QLayers_5___seed_1_1761468207
3395584,2-Training-Stats/SPS,68.0,Pong1PQFM_XObs_entangled_trainable_rzz_QLayers_5___seed_1_1761468207
3399680,2-Training-Stats/SPS,68.0,Pong1PQFM_XObs_entangled_trainable_rzz_QLayers_5___seed_1_1761468207
3403776,2-Training-Stats/SPS,68.0,Pong1PQFM_XObs_entangled_trainable_rzz_QLayers_5___seed_1_1761468207
3407872,2-Training-Stats/SPS,68.0,Pong1PQFM_XObs_entangled_trainable_rzz_QLayers_5___seed_1_1761468207
3411968,2-Training-Stats/SPS,68.0,Pong1PQFM_XObs_entangled_trainable_rzz_QLayers_5___seed_1_1761468207
3416064,2-Training-Stats/SPS,68.0,Pong1PQFM_XObs_entangled_trainable_rzz_QLayers_5___seed_1_1761468207
3420160,2-Training-Stats/SPS,68.0,Pong1PQFM_XObs_entangled_trainable_rzz_QLayers_5___seed_1_1761468207
3424256,2-Training-Stats/SPS,68.0,Pong1PQFM_XObs_entangled_trainable_rzz_QLayers_5___seed_1_1761468207
3428352,2-Training-Stats/SPS,68.0,Pong1PQFM_XObs_entangled_trainable_rzz_QLayers_5___seed_1_1761468207
3432448,2-Training-Stats/SPS,68.0,Pong1PQFM_XObs_entangled_trainable_rzz_QLayers_5___seed_1_1761468207
3436544,2-Training-Stats/SPS,68.0,Pong1PQFM_XObs_entangled_trainable_rzz_QLayers_5___seed_1_1761468207
3440640,2-Training-Stats/SPS,68.0,Pong1PQFM_XObs_entangled_trainable_rzz_QLayers_5___seed_1_1761468207
3444736,2-Training-Stats/SPS,68.0,Pong1PQFM_XObs_entangled_trainable_rzz_QLayers_5___seed_1_1761468207
3448832,2-Training-Stats/SPS,68.0,Pong1PQFM_XObs_entangled_trainable_rzz_QLayers_5___seed_1_1761468207
3452928,2-Training-Stats/SPS,68.0,Pong1PQFM_XObs_entangled_trainable_rzz_QLayers_5___seed_1_1761468207
3457024,2-Training-Stats/SPS,68.0,Pong1PQFM_XObs_entangled_trainable_rzz_QLayers_5___seed_1_1761468207
3461120,2-Training-Stats/SPS,68.0,Pong1PQFM_XObs_entangled_trainable_rzz_QLayers_5___seed_1_1761468207
3465216,2-Training-Stats/SPS,68.0,Pong1PQFM_XObs_entangled_trainable_rzz_QLayers_5___seed_1_1761468207
3469312,2-Training-Stats/SPS,68.0,Pong1PQFM_XObs_entangled_trainable_rzz_QLayers_5___seed_1_1761468207
3473408,2-Training-Stats/SPS,68.0,Pong1PQFM_XObs_entangled_trainable_rzz_QLayers_5___seed_1_1761468207
3477504,2-Training-Stats/SPS,68.0,Pong1PQFM_XObs_entangled_trainable_rzz_QLayers_5___seed_1_1761468207
3481600,2-Training-Stats/SPS,68.0,Pong1PQFM_XObs_entangled_trainable_rzz_QLayers_5___seed_1_1761468207
3485696,2-Training-Stats/SPS,68.0,Pong1PQFM_XObs_entangled_trainable_rzz_QLayers_5___seed_1_1761468207
3489792,2-Training-Stats/SPS,68.0,Pong1PQFM_XObs_entangled_trainable_rzz_QLayers_5___seed_1_1761468207
3493888,2-Training-Stats/SPS,68.0,Pong1PQFM_XObs_entangled_trainable_rzz_QLayers_5___seed_1_1761468207
3497984,2-Training-Stats/SPS,68.0,Pong1PQFM_XObs_entangled_trainable_rzz_QLayers_5___seed_1_1761468207
3502080,2-Training-Stats/SPS,68.0,Pong1PQFM_XObs_entangled_trainable_rzz_QLayers_5___seed_1_1761468207
3506176,2-Training-Stats/SPS,68.0,Pong1PQFM_XObs_entangled_trainable_rzz_QLayers_5___seed_1_1761468207
3510272,2-Training-Stats/SPS,68.0,Pong1PQFM_XObs_entangled_trainable_rzz_QLayers_5___seed_1_1761468207
3514368,2-Training-Stats/SPS,68.0,Pong1PQFM_XObs_entangled_trainable_rzz_QLayers_5___seed_1_1761468207
3518464,2-Training-Stats/SPS,68.0,Pong1PQFM_XObs_entangled_trainable_rzz_QLayers_5___seed_1_1761468207
3522560,2-Training-Stats/SPS,68.0,Pong1PQFM_XObs_entangled_trainable_rzz_QLayers_5___seed_1_1761468207
3526656,2-Training-Stats/SPS,68.0,Pong1PQFM_XObs_entangled_trainable_rzz_QLayers_5___seed_1_1761468207
3530752,2-Training-Stats/SPS,68.0,Pong1PQFM_XObs_entangled_trainable_rzz_QLayers_5___seed_1_1761468207
3534848,2-Training-Stats/SPS,68.0,Pong1PQFM_XObs_entangled_trainable_rzz_QLayers_5___seed_1_1761468207
3538944,2-Training-Stats/SPS,68.0,Pong1PQFM_XObs_entangled_trainable_rzz_QLayers_5___seed_1_1761468207
3543040,2-Training-Stats/SPS,68.0,Pong1PQFM_XObs_entangled_trainable_rzz_QLayers_5___seed_1_1761468207
3547136,2-Training-Stats/SPS,68.0,Pong1PQFM_XObs_entangled_trainable_rzz_QLayers_5___seed_1_1761468207
3551232,2-Training-Stats/SPS,68.0,Pong1PQFM_XObs_entangled_trainable_rzz_QLayers_5___seed_1_1761468207
3555328,2-Training-Stats/SPS,68.0,Pong1PQFM_XObs_entangled_trainable_rzz_QLayers_5___seed_1_1761468207
3559424,2-Training-Stats/SPS,68.0,Pong1PQFM_XObs_entangled_trainable_rzz_QLayers_5___seed_1_1761468207
3563520,2-Training-Stats/SPS,68.0,Pong1PQFM_XObs_entangled_trainable_rzz_QLayers_5___seed_1_1761468207
3567616,2-Training-Stats/SPS,68.0,Pong1PQFM_XObs_entangled_trainable_rzz_QLayers_5___seed_1_1761468207
3571712,2-Training-Stats/SPS,68.0,Pong1PQFM_XObs_entangled_trainable_rzz_QLayers_5___seed_1_1761468207
3575808,2-Training-Stats/SPS,68.0,Pong1PQFM_XObs_entangled_trainable_rzz_QLayers_5___seed_1_1761468207
3579904,2-Training-Stats/SPS,68.0,Pong1PQFM_XObs_entangled_trainable_rzz_QLayers_5___seed_1_1761468207
3584000,2-Training-Stats/SPS,68.0,Pong1PQFM_XObs_entangled_trainable_rzz_QLayers_5___seed_1_1761468207
3588096,2-Training-Stats/SPS,68.0,Pong1PQFM_XObs_entangled_trainable_rzz_QLayers_5___seed_1_1761468207
3592192,2-Training-Stats/SPS,68.0,Pong1PQFM_XObs_entangled_trainable_rzz_QLayers_5___seed_1_1761468207
3596288,2-Training-Stats/SPS,68.0,Pong1PQFM_XObs_entangled_trainable_rzz_QLayers_5___seed_1_1761468207
3600384,2-Training-Stats/SPS,68.0,Pong1PQFM_XObs_entangled_trainable_rzz_QLayers_5___seed_1_1761468207
3604480,2-Training-Stats/SPS,68.0,Pong1PQFM_XObs_entangled_trainable_rzz_QLayers_5___seed_1_1761468207
3608576,2-Training-Stats/SPS,68.0,Pong1PQFM_XObs_entangled_trainable_rzz_QLayers_5___seed_1_1761468207
3612672,2-Training-Stats/SPS,68.0,Pong1PQFM_XObs_entangled_trainable_rzz_QLayers_5___seed_1_1761468207
3616768,2-Training-Stats/SPS,68.0,Pong1PQFM_XObs_entangled_trainable_rzz_QLayers_5___seed_1_1761468207
3620864,2-Training-Stats/SPS,68.0,Pong1PQFM_XObs_entangled_trainable_rzz_QLayers_5___seed_1_1761468207
3624960,2-Training-Stats/SPS,68.0,Pong1PQFM_XObs_entangled_trainable_rzz_QLayers_5___seed_1_1761468207
3629056,2-Training-Stats/SPS,68.0,Pong1PQFM_XObs_entangled_trainable_rzz_QLayers_5___seed_1_1761468207
3633152,2-Training-Stats/SPS,68.0,Pong1PQFM_XObs_entangled_trainable_rzz_QLayers_5___seed_1_1761468207
3637248,2-Training-Stats/SPS,68.0,Pong1PQFM_XObs_entangled_trainable_rzz_QLayers_5___seed_1_1761468207
3641344,2-Training-Stats/SPS,68.0,Pong1PQFM_XObs_entangled_trainable_rzz_QLayers_5___seed_1_1761468207
3645440,2-Training-Stats/SPS,68.0,Pong1PQFM_XObs_entangled_trainable_rzz_QLayers_5___seed_1_1761468207
3649536,2-Training-Stats/SPS,68.0,Pong1PQFM_XObs_entangled_trainable_rzz_QLayers_5___seed_1_1761468207
3653632,2-Training-Stats/SPS,68.0,Pong1PQFM_XObs_entangled_trainable_rzz_QLayers_5___seed_1_1761468207
3657728,2-Training-Stats/SPS,68.0,Pong1PQFM_XObs_entangled_trainable_rzz_QLayers_5___seed_1_1761468207
3661824,2-Training-Stats/SPS,68.0,Pong1PQFM_XObs_entangled_trainable_rzz_QLayers_5___seed_1_1761468207
3665920,2-Training-Stats/SPS,68.0,Pong1PQFM_XObs_entangled_trainable_rzz_QLayers_5___seed_1_1761468207
3670016,2-Training-Stats/SPS,68.0,Pong1PQFM_XObs_entangled_trainable_rzz_QLayers_5___seed_1_1761468207
3674112,2-Training-Stats/SPS,68.0,Pong1PQFM_XObs_entangled_trainable_rzz_QLayers_5___seed_1_1761468207
3678208,2-Training-Stats/SPS,68.0,Pong1PQFM_XObs_entangled_trainable_rzz_QLayers_5___seed_1_1761468207
3682304,2-Training-Stats/SPS,68.0,Pong1PQFM_XObs_entangled_trainable_rzz_QLayers_5___seed_1_1761468207
3686400,2-Training-Stats/SPS,68.0,Pong1PQFM_XObs_entangled_trainable_rzz_QLayers_5___seed_1_1761468207
3690496,2-Training-Stats/SPS,68.0,Pong1PQFM_XObs_entangled_trainable_rzz_QLayers_5___seed_1_1761468207
3694592,2-Training-Stats/SPS,68.0,Pong1PQFM_XObs_entangled_trainable_rzz_QLayers_5___seed_1_1761468207
3698688,2-Training-Stats/SPS,68.0,Pong1PQFM_XObs_entangled_trainable_rzz_QLayers_5___seed_1_1761468207
3702784,2-Training-Stats/SPS,68.0,Pong1PQFM_XObs_entangled_trainable_rzz_QLayers_5___seed_1_1761468207
3706880,2-Training-Stats/SPS,68.0,Pong1PQFM_XObs_entangled_trainable_rzz_QLayers_5___seed_1_1761468207
3710976,2-Training-Stats/SPS,68.0,Pong1PQFM_XObs_entangled_trainable_rzz_QLayers_5___seed_1_1761468207
3715072,2-Training-Stats/SPS,68.0,Pong1PQFM_XObs_entangled_trainable_rzz_QLayers_5___seed_1_1761468207
3719168,2-Training-Stats/SPS,68.0,Pong1PQFM_XObs_entangled_trainable_rzz_QLayers_5___seed_1_1761468207
3723264,2-Training-Stats/SPS,68.0,Pong1PQFM_XObs_entangled_trainable_rzz_QLayers_5___seed_1_1761468207
3727360,2-Training-Stats/SPS,68.0,Pong1PQFM_XObs_entangled_trainable_rzz_QLayers_5___seed_1_1761468207
3731456,2-Training-Stats/SPS,68.0,Pong1PQFM_XObs_entangled_trainable_rzz_QLayers_5___seed_1_1761468207
3735552,2-Training-Stats/SPS,68.0,Pong1PQFM_XObs_entangled_trainable_rzz_QLayers_5___seed_1_1761468207
3739648,2-Training-Stats/SPS,68.0,Pong1PQFM_XObs_entangled_trainable_rzz_QLayers_5___seed_1_1761468207
3743744,2-Training-Stats/SPS,68.0,Pong1PQFM_XObs_entangled_trainable_rzz_QLayers_5___seed_1_1761468207
3747840,2-Training-Stats/SPS,68.0,Pong1PQFM_XObs_entangled_trainable_rzz_QLayers_5___seed_1_1761468207
3751936,2-Training-Stats/SPS,68.0,Pong1PQFM_XObs_entangled_trainable_rzz_QLayers_5___seed_1_1761468207
3756032,2-Training-Stats/SPS,68.0,Pong1PQFM_XObs_entangled_trainable_rzz_QLayers_5___seed_1_1761468207
3760128,2-Training-Stats/SPS,68.0,Pong1PQFM_XObs_entangled_trainable_rzz_QLayers_5___seed_1_1761468207
3764224,2-Training-Stats/SPS,68.0,Pong1PQFM_XObs_entangled_trainable_rzz_QLayers_5___seed_1_1761468207
3768320,2-Training-Stats/SPS,68.0,Pong1PQFM_XObs_entangled_trainable_rzz_QLayers_5___seed_1_1761468207
3772416,2-Training-Stats/SPS,68.0,Pong1PQFM_XObs_entangled_trainable_rzz_QLayers_5___seed_1_1761468207
3776512,2-Training-Stats/SPS,68.0,Pong1PQFM_XObs_entangled_trainable_rzz_QLayers_5___seed_1_1761468207
3780608,2-Training-Stats/SPS,68.0,Pong1PQFM_XObs_entangled_trainable_rzz_QLayers_5___seed_1_1761468207
3784704,2-Training-Stats/SPS,68.0,Pong1PQFM_XObs_entangled_trainable_rzz_QLayers_5___seed_1_1761468207
3788800,2-Training-Stats/SPS,68.0,Pong1PQFM_XObs_entangled_trainable_rzz_QLayers_5___seed_1_1761468207
3792896,2-Training-Stats/SPS,68.0,Pong1PQFM_XObs_entangled_trainable_rzz_QLayers_5___seed_1_1761468207
3796992,2-Training-Stats/SPS,68.0,Pong1PQFM_XObs_entangled_trainable_rzz_QLayers_5___seed_1_1761468207
3801088,2-Training-Stats/SPS,68.0,Pong1PQFM_XObs_entangled_trainable_rzz_QLayers_5___seed_1_1761468207
3805184,2-Training-Stats/SPS,68.0,Pong1PQFM_XObs_entangled_trainable_rzz_QLayers_5___seed_1_1761468207
3809280,2-Training-Stats/SPS,68.0,Pong1PQFM_XObs_entangled_trainable_rzz_QLayers_5___seed_1_1761468207
3813376,2-Training-Stats/SPS,68.0,Pong1PQFM_XObs_entangled_trainable_rzz_QLayers_5___seed_1_1761468207
3817472,2-Training-Stats/SPS,68.0,Pong1PQFM_XObs_entangled_trainable_rzz_QLayers_5___seed_1_1761468207
3821568,2-Training-Stats/SPS,68.0,Pong1PQFM_XObs_entangled_trainable_rzz_QLayers_5___seed_1_1761468207
3825664,2-Training-Stats/SPS,68.0,Pong1PQFM_XObs_entangled_trainable_rzz_QLayers_5___seed_1_1761468207
3829760,2-Training-Stats/SPS,68.0,Pong1PQFM_XObs_entangled_trainable_rzz_QLayers_5___seed_1_1761468207
3833856,2-Training-Stats/SPS,68.0,Pong1PQFM_XObs_entangled_trainable_rzz_QLayers_5___seed_1_1761468207
3837952,2-Training-Stats/SPS,68.0,Pong1PQFM_XObs_entangled_trainable_rzz_QLayers_5___seed_1_1761468207
3842048,2-Training-Stats/SPS,68.0,Pong1PQFM_XObs_entangled_trainable_rzz_QLayers_5___seed_1_1761468207
3846144,2-Training-Stats/SPS,68.0,Pong1PQFM_XObs_entangled_trainable_rzz_QLayers_5___seed_1_1761468207
3850240,2-Training-Stats/SPS,68.0,Pong1PQFM_XObs_entangled_trainable_rzz_QLayers_5___seed_1_1761468207
3854336,2-Training-Stats/SPS,68.0,Pong1PQFM_XObs_entangled_trainable_rzz_QLayers_5___seed_1_1761468207
3858432,2-Training-Stats/SPS,68.0,Pong1PQFM_XObs_entangled_trainable_rzz_QLayers_5___seed_1_1761468207
3862528,2-Training-Stats/SPS,68.0,Pong1PQFM_XObs_entangled_trainable_rzz_QLayers_5___seed_1_1761468207
3866624,2-Training-Stats/SPS,68.0,Pong1PQFM_XObs_entangled_trainable_rzz_QLayers_5___seed_1_1761468207
3870720,2-Training-Stats/SPS,68.0,Pong1PQFM_XObs_entangled_trainable_rzz_QLayers_5___seed_1_1761468207
3874816,2-Training-Stats/SPS,68.0,Pong1PQFM_XObs_entangled_trainable_rzz_QLayers_5___seed_1_1761468207
3878912,2-Training-Stats/SPS,68.0,Pong1PQFM_XObs_entangled_trainable_rzz_QLayers_5___seed_1_1761468207
3883008,2-Training-Stats/SPS,68.0,Pong1PQFM_XObs_entangled_trainable_rzz_QLayers_5___seed_1_1761468207
3887104,2-Training-Stats/SPS,68.0,Pong1PQFM_XObs_entangled_trainable_rzz_QLayers_5___seed_1_1761468207
3891200,2-Training-Stats/SPS,68.0,Pong1PQFM_XObs_entangled_trainable_rzz_QLayers_5___seed_1_1761468207
3895296,2-Training-Stats/SPS,68.0,Pong1PQFM_XObs_entangled_trainable_rzz_QLayers_5___seed_1_1761468207
3899392,2-Training-Stats/SPS,68.0,Pong1PQFM_XObs_entangled_trainable_rzz_QLayers_5___seed_1_1761468207
3903488,2-Training-Stats/SPS,68.0,Pong1PQFM_XObs_entangled_trainable_rzz_QLayers_5___seed_1_1761468207
3907584,2-Training-Stats/SPS,68.0,Pong1PQFM_XObs_entangled_trainable_rzz_QLayers_5___seed_1_1761468207
3911680,2-Training-Stats/SPS,68.0,Pong1PQFM_XObs_entangled_trainable_rzz_QLayers_5___seed_1_1761468207
3915776,2-Training-Stats/SPS,68.0,Pong1PQFM_XObs_entangled_trainable_rzz_QLayers_5___seed_1_1761468207
3919872,2-Training-Stats/SPS,68.0,Pong1PQFM_XObs_entangled_trainable_rzz_QLayers_5___seed_1_1761468207
3923968,2-Training-Stats/SPS,68.0,Pong1PQFM_XObs_entangled_trainable_rzz_QLayers_5___seed_1_1761468207
3928064,2-Training-Stats/SPS,68.0,Pong1PQFM_XObs_entangled_trainable_rzz_QLayers_5___seed_1_1761468207
3932160,2-Training-Stats/SPS,68.0,Pong1PQFM_XObs_entangled_trainable_rzz_QLayers_5___seed_1_1761468207
3936256,2-Training-Stats/SPS,68.0,Pong1PQFM_XObs_entangled_trainable_rzz_QLayers_5___seed_1_1761468207
3940352,2-Training-Stats/SPS,68.0,Pong1PQFM_XObs_entangled_trainable_rzz_QLayers_5___seed_1_1761468207
3944448,2-Training-Stats/SPS,68.0,Pong1PQFM_XObs_entangled_trainable_rzz_QLayers_5___seed_1_1761468207
3948544,2-Training-Stats/SPS,68.0,Pong1PQFM_XObs_entangled_trainable_rzz_QLayers_5___seed_1_1761468207
3952640,2-Training-Stats/SPS,68.0,Pong1PQFM_XObs_entangled_trainable_rzz_QLayers_5___seed_1_1761468207
3956736,2-Training-Stats/SPS,68.0,Pong1PQFM_XObs_entangled_trainable_rzz_QLayers_5___seed_1_1761468207
3960832,2-Training-Stats/SPS,68.0,Pong1PQFM_XObs_entangled_trainable_rzz_QLayers_5___seed_1_1761468207
3964928,2-Training-Stats/SPS,68.0,Pong1PQFM_XObs_entangled_trainable_rzz_QLayers_5___seed_1_1761468207
3969024,2-Training-Stats/SPS,68.0,Pong1PQFM_XObs_entangled_trainable_rzz_QLayers_5___seed_1_1761468207
3973120,2-Training-Stats/SPS,68.0,Pong1PQFM_XObs_entangled_trainable_rzz_QLayers_5___seed_1_1761468207
3977216,2-Training-Stats/SPS,68.0,Pong1PQFM_XObs_entangled_trainable_rzz_QLayers_5___seed_1_1761468207
3981312,2-Training-Stats/SPS,68.0,Pong1PQFM_XObs_entangled_trainable_rzz_QLayers_5___seed_1_1761468207
3985408,2-Training-Stats/SPS,68.0,Pong1PQFM_XObs_entangled_trainable_rzz_QLayers_5___seed_1_1761468207
3989504,2-Training-Stats/SPS,68.0,Pong1PQFM_XObs_entangled_trainable_rzz_QLayers_5___seed_1_1761468207
3993600,2-Training-Stats/SPS,68.0,Pong1PQFM_XObs_entangled_trainable_rzz_QLayers_5___seed_1_1761468207
3997696,2-Training-Stats/SPS,68.0,Pong1PQFM_XObs_entangled_trainable_rzz_QLayers_5___seed_1_1761468207
4001792,2-Training-Stats/SPS,68.0,Pong1PQFM_XObs_entangled_trainable_rzz_QLayers_5___seed_1_1761468207
4005888,2-Training-Stats/SPS,68.0,Pong1PQFM_XObs_entangled_trainable_rzz_QLayers_5___seed_1_1761468207
4009984,2-Training-Stats/SPS,68.0,Pong1PQFM_XObs_entangled_trainable_rzz_QLayers_5___seed_1_1761468207
4014080,2-Training-Stats/SPS,68.0,Pong1PQFM_XObs_entangled_trainable_rzz_QLayers_5___seed_1_1761468207
4018176,2-Training-Stats/SPS,68.0,Pong1PQFM_XObs_entangled_trainable_rzz_QLayers_5___seed_1_1761468207
4022272,2-Training-Stats/SPS,68.0,Pong1PQFM_XObs_entangled_trainable_rzz_QLayers_5___seed_1_1761468207
4026368,2-Training-Stats/SPS,68.0,Pong1PQFM_XObs_entangled_trainable_rzz_QLayers_5___seed_1_1761468207
4030464,2-Training-Stats/SPS,68.0,Pong1PQFM_XObs_entangled_trainable_rzz_QLayers_5___seed_1_1761468207
4034560,2-Training-Stats/SPS,68.0,Pong1PQFM_XObs_entangled_trainable_rzz_QLayers_5___seed_1_1761468207
4038656,2-Training-Stats/SPS,68.0,Pong1PQFM_XObs_entangled_trainable_rzz_QLayers_5___seed_1_1761468207
4042752,2-Training-Stats/SPS,68.0,Pong1PQFM_XObs_entangled_trainable_rzz_QLayers_5___seed_1_1761468207
4046848,2-Training-Stats/SPS,68.0,Pong1PQFM_XObs_entangled_trainable_rzz_QLayers_5___seed_1_1761468207
4050944,2-Training-Stats/SPS,68.0,Pong1PQFM_XObs_entangled_trainable_rzz_QLayers_5___seed_1_1761468207
4055040,2-Training-Stats/SPS,68.0,Pong1PQFM_XObs_entangled_trainable_rzz_QLayers_5___seed_1_1761468207
4059136,2-Training-Stats/SPS,68.0,Pong1PQFM_XObs_entangled_trainable_rzz_QLayers_5___seed_1_1761468207
4063232,2-Training-Stats/SPS,68.0,Pong1PQFM_XObs_entangled_trainable_rzz_QLayers_5___seed_1_1761468207
4067328,2-Training-Stats/SPS,68.0,Pong1PQFM_XObs_entangled_trainable_rzz_QLayers_5___seed_1_1761468207
4071424,2-Training-Stats/SPS,68.0,Pong1PQFM_XObs_entangled_trainable_rzz_QLayers_5___seed_1_1761468207
4075520,2-Training-Stats/SPS,68.0,Pong1PQFM_XObs_entangled_trainable_rzz_QLayers_5___seed_1_1761468207
4079616,2-Training-Stats/SPS,68.0,Pong1PQFM_XObs_entangled_trainable_rzz_QLayers_5___seed_1_1761468207
4083712,2-Training-Stats/SPS,68.0,Pong1PQFM_XObs_entangled_trainable_rzz_QLayers_5___seed_1_1761468207
4087808,2-Training-Stats/SPS,68.0,Pong1PQFM_XObs_entangled_trainable_rzz_QLayers_5___seed_1_1761468207
4091904,2-Training-Stats/SPS,68.0,Pong1PQFM_XObs_entangled_trainable_rzz_QLayers_5___seed_1_1761468207
4096000,2-Training-Stats/SPS,68.0,Pong1PQFM_XObs_entangled_trainable_rzz_QLayers_5___seed_1_1761468207
4100096,2-Training-Stats/SPS,68.0,Pong1PQFM_XObs_entangled_trainable_rzz_QLayers_5___seed_1_1761468207
4104192,2-Training-Stats/SPS,68.0,Pong1PQFM_XObs_entangled_trainable_rzz_QLayers_5___seed_1_1761468207
4108288,2-Training-Stats/SPS,68.0,Pong1PQFM_XObs_entangled_trainable_rzz_QLayers_5___seed_1_1761468207
4112384,2-Training-Stats/SPS,68.0,Pong1PQFM_XObs_entangled_trainable_rzz_QLayers_5___seed_1_1761468207
4116480,2-Training-Stats/SPS,68.0,Pong1PQFM_XObs_entangled_trainable_rzz_QLayers_5___seed_1_1761468207
4120576,2-Training-Stats/SPS,68.0,Pong1PQFM_XObs_entangled_trainable_rzz_QLayers_5___seed_1_1761468207
4124672,2-Training-Stats/SPS,68.0,Pong1PQFM_XObs_entangled_trainable_rzz_QLayers_5___seed_1_1761468207
4128768,2-Training-Stats/SPS,68.0,Pong1PQFM_XObs_entangled_trainable_rzz_QLayers_5___seed_1_1761468207
4132864,2-Training-Stats/SPS,68.0,Pong1PQFM_XObs_entangled_trainable_rzz_QLayers_5___seed_1_1761468207
4136960,2-Training-Stats/SPS,68.0,Pong1PQFM_XObs_entangled_trainable_rzz_QLayers_5___seed_1_1761468207
4141056,2-Training-Stats/SPS,68.0,Pong1PQFM_XObs_entangled_trainable_rzz_QLayers_5___seed_1_1761468207
4145152,2-Training-Stats/SPS,68.0,Pong1PQFM_XObs_entangled_trainable_rzz_QLayers_5___seed_1_1761468207
4149248,2-Training-Stats/SPS,68.0,Pong1PQFM_XObs_entangled_trainable_rzz_QLayers_5___seed_1_1761468207
4153344,2-Training-Stats/SPS,68.0,Pong1PQFM_XObs_entangled_trainable_rzz_QLayers_5___seed_1_1761468207
4157440,2-Training-Stats/SPS,68.0,Pong1PQFM_XObs_entangled_trainable_rzz_QLayers_5___seed_1_1761468207
4161536,2-Training-Stats/SPS,68.0,Pong1PQFM_XObs_entangled_trainable_rzz_QLayers_5___seed_1_1761468207
4165632,2-Training-Stats/SPS,68.0,Pong1PQFM_XObs_entangled_trainable_rzz_QLayers_5___seed_1_1761468207
4169728,2-Training-Stats/SPS,68.0,Pong1PQFM_XObs_entangled_trainable_rzz_QLayers_5___seed_1_1761468207
4173824,2-Training-Stats/SPS,68.0,Pong1PQFM_XObs_entangled_trainable_rzz_QLayers_5___seed_1_1761468207
4177920,2-Training-Stats/SPS,68.0,Pong1PQFM_XObs_entangled_trainable_rzz_QLayers_5___seed_1_1761468207
4182016,2-Training-Stats/SPS,68.0,Pong1PQFM_XObs_entangled_trainable_rzz_QLayers_5___seed_1_1761468207
4186112,2-Training-Stats/SPS,68.0,Pong1PQFM_XObs_entangled_trainable_rzz_QLayers_5___seed_1_1761468207
4190208,2-Training-Stats/SPS,68.0,Pong1PQFM_XObs_entangled_trainable_rzz_QLayers_5___seed_1_1761468207
4194304,2-Training-Stats/SPS,68.0,Pong1PQFM_XObs_entangled_trainable_rzz_QLayers_5___seed_1_1761468207
4198400,2-Training-Stats/SPS,68.0,Pong1PQFM_XObs_entangled_trainable_rzz_QLayers_5___seed_1_1761468207
4202496,2-Training-Stats/SPS,68.0,Pong1PQFM_XObs_entangled_trainable_rzz_QLayers_5___seed_1_1761468207
4206592,2-Training-Stats/SPS,68.0,Pong1PQFM_XObs_entangled_trainable_rzz_QLayers_5___seed_1_1761468207
4210688,2-Training-Stats/SPS,68.0,Pong1PQFM_XObs_entangled_trainable_rzz_QLayers_5___seed_1_1761468207
4214784,2-Training-Stats/SPS,68.0,Pong1PQFM_XObs_entangled_trainable_rzz_QLayers_5___seed_1_1761468207
4218880,2-Training-Stats/SPS,68.0,Pong1PQFM_XObs_entangled_trainable_rzz_QLayers_5___seed_1_1761468207
4222976,2-Training-Stats/SPS,68.0,Pong1PQFM_XObs_entangled_trainable_rzz_QLayers_5___seed_1_1761468207
4227072,2-Training-Stats/SPS,68.0,Pong1PQFM_XObs_entangled_trainable_rzz_QLayers_5___seed_1_1761468207
4231168,2-Training-Stats/SPS,68.0,Pong1PQFM_XObs_entangled_trainable_rzz_QLayers_5___seed_1_1761468207
4235264,2-Training-Stats/SPS,68.0,Pong1PQFM_XObs_entangled_trainable_rzz_QLayers_5___seed_1_1761468207
4239360,2-Training-Stats/SPS,68.0,Pong1PQFM_XObs_entangled_trainable_rzz_QLayers_5___seed_1_1761468207
4243456,2-Training-Stats/SPS,68.0,Pong1PQFM_XObs_entangled_trainable_rzz_QLayers_5___seed_1_1761468207
4247552,2-Training-Stats/SPS,68.0,Pong1PQFM_XObs_entangled_trainable_rzz_QLayers_5___seed_1_1761468207
4251648,2-Training-Stats/SPS,68.0,Pong1PQFM_XObs_entangled_trainable_rzz_QLayers_5___seed_1_1761468207
4255744,2-Training-Stats/SPS,68.0,Pong1PQFM_XObs_entangled_trainable_rzz_QLayers_5___seed_1_1761468207
4259840,2-Training-Stats/SPS,68.0,Pong1PQFM_XObs_entangled_trainable_rzz_QLayers_5___seed_1_1761468207
4263936,2-Training-Stats/SPS,68.0,Pong1PQFM_XObs_entangled_trainable_rzz_QLayers_5___seed_1_1761468207
4268032,2-Training-Stats/SPS,68.0,Pong1PQFM_XObs_entangled_trainable_rzz_QLayers_5___seed_1_1761468207
4272128,2-Training-Stats/SPS,68.0,Pong1PQFM_XObs_entangled_trainable_rzz_QLayers_5___seed_1_1761468207
4276224,2-Training-Stats/SPS,68.0,Pong1PQFM_XObs_entangled_trainable_rzz_QLayers_5___seed_1_1761468207
4280320,2-Training-Stats/SPS,68.0,Pong1PQFM_XObs_entangled_trainable_rzz_QLayers_5___seed_1_1761468207
4284416,2-Training-Stats/SPS,68.0,Pong1PQFM_XObs_entangled_trainable_rzz_QLayers_5___seed_1_1761468207
4288512,2-Training-Stats/SPS,68.0,Pong1PQFM_XObs_entangled_trainable_rzz_QLayers_5___seed_1_1761468207
4292608,2-Training-Stats/SPS,68.0,Pong1PQFM_XObs_entangled_trainable_rzz_QLayers_5___seed_1_1761468207
4296704,2-Training-Stats/SPS,68.0,Pong1PQFM_XObs_entangled_trainable_rzz_QLayers_5___seed_1_1761468207
4300800,2-Training-Stats/SPS,68.0,Pong1PQFM_XObs_entangled_trainable_rzz_QLayers_5___seed_1_1761468207
4304896,2-Training-Stats/SPS,68.0,Pong1PQFM_XObs_entangled_trainable_rzz_QLayers_5___seed_1_1761468207
4308992,2-Training-Stats/SPS,68.0,Pong1PQFM_XObs_entangled_trainable_rzz_QLayers_5___seed_1_1761468207
4313088,2-Training-Stats/SPS,68.0,Pong1PQFM_XObs_entangled_trainable_rzz_QLayers_5___seed_1_1761468207
4317184,2-Training-Stats/SPS,68.0,Pong1PQFM_XObs_entangled_trainable_rzz_QLayers_5___seed_1_1761468207
4321280,2-Training-Stats/SPS,68.0,Pong1PQFM_XObs_entangled_trainable_rzz_QLayers_5___seed_1_1761468207
4325376,2-Training-Stats/SPS,68.0,Pong1PQFM_XObs_entangled_trainable_rzz_QLayers_5___seed_1_1761468207
4329472,2-Training-Stats/SPS,68.0,Pong1PQFM_XObs_entangled_trainable_rzz_QLayers_5___seed_1_1761468207
4333568,2-Training-Stats/SPS,68.0,Pong1PQFM_XObs_entangled_trainable_rzz_QLayers_5___seed_1_1761468207
4337664,2-Training-Stats/SPS,68.0,Pong1PQFM_XObs_entangled_trainable_rzz_QLayers_5___seed_1_1761468207
4341760,2-Training-Stats/SPS,68.0,Pong1PQFM_XObs_entangled_trainable_rzz_QLayers_5___seed_1_1761468207
4345856,2-Training-Stats/SPS,68.0,Pong1PQFM_XObs_entangled_trainable_rzz_QLayers_5___seed_1_1761468207
4349952,2-Training-Stats/SPS,68.0,Pong1PQFM_XObs_entangled_trainable_rzz_QLayers_5___seed_1_1761468207
4354048,2-Training-Stats/SPS,68.0,Pong1PQFM_XObs_entangled_trainable_rzz_QLayers_5___seed_1_1761468207
4358144,2-Training-Stats/SPS,68.0,Pong1PQFM_XObs_entangled_trainable_rzz_QLayers_5___seed_1_1761468207
4362240,2-Training-Stats/SPS,68.0,Pong1PQFM_XObs_entangled_trainable_rzz_QLayers_5___seed_1_1761468207
4366336,2-Training-Stats/SPS,68.0,Pong1PQFM_XObs_entangled_trainable_rzz_QLayers_5___seed_1_1761468207
4370432,2-Training-Stats/SPS,68.0,Pong1PQFM_XObs_entangled_trainable_rzz_QLayers_5___seed_1_1761468207
4374528,2-Training-Stats/SPS,68.0,Pong1PQFM_XObs_entangled_trainable_rzz_QLayers_5___seed_1_1761468207
4378624,2-Training-Stats/SPS,68.0,Pong1PQFM_XObs_entangled_trainable_rzz_QLayers_5___seed_1_1761468207
4382720,2-Training-Stats/SPS,68.0,Pong1PQFM_XObs_entangled_trainable_rzz_QLayers_5___seed_1_1761468207
4386816,2-Training-Stats/SPS,68.0,Pong1PQFM_XObs_entangled_trainable_rzz_QLayers_5___seed_1_1761468207
4390912,2-Training-Stats/SPS,68.0,Pong1PQFM_XObs_entangled_trainable_rzz_QLayers_5___seed_1_1761468207
4395008,2-Training-Stats/SPS,68.0,Pong1PQFM_XObs_entangled_trainable_rzz_QLayers_5___seed_1_1761468207
4399104,2-Training-Stats/SPS,68.0,Pong1PQFM_XObs_entangled_trainable_rzz_QLayers_5___seed_1_1761468207
4403200,2-Training-Stats/SPS,68.0,Pong1PQFM_XObs_entangled_trainable_rzz_QLayers_5___seed_1_1761468207
4407296,2-Training-Stats/SPS,68.0,Pong1PQFM_XObs_entangled_trainable_rzz_QLayers_5___seed_1_1761468207
4411392,2-Training-Stats/SPS,68.0,Pong1PQFM_XObs_entangled_trainable_rzz_QLayers_5___seed_1_1761468207
4415488,2-Training-Stats/SPS,68.0,Pong1PQFM_XObs_entangled_trainable_rzz_QLayers_5___seed_1_1761468207
4419584,2-Training-Stats/SPS,68.0,Pong1PQFM_XObs_entangled_trainable_rzz_QLayers_5___seed_1_1761468207
4423680,2-Training-Stats/SPS,68.0,Pong1PQFM_XObs_entangled_trainable_rzz_QLayers_5___seed_1_1761468207
4427776,2-Training-Stats/SPS,68.0,Pong1PQFM_XObs_entangled_trainable_rzz_QLayers_5___seed_1_1761468207
4431872,2-Training-Stats/SPS,68.0,Pong1PQFM_XObs_entangled_trainable_rzz_QLayers_5___seed_1_1761468207
4435968,2-Training-Stats/SPS,68.0,Pong1PQFM_XObs_entangled_trainable_rzz_QLayers_5___seed_1_1761468207
4440064,2-Training-Stats/SPS,68.0,Pong1PQFM_XObs_entangled_trainable_rzz_QLayers_5___seed_1_1761468207
4444160,2-Training-Stats/SPS,68.0,Pong1PQFM_XObs_entangled_trainable_rzz_QLayers_5___seed_1_1761468207
4448256,2-Training-Stats/SPS,68.0,Pong1PQFM_XObs_entangled_trainable_rzz_QLayers_5___seed_1_1761468207
4452352,2-Training-Stats/SPS,68.0,Pong1PQFM_XObs_entangled_trainable_rzz_QLayers_5___seed_1_1761468207
4456448,2-Training-Stats/SPS,68.0,Pong1PQFM_XObs_entangled_trainable_rzz_QLayers_5___seed_1_1761468207
4460544,2-Training-Stats/SPS,68.0,Pong1PQFM_XObs_entangled_trainable_rzz_QLayers_5___seed_1_1761468207
4464640,2-Training-Stats/SPS,68.0,Pong1PQFM_XObs_entangled_trainable_rzz_QLayers_5___seed_1_1761468207
4468736,2-Training-Stats/SPS,68.0,Pong1PQFM_XObs_entangled_trainable_rzz_QLayers_5___seed_1_1761468207
4472832,2-Training-Stats/SPS,68.0,Pong1PQFM_XObs_entangled_trainable_rzz_QLayers_5___seed_1_1761468207
4476928,2-Training-Stats/SPS,68.0,Pong1PQFM_XObs_entangled_trainable_rzz_QLayers_5___seed_1_1761468207
4481024,2-Training-Stats/SPS,68.0,Pong1PQFM_XObs_entangled_trainable_rzz_QLayers_5___seed_1_1761468207
4485120,2-Training-Stats/SPS,68.0,Pong1PQFM_XObs_entangled_trainable_rzz_QLayers_5___seed_1_1761468207
4489216,2-Training-Stats/SPS,68.0,Pong1PQFM_XObs_entangled_trainable_rzz_QLayers_5___seed_1_1761468207
4493312,2-Training-Stats/SPS,68.0,Pong1PQFM_XObs_entangled_trainable_rzz_QLayers_5___seed_1_1761468207
4497408,2-Training-Stats/SPS,68.0,Pong1PQFM_XObs_entangled_trainable_rzz_QLayers_5___seed_1_1761468207
4501504,2-Training-Stats/SPS,68.0,Pong1PQFM_XObs_entangled_trainable_rzz_QLayers_5___seed_1_1761468207
4505600,2-Training-Stats/SPS,68.0,Pong1PQFM_XObs_entangled_trainable_rzz_QLayers_5___seed_1_1761468207
4509696,2-Training-Stats/SPS,68.0,Pong1PQFM_XObs_entangled_trainable_rzz_QLayers_5___seed_1_1761468207
4513792,2-Training-Stats/SPS,68.0,Pong1PQFM_XObs_entangled_trainable_rzz_QLayers_5___seed_1_1761468207
4517888,2-Training-Stats/SPS,68.0,Pong1PQFM_XObs_entangled_trainable_rzz_QLayers_5___seed_1_1761468207
4521984,2-Training-Stats/SPS,68.0,Pong1PQFM_XObs_entangled_trainable_rzz_QLayers_5___seed_1_1761468207
4526080,2-Training-Stats/SPS,68.0,Pong1PQFM_XObs_entangled_trainable_rzz_QLayers_5___seed_1_1761468207
4530176,2-Training-Stats/SPS,68.0,Pong1PQFM_XObs_entangled_trainable_rzz_QLayers_5___seed_1_1761468207
4534272,2-Training-Stats/SPS,68.0,Pong1PQFM_XObs_entangled_trainable_rzz_QLayers_5___seed_1_1761468207
4538368,2-Training-Stats/SPS,68.0,Pong1PQFM_XObs_entangled_trainable_rzz_QLayers_5___seed_1_1761468207
4542464,2-Training-Stats/SPS,68.0,Pong1PQFM_XObs_entangled_trainable_rzz_QLayers_5___seed_1_1761468207
4546560,2-Training-Stats/SPS,68.0,Pong1PQFM_XObs_entangled_trainable_rzz_QLayers_5___seed_1_1761468207
4550656,2-Training-Stats/SPS,68.0,Pong1PQFM_XObs_entangled_trainable_rzz_QLayers_5___seed_1_1761468207
4554752,2-Training-Stats/SPS,68.0,Pong1PQFM_XObs_entangled_trainable_rzz_QLayers_5___seed_1_1761468207
4558848,2-Training-Stats/SPS,68.0,Pong1PQFM_XObs_entangled_trainable_rzz_QLayers_5___seed_1_1761468207
4562944,2-Training-Stats/SPS,68.0,Pong1PQFM_XObs_entangled_trainable_rzz_QLayers_5___seed_1_1761468207
4567040,2-Training-Stats/SPS,68.0,Pong1PQFM_XObs_entangled_trainable_rzz_QLayers_5___seed_1_1761468207
4571136,2-Training-Stats/SPS,68.0,Pong1PQFM_XObs_entangled_trainable_rzz_QLayers_5___seed_1_1761468207
4575232,2-Training-Stats/SPS,68.0,Pong1PQFM_XObs_entangled_trainable_rzz_QLayers_5___seed_1_1761468207
4579328,2-Training-Stats/SPS,68.0,Pong1PQFM_XObs_entangled_trainable_rzz_QLayers_5___seed_1_1761468207
4583424,2-Training-Stats/SPS,68.0,Pong1PQFM_XObs_entangled_trainable_rzz_QLayers_5___seed_1_1761468207
4587520,2-Training-Stats/SPS,68.0,Pong1PQFM_XObs_entangled_trainable_rzz_QLayers_5___seed_1_1761468207
4591616,2-Training-Stats/SPS,68.0,Pong1PQFM_XObs_entangled_trainable_rzz_QLayers_5___seed_1_1761468207
4595712,2-Training-Stats/SPS,68.0,Pong1PQFM_XObs_entangled_trainable_rzz_QLayers_5___seed_1_1761468207
4599808,2-Training-Stats/SPS,68.0,Pong1PQFM_XObs_entangled_trainable_rzz_QLayers_5___seed_1_1761468207
4603904,2-Training-Stats/SPS,68.0,Pong1PQFM_XObs_entangled_trainable_rzz_QLayers_5___seed_1_1761468207
4608000,2-Training-Stats/SPS,68.0,Pong1PQFM_XObs_entangled_trainable_rzz_QLayers_5___seed_1_1761468207
4612096,2-Training-Stats/SPS,68.0,Pong1PQFM_XObs_entangled_trainable_rzz_QLayers_5___seed_1_1761468207
4616192,2-Training-Stats/SPS,68.0,Pong1PQFM_XObs_entangled_trainable_rzz_QLayers_5___seed_1_1761468207
4620288,2-Training-Stats/SPS,68.0,Pong1PQFM_XObs_entangled_trainable_rzz_QLayers_5___seed_1_1761468207
4624384,2-Training-Stats/SPS,68.0,Pong1PQFM_XObs_entangled_trainable_rzz_QLayers_5___seed_1_1761468207
4628480,2-Training-Stats/SPS,68.0,Pong1PQFM_XObs_entangled_trainable_rzz_QLayers_5___seed_1_1761468207
4632576,2-Training-Stats/SPS,68.0,Pong1PQFM_XObs_entangled_trainable_rzz_QLayers_5___seed_1_1761468207
4636672,2-Training-Stats/SPS,68.0,Pong1PQFM_XObs_entangled_trainable_rzz_QLayers_5___seed_1_1761468207
4640768,2-Training-Stats/SPS,68.0,Pong1PQFM_XObs_entangled_trainable_rzz_QLayers_5___seed_1_1761468207
4644864,2-Training-Stats/SPS,68.0,Pong1PQFM_XObs_entangled_trainable_rzz_QLayers_5___seed_1_1761468207
4648960,2-Training-Stats/SPS,68.0,Pong1PQFM_XObs_entangled_trainable_rzz_QLayers_5___seed_1_1761468207
4653056,2-Training-Stats/SPS,68.0,Pong1PQFM_XObs_entangled_trainable_rzz_QLayers_5___seed_1_1761468207
4657152,2-Training-Stats/SPS,68.0,Pong1PQFM_XObs_entangled_trainable_rzz_QLayers_5___seed_1_1761468207
4661248,2-Training-Stats/SPS,68.0,Pong1PQFM_XObs_entangled_trainable_rzz_QLayers_5___seed_1_1761468207
4665344,2-Training-Stats/SPS,68.0,Pong1PQFM_XObs_entangled_trainable_rzz_QLayers_5___seed_1_1761468207
4669440,2-Training-Stats/SPS,68.0,Pong1PQFM_XObs_entangled_trainable_rzz_QLayers_5___seed_1_1761468207
4673536,2-Training-Stats/SPS,68.0,Pong1PQFM_XObs_entangled_trainable_rzz_QLayers_5___seed_1_1761468207
4677632,2-Training-Stats/SPS,68.0,Pong1PQFM_XObs_entangled_trainable_rzz_QLayers_5___seed_1_1761468207
4681728,2-Training-Stats/SPS,68.0,Pong1PQFM_XObs_entangled_trainable_rzz_QLayers_5___seed_1_1761468207
4685824,2-Training-Stats/SPS,68.0,Pong1PQFM_XObs_entangled_trainable_rzz_QLayers_5___seed_1_1761468207
4689920,2-Training-Stats/SPS,68.0,Pong1PQFM_XObs_entangled_trainable_rzz_QLayers_5___seed_1_1761468207
4694016,2-Training-Stats/SPS,68.0,Pong1PQFM_XObs_entangled_trainable_rzz_QLayers_5___seed_1_1761468207
4698112,2-Training-Stats/SPS,68.0,Pong1PQFM_XObs_entangled_trainable_rzz_QLayers_5___seed_1_1761468207
4702208,2-Training-Stats/SPS,68.0,Pong1PQFM_XObs_entangled_trainable_rzz_QLayers_5___seed_1_1761468207
4706304,2-Training-Stats/SPS,68.0,Pong1PQFM_XObs_entangled_trainable_rzz_QLayers_5___seed_1_1761468207
4710400,2-Training-Stats/SPS,68.0,Pong1PQFM_XObs_entangled_trainable_rzz_QLayers_5___seed_1_1761468207
4714496,2-Training-Stats/SPS,68.0,Pong1PQFM_XObs_entangled_trainable_rzz_QLayers_5___seed_1_1761468207
4718592,2-Training-Stats/SPS,68.0,Pong1PQFM_XObs_entangled_trainable_rzz_QLayers_5___seed_1_1761468207
4722688,2-Training-Stats/SPS,68.0,Pong1PQFM_XObs_entangled_trainable_rzz_QLayers_5___seed_1_1761468207
4726784,2-Training-Stats/SPS,68.0,Pong1PQFM_XObs_entangled_trainable_rzz_QLayers_5___seed_1_1761468207
4730880,2-Training-Stats/SPS,68.0,Pong1PQFM_XObs_entangled_trainable_rzz_QLayers_5___seed_1_1761468207
4734976,2-Training-Stats/SPS,68.0,Pong1PQFM_XObs_entangled_trainable_rzz_QLayers_5___seed_1_1761468207
4739072,2-Training-Stats/SPS,68.0,Pong1PQFM_XObs_entangled_trainable_rzz_QLayers_5___seed_1_1761468207
4743168,2-Training-Stats/SPS,68.0,Pong1PQFM_XObs_entangled_trainable_rzz_QLayers_5___seed_1_1761468207
4747264,2-Training-Stats/SPS,68.0,Pong1PQFM_XObs_entangled_trainable_rzz_QLayers_5___seed_1_1761468207
4751360,2-Training-Stats/SPS,68.0,Pong1PQFM_XObs_entangled_trainable_rzz_QLayers_5___seed_1_1761468207
4755456,2-Training-Stats/SPS,68.0,Pong1PQFM_XObs_entangled_trainable_rzz_QLayers_5___seed_1_1761468207
4759552,2-Training-Stats/SPS,68.0,Pong1PQFM_XObs_entangled_trainable_rzz_QLayers_5___seed_1_1761468207
4763648,2-Training-Stats/SPS,68.0,Pong1PQFM_XObs_entangled_trainable_rzz_QLayers_5___seed_1_1761468207
4767744,2-Training-Stats/SPS,68.0,Pong1PQFM_XObs_entangled_trainable_rzz_QLayers_5___seed_1_1761468207
4771840,2-Training-Stats/SPS,68.0,Pong1PQFM_XObs_entangled_trainable_rzz_QLayers_5___seed_1_1761468207
4775936,2-Training-Stats/SPS,68.0,Pong1PQFM_XObs_entangled_trainable_rzz_QLayers_5___seed_1_1761468207
4780032,2-Training-Stats/SPS,68.0,Pong1PQFM_XObs_entangled_trainable_rzz_QLayers_5___seed_1_1761468207
4784128,2-Training-Stats/SPS,68.0,Pong1PQFM_XObs_entangled_trainable_rzz_QLayers_5___seed_1_1761468207
4788224,2-Training-Stats/SPS,68.0,Pong1PQFM_XObs_entangled_trainable_rzz_QLayers_5___seed_1_1761468207
4792320,2-Training-Stats/SPS,68.0,Pong1PQFM_XObs_entangled_trainable_rzz_QLayers_5___seed_1_1761468207
4796416,2-Training-Stats/SPS,68.0,Pong1PQFM_XObs_entangled_trainable_rzz_QLayers_5___seed_1_1761468207
4800512,2-Training-Stats/SPS,68.0,Pong1PQFM_XObs_entangled_trainable_rzz_QLayers_5___seed_1_1761468207
4804608,2-Training-Stats/SPS,68.0,Pong1PQFM_XObs_entangled_trainable_rzz_QLayers_5___seed_1_1761468207
4808704,2-Training-Stats/SPS,68.0,Pong1PQFM_XObs_entangled_trainable_rzz_QLayers_5___seed_1_1761468207
4812800,2-Training-Stats/SPS,68.0,Pong1PQFM_XObs_entangled_trainable_rzz_QLayers_5___seed_1_1761468207
4816896,2-Training-Stats/SPS,68.0,Pong1PQFM_XObs_entangled_trainable_rzz_QLayers_5___seed_1_1761468207
4820992,2-Training-Stats/SPS,68.0,Pong1PQFM_XObs_entangled_trainable_rzz_QLayers_5___seed_1_1761468207
4825088,2-Training-Stats/SPS,68.0,Pong1PQFM_XObs_entangled_trainable_rzz_QLayers_5___seed_1_1761468207
4829184,2-Training-Stats/SPS,68.0,Pong1PQFM_XObs_entangled_trainable_rzz_QLayers_5___seed_1_1761468207
4833280,2-Training-Stats/SPS,68.0,Pong1PQFM_XObs_entangled_trainable_rzz_QLayers_5___seed_1_1761468207
4837376,2-Training-Stats/SPS,68.0,Pong1PQFM_XObs_entangled_trainable_rzz_QLayers_5___seed_1_1761468207
4841472,2-Training-Stats/SPS,68.0,Pong1PQFM_XObs_entangled_trainable_rzz_QLayers_5___seed_1_1761468207
4845568,2-Training-Stats/SPS,68.0,Pong1PQFM_XObs_entangled_trainable_rzz_QLayers_5___seed_1_1761468207
4849664,2-Training-Stats/SPS,68.0,Pong1PQFM_XObs_entangled_trainable_rzz_QLayers_5___seed_1_1761468207
4853760,2-Training-Stats/SPS,68.0,Pong1PQFM_XObs_entangled_trainable_rzz_QLayers_5___seed_1_1761468207
4857856,2-Training-Stats/SPS,68.0,Pong1PQFM_XObs_entangled_trainable_rzz_QLayers_5___seed_1_1761468207
4861952,2-Training-Stats/SPS,68.0,Pong1PQFM_XObs_entangled_trainable_rzz_QLayers_5___seed_1_1761468207
4866048,2-Training-Stats/SPS,68.0,Pong1PQFM_XObs_entangled_trainable_rzz_QLayers_5___seed_1_1761468207
4870144,2-Training-Stats/SPS,68.0,Pong1PQFM_XObs_entangled_trainable_rzz_QLayers_5___seed_1_1761468207
4874240,2-Training-Stats/SPS,68.0,Pong1PQFM_XObs_entangled_trainable_rzz_QLayers_5___seed_1_1761468207
4878336,2-Training-Stats/SPS,68.0,Pong1PQFM_XObs_entangled_trainable_rzz_QLayers_5___seed_1_1761468207
4882432,2-Training-Stats/SPS,68.0,Pong1PQFM_XObs_entangled_trainable_rzz_QLayers_5___seed_1_1761468207
4886528,2-Training-Stats/SPS,68.0,Pong1PQFM_XObs_entangled_trainable_rzz_QLayers_5___seed_1_1761468207
4890624,2-Training-Stats/SPS,68.0,Pong1PQFM_XObs_entangled_trainable_rzz_QLayers_5___seed_1_1761468207
4894720,2-Training-Stats/SPS,68.0,Pong1PQFM_XObs_entangled_trainable_rzz_QLayers_5___seed_1_1761468207
4898816,2-Training-Stats/SPS,68.0,Pong1PQFM_XObs_entangled_trainable_rzz_QLayers_5___seed_1_1761468207
4902912,2-Training-Stats/SPS,68.0,Pong1PQFM_XObs_entangled_trainable_rzz_QLayers_5___seed_1_1761468207
4907008,2-Training-Stats/SPS,69.0,Pong1PQFM_XObs_entangled_trainable_rzz_QLayers_5___seed_1_1761468207
4911104,2-Training-Stats/SPS,69.0,Pong1PQFM_XObs_entangled_trainable_rzz_QLayers_5___seed_1_1761468207
4915200,2-Training-Stats/SPS,69.0,Pong1PQFM_XObs_entangled_trainable_rzz_QLayers_5___seed_1_1761468207
4919296,2-Training-Stats/SPS,69.0,Pong1PQFM_XObs_entangled_trainable_rzz_QLayers_5___seed_1_1761468207
4923392,2-Training-Stats/SPS,69.0,Pong1PQFM_XObs_entangled_trainable_rzz_QLayers_5___seed_1_1761468207
4927488,2-Training-Stats/SPS,69.0,Pong1PQFM_XObs_entangled_trainable_rzz_QLayers_5___seed_1_1761468207
4931584,2-Training-Stats/SPS,69.0,Pong1PQFM_XObs_entangled_trainable_rzz_QLayers_5___seed_1_1761468207
4935680,2-Training-Stats/SPS,69.0,Pong1PQFM_XObs_entangled_trainable_rzz_QLayers_5___seed_1_1761468207
4939776,2-Training-Stats/SPS,69.0,Pong1PQFM_XObs_entangled_trainable_rzz_QLayers_5___seed_1_1761468207
4943872,2-Training-Stats/SPS,69.0,Pong1PQFM_XObs_entangled_trainable_rzz_QLayers_5___seed_1_1761468207
4947968,2-Training-Stats/SPS,69.0,Pong1PQFM_XObs_entangled_trainable_rzz_QLayers_5___seed_1_1761468207
4952064,2-Training-Stats/SPS,69.0,Pong1PQFM_XObs_entangled_trainable_rzz_QLayers_5___seed_1_1761468207
4956160,2-Training-Stats/SPS,69.0,Pong1PQFM_XObs_entangled_trainable_rzz_QLayers_5___seed_1_1761468207
4960256,2-Training-Stats/SPS,69.0,Pong1PQFM_XObs_entangled_trainable_rzz_QLayers_5___seed_1_1761468207
4964352,2-Training-Stats/SPS,69.0,Pong1PQFM_XObs_entangled_trainable_rzz_QLayers_5___seed_1_1761468207
4968448,2-Training-Stats/SPS,69.0,Pong1PQFM_XObs_entangled_trainable_rzz_QLayers_5___seed_1_1761468207
4972544,2-Training-Stats/SPS,69.0,Pong1PQFM_XObs_entangled_trainable_rzz_QLayers_5___seed_1_1761468207
4976640,2-Training-Stats/SPS,69.0,Pong1PQFM_XObs_entangled_trainable_rzz_QLayers_5___seed_1_1761468207
4980736,2-Training-Stats/SPS,69.0,Pong1PQFM_XObs_entangled_trainable_rzz_QLayers_5___seed_1_1761468207
4984832,2-Training-Stats/SPS,69.0,Pong1PQFM_XObs_entangled_trainable_rzz_QLayers_5___seed_1_1761468207
4988928,2-Training-Stats/SPS,69.0,Pong1PQFM_XObs_entangled_trainable_rzz_QLayers_5___seed_1_1761468207
4993024,2-Training-Stats/SPS,69.0,Pong1PQFM_XObs_entangled_trainable_rzz_QLayers_5___seed_1_1761468207
4997120,2-Training-Stats/SPS,69.0,Pong1PQFM_XObs_entangled_trainable_rzz_QLayers_5___seed_1_1761468207
5001216,2-Training-Stats/SPS,69.0,Pong1PQFM_XObs_entangled_trainable_rzz_QLayers_5___seed_1_1761468207
5005312,2-Training-Stats/SPS,69.0,Pong1PQFM_XObs_entangled_trainable_rzz_QLayers_5___seed_1_1761468207
5009408,2-Training-Stats/SPS,69.0,Pong1PQFM_XObs_entangled_trainable_rzz_QLayers_5___seed_1_1761468207
5013504,2-Training-Stats/SPS,69.0,Pong1PQFM_XObs_entangled_trainable_rzz_QLayers_5___seed_1_1761468207
5017600,2-Training-Stats/SPS,69.0,Pong1PQFM_XObs_entangled_trainable_rzz_QLayers_5___seed_1_1761468207
5021696,2-Training-Stats/SPS,69.0,Pong1PQFM_XObs_entangled_trainable_rzz_QLayers_5___seed_1_1761468207
5025792,2-Training-Stats/SPS,69.0,Pong1PQFM_XObs_entangled_trainable_rzz_QLayers_5___seed_1_1761468207
5029888,2-Training-Stats/SPS,69.0,Pong1PQFM_XObs_entangled_trainable_rzz_QLayers_5___seed_1_1761468207
5033984,2-Training-Stats/SPS,69.0,Pong1PQFM_XObs_entangled_trainable_rzz_QLayers_5___seed_1_1761468207
5038080,2-Training-Stats/SPS,69.0,Pong1PQFM_XObs_entangled_trainable_rzz_QLayers_5___seed_1_1761468207
5042176,2-Training-Stats/SPS,69.0,Pong1PQFM_XObs_entangled_trainable_rzz_QLayers_5___seed_1_1761468207
5046272,2-Training-Stats/SPS,69.0,Pong1PQFM_XObs_entangled_trainable_rzz_QLayers_5___seed_1_1761468207
5050368,2-Training-Stats/SPS,69.0,Pong1PQFM_XObs_entangled_trainable_rzz_QLayers_5___seed_1_1761468207
5054464,2-Training-Stats/SPS,69.0,Pong1PQFM_XObs_entangled_trainable_rzz_QLayers_5___seed_1_1761468207
5058560,2-Training-Stats/SPS,69.0,Pong1PQFM_XObs_entangled_trainable_rzz_QLayers_5___seed_1_1761468207
5062656,2-Training-Stats/SPS,69.0,Pong1PQFM_XObs_entangled_trainable_rzz_QLayers_5___seed_1_1761468207
5066752,2-Training-Stats/SPS,69.0,Pong1PQFM_XObs_entangled_trainable_rzz_QLayers_5___seed_1_1761468207
5070848,2-Training-Stats/SPS,69.0,Pong1PQFM_XObs_entangled_trainable_rzz_QLayers_5___seed_1_1761468207
5074944,2-Training-Stats/SPS,69.0,Pong1PQFM_XObs_entangled_trainable_rzz_QLayers_5___seed_1_1761468207
5079040,2-Training-Stats/SPS,69.0,Pong1PQFM_XObs_entangled_trainable_rzz_QLayers_5___seed_1_1761468207
5083136,2-Training-Stats/SPS,69.0,Pong1PQFM_XObs_entangled_trainable_rzz_QLayers_5___seed_1_1761468207
5087232,2-Training-Stats/SPS,69.0,Pong1PQFM_XObs_entangled_trainable_rzz_QLayers_5___seed_1_1761468207
5091328,2-Training-Stats/SPS,69.0,Pong1PQFM_XObs_entangled_trainable_rzz_QLayers_5___seed_1_1761468207
5095424,2-Training-Stats/SPS,69.0,Pong1PQFM_XObs_entangled_trainable_rzz_QLayers_5___seed_1_1761468207
5099520,2-Training-Stats/SPS,69.0,Pong1PQFM_XObs_entangled_trainable_rzz_QLayers_5___seed_1_1761468207
5103616,2-Training-Stats/SPS,69.0,Pong1PQFM_XObs_entangled_trainable_rzz_QLayers_5___seed_1_1761468207
5107712,2-Training-Stats/SPS,69.0,Pong1PQFM_XObs_entangled_trainable_rzz_QLayers_5___seed_1_1761468207
5111808,2-Training-Stats/SPS,69.0,Pong1PQFM_XObs_entangled_trainable_rzz_QLayers_5___seed_1_1761468207
5115904,2-Training-Stats/SPS,69.0,Pong1PQFM_XObs_entangled_trainable_rzz_QLayers_5___seed_1_1761468207
5120000,2-Training-Stats/SPS,69.0,Pong1PQFM_XObs_entangled_trainable_rzz_QLayers_5___seed_1_1761468207
5124096,2-Training-Stats/SPS,69.0,Pong1PQFM_XObs_entangled_trainable_rzz_QLayers_5___seed_1_1761468207
5128192,2-Training-Stats/SPS,69.0,Pong1PQFM_XObs_entangled_trainable_rzz_QLayers_5___seed_1_1761468207
5132288,2-Training-Stats/SPS,69.0,Pong1PQFM_XObs_entangled_trainable_rzz_QLayers_5___seed_1_1761468207
5136384,2-Training-Stats/SPS,69.0,Pong1PQFM_XObs_entangled_trainable_rzz_QLayers_5___seed_1_1761468207
5140480,2-Training-Stats/SPS,69.0,Pong1PQFM_XObs_entangled_trainable_rzz_QLayers_5___seed_1_1761468207
5144576,2-Training-Stats/SPS,69.0,Pong1PQFM_XObs_entangled_trainable_rzz_QLayers_5___seed_1_1761468207
5148672,2-Training-Stats/SPS,69.0,Pong1PQFM_XObs_entangled_trainable_rzz_QLayers_5___seed_1_1761468207
5152768,2-Training-Stats/SPS,69.0,Pong1PQFM_XObs_entangled_trainable_rzz_QLayers_5___seed_1_1761468207
5156864,2-Training-Stats/SPS,69.0,Pong1PQFM_XObs_entangled_trainable_rzz_QLayers_5___seed_1_1761468207
5160960,2-Training-Stats/SPS,69.0,Pong1PQFM_XObs_entangled_trainable_rzz_QLayers_5___seed_1_1761468207
5165056,2-Training-Stats/SPS,69.0,Pong1PQFM_XObs_entangled_trainable_rzz_QLayers_5___seed_1_1761468207
5169152,2-Training-Stats/SPS,69.0,Pong1PQFM_XObs_entangled_trainable_rzz_QLayers_5___seed_1_1761468207
5173248,2-Training-Stats/SPS,69.0,Pong1PQFM_XObs_entangled_trainable_rzz_QLayers_5___seed_1_1761468207
5177344,2-Training-Stats/SPS,69.0,Pong1PQFM_XObs_entangled_trainable_rzz_QLayers_5___seed_1_1761468207
5181440,2-Training-Stats/SPS,69.0,Pong1PQFM_XObs_entangled_trainable_rzz_QLayers_5___seed_1_1761468207
5185536,2-Training-Stats/SPS,69.0,Pong1PQFM_XObs_entangled_trainable_rzz_QLayers_5___seed_1_1761468207
5189632,2-Training-Stats/SPS,69.0,Pong1PQFM_XObs_entangled_trainable_rzz_QLayers_5___seed_1_1761468207
5193728,2-Training-Stats/SPS,69.0,Pong1PQFM_XObs_entangled_trainable_rzz_QLayers_5___seed_1_1761468207
5197824,2-Training-Stats/SPS,69.0,Pong1PQFM_XObs_entangled_trainable_rzz_QLayers_5___seed_1_1761468207
5201920,2-Training-Stats/SPS,69.0,Pong1PQFM_XObs_entangled_trainable_rzz_QLayers_5___seed_1_1761468207
5206016,2-Training-Stats/SPS,69.0,Pong1PQFM_XObs_entangled_trainable_rzz_QLayers_5___seed_1_1761468207
5210112,2-Training-Stats/SPS,69.0,Pong1PQFM_XObs_entangled_trainable_rzz_QLayers_5___seed_1_1761468207
5214208,2-Training-Stats/SPS,69.0,Pong1PQFM_XObs_entangled_trainable_rzz_QLayers_5___seed_1_1761468207
5218304,2-Training-Stats/SPS,69.0,Pong1PQFM_XObs_entangled_trainable_rzz_QLayers_5___seed_1_1761468207
5222400,2-Training-Stats/SPS,69.0,Pong1PQFM_XObs_entangled_trainable_rzz_QLayers_5___seed_1_1761468207
5226496,2-Training-Stats/SPS,69.0,Pong1PQFM_XObs_entangled_trainable_rzz_QLayers_5___seed_1_1761468207
5230592,2-Training-Stats/SPS,69.0,Pong1PQFM_XObs_entangled_trainable_rzz_QLayers_5___seed_1_1761468207
5234688,2-Training-Stats/SPS,69.0,Pong1PQFM_XObs_entangled_trainable_rzz_QLayers_5___seed_1_1761468207
5238784,2-Training-Stats/SPS,69.0,Pong1PQFM_XObs_entangled_trainable_rzz_QLayers_5___seed_1_1761468207
5242880,2-Training-Stats/SPS,69.0,Pong1PQFM_XObs_entangled_trainable_rzz_QLayers_5___seed_1_1761468207
5246976,2-Training-Stats/SPS,69.0,Pong1PQFM_XObs_entangled_trainable_rzz_QLayers_5___seed_1_1761468207
5251072,2-Training-Stats/SPS,69.0,Pong1PQFM_XObs_entangled_trainable_rzz_QLayers_5___seed_1_1761468207
5255168,2-Training-Stats/SPS,69.0,Pong1PQFM_XObs_entangled_trainable_rzz_QLayers_5___seed_1_1761468207
5259264,2-Training-Stats/SPS,69.0,Pong1PQFM_XObs_entangled_trainable_rzz_QLayers_5___seed_1_1761468207
5263360,2-Training-Stats/SPS,69.0,Pong1PQFM_XObs_entangled_trainable_rzz_QLayers_5___seed_1_1761468207
5267456,2-Training-Stats/SPS,69.0,Pong1PQFM_XObs_entangled_trainable_rzz_QLayers_5___seed_1_1761468207
5271552,2-Training-Stats/SPS,69.0,Pong1PQFM_XObs_entangled_trainable_rzz_QLayers_5___seed_1_1761468207
5275648,2-Training-Stats/SPS,69.0,Pong1PQFM_XObs_entangled_trainable_rzz_QLayers_5___seed_1_1761468207
5279744,2-Training-Stats/SPS,69.0,Pong1PQFM_XObs_entangled_trainable_rzz_QLayers_5___seed_1_1761468207
5283840,2-Training-Stats/SPS,69.0,Pong1PQFM_XObs_entangled_trainable_rzz_QLayers_5___seed_1_1761468207
5287936,2-Training-Stats/SPS,69.0,Pong1PQFM_XObs_entangled_trainable_rzz_QLayers_5___seed_1_1761468207
5292032,2-Training-Stats/SPS,69.0,Pong1PQFM_XObs_entangled_trainable_rzz_QLayers_5___seed_1_1761468207
5296128,2-Training-Stats/SPS,69.0,Pong1PQFM_XObs_entangled_trainable_rzz_QLayers_5___seed_1_1761468207
5300224,2-Training-Stats/SPS,69.0,Pong1PQFM_XObs_entangled_trainable_rzz_QLayers_5___seed_1_1761468207
5304320,2-Training-Stats/SPS,69.0,Pong1PQFM_XObs_entangled_trainable_rzz_QLayers_5___seed_1_1761468207
5308416,2-Training-Stats/SPS,69.0,Pong1PQFM_XObs_entangled_trainable_rzz_QLayers_5___seed_1_1761468207
5312512,2-Training-Stats/SPS,69.0,Pong1PQFM_XObs_entangled_trainable_rzz_QLayers_5___seed_1_1761468207
5316608,2-Training-Stats/SPS,69.0,Pong1PQFM_XObs_entangled_trainable_rzz_QLayers_5___seed_1_1761468207
5320704,2-Training-Stats/SPS,69.0,Pong1PQFM_XObs_entangled_trainable_rzz_QLayers_5___seed_1_1761468207
5324800,2-Training-Stats/SPS,69.0,Pong1PQFM_XObs_entangled_trainable_rzz_QLayers_5___seed_1_1761468207
5328896,2-Training-Stats/SPS,69.0,Pong1PQFM_XObs_entangled_trainable_rzz_QLayers_5___seed_1_1761468207
5332992,2-Training-Stats/SPS,69.0,Pong1PQFM_XObs_entangled_trainable_rzz_QLayers_5___seed_1_1761468207
5337088,2-Training-Stats/SPS,69.0,Pong1PQFM_XObs_entangled_trainable_rzz_QLayers_5___seed_1_1761468207
5341184,2-Training-Stats/SPS,69.0,Pong1PQFM_XObs_entangled_trainable_rzz_QLayers_5___seed_1_1761468207
5345280,2-Training-Stats/SPS,69.0,Pong1PQFM_XObs_entangled_trainable_rzz_QLayers_5___seed_1_1761468207
5349376,2-Training-Stats/SPS,69.0,Pong1PQFM_XObs_entangled_trainable_rzz_QLayers_5___seed_1_1761468207
5353472,2-Training-Stats/SPS,69.0,Pong1PQFM_XObs_entangled_trainable_rzz_QLayers_5___seed_1_1761468207
5357568,2-Training-Stats/SPS,69.0,Pong1PQFM_XObs_entangled_trainable_rzz_QLayers_5___seed_1_1761468207
5361664,2-Training-Stats/SPS,69.0,Pong1PQFM_XObs_entangled_trainable_rzz_QLayers_5___seed_1_1761468207
5365760,2-Training-Stats/SPS,69.0,Pong1PQFM_XObs_entangled_trainable_rzz_QLayers_5___seed_1_1761468207
5369856,2-Training-Stats/SPS,69.0,Pong1PQFM_XObs_entangled_trainable_rzz_QLayers_5___seed_1_1761468207
5373952,2-Training-Stats/SPS,69.0,Pong1PQFM_XObs_entangled_trainable_rzz_QLayers_5___seed_1_1761468207
5378048,2-Training-Stats/SPS,69.0,Pong1PQFM_XObs_entangled_trainable_rzz_QLayers_5___seed_1_1761468207
5382144,2-Training-Stats/SPS,69.0,Pong1PQFM_XObs_entangled_trainable_rzz_QLayers_5___seed_1_1761468207
5386240,2-Training-Stats/SPS,69.0,Pong1PQFM_XObs_entangled_trainable_rzz_QLayers_5___seed_1_1761468207
5390336,2-Training-Stats/SPS,69.0,Pong1PQFM_XObs_entangled_trainable_rzz_QLayers_5___seed_1_1761468207
5394432,2-Training-Stats/SPS,69.0,Pong1PQFM_XObs_entangled_trainable_rzz_QLayers_5___seed_1_1761468207
5398528,2-Training-Stats/SPS,69.0,Pong1PQFM_XObs_entangled_trainable_rzz_QLayers_5___seed_1_1761468207
5402624,2-Training-Stats/SPS,69.0,Pong1PQFM_XObs_entangled_trainable_rzz_QLayers_5___seed_1_1761468207
5406720,2-Training-Stats/SPS,69.0,Pong1PQFM_XObs_entangled_trainable_rzz_QLayers_5___seed_1_1761468207
5410816,2-Training-Stats/SPS,69.0,Pong1PQFM_XObs_entangled_trainable_rzz_QLayers_5___seed_1_1761468207
5414912,2-Training-Stats/SPS,69.0,Pong1PQFM_XObs_entangled_trainable_rzz_QLayers_5___seed_1_1761468207
5419008,2-Training-Stats/SPS,69.0,Pong1PQFM_XObs_entangled_trainable_rzz_QLayers_5___seed_1_1761468207
5423104,2-Training-Stats/SPS,69.0,Pong1PQFM_XObs_entangled_trainable_rzz_QLayers_5___seed_1_1761468207
5427200,2-Training-Stats/SPS,69.0,Pong1PQFM_XObs_entangled_trainable_rzz_QLayers_5___seed_1_1761468207
5431296,2-Training-Stats/SPS,69.0,Pong1PQFM_XObs_entangled_trainable_rzz_QLayers_5___seed_1_1761468207
5435392,2-Training-Stats/SPS,69.0,Pong1PQFM_XObs_entangled_trainable_rzz_QLayers_5___seed_1_1761468207
5439488,2-Training-Stats/SPS,69.0,Pong1PQFM_XObs_entangled_trainable_rzz_QLayers_5___seed_1_1761468207
5443584,2-Training-Stats/SPS,69.0,Pong1PQFM_XObs_entangled_trainable_rzz_QLayers_5___seed_1_1761468207
5447680,2-Training-Stats/SPS,69.0,Pong1PQFM_XObs_entangled_trainable_rzz_QLayers_5___seed_1_1761468207
5451776,2-Training-Stats/SPS,69.0,Pong1PQFM_XObs_entangled_trainable_rzz_QLayers_5___seed_1_1761468207
5455872,2-Training-Stats/SPS,69.0,Pong1PQFM_XObs_entangled_trainable_rzz_QLayers_5___seed_1_1761468207
5459968,2-Training-Stats/SPS,69.0,Pong1PQFM_XObs_entangled_trainable_rzz_QLayers_5___seed_1_1761468207
5464064,2-Training-Stats/SPS,69.0,Pong1PQFM_XObs_entangled_trainable_rzz_QLayers_5___seed_1_1761468207
5468160,2-Training-Stats/SPS,69.0,Pong1PQFM_XObs_entangled_trainable_rzz_QLayers_5___seed_1_1761468207
5472256,2-Training-Stats/SPS,69.0,Pong1PQFM_XObs_entangled_trainable_rzz_QLayers_5___seed_1_1761468207
5476352,2-Training-Stats/SPS,69.0,Pong1PQFM_XObs_entangled_trainable_rzz_QLayers_5___seed_1_1761468207
5480448,2-Training-Stats/SPS,69.0,Pong1PQFM_XObs_entangled_trainable_rzz_QLayers_5___seed_1_1761468207
5484544,2-Training-Stats/SPS,69.0,Pong1PQFM_XObs_entangled_trainable_rzz_QLayers_5___seed_1_1761468207
5488640,2-Training-Stats/SPS,69.0,Pong1PQFM_XObs_entangled_trainable_rzz_QLayers_5___seed_1_1761468207
5492736,2-Training-Stats/SPS,69.0,Pong1PQFM_XObs_entangled_trainable_rzz_QLayers_5___seed_1_1761468207
5496832,2-Training-Stats/SPS,69.0,Pong1PQFM_XObs_entangled_trainable_rzz_QLayers_5___seed_1_1761468207
5500928,2-Training-Stats/SPS,69.0,Pong1PQFM_XObs_entangled_trainable_rzz_QLayers_5___seed_1_1761468207
5505024,2-Training-Stats/SPS,69.0,Pong1PQFM_XObs_entangled_trainable_rzz_QLayers_5___seed_1_1761468207
5509120,2-Training-Stats/SPS,69.0,Pong1PQFM_XObs_entangled_trainable_rzz_QLayers_5___seed_1_1761468207
5513216,2-Training-Stats/SPS,69.0,Pong1PQFM_XObs_entangled_trainable_rzz_QLayers_5___seed_1_1761468207
5517312,2-Training-Stats/SPS,69.0,Pong1PQFM_XObs_entangled_trainable_rzz_QLayers_5___seed_1_1761468207
5521408,2-Training-Stats/SPS,69.0,Pong1PQFM_XObs_entangled_trainable_rzz_QLayers_5___seed_1_1761468207
5525504,2-Training-Stats/SPS,69.0,Pong1PQFM_XObs_entangled_trainable_rzz_QLayers_5___seed_1_1761468207
5529600,2-Training-Stats/SPS,69.0,Pong1PQFM_XObs_entangled_trainable_rzz_QLayers_5___seed_1_1761468207
5533696,2-Training-Stats/SPS,69.0,Pong1PQFM_XObs_entangled_trainable_rzz_QLayers_5___seed_1_1761468207
5537792,2-Training-Stats/SPS,69.0,Pong1PQFM_XObs_entangled_trainable_rzz_QLayers_5___seed_1_1761468207
5541888,2-Training-Stats/SPS,69.0,Pong1PQFM_XObs_entangled_trainable_rzz_QLayers_5___seed_1_1761468207
5545984,2-Training-Stats/SPS,69.0,Pong1PQFM_XObs_entangled_trainable_rzz_QLayers_5___seed_1_1761468207
5550080,2-Training-Stats/SPS,69.0,Pong1PQFM_XObs_entangled_trainable_rzz_QLayers_5___seed_1_1761468207
5554176,2-Training-Stats/SPS,69.0,Pong1PQFM_XObs_entangled_trainable_rzz_QLayers_5___seed_1_1761468207
5558272,2-Training-Stats/SPS,69.0,Pong1PQFM_XObs_entangled_trainable_rzz_QLayers_5___seed_1_1761468207
5562368,2-Training-Stats/SPS,69.0,Pong1PQFM_XObs_entangled_trainable_rzz_QLayers_5___seed_1_1761468207
5566464,2-Training-Stats/SPS,69.0,Pong1PQFM_XObs_entangled_trainable_rzz_QLayers_5___seed_1_1761468207
5570560,2-Training-Stats/SPS,69.0,Pong1PQFM_XObs_entangled_trainable_rzz_QLayers_5___seed_1_1761468207
5574656,2-Training-Stats/SPS,69.0,Pong1PQFM_XObs_entangled_trainable_rzz_QLayers_5___seed_1_1761468207
5578752,2-Training-Stats/SPS,69.0,Pong1PQFM_XObs_entangled_trainable_rzz_QLayers_5___seed_1_1761468207
5582848,2-Training-Stats/SPS,69.0,Pong1PQFM_XObs_entangled_trainable_rzz_QLayers_5___seed_1_1761468207
5586944,2-Training-Stats/SPS,69.0,Pong1PQFM_XObs_entangled_trainable_rzz_QLayers_5___seed_1_1761468207
5591040,2-Training-Stats/SPS,69.0,Pong1PQFM_XObs_entangled_trainable_rzz_QLayers_5___seed_1_1761468207
5595136,2-Training-Stats/SPS,69.0,Pong1PQFM_XObs_entangled_trainable_rzz_QLayers_5___seed_1_1761468207
5599232,2-Training-Stats/SPS,69.0,Pong1PQFM_XObs_entangled_trainable_rzz_QLayers_5___seed_1_1761468207
5603328,2-Training-Stats/SPS,69.0,Pong1PQFM_XObs_entangled_trainable_rzz_QLayers_5___seed_1_1761468207
5607424,2-Training-Stats/SPS,69.0,Pong1PQFM_XObs_entangled_trainable_rzz_QLayers_5___seed_1_1761468207
5611520,2-Training-Stats/SPS,69.0,Pong1PQFM_XObs_entangled_trainable_rzz_QLayers_5___seed_1_1761468207
5615616,2-Training-Stats/SPS,69.0,Pong1PQFM_XObs_entangled_trainable_rzz_QLayers_5___seed_1_1761468207
5619712,2-Training-Stats/SPS,69.0,Pong1PQFM_XObs_entangled_trainable_rzz_QLayers_5___seed_1_1761468207
5623808,2-Training-Stats/SPS,69.0,Pong1PQFM_XObs_entangled_trainable_rzz_QLayers_5___seed_1_1761468207
5627904,2-Training-Stats/SPS,69.0,Pong1PQFM_XObs_entangled_trainable_rzz_QLayers_5___seed_1_1761468207
5632000,2-Training-Stats/SPS,69.0,Pong1PQFM_XObs_entangled_trainable_rzz_QLayers_5___seed_1_1761468207
5636096,2-Training-Stats/SPS,69.0,Pong1PQFM_XObs_entangled_trainable_rzz_QLayers_5___seed_1_1761468207
5640192,2-Training-Stats/SPS,69.0,Pong1PQFM_XObs_entangled_trainable_rzz_QLayers_5___seed_1_1761468207
5644288,2-Training-Stats/SPS,69.0,Pong1PQFM_XObs_entangled_trainable_rzz_QLayers_5___seed_1_1761468207
5648384,2-Training-Stats/SPS,69.0,Pong1PQFM_XObs_entangled_trainable_rzz_QLayers_5___seed_1_1761468207
5652480,2-Training-Stats/SPS,69.0,Pong1PQFM_XObs_entangled_trainable_rzz_QLayers_5___seed_1_1761468207
5656576,2-Training-Stats/SPS,69.0,Pong1PQFM_XObs_entangled_trainable_rzz_QLayers_5___seed_1_1761468207
5660672,2-Training-Stats/SPS,69.0,Pong1PQFM_XObs_entangled_trainable_rzz_QLayers_5___seed_1_1761468207
5664768,2-Training-Stats/SPS,69.0,Pong1PQFM_XObs_entangled_trainable_rzz_QLayers_5___seed_1_1761468207
5668864,2-Training-Stats/SPS,69.0,Pong1PQFM_XObs_entangled_trainable_rzz_QLayers_5___seed_1_1761468207
5672960,2-Training-Stats/SPS,69.0,Pong1PQFM_XObs_entangled_trainable_rzz_QLayers_5___seed_1_1761468207
5677056,2-Training-Stats/SPS,69.0,Pong1PQFM_XObs_entangled_trainable_rzz_QLayers_5___seed_1_1761468207
5681152,2-Training-Stats/SPS,69.0,Pong1PQFM_XObs_entangled_trainable_rzz_QLayers_5___seed_1_1761468207
5685248,2-Training-Stats/SPS,69.0,Pong1PQFM_XObs_entangled_trainable_rzz_QLayers_5___seed_1_1761468207
5689344,2-Training-Stats/SPS,69.0,Pong1PQFM_XObs_entangled_trainable_rzz_QLayers_5___seed_1_1761468207
5693440,2-Training-Stats/SPS,69.0,Pong1PQFM_XObs_entangled_trainable_rzz_QLayers_5___seed_1_1761468207
5697536,2-Training-Stats/SPS,69.0,Pong1PQFM_XObs_entangled_trainable_rzz_QLayers_5___seed_1_1761468207
5701632,2-Training-Stats/SPS,69.0,Pong1PQFM_XObs_entangled_trainable_rzz_QLayers_5___seed_1_1761468207
5705728,2-Training-Stats/SPS,69.0,Pong1PQFM_XObs_entangled_trainable_rzz_QLayers_5___seed_1_1761468207
5709824,2-Training-Stats/SPS,69.0,Pong1PQFM_XObs_entangled_trainable_rzz_QLayers_5___seed_1_1761468207
5713920,2-Training-Stats/SPS,69.0,Pong1PQFM_XObs_entangled_trainable_rzz_QLayers_5___seed_1_1761468207
5718016,2-Training-Stats/SPS,69.0,Pong1PQFM_XObs_entangled_trainable_rzz_QLayers_5___seed_1_1761468207
5722112,2-Training-Stats/SPS,69.0,Pong1PQFM_XObs_entangled_trainable_rzz_QLayers_5___seed_1_1761468207
5726208,2-Training-Stats/SPS,69.0,Pong1PQFM_XObs_entangled_trainable_rzz_QLayers_5___seed_1_1761468207
5730304,2-Training-Stats/SPS,69.0,Pong1PQFM_XObs_entangled_trainable_rzz_QLayers_5___seed_1_1761468207
5734400,2-Training-Stats/SPS,69.0,Pong1PQFM_XObs_entangled_trainable_rzz_QLayers_5___seed_1_1761468207
5738496,2-Training-Stats/SPS,69.0,Pong1PQFM_XObs_entangled_trainable_rzz_QLayers_5___seed_1_1761468207
5742592,2-Training-Stats/SPS,69.0,Pong1PQFM_XObs_entangled_trainable_rzz_QLayers_5___seed_1_1761468207
5746688,2-Training-Stats/SPS,69.0,Pong1PQFM_XObs_entangled_trainable_rzz_QLayers_5___seed_1_1761468207
5750784,2-Training-Stats/SPS,69.0,Pong1PQFM_XObs_entangled_trainable_rzz_QLayers_5___seed_1_1761468207
5754880,2-Training-Stats/SPS,69.0,Pong1PQFM_XObs_entangled_trainable_rzz_QLayers_5___seed_1_1761468207
5758976,2-Training-Stats/SPS,69.0,Pong1PQFM_XObs_entangled_trainable_rzz_QLayers_5___seed_1_1761468207
5763072,2-Training-Stats/SPS,69.0,Pong1PQFM_XObs_entangled_trainable_rzz_QLayers_5___seed_1_1761468207
5767168,2-Training-Stats/SPS,69.0,Pong1PQFM_XObs_entangled_trainable_rzz_QLayers_5___seed_1_1761468207
5771264,2-Training-Stats/SPS,69.0,Pong1PQFM_XObs_entangled_trainable_rzz_QLayers_5___seed_1_1761468207
5775360,2-Training-Stats/SPS,69.0,Pong1PQFM_XObs_entangled_trainable_rzz_QLayers_5___seed_1_1761468207
5779456,2-Training-Stats/SPS,69.0,Pong1PQFM_XObs_entangled_trainable_rzz_QLayers_5___seed_1_1761468207
5783552,2-Training-Stats/SPS,69.0,Pong1PQFM_XObs_entangled_trainable_rzz_QLayers_5___seed_1_1761468207
5787648,2-Training-Stats/SPS,69.0,Pong1PQFM_XObs_entangled_trainable_rzz_QLayers_5___seed_1_1761468207
5791744,2-Training-Stats/SPS,69.0,Pong1PQFM_XObs_entangled_trainable_rzz_QLayers_5___seed_1_1761468207
5795840,2-Training-Stats/SPS,69.0,Pong1PQFM_XObs_entangled_trainable_rzz_QLayers_5___seed_1_1761468207
5799936,2-Training-Stats/SPS,69.0,Pong1PQFM_XObs_entangled_trainable_rzz_QLayers_5___seed_1_1761468207
5804032,2-Training-Stats/SPS,69.0,Pong1PQFM_XObs_entangled_trainable_rzz_QLayers_5___seed_1_1761468207
5808128,2-Training-Stats/SPS,69.0,Pong1PQFM_XObs_entangled_trainable_rzz_QLayers_5___seed_1_1761468207
5812224,2-Training-Stats/SPS,69.0,Pong1PQFM_XObs_entangled_trainable_rzz_QLayers_5___seed_1_1761468207
5816320,2-Training-Stats/SPS,69.0,Pong1PQFM_XObs_entangled_trainable_rzz_QLayers_5___seed_1_1761468207
5820416,2-Training-Stats/SPS,69.0,Pong1PQFM_XObs_entangled_trainable_rzz_QLayers_5___seed_1_1761468207
5824512,2-Training-Stats/SPS,69.0,Pong1PQFM_XObs_entangled_trainable_rzz_QLayers_5___seed_1_1761468207
5828608,2-Training-Stats/SPS,69.0,Pong1PQFM_XObs_entangled_trainable_rzz_QLayers_5___seed_1_1761468207
5832704,2-Training-Stats/SPS,69.0,Pong1PQFM_XObs_entangled_trainable_rzz_QLayers_5___seed_1_1761468207
5836800,2-Training-Stats/SPS,69.0,Pong1PQFM_XObs_entangled_trainable_rzz_QLayers_5___seed_1_1761468207
5840896,2-Training-Stats/SPS,69.0,Pong1PQFM_XObs_entangled_trainable_rzz_QLayers_5___seed_1_1761468207
5844992,2-Training-Stats/SPS,69.0,Pong1PQFM_XObs_entangled_trainable_rzz_QLayers_5___seed_1_1761468207
5849088,2-Training-Stats/SPS,69.0,Pong1PQFM_XObs_entangled_trainable_rzz_QLayers_5___seed_1_1761468207
5853184,2-Training-Stats/SPS,69.0,Pong1PQFM_XObs_entangled_trainable_rzz_QLayers_5___seed_1_1761468207
5857280,2-Training-Stats/SPS,69.0,Pong1PQFM_XObs_entangled_trainable_rzz_QLayers_5___seed_1_1761468207
5861376,2-Training-Stats/SPS,69.0,Pong1PQFM_XObs_entangled_trainable_rzz_QLayers_5___seed_1_1761468207
5865472,2-Training-Stats/SPS,69.0,Pong1PQFM_XObs_entangled_trainable_rzz_QLayers_5___seed_1_1761468207
5869568,2-Training-Stats/SPS,69.0,Pong1PQFM_XObs_entangled_trainable_rzz_QLayers_5___seed_1_1761468207
5873664,2-Training-Stats/SPS,69.0,Pong1PQFM_XObs_entangled_trainable_rzz_QLayers_5___seed_1_1761468207
5877760,2-Training-Stats/SPS,69.0,Pong1PQFM_XObs_entangled_trainable_rzz_QLayers_5___seed_1_1761468207
5881856,2-Training-Stats/SPS,69.0,Pong1PQFM_XObs_entangled_trainable_rzz_QLayers_5___seed_1_1761468207
5885952,2-Training-Stats/SPS,69.0,Pong1PQFM_XObs_entangled_trainable_rzz_QLayers_5___seed_1_1761468207
5890048,2-Training-Stats/SPS,69.0,Pong1PQFM_XObs_entangled_trainable_rzz_QLayers_5___seed_1_1761468207
5894144,2-Training-Stats/SPS,69.0,Pong1PQFM_XObs_entangled_trainable_rzz_QLayers_5___seed_1_1761468207
5898240,2-Training-Stats/SPS,69.0,Pong1PQFM_XObs_entangled_trainable_rzz_QLayers_5___seed_1_1761468207
5902336,2-Training-Stats/SPS,69.0,Pong1PQFM_XObs_entangled_trainable_rzz_QLayers_5___seed_1_1761468207
5906432,2-Training-Stats/SPS,69.0,Pong1PQFM_XObs_entangled_trainable_rzz_QLayers_5___seed_1_1761468207
5910528,2-Training-Stats/SPS,69.0,Pong1PQFM_XObs_entangled_trainable_rzz_QLayers_5___seed_1_1761468207
5914624,2-Training-Stats/SPS,69.0,Pong1PQFM_XObs_entangled_trainable_rzz_QLayers_5___seed_1_1761468207
5918720,2-Training-Stats/SPS,69.0,Pong1PQFM_XObs_entangled_trainable_rzz_QLayers_5___seed_1_1761468207
5922816,2-Training-Stats/SPS,69.0,Pong1PQFM_XObs_entangled_trainable_rzz_QLayers_5___seed_1_1761468207
5926912,2-Training-Stats/SPS,69.0,Pong1PQFM_XObs_entangled_trainable_rzz_QLayers_5___seed_1_1761468207
5931008,2-Training-Stats/SPS,69.0,Pong1PQFM_XObs_entangled_trainable_rzz_QLayers_5___seed_1_1761468207
5935104,2-Training-Stats/SPS,69.0,Pong1PQFM_XObs_entangled_trainable_rzz_QLayers_5___seed_1_1761468207
5939200,2-Training-Stats/SPS,69.0,Pong1PQFM_XObs_entangled_trainable_rzz_QLayers_5___seed_1_1761468207
5943296,2-Training-Stats/SPS,69.0,Pong1PQFM_XObs_entangled_trainable_rzz_QLayers_5___seed_1_1761468207
5947392,2-Training-Stats/SPS,69.0,Pong1PQFM_XObs_entangled_trainable_rzz_QLayers_5___seed_1_1761468207
5951488,2-Training-Stats/SPS,69.0,Pong1PQFM_XObs_entangled_trainable_rzz_QLayers_5___seed_1_1761468207
5955584,2-Training-Stats/SPS,69.0,Pong1PQFM_XObs_entangled_trainable_rzz_QLayers_5___seed_1_1761468207
5959680,2-Training-Stats/SPS,69.0,Pong1PQFM_XObs_entangled_trainable_rzz_QLayers_5___seed_1_1761468207
5963776,2-Training-Stats/SPS,69.0,Pong1PQFM_XObs_entangled_trainable_rzz_QLayers_5___seed_1_1761468207
5967872,2-Training-Stats/SPS,69.0,Pong1PQFM_XObs_entangled_trainable_rzz_QLayers_5___seed_1_1761468207
5971968,2-Training-Stats/SPS,69.0,Pong1PQFM_XObs_entangled_trainable_rzz_QLayers_5___seed_1_1761468207
5976064,2-Training-Stats/SPS,69.0,Pong1PQFM_XObs_entangled_trainable_rzz_QLayers_5___seed_1_1761468207
5980160,2-Training-Stats/SPS,69.0,Pong1PQFM_XObs_entangled_trainable_rzz_QLayers_5___seed_1_1761468207
5984256,2-Training-Stats/SPS,69.0,Pong1PQFM_XObs_entangled_trainable_rzz_QLayers_5___seed_1_1761468207
5988352,2-Training-Stats/SPS,69.0,Pong1PQFM_XObs_entangled_trainable_rzz_QLayers_5___seed_1_1761468207
5992448,2-Training-Stats/SPS,69.0,Pong1PQFM_XObs_entangled_trainable_rzz_QLayers_5___seed_1_1761468207
5996544,2-Training-Stats/SPS,69.0,Pong1PQFM_XObs_entangled_trainable_rzz_QLayers_5___seed_1_1761468207
6000640,2-Training-Stats/SPS,69.0,Pong1PQFM_XObs_entangled_trainable_rzz_QLayers_5___seed_1_1761468207
6004736,2-Training-Stats/SPS,69.0,Pong1PQFM_XObs_entangled_trainable_rzz_QLayers_5___seed_1_1761468207
6008832,2-Training-Stats/SPS,69.0,Pong1PQFM_XObs_entangled_trainable_rzz_QLayers_5___seed_1_1761468207
6012928,2-Training-Stats/SPS,69.0,Pong1PQFM_XObs_entangled_trainable_rzz_QLayers_5___seed_1_1761468207
6017024,2-Training-Stats/SPS,69.0,Pong1PQFM_XObs_entangled_trainable_rzz_QLayers_5___seed_1_1761468207
6021120,2-Training-Stats/SPS,69.0,Pong1PQFM_XObs_entangled_trainable_rzz_QLayers_5___seed_1_1761468207
6025216,2-Training-Stats/SPS,69.0,Pong1PQFM_XObs_entangled_trainable_rzz_QLayers_5___seed_1_1761468207
6029312,2-Training-Stats/SPS,69.0,Pong1PQFM_XObs_entangled_trainable_rzz_QLayers_5___seed_1_1761468207
6033408,2-Training-Stats/SPS,69.0,Pong1PQFM_XObs_entangled_trainable_rzz_QLayers_5___seed_1_1761468207
6037504,2-Training-Stats/SPS,69.0,Pong1PQFM_XObs_entangled_trainable_rzz_QLayers_5___seed_1_1761468207
6041600,2-Training-Stats/SPS,69.0,Pong1PQFM_XObs_entangled_trainable_rzz_QLayers_5___seed_1_1761468207
6045696,2-Training-Stats/SPS,69.0,Pong1PQFM_XObs_entangled_trainable_rzz_QLayers_5___seed_1_1761468207
6049792,2-Training-Stats/SPS,69.0,Pong1PQFM_XObs_entangled_trainable_rzz_QLayers_5___seed_1_1761468207
6053888,2-Training-Stats/SPS,69.0,Pong1PQFM_XObs_entangled_trainable_rzz_QLayers_5___seed_1_1761468207
6057984,2-Training-Stats/SPS,69.0,Pong1PQFM_XObs_entangled_trainable_rzz_QLayers_5___seed_1_1761468207
6062080,2-Training-Stats/SPS,69.0,Pong1PQFM_XObs_entangled_trainable_rzz_QLayers_5___seed_1_1761468207
6066176,2-Training-Stats/SPS,69.0,Pong1PQFM_XObs_entangled_trainable_rzz_QLayers_5___seed_1_1761468207
6070272,2-Training-Stats/SPS,69.0,Pong1PQFM_XObs_entangled_trainable_rzz_QLayers_5___seed_1_1761468207
6074368,2-Training-Stats/SPS,69.0,Pong1PQFM_XObs_entangled_trainable_rzz_QLayers_5___seed_1_1761468207
6078464,2-Training-Stats/SPS,69.0,Pong1PQFM_XObs_entangled_trainable_rzz_QLayers_5___seed_1_1761468207
6082560,2-Training-Stats/SPS,69.0,Pong1PQFM_XObs_entangled_trainable_rzz_QLayers_5___seed_1_1761468207
6086656,2-Training-Stats/SPS,69.0,Pong1PQFM_XObs_entangled_trainable_rzz_QLayers_5___seed_1_1761468207
6090752,2-Training-Stats/SPS,69.0,Pong1PQFM_XObs_entangled_trainable_rzz_QLayers_5___seed_1_1761468207
6094848,2-Training-Stats/SPS,69.0,Pong1PQFM_XObs_entangled_trainable_rzz_QLayers_5___seed_1_1761468207
6098944,2-Training-Stats/SPS,69.0,Pong1PQFM_XObs_entangled_trainable_rzz_QLayers_5___seed_1_1761468207
6103040,2-Training-Stats/SPS,69.0,Pong1PQFM_XObs_entangled_trainable_rzz_QLayers_5___seed_1_1761468207
6107136,2-Training-Stats/SPS,69.0,Pong1PQFM_XObs_entangled_trainable_rzz_QLayers_5___seed_1_1761468207
6111232,2-Training-Stats/SPS,69.0,Pong1PQFM_XObs_entangled_trainable_rzz_QLayers_5___seed_1_1761468207
6115328,2-Training-Stats/SPS,69.0,Pong1PQFM_XObs_entangled_trainable_rzz_QLayers_5___seed_1_1761468207
6119424,2-Training-Stats/SPS,69.0,Pong1PQFM_XObs_entangled_trainable_rzz_QLayers_5___seed_1_1761468207
6123520,2-Training-Stats/SPS,69.0,Pong1PQFM_XObs_entangled_trainable_rzz_QLayers_5___seed_1_1761468207
6127616,2-Training-Stats/SPS,69.0,Pong1PQFM_XObs_entangled_trainable_rzz_QLayers_5___seed_1_1761468207
6131712,2-Training-Stats/SPS,69.0,Pong1PQFM_XObs_entangled_trainable_rzz_QLayers_5___seed_1_1761468207
6135808,2-Training-Stats/SPS,69.0,Pong1PQFM_XObs_entangled_trainable_rzz_QLayers_5___seed_1_1761468207
6139904,2-Training-Stats/SPS,69.0,Pong1PQFM_XObs_entangled_trainable_rzz_QLayers_5___seed_1_1761468207
6144000,2-Training-Stats/SPS,69.0,Pong1PQFM_XObs_entangled_trainable_rzz_QLayers_5___seed_1_1761468207
6148096,2-Training-Stats/SPS,69.0,Pong1PQFM_XObs_entangled_trainable_rzz_QLayers_5___seed_1_1761468207
6152192,2-Training-Stats/SPS,69.0,Pong1PQFM_XObs_entangled_trainable_rzz_QLayers_5___seed_1_1761468207
6156288,2-Training-Stats/SPS,69.0,Pong1PQFM_XObs_entangled_trainable_rzz_QLayers_5___seed_1_1761468207
6160384,2-Training-Stats/SPS,69.0,Pong1PQFM_XObs_entangled_trainable_rzz_QLayers_5___seed_1_1761468207
6164480,2-Training-Stats/SPS,69.0,Pong1PQFM_XObs_entangled_trainable_rzz_QLayers_5___seed_1_1761468207
6168576,2-Training-Stats/SPS,69.0,Pong1PQFM_XObs_entangled_trainable_rzz_QLayers_5___seed_1_1761468207
6172672,2-Training-Stats/SPS,69.0,Pong1PQFM_XObs_entangled_trainable_rzz_QLayers_5___seed_1_1761468207
6176768,2-Training-Stats/SPS,69.0,Pong1PQFM_XObs_entangled_trainable_rzz_QLayers_5___seed_1_1761468207
6180864,2-Training-Stats/SPS,69.0,Pong1PQFM_XObs_entangled_trainable_rzz_QLayers_5___seed_1_1761468207
6184960,2-Training-Stats/SPS,69.0,Pong1PQFM_XObs_entangled_trainable_rzz_QLayers_5___seed_1_1761468207
6189056,2-Training-Stats/SPS,69.0,Pong1PQFM_XObs_entangled_trainable_rzz_QLayers_5___seed_1_1761468207
6193152,2-Training-Stats/SPS,69.0,Pong1PQFM_XObs_entangled_trainable_rzz_QLayers_5___seed_1_1761468207
6197248,2-Training-Stats/SPS,69.0,Pong1PQFM_XObs_entangled_trainable_rzz_QLayers_5___seed_1_1761468207
6201344,2-Training-Stats/SPS,69.0,Pong1PQFM_XObs_entangled_trainable_rzz_QLayers_5___seed_1_1761468207
6205440,2-Training-Stats/SPS,69.0,Pong1PQFM_XObs_entangled_trainable_rzz_QLayers_5___seed_1_1761468207
6209536,2-Training-Stats/SPS,69.0,Pong1PQFM_XObs_entangled_trainable_rzz_QLayers_5___seed_1_1761468207
6213632,2-Training-Stats/SPS,69.0,Pong1PQFM_XObs_entangled_trainable_rzz_QLayers_5___seed_1_1761468207
6217728,2-Training-Stats/SPS,69.0,Pong1PQFM_XObs_entangled_trainable_rzz_QLayers_5___seed_1_1761468207
6221824,2-Training-Stats/SPS,69.0,Pong1PQFM_XObs_entangled_trainable_rzz_QLayers_5___seed_1_1761468207
6225920,2-Training-Stats/SPS,69.0,Pong1PQFM_XObs_entangled_trainable_rzz_QLayers_5___seed_1_1761468207
6230016,2-Training-Stats/SPS,69.0,Pong1PQFM_XObs_entangled_trainable_rzz_QLayers_5___seed_1_1761468207
6234112,2-Training-Stats/SPS,69.0,Pong1PQFM_XObs_entangled_trainable_rzz_QLayers_5___seed_1_1761468207
6238208,2-Training-Stats/SPS,69.0,Pong1PQFM_XObs_entangled_trainable_rzz_QLayers_5___seed_1_1761468207
6242304,2-Training-Stats/SPS,69.0,Pong1PQFM_XObs_entangled_trainable_rzz_QLayers_5___seed_1_1761468207
6246400,2-Training-Stats/SPS,69.0,Pong1PQFM_XObs_entangled_trainable_rzz_QLayers_5___seed_1_1761468207
6250496,2-Training-Stats/SPS,69.0,Pong1PQFM_XObs_entangled_trainable_rzz_QLayers_5___seed_1_1761468207
6254592,2-Training-Stats/SPS,69.0,Pong1PQFM_XObs_entangled_trainable_rzz_QLayers_5___seed_1_1761468207
6258688,2-Training-Stats/SPS,69.0,Pong1PQFM_XObs_entangled_trainable_rzz_QLayers_5___seed_1_1761468207
6262784,2-Training-Stats/SPS,69.0,Pong1PQFM_XObs_entangled_trainable_rzz_QLayers_5___seed_1_1761468207
6266880,2-Training-Stats/SPS,69.0,Pong1PQFM_XObs_entangled_trainable_rzz_QLayers_5___seed_1_1761468207
6270976,2-Training-Stats/SPS,69.0,Pong1PQFM_XObs_entangled_trainable_rzz_QLayers_5___seed_1_1761468207
6275072,2-Training-Stats/SPS,69.0,Pong1PQFM_XObs_entangled_trainable_rzz_QLayers_5___seed_1_1761468207
6279168,2-Training-Stats/SPS,69.0,Pong1PQFM_XObs_entangled_trainable_rzz_QLayers_5___seed_1_1761468207
6283264,2-Training-Stats/SPS,69.0,Pong1PQFM_XObs_entangled_trainable_rzz_QLayers_5___seed_1_1761468207
6287360,2-Training-Stats/SPS,69.0,Pong1PQFM_XObs_entangled_trainable_rzz_QLayers_5___seed_1_1761468207
6291456,2-Training-Stats/SPS,69.0,Pong1PQFM_XObs_entangled_trainable_rzz_QLayers_5___seed_1_1761468207
6295552,2-Training-Stats/SPS,69.0,Pong1PQFM_XObs_entangled_trainable_rzz_QLayers_5___seed_1_1761468207
6299648,2-Training-Stats/SPS,69.0,Pong1PQFM_XObs_entangled_trainable_rzz_QLayers_5___seed_1_1761468207
6303744,2-Training-Stats/SPS,69.0,Pong1PQFM_XObs_entangled_trainable_rzz_QLayers_5___seed_1_1761468207
6307840,2-Training-Stats/SPS,69.0,Pong1PQFM_XObs_entangled_trainable_rzz_QLayers_5___seed_1_1761468207
6311936,2-Training-Stats/SPS,69.0,Pong1PQFM_XObs_entangled_trainable_rzz_QLayers_5___seed_1_1761468207
6316032,2-Training-Stats/SPS,69.0,Pong1PQFM_XObs_entangled_trainable_rzz_QLayers_5___seed_1_1761468207
6320128,2-Training-Stats/SPS,69.0,Pong1PQFM_XObs_entangled_trainable_rzz_QLayers_5___seed_1_1761468207
6324224,2-Training-Stats/SPS,69.0,Pong1PQFM_XObs_entangled_trainable_rzz_QLayers_5___seed_1_1761468207
6328320,2-Training-Stats/SPS,69.0,Pong1PQFM_XObs_entangled_trainable_rzz_QLayers_5___seed_1_1761468207
6332416,2-Training-Stats/SPS,69.0,Pong1PQFM_XObs_entangled_trainable_rzz_QLayers_5___seed_1_1761468207
6336512,2-Training-Stats/SPS,69.0,Pong1PQFM_XObs_entangled_trainable_rzz_QLayers_5___seed_1_1761468207
6340608,2-Training-Stats/SPS,69.0,Pong1PQFM_XObs_entangled_trainable_rzz_QLayers_5___seed_1_1761468207
6344704,2-Training-Stats/SPS,69.0,Pong1PQFM_XObs_entangled_trainable_rzz_QLayers_5___seed_1_1761468207
6348800,2-Training-Stats/SPS,69.0,Pong1PQFM_XObs_entangled_trainable_rzz_QLayers_5___seed_1_1761468207
6352896,2-Training-Stats/SPS,69.0,Pong1PQFM_XObs_entangled_trainable_rzz_QLayers_5___seed_1_1761468207
6356992,2-Training-Stats/SPS,69.0,Pong1PQFM_XObs_entangled_trainable_rzz_QLayers_5___seed_1_1761468207
6361088,2-Training-Stats/SPS,69.0,Pong1PQFM_XObs_entangled_trainable_rzz_QLayers_5___seed_1_1761468207
6365184,2-Training-Stats/SPS,69.0,Pong1PQFM_XObs_entangled_trainable_rzz_QLayers_5___seed_1_1761468207
6369280,2-Training-Stats/SPS,69.0,Pong1PQFM_XObs_entangled_trainable_rzz_QLayers_5___seed_1_1761468207
6373376,2-Training-Stats/SPS,69.0,Pong1PQFM_XObs_entangled_trainable_rzz_QLayers_5___seed_1_1761468207
6377472,2-Training-Stats/SPS,69.0,Pong1PQFM_XObs_entangled_trainable_rzz_QLayers_5___seed_1_1761468207
6381568,2-Training-Stats/SPS,69.0,Pong1PQFM_XObs_entangled_trainable_rzz_QLayers_5___seed_1_1761468207
6385664,2-Training-Stats/SPS,69.0,Pong1PQFM_XObs_entangled_trainable_rzz_QLayers_5___seed_1_1761468207
6389760,2-Training-Stats/SPS,69.0,Pong1PQFM_XObs_entangled_trainable_rzz_QLayers_5___seed_1_1761468207
6393856,2-Training-Stats/SPS,69.0,Pong1PQFM_XObs_entangled_trainable_rzz_QLayers_5___seed_1_1761468207
6397952,2-Training-Stats/SPS,69.0,Pong1PQFM_XObs_entangled_trainable_rzz_QLayers_5___seed_1_1761468207
6402048,2-Training-Stats/SPS,70.0,Pong1PQFM_XObs_entangled_trainable_rzz_QLayers_5___seed_1_1761468207
6406144,2-Training-Stats/SPS,70.0,Pong1PQFM_XObs_entangled_trainable_rzz_QLayers_5___seed_1_1761468207
6410240,2-Training-Stats/SPS,70.0,Pong1PQFM_XObs_entangled_trainable_rzz_QLayers_5___seed_1_1761468207
6414336,2-Training-Stats/SPS,70.0,Pong1PQFM_XObs_entangled_trainable_rzz_QLayers_5___seed_1_1761468207
6418432,2-Training-Stats/SPS,70.0,Pong1PQFM_XObs_entangled_trainable_rzz_QLayers_5___seed_1_1761468207
6422528,2-Training-Stats/SPS,70.0,Pong1PQFM_XObs_entangled_trainable_rzz_QLayers_5___seed_1_1761468207
6426624,2-Training-Stats/SPS,70.0,Pong1PQFM_XObs_entangled_trainable_rzz_QLayers_5___seed_1_1761468207
6430720,2-Training-Stats/SPS,70.0,Pong1PQFM_XObs_entangled_trainable_rzz_QLayers_5___seed_1_1761468207
6434816,2-Training-Stats/SPS,70.0,Pong1PQFM_XObs_entangled_trainable_rzz_QLayers_5___seed_1_1761468207
6438912,2-Training-Stats/SPS,70.0,Pong1PQFM_XObs_entangled_trainable_rzz_QLayers_5___seed_1_1761468207
6443008,2-Training-Stats/SPS,70.0,Pong1PQFM_XObs_entangled_trainable_rzz_QLayers_5___seed_1_1761468207
6447104,2-Training-Stats/SPS,70.0,Pong1PQFM_XObs_entangled_trainable_rzz_QLayers_5___seed_1_1761468207
6451200,2-Training-Stats/SPS,70.0,Pong1PQFM_XObs_entangled_trainable_rzz_QLayers_5___seed_1_1761468207
6455296,2-Training-Stats/SPS,70.0,Pong1PQFM_XObs_entangled_trainable_rzz_QLayers_5___seed_1_1761468207
6459392,2-Training-Stats/SPS,70.0,Pong1PQFM_XObs_entangled_trainable_rzz_QLayers_5___seed_1_1761468207
6463488,2-Training-Stats/SPS,70.0,Pong1PQFM_XObs_entangled_trainable_rzz_QLayers_5___seed_1_1761468207
6467584,2-Training-Stats/SPS,70.0,Pong1PQFM_XObs_entangled_trainable_rzz_QLayers_5___seed_1_1761468207
6471680,2-Training-Stats/SPS,70.0,Pong1PQFM_XObs_entangled_trainable_rzz_QLayers_5___seed_1_1761468207
6475776,2-Training-Stats/SPS,70.0,Pong1PQFM_XObs_entangled_trainable_rzz_QLayers_5___seed_1_1761468207
6479872,2-Training-Stats/SPS,70.0,Pong1PQFM_XObs_entangled_trainable_rzz_QLayers_5___seed_1_1761468207
6483968,2-Training-Stats/SPS,70.0,Pong1PQFM_XObs_entangled_trainable_rzz_QLayers_5___seed_1_1761468207
6488064,2-Training-Stats/SPS,70.0,Pong1PQFM_XObs_entangled_trainable_rzz_QLayers_5___seed_1_1761468207
6492160,2-Training-Stats/SPS,70.0,Pong1PQFM_XObs_entangled_trainable_rzz_QLayers_5___seed_1_1761468207
6496256,2-Training-Stats/SPS,70.0,Pong1PQFM_XObs_entangled_trainable_rzz_QLayers_5___seed_1_1761468207
6500352,2-Training-Stats/SPS,70.0,Pong1PQFM_XObs_entangled_trainable_rzz_QLayers_5___seed_1_1761468207
6504448,2-Training-Stats/SPS,70.0,Pong1PQFM_XObs_entangled_trainable_rzz_QLayers_5___seed_1_1761468207
6508544,2-Training-Stats/SPS,70.0,Pong1PQFM_XObs_entangled_trainable_rzz_QLayers_5___seed_1_1761468207
6512640,2-Training-Stats/SPS,70.0,Pong1PQFM_XObs_entangled_trainable_rzz_QLayers_5___seed_1_1761468207
6516736,2-Training-Stats/SPS,70.0,Pong1PQFM_XObs_entangled_trainable_rzz_QLayers_5___seed_1_1761468207
6520832,2-Training-Stats/SPS,70.0,Pong1PQFM_XObs_entangled_trainable_rzz_QLayers_5___seed_1_1761468207
6524928,2-Training-Stats/SPS,70.0,Pong1PQFM_XObs_entangled_trainable_rzz_QLayers_5___seed_1_1761468207
6529024,2-Training-Stats/SPS,70.0,Pong1PQFM_XObs_entangled_trainable_rzz_QLayers_5___seed_1_1761468207
6533120,2-Training-Stats/SPS,70.0,Pong1PQFM_XObs_entangled_trainable_rzz_QLayers_5___seed_1_1761468207
6537216,2-Training-Stats/SPS,70.0,Pong1PQFM_XObs_entangled_trainable_rzz_QLayers_5___seed_1_1761468207
6541312,2-Training-Stats/SPS,70.0,Pong1PQFM_XObs_entangled_trainable_rzz_QLayers_5___seed_1_1761468207
6545408,2-Training-Stats/SPS,70.0,Pong1PQFM_XObs_entangled_trainable_rzz_QLayers_5___seed_1_1761468207
6549504,2-Training-Stats/SPS,70.0,Pong1PQFM_XObs_entangled_trainable_rzz_QLayers_5___seed_1_1761468207
6553600,2-Training-Stats/SPS,70.0,Pong1PQFM_XObs_entangled_trainable_rzz_QLayers_5___seed_1_1761468207
6557696,2-Training-Stats/SPS,70.0,Pong1PQFM_XObs_entangled_trainable_rzz_QLayers_5___seed_1_1761468207
6561792,2-Training-Stats/SPS,70.0,Pong1PQFM_XObs_entangled_trainable_rzz_QLayers_5___seed_1_1761468207
6565888,2-Training-Stats/SPS,70.0,Pong1PQFM_XObs_entangled_trainable_rzz_QLayers_5___seed_1_1761468207
6569984,2-Training-Stats/SPS,70.0,Pong1PQFM_XObs_entangled_trainable_rzz_QLayers_5___seed_1_1761468207
6574080,2-Training-Stats/SPS,70.0,Pong1PQFM_XObs_entangled_trainable_rzz_QLayers_5___seed_1_1761468207
6578176,2-Training-Stats/SPS,70.0,Pong1PQFM_XObs_entangled_trainable_rzz_QLayers_5___seed_1_1761468207
6582272,2-Training-Stats/SPS,70.0,Pong1PQFM_XObs_entangled_trainable_rzz_QLayers_5___seed_1_1761468207
6586368,2-Training-Stats/SPS,70.0,Pong1PQFM_XObs_entangled_trainable_rzz_QLayers_5___seed_1_1761468207
6590464,2-Training-Stats/SPS,70.0,Pong1PQFM_XObs_entangled_trainable_rzz_QLayers_5___seed_1_1761468207
6594560,2-Training-Stats/SPS,70.0,Pong1PQFM_XObs_entangled_trainable_rzz_QLayers_5___seed_1_1761468207
6598656,2-Training-Stats/SPS,70.0,Pong1PQFM_XObs_entangled_trainable_rzz_QLayers_5___seed_1_1761468207
6602752,2-Training-Stats/SPS,70.0,Pong1PQFM_XObs_entangled_trainable_rzz_QLayers_5___seed_1_1761468207
6606848,2-Training-Stats/SPS,70.0,Pong1PQFM_XObs_entangled_trainable_rzz_QLayers_5___seed_1_1761468207
6610944,2-Training-Stats/SPS,70.0,Pong1PQFM_XObs_entangled_trainable_rzz_QLayers_5___seed_1_1761468207
6615040,2-Training-Stats/SPS,70.0,Pong1PQFM_XObs_entangled_trainable_rzz_QLayers_5___seed_1_1761468207
6619136,2-Training-Stats/SPS,70.0,Pong1PQFM_XObs_entangled_trainable_rzz_QLayers_5___seed_1_1761468207
6623232,2-Training-Stats/SPS,70.0,Pong1PQFM_XObs_entangled_trainable_rzz_QLayers_5___seed_1_1761468207
6627328,2-Training-Stats/SPS,70.0,Pong1PQFM_XObs_entangled_trainable_rzz_QLayers_5___seed_1_1761468207
6631424,2-Training-Stats/SPS,70.0,Pong1PQFM_XObs_entangled_trainable_rzz_QLayers_5___seed_1_1761468207
6635520,2-Training-Stats/SPS,70.0,Pong1PQFM_XObs_entangled_trainable_rzz_QLayers_5___seed_1_1761468207
6639616,2-Training-Stats/SPS,70.0,Pong1PQFM_XObs_entangled_trainable_rzz_QLayers_5___seed_1_1761468207
6643712,2-Training-Stats/SPS,70.0,Pong1PQFM_XObs_entangled_trainable_rzz_QLayers_5___seed_1_1761468207
6647808,2-Training-Stats/SPS,70.0,Pong1PQFM_XObs_entangled_trainable_rzz_QLayers_5___seed_1_1761468207
6651904,2-Training-Stats/SPS,70.0,Pong1PQFM_XObs_entangled_trainable_rzz_QLayers_5___seed_1_1761468207
6656000,2-Training-Stats/SPS,70.0,Pong1PQFM_XObs_entangled_trainable_rzz_QLayers_5___seed_1_1761468207
6660096,2-Training-Stats/SPS,70.0,Pong1PQFM_XObs_entangled_trainable_rzz_QLayers_5___seed_1_1761468207
6664192,2-Training-Stats/SPS,70.0,Pong1PQFM_XObs_entangled_trainable_rzz_QLayers_5___seed_1_1761468207
6668288,2-Training-Stats/SPS,70.0,Pong1PQFM_XObs_entangled_trainable_rzz_QLayers_5___seed_1_1761468207
6672384,2-Training-Stats/SPS,70.0,Pong1PQFM_XObs_entangled_trainable_rzz_QLayers_5___seed_1_1761468207
6676480,2-Training-Stats/SPS,70.0,Pong1PQFM_XObs_entangled_trainable_rzz_QLayers_5___seed_1_1761468207
6680576,2-Training-Stats/SPS,70.0,Pong1PQFM_XObs_entangled_trainable_rzz_QLayers_5___seed_1_1761468207
6684672,2-Training-Stats/SPS,70.0,Pong1PQFM_XObs_entangled_trainable_rzz_QLayers_5___seed_1_1761468207
6688768,2-Training-Stats/SPS,70.0,Pong1PQFM_XObs_entangled_trainable_rzz_QLayers_5___seed_1_1761468207
6692864,2-Training-Stats/SPS,70.0,Pong1PQFM_XObs_entangled_trainable_rzz_QLayers_5___seed_1_1761468207
6696960,2-Training-Stats/SPS,70.0,Pong1PQFM_XObs_entangled_trainable_rzz_QLayers_5___seed_1_1761468207
6701056,2-Training-Stats/SPS,70.0,Pong1PQFM_XObs_entangled_trainable_rzz_QLayers_5___seed_1_1761468207
6705152,2-Training-Stats/SPS,70.0,Pong1PQFM_XObs_entangled_trainable_rzz_QLayers_5___seed_1_1761468207
6709248,2-Training-Stats/SPS,70.0,Pong1PQFM_XObs_entangled_trainable_rzz_QLayers_5___seed_1_1761468207
6713344,2-Training-Stats/SPS,70.0,Pong1PQFM_XObs_entangled_trainable_rzz_QLayers_5___seed_1_1761468207
6717440,2-Training-Stats/SPS,70.0,Pong1PQFM_XObs_entangled_trainable_rzz_QLayers_5___seed_1_1761468207
6721536,2-Training-Stats/SPS,70.0,Pong1PQFM_XObs_entangled_trainable_rzz_QLayers_5___seed_1_1761468207
6725632,2-Training-Stats/SPS,70.0,Pong1PQFM_XObs_entangled_trainable_rzz_QLayers_5___seed_1_1761468207
6729728,2-Training-Stats/SPS,70.0,Pong1PQFM_XObs_entangled_trainable_rzz_QLayers_5___seed_1_1761468207
6733824,2-Training-Stats/SPS,70.0,Pong1PQFM_XObs_entangled_trainable_rzz_QLayers_5___seed_1_1761468207
6737920,2-Training-Stats/SPS,70.0,Pong1PQFM_XObs_entangled_trainable_rzz_QLayers_5___seed_1_1761468207
6742016,2-Training-Stats/SPS,70.0,Pong1PQFM_XObs_entangled_trainable_rzz_QLayers_5___seed_1_1761468207
6746112,2-Training-Stats/SPS,70.0,Pong1PQFM_XObs_entangled_trainable_rzz_QLayers_5___seed_1_1761468207
6750208,2-Training-Stats/SPS,70.0,Pong1PQFM_XObs_entangled_trainable_rzz_QLayers_5___seed_1_1761468207
6754304,2-Training-Stats/SPS,70.0,Pong1PQFM_XObs_entangled_trainable_rzz_QLayers_5___seed_1_1761468207
6758400,2-Training-Stats/SPS,70.0,Pong1PQFM_XObs_entangled_trainable_rzz_QLayers_5___seed_1_1761468207
6762496,2-Training-Stats/SPS,70.0,Pong1PQFM_XObs_entangled_trainable_rzz_QLayers_5___seed_1_1761468207
6766592,2-Training-Stats/SPS,70.0,Pong1PQFM_XObs_entangled_trainable_rzz_QLayers_5___seed_1_1761468207
6770688,2-Training-Stats/SPS,70.0,Pong1PQFM_XObs_entangled_trainable_rzz_QLayers_5___seed_1_1761468207
6774784,2-Training-Stats/SPS,70.0,Pong1PQFM_XObs_entangled_trainable_rzz_QLayers_5___seed_1_1761468207
6778880,2-Training-Stats/SPS,70.0,Pong1PQFM_XObs_entangled_trainable_rzz_QLayers_5___seed_1_1761468207
6782976,2-Training-Stats/SPS,70.0,Pong1PQFM_XObs_entangled_trainable_rzz_QLayers_5___seed_1_1761468207
6787072,2-Training-Stats/SPS,70.0,Pong1PQFM_XObs_entangled_trainable_rzz_QLayers_5___seed_1_1761468207
6791168,2-Training-Stats/SPS,70.0,Pong1PQFM_XObs_entangled_trainable_rzz_QLayers_5___seed_1_1761468207
6795264,2-Training-Stats/SPS,70.0,Pong1PQFM_XObs_entangled_trainable_rzz_QLayers_5___seed_1_1761468207
6799360,2-Training-Stats/SPS,70.0,Pong1PQFM_XObs_entangled_trainable_rzz_QLayers_5___seed_1_1761468207
6803456,2-Training-Stats/SPS,70.0,Pong1PQFM_XObs_entangled_trainable_rzz_QLayers_5___seed_1_1761468207
6807552,2-Training-Stats/SPS,70.0,Pong1PQFM_XObs_entangled_trainable_rzz_QLayers_5___seed_1_1761468207
6811648,2-Training-Stats/SPS,70.0,Pong1PQFM_XObs_entangled_trainable_rzz_QLayers_5___seed_1_1761468207
6815744,2-Training-Stats/SPS,70.0,Pong1PQFM_XObs_entangled_trainable_rzz_QLayers_5___seed_1_1761468207
6819840,2-Training-Stats/SPS,70.0,Pong1PQFM_XObs_entangled_trainable_rzz_QLayers_5___seed_1_1761468207
6823936,2-Training-Stats/SPS,70.0,Pong1PQFM_XObs_entangled_trainable_rzz_QLayers_5___seed_1_1761468207
6828032,2-Training-Stats/SPS,70.0,Pong1PQFM_XObs_entangled_trainable_rzz_QLayers_5___seed_1_1761468207
6832128,2-Training-Stats/SPS,70.0,Pong1PQFM_XObs_entangled_trainable_rzz_QLayers_5___seed_1_1761468207
6836224,2-Training-Stats/SPS,70.0,Pong1PQFM_XObs_entangled_trainable_rzz_QLayers_5___seed_1_1761468207
6840320,2-Training-Stats/SPS,70.0,Pong1PQFM_XObs_entangled_trainable_rzz_QLayers_5___seed_1_1761468207
6844416,2-Training-Stats/SPS,70.0,Pong1PQFM_XObs_entangled_trainable_rzz_QLayers_5___seed_1_1761468207
6848512,2-Training-Stats/SPS,70.0,Pong1PQFM_XObs_entangled_trainable_rzz_QLayers_5___seed_1_1761468207
6852608,2-Training-Stats/SPS,70.0,Pong1PQFM_XObs_entangled_trainable_rzz_QLayers_5___seed_1_1761468207
6856704,2-Training-Stats/SPS,70.0,Pong1PQFM_XObs_entangled_trainable_rzz_QLayers_5___seed_1_1761468207
6860800,2-Training-Stats/SPS,70.0,Pong1PQFM_XObs_entangled_trainable_rzz_QLayers_5___seed_1_1761468207
6864896,2-Training-Stats/SPS,70.0,Pong1PQFM_XObs_entangled_trainable_rzz_QLayers_5___seed_1_1761468207
6868992,2-Training-Stats/SPS,70.0,Pong1PQFM_XObs_entangled_trainable_rzz_QLayers_5___seed_1_1761468207
6873088,2-Training-Stats/SPS,70.0,Pong1PQFM_XObs_entangled_trainable_rzz_QLayers_5___seed_1_1761468207
6877184,2-Training-Stats/SPS,70.0,Pong1PQFM_XObs_entangled_trainable_rzz_QLayers_5___seed_1_1761468207
6881280,2-Training-Stats/SPS,70.0,Pong1PQFM_XObs_entangled_trainable_rzz_QLayers_5___seed_1_1761468207
6885376,2-Training-Stats/SPS,70.0,Pong1PQFM_XObs_entangled_trainable_rzz_QLayers_5___seed_1_1761468207
6889472,2-Training-Stats/SPS,70.0,Pong1PQFM_XObs_entangled_trainable_rzz_QLayers_5___seed_1_1761468207
6893568,2-Training-Stats/SPS,70.0,Pong1PQFM_XObs_entangled_trainable_rzz_QLayers_5___seed_1_1761468207
6897664,2-Training-Stats/SPS,70.0,Pong1PQFM_XObs_entangled_trainable_rzz_QLayers_5___seed_1_1761468207
6901760,2-Training-Stats/SPS,70.0,Pong1PQFM_XObs_entangled_trainable_rzz_QLayers_5___seed_1_1761468207
6905856,2-Training-Stats/SPS,70.0,Pong1PQFM_XObs_entangled_trainable_rzz_QLayers_5___seed_1_1761468207
6909952,2-Training-Stats/SPS,70.0,Pong1PQFM_XObs_entangled_trainable_rzz_QLayers_5___seed_1_1761468207
6914048,2-Training-Stats/SPS,70.0,Pong1PQFM_XObs_entangled_trainable_rzz_QLayers_5___seed_1_1761468207
6918144,2-Training-Stats/SPS,70.0,Pong1PQFM_XObs_entangled_trainable_rzz_QLayers_5___seed_1_1761468207
6922240,2-Training-Stats/SPS,70.0,Pong1PQFM_XObs_entangled_trainable_rzz_QLayers_5___seed_1_1761468207
6926336,2-Training-Stats/SPS,70.0,Pong1PQFM_XObs_entangled_trainable_rzz_QLayers_5___seed_1_1761468207
6930432,2-Training-Stats/SPS,70.0,Pong1PQFM_XObs_entangled_trainable_rzz_QLayers_5___seed_1_1761468207
6934528,2-Training-Stats/SPS,70.0,Pong1PQFM_XObs_entangled_trainable_rzz_QLayers_5___seed_1_1761468207
6938624,2-Training-Stats/SPS,70.0,Pong1PQFM_XObs_entangled_trainable_rzz_QLayers_5___seed_1_1761468207
6942720,2-Training-Stats/SPS,70.0,Pong1PQFM_XObs_entangled_trainable_rzz_QLayers_5___seed_1_1761468207
6946816,2-Training-Stats/SPS,70.0,Pong1PQFM_XObs_entangled_trainable_rzz_QLayers_5___seed_1_1761468207
6950912,2-Training-Stats/SPS,70.0,Pong1PQFM_XObs_entangled_trainable_rzz_QLayers_5___seed_1_1761468207
6955008,2-Training-Stats/SPS,70.0,Pong1PQFM_XObs_entangled_trainable_rzz_QLayers_5___seed_1_1761468207
6959104,2-Training-Stats/SPS,70.0,Pong1PQFM_XObs_entangled_trainable_rzz_QLayers_5___seed_1_1761468207
6963200,2-Training-Stats/SPS,70.0,Pong1PQFM_XObs_entangled_trainable_rzz_QLayers_5___seed_1_1761468207
6967296,2-Training-Stats/SPS,70.0,Pong1PQFM_XObs_entangled_trainable_rzz_QLayers_5___seed_1_1761468207
6971392,2-Training-Stats/SPS,70.0,Pong1PQFM_XObs_entangled_trainable_rzz_QLayers_5___seed_1_1761468207
6975488,2-Training-Stats/SPS,70.0,Pong1PQFM_XObs_entangled_trainable_rzz_QLayers_5___seed_1_1761468207
6979584,2-Training-Stats/SPS,70.0,Pong1PQFM_XObs_entangled_trainable_rzz_QLayers_5___seed_1_1761468207
6983680,2-Training-Stats/SPS,70.0,Pong1PQFM_XObs_entangled_trainable_rzz_QLayers_5___seed_1_1761468207
6987776,2-Training-Stats/SPS,70.0,Pong1PQFM_XObs_entangled_trainable_rzz_QLayers_5___seed_1_1761468207
6991872,2-Training-Stats/SPS,70.0,Pong1PQFM_XObs_entangled_trainable_rzz_QLayers_5___seed_1_1761468207
6995968,2-Training-Stats/SPS,70.0,Pong1PQFM_XObs_entangled_trainable_rzz_QLayers_5___seed_1_1761468207
7000064,2-Training-Stats/SPS,70.0,Pong1PQFM_XObs_entangled_trainable_rzz_QLayers_5___seed_1_1761468207
7004160,2-Training-Stats/SPS,70.0,Pong1PQFM_XObs_entangled_trainable_rzz_QLayers_5___seed_1_1761468207
7008256,2-Training-Stats/SPS,70.0,Pong1PQFM_XObs_entangled_trainable_rzz_QLayers_5___seed_1_1761468207
7012352,2-Training-Stats/SPS,70.0,Pong1PQFM_XObs_entangled_trainable_rzz_QLayers_5___seed_1_1761468207
7016448,2-Training-Stats/SPS,70.0,Pong1PQFM_XObs_entangled_trainable_rzz_QLayers_5___seed_1_1761468207
7020544,2-Training-Stats/SPS,70.0,Pong1PQFM_XObs_entangled_trainable_rzz_QLayers_5___seed_1_1761468207
7024640,2-Training-Stats/SPS,70.0,Pong1PQFM_XObs_entangled_trainable_rzz_QLayers_5___seed_1_1761468207
7028736,2-Training-Stats/SPS,70.0,Pong1PQFM_XObs_entangled_trainable_rzz_QLayers_5___seed_1_1761468207
7032832,2-Training-Stats/SPS,70.0,Pong1PQFM_XObs_entangled_trainable_rzz_QLayers_5___seed_1_1761468207
7036928,2-Training-Stats/SPS,70.0,Pong1PQFM_XObs_entangled_trainable_rzz_QLayers_5___seed_1_1761468207
7041024,2-Training-Stats/SPS,70.0,Pong1PQFM_XObs_entangled_trainable_rzz_QLayers_5___seed_1_1761468207
7045120,2-Training-Stats/SPS,70.0,Pong1PQFM_XObs_entangled_trainable_rzz_QLayers_5___seed_1_1761468207
7049216,2-Training-Stats/SPS,70.0,Pong1PQFM_XObs_entangled_trainable_rzz_QLayers_5___seed_1_1761468207
7053312,2-Training-Stats/SPS,70.0,Pong1PQFM_XObs_entangled_trainable_rzz_QLayers_5___seed_1_1761468207
7057408,2-Training-Stats/SPS,70.0,Pong1PQFM_XObs_entangled_trainable_rzz_QLayers_5___seed_1_1761468207
7061504,2-Training-Stats/SPS,70.0,Pong1PQFM_XObs_entangled_trainable_rzz_QLayers_5___seed_1_1761468207
7065600,2-Training-Stats/SPS,70.0,Pong1PQFM_XObs_entangled_trainable_rzz_QLayers_5___seed_1_1761468207
7069696,2-Training-Stats/SPS,70.0,Pong1PQFM_XObs_entangled_trainable_rzz_QLayers_5___seed_1_1761468207
7073792,2-Training-Stats/SPS,70.0,Pong1PQFM_XObs_entangled_trainable_rzz_QLayers_5___seed_1_1761468207
7077888,2-Training-Stats/SPS,70.0,Pong1PQFM_XObs_entangled_trainable_rzz_QLayers_5___seed_1_1761468207
7081984,2-Training-Stats/SPS,70.0,Pong1PQFM_XObs_entangled_trainable_rzz_QLayers_5___seed_1_1761468207
7086080,2-Training-Stats/SPS,70.0,Pong1PQFM_XObs_entangled_trainable_rzz_QLayers_5___seed_1_1761468207
7090176,2-Training-Stats/SPS,70.0,Pong1PQFM_XObs_entangled_trainable_rzz_QLayers_5___seed_1_1761468207
7094272,2-Training-Stats/SPS,70.0,Pong1PQFM_XObs_entangled_trainable_rzz_QLayers_5___seed_1_1761468207
7098368,2-Training-Stats/SPS,70.0,Pong1PQFM_XObs_entangled_trainable_rzz_QLayers_5___seed_1_1761468207
7102464,2-Training-Stats/SPS,70.0,Pong1PQFM_XObs_entangled_trainable_rzz_QLayers_5___seed_1_1761468207
7106560,2-Training-Stats/SPS,70.0,Pong1PQFM_XObs_entangled_trainable_rzz_QLayers_5___seed_1_1761468207
7110656,2-Training-Stats/SPS,70.0,Pong1PQFM_XObs_entangled_trainable_rzz_QLayers_5___seed_1_1761468207
7114752,2-Training-Stats/SPS,70.0,Pong1PQFM_XObs_entangled_trainable_rzz_QLayers_5___seed_1_1761468207
7118848,2-Training-Stats/SPS,70.0,Pong1PQFM_XObs_entangled_trainable_rzz_QLayers_5___seed_1_1761468207
7122944,2-Training-Stats/SPS,70.0,Pong1PQFM_XObs_entangled_trainable_rzz_QLayers_5___seed_1_1761468207
7127040,2-Training-Stats/SPS,70.0,Pong1PQFM_XObs_entangled_trainable_rzz_QLayers_5___seed_1_1761468207
7131136,2-Training-Stats/SPS,70.0,Pong1PQFM_XObs_entangled_trainable_rzz_QLayers_5___seed_1_1761468207
7135232,2-Training-Stats/SPS,70.0,Pong1PQFM_XObs_entangled_trainable_rzz_QLayers_5___seed_1_1761468207
7139328,2-Training-Stats/SPS,70.0,Pong1PQFM_XObs_entangled_trainable_rzz_QLayers_5___seed_1_1761468207
7143424,2-Training-Stats/SPS,70.0,Pong1PQFM_XObs_entangled_trainable_rzz_QLayers_5___seed_1_1761468207
7147520,2-Training-Stats/SPS,70.0,Pong1PQFM_XObs_entangled_trainable_rzz_QLayers_5___seed_1_1761468207
7151616,2-Training-Stats/SPS,70.0,Pong1PQFM_XObs_entangled_trainable_rzz_QLayers_5___seed_1_1761468207
7155712,2-Training-Stats/SPS,70.0,Pong1PQFM_XObs_entangled_trainable_rzz_QLayers_5___seed_1_1761468207
7159808,2-Training-Stats/SPS,70.0,Pong1PQFM_XObs_entangled_trainable_rzz_QLayers_5___seed_1_1761468207
7163904,2-Training-Stats/SPS,70.0,Pong1PQFM_XObs_entangled_trainable_rzz_QLayers_5___seed_1_1761468207
7168000,2-Training-Stats/SPS,70.0,Pong1PQFM_XObs_entangled_trainable_rzz_QLayers_5___seed_1_1761468207
7172096,2-Training-Stats/SPS,70.0,Pong1PQFM_XObs_entangled_trainable_rzz_QLayers_5___seed_1_1761468207
7176192,2-Training-Stats/SPS,70.0,Pong1PQFM_XObs_entangled_trainable_rzz_QLayers_5___seed_1_1761468207
7180288,2-Training-Stats/SPS,70.0,Pong1PQFM_XObs_entangled_trainable_rzz_QLayers_5___seed_1_1761468207
7184384,2-Training-Stats/SPS,70.0,Pong1PQFM_XObs_entangled_trainable_rzz_QLayers_5___seed_1_1761468207
7188480,2-Training-Stats/SPS,70.0,Pong1PQFM_XObs_entangled_trainable_rzz_QLayers_5___seed_1_1761468207
7192576,2-Training-Stats/SPS,70.0,Pong1PQFM_XObs_entangled_trainable_rzz_QLayers_5___seed_1_1761468207
7196672,2-Training-Stats/SPS,70.0,Pong1PQFM_XObs_entangled_trainable_rzz_QLayers_5___seed_1_1761468207
7200768,2-Training-Stats/SPS,70.0,Pong1PQFM_XObs_entangled_trainable_rzz_QLayers_5___seed_1_1761468207
7204864,2-Training-Stats/SPS,70.0,Pong1PQFM_XObs_entangled_trainable_rzz_QLayers_5___seed_1_1761468207
7208960,2-Training-Stats/SPS,70.0,Pong1PQFM_XObs_entangled_trainable_rzz_QLayers_5___seed_1_1761468207
7213056,2-Training-Stats/SPS,70.0,Pong1PQFM_XObs_entangled_trainable_rzz_QLayers_5___seed_1_1761468207
7217152,2-Training-Stats/SPS,70.0,Pong1PQFM_XObs_entangled_trainable_rzz_QLayers_5___seed_1_1761468207
7221248,2-Training-Stats/SPS,70.0,Pong1PQFM_XObs_entangled_trainable_rzz_QLayers_5___seed_1_1761468207
7225344,2-Training-Stats/SPS,70.0,Pong1PQFM_XObs_entangled_trainable_rzz_QLayers_5___seed_1_1761468207
7229440,2-Training-Stats/SPS,70.0,Pong1PQFM_XObs_entangled_trainable_rzz_QLayers_5___seed_1_1761468207
7233536,2-Training-Stats/SPS,70.0,Pong1PQFM_XObs_entangled_trainable_rzz_QLayers_5___seed_1_1761468207
7237632,2-Training-Stats/SPS,70.0,Pong1PQFM_XObs_entangled_trainable_rzz_QLayers_5___seed_1_1761468207
7241728,2-Training-Stats/SPS,70.0,Pong1PQFM_XObs_entangled_trainable_rzz_QLayers_5___seed_1_1761468207
7245824,2-Training-Stats/SPS,70.0,Pong1PQFM_XObs_entangled_trainable_rzz_QLayers_5___seed_1_1761468207
7249920,2-Training-Stats/SPS,70.0,Pong1PQFM_XObs_entangled_trainable_rzz_QLayers_5___seed_1_1761468207
7254016,2-Training-Stats/SPS,70.0,Pong1PQFM_XObs_entangled_trainable_rzz_QLayers_5___seed_1_1761468207
7258112,2-Training-Stats/SPS,70.0,Pong1PQFM_XObs_entangled_trainable_rzz_QLayers_5___seed_1_1761468207
7262208,2-Training-Stats/SPS,70.0,Pong1PQFM_XObs_entangled_trainable_rzz_QLayers_5___seed_1_1761468207
7266304,2-Training-Stats/SPS,70.0,Pong1PQFM_XObs_entangled_trainable_rzz_QLayers_5___seed_1_1761468207
7270400,2-Training-Stats/SPS,70.0,Pong1PQFM_XObs_entangled_trainable_rzz_QLayers_5___seed_1_1761468207
7274496,2-Training-Stats/SPS,70.0,Pong1PQFM_XObs_entangled_trainable_rzz_QLayers_5___seed_1_1761468207
7278592,2-Training-Stats/SPS,70.0,Pong1PQFM_XObs_entangled_trainable_rzz_QLayers_5___seed_1_1761468207
7282688,2-Training-Stats/SPS,70.0,Pong1PQFM_XObs_entangled_trainable_rzz_QLayers_5___seed_1_1761468207
7286784,2-Training-Stats/SPS,70.0,Pong1PQFM_XObs_entangled_trainable_rzz_QLayers_5___seed_1_1761468207
7290880,2-Training-Stats/SPS,70.0,Pong1PQFM_XObs_entangled_trainable_rzz_QLayers_5___seed_1_1761468207
7294976,2-Training-Stats/SPS,70.0,Pong1PQFM_XObs_entangled_trainable_rzz_QLayers_5___seed_1_1761468207
7299072,2-Training-Stats/SPS,70.0,Pong1PQFM_XObs_entangled_trainable_rzz_QLayers_5___seed_1_1761468207
7303168,2-Training-Stats/SPS,70.0,Pong1PQFM_XObs_entangled_trainable_rzz_QLayers_5___seed_1_1761468207
7307264,2-Training-Stats/SPS,70.0,Pong1PQFM_XObs_entangled_trainable_rzz_QLayers_5___seed_1_1761468207
7311360,2-Training-Stats/SPS,70.0,Pong1PQFM_XObs_entangled_trainable_rzz_QLayers_5___seed_1_1761468207
7315456,2-Training-Stats/SPS,70.0,Pong1PQFM_XObs_entangled_trainable_rzz_QLayers_5___seed_1_1761468207
7319552,2-Training-Stats/SPS,70.0,Pong1PQFM_XObs_entangled_trainable_rzz_QLayers_5___seed_1_1761468207
7323648,2-Training-Stats/SPS,70.0,Pong1PQFM_XObs_entangled_trainable_rzz_QLayers_5___seed_1_1761468207
7327744,2-Training-Stats/SPS,70.0,Pong1PQFM_XObs_entangled_trainable_rzz_QLayers_5___seed_1_1761468207
7331840,2-Training-Stats/SPS,70.0,Pong1PQFM_XObs_entangled_trainable_rzz_QLayers_5___seed_1_1761468207
7335936,2-Training-Stats/SPS,70.0,Pong1PQFM_XObs_entangled_trainable_rzz_QLayers_5___seed_1_1761468207
7340032,2-Training-Stats/SPS,70.0,Pong1PQFM_XObs_entangled_trainable_rzz_QLayers_5___seed_1_1761468207
7344128,2-Training-Stats/SPS,70.0,Pong1PQFM_XObs_entangled_trainable_rzz_QLayers_5___seed_1_1761468207
7348224,2-Training-Stats/SPS,70.0,Pong1PQFM_XObs_entangled_trainable_rzz_QLayers_5___seed_1_1761468207
7352320,2-Training-Stats/SPS,70.0,Pong1PQFM_XObs_entangled_trainable_rzz_QLayers_5___seed_1_1761468207
7356416,2-Training-Stats/SPS,70.0,Pong1PQFM_XObs_entangled_trainable_rzz_QLayers_5___seed_1_1761468207
7360512,2-Training-Stats/SPS,70.0,Pong1PQFM_XObs_entangled_trainable_rzz_QLayers_5___seed_1_1761468207
7364608,2-Training-Stats/SPS,70.0,Pong1PQFM_XObs_entangled_trainable_rzz_QLayers_5___seed_1_1761468207
7368704,2-Training-Stats/SPS,70.0,Pong1PQFM_XObs_entangled_trainable_rzz_QLayers_5___seed_1_1761468207
7372800,2-Training-Stats/SPS,70.0,Pong1PQFM_XObs_entangled_trainable_rzz_QLayers_5___seed_1_1761468207
7376896,2-Training-Stats/SPS,70.0,Pong1PQFM_XObs_entangled_trainable_rzz_QLayers_5___seed_1_1761468207
7380992,2-Training-Stats/SPS,70.0,Pong1PQFM_XObs_entangled_trainable_rzz_QLayers_5___seed_1_1761468207
7385088,2-Training-Stats/SPS,70.0,Pong1PQFM_XObs_entangled_trainable_rzz_QLayers_5___seed_1_1761468207
7389184,2-Training-Stats/SPS,70.0,Pong1PQFM_XObs_entangled_trainable_rzz_QLayers_5___seed_1_1761468207
7393280,2-Training-Stats/SPS,70.0,Pong1PQFM_XObs_entangled_trainable_rzz_QLayers_5___seed_1_1761468207
7397376,2-Training-Stats/SPS,70.0,Pong1PQFM_XObs_entangled_trainable_rzz_QLayers_5___seed_1_1761468207
7401472,2-Training-Stats/SPS,70.0,Pong1PQFM_XObs_entangled_trainable_rzz_QLayers_5___seed_1_1761468207
7405568,2-Training-Stats/SPS,70.0,Pong1PQFM_XObs_entangled_trainable_rzz_QLayers_5___seed_1_1761468207
7409664,2-Training-Stats/SPS,70.0,Pong1PQFM_XObs_entangled_trainable_rzz_QLayers_5___seed_1_1761468207
7413760,2-Training-Stats/SPS,70.0,Pong1PQFM_XObs_entangled_trainable_rzz_QLayers_5___seed_1_1761468207
7417856,2-Training-Stats/SPS,70.0,Pong1PQFM_XObs_entangled_trainable_rzz_QLayers_5___seed_1_1761468207
7421952,2-Training-Stats/SPS,70.0,Pong1PQFM_XObs_entangled_trainable_rzz_QLayers_5___seed_1_1761468207
7426048,2-Training-Stats/SPS,70.0,Pong1PQFM_XObs_entangled_trainable_rzz_QLayers_5___seed_1_1761468207
7430144,2-Training-Stats/SPS,70.0,Pong1PQFM_XObs_entangled_trainable_rzz_QLayers_5___seed_1_1761468207
7434240,2-Training-Stats/SPS,70.0,Pong1PQFM_XObs_entangled_trainable_rzz_QLayers_5___seed_1_1761468207
7438336,2-Training-Stats/SPS,70.0,Pong1PQFM_XObs_entangled_trainable_rzz_QLayers_5___seed_1_1761468207
7442432,2-Training-Stats/SPS,70.0,Pong1PQFM_XObs_entangled_trainable_rzz_QLayers_5___seed_1_1761468207
7446528,2-Training-Stats/SPS,70.0,Pong1PQFM_XObs_entangled_trainable_rzz_QLayers_5___seed_1_1761468207
7450624,2-Training-Stats/SPS,70.0,Pong1PQFM_XObs_entangled_trainable_rzz_QLayers_5___seed_1_1761468207
7454720,2-Training-Stats/SPS,70.0,Pong1PQFM_XObs_entangled_trainable_rzz_QLayers_5___seed_1_1761468207
7458816,2-Training-Stats/SPS,70.0,Pong1PQFM_XObs_entangled_trainable_rzz_QLayers_5___seed_1_1761468207
7462912,2-Training-Stats/SPS,70.0,Pong1PQFM_XObs_entangled_trainable_rzz_QLayers_5___seed_1_1761468207
7467008,2-Training-Stats/SPS,70.0,Pong1PQFM_XObs_entangled_trainable_rzz_QLayers_5___seed_1_1761468207
7471104,2-Training-Stats/SPS,70.0,Pong1PQFM_XObs_entangled_trainable_rzz_QLayers_5___seed_1_1761468207
7475200,2-Training-Stats/SPS,70.0,Pong1PQFM_XObs_entangled_trainable_rzz_QLayers_5___seed_1_1761468207
7479296,2-Training-Stats/SPS,70.0,Pong1PQFM_XObs_entangled_trainable_rzz_QLayers_5___seed_1_1761468207
7483392,2-Training-Stats/SPS,70.0,Pong1PQFM_XObs_entangled_trainable_rzz_QLayers_5___seed_1_1761468207
7487488,2-Training-Stats/SPS,70.0,Pong1PQFM_XObs_entangled_trainable_rzz_QLayers_5___seed_1_1761468207
7491584,2-Training-Stats/SPS,70.0,Pong1PQFM_XObs_entangled_trainable_rzz_QLayers_5___seed_1_1761468207
7495680,2-Training-Stats/SPS,70.0,Pong1PQFM_XObs_entangled_trainable_rzz_QLayers_5___seed_1_1761468207
7499776,2-Training-Stats/SPS,70.0,Pong1PQFM_XObs_entangled_trainable_rzz_QLayers_5___seed_1_1761468207
7503872,2-Training-Stats/SPS,70.0,Pong1PQFM_XObs_entangled_trainable_rzz_QLayers_5___seed_1_1761468207
7507968,2-Training-Stats/SPS,70.0,Pong1PQFM_XObs_entangled_trainable_rzz_QLayers_5___seed_1_1761468207
7512064,2-Training-Stats/SPS,70.0,Pong1PQFM_XObs_entangled_trainable_rzz_QLayers_5___seed_1_1761468207
7516160,2-Training-Stats/SPS,70.0,Pong1PQFM_XObs_entangled_trainable_rzz_QLayers_5___seed_1_1761468207
7520256,2-Training-Stats/SPS,70.0,Pong1PQFM_XObs_entangled_trainable_rzz_QLayers_5___seed_1_1761468207
7524352,2-Training-Stats/SPS,70.0,Pong1PQFM_XObs_entangled_trainable_rzz_QLayers_5___seed_1_1761468207
7528448,2-Training-Stats/SPS,70.0,Pong1PQFM_XObs_entangled_trainable_rzz_QLayers_5___seed_1_1761468207
7532544,2-Training-Stats/SPS,70.0,Pong1PQFM_XObs_entangled_trainable_rzz_QLayers_5___seed_1_1761468207
7536640,2-Training-Stats/SPS,70.0,Pong1PQFM_XObs_entangled_trainable_rzz_QLayers_5___seed_1_1761468207
7540736,2-Training-Stats/SPS,70.0,Pong1PQFM_XObs_entangled_trainable_rzz_QLayers_5___seed_1_1761468207
7544832,2-Training-Stats/SPS,70.0,Pong1PQFM_XObs_entangled_trainable_rzz_QLayers_5___seed_1_1761468207
7548928,2-Training-Stats/SPS,70.0,Pong1PQFM_XObs_entangled_trainable_rzz_QLayers_5___seed_1_1761468207
7553024,2-Training-Stats/SPS,70.0,Pong1PQFM_XObs_entangled_trainable_rzz_QLayers_5___seed_1_1761468207
7557120,2-Training-Stats/SPS,70.0,Pong1PQFM_XObs_entangled_trainable_rzz_QLayers_5___seed_1_1761468207
7561216,2-Training-Stats/SPS,70.0,Pong1PQFM_XObs_entangled_trainable_rzz_QLayers_5___seed_1_1761468207
7565312,2-Training-Stats/SPS,70.0,Pong1PQFM_XObs_entangled_trainable_rzz_QLayers_5___seed_1_1761468207
7569408,2-Training-Stats/SPS,70.0,Pong1PQFM_XObs_entangled_trainable_rzz_QLayers_5___seed_1_1761468207
7573504,2-Training-Stats/SPS,70.0,Pong1PQFM_XObs_entangled_trainable_rzz_QLayers_5___seed_1_1761468207
7577600,2-Training-Stats/SPS,70.0,Pong1PQFM_XObs_entangled_trainable_rzz_QLayers_5___seed_1_1761468207
7581696,2-Training-Stats/SPS,70.0,Pong1PQFM_XObs_entangled_trainable_rzz_QLayers_5___seed_1_1761468207
7585792,2-Training-Stats/SPS,70.0,Pong1PQFM_XObs_entangled_trainable_rzz_QLayers_5___seed_1_1761468207
7589888,2-Training-Stats/SPS,70.0,Pong1PQFM_XObs_entangled_trainable_rzz_QLayers_5___seed_1_1761468207
7593984,2-Training-Stats/SPS,70.0,Pong1PQFM_XObs_entangled_trainable_rzz_QLayers_5___seed_1_1761468207
7598080,2-Training-Stats/SPS,70.0,Pong1PQFM_XObs_entangled_trainable_rzz_QLayers_5___seed_1_1761468207
7602176,2-Training-Stats/SPS,70.0,Pong1PQFM_XObs_entangled_trainable_rzz_QLayers_5___seed_1_1761468207
7606272,2-Training-Stats/SPS,70.0,Pong1PQFM_XObs_entangled_trainable_rzz_QLayers_5___seed_1_1761468207
7610368,2-Training-Stats/SPS,70.0,Pong1PQFM_XObs_entangled_trainable_rzz_QLayers_5___seed_1_1761468207
7614464,2-Training-Stats/SPS,70.0,Pong1PQFM_XObs_entangled_trainable_rzz_QLayers_5___seed_1_1761468207
7618560,2-Training-Stats/SPS,70.0,Pong1PQFM_XObs_entangled_trainable_rzz_QLayers_5___seed_1_1761468207
7622656,2-Training-Stats/SPS,70.0,Pong1PQFM_XObs_entangled_trainable_rzz_QLayers_5___seed_1_1761468207
7626752,2-Training-Stats/SPS,70.0,Pong1PQFM_XObs_entangled_trainable_rzz_QLayers_5___seed_1_1761468207
7630848,2-Training-Stats/SPS,70.0,Pong1PQFM_XObs_entangled_trainable_rzz_QLayers_5___seed_1_1761468207
7634944,2-Training-Stats/SPS,70.0,Pong1PQFM_XObs_entangled_trainable_rzz_QLayers_5___seed_1_1761468207
7639040,2-Training-Stats/SPS,70.0,Pong1PQFM_XObs_entangled_trainable_rzz_QLayers_5___seed_1_1761468207
7643136,2-Training-Stats/SPS,70.0,Pong1PQFM_XObs_entangled_trainable_rzz_QLayers_5___seed_1_1761468207
7647232,2-Training-Stats/SPS,70.0,Pong1PQFM_XObs_entangled_trainable_rzz_QLayers_5___seed_1_1761468207
7651328,2-Training-Stats/SPS,70.0,Pong1PQFM_XObs_entangled_trainable_rzz_QLayers_5___seed_1_1761468207
7655424,2-Training-Stats/SPS,70.0,Pong1PQFM_XObs_entangled_trainable_rzz_QLayers_5___seed_1_1761468207
7659520,2-Training-Stats/SPS,70.0,Pong1PQFM_XObs_entangled_trainable_rzz_QLayers_5___seed_1_1761468207
7663616,2-Training-Stats/SPS,70.0,Pong1PQFM_XObs_entangled_trainable_rzz_QLayers_5___seed_1_1761468207
7667712,2-Training-Stats/SPS,70.0,Pong1PQFM_XObs_entangled_trainable_rzz_QLayers_5___seed_1_1761468207
7671808,2-Training-Stats/SPS,70.0,Pong1PQFM_XObs_entangled_trainable_rzz_QLayers_5___seed_1_1761468207
7675904,2-Training-Stats/SPS,70.0,Pong1PQFM_XObs_entangled_trainable_rzz_QLayers_5___seed_1_1761468207
7680000,2-Training-Stats/SPS,70.0,Pong1PQFM_XObs_entangled_trainable_rzz_QLayers_5___seed_1_1761468207
7684096,2-Training-Stats/SPS,70.0,Pong1PQFM_XObs_entangled_trainable_rzz_QLayers_5___seed_1_1761468207
7688192,2-Training-Stats/SPS,70.0,Pong1PQFM_XObs_entangled_trainable_rzz_QLayers_5___seed_1_1761468207
7692288,2-Training-Stats/SPS,70.0,Pong1PQFM_XObs_entangled_trainable_rzz_QLayers_5___seed_1_1761468207
7696384,2-Training-Stats/SPS,70.0,Pong1PQFM_XObs_entangled_trainable_rzz_QLayers_5___seed_1_1761468207
7700480,2-Training-Stats/SPS,70.0,Pong1PQFM_XObs_entangled_trainable_rzz_QLayers_5___seed_1_1761468207
7704576,2-Training-Stats/SPS,70.0,Pong1PQFM_XObs_entangled_trainable_rzz_QLayers_5___seed_1_1761468207
7708672,2-Training-Stats/SPS,70.0,Pong1PQFM_XObs_entangled_trainable_rzz_QLayers_5___seed_1_1761468207
7712768,2-Training-Stats/SPS,70.0,Pong1PQFM_XObs_entangled_trainable_rzz_QLayers_5___seed_1_1761468207
7716864,2-Training-Stats/SPS,70.0,Pong1PQFM_XObs_entangled_trainable_rzz_QLayers_5___seed_1_1761468207
7720960,2-Training-Stats/SPS,70.0,Pong1PQFM_XObs_entangled_trainable_rzz_QLayers_5___seed_1_1761468207
7725056,2-Training-Stats/SPS,70.0,Pong1PQFM_XObs_entangled_trainable_rzz_QLayers_5___seed_1_1761468207
7729152,2-Training-Stats/SPS,70.0,Pong1PQFM_XObs_entangled_trainable_rzz_QLayers_5___seed_1_1761468207
7733248,2-Training-Stats/SPS,70.0,Pong1PQFM_XObs_entangled_trainable_rzz_QLayers_5___seed_1_1761468207
7737344,2-Training-Stats/SPS,70.0,Pong1PQFM_XObs_entangled_trainable_rzz_QLayers_5___seed_1_1761468207
7741440,2-Training-Stats/SPS,70.0,Pong1PQFM_XObs_entangled_trainable_rzz_QLayers_5___seed_1_1761468207
7745536,2-Training-Stats/SPS,70.0,Pong1PQFM_XObs_entangled_trainable_rzz_QLayers_5___seed_1_1761468207
7749632,2-Training-Stats/SPS,70.0,Pong1PQFM_XObs_entangled_trainable_rzz_QLayers_5___seed_1_1761468207
7753728,2-Training-Stats/SPS,70.0,Pong1PQFM_XObs_entangled_trainable_rzz_QLayers_5___seed_1_1761468207
7757824,2-Training-Stats/SPS,70.0,Pong1PQFM_XObs_entangled_trainable_rzz_QLayers_5___seed_1_1761468207
7761920,2-Training-Stats/SPS,70.0,Pong1PQFM_XObs_entangled_trainable_rzz_QLayers_5___seed_1_1761468207
7766016,2-Training-Stats/SPS,70.0,Pong1PQFM_XObs_entangled_trainable_rzz_QLayers_5___seed_1_1761468207
7770112,2-Training-Stats/SPS,70.0,Pong1PQFM_XObs_entangled_trainable_rzz_QLayers_5___seed_1_1761468207
7774208,2-Training-Stats/SPS,70.0,Pong1PQFM_XObs_entangled_trainable_rzz_QLayers_5___seed_1_1761468207
7778304,2-Training-Stats/SPS,70.0,Pong1PQFM_XObs_entangled_trainable_rzz_QLayers_5___seed_1_1761468207
7782400,2-Training-Stats/SPS,70.0,Pong1PQFM_XObs_entangled_trainable_rzz_QLayers_5___seed_1_1761468207
7786496,2-Training-Stats/SPS,70.0,Pong1PQFM_XObs_entangled_trainable_rzz_QLayers_5___seed_1_1761468207
7790592,2-Training-Stats/SPS,70.0,Pong1PQFM_XObs_entangled_trainable_rzz_QLayers_5___seed_1_1761468207
7794688,2-Training-Stats/SPS,70.0,Pong1PQFM_XObs_entangled_trainable_rzz_QLayers_5___seed_1_1761468207
7798784,2-Training-Stats/SPS,70.0,Pong1PQFM_XObs_entangled_trainable_rzz_QLayers_5___seed_1_1761468207
7802880,2-Training-Stats/SPS,70.0,Pong1PQFM_XObs_entangled_trainable_rzz_QLayers_5___seed_1_1761468207
7806976,2-Training-Stats/SPS,70.0,Pong1PQFM_XObs_entangled_trainable_rzz_QLayers_5___seed_1_1761468207
7811072,2-Training-Stats/SPS,70.0,Pong1PQFM_XObs_entangled_trainable_rzz_QLayers_5___seed_1_1761468207
7815168,2-Training-Stats/SPS,70.0,Pong1PQFM_XObs_entangled_trainable_rzz_QLayers_5___seed_1_1761468207
7819264,2-Training-Stats/SPS,70.0,Pong1PQFM_XObs_entangled_trainable_rzz_QLayers_5___seed_1_1761468207
7823360,2-Training-Stats/SPS,70.0,Pong1PQFM_XObs_entangled_trainable_rzz_QLayers_5___seed_1_1761468207
7827456,2-Training-Stats/SPS,70.0,Pong1PQFM_XObs_entangled_trainable_rzz_QLayers_5___seed_1_1761468207
7831552,2-Training-Stats/SPS,70.0,Pong1PQFM_XObs_entangled_trainable_rzz_QLayers_5___seed_1_1761468207
7835648,2-Training-Stats/SPS,70.0,Pong1PQFM_XObs_entangled_trainable_rzz_QLayers_5___seed_1_1761468207
7839744,2-Training-Stats/SPS,70.0,Pong1PQFM_XObs_entangled_trainable_rzz_QLayers_5___seed_1_1761468207
7843840,2-Training-Stats/SPS,70.0,Pong1PQFM_XObs_entangled_trainable_rzz_QLayers_5___seed_1_1761468207
7847936,2-Training-Stats/SPS,70.0,Pong1PQFM_XObs_entangled_trainable_rzz_QLayers_5___seed_1_1761468207
7852032,2-Training-Stats/SPS,70.0,Pong1PQFM_XObs_entangled_trainable_rzz_QLayers_5___seed_1_1761468207
7856128,2-Training-Stats/SPS,70.0,Pong1PQFM_XObs_entangled_trainable_rzz_QLayers_5___seed_1_1761468207
7860224,2-Training-Stats/SPS,70.0,Pong1PQFM_XObs_entangled_trainable_rzz_QLayers_5___seed_1_1761468207
7864320,2-Training-Stats/SPS,70.0,Pong1PQFM_XObs_entangled_trainable_rzz_QLayers_5___seed_1_1761468207
7868416,2-Training-Stats/SPS,70.0,Pong1PQFM_XObs_entangled_trainable_rzz_QLayers_5___seed_1_1761468207
7872512,2-Training-Stats/SPS,70.0,Pong1PQFM_XObs_entangled_trainable_rzz_QLayers_5___seed_1_1761468207
7876608,2-Training-Stats/SPS,70.0,Pong1PQFM_XObs_entangled_trainable_rzz_QLayers_5___seed_1_1761468207
7880704,2-Training-Stats/SPS,70.0,Pong1PQFM_XObs_entangled_trainable_rzz_QLayers_5___seed_1_1761468207
7884800,2-Training-Stats/SPS,70.0,Pong1PQFM_XObs_entangled_trainable_rzz_QLayers_5___seed_1_1761468207
7888896,2-Training-Stats/SPS,70.0,Pong1PQFM_XObs_entangled_trainable_rzz_QLayers_5___seed_1_1761468207
7892992,2-Training-Stats/SPS,70.0,Pong1PQFM_XObs_entangled_trainable_rzz_QLayers_5___seed_1_1761468207
7897088,2-Training-Stats/SPS,70.0,Pong1PQFM_XObs_entangled_trainable_rzz_QLayers_5___seed_1_1761468207
7901184,2-Training-Stats/SPS,70.0,Pong1PQFM_XObs_entangled_trainable_rzz_QLayers_5___seed_1_1761468207
7905280,2-Training-Stats/SPS,70.0,Pong1PQFM_XObs_entangled_trainable_rzz_QLayers_5___seed_1_1761468207
7909376,2-Training-Stats/SPS,70.0,Pong1PQFM_XObs_entangled_trainable_rzz_QLayers_5___seed_1_1761468207
7913472,2-Training-Stats/SPS,70.0,Pong1PQFM_XObs_entangled_trainable_rzz_QLayers_5___seed_1_1761468207
7917568,2-Training-Stats/SPS,70.0,Pong1PQFM_XObs_entangled_trainable_rzz_QLayers_5___seed_1_1761468207
7921664,2-Training-Stats/SPS,70.0,Pong1PQFM_XObs_entangled_trainable_rzz_QLayers_5___seed_1_1761468207
7925760,2-Training-Stats/SPS,70.0,Pong1PQFM_XObs_entangled_trainable_rzz_QLayers_5___seed_1_1761468207
7929856,2-Training-Stats/SPS,70.0,Pong1PQFM_XObs_entangled_trainable_rzz_QLayers_5___seed_1_1761468207
7933952,2-Training-Stats/SPS,70.0,Pong1PQFM_XObs_entangled_trainable_rzz_QLayers_5___seed_1_1761468207
7938048,2-Training-Stats/SPS,70.0,Pong1PQFM_XObs_entangled_trainable_rzz_QLayers_5___seed_1_1761468207
7942144,2-Training-Stats/SPS,70.0,Pong1PQFM_XObs_entangled_trainable_rzz_QLayers_5___seed_1_1761468207
7946240,2-Training-Stats/SPS,70.0,Pong1PQFM_XObs_entangled_trainable_rzz_QLayers_5___seed_1_1761468207
7950336,2-Training-Stats/SPS,70.0,Pong1PQFM_XObs_entangled_trainable_rzz_QLayers_5___seed_1_1761468207
7954432,2-Training-Stats/SPS,70.0,Pong1PQFM_XObs_entangled_trainable_rzz_QLayers_5___seed_1_1761468207
7958528,2-Training-Stats/SPS,70.0,Pong1PQFM_XObs_entangled_trainable_rzz_QLayers_5___seed_1_1761468207
7962624,2-Training-Stats/SPS,70.0,Pong1PQFM_XObs_entangled_trainable_rzz_QLayers_5___seed_1_1761468207
7966720,2-Training-Stats/SPS,70.0,Pong1PQFM_XObs_entangled_trainable_rzz_QLayers_5___seed_1_1761468207
7970816,2-Training-Stats/SPS,70.0,Pong1PQFM_XObs_entangled_trainable_rzz_QLayers_5___seed_1_1761468207
7974912,2-Training-Stats/SPS,70.0,Pong1PQFM_XObs_entangled_trainable_rzz_QLayers_5___seed_1_1761468207
7979008,2-Training-Stats/SPS,70.0,Pong1PQFM_XObs_entangled_trainable_rzz_QLayers_5___seed_1_1761468207
7983104,2-Training-Stats/SPS,70.0,Pong1PQFM_XObs_entangled_trainable_rzz_QLayers_5___seed_1_1761468207
7987200,2-Training-Stats/SPS,70.0,Pong1PQFM_XObs_entangled_trainable_rzz_QLayers_5___seed_1_1761468207
7991296,2-Training-Stats/SPS,70.0,Pong1PQFM_XObs_entangled_trainable_rzz_QLayers_5___seed_1_1761468207
7995392,2-Training-Stats/SPS,70.0,Pong1PQFM_XObs_entangled_trainable_rzz_QLayers_5___seed_1_1761468207
7999488,2-Training-Stats/SPS,70.0,Pong1PQFM_XObs_entangled_trainable_rzz_QLayers_5___seed_1_1761468207
8003584,2-Training-Stats/SPS,70.0,Pong1PQFM_XObs_entangled_trainable_rzz_QLayers_5___seed_1_1761468207
8007680,2-Training-Stats/SPS,70.0,Pong1PQFM_XObs_entangled_trainable_rzz_QLayers_5___seed_1_1761468207
8011776,2-Training-Stats/SPS,70.0,Pong1PQFM_XObs_entangled_trainable_rzz_QLayers_5___seed_1_1761468207
8015872,2-Training-Stats/SPS,70.0,Pong1PQFM_XObs_entangled_trainable_rzz_QLayers_5___seed_1_1761468207
8019968,2-Training-Stats/SPS,70.0,Pong1PQFM_XObs_entangled_trainable_rzz_QLayers_5___seed_1_1761468207
8024064,2-Training-Stats/SPS,70.0,Pong1PQFM_XObs_entangled_trainable_rzz_QLayers_5___seed_1_1761468207
8028160,2-Training-Stats/SPS,70.0,Pong1PQFM_XObs_entangled_trainable_rzz_QLayers_5___seed_1_1761468207
8032256,2-Training-Stats/SPS,70.0,Pong1PQFM_XObs_entangled_trainable_rzz_QLayers_5___seed_1_1761468207
8036352,2-Training-Stats/SPS,70.0,Pong1PQFM_XObs_entangled_trainable_rzz_QLayers_5___seed_1_1761468207
8040448,2-Training-Stats/SPS,70.0,Pong1PQFM_XObs_entangled_trainable_rzz_QLayers_5___seed_1_1761468207
8044544,2-Training-Stats/SPS,70.0,Pong1PQFM_XObs_entangled_trainable_rzz_QLayers_5___seed_1_1761468207
8048640,2-Training-Stats/SPS,70.0,Pong1PQFM_XObs_entangled_trainable_rzz_QLayers_5___seed_1_1761468207
8052736,2-Training-Stats/SPS,70.0,Pong1PQFM_XObs_entangled_trainable_rzz_QLayers_5___seed_1_1761468207
8056832,2-Training-Stats/SPS,70.0,Pong1PQFM_XObs_entangled_trainable_rzz_QLayers_5___seed_1_1761468207
8060928,2-Training-Stats/SPS,70.0,Pong1PQFM_XObs_entangled_trainable_rzz_QLayers_5___seed_1_1761468207
8065024,2-Training-Stats/SPS,70.0,Pong1PQFM_XObs_entangled_trainable_rzz_QLayers_5___seed_1_1761468207
8069120,2-Training-Stats/SPS,70.0,Pong1PQFM_XObs_entangled_trainable_rzz_QLayers_5___seed_1_1761468207
8073216,2-Training-Stats/SPS,70.0,Pong1PQFM_XObs_entangled_trainable_rzz_QLayers_5___seed_1_1761468207
8077312,2-Training-Stats/SPS,70.0,Pong1PQFM_XObs_entangled_trainable_rzz_QLayers_5___seed_1_1761468207
8081408,2-Training-Stats/SPS,70.0,Pong1PQFM_XObs_entangled_trainable_rzz_QLayers_5___seed_1_1761468207
8085504,2-Training-Stats/SPS,70.0,Pong1PQFM_XObs_entangled_trainable_rzz_QLayers_5___seed_1_1761468207
8089600,2-Training-Stats/SPS,70.0,Pong1PQFM_XObs_entangled_trainable_rzz_QLayers_5___seed_1_1761468207
8093696,2-Training-Stats/SPS,70.0,Pong1PQFM_XObs_entangled_trainable_rzz_QLayers_5___seed_1_1761468207
8097792,2-Training-Stats/SPS,70.0,Pong1PQFM_XObs_entangled_trainable_rzz_QLayers_5___seed_1_1761468207
8101888,2-Training-Stats/SPS,70.0,Pong1PQFM_XObs_entangled_trainable_rzz_QLayers_5___seed_1_1761468207
8105984,2-Training-Stats/SPS,70.0,Pong1PQFM_XObs_entangled_trainable_rzz_QLayers_5___seed_1_1761468207
8110080,2-Training-Stats/SPS,70.0,Pong1PQFM_XObs_entangled_trainable_rzz_QLayers_5___seed_1_1761468207
8114176,2-Training-Stats/SPS,70.0,Pong1PQFM_XObs_entangled_trainable_rzz_QLayers_5___seed_1_1761468207
8118272,2-Training-Stats/SPS,70.0,Pong1PQFM_XObs_entangled_trainable_rzz_QLayers_5___seed_1_1761468207
8122368,2-Training-Stats/SPS,70.0,Pong1PQFM_XObs_entangled_trainable_rzz_QLayers_5___seed_1_1761468207
8126464,2-Training-Stats/SPS,70.0,Pong1PQFM_XObs_entangled_trainable_rzz_QLayers_5___seed_1_1761468207
8130560,2-Training-Stats/SPS,70.0,Pong1PQFM_XObs_entangled_trainable_rzz_QLayers_5___seed_1_1761468207
8134656,2-Training-Stats/SPS,70.0,Pong1PQFM_XObs_entangled_trainable_rzz_QLayers_5___seed_1_1761468207
8138752,2-Training-Stats/SPS,70.0,Pong1PQFM_XObs_entangled_trainable_rzz_QLayers_5___seed_1_1761468207
8142848,2-Training-Stats/SPS,70.0,Pong1PQFM_XObs_entangled_trainable_rzz_QLayers_5___seed_1_1761468207
8146944,2-Training-Stats/SPS,70.0,Pong1PQFM_XObs_entangled_trainable_rzz_QLayers_5___seed_1_1761468207
8151040,2-Training-Stats/SPS,70.0,Pong1PQFM_XObs_entangled_trainable_rzz_QLayers_5___seed_1_1761468207
8155136,2-Training-Stats/SPS,70.0,Pong1PQFM_XObs_entangled_trainable_rzz_QLayers_5___seed_1_1761468207
8159232,2-Training-Stats/SPS,70.0,Pong1PQFM_XObs_entangled_trainable_rzz_QLayers_5___seed_1_1761468207
8163328,2-Training-Stats/SPS,70.0,Pong1PQFM_XObs_entangled_trainable_rzz_QLayers_5___seed_1_1761468207
8167424,2-Training-Stats/SPS,70.0,Pong1PQFM_XObs_entangled_trainable_rzz_QLayers_5___seed_1_1761468207
8171520,2-Training-Stats/SPS,70.0,Pong1PQFM_XObs_entangled_trainable_rzz_QLayers_5___seed_1_1761468207
8175616,2-Training-Stats/SPS,70.0,Pong1PQFM_XObs_entangled_trainable_rzz_QLayers_5___seed_1_1761468207
8179712,2-Training-Stats/SPS,70.0,Pong1PQFM_XObs_entangled_trainable_rzz_QLayers_5___seed_1_1761468207
8183808,2-Training-Stats/SPS,70.0,Pong1PQFM_XObs_entangled_trainable_rzz_QLayers_5___seed_1_1761468207
8187904,2-Training-Stats/SPS,70.0,Pong1PQFM_XObs_entangled_trainable_rzz_QLayers_5___seed_1_1761468207
8192000,2-Training-Stats/SPS,70.0,Pong1PQFM_XObs_entangled_trainable_rzz_QLayers_5___seed_1_1761468207
8196096,2-Training-Stats/SPS,70.0,Pong1PQFM_XObs_entangled_trainable_rzz_QLayers_5___seed_1_1761468207
8200192,2-Training-Stats/SPS,70.0,Pong1PQFM_XObs_entangled_trainable_rzz_QLayers_5___seed_1_1761468207
8204288,2-Training-Stats/SPS,70.0,Pong1PQFM_XObs_entangled_trainable_rzz_QLayers_5___seed_1_1761468207
8208384,2-Training-Stats/SPS,70.0,Pong1PQFM_XObs_entangled_trainable_rzz_QLayers_5___seed_1_1761468207
8212480,2-Training-Stats/SPS,70.0,Pong1PQFM_XObs_entangled_trainable_rzz_QLayers_5___seed_1_1761468207
8216576,2-Training-Stats/SPS,70.0,Pong1PQFM_XObs_entangled_trainable_rzz_QLayers_5___seed_1_1761468207
8220672,2-Training-Stats/SPS,70.0,Pong1PQFM_XObs_entangled_trainable_rzz_QLayers_5___seed_1_1761468207
8224768,2-Training-Stats/SPS,70.0,Pong1PQFM_XObs_entangled_trainable_rzz_QLayers_5___seed_1_1761468207
8228864,2-Training-Stats/SPS,70.0,Pong1PQFM_XObs_entangled_trainable_rzz_QLayers_5___seed_1_1761468207
8232960,2-Training-Stats/SPS,70.0,Pong1PQFM_XObs_entangled_trainable_rzz_QLayers_5___seed_1_1761468207
8237056,2-Training-Stats/SPS,70.0,Pong1PQFM_XObs_entangled_trainable_rzz_QLayers_5___seed_1_1761468207
8241152,2-Training-Stats/SPS,70.0,Pong1PQFM_XObs_entangled_trainable_rzz_QLayers_5___seed_1_1761468207
8245248,2-Training-Stats/SPS,70.0,Pong1PQFM_XObs_entangled_trainable_rzz_QLayers_5___seed_1_1761468207
8249344,2-Training-Stats/SPS,70.0,Pong1PQFM_XObs_entangled_trainable_rzz_QLayers_5___seed_1_1761468207
8253440,2-Training-Stats/SPS,70.0,Pong1PQFM_XObs_entangled_trainable_rzz_QLayers_5___seed_1_1761468207
8257536,2-Training-Stats/SPS,70.0,Pong1PQFM_XObs_entangled_trainable_rzz_QLayers_5___seed_1_1761468207
8261632,2-Training-Stats/SPS,70.0,Pong1PQFM_XObs_entangled_trainable_rzz_QLayers_5___seed_1_1761468207
8265728,2-Training-Stats/SPS,70.0,Pong1PQFM_XObs_entangled_trainable_rzz_QLayers_5___seed_1_1761468207
8269824,2-Training-Stats/SPS,70.0,Pong1PQFM_XObs_entangled_trainable_rzz_QLayers_5___seed_1_1761468207
8273920,2-Training-Stats/SPS,70.0,Pong1PQFM_XObs_entangled_trainable_rzz_QLayers_5___seed_1_1761468207
8278016,2-Training-Stats/SPS,70.0,Pong1PQFM_XObs_entangled_trainable_rzz_QLayers_5___seed_1_1761468207
8282112,2-Training-Stats/SPS,70.0,Pong1PQFM_XObs_entangled_trainable_rzz_QLayers_5___seed_1_1761468207
8286208,2-Training-Stats/SPS,70.0,Pong1PQFM_XObs_entangled_trainable_rzz_QLayers_5___seed_1_1761468207
8290304,2-Training-Stats/SPS,70.0,Pong1PQFM_XObs_entangled_trainable_rzz_QLayers_5___seed_1_1761468207
8294400,2-Training-Stats/SPS,70.0,Pong1PQFM_XObs_entangled_trainable_rzz_QLayers_5___seed_1_1761468207
8298496,2-Training-Stats/SPS,70.0,Pong1PQFM_XObs_entangled_trainable_rzz_QLayers_5___seed_1_1761468207
8302592,2-Training-Stats/SPS,70.0,Pong1PQFM_XObs_entangled_trainable_rzz_QLayers_5___seed_1_1761468207
8306688,2-Training-Stats/SPS,70.0,Pong1PQFM_XObs_entangled_trainable_rzz_QLayers_5___seed_1_1761468207
8310784,2-Training-Stats/SPS,70.0,Pong1PQFM_XObs_entangled_trainable_rzz_QLayers_5___seed_1_1761468207
8314880,2-Training-Stats/SPS,70.0,Pong1PQFM_XObs_entangled_trainable_rzz_QLayers_5___seed_1_1761468207
8318976,2-Training-Stats/SPS,70.0,Pong1PQFM_XObs_entangled_trainable_rzz_QLayers_5___seed_1_1761468207
8323072,2-Training-Stats/SPS,70.0,Pong1PQFM_XObs_entangled_trainable_rzz_QLayers_5___seed_1_1761468207
8327168,2-Training-Stats/SPS,70.0,Pong1PQFM_XObs_entangled_trainable_rzz_QLayers_5___seed_1_1761468207
8331264,2-Training-Stats/SPS,70.0,Pong1PQFM_XObs_entangled_trainable_rzz_QLayers_5___seed_1_1761468207
8335360,2-Training-Stats/SPS,70.0,Pong1PQFM_XObs_entangled_trainable_rzz_QLayers_5___seed_1_1761468207
8339456,2-Training-Stats/SPS,70.0,Pong1PQFM_XObs_entangled_trainable_rzz_QLayers_5___seed_1_1761468207
8343552,2-Training-Stats/SPS,70.0,Pong1PQFM_XObs_entangled_trainable_rzz_QLayers_5___seed_1_1761468207
8347648,2-Training-Stats/SPS,70.0,Pong1PQFM_XObs_entangled_trainable_rzz_QLayers_5___seed_1_1761468207
8351744,2-Training-Stats/SPS,70.0,Pong1PQFM_XObs_entangled_trainable_rzz_QLayers_5___seed_1_1761468207
8355840,2-Training-Stats/SPS,70.0,Pong1PQFM_XObs_entangled_trainable_rzz_QLayers_5___seed_1_1761468207
8359936,2-Training-Stats/SPS,70.0,Pong1PQFM_XObs_entangled_trainable_rzz_QLayers_5___seed_1_1761468207
8364032,2-Training-Stats/SPS,70.0,Pong1PQFM_XObs_entangled_trainable_rzz_QLayers_5___seed_1_1761468207
8368128,2-Training-Stats/SPS,70.0,Pong1PQFM_XObs_entangled_trainable_rzz_QLayers_5___seed_1_1761468207
8372224,2-Training-Stats/SPS,70.0,Pong1PQFM_XObs_entangled_trainable_rzz_QLayers_5___seed_1_1761468207
8376320,2-Training-Stats/SPS,70.0,Pong1PQFM_XObs_entangled_trainable_rzz_QLayers_5___seed_1_1761468207
8380416,2-Training-Stats/SPS,70.0,Pong1PQFM_XObs_entangled_trainable_rzz_QLayers_5___seed_1_1761468207
8384512,2-Training-Stats/SPS,70.0,Pong1PQFM_XObs_entangled_trainable_rzz_QLayers_5___seed_1_1761468207
8388608,2-Training-Stats/SPS,70.0,Pong1PQFM_XObs_entangled_trainable_rzz_QLayers_5___seed_1_1761468207
8392704,2-Training-Stats/SPS,70.0,Pong1PQFM_XObs_entangled_trainable_rzz_QLayers_5___seed_1_1761468207
8396800,2-Training-Stats/SPS,70.0,Pong1PQFM_XObs_entangled_trainable_rzz_QLayers_5___seed_1_1761468207
8400896,2-Training-Stats/SPS,70.0,Pong1PQFM_XObs_entangled_trainable_rzz_QLayers_5___seed_1_1761468207
8404992,2-Training-Stats/SPS,70.0,Pong1PQFM_XObs_entangled_trainable_rzz_QLayers_5___seed_1_1761468207
8409088,2-Training-Stats/SPS,70.0,Pong1PQFM_XObs_entangled_trainable_rzz_QLayers_5___seed_1_1761468207
8413184,2-Training-Stats/SPS,70.0,Pong1PQFM_XObs_entangled_trainable_rzz_QLayers_5___seed_1_1761468207
8417280,2-Training-Stats/SPS,70.0,Pong1PQFM_XObs_entangled_trainable_rzz_QLayers_5___seed_1_1761468207
8421376,2-Training-Stats/SPS,70.0,Pong1PQFM_XObs_entangled_trainable_rzz_QLayers_5___seed_1_1761468207
8425472,2-Training-Stats/SPS,70.0,Pong1PQFM_XObs_entangled_trainable_rzz_QLayers_5___seed_1_1761468207
8429568,2-Training-Stats/SPS,70.0,Pong1PQFM_XObs_entangled_trainable_rzz_QLayers_5___seed_1_1761468207
8433664,2-Training-Stats/SPS,70.0,Pong1PQFM_XObs_entangled_trainable_rzz_QLayers_5___seed_1_1761468207
8437760,2-Training-Stats/SPS,70.0,Pong1PQFM_XObs_entangled_trainable_rzz_QLayers_5___seed_1_1761468207
8441856,2-Training-Stats/SPS,70.0,Pong1PQFM_XObs_entangled_trainable_rzz_QLayers_5___seed_1_1761468207
8445952,2-Training-Stats/SPS,70.0,Pong1PQFM_XObs_entangled_trainable_rzz_QLayers_5___seed_1_1761468207
8450048,2-Training-Stats/SPS,70.0,Pong1PQFM_XObs_entangled_trainable_rzz_QLayers_5___seed_1_1761468207
8454144,2-Training-Stats/SPS,70.0,Pong1PQFM_XObs_entangled_trainable_rzz_QLayers_5___seed_1_1761468207
8458240,2-Training-Stats/SPS,70.0,Pong1PQFM_XObs_entangled_trainable_rzz_QLayers_5___seed_1_1761468207
8462336,2-Training-Stats/SPS,70.0,Pong1PQFM_XObs_entangled_trainable_rzz_QLayers_5___seed_1_1761468207
8466432,2-Training-Stats/SPS,70.0,Pong1PQFM_XObs_entangled_trainable_rzz_QLayers_5___seed_1_1761468207
8470528,2-Training-Stats/SPS,70.0,Pong1PQFM_XObs_entangled_trainable_rzz_QLayers_5___seed_1_1761468207
8474624,2-Training-Stats/SPS,70.0,Pong1PQFM_XObs_entangled_trainable_rzz_QLayers_5___seed_1_1761468207
8478720,2-Training-Stats/SPS,70.0,Pong1PQFM_XObs_entangled_trainable_rzz_QLayers_5___seed_1_1761468207
8482816,2-Training-Stats/SPS,70.0,Pong1PQFM_XObs_entangled_trainable_rzz_QLayers_5___seed_1_1761468207
8486912,2-Training-Stats/SPS,70.0,Pong1PQFM_XObs_entangled_trainable_rzz_QLayers_5___seed_1_1761468207
8491008,2-Training-Stats/SPS,70.0,Pong1PQFM_XObs_entangled_trainable_rzz_QLayers_5___seed_1_1761468207
8495104,2-Training-Stats/SPS,70.0,Pong1PQFM_XObs_entangled_trainable_rzz_QLayers_5___seed_1_1761468207
8499200,2-Training-Stats/SPS,70.0,Pong1PQFM_XObs_entangled_trainable_rzz_QLayers_5___seed_1_1761468207
8503296,2-Training-Stats/SPS,70.0,Pong1PQFM_XObs_entangled_trainable_rzz_QLayers_5___seed_1_1761468207
8507392,2-Training-Stats/SPS,70.0,Pong1PQFM_XObs_entangled_trainable_rzz_QLayers_5___seed_1_1761468207
8511488,2-Training-Stats/SPS,70.0,Pong1PQFM_XObs_entangled_trainable_rzz_QLayers_5___seed_1_1761468207
8515584,2-Training-Stats/SPS,70.0,Pong1PQFM_XObs_entangled_trainable_rzz_QLayers_5___seed_1_1761468207
8519680,2-Training-Stats/SPS,70.0,Pong1PQFM_XObs_entangled_trainable_rzz_QLayers_5___seed_1_1761468207
8523776,2-Training-Stats/SPS,70.0,Pong1PQFM_XObs_entangled_trainable_rzz_QLayers_5___seed_1_1761468207
8527872,2-Training-Stats/SPS,70.0,Pong1PQFM_XObs_entangled_trainable_rzz_QLayers_5___seed_1_1761468207
8531968,2-Training-Stats/SPS,70.0,Pong1PQFM_XObs_entangled_trainable_rzz_QLayers_5___seed_1_1761468207
8536064,2-Training-Stats/SPS,70.0,Pong1PQFM_XObs_entangled_trainable_rzz_QLayers_5___seed_1_1761468207
8540160,2-Training-Stats/SPS,70.0,Pong1PQFM_XObs_entangled_trainable_rzz_QLayers_5___seed_1_1761468207
8544256,2-Training-Stats/SPS,70.0,Pong1PQFM_XObs_entangled_trainable_rzz_QLayers_5___seed_1_1761468207
8548352,2-Training-Stats/SPS,70.0,Pong1PQFM_XObs_entangled_trainable_rzz_QLayers_5___seed_1_1761468207
8552448,2-Training-Stats/SPS,70.0,Pong1PQFM_XObs_entangled_trainable_rzz_QLayers_5___seed_1_1761468207
8556544,2-Training-Stats/SPS,70.0,Pong1PQFM_XObs_entangled_trainable_rzz_QLayers_5___seed_1_1761468207
8560640,2-Training-Stats/SPS,70.0,Pong1PQFM_XObs_entangled_trainable_rzz_QLayers_5___seed_1_1761468207
8564736,2-Training-Stats/SPS,70.0,Pong1PQFM_XObs_entangled_trainable_rzz_QLayers_5___seed_1_1761468207
8568832,2-Training-Stats/SPS,70.0,Pong1PQFM_XObs_entangled_trainable_rzz_QLayers_5___seed_1_1761468207
8572928,2-Training-Stats/SPS,70.0,Pong1PQFM_XObs_entangled_trainable_rzz_QLayers_5___seed_1_1761468207
8577024,2-Training-Stats/SPS,70.0,Pong1PQFM_XObs_entangled_trainable_rzz_QLayers_5___seed_1_1761468207
8581120,2-Training-Stats/SPS,70.0,Pong1PQFM_XObs_entangled_trainable_rzz_QLayers_5___seed_1_1761468207
8585216,2-Training-Stats/SPS,70.0,Pong1PQFM_XObs_entangled_trainable_rzz_QLayers_5___seed_1_1761468207
8589312,2-Training-Stats/SPS,70.0,Pong1PQFM_XObs_entangled_trainable_rzz_QLayers_5___seed_1_1761468207
8593408,2-Training-Stats/SPS,70.0,Pong1PQFM_XObs_entangled_trainable_rzz_QLayers_5___seed_1_1761468207
8597504,2-Training-Stats/SPS,70.0,Pong1PQFM_XObs_entangled_trainable_rzz_QLayers_5___seed_1_1761468207
8601600,2-Training-Stats/SPS,70.0,Pong1PQFM_XObs_entangled_trainable_rzz_QLayers_5___seed_1_1761468207
8605696,2-Training-Stats/SPS,70.0,Pong1PQFM_XObs_entangled_trainable_rzz_QLayers_5___seed_1_1761468207
8609792,2-Training-Stats/SPS,70.0,Pong1PQFM_XObs_entangled_trainable_rzz_QLayers_5___seed_1_1761468207
8613888,2-Training-Stats/SPS,70.0,Pong1PQFM_XObs_entangled_trainable_rzz_QLayers_5___seed_1_1761468207
8617984,2-Training-Stats/SPS,70.0,Pong1PQFM_XObs_entangled_trainable_rzz_QLayers_5___seed_1_1761468207
8622080,2-Training-Stats/SPS,70.0,Pong1PQFM_XObs_entangled_trainable_rzz_QLayers_5___seed_1_1761468207
8626176,2-Training-Stats/SPS,70.0,Pong1PQFM_XObs_entangled_trainable_rzz_QLayers_5___seed_1_1761468207
8630272,2-Training-Stats/SPS,70.0,Pong1PQFM_XObs_entangled_trainable_rzz_QLayers_5___seed_1_1761468207
8634368,2-Training-Stats/SPS,70.0,Pong1PQFM_XObs_entangled_trainable_rzz_QLayers_5___seed_1_1761468207
8638464,2-Training-Stats/SPS,70.0,Pong1PQFM_XObs_entangled_trainable_rzz_QLayers_5___seed_1_1761468207
8642560,2-Training-Stats/SPS,70.0,Pong1PQFM_XObs_entangled_trainable_rzz_QLayers_5___seed_1_1761468207
8646656,2-Training-Stats/SPS,70.0,Pong1PQFM_XObs_entangled_trainable_rzz_QLayers_5___seed_1_1761468207
8650752,2-Training-Stats/SPS,70.0,Pong1PQFM_XObs_entangled_trainable_rzz_QLayers_5___seed_1_1761468207
8654848,2-Training-Stats/SPS,70.0,Pong1PQFM_XObs_entangled_trainable_rzz_QLayers_5___seed_1_1761468207
8658944,2-Training-Stats/SPS,70.0,Pong1PQFM_XObs_entangled_trainable_rzz_QLayers_5___seed_1_1761468207
8663040,2-Training-Stats/SPS,70.0,Pong1PQFM_XObs_entangled_trainable_rzz_QLayers_5___seed_1_1761468207
8667136,2-Training-Stats/SPS,70.0,Pong1PQFM_XObs_entangled_trainable_rzz_QLayers_5___seed_1_1761468207
8671232,2-Training-Stats/SPS,70.0,Pong1PQFM_XObs_entangled_trainable_rzz_QLayers_5___seed_1_1761468207
8675328,2-Training-Stats/SPS,70.0,Pong1PQFM_XObs_entangled_trainable_rzz_QLayers_5___seed_1_1761468207
8679424,2-Training-Stats/SPS,70.0,Pong1PQFM_XObs_entangled_trainable_rzz_QLayers_5___seed_1_1761468207
8683520,2-Training-Stats/SPS,70.0,Pong1PQFM_XObs_entangled_trainable_rzz_QLayers_5___seed_1_1761468207
8687616,2-Training-Stats/SPS,70.0,Pong1PQFM_XObs_entangled_trainable_rzz_QLayers_5___seed_1_1761468207
8691712,2-Training-Stats/SPS,70.0,Pong1PQFM_XObs_entangled_trainable_rzz_QLayers_5___seed_1_1761468207
8695808,2-Training-Stats/SPS,70.0,Pong1PQFM_XObs_entangled_trainable_rzz_QLayers_5___seed_1_1761468207
8699904,2-Training-Stats/SPS,70.0,Pong1PQFM_XObs_entangled_trainable_rzz_QLayers_5___seed_1_1761468207
8704000,2-Training-Stats/SPS,70.0,Pong1PQFM_XObs_entangled_trainable_rzz_QLayers_5___seed_1_1761468207
8708096,2-Training-Stats/SPS,70.0,Pong1PQFM_XObs_entangled_trainable_rzz_QLayers_5___seed_1_1761468207
8712192,2-Training-Stats/SPS,70.0,Pong1PQFM_XObs_entangled_trainable_rzz_QLayers_5___seed_1_1761468207
8716288,2-Training-Stats/SPS,70.0,Pong1PQFM_XObs_entangled_trainable_rzz_QLayers_5___seed_1_1761468207
8720384,2-Training-Stats/SPS,70.0,Pong1PQFM_XObs_entangled_trainable_rzz_QLayers_5___seed_1_1761468207
8724480,2-Training-Stats/SPS,70.0,Pong1PQFM_XObs_entangled_trainable_rzz_QLayers_5___seed_1_1761468207
8728576,2-Training-Stats/SPS,70.0,Pong1PQFM_XObs_entangled_trainable_rzz_QLayers_5___seed_1_1761468207
8732672,2-Training-Stats/SPS,70.0,Pong1PQFM_XObs_entangled_trainable_rzz_QLayers_5___seed_1_1761468207
8736768,2-Training-Stats/SPS,70.0,Pong1PQFM_XObs_entangled_trainable_rzz_QLayers_5___seed_1_1761468207
8740864,2-Training-Stats/SPS,70.0,Pong1PQFM_XObs_entangled_trainable_rzz_QLayers_5___seed_1_1761468207
8744960,2-Training-Stats/SPS,70.0,Pong1PQFM_XObs_entangled_trainable_rzz_QLayers_5___seed_1_1761468207
8749056,2-Training-Stats/SPS,70.0,Pong1PQFM_XObs_entangled_trainable_rzz_QLayers_5___seed_1_1761468207
8753152,2-Training-Stats/SPS,70.0,Pong1PQFM_XObs_entangled_trainable_rzz_QLayers_5___seed_1_1761468207
8757248,2-Training-Stats/SPS,70.0,Pong1PQFM_XObs_entangled_trainable_rzz_QLayers_5___seed_1_1761468207
8761344,2-Training-Stats/SPS,70.0,Pong1PQFM_XObs_entangled_trainable_rzz_QLayers_5___seed_1_1761468207
8765440,2-Training-Stats/SPS,70.0,Pong1PQFM_XObs_entangled_trainable_rzz_QLayers_5___seed_1_1761468207
8769536,2-Training-Stats/SPS,70.0,Pong1PQFM_XObs_entangled_trainable_rzz_QLayers_5___seed_1_1761468207
8773632,2-Training-Stats/SPS,70.0,Pong1PQFM_XObs_entangled_trainable_rzz_QLayers_5___seed_1_1761468207
8777728,2-Training-Stats/SPS,70.0,Pong1PQFM_XObs_entangled_trainable_rzz_QLayers_5___seed_1_1761468207
8781824,2-Training-Stats/SPS,70.0,Pong1PQFM_XObs_entangled_trainable_rzz_QLayers_5___seed_1_1761468207
8785920,2-Training-Stats/SPS,70.0,Pong1PQFM_XObs_entangled_trainable_rzz_QLayers_5___seed_1_1761468207
8790016,2-Training-Stats/SPS,70.0,Pong1PQFM_XObs_entangled_trainable_rzz_QLayers_5___seed_1_1761468207
8794112,2-Training-Stats/SPS,70.0,Pong1PQFM_XObs_entangled_trainable_rzz_QLayers_5___seed_1_1761468207
8798208,2-Training-Stats/SPS,70.0,Pong1PQFM_XObs_entangled_trainable_rzz_QLayers_5___seed_1_1761468207
8802304,2-Training-Stats/SPS,70.0,Pong1PQFM_XObs_entangled_trainable_rzz_QLayers_5___seed_1_1761468207
8806400,2-Training-Stats/SPS,70.0,Pong1PQFM_XObs_entangled_trainable_rzz_QLayers_5___seed_1_1761468207
8810496,2-Training-Stats/SPS,70.0,Pong1PQFM_XObs_entangled_trainable_rzz_QLayers_5___seed_1_1761468207
8814592,2-Training-Stats/SPS,70.0,Pong1PQFM_XObs_entangled_trainable_rzz_QLayers_5___seed_1_1761468207
8818688,2-Training-Stats/SPS,70.0,Pong1PQFM_XObs_entangled_trainable_rzz_QLayers_5___seed_1_1761468207
8822784,2-Training-Stats/SPS,70.0,Pong1PQFM_XObs_entangled_trainable_rzz_QLayers_5___seed_1_1761468207
8826880,2-Training-Stats/SPS,70.0,Pong1PQFM_XObs_entangled_trainable_rzz_QLayers_5___seed_1_1761468207
8830976,2-Training-Stats/SPS,70.0,Pong1PQFM_XObs_entangled_trainable_rzz_QLayers_5___seed_1_1761468207
8835072,2-Training-Stats/SPS,70.0,Pong1PQFM_XObs_entangled_trainable_rzz_QLayers_5___seed_1_1761468207
8839168,2-Training-Stats/SPS,70.0,Pong1PQFM_XObs_entangled_trainable_rzz_QLayers_5___seed_1_1761468207
8843264,2-Training-Stats/SPS,70.0,Pong1PQFM_XObs_entangled_trainable_rzz_QLayers_5___seed_1_1761468207
8847360,2-Training-Stats/SPS,70.0,Pong1PQFM_XObs_entangled_trainable_rzz_QLayers_5___seed_1_1761468207
8851456,2-Training-Stats/SPS,70.0,Pong1PQFM_XObs_entangled_trainable_rzz_QLayers_5___seed_1_1761468207
8855552,2-Training-Stats/SPS,70.0,Pong1PQFM_XObs_entangled_trainable_rzz_QLayers_5___seed_1_1761468207
8859648,2-Training-Stats/SPS,70.0,Pong1PQFM_XObs_entangled_trainable_rzz_QLayers_5___seed_1_1761468207
8863744,2-Training-Stats/SPS,70.0,Pong1PQFM_XObs_entangled_trainable_rzz_QLayers_5___seed_1_1761468207
8867840,2-Training-Stats/SPS,70.0,Pong1PQFM_XObs_entangled_trainable_rzz_QLayers_5___seed_1_1761468207
8871936,2-Training-Stats/SPS,70.0,Pong1PQFM_XObs_entangled_trainable_rzz_QLayers_5___seed_1_1761468207
8876032,2-Training-Stats/SPS,70.0,Pong1PQFM_XObs_entangled_trainable_rzz_QLayers_5___seed_1_1761468207
8880128,2-Training-Stats/SPS,70.0,Pong1PQFM_XObs_entangled_trainable_rzz_QLayers_5___seed_1_1761468207
8884224,2-Training-Stats/SPS,70.0,Pong1PQFM_XObs_entangled_trainable_rzz_QLayers_5___seed_1_1761468207
8888320,2-Training-Stats/SPS,70.0,Pong1PQFM_XObs_entangled_trainable_rzz_QLayers_5___seed_1_1761468207
8892416,2-Training-Stats/SPS,70.0,Pong1PQFM_XObs_entangled_trainable_rzz_QLayers_5___seed_1_1761468207
8896512,2-Training-Stats/SPS,70.0,Pong1PQFM_XObs_entangled_trainable_rzz_QLayers_5___seed_1_1761468207
8900608,2-Training-Stats/SPS,70.0,Pong1PQFM_XObs_entangled_trainable_rzz_QLayers_5___seed_1_1761468207
8904704,2-Training-Stats/SPS,70.0,Pong1PQFM_XObs_entangled_trainable_rzz_QLayers_5___seed_1_1761468207
8908800,2-Training-Stats/SPS,70.0,Pong1PQFM_XObs_entangled_trainable_rzz_QLayers_5___seed_1_1761468207
8912896,2-Training-Stats/SPS,70.0,Pong1PQFM_XObs_entangled_trainable_rzz_QLayers_5___seed_1_1761468207
8916992,2-Training-Stats/SPS,70.0,Pong1PQFM_XObs_entangled_trainable_rzz_QLayers_5___seed_1_1761468207
8921088,2-Training-Stats/SPS,70.0,Pong1PQFM_XObs_entangled_trainable_rzz_QLayers_5___seed_1_1761468207
8925184,2-Training-Stats/SPS,70.0,Pong1PQFM_XObs_entangled_trainable_rzz_QLayers_5___seed_1_1761468207
8929280,2-Training-Stats/SPS,70.0,Pong1PQFM_XObs_entangled_trainable_rzz_QLayers_5___seed_1_1761468207
8933376,2-Training-Stats/SPS,70.0,Pong1PQFM_XObs_entangled_trainable_rzz_QLayers_5___seed_1_1761468207
8937472,2-Training-Stats/SPS,70.0,Pong1PQFM_XObs_entangled_trainable_rzz_QLayers_5___seed_1_1761468207
8941568,2-Training-Stats/SPS,70.0,Pong1PQFM_XObs_entangled_trainable_rzz_QLayers_5___seed_1_1761468207
8945664,2-Training-Stats/SPS,70.0,Pong1PQFM_XObs_entangled_trainable_rzz_QLayers_5___seed_1_1761468207
8949760,2-Training-Stats/SPS,70.0,Pong1PQFM_XObs_entangled_trainable_rzz_QLayers_5___seed_1_1761468207
8953856,2-Training-Stats/SPS,70.0,Pong1PQFM_XObs_entangled_trainable_rzz_QLayers_5___seed_1_1761468207
8957952,2-Training-Stats/SPS,70.0,Pong1PQFM_XObs_entangled_trainable_rzz_QLayers_5___seed_1_1761468207
8962048,2-Training-Stats/SPS,70.0,Pong1PQFM_XObs_entangled_trainable_rzz_QLayers_5___seed_1_1761468207
8966144,2-Training-Stats/SPS,70.0,Pong1PQFM_XObs_entangled_trainable_rzz_QLayers_5___seed_1_1761468207
8970240,2-Training-Stats/SPS,70.0,Pong1PQFM_XObs_entangled_trainable_rzz_QLayers_5___seed_1_1761468207
8974336,2-Training-Stats/SPS,70.0,Pong1PQFM_XObs_entangled_trainable_rzz_QLayers_5___seed_1_1761468207
8978432,2-Training-Stats/SPS,70.0,Pong1PQFM_XObs_entangled_trainable_rzz_QLayers_5___seed_1_1761468207
8982528,2-Training-Stats/SPS,70.0,Pong1PQFM_XObs_entangled_trainable_rzz_QLayers_5___seed_1_1761468207
8986624,2-Training-Stats/SPS,70.0,Pong1PQFM_XObs_entangled_trainable_rzz_QLayers_5___seed_1_1761468207
8990720,2-Training-Stats/SPS,70.0,Pong1PQFM_XObs_entangled_trainable_rzz_QLayers_5___seed_1_1761468207
8994816,2-Training-Stats/SPS,70.0,Pong1PQFM_XObs_entangled_trainable_rzz_QLayers_5___seed_1_1761468207
8998912,2-Training-Stats/SPS,70.0,Pong1PQFM_XObs_entangled_trainable_rzz_QLayers_5___seed_1_1761468207
9003008,2-Training-Stats/SPS,70.0,Pong1PQFM_XObs_entangled_trainable_rzz_QLayers_5___seed_1_1761468207
9007104,2-Training-Stats/SPS,70.0,Pong1PQFM_XObs_entangled_trainable_rzz_QLayers_5___seed_1_1761468207
9011200,2-Training-Stats/SPS,70.0,Pong1PQFM_XObs_entangled_trainable_rzz_QLayers_5___seed_1_1761468207
9015296,2-Training-Stats/SPS,70.0,Pong1PQFM_XObs_entangled_trainable_rzz_QLayers_5___seed_1_1761468207
9019392,2-Training-Stats/SPS,70.0,Pong1PQFM_XObs_entangled_trainable_rzz_QLayers_5___seed_1_1761468207
9023488,2-Training-Stats/SPS,70.0,Pong1PQFM_XObs_entangled_trainable_rzz_QLayers_5___seed_1_1761468207
9027584,2-Training-Stats/SPS,70.0,Pong1PQFM_XObs_entangled_trainable_rzz_QLayers_5___seed_1_1761468207
9031680,2-Training-Stats/SPS,70.0,Pong1PQFM_XObs_entangled_trainable_rzz_QLayers_5___seed_1_1761468207
9035776,2-Training-Stats/SPS,70.0,Pong1PQFM_XObs_entangled_trainable_rzz_QLayers_5___seed_1_1761468207
9039872,2-Training-Stats/SPS,70.0,Pong1PQFM_XObs_entangled_trainable_rzz_QLayers_5___seed_1_1761468207
9043968,2-Training-Stats/SPS,70.0,Pong1PQFM_XObs_entangled_trainable_rzz_QLayers_5___seed_1_1761468207
9048064,2-Training-Stats/SPS,70.0,Pong1PQFM_XObs_entangled_trainable_rzz_QLayers_5___seed_1_1761468207
9052160,2-Training-Stats/SPS,70.0,Pong1PQFM_XObs_entangled_trainable_rzz_QLayers_5___seed_1_1761468207
9056256,2-Training-Stats/SPS,70.0,Pong1PQFM_XObs_entangled_trainable_rzz_QLayers_5___seed_1_1761468207
9060352,2-Training-Stats/SPS,70.0,Pong1PQFM_XObs_entangled_trainable_rzz_QLayers_5___seed_1_1761468207
9064448,2-Training-Stats/SPS,70.0,Pong1PQFM_XObs_entangled_trainable_rzz_QLayers_5___seed_1_1761468207
9068544,2-Training-Stats/SPS,70.0,Pong1PQFM_XObs_entangled_trainable_rzz_QLayers_5___seed_1_1761468207
9072640,2-Training-Stats/SPS,70.0,Pong1PQFM_XObs_entangled_trainable_rzz_QLayers_5___seed_1_1761468207
9076736,2-Training-Stats/SPS,70.0,Pong1PQFM_XObs_entangled_trainable_rzz_QLayers_5___seed_1_1761468207
9080832,2-Training-Stats/SPS,70.0,Pong1PQFM_XObs_entangled_trainable_rzz_QLayers_5___seed_1_1761468207
9084928,2-Training-Stats/SPS,70.0,Pong1PQFM_XObs_entangled_trainable_rzz_QLayers_5___seed_1_1761468207
9089024,2-Training-Stats/SPS,70.0,Pong1PQFM_XObs_entangled_trainable_rzz_QLayers_5___seed_1_1761468207
9093120,2-Training-Stats/SPS,70.0,Pong1PQFM_XObs_entangled_trainable_rzz_QLayers_5___seed_1_1761468207
9097216,2-Training-Stats/SPS,70.0,Pong1PQFM_XObs_entangled_trainable_rzz_QLayers_5___seed_1_1761468207
9101312,2-Training-Stats/SPS,70.0,Pong1PQFM_XObs_entangled_trainable_rzz_QLayers_5___seed_1_1761468207
9105408,2-Training-Stats/SPS,70.0,Pong1PQFM_XObs_entangled_trainable_rzz_QLayers_5___seed_1_1761468207
9109504,2-Training-Stats/SPS,70.0,Pong1PQFM_XObs_entangled_trainable_rzz_QLayers_5___seed_1_1761468207
9113600,2-Training-Stats/SPS,70.0,Pong1PQFM_XObs_entangled_trainable_rzz_QLayers_5___seed_1_1761468207
9117696,2-Training-Stats/SPS,70.0,Pong1PQFM_XObs_entangled_trainable_rzz_QLayers_5___seed_1_1761468207
9121792,2-Training-Stats/SPS,70.0,Pong1PQFM_XObs_entangled_trainable_rzz_QLayers_5___seed_1_1761468207
9125888,2-Training-Stats/SPS,70.0,Pong1PQFM_XObs_entangled_trainable_rzz_QLayers_5___seed_1_1761468207
9129984,2-Training-Stats/SPS,70.0,Pong1PQFM_XObs_entangled_trainable_rzz_QLayers_5___seed_1_1761468207
9134080,2-Training-Stats/SPS,70.0,Pong1PQFM_XObs_entangled_trainable_rzz_QLayers_5___seed_1_1761468207
9138176,2-Training-Stats/SPS,70.0,Pong1PQFM_XObs_entangled_trainable_rzz_QLayers_5___seed_1_1761468207
9142272,2-Training-Stats/SPS,70.0,Pong1PQFM_XObs_entangled_trainable_rzz_QLayers_5___seed_1_1761468207
9146368,2-Training-Stats/SPS,70.0,Pong1PQFM_XObs_entangled_trainable_rzz_QLayers_5___seed_1_1761468207
9150464,2-Training-Stats/SPS,70.0,Pong1PQFM_XObs_entangled_trainable_rzz_QLayers_5___seed_1_1761468207
9154560,2-Training-Stats/SPS,70.0,Pong1PQFM_XObs_entangled_trainable_rzz_QLayers_5___seed_1_1761468207
9158656,2-Training-Stats/SPS,70.0,Pong1PQFM_XObs_entangled_trainable_rzz_QLayers_5___seed_1_1761468207
9162752,2-Training-Stats/SPS,70.0,Pong1PQFM_XObs_entangled_trainable_rzz_QLayers_5___seed_1_1761468207
9166848,2-Training-Stats/SPS,70.0,Pong1PQFM_XObs_entangled_trainable_rzz_QLayers_5___seed_1_1761468207
9170944,2-Training-Stats/SPS,70.0,Pong1PQFM_XObs_entangled_trainable_rzz_QLayers_5___seed_1_1761468207
9175040,2-Training-Stats/SPS,70.0,Pong1PQFM_XObs_entangled_trainable_rzz_QLayers_5___seed_1_1761468207
9179136,2-Training-Stats/SPS,70.0,Pong1PQFM_XObs_entangled_trainable_rzz_QLayers_5___seed_1_1761468207
9183232,2-Training-Stats/SPS,70.0,Pong1PQFM_XObs_entangled_trainable_rzz_QLayers_5___seed_1_1761468207
9187328,2-Training-Stats/SPS,71.0,Pong1PQFM_XObs_entangled_trainable_rzz_QLayers_5___seed_1_1761468207
9191424,2-Training-Stats/SPS,71.0,Pong1PQFM_XObs_entangled_trainable_rzz_QLayers_5___seed_1_1761468207
9195520,2-Training-Stats/SPS,71.0,Pong1PQFM_XObs_entangled_trainable_rzz_QLayers_5___seed_1_1761468207
9199616,2-Training-Stats/SPS,71.0,Pong1PQFM_XObs_entangled_trainable_rzz_QLayers_5___seed_1_1761468207
9203712,2-Training-Stats/SPS,71.0,Pong1PQFM_XObs_entangled_trainable_rzz_QLayers_5___seed_1_1761468207
9207808,2-Training-Stats/SPS,71.0,Pong1PQFM_XObs_entangled_trainable_rzz_QLayers_5___seed_1_1761468207
9211904,2-Training-Stats/SPS,71.0,Pong1PQFM_XObs_entangled_trainable_rzz_QLayers_5___seed_1_1761468207
9216000,2-Training-Stats/SPS,71.0,Pong1PQFM_XObs_entangled_trainable_rzz_QLayers_5___seed_1_1761468207
9220096,2-Training-Stats/SPS,71.0,Pong1PQFM_XObs_entangled_trainable_rzz_QLayers_5___seed_1_1761468207
9224192,2-Training-Stats/SPS,71.0,Pong1PQFM_XObs_entangled_trainable_rzz_QLayers_5___seed_1_1761468207
9228288,2-Training-Stats/SPS,71.0,Pong1PQFM_XObs_entangled_trainable_rzz_QLayers_5___seed_1_1761468207
9232384,2-Training-Stats/SPS,71.0,Pong1PQFM_XObs_entangled_trainable_rzz_QLayers_5___seed_1_1761468207
9236480,2-Training-Stats/SPS,71.0,Pong1PQFM_XObs_entangled_trainable_rzz_QLayers_5___seed_1_1761468207
9240576,2-Training-Stats/SPS,71.0,Pong1PQFM_XObs_entangled_trainable_rzz_QLayers_5___seed_1_1761468207
9244672,2-Training-Stats/SPS,71.0,Pong1PQFM_XObs_entangled_trainable_rzz_QLayers_5___seed_1_1761468207
9248768,2-Training-Stats/SPS,71.0,Pong1PQFM_XObs_entangled_trainable_rzz_QLayers_5___seed_1_1761468207
9252864,2-Training-Stats/SPS,71.0,Pong1PQFM_XObs_entangled_trainable_rzz_QLayers_5___seed_1_1761468207
9256960,2-Training-Stats/SPS,71.0,Pong1PQFM_XObs_entangled_trainable_rzz_QLayers_5___seed_1_1761468207
9261056,2-Training-Stats/SPS,71.0,Pong1PQFM_XObs_entangled_trainable_rzz_QLayers_5___seed_1_1761468207
9265152,2-Training-Stats/SPS,71.0,Pong1PQFM_XObs_entangled_trainable_rzz_QLayers_5___seed_1_1761468207
9269248,2-Training-Stats/SPS,71.0,Pong1PQFM_XObs_entangled_trainable_rzz_QLayers_5___seed_1_1761468207
9273344,2-Training-Stats/SPS,71.0,Pong1PQFM_XObs_entangled_trainable_rzz_QLayers_5___seed_1_1761468207
9277440,2-Training-Stats/SPS,71.0,Pong1PQFM_XObs_entangled_trainable_rzz_QLayers_5___seed_1_1761468207
9281536,2-Training-Stats/SPS,71.0,Pong1PQFM_XObs_entangled_trainable_rzz_QLayers_5___seed_1_1761468207
9285632,2-Training-Stats/SPS,71.0,Pong1PQFM_XObs_entangled_trainable_rzz_QLayers_5___seed_1_1761468207
9289728,2-Training-Stats/SPS,71.0,Pong1PQFM_XObs_entangled_trainable_rzz_QLayers_5___seed_1_1761468207
9293824,2-Training-Stats/SPS,71.0,Pong1PQFM_XObs_entangled_trainable_rzz_QLayers_5___seed_1_1761468207
9297920,2-Training-Stats/SPS,71.0,Pong1PQFM_XObs_entangled_trainable_rzz_QLayers_5___seed_1_1761468207
9302016,2-Training-Stats/SPS,71.0,Pong1PQFM_XObs_entangled_trainable_rzz_QLayers_5___seed_1_1761468207
9306112,2-Training-Stats/SPS,71.0,Pong1PQFM_XObs_entangled_trainable_rzz_QLayers_5___seed_1_1761468207
9310208,2-Training-Stats/SPS,71.0,Pong1PQFM_XObs_entangled_trainable_rzz_QLayers_5___seed_1_1761468207
9314304,2-Training-Stats/SPS,71.0,Pong1PQFM_XObs_entangled_trainable_rzz_QLayers_5___seed_1_1761468207
9318400,2-Training-Stats/SPS,71.0,Pong1PQFM_XObs_entangled_trainable_rzz_QLayers_5___seed_1_1761468207
9322496,2-Training-Stats/SPS,71.0,Pong1PQFM_XObs_entangled_trainable_rzz_QLayers_5___seed_1_1761468207
9326592,2-Training-Stats/SPS,71.0,Pong1PQFM_XObs_entangled_trainable_rzz_QLayers_5___seed_1_1761468207
9330688,2-Training-Stats/SPS,71.0,Pong1PQFM_XObs_entangled_trainable_rzz_QLayers_5___seed_1_1761468207
9334784,2-Training-Stats/SPS,71.0,Pong1PQFM_XObs_entangled_trainable_rzz_QLayers_5___seed_1_1761468207
9338880,2-Training-Stats/SPS,71.0,Pong1PQFM_XObs_entangled_trainable_rzz_QLayers_5___seed_1_1761468207
9342976,2-Training-Stats/SPS,71.0,Pong1PQFM_XObs_entangled_trainable_rzz_QLayers_5___seed_1_1761468207
9347072,2-Training-Stats/SPS,71.0,Pong1PQFM_XObs_entangled_trainable_rzz_QLayers_5___seed_1_1761468207
9351168,2-Training-Stats/SPS,71.0,Pong1PQFM_XObs_entangled_trainable_rzz_QLayers_5___seed_1_1761468207
9355264,2-Training-Stats/SPS,71.0,Pong1PQFM_XObs_entangled_trainable_rzz_QLayers_5___seed_1_1761468207
9359360,2-Training-Stats/SPS,71.0,Pong1PQFM_XObs_entangled_trainable_rzz_QLayers_5___seed_1_1761468207
9363456,2-Training-Stats/SPS,71.0,Pong1PQFM_XObs_entangled_trainable_rzz_QLayers_5___seed_1_1761468207
9367552,2-Training-Stats/SPS,71.0,Pong1PQFM_XObs_entangled_trainable_rzz_QLayers_5___seed_1_1761468207
9371648,2-Training-Stats/SPS,71.0,Pong1PQFM_XObs_entangled_trainable_rzz_QLayers_5___seed_1_1761468207
9375744,2-Training-Stats/SPS,71.0,Pong1PQFM_XObs_entangled_trainable_rzz_QLayers_5___seed_1_1761468207
9379840,2-Training-Stats/SPS,71.0,Pong1PQFM_XObs_entangled_trainable_rzz_QLayers_5___seed_1_1761468207
9383936,2-Training-Stats/SPS,71.0,Pong1PQFM_XObs_entangled_trainable_rzz_QLayers_5___seed_1_1761468207
9388032,2-Training-Stats/SPS,71.0,Pong1PQFM_XObs_entangled_trainable_rzz_QLayers_5___seed_1_1761468207
9392128,2-Training-Stats/SPS,71.0,Pong1PQFM_XObs_entangled_trainable_rzz_QLayers_5___seed_1_1761468207
9396224,2-Training-Stats/SPS,71.0,Pong1PQFM_XObs_entangled_trainable_rzz_QLayers_5___seed_1_1761468207
9400320,2-Training-Stats/SPS,71.0,Pong1PQFM_XObs_entangled_trainable_rzz_QLayers_5___seed_1_1761468207
9404416,2-Training-Stats/SPS,71.0,Pong1PQFM_XObs_entangled_trainable_rzz_QLayers_5___seed_1_1761468207
9408512,2-Training-Stats/SPS,71.0,Pong1PQFM_XObs_entangled_trainable_rzz_QLayers_5___seed_1_1761468207
9412608,2-Training-Stats/SPS,71.0,Pong1PQFM_XObs_entangled_trainable_rzz_QLayers_5___seed_1_1761468207
9416704,2-Training-Stats/SPS,71.0,Pong1PQFM_XObs_entangled_trainable_rzz_QLayers_5___seed_1_1761468207
9420800,2-Training-Stats/SPS,71.0,Pong1PQFM_XObs_entangled_trainable_rzz_QLayers_5___seed_1_1761468207
9424896,2-Training-Stats/SPS,71.0,Pong1PQFM_XObs_entangled_trainable_rzz_QLayers_5___seed_1_1761468207
9428992,2-Training-Stats/SPS,71.0,Pong1PQFM_XObs_entangled_trainable_rzz_QLayers_5___seed_1_1761468207
9433088,2-Training-Stats/SPS,71.0,Pong1PQFM_XObs_entangled_trainable_rzz_QLayers_5___seed_1_1761468207
9437184,2-Training-Stats/SPS,71.0,Pong1PQFM_XObs_entangled_trainable_rzz_QLayers_5___seed_1_1761468207
9441280,2-Training-Stats/SPS,71.0,Pong1PQFM_XObs_entangled_trainable_rzz_QLayers_5___seed_1_1761468207
9445376,2-Training-Stats/SPS,71.0,Pong1PQFM_XObs_entangled_trainable_rzz_QLayers_5___seed_1_1761468207
9449472,2-Training-Stats/SPS,71.0,Pong1PQFM_XObs_entangled_trainable_rzz_QLayers_5___seed_1_1761468207
9453568,2-Training-Stats/SPS,71.0,Pong1PQFM_XObs_entangled_trainable_rzz_QLayers_5___seed_1_1761468207
9457664,2-Training-Stats/SPS,71.0,Pong1PQFM_XObs_entangled_trainable_rzz_QLayers_5___seed_1_1761468207
9461760,2-Training-Stats/SPS,71.0,Pong1PQFM_XObs_entangled_trainable_rzz_QLayers_5___seed_1_1761468207
9465856,2-Training-Stats/SPS,71.0,Pong1PQFM_XObs_entangled_trainable_rzz_QLayers_5___seed_1_1761468207
9469952,2-Training-Stats/SPS,71.0,Pong1PQFM_XObs_entangled_trainable_rzz_QLayers_5___seed_1_1761468207
9474048,2-Training-Stats/SPS,71.0,Pong1PQFM_XObs_entangled_trainable_rzz_QLayers_5___seed_1_1761468207
9478144,2-Training-Stats/SPS,71.0,Pong1PQFM_XObs_entangled_trainable_rzz_QLayers_5___seed_1_1761468207
9482240,2-Training-Stats/SPS,71.0,Pong1PQFM_XObs_entangled_trainable_rzz_QLayers_5___seed_1_1761468207
9486336,2-Training-Stats/SPS,71.0,Pong1PQFM_XObs_entangled_trainable_rzz_QLayers_5___seed_1_1761468207
9490432,2-Training-Stats/SPS,71.0,Pong1PQFM_XObs_entangled_trainable_rzz_QLayers_5___seed_1_1761468207
9494528,2-Training-Stats/SPS,71.0,Pong1PQFM_XObs_entangled_trainable_rzz_QLayers_5___seed_1_1761468207
9498624,2-Training-Stats/SPS,71.0,Pong1PQFM_XObs_entangled_trainable_rzz_QLayers_5___seed_1_1761468207
9502720,2-Training-Stats/SPS,71.0,Pong1PQFM_XObs_entangled_trainable_rzz_QLayers_5___seed_1_1761468207
9506816,2-Training-Stats/SPS,71.0,Pong1PQFM_XObs_entangled_trainable_rzz_QLayers_5___seed_1_1761468207
9510912,2-Training-Stats/SPS,71.0,Pong1PQFM_XObs_entangled_trainable_rzz_QLayers_5___seed_1_1761468207
9515008,2-Training-Stats/SPS,71.0,Pong1PQFM_XObs_entangled_trainable_rzz_QLayers_5___seed_1_1761468207
9519104,2-Training-Stats/SPS,71.0,Pong1PQFM_XObs_entangled_trainable_rzz_QLayers_5___seed_1_1761468207
9523200,2-Training-Stats/SPS,71.0,Pong1PQFM_XObs_entangled_trainable_rzz_QLayers_5___seed_1_1761468207
9527296,2-Training-Stats/SPS,71.0,Pong1PQFM_XObs_entangled_trainable_rzz_QLayers_5___seed_1_1761468207
9531392,2-Training-Stats/SPS,71.0,Pong1PQFM_XObs_entangled_trainable_rzz_QLayers_5___seed_1_1761468207
9535488,2-Training-Stats/SPS,71.0,Pong1PQFM_XObs_entangled_trainable_rzz_QLayers_5___seed_1_1761468207
9539584,2-Training-Stats/SPS,71.0,Pong1PQFM_XObs_entangled_trainable_rzz_QLayers_5___seed_1_1761468207
9543680,2-Training-Stats/SPS,71.0,Pong1PQFM_XObs_entangled_trainable_rzz_QLayers_5___seed_1_1761468207
9547776,2-Training-Stats/SPS,71.0,Pong1PQFM_XObs_entangled_trainable_rzz_QLayers_5___seed_1_1761468207
9551872,2-Training-Stats/SPS,71.0,Pong1PQFM_XObs_entangled_trainable_rzz_QLayers_5___seed_1_1761468207
9555968,2-Training-Stats/SPS,71.0,Pong1PQFM_XObs_entangled_trainable_rzz_QLayers_5___seed_1_1761468207
9560064,2-Training-Stats/SPS,71.0,Pong1PQFM_XObs_entangled_trainable_rzz_QLayers_5___seed_1_1761468207
9564160,2-Training-Stats/SPS,71.0,Pong1PQFM_XObs_entangled_trainable_rzz_QLayers_5___seed_1_1761468207
9568256,2-Training-Stats/SPS,71.0,Pong1PQFM_XObs_entangled_trainable_rzz_QLayers_5___seed_1_1761468207
9572352,2-Training-Stats/SPS,71.0,Pong1PQFM_XObs_entangled_trainable_rzz_QLayers_5___seed_1_1761468207
9576448,2-Training-Stats/SPS,71.0,Pong1PQFM_XObs_entangled_trainable_rzz_QLayers_5___seed_1_1761468207
9580544,2-Training-Stats/SPS,71.0,Pong1PQFM_XObs_entangled_trainable_rzz_QLayers_5___seed_1_1761468207
9584640,2-Training-Stats/SPS,71.0,Pong1PQFM_XObs_entangled_trainable_rzz_QLayers_5___seed_1_1761468207
9588736,2-Training-Stats/SPS,71.0,Pong1PQFM_XObs_entangled_trainable_rzz_QLayers_5___seed_1_1761468207
9592832,2-Training-Stats/SPS,71.0,Pong1PQFM_XObs_entangled_trainable_rzz_QLayers_5___seed_1_1761468207
9596928,2-Training-Stats/SPS,71.0,Pong1PQFM_XObs_entangled_trainable_rzz_QLayers_5___seed_1_1761468207
9601024,2-Training-Stats/SPS,71.0,Pong1PQFM_XObs_entangled_trainable_rzz_QLayers_5___seed_1_1761468207
9605120,2-Training-Stats/SPS,71.0,Pong1PQFM_XObs_entangled_trainable_rzz_QLayers_5___seed_1_1761468207
9609216,2-Training-Stats/SPS,71.0,Pong1PQFM_XObs_entangled_trainable_rzz_QLayers_5___seed_1_1761468207
9613312,2-Training-Stats/SPS,71.0,Pong1PQFM_XObs_entangled_trainable_rzz_QLayers_5___seed_1_1761468207
9617408,2-Training-Stats/SPS,71.0,Pong1PQFM_XObs_entangled_trainable_rzz_QLayers_5___seed_1_1761468207
9621504,2-Training-Stats/SPS,71.0,Pong1PQFM_XObs_entangled_trainable_rzz_QLayers_5___seed_1_1761468207
9625600,2-Training-Stats/SPS,71.0,Pong1PQFM_XObs_entangled_trainable_rzz_QLayers_5___seed_1_1761468207
9629696,2-Training-Stats/SPS,71.0,Pong1PQFM_XObs_entangled_trainable_rzz_QLayers_5___seed_1_1761468207
9633792,2-Training-Stats/SPS,71.0,Pong1PQFM_XObs_entangled_trainable_rzz_QLayers_5___seed_1_1761468207
9637888,2-Training-Stats/SPS,71.0,Pong1PQFM_XObs_entangled_trainable_rzz_QLayers_5___seed_1_1761468207
9641984,2-Training-Stats/SPS,71.0,Pong1PQFM_XObs_entangled_trainable_rzz_QLayers_5___seed_1_1761468207
9646080,2-Training-Stats/SPS,71.0,Pong1PQFM_XObs_entangled_trainable_rzz_QLayers_5___seed_1_1761468207
9650176,2-Training-Stats/SPS,71.0,Pong1PQFM_XObs_entangled_trainable_rzz_QLayers_5___seed_1_1761468207
9654272,2-Training-Stats/SPS,71.0,Pong1PQFM_XObs_entangled_trainable_rzz_QLayers_5___seed_1_1761468207
9658368,2-Training-Stats/SPS,71.0,Pong1PQFM_XObs_entangled_trainable_rzz_QLayers_5___seed_1_1761468207
9662464,2-Training-Stats/SPS,71.0,Pong1PQFM_XObs_entangled_trainable_rzz_QLayers_5___seed_1_1761468207
9666560,2-Training-Stats/SPS,71.0,Pong1PQFM_XObs_entangled_trainable_rzz_QLayers_5___seed_1_1761468207
9670656,2-Training-Stats/SPS,71.0,Pong1PQFM_XObs_entangled_trainable_rzz_QLayers_5___seed_1_1761468207
9674752,2-Training-Stats/SPS,71.0,Pong1PQFM_XObs_entangled_trainable_rzz_QLayers_5___seed_1_1761468207
9678848,2-Training-Stats/SPS,71.0,Pong1PQFM_XObs_entangled_trainable_rzz_QLayers_5___seed_1_1761468207
9682944,2-Training-Stats/SPS,71.0,Pong1PQFM_XObs_entangled_trainable_rzz_QLayers_5___seed_1_1761468207
9687040,2-Training-Stats/SPS,71.0,Pong1PQFM_XObs_entangled_trainable_rzz_QLayers_5___seed_1_1761468207
9691136,2-Training-Stats/SPS,71.0,Pong1PQFM_XObs_entangled_trainable_rzz_QLayers_5___seed_1_1761468207
9695232,2-Training-Stats/SPS,71.0,Pong1PQFM_XObs_entangled_trainable_rzz_QLayers_5___seed_1_1761468207
9699328,2-Training-Stats/SPS,71.0,Pong1PQFM_XObs_entangled_trainable_rzz_QLayers_5___seed_1_1761468207
9703424,2-Training-Stats/SPS,71.0,Pong1PQFM_XObs_entangled_trainable_rzz_QLayers_5___seed_1_1761468207
9707520,2-Training-Stats/SPS,71.0,Pong1PQFM_XObs_entangled_trainable_rzz_QLayers_5___seed_1_1761468207
9711616,2-Training-Stats/SPS,71.0,Pong1PQFM_XObs_entangled_trainable_rzz_QLayers_5___seed_1_1761468207
9715712,2-Training-Stats/SPS,71.0,Pong1PQFM_XObs_entangled_trainable_rzz_QLayers_5___seed_1_1761468207
9719808,2-Training-Stats/SPS,71.0,Pong1PQFM_XObs_entangled_trainable_rzz_QLayers_5___seed_1_1761468207
9723904,2-Training-Stats/SPS,71.0,Pong1PQFM_XObs_entangled_trainable_rzz_QLayers_5___seed_1_1761468207
9728000,2-Training-Stats/SPS,71.0,Pong1PQFM_XObs_entangled_trainable_rzz_QLayers_5___seed_1_1761468207
9732096,2-Training-Stats/SPS,71.0,Pong1PQFM_XObs_entangled_trainable_rzz_QLayers_5___seed_1_1761468207
9736192,2-Training-Stats/SPS,71.0,Pong1PQFM_XObs_entangled_trainable_rzz_QLayers_5___seed_1_1761468207
9740288,2-Training-Stats/SPS,71.0,Pong1PQFM_XObs_entangled_trainable_rzz_QLayers_5___seed_1_1761468207
9744384,2-Training-Stats/SPS,71.0,Pong1PQFM_XObs_entangled_trainable_rzz_QLayers_5___seed_1_1761468207
9748480,2-Training-Stats/SPS,71.0,Pong1PQFM_XObs_entangled_trainable_rzz_QLayers_5___seed_1_1761468207
9752576,2-Training-Stats/SPS,71.0,Pong1PQFM_XObs_entangled_trainable_rzz_QLayers_5___seed_1_1761468207
9756672,2-Training-Stats/SPS,71.0,Pong1PQFM_XObs_entangled_trainable_rzz_QLayers_5___seed_1_1761468207
9760768,2-Training-Stats/SPS,71.0,Pong1PQFM_XObs_entangled_trainable_rzz_QLayers_5___seed_1_1761468207
9764864,2-Training-Stats/SPS,71.0,Pong1PQFM_XObs_entangled_trainable_rzz_QLayers_5___seed_1_1761468207
9768960,2-Training-Stats/SPS,71.0,Pong1PQFM_XObs_entangled_trainable_rzz_QLayers_5___seed_1_1761468207
9773056,2-Training-Stats/SPS,71.0,Pong1PQFM_XObs_entangled_trainable_rzz_QLayers_5___seed_1_1761468207
9777152,2-Training-Stats/SPS,71.0,Pong1PQFM_XObs_entangled_trainable_rzz_QLayers_5___seed_1_1761468207
9781248,2-Training-Stats/SPS,71.0,Pong1PQFM_XObs_entangled_trainable_rzz_QLayers_5___seed_1_1761468207
9785344,2-Training-Stats/SPS,71.0,Pong1PQFM_XObs_entangled_trainable_rzz_QLayers_5___seed_1_1761468207
9789440,2-Training-Stats/SPS,71.0,Pong1PQFM_XObs_entangled_trainable_rzz_QLayers_5___seed_1_1761468207
9793536,2-Training-Stats/SPS,71.0,Pong1PQFM_XObs_entangled_trainable_rzz_QLayers_5___seed_1_1761468207
9797632,2-Training-Stats/SPS,71.0,Pong1PQFM_XObs_entangled_trainable_rzz_QLayers_5___seed_1_1761468207
9801728,2-Training-Stats/SPS,71.0,Pong1PQFM_XObs_entangled_trainable_rzz_QLayers_5___seed_1_1761468207
9805824,2-Training-Stats/SPS,71.0,Pong1PQFM_XObs_entangled_trainable_rzz_QLayers_5___seed_1_1761468207
9809920,2-Training-Stats/SPS,71.0,Pong1PQFM_XObs_entangled_trainable_rzz_QLayers_5___seed_1_1761468207
9814016,2-Training-Stats/SPS,71.0,Pong1PQFM_XObs_entangled_trainable_rzz_QLayers_5___seed_1_1761468207
9818112,2-Training-Stats/SPS,71.0,Pong1PQFM_XObs_entangled_trainable_rzz_QLayers_5___seed_1_1761468207
9822208,2-Training-Stats/SPS,71.0,Pong1PQFM_XObs_entangled_trainable_rzz_QLayers_5___seed_1_1761468207
9826304,2-Training-Stats/SPS,71.0,Pong1PQFM_XObs_entangled_trainable_rzz_QLayers_5___seed_1_1761468207
9830400,2-Training-Stats/SPS,71.0,Pong1PQFM_XObs_entangled_trainable_rzz_QLayers_5___seed_1_1761468207
9834496,2-Training-Stats/SPS,71.0,Pong1PQFM_XObs_entangled_trainable_rzz_QLayers_5___seed_1_1761468207
9838592,2-Training-Stats/SPS,71.0,Pong1PQFM_XObs_entangled_trainable_rzz_QLayers_5___seed_1_1761468207
9842688,2-Training-Stats/SPS,71.0,Pong1PQFM_XObs_entangled_trainable_rzz_QLayers_5___seed_1_1761468207
9846784,2-Training-Stats/SPS,71.0,Pong1PQFM_XObs_entangled_trainable_rzz_QLayers_5___seed_1_1761468207
9850880,2-Training-Stats/SPS,71.0,Pong1PQFM_XObs_entangled_trainable_rzz_QLayers_5___seed_1_1761468207
9854976,2-Training-Stats/SPS,71.0,Pong1PQFM_XObs_entangled_trainable_rzz_QLayers_5___seed_1_1761468207
9859072,2-Training-Stats/SPS,71.0,Pong1PQFM_XObs_entangled_trainable_rzz_QLayers_5___seed_1_1761468207
9863168,2-Training-Stats/SPS,71.0,Pong1PQFM_XObs_entangled_trainable_rzz_QLayers_5___seed_1_1761468207
9867264,2-Training-Stats/SPS,71.0,Pong1PQFM_XObs_entangled_trainable_rzz_QLayers_5___seed_1_1761468207
9871360,2-Training-Stats/SPS,71.0,Pong1PQFM_XObs_entangled_trainable_rzz_QLayers_5___seed_1_1761468207
9875456,2-Training-Stats/SPS,71.0,Pong1PQFM_XObs_entangled_trainable_rzz_QLayers_5___seed_1_1761468207
9879552,2-Training-Stats/SPS,71.0,Pong1PQFM_XObs_entangled_trainable_rzz_QLayers_5___seed_1_1761468207
9883648,2-Training-Stats/SPS,71.0,Pong1PQFM_XObs_entangled_trainable_rzz_QLayers_5___seed_1_1761468207
9887744,2-Training-Stats/SPS,71.0,Pong1PQFM_XObs_entangled_trainable_rzz_QLayers_5___seed_1_1761468207
9891840,2-Training-Stats/SPS,71.0,Pong1PQFM_XObs_entangled_trainable_rzz_QLayers_5___seed_1_1761468207
9895936,2-Training-Stats/SPS,71.0,Pong1PQFM_XObs_entangled_trainable_rzz_QLayers_5___seed_1_1761468207
9900032,2-Training-Stats/SPS,71.0,Pong1PQFM_XObs_entangled_trainable_rzz_QLayers_5___seed_1_1761468207
9904128,2-Training-Stats/SPS,71.0,Pong1PQFM_XObs_entangled_trainable_rzz_QLayers_5___seed_1_1761468207
9908224,2-Training-Stats/SPS,71.0,Pong1PQFM_XObs_entangled_trainable_rzz_QLayers_5___seed_1_1761468207
9912320,2-Training-Stats/SPS,71.0,Pong1PQFM_XObs_entangled_trainable_rzz_QLayers_5___seed_1_1761468207
9916416,2-Training-Stats/SPS,71.0,Pong1PQFM_XObs_entangled_trainable_rzz_QLayers_5___seed_1_1761468207
9920512,2-Training-Stats/SPS,71.0,Pong1PQFM_XObs_entangled_trainable_rzz_QLayers_5___seed_1_1761468207
9924608,2-Training-Stats/SPS,71.0,Pong1PQFM_XObs_entangled_trainable_rzz_QLayers_5___seed_1_1761468207
9928704,2-Training-Stats/SPS,71.0,Pong1PQFM_XObs_entangled_trainable_rzz_QLayers_5___seed_1_1761468207
9932800,2-Training-Stats/SPS,71.0,Pong1PQFM_XObs_entangled_trainable_rzz_QLayers_5___seed_1_1761468207
9936896,2-Training-Stats/SPS,71.0,Pong1PQFM_XObs_entangled_trainable_rzz_QLayers_5___seed_1_1761468207
9940992,2-Training-Stats/SPS,71.0,Pong1PQFM_XObs_entangled_trainable_rzz_QLayers_5___seed_1_1761468207
9945088,2-Training-Stats/SPS,71.0,Pong1PQFM_XObs_entangled_trainable_rzz_QLayers_5___seed_1_1761468207
9949184,2-Training-Stats/SPS,71.0,Pong1PQFM_XObs_entangled_trainable_rzz_QLayers_5___seed_1_1761468207
9953280,2-Training-Stats/SPS,71.0,Pong1PQFM_XObs_entangled_trainable_rzz_QLayers_5___seed_1_1761468207
9957376,2-Training-Stats/SPS,71.0,Pong1PQFM_XObs_entangled_trainable_rzz_QLayers_5___seed_1_1761468207
9961472,2-Training-Stats/SPS,71.0,Pong1PQFM_XObs_entangled_trainable_rzz_QLayers_5___seed_1_1761468207
9965568,2-Training-Stats/SPS,71.0,Pong1PQFM_XObs_entangled_trainable_rzz_QLayers_5___seed_1_1761468207
9969664,2-Training-Stats/SPS,71.0,Pong1PQFM_XObs_entangled_trainable_rzz_QLayers_5___seed_1_1761468207
9973760,2-Training-Stats/SPS,71.0,Pong1PQFM_XObs_entangled_trainable_rzz_QLayers_5___seed_1_1761468207
9977856,2-Training-Stats/SPS,71.0,Pong1PQFM_XObs_entangled_trainable_rzz_QLayers_5___seed_1_1761468207
9981952,2-Training-Stats/SPS,71.0,Pong1PQFM_XObs_entangled_trainable_rzz_QLayers_5___seed_1_1761468207
9986048,2-Training-Stats/SPS,71.0,Pong1PQFM_XObs_entangled_trainable_rzz_QLayers_5___seed_1_1761468207
9990144,2-Training-Stats/SPS,71.0,Pong1PQFM_XObs_entangled_trainable_rzz_QLayers_5___seed_1_1761468207
9994240,2-Training-Stats/SPS,71.0,Pong1PQFM_XObs_entangled_trainable_rzz_QLayers_5___seed_1_1761468207
9998336,2-Training-Stats/SPS,71.0,Pong1PQFM_XObs_entangled_trainable_rzz_QLayers_5___seed_1_1761468207
4096,2-Training-Stats/learning_rate,0.0002500000118743628,Pong1PQFM_XObs_entangled_trainable_rzz_QLayers_5___seed_1_1761468207
8192,2-Training-Stats/learning_rate,0.0002498975954949856,Pong1PQFM_XObs_entangled_trainable_rzz_QLayers_5___seed_1_1761468207
12288,2-Training-Stats/learning_rate,0.00024979517911560833,Pong1PQFM_XObs_entangled_trainable_rzz_QLayers_5___seed_1_1761468207
16384,2-Training-Stats/learning_rate,0.0002496927627362311,Pong1PQFM_XObs_entangled_trainable_rzz_QLayers_5___seed_1_1761468207
20480,2-Training-Stats/learning_rate,0.00024959034635685384,Pong1PQFM_XObs_entangled_trainable_rzz_QLayers_5___seed_1_1761468207
24576,2-Training-Stats/learning_rate,0.00024948790087364614,Pong1PQFM_XObs_entangled_trainable_rzz_QLayers_5___seed_1_1761468207
28672,2-Training-Stats/learning_rate,0.0002493854844942689,Pong1PQFM_XObs_entangled_trainable_rzz_QLayers_5___seed_1_1761468207
32768,2-Training-Stats/learning_rate,0.00024928306811489165,Pong1PQFM_XObs_entangled_trainable_rzz_QLayers_5___seed_1_1761468207
36864,2-Training-Stats/learning_rate,0.0002491806517355144,Pong1PQFM_XObs_entangled_trainable_rzz_QLayers_5___seed_1_1761468207
40960,2-Training-Stats/learning_rate,0.00024907823535613716,Pong1PQFM_XObs_entangled_trainable_rzz_QLayers_5___seed_1_1761468207
45056,2-Training-Stats/learning_rate,0.0002489758189767599,Pong1PQFM_XObs_entangled_trainable_rzz_QLayers_5___seed_1_1761468207
49152,2-Training-Stats/learning_rate,0.00024887340259738266,Pong1PQFM_XObs_entangled_trainable_rzz_QLayers_5___seed_1_1761468207
53248,2-Training-Stats/learning_rate,0.0002487709862180054,Pong1PQFM_XObs_entangled_trainable_rzz_QLayers_5___seed_1_1761468207
57344,2-Training-Stats/learning_rate,0.00024866856983862817,Pong1PQFM_XObs_entangled_trainable_rzz_QLayers_5___seed_1_1761468207
61440,2-Training-Stats/learning_rate,0.0002485661534592509,Pong1PQFM_XObs_entangled_trainable_rzz_QLayers_5___seed_1_1761468207
65536,2-Training-Stats/learning_rate,0.0002484637370798737,Pong1PQFM_XObs_entangled_trainable_rzz_QLayers_5___seed_1_1761468207
69632,2-Training-Stats/learning_rate,0.00024836132070049644,Pong1PQFM_XObs_entangled_trainable_rzz_QLayers_5___seed_1_1761468207
73728,2-Training-Stats/learning_rate,0.0002482589043211192,Pong1PQFM_XObs_entangled_trainable_rzz_QLayers_5___seed_1_1761468207
77824,2-Training-Stats/learning_rate,0.00024815648794174194,Pong1PQFM_XObs_entangled_trainable_rzz_QLayers_5___seed_1_1761468207
81920,2-Training-Stats/learning_rate,0.0002480540715623647,Pong1PQFM_XObs_entangled_trainable_rzz_QLayers_5___seed_1_1761468207
86016,2-Training-Stats/learning_rate,0.00024795165518298745,Pong1PQFM_XObs_entangled_trainable_rzz_QLayers_5___seed_1_1761468207
90112,2-Training-Stats/learning_rate,0.0002478492388036102,Pong1PQFM_XObs_entangled_trainable_rzz_QLayers_5___seed_1_1761468207
94208,2-Training-Stats/learning_rate,0.00024774682242423296,Pong1PQFM_XObs_entangled_trainable_rzz_QLayers_5___seed_1_1761468207
98304,2-Training-Stats/learning_rate,0.0002476444060448557,Pong1PQFM_XObs_entangled_trainable_rzz_QLayers_5___seed_1_1761468207
102400,2-Training-Stats/learning_rate,0.00024754198966547847,Pong1PQFM_XObs_entangled_trainable_rzz_QLayers_5___seed_1_1761468207
106496,2-Training-Stats/learning_rate,0.0002474395732861012,Pong1PQFM_XObs_entangled_trainable_rzz_QLayers_5___seed_1_1761468207
110592,2-Training-Stats/learning_rate,0.000247337156906724,Pong1PQFM_XObs_entangled_trainable_rzz_QLayers_5___seed_1_1761468207
114688,2-Training-Stats/learning_rate,0.00024723474052734673,Pong1PQFM_XObs_entangled_trainable_rzz_QLayers_5___seed_1_1761468207
118784,2-Training-Stats/learning_rate,0.0002471323241479695,Pong1PQFM_XObs_entangled_trainable_rzz_QLayers_5___seed_1_1761468207
122880,2-Training-Stats/learning_rate,0.00024702990776859224,Pong1PQFM_XObs_entangled_trainable_rzz_QLayers_5___seed_1_1761468207
126976,2-Training-Stats/learning_rate,0.000246927491389215,Pong1PQFM_XObs_entangled_trainable_rzz_QLayers_5___seed_1_1761468207
131072,2-Training-Stats/learning_rate,0.00024682507500983775,Pong1PQFM_XObs_entangled_trainable_rzz_QLayers_5___seed_1_1761468207
135168,2-Training-Stats/learning_rate,0.0002467226586304605,Pong1PQFM_XObs_entangled_trainable_rzz_QLayers_5___seed_1_1761468207
139264,2-Training-Stats/learning_rate,0.00024662024225108325,Pong1PQFM_XObs_entangled_trainable_rzz_QLayers_5___seed_1_1761468207
143360,2-Training-Stats/learning_rate,0.000246517825871706,Pong1PQFM_XObs_entangled_trainable_rzz_QLayers_5___seed_1_1761468207
147456,2-Training-Stats/learning_rate,0.00024641540949232876,Pong1PQFM_XObs_entangled_trainable_rzz_QLayers_5___seed_1_1761468207
151552,2-Training-Stats/learning_rate,0.0002463129931129515,Pong1PQFM_XObs_entangled_trainable_rzz_QLayers_5___seed_1_1761468207
155648,2-Training-Stats/learning_rate,0.00024621057673357427,Pong1PQFM_XObs_entangled_trainable_rzz_QLayers_5___seed_1_1761468207
159744,2-Training-Stats/learning_rate,0.000246108160354197,Pong1PQFM_XObs_entangled_trainable_rzz_QLayers_5___seed_1_1761468207
163840,2-Training-Stats/learning_rate,0.0002460057439748198,Pong1PQFM_XObs_entangled_trainable_rzz_QLayers_5___seed_1_1761468207
167936,2-Training-Stats/learning_rate,0.00024590332759544253,Pong1PQFM_XObs_entangled_trainable_rzz_QLayers_5___seed_1_1761468207
172032,2-Training-Stats/learning_rate,0.0002458009112160653,Pong1PQFM_XObs_entangled_trainable_rzz_QLayers_5___seed_1_1761468207
176128,2-Training-Stats/learning_rate,0.00024569849483668804,Pong1PQFM_XObs_entangled_trainable_rzz_QLayers_5___seed_1_1761468207
180224,2-Training-Stats/learning_rate,0.0002455960784573108,Pong1PQFM_XObs_entangled_trainable_rzz_QLayers_5___seed_1_1761468207
184320,2-Training-Stats/learning_rate,0.00024549366207793355,Pong1PQFM_XObs_entangled_trainable_rzz_QLayers_5___seed_1_1761468207
188416,2-Training-Stats/learning_rate,0.0002453912456985563,Pong1PQFM_XObs_entangled_trainable_rzz_QLayers_5___seed_1_1761468207
192512,2-Training-Stats/learning_rate,0.00024528882931917906,Pong1PQFM_XObs_entangled_trainable_rzz_QLayers_5___seed_1_1761468207
196608,2-Training-Stats/learning_rate,0.0002451864129398018,Pong1PQFM_XObs_entangled_trainable_rzz_QLayers_5___seed_1_1761468207
200704,2-Training-Stats/learning_rate,0.0002450839674565941,Pong1PQFM_XObs_entangled_trainable_rzz_QLayers_5___seed_1_1761468207
204800,2-Training-Stats/learning_rate,0.00024498155107721686,Pong1PQFM_XObs_entangled_trainable_rzz_QLayers_5___seed_1_1761468207
208896,2-Training-Stats/learning_rate,0.0002448791346978396,Pong1PQFM_XObs_entangled_trainable_rzz_QLayers_5___seed_1_1761468207
212992,2-Training-Stats/learning_rate,0.00024477671831846237,Pong1PQFM_XObs_entangled_trainable_rzz_QLayers_5___seed_1_1761468207
217088,2-Training-Stats/learning_rate,0.0002446743019390851,Pong1PQFM_XObs_entangled_trainable_rzz_QLayers_5___seed_1_1761468207
221184,2-Training-Stats/learning_rate,0.0002445718855597079,Pong1PQFM_XObs_entangled_trainable_rzz_QLayers_5___seed_1_1761468207
225280,2-Training-Stats/learning_rate,0.00024446946918033063,Pong1PQFM_XObs_entangled_trainable_rzz_QLayers_5___seed_1_1761468207
229376,2-Training-Stats/learning_rate,0.0002443670528009534,Pong1PQFM_XObs_entangled_trainable_rzz_QLayers_5___seed_1_1761468207
233472,2-Training-Stats/learning_rate,0.00024426463642157614,Pong1PQFM_XObs_entangled_trainable_rzz_QLayers_5___seed_1_1761468207
237568,2-Training-Stats/learning_rate,0.0002441622200421989,Pong1PQFM_XObs_entangled_trainable_rzz_QLayers_5___seed_1_1761468207
241664,2-Training-Stats/learning_rate,0.00024405981821473688,Pong1PQFM_XObs_entangled_trainable_rzz_QLayers_5___seed_1_1761468207
245760,2-Training-Stats/learning_rate,0.0002439573872834444,Pong1PQFM_XObs_entangled_trainable_rzz_QLayers_5___seed_1_1761468207
249856,2-Training-Stats/learning_rate,0.00024385497090406716,Pong1PQFM_XObs_entangled_trainable_rzz_QLayers_5___seed_1_1761468207
253952,2-Training-Stats/learning_rate,0.0002437525545246899,Pong1PQFM_XObs_entangled_trainable_rzz_QLayers_5___seed_1_1761468207
258048,2-Training-Stats/learning_rate,0.00024365013814531267,Pong1PQFM_XObs_entangled_trainable_rzz_QLayers_5___seed_1_1761468207
262144,2-Training-Stats/learning_rate,0.00024354772176593542,Pong1PQFM_XObs_entangled_trainable_rzz_QLayers_5___seed_1_1761468207
266240,2-Training-Stats/learning_rate,0.00024344530538655818,Pong1PQFM_XObs_entangled_trainable_rzz_QLayers_5___seed_1_1761468207
270336,2-Training-Stats/learning_rate,0.00024334288900718093,Pong1PQFM_XObs_entangled_trainable_rzz_QLayers_5___seed_1_1761468207
274432,2-Training-Stats/learning_rate,0.00024324047262780368,Pong1PQFM_XObs_entangled_trainable_rzz_QLayers_5___seed_1_1761468207
278528,2-Training-Stats/learning_rate,0.00024313805624842644,Pong1PQFM_XObs_entangled_trainable_rzz_QLayers_5___seed_1_1761468207
282624,2-Training-Stats/learning_rate,0.0002430356398690492,Pong1PQFM_XObs_entangled_trainable_rzz_QLayers_5___seed_1_1761468207
286720,2-Training-Stats/learning_rate,0.00024293322348967195,Pong1PQFM_XObs_entangled_trainable_rzz_QLayers_5___seed_1_1761468207
290816,2-Training-Stats/learning_rate,0.0002428308071102947,Pong1PQFM_XObs_entangled_trainable_rzz_QLayers_5___seed_1_1761468207
294912,2-Training-Stats/learning_rate,0.00024272839073091745,Pong1PQFM_XObs_entangled_trainable_rzz_QLayers_5___seed_1_1761468207
299008,2-Training-Stats/learning_rate,0.0002426259743515402,Pong1PQFM_XObs_entangled_trainable_rzz_QLayers_5___seed_1_1761468207
303104,2-Training-Stats/learning_rate,0.00024252355797216296,Pong1PQFM_XObs_entangled_trainable_rzz_QLayers_5___seed_1_1761468207
307200,2-Training-Stats/learning_rate,0.00024242114159278572,Pong1PQFM_XObs_entangled_trainable_rzz_QLayers_5___seed_1_1761468207
311296,2-Training-Stats/learning_rate,0.00024231872521340847,Pong1PQFM_XObs_entangled_trainable_rzz_QLayers_5___seed_1_1761468207
315392,2-Training-Stats/learning_rate,0.00024221630883403122,Pong1PQFM_XObs_entangled_trainable_rzz_QLayers_5___seed_1_1761468207
319488,2-Training-Stats/learning_rate,0.00024211389245465398,Pong1PQFM_XObs_entangled_trainable_rzz_QLayers_5___seed_1_1761468207
323584,2-Training-Stats/learning_rate,0.00024201147607527673,Pong1PQFM_XObs_entangled_trainable_rzz_QLayers_5___seed_1_1761468207
327680,2-Training-Stats/learning_rate,0.0002419090596958995,Pong1PQFM_XObs_entangled_trainable_rzz_QLayers_5___seed_1_1761468207
331776,2-Training-Stats/learning_rate,0.00024180664331652224,Pong1PQFM_XObs_entangled_trainable_rzz_QLayers_5___seed_1_1761468207
335872,2-Training-Stats/learning_rate,0.00024170421238522977,Pong1PQFM_XObs_entangled_trainable_rzz_QLayers_5___seed_1_1761468207
339968,2-Training-Stats/learning_rate,0.00024160179600585252,Pong1PQFM_XObs_entangled_trainable_rzz_QLayers_5___seed_1_1761468207
344064,2-Training-Stats/learning_rate,0.00024149937962647527,Pong1PQFM_XObs_entangled_trainable_rzz_QLayers_5___seed_1_1761468207
348160,2-Training-Stats/learning_rate,0.00024139696324709803,Pong1PQFM_XObs_entangled_trainable_rzz_QLayers_5___seed_1_1761468207
352256,2-Training-Stats/learning_rate,0.00024129454686772078,Pong1PQFM_XObs_entangled_trainable_rzz_QLayers_5___seed_1_1761468207
356352,2-Training-Stats/learning_rate,0.00024119213048834354,Pong1PQFM_XObs_entangled_trainable_rzz_QLayers_5___seed_1_1761468207
360448,2-Training-Stats/learning_rate,0.0002410897141089663,Pong1PQFM_XObs_entangled_trainable_rzz_QLayers_5___seed_1_1761468207
364544,2-Training-Stats/learning_rate,0.00024098729772958905,Pong1PQFM_XObs_entangled_trainable_rzz_QLayers_5___seed_1_1761468207
368640,2-Training-Stats/learning_rate,0.0002408848813502118,Pong1PQFM_XObs_entangled_trainable_rzz_QLayers_5___seed_1_1761468207
372736,2-Training-Stats/learning_rate,0.00024078246497083455,Pong1PQFM_XObs_entangled_trainable_rzz_QLayers_5___seed_1_1761468207
376832,2-Training-Stats/learning_rate,0.0002406800485914573,Pong1PQFM_XObs_entangled_trainable_rzz_QLayers_5___seed_1_1761468207
380928,2-Training-Stats/learning_rate,0.00024057763221208006,Pong1PQFM_XObs_entangled_trainable_rzz_QLayers_5___seed_1_1761468207
385024,2-Training-Stats/learning_rate,0.00024047521583270282,Pong1PQFM_XObs_entangled_trainable_rzz_QLayers_5___seed_1_1761468207
389120,2-Training-Stats/learning_rate,0.00024037279945332557,Pong1PQFM_XObs_entangled_trainable_rzz_QLayers_5___seed_1_1761468207
393216,2-Training-Stats/learning_rate,0.00024027038307394832,Pong1PQFM_XObs_entangled_trainable_rzz_QLayers_5___seed_1_1761468207
397312,2-Training-Stats/learning_rate,0.00024016796669457108,Pong1PQFM_XObs_entangled_trainable_rzz_QLayers_5___seed_1_1761468207
401408,2-Training-Stats/learning_rate,0.00024006555031519383,Pong1PQFM_XObs_entangled_trainable_rzz_QLayers_5___seed_1_1761468207
405504,2-Training-Stats/learning_rate,0.00023996313393581659,Pong1PQFM_XObs_entangled_trainable_rzz_QLayers_5___seed_1_1761468207
409600,2-Training-Stats/learning_rate,0.00023986071755643934,Pong1PQFM_XObs_entangled_trainable_rzz_QLayers_5___seed_1_1761468207
413696,2-Training-Stats/learning_rate,0.0002397583011770621,Pong1PQFM_XObs_entangled_trainable_rzz_QLayers_5___seed_1_1761468207
417792,2-Training-Stats/learning_rate,0.00023965588479768485,Pong1PQFM_XObs_entangled_trainable_rzz_QLayers_5___seed_1_1761468207
421888,2-Training-Stats/learning_rate,0.0002395534684183076,Pong1PQFM_XObs_entangled_trainable_rzz_QLayers_5___seed_1_1761468207
425984,2-Training-Stats/learning_rate,0.00023945103748701513,Pong1PQFM_XObs_entangled_trainable_rzz_QLayers_5___seed_1_1761468207
430080,2-Training-Stats/learning_rate,0.00023934862110763788,Pong1PQFM_XObs_entangled_trainable_rzz_QLayers_5___seed_1_1761468207
434176,2-Training-Stats/learning_rate,0.00023924620472826064,Pong1PQFM_XObs_entangled_trainable_rzz_QLayers_5___seed_1_1761468207
438272,2-Training-Stats/learning_rate,0.0002391437883488834,Pong1PQFM_XObs_entangled_trainable_rzz_QLayers_5___seed_1_1761468207
442368,2-Training-Stats/learning_rate,0.00023904137196950614,Pong1PQFM_XObs_entangled_trainable_rzz_QLayers_5___seed_1_1761468207
446464,2-Training-Stats/learning_rate,0.0002389389555901289,Pong1PQFM_XObs_entangled_trainable_rzz_QLayers_5___seed_1_1761468207
450560,2-Training-Stats/learning_rate,0.00023883653921075165,Pong1PQFM_XObs_entangled_trainable_rzz_QLayers_5___seed_1_1761468207
454656,2-Training-Stats/learning_rate,0.0002387341228313744,Pong1PQFM_XObs_entangled_trainable_rzz_QLayers_5___seed_1_1761468207
458752,2-Training-Stats/learning_rate,0.00023863170645199716,Pong1PQFM_XObs_entangled_trainable_rzz_QLayers_5___seed_1_1761468207
462848,2-Training-Stats/learning_rate,0.00023852929007261992,Pong1PQFM_XObs_entangled_trainable_rzz_QLayers_5___seed_1_1761468207
466944,2-Training-Stats/learning_rate,0.00023842687369324267,Pong1PQFM_XObs_entangled_trainable_rzz_QLayers_5___seed_1_1761468207
471040,2-Training-Stats/learning_rate,0.00023832445731386542,Pong1PQFM_XObs_entangled_trainable_rzz_QLayers_5___seed_1_1761468207
475136,2-Training-Stats/learning_rate,0.00023822204093448818,Pong1PQFM_XObs_entangled_trainable_rzz_QLayers_5___seed_1_1761468207
479232,2-Training-Stats/learning_rate,0.00023811962455511093,Pong1PQFM_XObs_entangled_trainable_rzz_QLayers_5___seed_1_1761468207
483328,2-Training-Stats/learning_rate,0.00023801720817573369,Pong1PQFM_XObs_entangled_trainable_rzz_QLayers_5___seed_1_1761468207
487424,2-Training-Stats/learning_rate,0.00023791479179635644,Pong1PQFM_XObs_entangled_trainable_rzz_QLayers_5___seed_1_1761468207
491520,2-Training-Stats/learning_rate,0.0002378123754169792,Pong1PQFM_XObs_entangled_trainable_rzz_QLayers_5___seed_1_1761468207
495616,2-Training-Stats/learning_rate,0.00023770995903760195,Pong1PQFM_XObs_entangled_trainable_rzz_QLayers_5___seed_1_1761468207
499712,2-Training-Stats/learning_rate,0.0002376075426582247,Pong1PQFM_XObs_entangled_trainable_rzz_QLayers_5___seed_1_1761468207
503808,2-Training-Stats/learning_rate,0.00023750512627884746,Pong1PQFM_XObs_entangled_trainable_rzz_QLayers_5___seed_1_1761468207
507904,2-Training-Stats/learning_rate,0.0002374027098994702,Pong1PQFM_XObs_entangled_trainable_rzz_QLayers_5___seed_1_1761468207
512000,2-Training-Stats/learning_rate,0.00023730029352009296,Pong1PQFM_XObs_entangled_trainable_rzz_QLayers_5___seed_1_1761468207
516096,2-Training-Stats/learning_rate,0.0002371978625888005,Pong1PQFM_XObs_entangled_trainable_rzz_QLayers_5___seed_1_1761468207
520192,2-Training-Stats/learning_rate,0.00023709544620942324,Pong1PQFM_XObs_entangled_trainable_rzz_QLayers_5___seed_1_1761468207
524288,2-Training-Stats/learning_rate,0.000236993029830046,Pong1PQFM_XObs_entangled_trainable_rzz_QLayers_5___seed_1_1761468207
528384,2-Training-Stats/learning_rate,0.00023689061345066875,Pong1PQFM_XObs_entangled_trainable_rzz_QLayers_5___seed_1_1761468207
532480,2-Training-Stats/learning_rate,0.0002367881970712915,Pong1PQFM_XObs_entangled_trainable_rzz_QLayers_5___seed_1_1761468207
536576,2-Training-Stats/learning_rate,0.00023668578069191426,Pong1PQFM_XObs_entangled_trainable_rzz_QLayers_5___seed_1_1761468207
540672,2-Training-Stats/learning_rate,0.00023658336431253701,Pong1PQFM_XObs_entangled_trainable_rzz_QLayers_5___seed_1_1761468207
544768,2-Training-Stats/learning_rate,0.00023648094793315977,Pong1PQFM_XObs_entangled_trainable_rzz_QLayers_5___seed_1_1761468207
548864,2-Training-Stats/learning_rate,0.00023637853155378252,Pong1PQFM_XObs_entangled_trainable_rzz_QLayers_5___seed_1_1761468207
552960,2-Training-Stats/learning_rate,0.00023627611517440528,Pong1PQFM_XObs_entangled_trainable_rzz_QLayers_5___seed_1_1761468207
557056,2-Training-Stats/learning_rate,0.00023617369879502803,Pong1PQFM_XObs_entangled_trainable_rzz_QLayers_5___seed_1_1761468207
561152,2-Training-Stats/learning_rate,0.00023607128241565078,Pong1PQFM_XObs_entangled_trainable_rzz_QLayers_5___seed_1_1761468207
565248,2-Training-Stats/learning_rate,0.00023596886603627354,Pong1PQFM_XObs_entangled_trainable_rzz_QLayers_5___seed_1_1761468207
569344,2-Training-Stats/learning_rate,0.0002358664496568963,Pong1PQFM_XObs_entangled_trainable_rzz_QLayers_5___seed_1_1761468207
573440,2-Training-Stats/learning_rate,0.00023576403327751905,Pong1PQFM_XObs_entangled_trainable_rzz_QLayers_5___seed_1_1761468207
577536,2-Training-Stats/learning_rate,0.0002356616168981418,Pong1PQFM_XObs_entangled_trainable_rzz_QLayers_5___seed_1_1761468207
581632,2-Training-Stats/learning_rate,0.00023555920051876456,Pong1PQFM_XObs_entangled_trainable_rzz_QLayers_5___seed_1_1761468207
585728,2-Training-Stats/learning_rate,0.0002354567841393873,Pong1PQFM_XObs_entangled_trainable_rzz_QLayers_5___seed_1_1761468207
589824,2-Training-Stats/learning_rate,0.00023535436776001006,Pong1PQFM_XObs_entangled_trainable_rzz_QLayers_5___seed_1_1761468207
593920,2-Training-Stats/learning_rate,0.00023525195138063282,Pong1PQFM_XObs_entangled_trainable_rzz_QLayers_5___seed_1_1761468207
598016,2-Training-Stats/learning_rate,0.00023514953500125557,Pong1PQFM_XObs_entangled_trainable_rzz_QLayers_5___seed_1_1761468207
602112,2-Training-Stats/learning_rate,0.00023504711862187833,Pong1PQFM_XObs_entangled_trainable_rzz_QLayers_5___seed_1_1761468207
606208,2-Training-Stats/learning_rate,0.00023494468769058585,Pong1PQFM_XObs_entangled_trainable_rzz_QLayers_5___seed_1_1761468207
610304,2-Training-Stats/learning_rate,0.0002348422713112086,Pong1PQFM_XObs_entangled_trainable_rzz_QLayers_5___seed_1_1761468207
614400,2-Training-Stats/learning_rate,0.00023473985493183136,Pong1PQFM_XObs_entangled_trainable_rzz_QLayers_5___seed_1_1761468207
618496,2-Training-Stats/learning_rate,0.00023463743855245411,Pong1PQFM_XObs_entangled_trainable_rzz_QLayers_5___seed_1_1761468207
622592,2-Training-Stats/learning_rate,0.00023453502217307687,Pong1PQFM_XObs_entangled_trainable_rzz_QLayers_5___seed_1_1761468207
626688,2-Training-Stats/learning_rate,0.00023443260579369962,Pong1PQFM_XObs_entangled_trainable_rzz_QLayers_5___seed_1_1761468207
630784,2-Training-Stats/learning_rate,0.00023433018941432238,Pong1PQFM_XObs_entangled_trainable_rzz_QLayers_5___seed_1_1761468207
634880,2-Training-Stats/learning_rate,0.00023422777303494513,Pong1PQFM_XObs_entangled_trainable_rzz_QLayers_5___seed_1_1761468207
638976,2-Training-Stats/learning_rate,0.00023412535665556788,Pong1PQFM_XObs_entangled_trainable_rzz_QLayers_5___seed_1_1761468207
643072,2-Training-Stats/learning_rate,0.00023402294027619064,Pong1PQFM_XObs_entangled_trainable_rzz_QLayers_5___seed_1_1761468207
647168,2-Training-Stats/learning_rate,0.0002339205238968134,Pong1PQFM_XObs_entangled_trainable_rzz_QLayers_5___seed_1_1761468207
651264,2-Training-Stats/learning_rate,0.00023381810751743615,Pong1PQFM_XObs_entangled_trainable_rzz_QLayers_5___seed_1_1761468207
655360,2-Training-Stats/learning_rate,0.0002337156911380589,Pong1PQFM_XObs_entangled_trainable_rzz_QLayers_5___seed_1_1761468207
659456,2-Training-Stats/learning_rate,0.00023361327475868165,Pong1PQFM_XObs_entangled_trainable_rzz_QLayers_5___seed_1_1761468207
663552,2-Training-Stats/learning_rate,0.0002335108583793044,Pong1PQFM_XObs_entangled_trainable_rzz_QLayers_5___seed_1_1761468207
667648,2-Training-Stats/learning_rate,0.00023340844199992716,Pong1PQFM_XObs_entangled_trainable_rzz_QLayers_5___seed_1_1761468207
671744,2-Training-Stats/learning_rate,0.00023330602562054992,Pong1PQFM_XObs_entangled_trainable_rzz_QLayers_5___seed_1_1761468207
675840,2-Training-Stats/learning_rate,0.00023320360924117267,Pong1PQFM_XObs_entangled_trainable_rzz_QLayers_5___seed_1_1761468207
679936,2-Training-Stats/learning_rate,0.00023310119286179543,Pong1PQFM_XObs_entangled_trainable_rzz_QLayers_5___seed_1_1761468207
684032,2-Training-Stats/learning_rate,0.00023299877648241818,Pong1PQFM_XObs_entangled_trainable_rzz_QLayers_5___seed_1_1761468207
688128,2-Training-Stats/learning_rate,0.00023289636010304093,Pong1PQFM_XObs_entangled_trainable_rzz_QLayers_5___seed_1_1761468207
692224,2-Training-Stats/learning_rate,0.0002327939437236637,Pong1PQFM_XObs_entangled_trainable_rzz_QLayers_5___seed_1_1761468207
696320,2-Training-Stats/learning_rate,0.0002326915127923712,Pong1PQFM_XObs_entangled_trainable_rzz_QLayers_5___seed_1_1761468207
700416,2-Training-Stats/learning_rate,0.00023258909641299397,Pong1PQFM_XObs_entangled_trainable_rzz_QLayers_5___seed_1_1761468207
704512,2-Training-Stats/learning_rate,0.00023248668003361672,Pong1PQFM_XObs_entangled_trainable_rzz_QLayers_5___seed_1_1761468207
708608,2-Training-Stats/learning_rate,0.00023238426365423948,Pong1PQFM_XObs_entangled_trainable_rzz_QLayers_5___seed_1_1761468207
712704,2-Training-Stats/learning_rate,0.00023228184727486223,Pong1PQFM_XObs_entangled_trainable_rzz_QLayers_5___seed_1_1761468207
716800,2-Training-Stats/learning_rate,0.00023217943089548498,Pong1PQFM_XObs_entangled_trainable_rzz_QLayers_5___seed_1_1761468207
720896,2-Training-Stats/learning_rate,0.00023207701451610774,Pong1PQFM_XObs_entangled_trainable_rzz_QLayers_5___seed_1_1761468207
724992,2-Training-Stats/learning_rate,0.0002319745981367305,Pong1PQFM_XObs_entangled_trainable_rzz_QLayers_5___seed_1_1761468207
729088,2-Training-Stats/learning_rate,0.00023187218175735325,Pong1PQFM_XObs_entangled_trainable_rzz_QLayers_5___seed_1_1761468207
733184,2-Training-Stats/learning_rate,0.000231769765377976,Pong1PQFM_XObs_entangled_trainable_rzz_QLayers_5___seed_1_1761468207
737280,2-Training-Stats/learning_rate,0.00023166734899859875,Pong1PQFM_XObs_entangled_trainable_rzz_QLayers_5___seed_1_1761468207
741376,2-Training-Stats/learning_rate,0.0002315649326192215,Pong1PQFM_XObs_entangled_trainable_rzz_QLayers_5___seed_1_1761468207
745472,2-Training-Stats/learning_rate,0.00023146251623984426,Pong1PQFM_XObs_entangled_trainable_rzz_QLayers_5___seed_1_1761468207
749568,2-Training-Stats/learning_rate,0.00023136009986046702,Pong1PQFM_XObs_entangled_trainable_rzz_QLayers_5___seed_1_1761468207
753664,2-Training-Stats/learning_rate,0.00023125768348108977,Pong1PQFM_XObs_entangled_trainable_rzz_QLayers_5___seed_1_1761468207
757760,2-Training-Stats/learning_rate,0.00023115526710171252,Pong1PQFM_XObs_entangled_trainable_rzz_QLayers_5___seed_1_1761468207
761856,2-Training-Stats/learning_rate,0.00023105285072233528,Pong1PQFM_XObs_entangled_trainable_rzz_QLayers_5___seed_1_1761468207
765952,2-Training-Stats/learning_rate,0.00023095043434295803,Pong1PQFM_XObs_entangled_trainable_rzz_QLayers_5___seed_1_1761468207
770048,2-Training-Stats/learning_rate,0.0002308480179635808,Pong1PQFM_XObs_entangled_trainable_rzz_QLayers_5___seed_1_1761468207
774144,2-Training-Stats/learning_rate,0.00023074560158420354,Pong1PQFM_XObs_entangled_trainable_rzz_QLayers_5___seed_1_1761468207
778240,2-Training-Stats/learning_rate,0.0002306431852048263,Pong1PQFM_XObs_entangled_trainable_rzz_QLayers_5___seed_1_1761468207
782336,2-Training-Stats/learning_rate,0.00023054076882544905,Pong1PQFM_XObs_entangled_trainable_rzz_QLayers_5___seed_1_1761468207
786432,2-Training-Stats/learning_rate,0.00023043833789415658,Pong1PQFM_XObs_entangled_trainable_rzz_QLayers_5___seed_1_1761468207
790528,2-Training-Stats/learning_rate,0.00023033592151477933,Pong1PQFM_XObs_entangled_trainable_rzz_QLayers_5___seed_1_1761468207
794624,2-Training-Stats/learning_rate,0.00023023350513540208,Pong1PQFM_XObs_entangled_trainable_rzz_QLayers_5___seed_1_1761468207
798720,2-Training-Stats/learning_rate,0.00023013108875602484,Pong1PQFM_XObs_entangled_trainable_rzz_QLayers_5___seed_1_1761468207
802816,2-Training-Stats/learning_rate,0.0002300286723766476,Pong1PQFM_XObs_entangled_trainable_rzz_QLayers_5___seed_1_1761468207
806912,2-Training-Stats/learning_rate,0.00022992625599727035,Pong1PQFM_XObs_entangled_trainable_rzz_QLayers_5___seed_1_1761468207
811008,2-Training-Stats/learning_rate,0.0002298238396178931,Pong1PQFM_XObs_entangled_trainable_rzz_QLayers_5___seed_1_1761468207
815104,2-Training-Stats/learning_rate,0.00022972142323851585,Pong1PQFM_XObs_entangled_trainable_rzz_QLayers_5___seed_1_1761468207
819200,2-Training-Stats/learning_rate,0.0002296190068591386,Pong1PQFM_XObs_entangled_trainable_rzz_QLayers_5___seed_1_1761468207
823296,2-Training-Stats/learning_rate,0.00022951659047976136,Pong1PQFM_XObs_entangled_trainable_rzz_QLayers_5___seed_1_1761468207
827392,2-Training-Stats/learning_rate,0.00022941417410038412,Pong1PQFM_XObs_entangled_trainable_rzz_QLayers_5___seed_1_1761468207
831488,2-Training-Stats/learning_rate,0.00022931175772100687,Pong1PQFM_XObs_entangled_trainable_rzz_QLayers_5___seed_1_1761468207
835584,2-Training-Stats/learning_rate,0.00022920934134162962,Pong1PQFM_XObs_entangled_trainable_rzz_QLayers_5___seed_1_1761468207
839680,2-Training-Stats/learning_rate,0.00022910692496225238,Pong1PQFM_XObs_entangled_trainable_rzz_QLayers_5___seed_1_1761468207
843776,2-Training-Stats/learning_rate,0.00022900450858287513,Pong1PQFM_XObs_entangled_trainable_rzz_QLayers_5___seed_1_1761468207
847872,2-Training-Stats/learning_rate,0.0002289020922034979,Pong1PQFM_XObs_entangled_trainable_rzz_QLayers_5___seed_1_1761468207
851968,2-Training-Stats/learning_rate,0.00022879967582412064,Pong1PQFM_XObs_entangled_trainable_rzz_QLayers_5___seed_1_1761468207
856064,2-Training-Stats/learning_rate,0.0002286972594447434,Pong1PQFM_XObs_entangled_trainable_rzz_QLayers_5___seed_1_1761468207
860160,2-Training-Stats/learning_rate,0.00022859484306536615,Pong1PQFM_XObs_entangled_trainable_rzz_QLayers_5___seed_1_1761468207
864256,2-Training-Stats/learning_rate,0.0002284924266859889,Pong1PQFM_XObs_entangled_trainable_rzz_QLayers_5___seed_1_1761468207
868352,2-Training-Stats/learning_rate,0.00022839001030661166,Pong1PQFM_XObs_entangled_trainable_rzz_QLayers_5___seed_1_1761468207
872448,2-Training-Stats/learning_rate,0.0002282875939272344,Pong1PQFM_XObs_entangled_trainable_rzz_QLayers_5___seed_1_1761468207
876544,2-Training-Stats/learning_rate,0.00022818516299594194,Pong1PQFM_XObs_entangled_trainable_rzz_QLayers_5___seed_1_1761468207
880640,2-Training-Stats/learning_rate,0.0002280827466165647,Pong1PQFM_XObs_entangled_trainable_rzz_QLayers_5___seed_1_1761468207
884736,2-Training-Stats/learning_rate,0.00022798033023718745,Pong1PQFM_XObs_entangled_trainable_rzz_QLayers_5___seed_1_1761468207
888832,2-Training-Stats/learning_rate,0.0002278779138578102,Pong1PQFM_XObs_entangled_trainable_rzz_QLayers_5___seed_1_1761468207
892928,2-Training-Stats/learning_rate,0.00022777549747843295,Pong1PQFM_XObs_entangled_trainable_rzz_QLayers_5___seed_1_1761468207
897024,2-Training-Stats/learning_rate,0.0002276730810990557,Pong1PQFM_XObs_entangled_trainable_rzz_QLayers_5___seed_1_1761468207
901120,2-Training-Stats/learning_rate,0.00022757066471967846,Pong1PQFM_XObs_entangled_trainable_rzz_QLayers_5___seed_1_1761468207
905216,2-Training-Stats/learning_rate,0.00022746824834030122,Pong1PQFM_XObs_entangled_trainable_rzz_QLayers_5___seed_1_1761468207
909312,2-Training-Stats/learning_rate,0.00022736583196092397,Pong1PQFM_XObs_entangled_trainable_rzz_QLayers_5___seed_1_1761468207
913408,2-Training-Stats/learning_rate,0.00022726341558154672,Pong1PQFM_XObs_entangled_trainable_rzz_QLayers_5___seed_1_1761468207
917504,2-Training-Stats/learning_rate,0.00022716099920216948,Pong1PQFM_XObs_entangled_trainable_rzz_QLayers_5___seed_1_1761468207
921600,2-Training-Stats/learning_rate,0.00022705858282279223,Pong1PQFM_XObs_entangled_trainable_rzz_QLayers_5___seed_1_1761468207
925696,2-Training-Stats/learning_rate,0.00022695616644341499,Pong1PQFM_XObs_entangled_trainable_rzz_QLayers_5___seed_1_1761468207
929792,2-Training-Stats/learning_rate,0.00022685375006403774,Pong1PQFM_XObs_entangled_trainable_rzz_QLayers_5___seed_1_1761468207
933888,2-Training-Stats/learning_rate,0.0002267513336846605,Pong1PQFM_XObs_entangled_trainable_rzz_QLayers_5___seed_1_1761468207
937984,2-Training-Stats/learning_rate,0.00022664891730528325,Pong1PQFM_XObs_entangled_trainable_rzz_QLayers_5___seed_1_1761468207
942080,2-Training-Stats/learning_rate,0.000226546500925906,Pong1PQFM_XObs_entangled_trainable_rzz_QLayers_5___seed_1_1761468207
946176,2-Training-Stats/learning_rate,0.00022644408454652876,Pong1PQFM_XObs_entangled_trainable_rzz_QLayers_5___seed_1_1761468207
950272,2-Training-Stats/learning_rate,0.0002263416681671515,Pong1PQFM_XObs_entangled_trainable_rzz_QLayers_5___seed_1_1761468207
954368,2-Training-Stats/learning_rate,0.00022623925178777426,Pong1PQFM_XObs_entangled_trainable_rzz_QLayers_5___seed_1_1761468207
958464,2-Training-Stats/learning_rate,0.00022613683540839702,Pong1PQFM_XObs_entangled_trainable_rzz_QLayers_5___seed_1_1761468207
962560,2-Training-Stats/learning_rate,0.00022603441902901977,Pong1PQFM_XObs_entangled_trainable_rzz_QLayers_5___seed_1_1761468207
966656,2-Training-Stats/learning_rate,0.0002259319880977273,Pong1PQFM_XObs_entangled_trainable_rzz_QLayers_5___seed_1_1761468207
970752,2-Training-Stats/learning_rate,0.00022582957171835005,Pong1PQFM_XObs_entangled_trainable_rzz_QLayers_5___seed_1_1761468207
974848,2-Training-Stats/learning_rate,0.0002257271553389728,Pong1PQFM_XObs_entangled_trainable_rzz_QLayers_5___seed_1_1761468207
978944,2-Training-Stats/learning_rate,0.00022562473895959556,Pong1PQFM_XObs_entangled_trainable_rzz_QLayers_5___seed_1_1761468207
983040,2-Training-Stats/learning_rate,0.00022552232258021832,Pong1PQFM_XObs_entangled_trainable_rzz_QLayers_5___seed_1_1761468207
987136,2-Training-Stats/learning_rate,0.00022541990620084107,Pong1PQFM_XObs_entangled_trainable_rzz_QLayers_5___seed_1_1761468207
991232,2-Training-Stats/learning_rate,0.00022531748982146382,Pong1PQFM_XObs_entangled_trainable_rzz_QLayers_5___seed_1_1761468207
995328,2-Training-Stats/learning_rate,0.00022521507344208658,Pong1PQFM_XObs_entangled_trainable_rzz_QLayers_5___seed_1_1761468207
999424,2-Training-Stats/learning_rate,0.00022511265706270933,Pong1PQFM_XObs_entangled_trainable_rzz_QLayers_5___seed_1_1761468207
1003520,2-Training-Stats/learning_rate,0.00022501024068333209,Pong1PQFM_XObs_entangled_trainable_rzz_QLayers_5___seed_1_1761468207
1007616,2-Training-Stats/learning_rate,0.00022490782430395484,Pong1PQFM_XObs_entangled_trainable_rzz_QLayers_5___seed_1_1761468207
1011712,2-Training-Stats/learning_rate,0.0002248054079245776,Pong1PQFM_XObs_entangled_trainable_rzz_QLayers_5___seed_1_1761468207
1015808,2-Training-Stats/learning_rate,0.00022470299154520035,Pong1PQFM_XObs_entangled_trainable_rzz_QLayers_5___seed_1_1761468207
1019904,2-Training-Stats/learning_rate,0.0002246005751658231,Pong1PQFM_XObs_entangled_trainable_rzz_QLayers_5___seed_1_1761468207
1024000,2-Training-Stats/learning_rate,0.00022449815878644586,Pong1PQFM_XObs_entangled_trainable_rzz_QLayers_5___seed_1_1761468207
1028096,2-Training-Stats/learning_rate,0.0002243957424070686,Pong1PQFM_XObs_entangled_trainable_rzz_QLayers_5___seed_1_1761468207
1032192,2-Training-Stats/learning_rate,0.00022429332602769136,Pong1PQFM_XObs_entangled_trainable_rzz_QLayers_5___seed_1_1761468207
1036288,2-Training-Stats/learning_rate,0.00022419090964831412,Pong1PQFM_XObs_entangled_trainable_rzz_QLayers_5___seed_1_1761468207
1040384,2-Training-Stats/learning_rate,0.00022408849326893687,Pong1PQFM_XObs_entangled_trainable_rzz_QLayers_5___seed_1_1761468207
1044480,2-Training-Stats/learning_rate,0.00022398607688955963,Pong1PQFM_XObs_entangled_trainable_rzz_QLayers_5___seed_1_1761468207
1048576,2-Training-Stats/learning_rate,0.00022388366051018238,Pong1PQFM_XObs_entangled_trainable_rzz_QLayers_5___seed_1_1761468207
1052672,2-Training-Stats/learning_rate,0.00022378124413080513,Pong1PQFM_XObs_entangled_trainable_rzz_QLayers_5___seed_1_1761468207
1056768,2-Training-Stats/learning_rate,0.00022367881319951266,Pong1PQFM_XObs_entangled_trainable_rzz_QLayers_5___seed_1_1761468207
1060864,2-Training-Stats/learning_rate,0.00022357639682013541,Pong1PQFM_XObs_entangled_trainable_rzz_QLayers_5___seed_1_1761468207
1064960,2-Training-Stats/learning_rate,0.00022347398044075817,Pong1PQFM_XObs_entangled_trainable_rzz_QLayers_5___seed_1_1761468207
1069056,2-Training-Stats/learning_rate,0.00022337156406138092,Pong1PQFM_XObs_entangled_trainable_rzz_QLayers_5___seed_1_1761468207
1073152,2-Training-Stats/learning_rate,0.00022326914768200368,Pong1PQFM_XObs_entangled_trainable_rzz_QLayers_5___seed_1_1761468207
1077248,2-Training-Stats/learning_rate,0.00022316673130262643,Pong1PQFM_XObs_entangled_trainable_rzz_QLayers_5___seed_1_1761468207
1081344,2-Training-Stats/learning_rate,0.00022306431492324919,Pong1PQFM_XObs_entangled_trainable_rzz_QLayers_5___seed_1_1761468207
1085440,2-Training-Stats/learning_rate,0.00022296189854387194,Pong1PQFM_XObs_entangled_trainable_rzz_QLayers_5___seed_1_1761468207
1089536,2-Training-Stats/learning_rate,0.0002228594821644947,Pong1PQFM_XObs_entangled_trainable_rzz_QLayers_5___seed_1_1761468207
1093632,2-Training-Stats/learning_rate,0.00022275706578511745,Pong1PQFM_XObs_entangled_trainable_rzz_QLayers_5___seed_1_1761468207
1097728,2-Training-Stats/learning_rate,0.0002226546494057402,Pong1PQFM_XObs_entangled_trainable_rzz_QLayers_5___seed_1_1761468207
1101824,2-Training-Stats/learning_rate,0.00022255223302636296,Pong1PQFM_XObs_entangled_trainable_rzz_QLayers_5___seed_1_1761468207
1105920,2-Training-Stats/learning_rate,0.0002224498166469857,Pong1PQFM_XObs_entangled_trainable_rzz_QLayers_5___seed_1_1761468207
1110016,2-Training-Stats/learning_rate,0.00022234740026760846,Pong1PQFM_XObs_entangled_trainable_rzz_QLayers_5___seed_1_1761468207
1114112,2-Training-Stats/learning_rate,0.00022224498388823122,Pong1PQFM_XObs_entangled_trainable_rzz_QLayers_5___seed_1_1761468207
1118208,2-Training-Stats/learning_rate,0.00022214256750885397,Pong1PQFM_XObs_entangled_trainable_rzz_QLayers_5___seed_1_1761468207
1122304,2-Training-Stats/learning_rate,0.00022204015112947673,Pong1PQFM_XObs_entangled_trainable_rzz_QLayers_5___seed_1_1761468207
1126400,2-Training-Stats/learning_rate,0.00022193773475009948,Pong1PQFM_XObs_entangled_trainable_rzz_QLayers_5___seed_1_1761468207
1130496,2-Training-Stats/learning_rate,0.00022183531837072223,Pong1PQFM_XObs_entangled_trainable_rzz_QLayers_5___seed_1_1761468207
1134592,2-Training-Stats/learning_rate,0.000221732901991345,Pong1PQFM_XObs_entangled_trainable_rzz_QLayers_5___seed_1_1761468207
1138688,2-Training-Stats/learning_rate,0.00022163048561196774,Pong1PQFM_XObs_entangled_trainable_rzz_QLayers_5___seed_1_1761468207
1142784,2-Training-Stats/learning_rate,0.0002215280692325905,Pong1PQFM_XObs_entangled_trainable_rzz_QLayers_5___seed_1_1761468207
1146880,2-Training-Stats/learning_rate,0.00022142563830129802,Pong1PQFM_XObs_entangled_trainable_rzz_QLayers_5___seed_1_1761468207
1150976,2-Training-Stats/learning_rate,0.00022132322192192078,Pong1PQFM_XObs_entangled_trainable_rzz_QLayers_5___seed_1_1761468207
1155072,2-Training-Stats/learning_rate,0.00022122080554254353,Pong1PQFM_XObs_entangled_trainable_rzz_QLayers_5___seed_1_1761468207
1159168,2-Training-Stats/learning_rate,0.00022111838916316628,Pong1PQFM_XObs_entangled_trainable_rzz_QLayers_5___seed_1_1761468207
1163264,2-Training-Stats/learning_rate,0.00022101597278378904,Pong1PQFM_XObs_entangled_trainable_rzz_QLayers_5___seed_1_1761468207
1167360,2-Training-Stats/learning_rate,0.0002209135564044118,Pong1PQFM_XObs_entangled_trainable_rzz_QLayers_5___seed_1_1761468207
1171456,2-Training-Stats/learning_rate,0.00022081114002503455,Pong1PQFM_XObs_entangled_trainable_rzz_QLayers_5___seed_1_1761468207
1175552,2-Training-Stats/learning_rate,0.0002207087236456573,Pong1PQFM_XObs_entangled_trainable_rzz_QLayers_5___seed_1_1761468207
1179648,2-Training-Stats/learning_rate,0.00022060630726628006,Pong1PQFM_XObs_entangled_trainable_rzz_QLayers_5___seed_1_1761468207
1183744,2-Training-Stats/learning_rate,0.0002205038908869028,Pong1PQFM_XObs_entangled_trainable_rzz_QLayers_5___seed_1_1761468207
1187840,2-Training-Stats/learning_rate,0.00022040147450752556,Pong1PQFM_XObs_entangled_trainable_rzz_QLayers_5___seed_1_1761468207
1191936,2-Training-Stats/learning_rate,0.00022029905812814832,Pong1PQFM_XObs_entangled_trainable_rzz_QLayers_5___seed_1_1761468207
1196032,2-Training-Stats/learning_rate,0.00022019664174877107,Pong1PQFM_XObs_entangled_trainable_rzz_QLayers_5___seed_1_1761468207
1200128,2-Training-Stats/learning_rate,0.00022009422536939383,Pong1PQFM_XObs_entangled_trainable_rzz_QLayers_5___seed_1_1761468207
1204224,2-Training-Stats/learning_rate,0.00021999180899001658,Pong1PQFM_XObs_entangled_trainable_rzz_QLayers_5___seed_1_1761468207
1208320,2-Training-Stats/learning_rate,0.00021988939261063933,Pong1PQFM_XObs_entangled_trainable_rzz_QLayers_5___seed_1_1761468207
1212416,2-Training-Stats/learning_rate,0.0002197869762312621,Pong1PQFM_XObs_entangled_trainable_rzz_QLayers_5___seed_1_1761468207
1216512,2-Training-Stats/learning_rate,0.00021968455985188484,Pong1PQFM_XObs_entangled_trainable_rzz_QLayers_5___seed_1_1761468207
1220608,2-Training-Stats/learning_rate,0.0002195821434725076,Pong1PQFM_XObs_entangled_trainable_rzz_QLayers_5___seed_1_1761468207
1224704,2-Training-Stats/learning_rate,0.00021947972709313035,Pong1PQFM_XObs_entangled_trainable_rzz_QLayers_5___seed_1_1761468207
1228800,2-Training-Stats/learning_rate,0.0002193773107137531,Pong1PQFM_XObs_entangled_trainable_rzz_QLayers_5___seed_1_1761468207
1232896,2-Training-Stats/learning_rate,0.00021927489433437586,Pong1PQFM_XObs_entangled_trainable_rzz_QLayers_5___seed_1_1761468207
1236992,2-Training-Stats/learning_rate,0.00021917246340308338,Pong1PQFM_XObs_entangled_trainable_rzz_QLayers_5___seed_1_1761468207
1241088,2-Training-Stats/learning_rate,0.00021907004702370614,Pong1PQFM_XObs_entangled_trainable_rzz_QLayers_5___seed_1_1761468207
1245184,2-Training-Stats/learning_rate,0.0002189676306443289,Pong1PQFM_XObs_entangled_trainable_rzz_QLayers_5___seed_1_1761468207
1249280,2-Training-Stats/learning_rate,0.00021886521426495165,Pong1PQFM_XObs_entangled_trainable_rzz_QLayers_5___seed_1_1761468207
1253376,2-Training-Stats/learning_rate,0.0002187627978855744,Pong1PQFM_XObs_entangled_trainable_rzz_QLayers_5___seed_1_1761468207
1257472,2-Training-Stats/learning_rate,0.00021866038150619715,Pong1PQFM_XObs_entangled_trainable_rzz_QLayers_5___seed_1_1761468207
1261568,2-Training-Stats/learning_rate,0.0002185579651268199,Pong1PQFM_XObs_entangled_trainable_rzz_QLayers_5___seed_1_1761468207
1265664,2-Training-Stats/learning_rate,0.00021845554874744266,Pong1PQFM_XObs_entangled_trainable_rzz_QLayers_5___seed_1_1761468207
1269760,2-Training-Stats/learning_rate,0.00021835313236806542,Pong1PQFM_XObs_entangled_trainable_rzz_QLayers_5___seed_1_1761468207
1273856,2-Training-Stats/learning_rate,0.00021825071598868817,Pong1PQFM_XObs_entangled_trainable_rzz_QLayers_5___seed_1_1761468207
1277952,2-Training-Stats/learning_rate,0.00021814829960931093,Pong1PQFM_XObs_entangled_trainable_rzz_QLayers_5___seed_1_1761468207
1282048,2-Training-Stats/learning_rate,0.00021804588322993368,Pong1PQFM_XObs_entangled_trainable_rzz_QLayers_5___seed_1_1761468207
1286144,2-Training-Stats/learning_rate,0.00021794346685055643,Pong1PQFM_XObs_entangled_trainable_rzz_QLayers_5___seed_1_1761468207
1290240,2-Training-Stats/learning_rate,0.0002178410504711792,Pong1PQFM_XObs_entangled_trainable_rzz_QLayers_5___seed_1_1761468207
1294336,2-Training-Stats/learning_rate,0.00021773863409180194,Pong1PQFM_XObs_entangled_trainable_rzz_QLayers_5___seed_1_1761468207
1298432,2-Training-Stats/learning_rate,0.0002176362177124247,Pong1PQFM_XObs_entangled_trainable_rzz_QLayers_5___seed_1_1761468207
1302528,2-Training-Stats/learning_rate,0.00021753380133304745,Pong1PQFM_XObs_entangled_trainable_rzz_QLayers_5___seed_1_1761468207
1306624,2-Training-Stats/learning_rate,0.0002174313849536702,Pong1PQFM_XObs_entangled_trainable_rzz_QLayers_5___seed_1_1761468207
1310720,2-Training-Stats/learning_rate,0.00021732896857429296,Pong1PQFM_XObs_entangled_trainable_rzz_QLayers_5___seed_1_1761468207
1314816,2-Training-Stats/learning_rate,0.0002172265521949157,Pong1PQFM_XObs_entangled_trainable_rzz_QLayers_5___seed_1_1761468207
1318912,2-Training-Stats/learning_rate,0.00021712413581553847,Pong1PQFM_XObs_entangled_trainable_rzz_QLayers_5___seed_1_1761468207
1323008,2-Training-Stats/learning_rate,0.00021702171943616122,Pong1PQFM_XObs_entangled_trainable_rzz_QLayers_5___seed_1_1761468207
1327104,2-Training-Stats/learning_rate,0.00021691928850486875,Pong1PQFM_XObs_entangled_trainable_rzz_QLayers_5___seed_1_1761468207
1331200,2-Training-Stats/learning_rate,0.0002168168721254915,Pong1PQFM_XObs_entangled_trainable_rzz_QLayers_5___seed_1_1761468207
1335296,2-Training-Stats/learning_rate,0.00021671445574611425,Pong1PQFM_XObs_entangled_trainable_rzz_QLayers_5___seed_1_1761468207
1339392,2-Training-Stats/learning_rate,0.000216612039366737,Pong1PQFM_XObs_entangled_trainable_rzz_QLayers_5___seed_1_1761468207
1343488,2-Training-Stats/learning_rate,0.00021650962298735976,Pong1PQFM_XObs_entangled_trainable_rzz_QLayers_5___seed_1_1761468207
1347584,2-Training-Stats/learning_rate,0.00021640720660798252,Pong1PQFM_XObs_entangled_trainable_rzz_QLayers_5___seed_1_1761468207
1351680,2-Training-Stats/learning_rate,0.00021630479022860527,Pong1PQFM_XObs_entangled_trainable_rzz_QLayers_5___seed_1_1761468207
1355776,2-Training-Stats/learning_rate,0.00021620237384922802,Pong1PQFM_XObs_entangled_trainable_rzz_QLayers_5___seed_1_1761468207
1359872,2-Training-Stats/learning_rate,0.00021609995746985078,Pong1PQFM_XObs_entangled_trainable_rzz_QLayers_5___seed_1_1761468207
1363968,2-Training-Stats/learning_rate,0.00021599754109047353,Pong1PQFM_XObs_entangled_trainable_rzz_QLayers_5___seed_1_1761468207
1368064,2-Training-Stats/learning_rate,0.0002158951247110963,Pong1PQFM_XObs_entangled_trainable_rzz_QLayers_5___seed_1_1761468207
1372160,2-Training-Stats/learning_rate,0.00021579270833171904,Pong1PQFM_XObs_entangled_trainable_rzz_QLayers_5___seed_1_1761468207
1376256,2-Training-Stats/learning_rate,0.0002156902919523418,Pong1PQFM_XObs_entangled_trainable_rzz_QLayers_5___seed_1_1761468207
1380352,2-Training-Stats/learning_rate,0.00021558787557296455,Pong1PQFM_XObs_entangled_trainable_rzz_QLayers_5___seed_1_1761468207
1384448,2-Training-Stats/learning_rate,0.0002154854591935873,Pong1PQFM_XObs_entangled_trainable_rzz_QLayers_5___seed_1_1761468207
1388544,2-Training-Stats/learning_rate,0.00021538304281421006,Pong1PQFM_XObs_entangled_trainable_rzz_QLayers_5___seed_1_1761468207
1392640,2-Training-Stats/learning_rate,0.0002152806264348328,Pong1PQFM_XObs_entangled_trainable_rzz_QLayers_5___seed_1_1761468207
1396736,2-Training-Stats/learning_rate,0.00021517821005545557,Pong1PQFM_XObs_entangled_trainable_rzz_QLayers_5___seed_1_1761468207
1400832,2-Training-Stats/learning_rate,0.00021507579367607832,Pong1PQFM_XObs_entangled_trainable_rzz_QLayers_5___seed_1_1761468207
1404928,2-Training-Stats/learning_rate,0.00021497337729670107,Pong1PQFM_XObs_entangled_trainable_rzz_QLayers_5___seed_1_1761468207
1409024,2-Training-Stats/learning_rate,0.00021487096091732383,Pong1PQFM_XObs_entangled_trainable_rzz_QLayers_5___seed_1_1761468207
1413120,2-Training-Stats/learning_rate,0.00021476854453794658,Pong1PQFM_XObs_entangled_trainable_rzz_QLayers_5___seed_1_1761468207
1417216,2-Training-Stats/learning_rate,0.0002146661136066541,Pong1PQFM_XObs_entangled_trainable_rzz_QLayers_5___seed_1_1761468207
1421312,2-Training-Stats/learning_rate,0.00021456369722727686,Pong1PQFM_XObs_entangled_trainable_rzz_QLayers_5___seed_1_1761468207
1425408,2-Training-Stats/learning_rate,0.00021446128084789962,Pong1PQFM_XObs_entangled_trainable_rzz_QLayers_5___seed_1_1761468207
1429504,2-Training-Stats/learning_rate,0.00021435886446852237,Pong1PQFM_XObs_entangled_trainable_rzz_QLayers_5___seed_1_1761468207
1433600,2-Training-Stats/learning_rate,0.00021425644808914512,Pong1PQFM_XObs_entangled_trainable_rzz_QLayers_5___seed_1_1761468207
1437696,2-Training-Stats/learning_rate,0.00021415403170976788,Pong1PQFM_XObs_entangled_trainable_rzz_QLayers_5___seed_1_1761468207
1441792,2-Training-Stats/learning_rate,0.00021405161533039063,Pong1PQFM_XObs_entangled_trainable_rzz_QLayers_5___seed_1_1761468207
1445888,2-Training-Stats/learning_rate,0.00021394919895101339,Pong1PQFM_XObs_entangled_trainable_rzz_QLayers_5___seed_1_1761468207
1449984,2-Training-Stats/learning_rate,0.00021384678257163614,Pong1PQFM_XObs_entangled_trainable_rzz_QLayers_5___seed_1_1761468207
1454080,2-Training-Stats/learning_rate,0.0002137443661922589,Pong1PQFM_XObs_entangled_trainable_rzz_QLayers_5___seed_1_1761468207
1458176,2-Training-Stats/learning_rate,0.00021364194981288165,Pong1PQFM_XObs_entangled_trainable_rzz_QLayers_5___seed_1_1761468207
1462272,2-Training-Stats/learning_rate,0.0002135395334335044,Pong1PQFM_XObs_entangled_trainable_rzz_QLayers_5___seed_1_1761468207
1466368,2-Training-Stats/learning_rate,0.00021343711705412716,Pong1PQFM_XObs_entangled_trainable_rzz_QLayers_5___seed_1_1761468207
1470464,2-Training-Stats/learning_rate,0.0002133347006747499,Pong1PQFM_XObs_entangled_trainable_rzz_QLayers_5___seed_1_1761468207
1474560,2-Training-Stats/learning_rate,0.00021323228429537266,Pong1PQFM_XObs_entangled_trainable_rzz_QLayers_5___seed_1_1761468207
1478656,2-Training-Stats/learning_rate,0.00021312986791599542,Pong1PQFM_XObs_entangled_trainable_rzz_QLayers_5___seed_1_1761468207
1482752,2-Training-Stats/learning_rate,0.00021302745153661817,Pong1PQFM_XObs_entangled_trainable_rzz_QLayers_5___seed_1_1761468207
1486848,2-Training-Stats/learning_rate,0.00021292503515724093,Pong1PQFM_XObs_entangled_trainable_rzz_QLayers_5___seed_1_1761468207
1490944,2-Training-Stats/learning_rate,0.00021282261877786368,Pong1PQFM_XObs_entangled_trainable_rzz_QLayers_5___seed_1_1761468207
1495040,2-Training-Stats/learning_rate,0.00021272020239848644,Pong1PQFM_XObs_entangled_trainable_rzz_QLayers_5___seed_1_1761468207
1499136,2-Training-Stats/learning_rate,0.0002126177860191092,Pong1PQFM_XObs_entangled_trainable_rzz_QLayers_5___seed_1_1761468207
1503232,2-Training-Stats/learning_rate,0.00021251536963973194,Pong1PQFM_XObs_entangled_trainable_rzz_QLayers_5___seed_1_1761468207
1507328,2-Training-Stats/learning_rate,0.00021241293870843947,Pong1PQFM_XObs_entangled_trainable_rzz_QLayers_5___seed_1_1761468207
1511424,2-Training-Stats/learning_rate,0.00021231052232906222,Pong1PQFM_XObs_entangled_trainable_rzz_QLayers_5___seed_1_1761468207
1515520,2-Training-Stats/learning_rate,0.00021220810594968498,Pong1PQFM_XObs_entangled_trainable_rzz_QLayers_5___seed_1_1761468207
1519616,2-Training-Stats/learning_rate,0.00021210568957030773,Pong1PQFM_XObs_entangled_trainable_rzz_QLayers_5___seed_1_1761468207
1523712,2-Training-Stats/learning_rate,0.00021200327319093049,Pong1PQFM_XObs_entangled_trainable_rzz_QLayers_5___seed_1_1761468207
1527808,2-Training-Stats/learning_rate,0.00021190085681155324,Pong1PQFM_XObs_entangled_trainable_rzz_QLayers_5___seed_1_1761468207
1531904,2-Training-Stats/learning_rate,0.000211798440432176,Pong1PQFM_XObs_entangled_trainable_rzz_QLayers_5___seed_1_1761468207
1536000,2-Training-Stats/learning_rate,0.00021169602405279875,Pong1PQFM_XObs_entangled_trainable_rzz_QLayers_5___seed_1_1761468207
1540096,2-Training-Stats/learning_rate,0.0002115936076734215,Pong1PQFM_XObs_entangled_trainable_rzz_QLayers_5___seed_1_1761468207
1544192,2-Training-Stats/learning_rate,0.00021149119129404426,Pong1PQFM_XObs_entangled_trainable_rzz_QLayers_5___seed_1_1761468207
1548288,2-Training-Stats/learning_rate,0.000211388774914667,Pong1PQFM_XObs_entangled_trainable_rzz_QLayers_5___seed_1_1761468207
1552384,2-Training-Stats/learning_rate,0.00021128635853528976,Pong1PQFM_XObs_entangled_trainable_rzz_QLayers_5___seed_1_1761468207
1556480,2-Training-Stats/learning_rate,0.00021118394215591252,Pong1PQFM_XObs_entangled_trainable_rzz_QLayers_5___seed_1_1761468207
1560576,2-Training-Stats/learning_rate,0.00021108152577653527,Pong1PQFM_XObs_entangled_trainable_rzz_QLayers_5___seed_1_1761468207
1564672,2-Training-Stats/learning_rate,0.00021097910939715803,Pong1PQFM_XObs_entangled_trainable_rzz_QLayers_5___seed_1_1761468207
1568768,2-Training-Stats/learning_rate,0.00021087669301778078,Pong1PQFM_XObs_entangled_trainable_rzz_QLayers_5___seed_1_1761468207
1572864,2-Training-Stats/learning_rate,0.00021077427663840353,Pong1PQFM_XObs_entangled_trainable_rzz_QLayers_5___seed_1_1761468207
1576960,2-Training-Stats/learning_rate,0.0002106718602590263,Pong1PQFM_XObs_entangled_trainable_rzz_QLayers_5___seed_1_1761468207
1581056,2-Training-Stats/learning_rate,0.00021056944387964904,Pong1PQFM_XObs_entangled_trainable_rzz_QLayers_5___seed_1_1761468207
1585152,2-Training-Stats/learning_rate,0.0002104670275002718,Pong1PQFM_XObs_entangled_trainable_rzz_QLayers_5___seed_1_1761468207
1589248,2-Training-Stats/learning_rate,0.00021036461112089455,Pong1PQFM_XObs_entangled_trainable_rzz_QLayers_5___seed_1_1761468207
1593344,2-Training-Stats/learning_rate,0.0002102621947415173,Pong1PQFM_XObs_entangled_trainable_rzz_QLayers_5___seed_1_1761468207
1597440,2-Training-Stats/learning_rate,0.00021015976381022483,Pong1PQFM_XObs_entangled_trainable_rzz_QLayers_5___seed_1_1761468207
1601536,2-Training-Stats/learning_rate,0.00021005734743084759,Pong1PQFM_XObs_entangled_trainable_rzz_QLayers_5___seed_1_1761468207
1605632,2-Training-Stats/learning_rate,0.00020995493105147034,Pong1PQFM_XObs_entangled_trainable_rzz_QLayers_5___seed_1_1761468207
1609728,2-Training-Stats/learning_rate,0.0002098525146720931,Pong1PQFM_XObs_entangled_trainable_rzz_QLayers_5___seed_1_1761468207
1613824,2-Training-Stats/learning_rate,0.00020975009829271585,Pong1PQFM_XObs_entangled_trainable_rzz_QLayers_5___seed_1_1761468207
1617920,2-Training-Stats/learning_rate,0.0002096476819133386,Pong1PQFM_XObs_entangled_trainable_rzz_QLayers_5___seed_1_1761468207
1622016,2-Training-Stats/learning_rate,0.00020954526553396136,Pong1PQFM_XObs_entangled_trainable_rzz_QLayers_5___seed_1_1761468207
1626112,2-Training-Stats/learning_rate,0.0002094428491545841,Pong1PQFM_XObs_entangled_trainable_rzz_QLayers_5___seed_1_1761468207
1630208,2-Training-Stats/learning_rate,0.00020934043277520686,Pong1PQFM_XObs_entangled_trainable_rzz_QLayers_5___seed_1_1761468207
1634304,2-Training-Stats/learning_rate,0.00020923801639582962,Pong1PQFM_XObs_entangled_trainable_rzz_QLayers_5___seed_1_1761468207
1638400,2-Training-Stats/learning_rate,0.00020913560001645237,Pong1PQFM_XObs_entangled_trainable_rzz_QLayers_5___seed_1_1761468207
1642496,2-Training-Stats/learning_rate,0.00020903318363707513,Pong1PQFM_XObs_entangled_trainable_rzz_QLayers_5___seed_1_1761468207
1646592,2-Training-Stats/learning_rate,0.00020893076725769788,Pong1PQFM_XObs_entangled_trainable_rzz_QLayers_5___seed_1_1761468207
1650688,2-Training-Stats/learning_rate,0.00020882835087832063,Pong1PQFM_XObs_entangled_trainable_rzz_QLayers_5___seed_1_1761468207
1654784,2-Training-Stats/learning_rate,0.0002087259344989434,Pong1PQFM_XObs_entangled_trainable_rzz_QLayers_5___seed_1_1761468207
1658880,2-Training-Stats/learning_rate,0.00020862351811956614,Pong1PQFM_XObs_entangled_trainable_rzz_QLayers_5___seed_1_1761468207
1662976,2-Training-Stats/learning_rate,0.0002085211017401889,Pong1PQFM_XObs_entangled_trainable_rzz_QLayers_5___seed_1_1761468207
1667072,2-Training-Stats/learning_rate,0.00020841868536081165,Pong1PQFM_XObs_entangled_trainable_rzz_QLayers_5___seed_1_1761468207
1671168,2-Training-Stats/learning_rate,0.0002083162689814344,Pong1PQFM_XObs_entangled_trainable_rzz_QLayers_5___seed_1_1761468207
1675264,2-Training-Stats/learning_rate,0.00020821385260205716,Pong1PQFM_XObs_entangled_trainable_rzz_QLayers_5___seed_1_1761468207
1679360,2-Training-Stats/learning_rate,0.0002081114362226799,Pong1PQFM_XObs_entangled_trainable_rzz_QLayers_5___seed_1_1761468207
1683456,2-Training-Stats/learning_rate,0.00020800901984330267,Pong1PQFM_XObs_entangled_trainable_rzz_QLayers_5___seed_1_1761468207
1687552,2-Training-Stats/learning_rate,0.0002079065889120102,Pong1PQFM_XObs_entangled_trainable_rzz_QLayers_5___seed_1_1761468207
1691648,2-Training-Stats/learning_rate,0.00020780417253263295,Pong1PQFM_XObs_entangled_trainable_rzz_QLayers_5___seed_1_1761468207
1695744,2-Training-Stats/learning_rate,0.0002077017561532557,Pong1PQFM_XObs_entangled_trainable_rzz_QLayers_5___seed_1_1761468207
1699840,2-Training-Stats/learning_rate,0.00020759933977387846,Pong1PQFM_XObs_entangled_trainable_rzz_QLayers_5___seed_1_1761468207
1703936,2-Training-Stats/learning_rate,0.0002074969233945012,Pong1PQFM_XObs_entangled_trainable_rzz_QLayers_5___seed_1_1761468207
1708032,2-Training-Stats/learning_rate,0.00020739450701512396,Pong1PQFM_XObs_entangled_trainable_rzz_QLayers_5___seed_1_1761468207
1712128,2-Training-Stats/learning_rate,0.00020729209063574672,Pong1PQFM_XObs_entangled_trainable_rzz_QLayers_5___seed_1_1761468207
1716224,2-Training-Stats/learning_rate,0.00020718967425636947,Pong1PQFM_XObs_entangled_trainable_rzz_QLayers_5___seed_1_1761468207
1720320,2-Training-Stats/learning_rate,0.00020708725787699223,Pong1PQFM_XObs_entangled_trainable_rzz_QLayers_5___seed_1_1761468207
1724416,2-Training-Stats/learning_rate,0.00020698484149761498,Pong1PQFM_XObs_entangled_trainable_rzz_QLayers_5___seed_1_1761468207
1728512,2-Training-Stats/learning_rate,0.00020688242511823773,Pong1PQFM_XObs_entangled_trainable_rzz_QLayers_5___seed_1_1761468207
1732608,2-Training-Stats/learning_rate,0.0002067800087388605,Pong1PQFM_XObs_entangled_trainable_rzz_QLayers_5___seed_1_1761468207
1736704,2-Training-Stats/learning_rate,0.00020667759235948324,Pong1PQFM_XObs_entangled_trainable_rzz_QLayers_5___seed_1_1761468207
1740800,2-Training-Stats/learning_rate,0.000206575175980106,Pong1PQFM_XObs_entangled_trainable_rzz_QLayers_5___seed_1_1761468207
1744896,2-Training-Stats/learning_rate,0.00020647275960072875,Pong1PQFM_XObs_entangled_trainable_rzz_QLayers_5___seed_1_1761468207
1748992,2-Training-Stats/learning_rate,0.0002063703432213515,Pong1PQFM_XObs_entangled_trainable_rzz_QLayers_5___seed_1_1761468207
1753088,2-Training-Stats/learning_rate,0.00020626792684197426,Pong1PQFM_XObs_entangled_trainable_rzz_QLayers_5___seed_1_1761468207
1757184,2-Training-Stats/learning_rate,0.000206165510462597,Pong1PQFM_XObs_entangled_trainable_rzz_QLayers_5___seed_1_1761468207
1761280,2-Training-Stats/learning_rate,0.00020606309408321977,Pong1PQFM_XObs_entangled_trainable_rzz_QLayers_5___seed_1_1761468207
1765376,2-Training-Stats/learning_rate,0.00020596067770384252,Pong1PQFM_XObs_entangled_trainable_rzz_QLayers_5___seed_1_1761468207
1769472,2-Training-Stats/learning_rate,0.00020585826132446527,Pong1PQFM_XObs_entangled_trainable_rzz_QLayers_5___seed_1_1761468207
1773568,2-Training-Stats/learning_rate,0.00020575584494508803,Pong1PQFM_XObs_entangled_trainable_rzz_QLayers_5___seed_1_1761468207
1777664,2-Training-Stats/learning_rate,0.00020565341401379555,Pong1PQFM_XObs_entangled_trainable_rzz_QLayers_5___seed_1_1761468207
1781760,2-Training-Stats/learning_rate,0.0002055509976344183,Pong1PQFM_XObs_entangled_trainable_rzz_QLayers_5___seed_1_1761468207
1785856,2-Training-Stats/learning_rate,0.00020544858125504106,Pong1PQFM_XObs_entangled_trainable_rzz_QLayers_5___seed_1_1761468207
1789952,2-Training-Stats/learning_rate,0.00020534616487566382,Pong1PQFM_XObs_entangled_trainable_rzz_QLayers_5___seed_1_1761468207
1794048,2-Training-Stats/learning_rate,0.00020524374849628657,Pong1PQFM_XObs_entangled_trainable_rzz_QLayers_5___seed_1_1761468207
1798144,2-Training-Stats/learning_rate,0.00020514133211690933,Pong1PQFM_XObs_entangled_trainable_rzz_QLayers_5___seed_1_1761468207
1802240,2-Training-Stats/learning_rate,0.00020503891573753208,Pong1PQFM_XObs_entangled_trainable_rzz_QLayers_5___seed_1_1761468207
1806336,2-Training-Stats/learning_rate,0.00020493649935815483,Pong1PQFM_XObs_entangled_trainable_rzz_QLayers_5___seed_1_1761468207
1810432,2-Training-Stats/learning_rate,0.0002048340829787776,Pong1PQFM_XObs_entangled_trainable_rzz_QLayers_5___seed_1_1761468207
1814528,2-Training-Stats/learning_rate,0.00020473166659940034,Pong1PQFM_XObs_entangled_trainable_rzz_QLayers_5___seed_1_1761468207
1818624,2-Training-Stats/learning_rate,0.0002046292502200231,Pong1PQFM_XObs_entangled_trainable_rzz_QLayers_5___seed_1_1761468207
1822720,2-Training-Stats/learning_rate,0.00020452683384064585,Pong1PQFM_XObs_entangled_trainable_rzz_QLayers_5___seed_1_1761468207
1826816,2-Training-Stats/learning_rate,0.0002044244174612686,Pong1PQFM_XObs_entangled_trainable_rzz_QLayers_5___seed_1_1761468207
1830912,2-Training-Stats/learning_rate,0.00020432200108189136,Pong1PQFM_XObs_entangled_trainable_rzz_QLayers_5___seed_1_1761468207
1835008,2-Training-Stats/learning_rate,0.0002042195847025141,Pong1PQFM_XObs_entangled_trainable_rzz_QLayers_5___seed_1_1761468207
1839104,2-Training-Stats/learning_rate,0.00020411716832313687,Pong1PQFM_XObs_entangled_trainable_rzz_QLayers_5___seed_1_1761468207
1843200,2-Training-Stats/learning_rate,0.00020401475194375962,Pong1PQFM_XObs_entangled_trainable_rzz_QLayers_5___seed_1_1761468207
1847296,2-Training-Stats/learning_rate,0.00020391233556438237,Pong1PQFM_XObs_entangled_trainable_rzz_QLayers_5___seed_1_1761468207
1851392,2-Training-Stats/learning_rate,0.00020380991918500513,Pong1PQFM_XObs_entangled_trainable_rzz_QLayers_5___seed_1_1761468207
1855488,2-Training-Stats/learning_rate,0.00020370750280562788,Pong1PQFM_XObs_entangled_trainable_rzz_QLayers_5___seed_1_1761468207
1859584,2-Training-Stats/learning_rate,0.00020360508642625064,Pong1PQFM_XObs_entangled_trainable_rzz_QLayers_5___seed_1_1761468207
1863680,2-Training-Stats/learning_rate,0.0002035026700468734,Pong1PQFM_XObs_entangled_trainable_rzz_QLayers_5___seed_1_1761468207
1867776,2-Training-Stats/learning_rate,0.00020340023911558092,Pong1PQFM_XObs_entangled_trainable_rzz_QLayers_5___seed_1_1761468207
1871872,2-Training-Stats/learning_rate,0.00020329782273620367,Pong1PQFM_XObs_entangled_trainable_rzz_QLayers_5___seed_1_1761468207
1875968,2-Training-Stats/learning_rate,0.00020319540635682642,Pong1PQFM_XObs_entangled_trainable_rzz_QLayers_5___seed_1_1761468207
1880064,2-Training-Stats/learning_rate,0.00020309298997744918,Pong1PQFM_XObs_entangled_trainable_rzz_QLayers_5___seed_1_1761468207
1884160,2-Training-Stats/learning_rate,0.00020299057359807193,Pong1PQFM_XObs_entangled_trainable_rzz_QLayers_5___seed_1_1761468207
1888256,2-Training-Stats/learning_rate,0.0002028881572186947,Pong1PQFM_XObs_entangled_trainable_rzz_QLayers_5___seed_1_1761468207
1892352,2-Training-Stats/learning_rate,0.00020278574083931744,Pong1PQFM_XObs_entangled_trainable_rzz_QLayers_5___seed_1_1761468207
1896448,2-Training-Stats/learning_rate,0.0002026833244599402,Pong1PQFM_XObs_entangled_trainable_rzz_QLayers_5___seed_1_1761468207
1900544,2-Training-Stats/learning_rate,0.00020258090808056295,Pong1PQFM_XObs_entangled_trainable_rzz_QLayers_5___seed_1_1761468207
1904640,2-Training-Stats/learning_rate,0.0002024784917011857,Pong1PQFM_XObs_entangled_trainable_rzz_QLayers_5___seed_1_1761468207
1908736,2-Training-Stats/learning_rate,0.00020237607532180846,Pong1PQFM_XObs_entangled_trainable_rzz_QLayers_5___seed_1_1761468207
1912832,2-Training-Stats/learning_rate,0.0002022736589424312,Pong1PQFM_XObs_entangled_trainable_rzz_QLayers_5___seed_1_1761468207
1916928,2-Training-Stats/learning_rate,0.00020217124256305397,Pong1PQFM_XObs_entangled_trainable_rzz_QLayers_5___seed_1_1761468207
1921024,2-Training-Stats/learning_rate,0.00020206882618367672,Pong1PQFM_XObs_entangled_trainable_rzz_QLayers_5___seed_1_1761468207
1925120,2-Training-Stats/learning_rate,0.00020196640980429947,Pong1PQFM_XObs_entangled_trainable_rzz_QLayers_5___seed_1_1761468207
1929216,2-Training-Stats/learning_rate,0.00020186399342492223,Pong1PQFM_XObs_entangled_trainable_rzz_QLayers_5___seed_1_1761468207
1933312,2-Training-Stats/learning_rate,0.00020176157704554498,Pong1PQFM_XObs_entangled_trainable_rzz_QLayers_5___seed_1_1761468207
1937408,2-Training-Stats/learning_rate,0.00020165916066616774,Pong1PQFM_XObs_entangled_trainable_rzz_QLayers_5___seed_1_1761468207
1941504,2-Training-Stats/learning_rate,0.0002015567442867905,Pong1PQFM_XObs_entangled_trainable_rzz_QLayers_5___seed_1_1761468207
1945600,2-Training-Stats/learning_rate,0.00020145432790741324,Pong1PQFM_XObs_entangled_trainable_rzz_QLayers_5___seed_1_1761468207
1949696,2-Training-Stats/learning_rate,0.000201351911528036,Pong1PQFM_XObs_entangled_trainable_rzz_QLayers_5___seed_1_1761468207
1953792,2-Training-Stats/learning_rate,0.00020124949514865875,Pong1PQFM_XObs_entangled_trainable_rzz_QLayers_5___seed_1_1761468207
1957888,2-Training-Stats/learning_rate,0.00020114706421736628,Pong1PQFM_XObs_entangled_trainable_rzz_QLayers_5___seed_1_1761468207
1961984,2-Training-Stats/learning_rate,0.00020104464783798903,Pong1PQFM_XObs_entangled_trainable_rzz_QLayers_5___seed_1_1761468207
1966080,2-Training-Stats/learning_rate,0.00020094223145861179,Pong1PQFM_XObs_entangled_trainable_rzz_QLayers_5___seed_1_1761468207
1970176,2-Training-Stats/learning_rate,0.00020083981507923454,Pong1PQFM_XObs_entangled_trainable_rzz_QLayers_5___seed_1_1761468207
1974272,2-Training-Stats/learning_rate,0.0002007373986998573,Pong1PQFM_XObs_entangled_trainable_rzz_QLayers_5___seed_1_1761468207
1978368,2-Training-Stats/learning_rate,0.00020063498232048005,Pong1PQFM_XObs_entangled_trainable_rzz_QLayers_5___seed_1_1761468207
1982464,2-Training-Stats/learning_rate,0.0002005325659411028,Pong1PQFM_XObs_entangled_trainable_rzz_QLayers_5___seed_1_1761468207
1986560,2-Training-Stats/learning_rate,0.00020043014956172556,Pong1PQFM_XObs_entangled_trainable_rzz_QLayers_5___seed_1_1761468207
1990656,2-Training-Stats/learning_rate,0.0002003277331823483,Pong1PQFM_XObs_entangled_trainable_rzz_QLayers_5___seed_1_1761468207
1994752,2-Training-Stats/learning_rate,0.00020022531680297107,Pong1PQFM_XObs_entangled_trainable_rzz_QLayers_5___seed_1_1761468207
1998848,2-Training-Stats/learning_rate,0.00020012290042359382,Pong1PQFM_XObs_entangled_trainable_rzz_QLayers_5___seed_1_1761468207
2002944,2-Training-Stats/learning_rate,0.00020002048404421657,Pong1PQFM_XObs_entangled_trainable_rzz_QLayers_5___seed_1_1761468207
2007040,2-Training-Stats/learning_rate,0.00019991806766483933,Pong1PQFM_XObs_entangled_trainable_rzz_QLayers_5___seed_1_1761468207
2011136,2-Training-Stats/learning_rate,0.00019981565128546208,Pong1PQFM_XObs_entangled_trainable_rzz_QLayers_5___seed_1_1761468207
2015232,2-Training-Stats/learning_rate,0.00019971323490608484,Pong1PQFM_XObs_entangled_trainable_rzz_QLayers_5___seed_1_1761468207
2019328,2-Training-Stats/learning_rate,0.0001996108185267076,Pong1PQFM_XObs_entangled_trainable_rzz_QLayers_5___seed_1_1761468207
2023424,2-Training-Stats/learning_rate,0.00019950840214733034,Pong1PQFM_XObs_entangled_trainable_rzz_QLayers_5___seed_1_1761468207
2027520,2-Training-Stats/learning_rate,0.0001994059857679531,Pong1PQFM_XObs_entangled_trainable_rzz_QLayers_5___seed_1_1761468207
2031616,2-Training-Stats/learning_rate,0.00019930356938857585,Pong1PQFM_XObs_entangled_trainable_rzz_QLayers_5___seed_1_1761468207
2035712,2-Training-Stats/learning_rate,0.0001992011530091986,Pong1PQFM_XObs_entangled_trainable_rzz_QLayers_5___seed_1_1761468207
2039808,2-Training-Stats/learning_rate,0.00019909873662982136,Pong1PQFM_XObs_entangled_trainable_rzz_QLayers_5___seed_1_1761468207
2043904,2-Training-Stats/learning_rate,0.00019899632025044411,Pong1PQFM_XObs_entangled_trainable_rzz_QLayers_5___seed_1_1761468207
2048000,2-Training-Stats/learning_rate,0.00019889388931915164,Pong1PQFM_XObs_entangled_trainable_rzz_QLayers_5___seed_1_1761468207
2052096,2-Training-Stats/learning_rate,0.0001987914729397744,Pong1PQFM_XObs_entangled_trainable_rzz_QLayers_5___seed_1_1761468207
2056192,2-Training-Stats/learning_rate,0.00019868905656039715,Pong1PQFM_XObs_entangled_trainable_rzz_QLayers_5___seed_1_1761468207
2060288,2-Training-Stats/learning_rate,0.0001985866401810199,Pong1PQFM_XObs_entangled_trainable_rzz_QLayers_5___seed_1_1761468207
2064384,2-Training-Stats/learning_rate,0.00019848422380164266,Pong1PQFM_XObs_entangled_trainable_rzz_QLayers_5___seed_1_1761468207
2068480,2-Training-Stats/learning_rate,0.0001983818074222654,Pong1PQFM_XObs_entangled_trainable_rzz_QLayers_5___seed_1_1761468207
2072576,2-Training-Stats/learning_rate,0.00019827939104288816,Pong1PQFM_XObs_entangled_trainable_rzz_QLayers_5___seed_1_1761468207
2076672,2-Training-Stats/learning_rate,0.00019817697466351092,Pong1PQFM_XObs_entangled_trainable_rzz_QLayers_5___seed_1_1761468207
2080768,2-Training-Stats/learning_rate,0.00019807455828413367,Pong1PQFM_XObs_entangled_trainable_rzz_QLayers_5___seed_1_1761468207
2084864,2-Training-Stats/learning_rate,0.00019797214190475643,Pong1PQFM_XObs_entangled_trainable_rzz_QLayers_5___seed_1_1761468207
2088960,2-Training-Stats/learning_rate,0.00019786972552537918,Pong1PQFM_XObs_entangled_trainable_rzz_QLayers_5___seed_1_1761468207
2093056,2-Training-Stats/learning_rate,0.00019776730914600194,Pong1PQFM_XObs_entangled_trainable_rzz_QLayers_5___seed_1_1761468207
2097152,2-Training-Stats/learning_rate,0.0001976648927666247,Pong1PQFM_XObs_entangled_trainable_rzz_QLayers_5___seed_1_1761468207
2101248,2-Training-Stats/learning_rate,0.00019756247638724744,Pong1PQFM_XObs_entangled_trainable_rzz_QLayers_5___seed_1_1761468207
2105344,2-Training-Stats/learning_rate,0.0001974600600078702,Pong1PQFM_XObs_entangled_trainable_rzz_QLayers_5___seed_1_1761468207
2109440,2-Training-Stats/learning_rate,0.00019735764362849295,Pong1PQFM_XObs_entangled_trainable_rzz_QLayers_5___seed_1_1761468207
2113536,2-Training-Stats/learning_rate,0.0001972552272491157,Pong1PQFM_XObs_entangled_trainable_rzz_QLayers_5___seed_1_1761468207
2117632,2-Training-Stats/learning_rate,0.00019715281086973846,Pong1PQFM_XObs_entangled_trainable_rzz_QLayers_5___seed_1_1761468207
2121728,2-Training-Stats/learning_rate,0.00019705039449036121,Pong1PQFM_XObs_entangled_trainable_rzz_QLayers_5___seed_1_1761468207
2125824,2-Training-Stats/learning_rate,0.00019694797811098397,Pong1PQFM_XObs_entangled_trainable_rzz_QLayers_5___seed_1_1761468207
2129920,2-Training-Stats/learning_rate,0.00019684556173160672,Pong1PQFM_XObs_entangled_trainable_rzz_QLayers_5___seed_1_1761468207
2134016,2-Training-Stats/learning_rate,0.00019674313080031425,Pong1PQFM_XObs_entangled_trainable_rzz_QLayers_5___seed_1_1761468207
2138112,2-Training-Stats/learning_rate,0.000196640714420937,Pong1PQFM_XObs_entangled_trainable_rzz_QLayers_5___seed_1_1761468207
2142208,2-Training-Stats/learning_rate,0.00019653829804155976,Pong1PQFM_XObs_entangled_trainable_rzz_QLayers_5___seed_1_1761468207
2146304,2-Training-Stats/learning_rate,0.0001964358816621825,Pong1PQFM_XObs_entangled_trainable_rzz_QLayers_5___seed_1_1761468207
2150400,2-Training-Stats/learning_rate,0.00019633346528280526,Pong1PQFM_XObs_entangled_trainable_rzz_QLayers_5___seed_1_1761468207
2154496,2-Training-Stats/learning_rate,0.00019623104890342802,Pong1PQFM_XObs_entangled_trainable_rzz_QLayers_5___seed_1_1761468207
2158592,2-Training-Stats/learning_rate,0.00019612863252405077,Pong1PQFM_XObs_entangled_trainable_rzz_QLayers_5___seed_1_1761468207
2162688,2-Training-Stats/learning_rate,0.00019602621614467353,Pong1PQFM_XObs_entangled_trainable_rzz_QLayers_5___seed_1_1761468207
2166784,2-Training-Stats/learning_rate,0.00019592379976529628,Pong1PQFM_XObs_entangled_trainable_rzz_QLayers_5___seed_1_1761468207
2170880,2-Training-Stats/learning_rate,0.00019582138338591903,Pong1PQFM_XObs_entangled_trainable_rzz_QLayers_5___seed_1_1761468207
2174976,2-Training-Stats/learning_rate,0.0001957189670065418,Pong1PQFM_XObs_entangled_trainable_rzz_QLayers_5___seed_1_1761468207
2179072,2-Training-Stats/learning_rate,0.00019561655062716454,Pong1PQFM_XObs_entangled_trainable_rzz_QLayers_5___seed_1_1761468207
2183168,2-Training-Stats/learning_rate,0.0001955141342477873,Pong1PQFM_XObs_entangled_trainable_rzz_QLayers_5___seed_1_1761468207
2187264,2-Training-Stats/learning_rate,0.00019541171786841005,Pong1PQFM_XObs_entangled_trainable_rzz_QLayers_5___seed_1_1761468207
2191360,2-Training-Stats/learning_rate,0.0001953093014890328,Pong1PQFM_XObs_entangled_trainable_rzz_QLayers_5___seed_1_1761468207
2195456,2-Training-Stats/learning_rate,0.00019520688510965556,Pong1PQFM_XObs_entangled_trainable_rzz_QLayers_5___seed_1_1761468207
2199552,2-Training-Stats/learning_rate,0.0001951044687302783,Pong1PQFM_XObs_entangled_trainable_rzz_QLayers_5___seed_1_1761468207
2203648,2-Training-Stats/learning_rate,0.00019500205235090107,Pong1PQFM_XObs_entangled_trainable_rzz_QLayers_5___seed_1_1761468207
2207744,2-Training-Stats/learning_rate,0.00019489963597152382,Pong1PQFM_XObs_entangled_trainable_rzz_QLayers_5___seed_1_1761468207
2211840,2-Training-Stats/learning_rate,0.00019479721959214658,Pong1PQFM_XObs_entangled_trainable_rzz_QLayers_5___seed_1_1761468207
2215936,2-Training-Stats/learning_rate,0.00019469480321276933,Pong1PQFM_XObs_entangled_trainable_rzz_QLayers_5___seed_1_1761468207
2220032,2-Training-Stats/learning_rate,0.00019459238683339208,Pong1PQFM_XObs_entangled_trainable_rzz_QLayers_5___seed_1_1761468207
2224128,2-Training-Stats/learning_rate,0.0001944899559020996,Pong1PQFM_XObs_entangled_trainable_rzz_QLayers_5___seed_1_1761468207
2228224,2-Training-Stats/learning_rate,0.00019438753952272236,Pong1PQFM_XObs_entangled_trainable_rzz_QLayers_5___seed_1_1761468207
2232320,2-Training-Stats/learning_rate,0.00019428512314334512,Pong1PQFM_XObs_entangled_trainable_rzz_QLayers_5___seed_1_1761468207
2236416,2-Training-Stats/learning_rate,0.00019418270676396787,Pong1PQFM_XObs_entangled_trainable_rzz_QLayers_5___seed_1_1761468207
2240512,2-Training-Stats/learning_rate,0.00019408029038459063,Pong1PQFM_XObs_entangled_trainable_rzz_QLayers_5___seed_1_1761468207
2244608,2-Training-Stats/learning_rate,0.00019397787400521338,Pong1PQFM_XObs_entangled_trainable_rzz_QLayers_5___seed_1_1761468207
2248704,2-Training-Stats/learning_rate,0.00019387545762583613,Pong1PQFM_XObs_entangled_trainable_rzz_QLayers_5___seed_1_1761468207
2252800,2-Training-Stats/learning_rate,0.0001937730412464589,Pong1PQFM_XObs_entangled_trainable_rzz_QLayers_5___seed_1_1761468207
2256896,2-Training-Stats/learning_rate,0.00019367062486708164,Pong1PQFM_XObs_entangled_trainable_rzz_QLayers_5___seed_1_1761468207
2260992,2-Training-Stats/learning_rate,0.0001935682084877044,Pong1PQFM_XObs_entangled_trainable_rzz_QLayers_5___seed_1_1761468207
2265088,2-Training-Stats/learning_rate,0.00019346579210832715,Pong1PQFM_XObs_entangled_trainable_rzz_QLayers_5___seed_1_1761468207
2269184,2-Training-Stats/learning_rate,0.0001933633757289499,Pong1PQFM_XObs_entangled_trainable_rzz_QLayers_5___seed_1_1761468207
2273280,2-Training-Stats/learning_rate,0.00019326095934957266,Pong1PQFM_XObs_entangled_trainable_rzz_QLayers_5___seed_1_1761468207
2277376,2-Training-Stats/learning_rate,0.0001931585429701954,Pong1PQFM_XObs_entangled_trainable_rzz_QLayers_5___seed_1_1761468207
2281472,2-Training-Stats/learning_rate,0.00019305612659081817,Pong1PQFM_XObs_entangled_trainable_rzz_QLayers_5___seed_1_1761468207
2285568,2-Training-Stats/learning_rate,0.00019295371021144092,Pong1PQFM_XObs_entangled_trainable_rzz_QLayers_5___seed_1_1761468207
2289664,2-Training-Stats/learning_rate,0.00019285129383206367,Pong1PQFM_XObs_entangled_trainable_rzz_QLayers_5___seed_1_1761468207
2293760,2-Training-Stats/learning_rate,0.00019274887745268643,Pong1PQFM_XObs_entangled_trainable_rzz_QLayers_5___seed_1_1761468207
2297856,2-Training-Stats/learning_rate,0.00019264646107330918,Pong1PQFM_XObs_entangled_trainable_rzz_QLayers_5___seed_1_1761468207
2301952,2-Training-Stats/learning_rate,0.00019254404469393194,Pong1PQFM_XObs_entangled_trainable_rzz_QLayers_5___seed_1_1761468207
2306048,2-Training-Stats/learning_rate,0.0001924416283145547,Pong1PQFM_XObs_entangled_trainable_rzz_QLayers_5___seed_1_1761468207
2310144,2-Training-Stats/learning_rate,0.00019233921193517745,Pong1PQFM_XObs_entangled_trainable_rzz_QLayers_5___seed_1_1761468207
2314240,2-Training-Stats/learning_rate,0.00019223678100388497,Pong1PQFM_XObs_entangled_trainable_rzz_QLayers_5___seed_1_1761468207
2318336,2-Training-Stats/learning_rate,0.00019213436462450773,Pong1PQFM_XObs_entangled_trainable_rzz_QLayers_5___seed_1_1761468207
2322432,2-Training-Stats/learning_rate,0.00019203194824513048,Pong1PQFM_XObs_entangled_trainable_rzz_QLayers_5___seed_1_1761468207
2326528,2-Training-Stats/learning_rate,0.00019192953186575323,Pong1PQFM_XObs_entangled_trainable_rzz_QLayers_5___seed_1_1761468207
2330624,2-Training-Stats/learning_rate,0.000191827115486376,Pong1PQFM_XObs_entangled_trainable_rzz_QLayers_5___seed_1_1761468207
2334720,2-Training-Stats/learning_rate,0.00019172469910699874,Pong1PQFM_XObs_entangled_trainable_rzz_QLayers_5___seed_1_1761468207
2338816,2-Training-Stats/learning_rate,0.0001916222827276215,Pong1PQFM_XObs_entangled_trainable_rzz_QLayers_5___seed_1_1761468207
2342912,2-Training-Stats/learning_rate,0.00019151986634824425,Pong1PQFM_XObs_entangled_trainable_rzz_QLayers_5___seed_1_1761468207
2347008,2-Training-Stats/learning_rate,0.000191417449968867,Pong1PQFM_XObs_entangled_trainable_rzz_QLayers_5___seed_1_1761468207
2351104,2-Training-Stats/learning_rate,0.00019131503358948976,Pong1PQFM_XObs_entangled_trainable_rzz_QLayers_5___seed_1_1761468207
2355200,2-Training-Stats/learning_rate,0.0001912126172101125,Pong1PQFM_XObs_entangled_trainable_rzz_QLayers_5___seed_1_1761468207
2359296,2-Training-Stats/learning_rate,0.00019111020083073527,Pong1PQFM_XObs_entangled_trainable_rzz_QLayers_5___seed_1_1761468207
2363392,2-Training-Stats/learning_rate,0.00019100778445135802,Pong1PQFM_XObs_entangled_trainable_rzz_QLayers_5___seed_1_1761468207
2367488,2-Training-Stats/learning_rate,0.00019090536807198077,Pong1PQFM_XObs_entangled_trainable_rzz_QLayers_5___seed_1_1761468207
2371584,2-Training-Stats/learning_rate,0.00019080295169260353,Pong1PQFM_XObs_entangled_trainable_rzz_QLayers_5___seed_1_1761468207
2375680,2-Training-Stats/learning_rate,0.00019070053531322628,Pong1PQFM_XObs_entangled_trainable_rzz_QLayers_5___seed_1_1761468207
2379776,2-Training-Stats/learning_rate,0.00019059811893384904,Pong1PQFM_XObs_entangled_trainable_rzz_QLayers_5___seed_1_1761468207
2383872,2-Training-Stats/learning_rate,0.0001904957025544718,Pong1PQFM_XObs_entangled_trainable_rzz_QLayers_5___seed_1_1761468207
2387968,2-Training-Stats/learning_rate,0.00019039328617509454,Pong1PQFM_XObs_entangled_trainable_rzz_QLayers_5___seed_1_1761468207
2392064,2-Training-Stats/learning_rate,0.0001902908697957173,Pong1PQFM_XObs_entangled_trainable_rzz_QLayers_5___seed_1_1761468207
2396160,2-Training-Stats/learning_rate,0.00019018845341634005,Pong1PQFM_XObs_entangled_trainable_rzz_QLayers_5___seed_1_1761468207
2400256,2-Training-Stats/learning_rate,0.0001900860370369628,Pong1PQFM_XObs_entangled_trainable_rzz_QLayers_5___seed_1_1761468207
2404352,2-Training-Stats/learning_rate,0.00018998360610567033,Pong1PQFM_XObs_entangled_trainable_rzz_QLayers_5___seed_1_1761468207
2408448,2-Training-Stats/learning_rate,0.0001898811897262931,Pong1PQFM_XObs_entangled_trainable_rzz_QLayers_5___seed_1_1761468207
2412544,2-Training-Stats/learning_rate,0.00018977877334691584,Pong1PQFM_XObs_entangled_trainable_rzz_QLayers_5___seed_1_1761468207
2416640,2-Training-Stats/learning_rate,0.0001896763569675386,Pong1PQFM_XObs_entangled_trainable_rzz_QLayers_5___seed_1_1761468207
2420736,2-Training-Stats/learning_rate,0.00018957394058816135,Pong1PQFM_XObs_entangled_trainable_rzz_QLayers_5___seed_1_1761468207
2424832,2-Training-Stats/learning_rate,0.0001894715242087841,Pong1PQFM_XObs_entangled_trainable_rzz_QLayers_5___seed_1_1761468207
2428928,2-Training-Stats/learning_rate,0.00018936910782940686,Pong1PQFM_XObs_entangled_trainable_rzz_QLayers_5___seed_1_1761468207
2433024,2-Training-Stats/learning_rate,0.0001892666914500296,Pong1PQFM_XObs_entangled_trainable_rzz_QLayers_5___seed_1_1761468207
2437120,2-Training-Stats/learning_rate,0.00018916427507065237,Pong1PQFM_XObs_entangled_trainable_rzz_QLayers_5___seed_1_1761468207
2441216,2-Training-Stats/learning_rate,0.00018906185869127512,Pong1PQFM_XObs_entangled_trainable_rzz_QLayers_5___seed_1_1761468207
2445312,2-Training-Stats/learning_rate,0.00018895944231189787,Pong1PQFM_XObs_entangled_trainable_rzz_QLayers_5___seed_1_1761468207
2449408,2-Training-Stats/learning_rate,0.00018885702593252063,Pong1PQFM_XObs_entangled_trainable_rzz_QLayers_5___seed_1_1761468207
2453504,2-Training-Stats/learning_rate,0.00018875460955314338,Pong1PQFM_XObs_entangled_trainable_rzz_QLayers_5___seed_1_1761468207
2457600,2-Training-Stats/learning_rate,0.00018865219317376614,Pong1PQFM_XObs_entangled_trainable_rzz_QLayers_5___seed_1_1761468207
2461696,2-Training-Stats/learning_rate,0.0001885497767943889,Pong1PQFM_XObs_entangled_trainable_rzz_QLayers_5___seed_1_1761468207
2465792,2-Training-Stats/learning_rate,0.00018844736041501164,Pong1PQFM_XObs_entangled_trainable_rzz_QLayers_5___seed_1_1761468207
2469888,2-Training-Stats/learning_rate,0.0001883449440356344,Pong1PQFM_XObs_entangled_trainable_rzz_QLayers_5___seed_1_1761468207
2473984,2-Training-Stats/learning_rate,0.00018824252765625715,Pong1PQFM_XObs_entangled_trainable_rzz_QLayers_5___seed_1_1761468207
2478080,2-Training-Stats/learning_rate,0.0001881401112768799,Pong1PQFM_XObs_entangled_trainable_rzz_QLayers_5___seed_1_1761468207
2482176,2-Training-Stats/learning_rate,0.00018803769489750266,Pong1PQFM_XObs_entangled_trainable_rzz_QLayers_5___seed_1_1761468207
2486272,2-Training-Stats/learning_rate,0.00018793527851812541,Pong1PQFM_XObs_entangled_trainable_rzz_QLayers_5___seed_1_1761468207
2490368,2-Training-Stats/learning_rate,0.00018783286213874817,Pong1PQFM_XObs_entangled_trainable_rzz_QLayers_5___seed_1_1761468207
2494464,2-Training-Stats/learning_rate,0.0001877304312074557,Pong1PQFM_XObs_entangled_trainable_rzz_QLayers_5___seed_1_1761468207
2498560,2-Training-Stats/learning_rate,0.00018762801482807845,Pong1PQFM_XObs_entangled_trainable_rzz_QLayers_5___seed_1_1761468207
2502656,2-Training-Stats/learning_rate,0.0001875255984487012,Pong1PQFM_XObs_entangled_trainable_rzz_QLayers_5___seed_1_1761468207
2506752,2-Training-Stats/learning_rate,0.00018742318206932396,Pong1PQFM_XObs_entangled_trainable_rzz_QLayers_5___seed_1_1761468207
2510848,2-Training-Stats/learning_rate,0.0001873207656899467,Pong1PQFM_XObs_entangled_trainable_rzz_QLayers_5___seed_1_1761468207
2514944,2-Training-Stats/learning_rate,0.00018721834931056947,Pong1PQFM_XObs_entangled_trainable_rzz_QLayers_5___seed_1_1761468207
2519040,2-Training-Stats/learning_rate,0.00018711593293119222,Pong1PQFM_XObs_entangled_trainable_rzz_QLayers_5___seed_1_1761468207
2523136,2-Training-Stats/learning_rate,0.00018701351655181497,Pong1PQFM_XObs_entangled_trainable_rzz_QLayers_5___seed_1_1761468207
2527232,2-Training-Stats/learning_rate,0.00018691110017243773,Pong1PQFM_XObs_entangled_trainable_rzz_QLayers_5___seed_1_1761468207
2531328,2-Training-Stats/learning_rate,0.00018680868379306048,Pong1PQFM_XObs_entangled_trainable_rzz_QLayers_5___seed_1_1761468207
2535424,2-Training-Stats/learning_rate,0.00018670626741368324,Pong1PQFM_XObs_entangled_trainable_rzz_QLayers_5___seed_1_1761468207
2539520,2-Training-Stats/learning_rate,0.000186603851034306,Pong1PQFM_XObs_entangled_trainable_rzz_QLayers_5___seed_1_1761468207
2543616,2-Training-Stats/learning_rate,0.00018650143465492874,Pong1PQFM_XObs_entangled_trainable_rzz_QLayers_5___seed_1_1761468207
2547712,2-Training-Stats/learning_rate,0.0001863990182755515,Pong1PQFM_XObs_entangled_trainable_rzz_QLayers_5___seed_1_1761468207
2551808,2-Training-Stats/learning_rate,0.00018629660189617425,Pong1PQFM_XObs_entangled_trainable_rzz_QLayers_5___seed_1_1761468207
2555904,2-Training-Stats/learning_rate,0.000186194185516797,Pong1PQFM_XObs_entangled_trainable_rzz_QLayers_5___seed_1_1761468207
2560000,2-Training-Stats/learning_rate,0.00018609176913741976,Pong1PQFM_XObs_entangled_trainable_rzz_QLayers_5___seed_1_1761468207
2564096,2-Training-Stats/learning_rate,0.00018598935275804251,Pong1PQFM_XObs_entangled_trainable_rzz_QLayers_5___seed_1_1761468207
2568192,2-Training-Stats/learning_rate,0.00018588693637866527,Pong1PQFM_XObs_entangled_trainable_rzz_QLayers_5___seed_1_1761468207
2572288,2-Training-Stats/learning_rate,0.00018578451999928802,Pong1PQFM_XObs_entangled_trainable_rzz_QLayers_5___seed_1_1761468207
2576384,2-Training-Stats/learning_rate,0.00018568210361991078,Pong1PQFM_XObs_entangled_trainable_rzz_QLayers_5___seed_1_1761468207
2580480,2-Training-Stats/learning_rate,0.00018557968724053353,Pong1PQFM_XObs_entangled_trainable_rzz_QLayers_5___seed_1_1761468207
2584576,2-Training-Stats/learning_rate,0.00018547725630924106,Pong1PQFM_XObs_entangled_trainable_rzz_QLayers_5___seed_1_1761468207
2588672,2-Training-Stats/learning_rate,0.0001853748399298638,Pong1PQFM_XObs_entangled_trainable_rzz_QLayers_5___seed_1_1761468207
2592768,2-Training-Stats/learning_rate,0.00018527242355048656,Pong1PQFM_XObs_entangled_trainable_rzz_QLayers_5___seed_1_1761468207
2596864,2-Training-Stats/learning_rate,0.00018517000717110932,Pong1PQFM_XObs_entangled_trainable_rzz_QLayers_5___seed_1_1761468207
2600960,2-Training-Stats/learning_rate,0.00018506759079173207,Pong1PQFM_XObs_entangled_trainable_rzz_QLayers_5___seed_1_1761468207
2605056,2-Training-Stats/learning_rate,0.00018496517441235483,Pong1PQFM_XObs_entangled_trainable_rzz_QLayers_5___seed_1_1761468207
2609152,2-Training-Stats/learning_rate,0.00018486275803297758,Pong1PQFM_XObs_entangled_trainable_rzz_QLayers_5___seed_1_1761468207
2613248,2-Training-Stats/learning_rate,0.00018476034165360034,Pong1PQFM_XObs_entangled_trainable_rzz_QLayers_5___seed_1_1761468207
2617344,2-Training-Stats/learning_rate,0.0001846579252742231,Pong1PQFM_XObs_entangled_trainable_rzz_QLayers_5___seed_1_1761468207
2621440,2-Training-Stats/learning_rate,0.00018455550889484584,Pong1PQFM_XObs_entangled_trainable_rzz_QLayers_5___seed_1_1761468207
2625536,2-Training-Stats/learning_rate,0.0001844530925154686,Pong1PQFM_XObs_entangled_trainable_rzz_QLayers_5___seed_1_1761468207
2629632,2-Training-Stats/learning_rate,0.00018435067613609135,Pong1PQFM_XObs_entangled_trainable_rzz_QLayers_5___seed_1_1761468207
2633728,2-Training-Stats/learning_rate,0.0001842482597567141,Pong1PQFM_XObs_entangled_trainable_rzz_QLayers_5___seed_1_1761468207
2637824,2-Training-Stats/learning_rate,0.00018414584337733686,Pong1PQFM_XObs_entangled_trainable_rzz_QLayers_5___seed_1_1761468207
2641920,2-Training-Stats/learning_rate,0.00018404342699795961,Pong1PQFM_XObs_entangled_trainable_rzz_QLayers_5___seed_1_1761468207
2646016,2-Training-Stats/learning_rate,0.00018394101061858237,Pong1PQFM_XObs_entangled_trainable_rzz_QLayers_5___seed_1_1761468207
2650112,2-Training-Stats/learning_rate,0.00018383859423920512,Pong1PQFM_XObs_entangled_trainable_rzz_QLayers_5___seed_1_1761468207
2654208,2-Training-Stats/learning_rate,0.00018373617785982788,Pong1PQFM_XObs_entangled_trainable_rzz_QLayers_5___seed_1_1761468207
2658304,2-Training-Stats/learning_rate,0.00018363376148045063,Pong1PQFM_XObs_entangled_trainable_rzz_QLayers_5___seed_1_1761468207
2662400,2-Training-Stats/learning_rate,0.00018353134510107338,Pong1PQFM_XObs_entangled_trainable_rzz_QLayers_5___seed_1_1761468207
2666496,2-Training-Stats/learning_rate,0.00018342892872169614,Pong1PQFM_XObs_entangled_trainable_rzz_QLayers_5___seed_1_1761468207
2670592,2-Training-Stats/learning_rate,0.0001833265123423189,Pong1PQFM_XObs_entangled_trainable_rzz_QLayers_5___seed_1_1761468207
2674688,2-Training-Stats/learning_rate,0.00018322408141102642,Pong1PQFM_XObs_entangled_trainable_rzz_QLayers_5___seed_1_1761468207
2678784,2-Training-Stats/learning_rate,0.00018312166503164917,Pong1PQFM_XObs_entangled_trainable_rzz_QLayers_5___seed_1_1761468207
2682880,2-Training-Stats/learning_rate,0.00018301924865227193,Pong1PQFM_XObs_entangled_trainable_rzz_QLayers_5___seed_1_1761468207
2686976,2-Training-Stats/learning_rate,0.00018291683227289468,Pong1PQFM_XObs_entangled_trainable_rzz_QLayers_5___seed_1_1761468207
2691072,2-Training-Stats/learning_rate,0.00018281441589351743,Pong1PQFM_XObs_entangled_trainable_rzz_QLayers_5___seed_1_1761468207
2695168,2-Training-Stats/learning_rate,0.0001827119995141402,Pong1PQFM_XObs_entangled_trainable_rzz_QLayers_5___seed_1_1761468207
2699264,2-Training-Stats/learning_rate,0.00018260958313476294,Pong1PQFM_XObs_entangled_trainable_rzz_QLayers_5___seed_1_1761468207
2703360,2-Training-Stats/learning_rate,0.0001825071667553857,Pong1PQFM_XObs_entangled_trainable_rzz_QLayers_5___seed_1_1761468207
2707456,2-Training-Stats/learning_rate,0.00018240475037600845,Pong1PQFM_XObs_entangled_trainable_rzz_QLayers_5___seed_1_1761468207
2711552,2-Training-Stats/learning_rate,0.0001823023339966312,Pong1PQFM_XObs_entangled_trainable_rzz_QLayers_5___seed_1_1761468207
2715648,2-Training-Stats/learning_rate,0.00018219991761725396,Pong1PQFM_XObs_entangled_trainable_rzz_QLayers_5___seed_1_1761468207
2719744,2-Training-Stats/learning_rate,0.0001820975012378767,Pong1PQFM_XObs_entangled_trainable_rzz_QLayers_5___seed_1_1761468207
2723840,2-Training-Stats/learning_rate,0.00018199508485849947,Pong1PQFM_XObs_entangled_trainable_rzz_QLayers_5___seed_1_1761468207
2727936,2-Training-Stats/learning_rate,0.00018189266847912222,Pong1PQFM_XObs_entangled_trainable_rzz_QLayers_5___seed_1_1761468207
2732032,2-Training-Stats/learning_rate,0.00018179025209974498,Pong1PQFM_XObs_entangled_trainable_rzz_QLayers_5___seed_1_1761468207
2736128,2-Training-Stats/learning_rate,0.00018168783572036773,Pong1PQFM_XObs_entangled_trainable_rzz_QLayers_5___seed_1_1761468207
2740224,2-Training-Stats/learning_rate,0.00018158541934099048,Pong1PQFM_XObs_entangled_trainable_rzz_QLayers_5___seed_1_1761468207
2744320,2-Training-Stats/learning_rate,0.00018148300296161324,Pong1PQFM_XObs_entangled_trainable_rzz_QLayers_5___seed_1_1761468207
2748416,2-Training-Stats/learning_rate,0.000181380586582236,Pong1PQFM_XObs_entangled_trainable_rzz_QLayers_5___seed_1_1761468207
2752512,2-Training-Stats/learning_rate,0.00018127817020285875,Pong1PQFM_XObs_entangled_trainable_rzz_QLayers_5___seed_1_1761468207
2756608,2-Training-Stats/learning_rate,0.0001811757538234815,Pong1PQFM_XObs_entangled_trainable_rzz_QLayers_5___seed_1_1761468207
2760704,2-Training-Stats/learning_rate,0.00018107333744410425,Pong1PQFM_XObs_entangled_trainable_rzz_QLayers_5___seed_1_1761468207
2764800,2-Training-Stats/learning_rate,0.00018097090651281178,Pong1PQFM_XObs_entangled_trainable_rzz_QLayers_5___seed_1_1761468207
2768896,2-Training-Stats/learning_rate,0.00018086849013343453,Pong1PQFM_XObs_entangled_trainable_rzz_QLayers_5___seed_1_1761468207
2772992,2-Training-Stats/learning_rate,0.0001807660737540573,Pong1PQFM_XObs_entangled_trainable_rzz_QLayers_5___seed_1_1761468207
2777088,2-Training-Stats/learning_rate,0.00018066365737468004,Pong1PQFM_XObs_entangled_trainable_rzz_QLayers_5___seed_1_1761468207
2781184,2-Training-Stats/learning_rate,0.0001805612409953028,Pong1PQFM_XObs_entangled_trainable_rzz_QLayers_5___seed_1_1761468207
2785280,2-Training-Stats/learning_rate,0.00018045882461592555,Pong1PQFM_XObs_entangled_trainable_rzz_QLayers_5___seed_1_1761468207
2789376,2-Training-Stats/learning_rate,0.0001803564082365483,Pong1PQFM_XObs_entangled_trainable_rzz_QLayers_5___seed_1_1761468207
2793472,2-Training-Stats/learning_rate,0.00018025399185717106,Pong1PQFM_XObs_entangled_trainable_rzz_QLayers_5___seed_1_1761468207
2797568,2-Training-Stats/learning_rate,0.0001801515754777938,Pong1PQFM_XObs_entangled_trainable_rzz_QLayers_5___seed_1_1761468207
2801664,2-Training-Stats/learning_rate,0.00018004915909841657,Pong1PQFM_XObs_entangled_trainable_rzz_QLayers_5___seed_1_1761468207
2805760,2-Training-Stats/learning_rate,0.00017994674271903932,Pong1PQFM_XObs_entangled_trainable_rzz_QLayers_5___seed_1_1761468207
2809856,2-Training-Stats/learning_rate,0.00017984432633966208,Pong1PQFM_XObs_entangled_trainable_rzz_QLayers_5___seed_1_1761468207
2813952,2-Training-Stats/learning_rate,0.00017974190996028483,Pong1PQFM_XObs_entangled_trainable_rzz_QLayers_5___seed_1_1761468207
2818048,2-Training-Stats/learning_rate,0.00017963949358090758,Pong1PQFM_XObs_entangled_trainable_rzz_QLayers_5___seed_1_1761468207
2822144,2-Training-Stats/learning_rate,0.00017953707720153034,Pong1PQFM_XObs_entangled_trainable_rzz_QLayers_5___seed_1_1761468207
2826240,2-Training-Stats/learning_rate,0.0001794346608221531,Pong1PQFM_XObs_entangled_trainable_rzz_QLayers_5___seed_1_1761468207
2830336,2-Training-Stats/learning_rate,0.00017933224444277585,Pong1PQFM_XObs_entangled_trainable_rzz_QLayers_5___seed_1_1761468207
2834432,2-Training-Stats/learning_rate,0.0001792298280633986,Pong1PQFM_XObs_entangled_trainable_rzz_QLayers_5___seed_1_1761468207
2838528,2-Training-Stats/learning_rate,0.00017912741168402135,Pong1PQFM_XObs_entangled_trainable_rzz_QLayers_5___seed_1_1761468207
2842624,2-Training-Stats/learning_rate,0.0001790249953046441,Pong1PQFM_XObs_entangled_trainable_rzz_QLayers_5___seed_1_1761468207
2846720,2-Training-Stats/learning_rate,0.00017892257892526686,Pong1PQFM_XObs_entangled_trainable_rzz_QLayers_5___seed_1_1761468207
2850816,2-Training-Stats/learning_rate,0.00017882016254588962,Pong1PQFM_XObs_entangled_trainable_rzz_QLayers_5___seed_1_1761468207
2854912,2-Training-Stats/learning_rate,0.00017871773161459714,Pong1PQFM_XObs_entangled_trainable_rzz_QLayers_5___seed_1_1761468207
2859008,2-Training-Stats/learning_rate,0.0001786153152352199,Pong1PQFM_XObs_entangled_trainable_rzz_QLayers_5___seed_1_1761468207
2863104,2-Training-Stats/learning_rate,0.00017851289885584265,Pong1PQFM_XObs_entangled_trainable_rzz_QLayers_5___seed_1_1761468207
2867200,2-Training-Stats/learning_rate,0.0001784104824764654,Pong1PQFM_XObs_entangled_trainable_rzz_QLayers_5___seed_1_1761468207
2871296,2-Training-Stats/learning_rate,0.00017830806609708816,Pong1PQFM_XObs_entangled_trainable_rzz_QLayers_5___seed_1_1761468207
2875392,2-Training-Stats/learning_rate,0.0001782056497177109,Pong1PQFM_XObs_entangled_trainable_rzz_QLayers_5___seed_1_1761468207
2879488,2-Training-Stats/learning_rate,0.00017810323333833367,Pong1PQFM_XObs_entangled_trainable_rzz_QLayers_5___seed_1_1761468207
2883584,2-Training-Stats/learning_rate,0.00017800081695895642,Pong1PQFM_XObs_entangled_trainable_rzz_QLayers_5___seed_1_1761468207
2887680,2-Training-Stats/learning_rate,0.00017789840057957917,Pong1PQFM_XObs_entangled_trainable_rzz_QLayers_5___seed_1_1761468207
2891776,2-Training-Stats/learning_rate,0.00017779598420020193,Pong1PQFM_XObs_entangled_trainable_rzz_QLayers_5___seed_1_1761468207
2895872,2-Training-Stats/learning_rate,0.00017769356782082468,Pong1PQFM_XObs_entangled_trainable_rzz_QLayers_5___seed_1_1761468207
2899968,2-Training-Stats/learning_rate,0.00017759115144144744,Pong1PQFM_XObs_entangled_trainable_rzz_QLayers_5___seed_1_1761468207
2904064,2-Training-Stats/learning_rate,0.0001774887350620702,Pong1PQFM_XObs_entangled_trainable_rzz_QLayers_5___seed_1_1761468207
2908160,2-Training-Stats/learning_rate,0.00017738631868269295,Pong1PQFM_XObs_entangled_trainable_rzz_QLayers_5___seed_1_1761468207
2912256,2-Training-Stats/learning_rate,0.0001772839023033157,Pong1PQFM_XObs_entangled_trainable_rzz_QLayers_5___seed_1_1761468207
2916352,2-Training-Stats/learning_rate,0.00017718148592393845,Pong1PQFM_XObs_entangled_trainable_rzz_QLayers_5___seed_1_1761468207
2920448,2-Training-Stats/learning_rate,0.0001770790695445612,Pong1PQFM_XObs_entangled_trainable_rzz_QLayers_5___seed_1_1761468207
2924544,2-Training-Stats/learning_rate,0.00017697665316518396,Pong1PQFM_XObs_entangled_trainable_rzz_QLayers_5___seed_1_1761468207
2928640,2-Training-Stats/learning_rate,0.00017687423678580672,Pong1PQFM_XObs_entangled_trainable_rzz_QLayers_5___seed_1_1761468207
2932736,2-Training-Stats/learning_rate,0.00017677182040642947,Pong1PQFM_XObs_entangled_trainable_rzz_QLayers_5___seed_1_1761468207
2936832,2-Training-Stats/learning_rate,0.00017666940402705222,Pong1PQFM_XObs_entangled_trainable_rzz_QLayers_5___seed_1_1761468207
2940928,2-Training-Stats/learning_rate,0.00017656698764767498,Pong1PQFM_XObs_entangled_trainable_rzz_QLayers_5___seed_1_1761468207
2945024,2-Training-Stats/learning_rate,0.0001764645567163825,Pong1PQFM_XObs_entangled_trainable_rzz_QLayers_5___seed_1_1761468207
2949120,2-Training-Stats/learning_rate,0.00017636214033700526,Pong1PQFM_XObs_entangled_trainable_rzz_QLayers_5___seed_1_1761468207
2953216,2-Training-Stats/learning_rate,0.000176259723957628,Pong1PQFM_XObs_entangled_trainable_rzz_QLayers_5___seed_1_1761468207
2957312,2-Training-Stats/learning_rate,0.00017615730757825077,Pong1PQFM_XObs_entangled_trainable_rzz_QLayers_5___seed_1_1761468207
2961408,2-Training-Stats/learning_rate,0.00017605489119887352,Pong1PQFM_XObs_entangled_trainable_rzz_QLayers_5___seed_1_1761468207
2965504,2-Training-Stats/learning_rate,0.00017595247481949627,Pong1PQFM_XObs_entangled_trainable_rzz_QLayers_5___seed_1_1761468207
2969600,2-Training-Stats/learning_rate,0.00017585005844011903,Pong1PQFM_XObs_entangled_trainable_rzz_QLayers_5___seed_1_1761468207
2973696,2-Training-Stats/learning_rate,0.00017574764206074178,Pong1PQFM_XObs_entangled_trainable_rzz_QLayers_5___seed_1_1761468207
2977792,2-Training-Stats/learning_rate,0.00017564522568136454,Pong1PQFM_XObs_entangled_trainable_rzz_QLayers_5___seed_1_1761468207
2981888,2-Training-Stats/learning_rate,0.0001755428093019873,Pong1PQFM_XObs_entangled_trainable_rzz_QLayers_5___seed_1_1761468207
2985984,2-Training-Stats/learning_rate,0.00017544039292261004,Pong1PQFM_XObs_entangled_trainable_rzz_QLayers_5___seed_1_1761468207
2990080,2-Training-Stats/learning_rate,0.0001753379765432328,Pong1PQFM_XObs_entangled_trainable_rzz_QLayers_5___seed_1_1761468207
2994176,2-Training-Stats/learning_rate,0.00017523556016385555,Pong1PQFM_XObs_entangled_trainable_rzz_QLayers_5___seed_1_1761468207
2998272,2-Training-Stats/learning_rate,0.0001751331437844783,Pong1PQFM_XObs_entangled_trainable_rzz_QLayers_5___seed_1_1761468207
3002368,2-Training-Stats/learning_rate,0.00017503072740510106,Pong1PQFM_XObs_entangled_trainable_rzz_QLayers_5___seed_1_1761468207
3006464,2-Training-Stats/learning_rate,0.00017492831102572381,Pong1PQFM_XObs_entangled_trainable_rzz_QLayers_5___seed_1_1761468207
3010560,2-Training-Stats/learning_rate,0.00017482589464634657,Pong1PQFM_XObs_entangled_trainable_rzz_QLayers_5___seed_1_1761468207
3014656,2-Training-Stats/learning_rate,0.00017472347826696932,Pong1PQFM_XObs_entangled_trainable_rzz_QLayers_5___seed_1_1761468207
3018752,2-Training-Stats/learning_rate,0.00017462106188759208,Pong1PQFM_XObs_entangled_trainable_rzz_QLayers_5___seed_1_1761468207
3022848,2-Training-Stats/learning_rate,0.00017451864550821483,Pong1PQFM_XObs_entangled_trainable_rzz_QLayers_5___seed_1_1761468207
3026944,2-Training-Stats/learning_rate,0.00017441622912883759,Pong1PQFM_XObs_entangled_trainable_rzz_QLayers_5___seed_1_1761468207
3031040,2-Training-Stats/learning_rate,0.00017431381274946034,Pong1PQFM_XObs_entangled_trainable_rzz_QLayers_5___seed_1_1761468207
3035136,2-Training-Stats/learning_rate,0.00017421138181816787,Pong1PQFM_XObs_entangled_trainable_rzz_QLayers_5___seed_1_1761468207
3039232,2-Training-Stats/learning_rate,0.00017410896543879062,Pong1PQFM_XObs_entangled_trainable_rzz_QLayers_5___seed_1_1761468207
3043328,2-Training-Stats/learning_rate,0.00017400654905941337,Pong1PQFM_XObs_entangled_trainable_rzz_QLayers_5___seed_1_1761468207
3047424,2-Training-Stats/learning_rate,0.00017390413268003613,Pong1PQFM_XObs_entangled_trainable_rzz_QLayers_5___seed_1_1761468207
3051520,2-Training-Stats/learning_rate,0.00017380171630065888,Pong1PQFM_XObs_entangled_trainable_rzz_QLayers_5___seed_1_1761468207
3055616,2-Training-Stats/learning_rate,0.00017369929992128164,Pong1PQFM_XObs_entangled_trainable_rzz_QLayers_5___seed_1_1761468207
3059712,2-Training-Stats/learning_rate,0.0001735968835419044,Pong1PQFM_XObs_entangled_trainable_rzz_QLayers_5___seed_1_1761468207
3063808,2-Training-Stats/learning_rate,0.00017349446716252714,Pong1PQFM_XObs_entangled_trainable_rzz_QLayers_5___seed_1_1761468207
3067904,2-Training-Stats/learning_rate,0.0001733920507831499,Pong1PQFM_XObs_entangled_trainable_rzz_QLayers_5___seed_1_1761468207
3072000,2-Training-Stats/learning_rate,0.00017328963440377265,Pong1PQFM_XObs_entangled_trainable_rzz_QLayers_5___seed_1_1761468207
3076096,2-Training-Stats/learning_rate,0.0001731872180243954,Pong1PQFM_XObs_entangled_trainable_rzz_QLayers_5___seed_1_1761468207
3080192,2-Training-Stats/learning_rate,0.00017308480164501816,Pong1PQFM_XObs_entangled_trainable_rzz_QLayers_5___seed_1_1761468207
3084288,2-Training-Stats/learning_rate,0.00017298238526564091,Pong1PQFM_XObs_entangled_trainable_rzz_QLayers_5___seed_1_1761468207
3088384,2-Training-Stats/learning_rate,0.00017287996888626367,Pong1PQFM_XObs_entangled_trainable_rzz_QLayers_5___seed_1_1761468207
3092480,2-Training-Stats/learning_rate,0.00017277755250688642,Pong1PQFM_XObs_entangled_trainable_rzz_QLayers_5___seed_1_1761468207
3096576,2-Training-Stats/learning_rate,0.00017267513612750918,Pong1PQFM_XObs_entangled_trainable_rzz_QLayers_5___seed_1_1761468207
3100672,2-Training-Stats/learning_rate,0.00017257271974813193,Pong1PQFM_XObs_entangled_trainable_rzz_QLayers_5___seed_1_1761468207
3104768,2-Training-Stats/learning_rate,0.00017247030336875468,Pong1PQFM_XObs_entangled_trainable_rzz_QLayers_5___seed_1_1761468207
3108864,2-Training-Stats/learning_rate,0.00017236788698937744,Pong1PQFM_XObs_entangled_trainable_rzz_QLayers_5___seed_1_1761468207
3112960,2-Training-Stats/learning_rate,0.0001722654706100002,Pong1PQFM_XObs_entangled_trainable_rzz_QLayers_5___seed_1_1761468207
3117056,2-Training-Stats/learning_rate,0.00017216305423062295,Pong1PQFM_XObs_entangled_trainable_rzz_QLayers_5___seed_1_1761468207
3121152,2-Training-Stats/learning_rate,0.0001720606378512457,Pong1PQFM_XObs_entangled_trainable_rzz_QLayers_5___seed_1_1761468207
3125248,2-Training-Stats/learning_rate,0.00017195820691995323,Pong1PQFM_XObs_entangled_trainable_rzz_QLayers_5___seed_1_1761468207
3129344,2-Training-Stats/learning_rate,0.00017185579054057598,Pong1PQFM_XObs_entangled_trainable_rzz_QLayers_5___seed_1_1761468207
3133440,2-Training-Stats/learning_rate,0.00017175337416119874,Pong1PQFM_XObs_entangled_trainable_rzz_QLayers_5___seed_1_1761468207
3137536,2-Training-Stats/learning_rate,0.0001716509577818215,Pong1PQFM_XObs_entangled_trainable_rzz_QLayers_5___seed_1_1761468207
3141632,2-Training-Stats/learning_rate,0.00017154854140244424,Pong1PQFM_XObs_entangled_trainable_rzz_QLayers_5___seed_1_1761468207
3145728,2-Training-Stats/learning_rate,0.000171446125023067,Pong1PQFM_XObs_entangled_trainable_rzz_QLayers_5___seed_1_1761468207
3149824,2-Training-Stats/learning_rate,0.00017134370864368975,Pong1PQFM_XObs_entangled_trainable_rzz_QLayers_5___seed_1_1761468207
3153920,2-Training-Stats/learning_rate,0.0001712412922643125,Pong1PQFM_XObs_entangled_trainable_rzz_QLayers_5___seed_1_1761468207
3158016,2-Training-Stats/learning_rate,0.00017113887588493526,Pong1PQFM_XObs_entangled_trainable_rzz_QLayers_5___seed_1_1761468207
3162112,2-Training-Stats/learning_rate,0.00017103645950555801,Pong1PQFM_XObs_entangled_trainable_rzz_QLayers_5___seed_1_1761468207
3166208,2-Training-Stats/learning_rate,0.00017093404312618077,Pong1PQFM_XObs_entangled_trainable_rzz_QLayers_5___seed_1_1761468207
3170304,2-Training-Stats/learning_rate,0.00017083162674680352,Pong1PQFM_XObs_entangled_trainable_rzz_QLayers_5___seed_1_1761468207
3174400,2-Training-Stats/learning_rate,0.00017072921036742628,Pong1PQFM_XObs_entangled_trainable_rzz_QLayers_5___seed_1_1761468207
3178496,2-Training-Stats/learning_rate,0.00017062679398804903,Pong1PQFM_XObs_entangled_trainable_rzz_QLayers_5___seed_1_1761468207
3182592,2-Training-Stats/learning_rate,0.00017052437760867178,Pong1PQFM_XObs_entangled_trainable_rzz_QLayers_5___seed_1_1761468207
3186688,2-Training-Stats/learning_rate,0.00017042196122929454,Pong1PQFM_XObs_entangled_trainable_rzz_QLayers_5___seed_1_1761468207
3190784,2-Training-Stats/learning_rate,0.0001703195448499173,Pong1PQFM_XObs_entangled_trainable_rzz_QLayers_5___seed_1_1761468207
3194880,2-Training-Stats/learning_rate,0.00017021712847054005,Pong1PQFM_XObs_entangled_trainable_rzz_QLayers_5___seed_1_1761468207
3198976,2-Training-Stats/learning_rate,0.0001701147120911628,Pong1PQFM_XObs_entangled_trainable_rzz_QLayers_5___seed_1_1761468207
3203072,2-Training-Stats/learning_rate,0.00017001229571178555,Pong1PQFM_XObs_entangled_trainable_rzz_QLayers_5___seed_1_1761468207
3207168,2-Training-Stats/learning_rate,0.0001699098793324083,Pong1PQFM_XObs_entangled_trainable_rzz_QLayers_5___seed_1_1761468207
3211264,2-Training-Stats/learning_rate,0.00016980746295303106,Pong1PQFM_XObs_entangled_trainable_rzz_QLayers_5___seed_1_1761468207
3215360,2-Training-Stats/learning_rate,0.0001697050320217386,Pong1PQFM_XObs_entangled_trainable_rzz_QLayers_5___seed_1_1761468207
3219456,2-Training-Stats/learning_rate,0.00016960261564236134,Pong1PQFM_XObs_entangled_trainable_rzz_QLayers_5___seed_1_1761468207
3223552,2-Training-Stats/learning_rate,0.0001695001992629841,Pong1PQFM_XObs_entangled_trainable_rzz_QLayers_5___seed_1_1761468207
3227648,2-Training-Stats/learning_rate,0.00016939778288360685,Pong1PQFM_XObs_entangled_trainable_rzz_QLayers_5___seed_1_1761468207
3231744,2-Training-Stats/learning_rate,0.0001692953665042296,Pong1PQFM_XObs_entangled_trainable_rzz_QLayers_5___seed_1_1761468207
3235840,2-Training-Stats/learning_rate,0.00016919295012485236,Pong1PQFM_XObs_entangled_trainable_rzz_QLayers_5___seed_1_1761468207
3239936,2-Training-Stats/learning_rate,0.0001690905337454751,Pong1PQFM_XObs_entangled_trainable_rzz_QLayers_5___seed_1_1761468207
3244032,2-Training-Stats/learning_rate,0.00016898811736609787,Pong1PQFM_XObs_entangled_trainable_rzz_QLayers_5___seed_1_1761468207
3248128,2-Training-Stats/learning_rate,0.00016888570098672062,Pong1PQFM_XObs_entangled_trainable_rzz_QLayers_5___seed_1_1761468207
3252224,2-Training-Stats/learning_rate,0.00016878328460734338,Pong1PQFM_XObs_entangled_trainable_rzz_QLayers_5___seed_1_1761468207
3256320,2-Training-Stats/learning_rate,0.00016868086822796613,Pong1PQFM_XObs_entangled_trainable_rzz_QLayers_5___seed_1_1761468207
3260416,2-Training-Stats/learning_rate,0.00016857845184858888,Pong1PQFM_XObs_entangled_trainable_rzz_QLayers_5___seed_1_1761468207
3264512,2-Training-Stats/learning_rate,0.00016847603546921164,Pong1PQFM_XObs_entangled_trainable_rzz_QLayers_5___seed_1_1761468207
3268608,2-Training-Stats/learning_rate,0.0001683736190898344,Pong1PQFM_XObs_entangled_trainable_rzz_QLayers_5___seed_1_1761468207
3272704,2-Training-Stats/learning_rate,0.00016827120271045715,Pong1PQFM_XObs_entangled_trainable_rzz_QLayers_5___seed_1_1761468207
3276800,2-Training-Stats/learning_rate,0.0001681687863310799,Pong1PQFM_XObs_entangled_trainable_rzz_QLayers_5___seed_1_1761468207
3280896,2-Training-Stats/learning_rate,0.00016806636995170265,Pong1PQFM_XObs_entangled_trainable_rzz_QLayers_5___seed_1_1761468207
3284992,2-Training-Stats/learning_rate,0.0001679639535723254,Pong1PQFM_XObs_entangled_trainable_rzz_QLayers_5___seed_1_1761468207
3289088,2-Training-Stats/learning_rate,0.00016786153719294816,Pong1PQFM_XObs_entangled_trainable_rzz_QLayers_5___seed_1_1761468207
3293184,2-Training-Stats/learning_rate,0.00016775912081357092,Pong1PQFM_XObs_entangled_trainable_rzz_QLayers_5___seed_1_1761468207
3297280,2-Training-Stats/learning_rate,0.00016765670443419367,Pong1PQFM_XObs_entangled_trainable_rzz_QLayers_5___seed_1_1761468207
3301376,2-Training-Stats/learning_rate,0.00016755428805481642,Pong1PQFM_XObs_entangled_trainable_rzz_QLayers_5___seed_1_1761468207
3305472,2-Training-Stats/learning_rate,0.00016745185712352395,Pong1PQFM_XObs_entangled_trainable_rzz_QLayers_5___seed_1_1761468207
3309568,2-Training-Stats/learning_rate,0.0001673494407441467,Pong1PQFM_XObs_entangled_trainable_rzz_QLayers_5___seed_1_1761468207
3313664,2-Training-Stats/learning_rate,0.00016724702436476946,Pong1PQFM_XObs_entangled_trainable_rzz_QLayers_5___seed_1_1761468207
3317760,2-Training-Stats/learning_rate,0.0001671446079853922,Pong1PQFM_XObs_entangled_trainable_rzz_QLayers_5___seed_1_1761468207
3321856,2-Training-Stats/learning_rate,0.00016704219160601497,Pong1PQFM_XObs_entangled_trainable_rzz_QLayers_5___seed_1_1761468207
3325952,2-Training-Stats/learning_rate,0.00016693977522663772,Pong1PQFM_XObs_entangled_trainable_rzz_QLayers_5___seed_1_1761468207
3330048,2-Training-Stats/learning_rate,0.00016683735884726048,Pong1PQFM_XObs_entangled_trainable_rzz_QLayers_5___seed_1_1761468207
3334144,2-Training-Stats/learning_rate,0.00016673494246788323,Pong1PQFM_XObs_entangled_trainable_rzz_QLayers_5___seed_1_1761468207
3338240,2-Training-Stats/learning_rate,0.00016663252608850598,Pong1PQFM_XObs_entangled_trainable_rzz_QLayers_5___seed_1_1761468207
3342336,2-Training-Stats/learning_rate,0.00016653010970912874,Pong1PQFM_XObs_entangled_trainable_rzz_QLayers_5___seed_1_1761468207
3346432,2-Training-Stats/learning_rate,0.0001664276933297515,Pong1PQFM_XObs_entangled_trainable_rzz_QLayers_5___seed_1_1761468207
3350528,2-Training-Stats/learning_rate,0.00016632527695037425,Pong1PQFM_XObs_entangled_trainable_rzz_QLayers_5___seed_1_1761468207
3354624,2-Training-Stats/learning_rate,0.000166222860570997,Pong1PQFM_XObs_entangled_trainable_rzz_QLayers_5___seed_1_1761468207
3358720,2-Training-Stats/learning_rate,0.00016612044419161975,Pong1PQFM_XObs_entangled_trainable_rzz_QLayers_5___seed_1_1761468207
3362816,2-Training-Stats/learning_rate,0.0001660180278122425,Pong1PQFM_XObs_entangled_trainable_rzz_QLayers_5___seed_1_1761468207
3366912,2-Training-Stats/learning_rate,0.00016591561143286526,Pong1PQFM_XObs_entangled_trainable_rzz_QLayers_5___seed_1_1761468207
3371008,2-Training-Stats/learning_rate,0.00016581319505348802,Pong1PQFM_XObs_entangled_trainable_rzz_QLayers_5___seed_1_1761468207
3375104,2-Training-Stats/learning_rate,0.00016571077867411077,Pong1PQFM_XObs_entangled_trainable_rzz_QLayers_5___seed_1_1761468207
3379200,2-Training-Stats/learning_rate,0.00016560836229473352,Pong1PQFM_XObs_entangled_trainable_rzz_QLayers_5___seed_1_1761468207
3383296,2-Training-Stats/learning_rate,0.00016550594591535628,Pong1PQFM_XObs_entangled_trainable_rzz_QLayers_5___seed_1_1761468207
3387392,2-Training-Stats/learning_rate,0.00016540352953597903,Pong1PQFM_XObs_entangled_trainable_rzz_QLayers_5___seed_1_1761468207
3391488,2-Training-Stats/learning_rate,0.0001653011131566018,Pong1PQFM_XObs_entangled_trainable_rzz_QLayers_5___seed_1_1761468207
3395584,2-Training-Stats/learning_rate,0.0001651986822253093,Pong1PQFM_XObs_entangled_trainable_rzz_QLayers_5___seed_1_1761468207
3399680,2-Training-Stats/learning_rate,0.00016509626584593207,Pong1PQFM_XObs_entangled_trainable_rzz_QLayers_5___seed_1_1761468207
3403776,2-Training-Stats/learning_rate,0.00016499384946655482,Pong1PQFM_XObs_entangled_trainable_rzz_QLayers_5___seed_1_1761468207
3407872,2-Training-Stats/learning_rate,0.00016489143308717757,Pong1PQFM_XObs_entangled_trainable_rzz_QLayers_5___seed_1_1761468207
3411968,2-Training-Stats/learning_rate,0.00016478901670780033,Pong1PQFM_XObs_entangled_trainable_rzz_QLayers_5___seed_1_1761468207
3416064,2-Training-Stats/learning_rate,0.00016468660032842308,Pong1PQFM_XObs_entangled_trainable_rzz_QLayers_5___seed_1_1761468207
3420160,2-Training-Stats/learning_rate,0.00016458418394904584,Pong1PQFM_XObs_entangled_trainable_rzz_QLayers_5___seed_1_1761468207
3424256,2-Training-Stats/learning_rate,0.0001644817675696686,Pong1PQFM_XObs_entangled_trainable_rzz_QLayers_5___seed_1_1761468207
3428352,2-Training-Stats/learning_rate,0.00016437935119029135,Pong1PQFM_XObs_entangled_trainable_rzz_QLayers_5___seed_1_1761468207
3432448,2-Training-Stats/learning_rate,0.0001642769348109141,Pong1PQFM_XObs_entangled_trainable_rzz_QLayers_5___seed_1_1761468207
3436544,2-Training-Stats/learning_rate,0.00016417451843153685,Pong1PQFM_XObs_entangled_trainable_rzz_QLayers_5___seed_1_1761468207
3440640,2-Training-Stats/learning_rate,0.0001640721020521596,Pong1PQFM_XObs_entangled_trainable_rzz_QLayers_5___seed_1_1761468207
3444736,2-Training-Stats/learning_rate,0.00016396968567278236,Pong1PQFM_XObs_entangled_trainable_rzz_QLayers_5___seed_1_1761468207
3448832,2-Training-Stats/learning_rate,0.00016386726929340512,Pong1PQFM_XObs_entangled_trainable_rzz_QLayers_5___seed_1_1761468207
3452928,2-Training-Stats/learning_rate,0.00016376485291402787,Pong1PQFM_XObs_entangled_trainable_rzz_QLayers_5___seed_1_1761468207
3457024,2-Training-Stats/learning_rate,0.00016366243653465062,Pong1PQFM_XObs_entangled_trainable_rzz_QLayers_5___seed_1_1761468207
3461120,2-Training-Stats/learning_rate,0.00016356002015527338,Pong1PQFM_XObs_entangled_trainable_rzz_QLayers_5___seed_1_1761468207
3465216,2-Training-Stats/learning_rate,0.00016345760377589613,Pong1PQFM_XObs_entangled_trainable_rzz_QLayers_5___seed_1_1761468207
3469312,2-Training-Stats/learning_rate,0.00016335518739651889,Pong1PQFM_XObs_entangled_trainable_rzz_QLayers_5___seed_1_1761468207
3473408,2-Training-Stats/learning_rate,0.00016325277101714164,Pong1PQFM_XObs_entangled_trainable_rzz_QLayers_5___seed_1_1761468207
3477504,2-Training-Stats/learning_rate,0.0001631503546377644,Pong1PQFM_XObs_entangled_trainable_rzz_QLayers_5___seed_1_1761468207
3481600,2-Training-Stats/learning_rate,0.00016304793825838715,Pong1PQFM_XObs_entangled_trainable_rzz_QLayers_5___seed_1_1761468207
3485696,2-Training-Stats/learning_rate,0.00016294550732709467,Pong1PQFM_XObs_entangled_trainable_rzz_QLayers_5___seed_1_1761468207
3489792,2-Training-Stats/learning_rate,0.00016284309094771743,Pong1PQFM_XObs_entangled_trainable_rzz_QLayers_5___seed_1_1761468207
3493888,2-Training-Stats/learning_rate,0.00016274067456834018,Pong1PQFM_XObs_entangled_trainable_rzz_QLayers_5___seed_1_1761468207
3497984,2-Training-Stats/learning_rate,0.00016263825818896294,Pong1PQFM_XObs_entangled_trainable_rzz_QLayers_5___seed_1_1761468207
3502080,2-Training-Stats/learning_rate,0.0001625358418095857,Pong1PQFM_XObs_entangled_trainable_rzz_QLayers_5___seed_1_1761468207
3506176,2-Training-Stats/learning_rate,0.00016243342543020844,Pong1PQFM_XObs_entangled_trainable_rzz_QLayers_5___seed_1_1761468207
3510272,2-Training-Stats/learning_rate,0.0001623310090508312,Pong1PQFM_XObs_entangled_trainable_rzz_QLayers_5___seed_1_1761468207
3514368,2-Training-Stats/learning_rate,0.00016222859267145395,Pong1PQFM_XObs_entangled_trainable_rzz_QLayers_5___seed_1_1761468207
3518464,2-Training-Stats/learning_rate,0.0001621261762920767,Pong1PQFM_XObs_entangled_trainable_rzz_QLayers_5___seed_1_1761468207
3522560,2-Training-Stats/learning_rate,0.00016202375991269946,Pong1PQFM_XObs_entangled_trainable_rzz_QLayers_5___seed_1_1761468207
3526656,2-Training-Stats/learning_rate,0.00016192134353332222,Pong1PQFM_XObs_entangled_trainable_rzz_QLayers_5___seed_1_1761468207
3530752,2-Training-Stats/learning_rate,0.00016181892715394497,Pong1PQFM_XObs_entangled_trainable_rzz_QLayers_5___seed_1_1761468207
3534848,2-Training-Stats/learning_rate,0.00016171651077456772,Pong1PQFM_XObs_entangled_trainable_rzz_QLayers_5___seed_1_1761468207
3538944,2-Training-Stats/learning_rate,0.00016161409439519048,Pong1PQFM_XObs_entangled_trainable_rzz_QLayers_5___seed_1_1761468207
3543040,2-Training-Stats/learning_rate,0.00016151167801581323,Pong1PQFM_XObs_entangled_trainable_rzz_QLayers_5___seed_1_1761468207
3547136,2-Training-Stats/learning_rate,0.00016140926163643599,Pong1PQFM_XObs_entangled_trainable_rzz_QLayers_5___seed_1_1761468207
3551232,2-Training-Stats/learning_rate,0.00016130684525705874,Pong1PQFM_XObs_entangled_trainable_rzz_QLayers_5___seed_1_1761468207
3555328,2-Training-Stats/learning_rate,0.0001612044288776815,Pong1PQFM_XObs_entangled_trainable_rzz_QLayers_5___seed_1_1761468207
3559424,2-Training-Stats/learning_rate,0.00016110201249830425,Pong1PQFM_XObs_entangled_trainable_rzz_QLayers_5___seed_1_1761468207
3563520,2-Training-Stats/learning_rate,0.000160999596118927,Pong1PQFM_XObs_entangled_trainable_rzz_QLayers_5___seed_1_1761468207
3567616,2-Training-Stats/learning_rate,0.00016089717973954976,Pong1PQFM_XObs_entangled_trainable_rzz_QLayers_5___seed_1_1761468207
3571712,2-Training-Stats/learning_rate,0.0001607947633601725,Pong1PQFM_XObs_entangled_trainable_rzz_QLayers_5___seed_1_1761468207
3575808,2-Training-Stats/learning_rate,0.00016069233242888004,Pong1PQFM_XObs_entangled_trainable_rzz_QLayers_5___seed_1_1761468207
3579904,2-Training-Stats/learning_rate,0.0001605899160495028,Pong1PQFM_XObs_entangled_trainable_rzz_QLayers_5___seed_1_1761468207
3584000,2-Training-Stats/learning_rate,0.00016048749967012554,Pong1PQFM_XObs_entangled_trainable_rzz_QLayers_5___seed_1_1761468207
3588096,2-Training-Stats/learning_rate,0.0001603850832907483,Pong1PQFM_XObs_entangled_trainable_rzz_QLayers_5___seed_1_1761468207
3592192,2-Training-Stats/learning_rate,0.00016028266691137105,Pong1PQFM_XObs_entangled_trainable_rzz_QLayers_5___seed_1_1761468207
3596288,2-Training-Stats/learning_rate,0.0001601802505319938,Pong1PQFM_XObs_entangled_trainable_rzz_QLayers_5___seed_1_1761468207
3600384,2-Training-Stats/learning_rate,0.00016007783415261656,Pong1PQFM_XObs_entangled_trainable_rzz_QLayers_5___seed_1_1761468207
3604480,2-Training-Stats/learning_rate,0.00015997541777323931,Pong1PQFM_XObs_entangled_trainable_rzz_QLayers_5___seed_1_1761468207
3608576,2-Training-Stats/learning_rate,0.00015987300139386207,Pong1PQFM_XObs_entangled_trainable_rzz_QLayers_5___seed_1_1761468207
3612672,2-Training-Stats/learning_rate,0.00015977058501448482,Pong1PQFM_XObs_entangled_trainable_rzz_QLayers_5___seed_1_1761468207
3616768,2-Training-Stats/learning_rate,0.00015966816863510758,Pong1PQFM_XObs_entangled_trainable_rzz_QLayers_5___seed_1_1761468207
3620864,2-Training-Stats/learning_rate,0.00015956575225573033,Pong1PQFM_XObs_entangled_trainable_rzz_QLayers_5___seed_1_1761468207
3624960,2-Training-Stats/learning_rate,0.00015946333587635309,Pong1PQFM_XObs_entangled_trainable_rzz_QLayers_5___seed_1_1761468207
3629056,2-Training-Stats/learning_rate,0.00015936091949697584,Pong1PQFM_XObs_entangled_trainable_rzz_QLayers_5___seed_1_1761468207
3633152,2-Training-Stats/learning_rate,0.0001592585031175986,Pong1PQFM_XObs_entangled_trainable_rzz_QLayers_5___seed_1_1761468207
3637248,2-Training-Stats/learning_rate,0.00015915608673822135,Pong1PQFM_XObs_entangled_trainable_rzz_QLayers_5___seed_1_1761468207
3641344,2-Training-Stats/learning_rate,0.0001590536703588441,Pong1PQFM_XObs_entangled_trainable_rzz_QLayers_5___seed_1_1761468207
3645440,2-Training-Stats/learning_rate,0.00015895125397946686,Pong1PQFM_XObs_entangled_trainable_rzz_QLayers_5___seed_1_1761468207
3649536,2-Training-Stats/learning_rate,0.0001588488376000896,Pong1PQFM_XObs_entangled_trainable_rzz_QLayers_5___seed_1_1761468207
3653632,2-Training-Stats/learning_rate,0.00015874642122071236,Pong1PQFM_XObs_entangled_trainable_rzz_QLayers_5___seed_1_1761468207
3657728,2-Training-Stats/learning_rate,0.00015864400484133512,Pong1PQFM_XObs_entangled_trainable_rzz_QLayers_5___seed_1_1761468207
3661824,2-Training-Stats/learning_rate,0.00015854158846195787,Pong1PQFM_XObs_entangled_trainable_rzz_QLayers_5___seed_1_1761468207
3665920,2-Training-Stats/learning_rate,0.0001584391575306654,Pong1PQFM_XObs_entangled_trainable_rzz_QLayers_5___seed_1_1761468207
3670016,2-Training-Stats/learning_rate,0.00015833674115128815,Pong1PQFM_XObs_entangled_trainable_rzz_QLayers_5___seed_1_1761468207
3674112,2-Training-Stats/learning_rate,0.0001582343247719109,Pong1PQFM_XObs_entangled_trainable_rzz_QLayers_5___seed_1_1761468207
3678208,2-Training-Stats/learning_rate,0.00015813190839253366,Pong1PQFM_XObs_entangled_trainable_rzz_QLayers_5___seed_1_1761468207
3682304,2-Training-Stats/learning_rate,0.00015802949201315641,Pong1PQFM_XObs_entangled_trainable_rzz_QLayers_5___seed_1_1761468207
3686400,2-Training-Stats/learning_rate,0.00015792707563377917,Pong1PQFM_XObs_entangled_trainable_rzz_QLayers_5___seed_1_1761468207
3690496,2-Training-Stats/learning_rate,0.00015782465925440192,Pong1PQFM_XObs_entangled_trainable_rzz_QLayers_5___seed_1_1761468207
3694592,2-Training-Stats/learning_rate,0.00015772224287502468,Pong1PQFM_XObs_entangled_trainable_rzz_QLayers_5___seed_1_1761468207
3698688,2-Training-Stats/learning_rate,0.00015761982649564743,Pong1PQFM_XObs_entangled_trainable_rzz_QLayers_5___seed_1_1761468207
3702784,2-Training-Stats/learning_rate,0.00015751741011627018,Pong1PQFM_XObs_entangled_trainable_rzz_QLayers_5___seed_1_1761468207
3706880,2-Training-Stats/learning_rate,0.00015741499373689294,Pong1PQFM_XObs_entangled_trainable_rzz_QLayers_5___seed_1_1761468207
3710976,2-Training-Stats/learning_rate,0.0001573125773575157,Pong1PQFM_XObs_entangled_trainable_rzz_QLayers_5___seed_1_1761468207
3715072,2-Training-Stats/learning_rate,0.00015721016097813845,Pong1PQFM_XObs_entangled_trainable_rzz_QLayers_5___seed_1_1761468207
3719168,2-Training-Stats/learning_rate,0.0001571077445987612,Pong1PQFM_XObs_entangled_trainable_rzz_QLayers_5___seed_1_1761468207
3723264,2-Training-Stats/learning_rate,0.00015700532821938396,Pong1PQFM_XObs_entangled_trainable_rzz_QLayers_5___seed_1_1761468207
3727360,2-Training-Stats/learning_rate,0.0001569029118400067,Pong1PQFM_XObs_entangled_trainable_rzz_QLayers_5___seed_1_1761468207
3731456,2-Training-Stats/learning_rate,0.00015680049546062946,Pong1PQFM_XObs_entangled_trainable_rzz_QLayers_5___seed_1_1761468207
3735552,2-Training-Stats/learning_rate,0.00015669807908125222,Pong1PQFM_XObs_entangled_trainable_rzz_QLayers_5___seed_1_1761468207
3739648,2-Training-Stats/learning_rate,0.00015659566270187497,Pong1PQFM_XObs_entangled_trainable_rzz_QLayers_5___seed_1_1761468207
3743744,2-Training-Stats/learning_rate,0.00015649324632249773,Pong1PQFM_XObs_entangled_trainable_rzz_QLayers_5___seed_1_1761468207
3747840,2-Training-Stats/learning_rate,0.00015639082994312048,Pong1PQFM_XObs_entangled_trainable_rzz_QLayers_5___seed_1_1761468207
3751936,2-Training-Stats/learning_rate,0.00015628841356374323,Pong1PQFM_XObs_entangled_trainable_rzz_QLayers_5___seed_1_1761468207
3756032,2-Training-Stats/learning_rate,0.00015618598263245076,Pong1PQFM_XObs_entangled_trainable_rzz_QLayers_5___seed_1_1761468207
3760128,2-Training-Stats/learning_rate,0.0001560835662530735,Pong1PQFM_XObs_entangled_trainable_rzz_QLayers_5___seed_1_1761468207
3764224,2-Training-Stats/learning_rate,0.00015598114987369627,Pong1PQFM_XObs_entangled_trainable_rzz_QLayers_5___seed_1_1761468207
3768320,2-Training-Stats/learning_rate,0.00015587873349431902,Pong1PQFM_XObs_entangled_trainable_rzz_QLayers_5___seed_1_1761468207
3772416,2-Training-Stats/learning_rate,0.00015577631711494178,Pong1PQFM_XObs_entangled_trainable_rzz_QLayers_5___seed_1_1761468207
3776512,2-Training-Stats/learning_rate,0.00015567390073556453,Pong1PQFM_XObs_entangled_trainable_rzz_QLayers_5___seed_1_1761468207
3780608,2-Training-Stats/learning_rate,0.00015557148435618728,Pong1PQFM_XObs_entangled_trainable_rzz_QLayers_5___seed_1_1761468207
3784704,2-Training-Stats/learning_rate,0.00015546906797681004,Pong1PQFM_XObs_entangled_trainable_rzz_QLayers_5___seed_1_1761468207
3788800,2-Training-Stats/learning_rate,0.0001553666515974328,Pong1PQFM_XObs_entangled_trainable_rzz_QLayers_5___seed_1_1761468207
3792896,2-Training-Stats/learning_rate,0.00015526423521805555,Pong1PQFM_XObs_entangled_trainable_rzz_QLayers_5___seed_1_1761468207
3796992,2-Training-Stats/learning_rate,0.0001551618188386783,Pong1PQFM_XObs_entangled_trainable_rzz_QLayers_5___seed_1_1761468207
3801088,2-Training-Stats/learning_rate,0.00015505940245930105,Pong1PQFM_XObs_entangled_trainable_rzz_QLayers_5___seed_1_1761468207
3805184,2-Training-Stats/learning_rate,0.0001549569860799238,Pong1PQFM_XObs_entangled_trainable_rzz_QLayers_5___seed_1_1761468207
3809280,2-Training-Stats/learning_rate,0.00015485456970054656,Pong1PQFM_XObs_entangled_trainable_rzz_QLayers_5___seed_1_1761468207
3813376,2-Training-Stats/learning_rate,0.00015475215332116932,Pong1PQFM_XObs_entangled_trainable_rzz_QLayers_5___seed_1_1761468207
3817472,2-Training-Stats/learning_rate,0.00015464973694179207,Pong1PQFM_XObs_entangled_trainable_rzz_QLayers_5___seed_1_1761468207
3821568,2-Training-Stats/learning_rate,0.00015454732056241482,Pong1PQFM_XObs_entangled_trainable_rzz_QLayers_5___seed_1_1761468207
3825664,2-Training-Stats/learning_rate,0.00015444490418303758,Pong1PQFM_XObs_entangled_trainable_rzz_QLayers_5___seed_1_1761468207
3829760,2-Training-Stats/learning_rate,0.00015434248780366033,Pong1PQFM_XObs_entangled_trainable_rzz_QLayers_5___seed_1_1761468207
3833856,2-Training-Stats/learning_rate,0.0001542400714242831,Pong1PQFM_XObs_entangled_trainable_rzz_QLayers_5___seed_1_1761468207
3837952,2-Training-Stats/learning_rate,0.00015413765504490584,Pong1PQFM_XObs_entangled_trainable_rzz_QLayers_5___seed_1_1761468207
3842048,2-Training-Stats/learning_rate,0.0001540352386655286,Pong1PQFM_XObs_entangled_trainable_rzz_QLayers_5___seed_1_1761468207
3846144,2-Training-Stats/learning_rate,0.00015393280773423612,Pong1PQFM_XObs_entangled_trainable_rzz_QLayers_5___seed_1_1761468207
3850240,2-Training-Stats/learning_rate,0.00015383039135485888,Pong1PQFM_XObs_entangled_trainable_rzz_QLayers_5___seed_1_1761468207
3854336,2-Training-Stats/learning_rate,0.00015372797497548163,Pong1PQFM_XObs_entangled_trainable_rzz_QLayers_5___seed_1_1761468207
3858432,2-Training-Stats/learning_rate,0.00015362555859610438,Pong1PQFM_XObs_entangled_trainable_rzz_QLayers_5___seed_1_1761468207
3862528,2-Training-Stats/learning_rate,0.00015352314221672714,Pong1PQFM_XObs_entangled_trainable_rzz_QLayers_5___seed_1_1761468207
3866624,2-Training-Stats/learning_rate,0.0001534207258373499,Pong1PQFM_XObs_entangled_trainable_rzz_QLayers_5___seed_1_1761468207
3870720,2-Training-Stats/learning_rate,0.00015331830945797265,Pong1PQFM_XObs_entangled_trainable_rzz_QLayers_5___seed_1_1761468207
3874816,2-Training-Stats/learning_rate,0.0001532158930785954,Pong1PQFM_XObs_entangled_trainable_rzz_QLayers_5___seed_1_1761468207
3878912,2-Training-Stats/learning_rate,0.00015311347669921815,Pong1PQFM_XObs_entangled_trainable_rzz_QLayers_5___seed_1_1761468207
3883008,2-Training-Stats/learning_rate,0.0001530110603198409,Pong1PQFM_XObs_entangled_trainable_rzz_QLayers_5___seed_1_1761468207
3887104,2-Training-Stats/learning_rate,0.00015290864394046366,Pong1PQFM_XObs_entangled_trainable_rzz_QLayers_5___seed_1_1761468207
3891200,2-Training-Stats/learning_rate,0.00015280622756108642,Pong1PQFM_XObs_entangled_trainable_rzz_QLayers_5___seed_1_1761468207
3895296,2-Training-Stats/learning_rate,0.00015270381118170917,Pong1PQFM_XObs_entangled_trainable_rzz_QLayers_5___seed_1_1761468207
3899392,2-Training-Stats/learning_rate,0.00015260139480233192,Pong1PQFM_XObs_entangled_trainable_rzz_QLayers_5___seed_1_1761468207
3903488,2-Training-Stats/learning_rate,0.00015249897842295468,Pong1PQFM_XObs_entangled_trainable_rzz_QLayers_5___seed_1_1761468207
3907584,2-Training-Stats/learning_rate,0.00015239656204357743,Pong1PQFM_XObs_entangled_trainable_rzz_QLayers_5___seed_1_1761468207
3911680,2-Training-Stats/learning_rate,0.0001522941456642002,Pong1PQFM_XObs_entangled_trainable_rzz_QLayers_5___seed_1_1761468207
3915776,2-Training-Stats/learning_rate,0.00015219172928482294,Pong1PQFM_XObs_entangled_trainable_rzz_QLayers_5___seed_1_1761468207
3919872,2-Training-Stats/learning_rate,0.0001520893129054457,Pong1PQFM_XObs_entangled_trainable_rzz_QLayers_5___seed_1_1761468207
3923968,2-Training-Stats/learning_rate,0.00015198689652606845,Pong1PQFM_XObs_entangled_trainable_rzz_QLayers_5___seed_1_1761468207
3928064,2-Training-Stats/learning_rate,0.0001518844801466912,Pong1PQFM_XObs_entangled_trainable_rzz_QLayers_5___seed_1_1761468207
3932160,2-Training-Stats/learning_rate,0.00015178206376731396,Pong1PQFM_XObs_entangled_trainable_rzz_QLayers_5___seed_1_1761468207
3936256,2-Training-Stats/learning_rate,0.00015167963283602148,Pong1PQFM_XObs_entangled_trainable_rzz_QLayers_5___seed_1_1761468207
3940352,2-Training-Stats/learning_rate,0.00015157721645664424,Pong1PQFM_XObs_entangled_trainable_rzz_QLayers_5___seed_1_1761468207
3944448,2-Training-Stats/learning_rate,0.000151474800077267,Pong1PQFM_XObs_entangled_trainable_rzz_QLayers_5___seed_1_1761468207
3948544,2-Training-Stats/learning_rate,0.00015137238369788975,Pong1PQFM_XObs_entangled_trainable_rzz_QLayers_5___seed_1_1761468207
3952640,2-Training-Stats/learning_rate,0.0001512699673185125,Pong1PQFM_XObs_entangled_trainable_rzz_QLayers_5___seed_1_1761468207
3956736,2-Training-Stats/learning_rate,0.00015116755093913525,Pong1PQFM_XObs_entangled_trainable_rzz_QLayers_5___seed_1_1761468207
3960832,2-Training-Stats/learning_rate,0.000151065134559758,Pong1PQFM_XObs_entangled_trainable_rzz_QLayers_5___seed_1_1761468207
3964928,2-Training-Stats/learning_rate,0.00015096271818038076,Pong1PQFM_XObs_entangled_trainable_rzz_QLayers_5___seed_1_1761468207
3969024,2-Training-Stats/learning_rate,0.00015086030180100352,Pong1PQFM_XObs_entangled_trainable_rzz_QLayers_5___seed_1_1761468207
3973120,2-Training-Stats/learning_rate,0.00015075788542162627,Pong1PQFM_XObs_entangled_trainable_rzz_QLayers_5___seed_1_1761468207
3977216,2-Training-Stats/learning_rate,0.00015065546904224902,Pong1PQFM_XObs_entangled_trainable_rzz_QLayers_5___seed_1_1761468207
3981312,2-Training-Stats/learning_rate,0.00015055305266287178,Pong1PQFM_XObs_entangled_trainable_rzz_QLayers_5___seed_1_1761468207
3985408,2-Training-Stats/learning_rate,0.00015045063628349453,Pong1PQFM_XObs_entangled_trainable_rzz_QLayers_5___seed_1_1761468207
3989504,2-Training-Stats/learning_rate,0.00015034821990411729,Pong1PQFM_XObs_entangled_trainable_rzz_QLayers_5___seed_1_1761468207
3993600,2-Training-Stats/learning_rate,0.00015024580352474004,Pong1PQFM_XObs_entangled_trainable_rzz_QLayers_5___seed_1_1761468207
3997696,2-Training-Stats/learning_rate,0.0001501433871453628,Pong1PQFM_XObs_entangled_trainable_rzz_QLayers_5___seed_1_1761468207
4001792,2-Training-Stats/learning_rate,0.00015004097076598555,Pong1PQFM_XObs_entangled_trainable_rzz_QLayers_5___seed_1_1761468207
4005888,2-Training-Stats/learning_rate,0.0001499385543866083,Pong1PQFM_XObs_entangled_trainable_rzz_QLayers_5___seed_1_1761468207
4009984,2-Training-Stats/learning_rate,0.00014983613800723106,Pong1PQFM_XObs_entangled_trainable_rzz_QLayers_5___seed_1_1761468207
4014080,2-Training-Stats/learning_rate,0.0001497337216278538,Pong1PQFM_XObs_entangled_trainable_rzz_QLayers_5___seed_1_1761468207
4018176,2-Training-Stats/learning_rate,0.00014963130524847656,Pong1PQFM_XObs_entangled_trainable_rzz_QLayers_5___seed_1_1761468207
4022272,2-Training-Stats/learning_rate,0.00014952888886909932,Pong1PQFM_XObs_entangled_trainable_rzz_QLayers_5___seed_1_1761468207
4026368,2-Training-Stats/learning_rate,0.00014942645793780684,Pong1PQFM_XObs_entangled_trainable_rzz_QLayers_5___seed_1_1761468207
4030464,2-Training-Stats/learning_rate,0.0001493240415584296,Pong1PQFM_XObs_entangled_trainable_rzz_QLayers_5___seed_1_1761468207
4034560,2-Training-Stats/learning_rate,0.00014922162517905235,Pong1PQFM_XObs_entangled_trainable_rzz_QLayers_5___seed_1_1761468207
4038656,2-Training-Stats/learning_rate,0.0001491192087996751,Pong1PQFM_XObs_entangled_trainable_rzz_QLayers_5___seed_1_1761468207
4042752,2-Training-Stats/learning_rate,0.00014901679242029786,Pong1PQFM_XObs_entangled_trainable_rzz_QLayers_5___seed_1_1761468207
4046848,2-Training-Stats/learning_rate,0.00014891437604092062,Pong1PQFM_XObs_entangled_trainable_rzz_QLayers_5___seed_1_1761468207
4050944,2-Training-Stats/learning_rate,0.00014881195966154337,Pong1PQFM_XObs_entangled_trainable_rzz_QLayers_5___seed_1_1761468207
4055040,2-Training-Stats/learning_rate,0.00014870954328216612,Pong1PQFM_XObs_entangled_trainable_rzz_QLayers_5___seed_1_1761468207
4059136,2-Training-Stats/learning_rate,0.00014860712690278888,Pong1PQFM_XObs_entangled_trainable_rzz_QLayers_5___seed_1_1761468207
4063232,2-Training-Stats/learning_rate,0.00014850471052341163,Pong1PQFM_XObs_entangled_trainable_rzz_QLayers_5___seed_1_1761468207
4067328,2-Training-Stats/learning_rate,0.00014840229414403439,Pong1PQFM_XObs_entangled_trainable_rzz_QLayers_5___seed_1_1761468207
4071424,2-Training-Stats/learning_rate,0.00014829987776465714,Pong1PQFM_XObs_entangled_trainable_rzz_QLayers_5___seed_1_1761468207
4075520,2-Training-Stats/learning_rate,0.0001481974613852799,Pong1PQFM_XObs_entangled_trainable_rzz_QLayers_5___seed_1_1761468207
4079616,2-Training-Stats/learning_rate,0.00014809504500590265,Pong1PQFM_XObs_entangled_trainable_rzz_QLayers_5___seed_1_1761468207
4083712,2-Training-Stats/learning_rate,0.0001479926286265254,Pong1PQFM_XObs_entangled_trainable_rzz_QLayers_5___seed_1_1761468207
4087808,2-Training-Stats/learning_rate,0.00014789021224714816,Pong1PQFM_XObs_entangled_trainable_rzz_QLayers_5___seed_1_1761468207
4091904,2-Training-Stats/learning_rate,0.0001477877958677709,Pong1PQFM_XObs_entangled_trainable_rzz_QLayers_5___seed_1_1761468207
4096000,2-Training-Stats/learning_rate,0.00014768537948839366,Pong1PQFM_XObs_entangled_trainable_rzz_QLayers_5___seed_1_1761468207
4100096,2-Training-Stats/learning_rate,0.00014758296310901642,Pong1PQFM_XObs_entangled_trainable_rzz_QLayers_5___seed_1_1761468207
4104192,2-Training-Stats/learning_rate,0.00014748054672963917,Pong1PQFM_XObs_entangled_trainable_rzz_QLayers_5___seed_1_1761468207
4108288,2-Training-Stats/learning_rate,0.00014737813035026193,Pong1PQFM_XObs_entangled_trainable_rzz_QLayers_5___seed_1_1761468207
4112384,2-Training-Stats/learning_rate,0.00014727569941896945,Pong1PQFM_XObs_entangled_trainable_rzz_QLayers_5___seed_1_1761468207
4116480,2-Training-Stats/learning_rate,0.0001471732830395922,Pong1PQFM_XObs_entangled_trainable_rzz_QLayers_5___seed_1_1761468207
4120576,2-Training-Stats/learning_rate,0.00014707086666021496,Pong1PQFM_XObs_entangled_trainable_rzz_QLayers_5___seed_1_1761468207
4124672,2-Training-Stats/learning_rate,0.00014696845028083771,Pong1PQFM_XObs_entangled_trainable_rzz_QLayers_5___seed_1_1761468207
4128768,2-Training-Stats/learning_rate,0.00014686603390146047,Pong1PQFM_XObs_entangled_trainable_rzz_QLayers_5___seed_1_1761468207
4132864,2-Training-Stats/learning_rate,0.00014676361752208322,Pong1PQFM_XObs_entangled_trainable_rzz_QLayers_5___seed_1_1761468207
4136960,2-Training-Stats/learning_rate,0.00014666120114270598,Pong1PQFM_XObs_entangled_trainable_rzz_QLayers_5___seed_1_1761468207
4141056,2-Training-Stats/learning_rate,0.00014655878476332873,Pong1PQFM_XObs_entangled_trainable_rzz_QLayers_5___seed_1_1761468207
4145152,2-Training-Stats/learning_rate,0.00014645636838395149,Pong1PQFM_XObs_entangled_trainable_rzz_QLayers_5___seed_1_1761468207
4149248,2-Training-Stats/learning_rate,0.00014635395200457424,Pong1PQFM_XObs_entangled_trainable_rzz_QLayers_5___seed_1_1761468207
4153344,2-Training-Stats/learning_rate,0.000146251535625197,Pong1PQFM_XObs_entangled_trainable_rzz_QLayers_5___seed_1_1761468207
4157440,2-Training-Stats/learning_rate,0.00014614911924581975,Pong1PQFM_XObs_entangled_trainable_rzz_QLayers_5___seed_1_1761468207
4161536,2-Training-Stats/learning_rate,0.0001460467028664425,Pong1PQFM_XObs_entangled_trainable_rzz_QLayers_5___seed_1_1761468207
4165632,2-Training-Stats/learning_rate,0.00014594428648706526,Pong1PQFM_XObs_entangled_trainable_rzz_QLayers_5___seed_1_1761468207
4169728,2-Training-Stats/learning_rate,0.000145841870107688,Pong1PQFM_XObs_entangled_trainable_rzz_QLayers_5___seed_1_1761468207
4173824,2-Training-Stats/learning_rate,0.00014573945372831076,Pong1PQFM_XObs_entangled_trainable_rzz_QLayers_5___seed_1_1761468207
4177920,2-Training-Stats/learning_rate,0.00014563703734893352,Pong1PQFM_XObs_entangled_trainable_rzz_QLayers_5___seed_1_1761468207
4182016,2-Training-Stats/learning_rate,0.00014553462096955627,Pong1PQFM_XObs_entangled_trainable_rzz_QLayers_5___seed_1_1761468207
4186112,2-Training-Stats/learning_rate,0.00014543220459017903,Pong1PQFM_XObs_entangled_trainable_rzz_QLayers_5___seed_1_1761468207
4190208,2-Training-Stats/learning_rate,0.00014532978821080178,Pong1PQFM_XObs_entangled_trainable_rzz_QLayers_5___seed_1_1761468207
4194304,2-Training-Stats/learning_rate,0.00014522737183142453,Pong1PQFM_XObs_entangled_trainable_rzz_QLayers_5___seed_1_1761468207
4198400,2-Training-Stats/learning_rate,0.0001451249554520473,Pong1PQFM_XObs_entangled_trainable_rzz_QLayers_5___seed_1_1761468207
4202496,2-Training-Stats/learning_rate,0.00014502252452075481,Pong1PQFM_XObs_entangled_trainable_rzz_QLayers_5___seed_1_1761468207
4206592,2-Training-Stats/learning_rate,0.00014492010814137757,Pong1PQFM_XObs_entangled_trainable_rzz_QLayers_5___seed_1_1761468207
4210688,2-Training-Stats/learning_rate,0.00014481769176200032,Pong1PQFM_XObs_entangled_trainable_rzz_QLayers_5___seed_1_1761468207
4214784,2-Training-Stats/learning_rate,0.00014471527538262308,Pong1PQFM_XObs_entangled_trainable_rzz_QLayers_5___seed_1_1761468207
4218880,2-Training-Stats/learning_rate,0.00014461285900324583,Pong1PQFM_XObs_entangled_trainable_rzz_QLayers_5___seed_1_1761468207
4222976,2-Training-Stats/learning_rate,0.00014451044262386858,Pong1PQFM_XObs_entangled_trainable_rzz_QLayers_5___seed_1_1761468207
4227072,2-Training-Stats/learning_rate,0.00014440802624449134,Pong1PQFM_XObs_entangled_trainable_rzz_QLayers_5___seed_1_1761468207
4231168,2-Training-Stats/learning_rate,0.0001443056098651141,Pong1PQFM_XObs_entangled_trainable_rzz_QLayers_5___seed_1_1761468207
4235264,2-Training-Stats/learning_rate,0.00014420319348573685,Pong1PQFM_XObs_entangled_trainable_rzz_QLayers_5___seed_1_1761468207
4239360,2-Training-Stats/learning_rate,0.0001441007771063596,Pong1PQFM_XObs_entangled_trainable_rzz_QLayers_5___seed_1_1761468207
4243456,2-Training-Stats/learning_rate,0.00014399836072698236,Pong1PQFM_XObs_entangled_trainable_rzz_QLayers_5___seed_1_1761468207
4247552,2-Training-Stats/learning_rate,0.0001438959443476051,Pong1PQFM_XObs_entangled_trainable_rzz_QLayers_5___seed_1_1761468207
4251648,2-Training-Stats/learning_rate,0.00014379352796822786,Pong1PQFM_XObs_entangled_trainable_rzz_QLayers_5___seed_1_1761468207
4255744,2-Training-Stats/learning_rate,0.00014369111158885062,Pong1PQFM_XObs_entangled_trainable_rzz_QLayers_5___seed_1_1761468207
4259840,2-Training-Stats/learning_rate,0.00014358869520947337,Pong1PQFM_XObs_entangled_trainable_rzz_QLayers_5___seed_1_1761468207
4263936,2-Training-Stats/learning_rate,0.00014348627883009613,Pong1PQFM_XObs_entangled_trainable_rzz_QLayers_5___seed_1_1761468207
4268032,2-Training-Stats/learning_rate,0.00014338386245071888,Pong1PQFM_XObs_entangled_trainable_rzz_QLayers_5___seed_1_1761468207
4272128,2-Training-Stats/learning_rate,0.00014328144607134163,Pong1PQFM_XObs_entangled_trainable_rzz_QLayers_5___seed_1_1761468207
4276224,2-Training-Stats/learning_rate,0.0001431790296919644,Pong1PQFM_XObs_entangled_trainable_rzz_QLayers_5___seed_1_1761468207
4280320,2-Training-Stats/learning_rate,0.00014307661331258714,Pong1PQFM_XObs_entangled_trainable_rzz_QLayers_5___seed_1_1761468207
4284416,2-Training-Stats/learning_rate,0.0001429741969332099,Pong1PQFM_XObs_entangled_trainable_rzz_QLayers_5___seed_1_1761468207
4288512,2-Training-Stats/learning_rate,0.00014287178055383265,Pong1PQFM_XObs_entangled_trainable_rzz_QLayers_5___seed_1_1761468207
4292608,2-Training-Stats/learning_rate,0.00014276934962254018,Pong1PQFM_XObs_entangled_trainable_rzz_QLayers_5___seed_1_1761468207
4296704,2-Training-Stats/learning_rate,0.00014266693324316293,Pong1PQFM_XObs_entangled_trainable_rzz_QLayers_5___seed_1_1761468207
4300800,2-Training-Stats/learning_rate,0.00014256451686378568,Pong1PQFM_XObs_entangled_trainable_rzz_QLayers_5___seed_1_1761468207
4304896,2-Training-Stats/learning_rate,0.00014246210048440844,Pong1PQFM_XObs_entangled_trainable_rzz_QLayers_5___seed_1_1761468207
4308992,2-Training-Stats/learning_rate,0.0001423596841050312,Pong1PQFM_XObs_entangled_trainable_rzz_QLayers_5___seed_1_1761468207
4313088,2-Training-Stats/learning_rate,0.00014225726772565395,Pong1PQFM_XObs_entangled_trainable_rzz_QLayers_5___seed_1_1761468207
4317184,2-Training-Stats/learning_rate,0.0001421548513462767,Pong1PQFM_XObs_entangled_trainable_rzz_QLayers_5___seed_1_1761468207
4321280,2-Training-Stats/learning_rate,0.00014205243496689945,Pong1PQFM_XObs_entangled_trainable_rzz_QLayers_5___seed_1_1761468207
4325376,2-Training-Stats/learning_rate,0.0001419500185875222,Pong1PQFM_XObs_entangled_trainable_rzz_QLayers_5___seed_1_1761468207
4329472,2-Training-Stats/learning_rate,0.00014184760220814496,Pong1PQFM_XObs_entangled_trainable_rzz_QLayers_5___seed_1_1761468207
4333568,2-Training-Stats/learning_rate,0.00014174518582876772,Pong1PQFM_XObs_entangled_trainable_rzz_QLayers_5___seed_1_1761468207
4337664,2-Training-Stats/learning_rate,0.00014164276944939047,Pong1PQFM_XObs_entangled_trainable_rzz_QLayers_5___seed_1_1761468207
4341760,2-Training-Stats/learning_rate,0.00014154035307001323,Pong1PQFM_XObs_entangled_trainable_rzz_QLayers_5___seed_1_1761468207
4345856,2-Training-Stats/learning_rate,0.00014143793669063598,Pong1PQFM_XObs_entangled_trainable_rzz_QLayers_5___seed_1_1761468207
4349952,2-Training-Stats/learning_rate,0.00014133552031125873,Pong1PQFM_XObs_entangled_trainable_rzz_QLayers_5___seed_1_1761468207
4354048,2-Training-Stats/learning_rate,0.0001412331039318815,Pong1PQFM_XObs_entangled_trainable_rzz_QLayers_5___seed_1_1761468207
4358144,2-Training-Stats/learning_rate,0.00014113068755250424,Pong1PQFM_XObs_entangled_trainable_rzz_QLayers_5___seed_1_1761468207
4362240,2-Training-Stats/learning_rate,0.000141028271173127,Pong1PQFM_XObs_entangled_trainable_rzz_QLayers_5___seed_1_1761468207
4366336,2-Training-Stats/learning_rate,0.00014092585479374975,Pong1PQFM_XObs_entangled_trainable_rzz_QLayers_5___seed_1_1761468207
4370432,2-Training-Stats/learning_rate,0.0001408234384143725,Pong1PQFM_XObs_entangled_trainable_rzz_QLayers_5___seed_1_1761468207
4374528,2-Training-Stats/learning_rate,0.00014072102203499526,Pong1PQFM_XObs_entangled_trainable_rzz_QLayers_5___seed_1_1761468207
4378624,2-Training-Stats/learning_rate,0.000140618605655618,Pong1PQFM_XObs_entangled_trainable_rzz_QLayers_5___seed_1_1761468207
4382720,2-Training-Stats/learning_rate,0.00014051617472432554,Pong1PQFM_XObs_entangled_trainable_rzz_QLayers_5___seed_1_1761468207
4386816,2-Training-Stats/learning_rate,0.0001404137583449483,Pong1PQFM_XObs_entangled_trainable_rzz_QLayers_5___seed_1_1761468207
4390912,2-Training-Stats/learning_rate,0.00014031134196557105,Pong1PQFM_XObs_entangled_trainable_rzz_QLayers_5___seed_1_1761468207
4395008,2-Training-Stats/learning_rate,0.0001402089255861938,Pong1PQFM_XObs_entangled_trainable_rzz_QLayers_5___seed_1_1761468207
4399104,2-Training-Stats/learning_rate,0.00014010650920681655,Pong1PQFM_XObs_entangled_trainable_rzz_QLayers_5___seed_1_1761468207
4403200,2-Training-Stats/learning_rate,0.0001400040928274393,Pong1PQFM_XObs_entangled_trainable_rzz_QLayers_5___seed_1_1761468207
4407296,2-Training-Stats/learning_rate,0.00013990167644806206,Pong1PQFM_XObs_entangled_trainable_rzz_QLayers_5___seed_1_1761468207
4411392,2-Training-Stats/learning_rate,0.00013979926006868482,Pong1PQFM_XObs_entangled_trainable_rzz_QLayers_5___seed_1_1761468207
4415488,2-Training-Stats/learning_rate,0.00013969684368930757,Pong1PQFM_XObs_entangled_trainable_rzz_QLayers_5___seed_1_1761468207
4419584,2-Training-Stats/learning_rate,0.00013959442730993032,Pong1PQFM_XObs_entangled_trainable_rzz_QLayers_5___seed_1_1761468207
4423680,2-Training-Stats/learning_rate,0.00013949201093055308,Pong1PQFM_XObs_entangled_trainable_rzz_QLayers_5___seed_1_1761468207
4427776,2-Training-Stats/learning_rate,0.00013938959455117583,Pong1PQFM_XObs_entangled_trainable_rzz_QLayers_5___seed_1_1761468207
4431872,2-Training-Stats/learning_rate,0.0001392871781717986,Pong1PQFM_XObs_entangled_trainable_rzz_QLayers_5___seed_1_1761468207
4435968,2-Training-Stats/learning_rate,0.00013918476179242134,Pong1PQFM_XObs_entangled_trainable_rzz_QLayers_5___seed_1_1761468207
4440064,2-Training-Stats/learning_rate,0.0001390823454130441,Pong1PQFM_XObs_entangled_trainable_rzz_QLayers_5___seed_1_1761468207
4444160,2-Training-Stats/learning_rate,0.00013897992903366685,Pong1PQFM_XObs_entangled_trainable_rzz_QLayers_5___seed_1_1761468207
4448256,2-Training-Stats/learning_rate,0.0001388775126542896,Pong1PQFM_XObs_entangled_trainable_rzz_QLayers_5___seed_1_1761468207
4452352,2-Training-Stats/learning_rate,0.00013877509627491236,Pong1PQFM_XObs_entangled_trainable_rzz_QLayers_5___seed_1_1761468207
4456448,2-Training-Stats/learning_rate,0.0001386726798955351,Pong1PQFM_XObs_entangled_trainable_rzz_QLayers_5___seed_1_1761468207
4460544,2-Training-Stats/learning_rate,0.00013857026351615787,Pong1PQFM_XObs_entangled_trainable_rzz_QLayers_5___seed_1_1761468207
4464640,2-Training-Stats/learning_rate,0.00013846784713678062,Pong1PQFM_XObs_entangled_trainable_rzz_QLayers_5___seed_1_1761468207
4468736,2-Training-Stats/learning_rate,0.00013836543075740337,Pong1PQFM_XObs_entangled_trainable_rzz_QLayers_5___seed_1_1761468207
4472832,2-Training-Stats/learning_rate,0.0001382629998261109,Pong1PQFM_XObs_entangled_trainable_rzz_QLayers_5___seed_1_1761468207
4476928,2-Training-Stats/learning_rate,0.00013816058344673365,Pong1PQFM_XObs_entangled_trainable_rzz_QLayers_5___seed_1_1761468207
4481024,2-Training-Stats/learning_rate,0.0001380581670673564,Pong1PQFM_XObs_entangled_trainable_rzz_QLayers_5___seed_1_1761468207
4485120,2-Training-Stats/learning_rate,0.00013795575068797916,Pong1PQFM_XObs_entangled_trainable_rzz_QLayers_5___seed_1_1761468207
4489216,2-Training-Stats/learning_rate,0.00013785333430860192,Pong1PQFM_XObs_entangled_trainable_rzz_QLayers_5___seed_1_1761468207
4493312,2-Training-Stats/learning_rate,0.00013775091792922467,Pong1PQFM_XObs_entangled_trainable_rzz_QLayers_5___seed_1_1761468207
4497408,2-Training-Stats/learning_rate,0.00013764850154984742,Pong1PQFM_XObs_entangled_trainable_rzz_QLayers_5___seed_1_1761468207
4501504,2-Training-Stats/learning_rate,0.00013754608517047018,Pong1PQFM_XObs_entangled_trainable_rzz_QLayers_5___seed_1_1761468207
4505600,2-Training-Stats/learning_rate,0.00013744366879109293,Pong1PQFM_XObs_entangled_trainable_rzz_QLayers_5___seed_1_1761468207
4509696,2-Training-Stats/learning_rate,0.00013734125241171569,Pong1PQFM_XObs_entangled_trainable_rzz_QLayers_5___seed_1_1761468207
4513792,2-Training-Stats/learning_rate,0.00013723883603233844,Pong1PQFM_XObs_entangled_trainable_rzz_QLayers_5___seed_1_1761468207
4517888,2-Training-Stats/learning_rate,0.0001371364196529612,Pong1PQFM_XObs_entangled_trainable_rzz_QLayers_5___seed_1_1761468207
4521984,2-Training-Stats/learning_rate,0.00013703400327358395,Pong1PQFM_XObs_entangled_trainable_rzz_QLayers_5___seed_1_1761468207
4526080,2-Training-Stats/learning_rate,0.0001369315868942067,Pong1PQFM_XObs_entangled_trainable_rzz_QLayers_5___seed_1_1761468207
4530176,2-Training-Stats/learning_rate,0.00013682917051482946,Pong1PQFM_XObs_entangled_trainable_rzz_QLayers_5___seed_1_1761468207
4534272,2-Training-Stats/learning_rate,0.0001367267541354522,Pong1PQFM_XObs_entangled_trainable_rzz_QLayers_5___seed_1_1761468207
4538368,2-Training-Stats/learning_rate,0.00013662433775607497,Pong1PQFM_XObs_entangled_trainable_rzz_QLayers_5___seed_1_1761468207
4542464,2-Training-Stats/learning_rate,0.00013652192137669772,Pong1PQFM_XObs_entangled_trainable_rzz_QLayers_5___seed_1_1761468207
4546560,2-Training-Stats/learning_rate,0.00013641950499732047,Pong1PQFM_XObs_entangled_trainable_rzz_QLayers_5___seed_1_1761468207
4550656,2-Training-Stats/learning_rate,0.00013631708861794323,Pong1PQFM_XObs_entangled_trainable_rzz_QLayers_5___seed_1_1761468207
4554752,2-Training-Stats/learning_rate,0.00013621467223856598,Pong1PQFM_XObs_entangled_trainable_rzz_QLayers_5___seed_1_1761468207
4558848,2-Training-Stats/learning_rate,0.00013611225585918874,Pong1PQFM_XObs_entangled_trainable_rzz_QLayers_5___seed_1_1761468207
4562944,2-Training-Stats/learning_rate,0.00013600982492789626,Pong1PQFM_XObs_entangled_trainable_rzz_QLayers_5___seed_1_1761468207
4567040,2-Training-Stats/learning_rate,0.00013590740854851902,Pong1PQFM_XObs_entangled_trainable_rzz_QLayers_5___seed_1_1761468207
4571136,2-Training-Stats/learning_rate,0.00013580499216914177,Pong1PQFM_XObs_entangled_trainable_rzz_QLayers_5___seed_1_1761468207
4575232,2-Training-Stats/learning_rate,0.00013570257578976452,Pong1PQFM_XObs_entangled_trainable_rzz_QLayers_5___seed_1_1761468207
4579328,2-Training-Stats/learning_rate,0.00013560015941038728,Pong1PQFM_XObs_entangled_trainable_rzz_QLayers_5___seed_1_1761468207
4583424,2-Training-Stats/learning_rate,0.00013549774303101003,Pong1PQFM_XObs_entangled_trainable_rzz_QLayers_5___seed_1_1761468207
4587520,2-Training-Stats/learning_rate,0.00013539532665163279,Pong1PQFM_XObs_entangled_trainable_rzz_QLayers_5___seed_1_1761468207
4591616,2-Training-Stats/learning_rate,0.00013529291027225554,Pong1PQFM_XObs_entangled_trainable_rzz_QLayers_5___seed_1_1761468207
4595712,2-Training-Stats/learning_rate,0.0001351904938928783,Pong1PQFM_XObs_entangled_trainable_rzz_QLayers_5___seed_1_1761468207
4599808,2-Training-Stats/learning_rate,0.00013508807751350105,Pong1PQFM_XObs_entangled_trainable_rzz_QLayers_5___seed_1_1761468207
4603904,2-Training-Stats/learning_rate,0.0001349856611341238,Pong1PQFM_XObs_entangled_trainable_rzz_QLayers_5___seed_1_1761468207
4608000,2-Training-Stats/learning_rate,0.00013488324475474656,Pong1PQFM_XObs_entangled_trainable_rzz_QLayers_5___seed_1_1761468207
4612096,2-Training-Stats/learning_rate,0.0001347808283753693,Pong1PQFM_XObs_entangled_trainable_rzz_QLayers_5___seed_1_1761468207
4616192,2-Training-Stats/learning_rate,0.00013467841199599206,Pong1PQFM_XObs_entangled_trainable_rzz_QLayers_5___seed_1_1761468207
4620288,2-Training-Stats/learning_rate,0.00013457599561661482,Pong1PQFM_XObs_entangled_trainable_rzz_QLayers_5___seed_1_1761468207
4624384,2-Training-Stats/learning_rate,0.00013447357923723757,Pong1PQFM_XObs_entangled_trainable_rzz_QLayers_5___seed_1_1761468207
4628480,2-Training-Stats/learning_rate,0.00013437116285786033,Pong1PQFM_XObs_entangled_trainable_rzz_QLayers_5___seed_1_1761468207
4632576,2-Training-Stats/learning_rate,0.00013426874647848308,Pong1PQFM_XObs_entangled_trainable_rzz_QLayers_5___seed_1_1761468207
4636672,2-Training-Stats/learning_rate,0.00013416633009910583,Pong1PQFM_XObs_entangled_trainable_rzz_QLayers_5___seed_1_1761468207
4640768,2-Training-Stats/learning_rate,0.0001340639137197286,Pong1PQFM_XObs_entangled_trainable_rzz_QLayers_5___seed_1_1761468207
4644864,2-Training-Stats/learning_rate,0.00013396149734035134,Pong1PQFM_XObs_entangled_trainable_rzz_QLayers_5___seed_1_1761468207
4648960,2-Training-Stats/learning_rate,0.0001338590809609741,Pong1PQFM_XObs_entangled_trainable_rzz_QLayers_5___seed_1_1761468207
4653056,2-Training-Stats/learning_rate,0.00013375665002968162,Pong1PQFM_XObs_entangled_trainable_rzz_QLayers_5___seed_1_1761468207
4657152,2-Training-Stats/learning_rate,0.00013365423365030438,Pong1PQFM_XObs_entangled_trainable_rzz_QLayers_5___seed_1_1761468207
4661248,2-Training-Stats/learning_rate,0.00013355181727092713,Pong1PQFM_XObs_entangled_trainable_rzz_QLayers_5___seed_1_1761468207
4665344,2-Training-Stats/learning_rate,0.00013344940089154989,Pong1PQFM_XObs_entangled_trainable_rzz_QLayers_5___seed_1_1761468207
4669440,2-Training-Stats/learning_rate,0.00013334698451217264,Pong1PQFM_XObs_entangled_trainable_rzz_QLayers_5___seed_1_1761468207
4673536,2-Training-Stats/learning_rate,0.0001332445681327954,Pong1PQFM_XObs_entangled_trainable_rzz_QLayers_5___seed_1_1761468207
4677632,2-Training-Stats/learning_rate,0.00013314215175341815,Pong1PQFM_XObs_entangled_trainable_rzz_QLayers_5___seed_1_1761468207
4681728,2-Training-Stats/learning_rate,0.0001330397353740409,Pong1PQFM_XObs_entangled_trainable_rzz_QLayers_5___seed_1_1761468207
4685824,2-Training-Stats/learning_rate,0.00013293731899466366,Pong1PQFM_XObs_entangled_trainable_rzz_QLayers_5___seed_1_1761468207
4689920,2-Training-Stats/learning_rate,0.0001328349026152864,Pong1PQFM_XObs_entangled_trainable_rzz_QLayers_5___seed_1_1761468207
4694016,2-Training-Stats/learning_rate,0.00013273248623590916,Pong1PQFM_XObs_entangled_trainable_rzz_QLayers_5___seed_1_1761468207
4698112,2-Training-Stats/learning_rate,0.00013263006985653192,Pong1PQFM_XObs_entangled_trainable_rzz_QLayers_5___seed_1_1761468207
4702208,2-Training-Stats/learning_rate,0.00013252765347715467,Pong1PQFM_XObs_entangled_trainable_rzz_QLayers_5___seed_1_1761468207
4706304,2-Training-Stats/learning_rate,0.00013242523709777743,Pong1PQFM_XObs_entangled_trainable_rzz_QLayers_5___seed_1_1761468207
4710400,2-Training-Stats/learning_rate,0.00013232282071840018,Pong1PQFM_XObs_entangled_trainable_rzz_QLayers_5___seed_1_1761468207
4714496,2-Training-Stats/learning_rate,0.00013222040433902293,Pong1PQFM_XObs_entangled_trainable_rzz_QLayers_5___seed_1_1761468207
4718592,2-Training-Stats/learning_rate,0.0001321179879596457,Pong1PQFM_XObs_entangled_trainable_rzz_QLayers_5___seed_1_1761468207
4722688,2-Training-Stats/learning_rate,0.00013201557158026844,Pong1PQFM_XObs_entangled_trainable_rzz_QLayers_5___seed_1_1761468207
4726784,2-Training-Stats/learning_rate,0.0001319131552008912,Pong1PQFM_XObs_entangled_trainable_rzz_QLayers_5___seed_1_1761468207
4730880,2-Training-Stats/learning_rate,0.00013181073882151395,Pong1PQFM_XObs_entangled_trainable_rzz_QLayers_5___seed_1_1761468207
4734976,2-Training-Stats/learning_rate,0.0001317083224421367,Pong1PQFM_XObs_entangled_trainable_rzz_QLayers_5___seed_1_1761468207
4739072,2-Training-Stats/learning_rate,0.00013160590606275946,Pong1PQFM_XObs_entangled_trainable_rzz_QLayers_5___seed_1_1761468207
4743168,2-Training-Stats/learning_rate,0.00013150347513146698,Pong1PQFM_XObs_entangled_trainable_rzz_QLayers_5___seed_1_1761468207
4747264,2-Training-Stats/learning_rate,0.00013140105875208974,Pong1PQFM_XObs_entangled_trainable_rzz_QLayers_5___seed_1_1761468207
4751360,2-Training-Stats/learning_rate,0.0001312986423727125,Pong1PQFM_XObs_entangled_trainable_rzz_QLayers_5___seed_1_1761468207
4755456,2-Training-Stats/learning_rate,0.00013119622599333525,Pong1PQFM_XObs_entangled_trainable_rzz_QLayers_5___seed_1_1761468207
4759552,2-Training-Stats/learning_rate,0.000131093809613958,Pong1PQFM_XObs_entangled_trainable_rzz_QLayers_5___seed_1_1761468207
4763648,2-Training-Stats/learning_rate,0.00013099139323458076,Pong1PQFM_XObs_entangled_trainable_rzz_QLayers_5___seed_1_1761468207
4767744,2-Training-Stats/learning_rate,0.0001308889768552035,Pong1PQFM_XObs_entangled_trainable_rzz_QLayers_5___seed_1_1761468207
4771840,2-Training-Stats/learning_rate,0.00013078656047582626,Pong1PQFM_XObs_entangled_trainable_rzz_QLayers_5___seed_1_1761468207
4775936,2-Training-Stats/learning_rate,0.00013068414409644902,Pong1PQFM_XObs_entangled_trainable_rzz_QLayers_5___seed_1_1761468207
4780032,2-Training-Stats/learning_rate,0.00013058172771707177,Pong1PQFM_XObs_entangled_trainable_rzz_QLayers_5___seed_1_1761468207
4784128,2-Training-Stats/learning_rate,0.00013047931133769453,Pong1PQFM_XObs_entangled_trainable_rzz_QLayers_5___seed_1_1761468207
4788224,2-Training-Stats/learning_rate,0.00013037689495831728,Pong1PQFM_XObs_entangled_trainable_rzz_QLayers_5___seed_1_1761468207
4792320,2-Training-Stats/learning_rate,0.00013027447857894003,Pong1PQFM_XObs_entangled_trainable_rzz_QLayers_5___seed_1_1761468207
4796416,2-Training-Stats/learning_rate,0.0001301720621995628,Pong1PQFM_XObs_entangled_trainable_rzz_QLayers_5___seed_1_1761468207
4800512,2-Training-Stats/learning_rate,0.00013006964582018554,Pong1PQFM_XObs_entangled_trainable_rzz_QLayers_5___seed_1_1761468207
4804608,2-Training-Stats/learning_rate,0.0001299672294408083,Pong1PQFM_XObs_entangled_trainable_rzz_QLayers_5___seed_1_1761468207
4808704,2-Training-Stats/learning_rate,0.00012986481306143105,Pong1PQFM_XObs_entangled_trainable_rzz_QLayers_5___seed_1_1761468207
4812800,2-Training-Stats/learning_rate,0.0001297623966820538,Pong1PQFM_XObs_entangled_trainable_rzz_QLayers_5___seed_1_1761468207
4816896,2-Training-Stats/learning_rate,0.00012965998030267656,Pong1PQFM_XObs_entangled_trainable_rzz_QLayers_5___seed_1_1761468207
4820992,2-Training-Stats/learning_rate,0.0001295575639232993,Pong1PQFM_XObs_entangled_trainable_rzz_QLayers_5___seed_1_1761468207
4825088,2-Training-Stats/learning_rate,0.00012945514754392207,Pong1PQFM_XObs_entangled_trainable_rzz_QLayers_5___seed_1_1761468207
4829184,2-Training-Stats/learning_rate,0.00012935273116454482,Pong1PQFM_XObs_entangled_trainable_rzz_QLayers_5___seed_1_1761468207
4833280,2-Training-Stats/learning_rate,0.00012925030023325235,Pong1PQFM_XObs_entangled_trainable_rzz_QLayers_5___seed_1_1761468207
4837376,2-Training-Stats/learning_rate,0.0001291478838538751,Pong1PQFM_XObs_entangled_trainable_rzz_QLayers_5___seed_1_1761468207
4841472,2-Training-Stats/learning_rate,0.00012904546747449785,Pong1PQFM_XObs_entangled_trainable_rzz_QLayers_5___seed_1_1761468207
4845568,2-Training-Stats/learning_rate,0.0001289430510951206,Pong1PQFM_XObs_entangled_trainable_rzz_QLayers_5___seed_1_1761468207
4849664,2-Training-Stats/learning_rate,0.00012884063471574336,Pong1PQFM_XObs_entangled_trainable_rzz_QLayers_5___seed_1_1761468207
4853760,2-Training-Stats/learning_rate,0.00012873821833636612,Pong1PQFM_XObs_entangled_trainable_rzz_QLayers_5___seed_1_1761468207
4857856,2-Training-Stats/learning_rate,0.00012863580195698887,Pong1PQFM_XObs_entangled_trainable_rzz_QLayers_5___seed_1_1761468207
4861952,2-Training-Stats/learning_rate,0.00012853338557761163,Pong1PQFM_XObs_entangled_trainable_rzz_QLayers_5___seed_1_1761468207
4866048,2-Training-Stats/learning_rate,0.00012843096919823438,Pong1PQFM_XObs_entangled_trainable_rzz_QLayers_5___seed_1_1761468207
4870144,2-Training-Stats/learning_rate,0.00012832855281885713,Pong1PQFM_XObs_entangled_trainable_rzz_QLayers_5___seed_1_1761468207
4874240,2-Training-Stats/learning_rate,0.0001282261364394799,Pong1PQFM_XObs_entangled_trainable_rzz_QLayers_5___seed_1_1761468207
4878336,2-Training-Stats/learning_rate,0.00012812372006010264,Pong1PQFM_XObs_entangled_trainable_rzz_QLayers_5___seed_1_1761468207
4882432,2-Training-Stats/learning_rate,0.0001280213036807254,Pong1PQFM_XObs_entangled_trainable_rzz_QLayers_5___seed_1_1761468207
4886528,2-Training-Stats/learning_rate,0.00012791888730134815,Pong1PQFM_XObs_entangled_trainable_rzz_QLayers_5___seed_1_1761468207
4890624,2-Training-Stats/learning_rate,0.0001278164709219709,Pong1PQFM_XObs_entangled_trainable_rzz_QLayers_5___seed_1_1761468207
4894720,2-Training-Stats/learning_rate,0.00012771405454259366,Pong1PQFM_XObs_entangled_trainable_rzz_QLayers_5___seed_1_1761468207
4898816,2-Training-Stats/learning_rate,0.0001276116381632164,Pong1PQFM_XObs_entangled_trainable_rzz_QLayers_5___seed_1_1761468207
4902912,2-Training-Stats/learning_rate,0.00012750922178383917,Pong1PQFM_XObs_entangled_trainable_rzz_QLayers_5___seed_1_1761468207
4907008,2-Training-Stats/learning_rate,0.00012740680540446192,Pong1PQFM_XObs_entangled_trainable_rzz_QLayers_5___seed_1_1761468207
4911104,2-Training-Stats/learning_rate,0.00012730438902508467,Pong1PQFM_XObs_entangled_trainable_rzz_QLayers_5___seed_1_1761468207
4915200,2-Training-Stats/learning_rate,0.00012720197264570743,Pong1PQFM_XObs_entangled_trainable_rzz_QLayers_5___seed_1_1761468207
4919296,2-Training-Stats/learning_rate,0.00012709955626633018,Pong1PQFM_XObs_entangled_trainable_rzz_QLayers_5___seed_1_1761468207
4923392,2-Training-Stats/learning_rate,0.0001269971253350377,Pong1PQFM_XObs_entangled_trainable_rzz_QLayers_5___seed_1_1761468207
4927488,2-Training-Stats/learning_rate,0.00012689470895566046,Pong1PQFM_XObs_entangled_trainable_rzz_QLayers_5___seed_1_1761468207
4931584,2-Training-Stats/learning_rate,0.00012679229257628322,Pong1PQFM_XObs_entangled_trainable_rzz_QLayers_5___seed_1_1761468207
4935680,2-Training-Stats/learning_rate,0.00012668987619690597,Pong1PQFM_XObs_entangled_trainable_rzz_QLayers_5___seed_1_1761468207
4939776,2-Training-Stats/learning_rate,0.00012658745981752872,Pong1PQFM_XObs_entangled_trainable_rzz_QLayers_5___seed_1_1761468207
4943872,2-Training-Stats/learning_rate,0.00012648504343815148,Pong1PQFM_XObs_entangled_trainable_rzz_QLayers_5___seed_1_1761468207
4947968,2-Training-Stats/learning_rate,0.00012638262705877423,Pong1PQFM_XObs_entangled_trainable_rzz_QLayers_5___seed_1_1761468207
4952064,2-Training-Stats/learning_rate,0.000126280210679397,Pong1PQFM_XObs_entangled_trainable_rzz_QLayers_5___seed_1_1761468207
4956160,2-Training-Stats/learning_rate,0.00012617779430001974,Pong1PQFM_XObs_entangled_trainable_rzz_QLayers_5___seed_1_1761468207
4960256,2-Training-Stats/learning_rate,0.0001260753779206425,Pong1PQFM_XObs_entangled_trainable_rzz_QLayers_5___seed_1_1761468207
4964352,2-Training-Stats/learning_rate,0.00012597296154126525,Pong1PQFM_XObs_entangled_trainable_rzz_QLayers_5___seed_1_1761468207
4968448,2-Training-Stats/learning_rate,0.000125870545161888,Pong1PQFM_XObs_entangled_trainable_rzz_QLayers_5___seed_1_1761468207
4972544,2-Training-Stats/learning_rate,0.00012576812878251076,Pong1PQFM_XObs_entangled_trainable_rzz_QLayers_5___seed_1_1761468207
4976640,2-Training-Stats/learning_rate,0.0001256657124031335,Pong1PQFM_XObs_entangled_trainable_rzz_QLayers_5___seed_1_1761468207
4980736,2-Training-Stats/learning_rate,0.00012556329602375627,Pong1PQFM_XObs_entangled_trainable_rzz_QLayers_5___seed_1_1761468207
4984832,2-Training-Stats/learning_rate,0.00012546087964437902,Pong1PQFM_XObs_entangled_trainable_rzz_QLayers_5___seed_1_1761468207
4988928,2-Training-Stats/learning_rate,0.00012535846326500177,Pong1PQFM_XObs_entangled_trainable_rzz_QLayers_5___seed_1_1761468207
4993024,2-Training-Stats/learning_rate,0.00012525604688562453,Pong1PQFM_XObs_entangled_trainable_rzz_QLayers_5___seed_1_1761468207
4997120,2-Training-Stats/learning_rate,0.00012515363050624728,Pong1PQFM_XObs_entangled_trainable_rzz_QLayers_5___seed_1_1761468207
5001216,2-Training-Stats/learning_rate,0.00012505121412687004,Pong1PQFM_XObs_entangled_trainable_rzz_QLayers_5___seed_1_1761468207
5005312,2-Training-Stats/learning_rate,0.0001249487977474928,Pong1PQFM_XObs_entangled_trainable_rzz_QLayers_5___seed_1_1761468207
5009408,2-Training-Stats/learning_rate,0.00012484638136811554,Pong1PQFM_XObs_entangled_trainable_rzz_QLayers_5___seed_1_1761468207
5013504,2-Training-Stats/learning_rate,0.00012474395043682307,Pong1PQFM_XObs_entangled_trainable_rzz_QLayers_5___seed_1_1761468207
5017600,2-Training-Stats/learning_rate,0.00012464153405744582,Pong1PQFM_XObs_entangled_trainable_rzz_QLayers_5___seed_1_1761468207
5021696,2-Training-Stats/learning_rate,0.00012453911767806858,Pong1PQFM_XObs_entangled_trainable_rzz_QLayers_5___seed_1_1761468207
5025792,2-Training-Stats/learning_rate,0.00012443670129869133,Pong1PQFM_XObs_entangled_trainable_rzz_QLayers_5___seed_1_1761468207
5029888,2-Training-Stats/learning_rate,0.00012433428491931409,Pong1PQFM_XObs_entangled_trainable_rzz_QLayers_5___seed_1_1761468207
5033984,2-Training-Stats/learning_rate,0.00012423186853993684,Pong1PQFM_XObs_entangled_trainable_rzz_QLayers_5___seed_1_1761468207
5038080,2-Training-Stats/learning_rate,0.0001241294521605596,Pong1PQFM_XObs_entangled_trainable_rzz_QLayers_5___seed_1_1761468207
5042176,2-Training-Stats/learning_rate,0.00012402703578118235,Pong1PQFM_XObs_entangled_trainable_rzz_QLayers_5___seed_1_1761468207
5046272,2-Training-Stats/learning_rate,0.0001239246194018051,Pong1PQFM_XObs_entangled_trainable_rzz_QLayers_5___seed_1_1761468207
5050368,2-Training-Stats/learning_rate,0.00012382220302242786,Pong1PQFM_XObs_entangled_trainable_rzz_QLayers_5___seed_1_1761468207
5054464,2-Training-Stats/learning_rate,0.0001237197866430506,Pong1PQFM_XObs_entangled_trainable_rzz_QLayers_5___seed_1_1761468207
5058560,2-Training-Stats/learning_rate,0.00012361737026367337,Pong1PQFM_XObs_entangled_trainable_rzz_QLayers_5___seed_1_1761468207
5062656,2-Training-Stats/learning_rate,0.00012351495388429612,Pong1PQFM_XObs_entangled_trainable_rzz_QLayers_5___seed_1_1761468207
5066752,2-Training-Stats/learning_rate,0.00012341253750491887,Pong1PQFM_XObs_entangled_trainable_rzz_QLayers_5___seed_1_1761468207
5070848,2-Training-Stats/learning_rate,0.00012331012112554163,Pong1PQFM_XObs_entangled_trainable_rzz_QLayers_5___seed_1_1761468207
5074944,2-Training-Stats/learning_rate,0.00012320770474616438,Pong1PQFM_XObs_entangled_trainable_rzz_QLayers_5___seed_1_1761468207
5079040,2-Training-Stats/learning_rate,0.00012310528836678714,Pong1PQFM_XObs_entangled_trainable_rzz_QLayers_5___seed_1_1761468207
5083136,2-Training-Stats/learning_rate,0.0001230028719874099,Pong1PQFM_XObs_entangled_trainable_rzz_QLayers_5___seed_1_1761468207
5087232,2-Training-Stats/learning_rate,0.00012290045560803264,Pong1PQFM_XObs_entangled_trainable_rzz_QLayers_5___seed_1_1761468207
5091328,2-Training-Stats/learning_rate,0.0001227980392286554,Pong1PQFM_XObs_entangled_trainable_rzz_QLayers_5___seed_1_1761468207
5095424,2-Training-Stats/learning_rate,0.00012269562284927815,Pong1PQFM_XObs_entangled_trainable_rzz_QLayers_5___seed_1_1761468207
5099520,2-Training-Stats/learning_rate,0.0001225932064699009,Pong1PQFM_XObs_entangled_trainable_rzz_QLayers_5___seed_1_1761468207
5103616,2-Training-Stats/learning_rate,0.00012249077553860843,Pong1PQFM_XObs_entangled_trainable_rzz_QLayers_5___seed_1_1761468207
5107712,2-Training-Stats/learning_rate,0.00012238835915923119,Pong1PQFM_XObs_entangled_trainable_rzz_QLayers_5___seed_1_1761468207
5111808,2-Training-Stats/learning_rate,0.00012228594277985394,Pong1PQFM_XObs_entangled_trainable_rzz_QLayers_5___seed_1_1761468207
5115904,2-Training-Stats/learning_rate,0.0001221835264004767,Pong1PQFM_XObs_entangled_trainable_rzz_QLayers_5___seed_1_1761468207
5120000,2-Training-Stats/learning_rate,0.00012208111002109945,Pong1PQFM_XObs_entangled_trainable_rzz_QLayers_5___seed_1_1761468207
5124096,2-Training-Stats/learning_rate,0.0001219786936417222,Pong1PQFM_XObs_entangled_trainable_rzz_QLayers_5___seed_1_1761468207
5128192,2-Training-Stats/learning_rate,0.00012187627726234496,Pong1PQFM_XObs_entangled_trainable_rzz_QLayers_5___seed_1_1761468207
5132288,2-Training-Stats/learning_rate,0.00012177386088296771,Pong1PQFM_XObs_entangled_trainable_rzz_QLayers_5___seed_1_1761468207
5136384,2-Training-Stats/learning_rate,0.00012167144450359046,Pong1PQFM_XObs_entangled_trainable_rzz_QLayers_5___seed_1_1761468207
5140480,2-Training-Stats/learning_rate,0.00012156902812421322,Pong1PQFM_XObs_entangled_trainable_rzz_QLayers_5___seed_1_1761468207
5144576,2-Training-Stats/learning_rate,0.00012146661174483597,Pong1PQFM_XObs_entangled_trainable_rzz_QLayers_5___seed_1_1761468207
5148672,2-Training-Stats/learning_rate,0.00012136419536545873,Pong1PQFM_XObs_entangled_trainable_rzz_QLayers_5___seed_1_1761468207
5152768,2-Training-Stats/learning_rate,0.00012126177898608148,Pong1PQFM_XObs_entangled_trainable_rzz_QLayers_5___seed_1_1761468207
5156864,2-Training-Stats/learning_rate,0.00012115936260670424,Pong1PQFM_XObs_entangled_trainable_rzz_QLayers_5___seed_1_1761468207
5160960,2-Training-Stats/learning_rate,0.00012105694622732699,Pong1PQFM_XObs_entangled_trainable_rzz_QLayers_5___seed_1_1761468207
5165056,2-Training-Stats/learning_rate,0.00012095452984794974,Pong1PQFM_XObs_entangled_trainable_rzz_QLayers_5___seed_1_1761468207
5169152,2-Training-Stats/learning_rate,0.00012085210619261488,Pong1PQFM_XObs_entangled_trainable_rzz_QLayers_5___seed_1_1761468207
5173248,2-Training-Stats/learning_rate,0.00012074968981323764,Pong1PQFM_XObs_entangled_trainable_rzz_QLayers_5___seed_1_1761468207
5177344,2-Training-Stats/learning_rate,0.00012064727343386039,Pong1PQFM_XObs_entangled_trainable_rzz_QLayers_5___seed_1_1761468207
5181440,2-Training-Stats/learning_rate,0.00012054485705448315,Pong1PQFM_XObs_entangled_trainable_rzz_QLayers_5___seed_1_1761468207
5185536,2-Training-Stats/learning_rate,0.0001204424406751059,Pong1PQFM_XObs_entangled_trainable_rzz_QLayers_5___seed_1_1761468207
5189632,2-Training-Stats/learning_rate,0.00012034002429572865,Pong1PQFM_XObs_entangled_trainable_rzz_QLayers_5___seed_1_1761468207
5193728,2-Training-Stats/learning_rate,0.00012023760791635141,Pong1PQFM_XObs_entangled_trainable_rzz_QLayers_5___seed_1_1761468207
5197824,2-Training-Stats/learning_rate,0.00012013519153697416,Pong1PQFM_XObs_entangled_trainable_rzz_QLayers_5___seed_1_1761468207
5201920,2-Training-Stats/learning_rate,0.00012003277515759692,Pong1PQFM_XObs_entangled_trainable_rzz_QLayers_5___seed_1_1761468207
5206016,2-Training-Stats/learning_rate,0.00011993035877821967,Pong1PQFM_XObs_entangled_trainable_rzz_QLayers_5___seed_1_1761468207
5210112,2-Training-Stats/learning_rate,0.00011982794239884242,Pong1PQFM_XObs_entangled_trainable_rzz_QLayers_5___seed_1_1761468207
5214208,2-Training-Stats/learning_rate,0.00011972551874350756,Pong1PQFM_XObs_entangled_trainable_rzz_QLayers_5___seed_1_1761468207
5218304,2-Training-Stats/learning_rate,0.00011962310236413032,Pong1PQFM_XObs_entangled_trainable_rzz_QLayers_5___seed_1_1761468207
5222400,2-Training-Stats/learning_rate,0.00011952068598475307,Pong1PQFM_XObs_entangled_trainable_rzz_QLayers_5___seed_1_1761468207
5226496,2-Training-Stats/learning_rate,0.00011941826960537583,Pong1PQFM_XObs_entangled_trainable_rzz_QLayers_5___seed_1_1761468207
5230592,2-Training-Stats/learning_rate,0.00011931585322599858,Pong1PQFM_XObs_entangled_trainable_rzz_QLayers_5___seed_1_1761468207
5234688,2-Training-Stats/learning_rate,0.00011921343684662133,Pong1PQFM_XObs_entangled_trainable_rzz_QLayers_5___seed_1_1761468207
5238784,2-Training-Stats/learning_rate,0.00011911102046724409,Pong1PQFM_XObs_entangled_trainable_rzz_QLayers_5___seed_1_1761468207
5242880,2-Training-Stats/learning_rate,0.00011900860408786684,Pong1PQFM_XObs_entangled_trainable_rzz_QLayers_5___seed_1_1761468207
5246976,2-Training-Stats/learning_rate,0.0001189061877084896,Pong1PQFM_XObs_entangled_trainable_rzz_QLayers_5___seed_1_1761468207
5251072,2-Training-Stats/learning_rate,0.00011880377132911235,Pong1PQFM_XObs_entangled_trainable_rzz_QLayers_5___seed_1_1761468207
5255168,2-Training-Stats/learning_rate,0.0001187013549497351,Pong1PQFM_XObs_entangled_trainable_rzz_QLayers_5___seed_1_1761468207
5259264,2-Training-Stats/learning_rate,0.00011859893129440024,Pong1PQFM_XObs_entangled_trainable_rzz_QLayers_5___seed_1_1761468207
5263360,2-Training-Stats/learning_rate,0.000118496514915023,Pong1PQFM_XObs_entangled_trainable_rzz_QLayers_5___seed_1_1761468207
5267456,2-Training-Stats/learning_rate,0.00011839409853564575,Pong1PQFM_XObs_entangled_trainable_rzz_QLayers_5___seed_1_1761468207
5271552,2-Training-Stats/learning_rate,0.00011829168215626851,Pong1PQFM_XObs_entangled_trainable_rzz_QLayers_5___seed_1_1761468207
5275648,2-Training-Stats/learning_rate,0.00011818926577689126,Pong1PQFM_XObs_entangled_trainable_rzz_QLayers_5___seed_1_1761468207
5279744,2-Training-Stats/learning_rate,0.00011808684939751402,Pong1PQFM_XObs_entangled_trainable_rzz_QLayers_5___seed_1_1761468207
5283840,2-Training-Stats/learning_rate,0.00011798443301813677,Pong1PQFM_XObs_entangled_trainable_rzz_QLayers_5___seed_1_1761468207
5287936,2-Training-Stats/learning_rate,0.00011788201663875952,Pong1PQFM_XObs_entangled_trainable_rzz_QLayers_5___seed_1_1761468207
5292032,2-Training-Stats/learning_rate,0.00011777960025938228,Pong1PQFM_XObs_entangled_trainable_rzz_QLayers_5___seed_1_1761468207
5296128,2-Training-Stats/learning_rate,0.00011767718388000503,Pong1PQFM_XObs_entangled_trainable_rzz_QLayers_5___seed_1_1761468207
5300224,2-Training-Stats/learning_rate,0.00011757476750062779,Pong1PQFM_XObs_entangled_trainable_rzz_QLayers_5___seed_1_1761468207
5304320,2-Training-Stats/learning_rate,0.00011747234384529293,Pong1PQFM_XObs_entangled_trainable_rzz_QLayers_5___seed_1_1761468207
5308416,2-Training-Stats/learning_rate,0.00011736992746591568,Pong1PQFM_XObs_entangled_trainable_rzz_QLayers_5___seed_1_1761468207
5312512,2-Training-Stats/learning_rate,0.00011726751108653843,Pong1PQFM_XObs_entangled_trainable_rzz_QLayers_5___seed_1_1761468207
5316608,2-Training-Stats/learning_rate,0.00011716509470716119,Pong1PQFM_XObs_entangled_trainable_rzz_QLayers_5___seed_1_1761468207
5320704,2-Training-Stats/learning_rate,0.00011706267832778394,Pong1PQFM_XObs_entangled_trainable_rzz_QLayers_5___seed_1_1761468207
5324800,2-Training-Stats/learning_rate,0.0001169602619484067,Pong1PQFM_XObs_entangled_trainable_rzz_QLayers_5___seed_1_1761468207
5328896,2-Training-Stats/learning_rate,0.00011685784556902945,Pong1PQFM_XObs_entangled_trainable_rzz_QLayers_5___seed_1_1761468207
5332992,2-Training-Stats/learning_rate,0.0001167554291896522,Pong1PQFM_XObs_entangled_trainable_rzz_QLayers_5___seed_1_1761468207
5337088,2-Training-Stats/learning_rate,0.00011665301281027496,Pong1PQFM_XObs_entangled_trainable_rzz_QLayers_5___seed_1_1761468207
5341184,2-Training-Stats/learning_rate,0.00011655059643089771,Pong1PQFM_XObs_entangled_trainable_rzz_QLayers_5___seed_1_1761468207
5345280,2-Training-Stats/learning_rate,0.00011644818005152047,Pong1PQFM_XObs_entangled_trainable_rzz_QLayers_5___seed_1_1761468207
5349376,2-Training-Stats/learning_rate,0.0001163457563961856,Pong1PQFM_XObs_entangled_trainable_rzz_QLayers_5___seed_1_1761468207
5353472,2-Training-Stats/learning_rate,0.00011624334001680836,Pong1PQFM_XObs_entangled_trainable_rzz_QLayers_5___seed_1_1761468207
5357568,2-Training-Stats/learning_rate,0.00011614092363743111,Pong1PQFM_XObs_entangled_trainable_rzz_QLayers_5___seed_1_1761468207
5361664,2-Training-Stats/learning_rate,0.00011603850725805387,Pong1PQFM_XObs_entangled_trainable_rzz_QLayers_5___seed_1_1761468207
5365760,2-Training-Stats/learning_rate,0.00011593609087867662,Pong1PQFM_XObs_entangled_trainable_rzz_QLayers_5___seed_1_1761468207
5369856,2-Training-Stats/learning_rate,0.00011583367449929938,Pong1PQFM_XObs_entangled_trainable_rzz_QLayers_5___seed_1_1761468207
5373952,2-Training-Stats/learning_rate,0.00011573125811992213,Pong1PQFM_XObs_entangled_trainable_rzz_QLayers_5___seed_1_1761468207
5378048,2-Training-Stats/learning_rate,0.00011562884174054489,Pong1PQFM_XObs_entangled_trainable_rzz_QLayers_5___seed_1_1761468207
5382144,2-Training-Stats/learning_rate,0.00011552642536116764,Pong1PQFM_XObs_entangled_trainable_rzz_QLayers_5___seed_1_1761468207
5386240,2-Training-Stats/learning_rate,0.0001154240089817904,Pong1PQFM_XObs_entangled_trainable_rzz_QLayers_5___seed_1_1761468207
5390336,2-Training-Stats/learning_rate,0.00011532159260241315,Pong1PQFM_XObs_entangled_trainable_rzz_QLayers_5___seed_1_1761468207
5394432,2-Training-Stats/learning_rate,0.00011521916894707829,Pong1PQFM_XObs_entangled_trainable_rzz_QLayers_5___seed_1_1761468207
5398528,2-Training-Stats/learning_rate,0.00011511675256770104,Pong1PQFM_XObs_entangled_trainable_rzz_QLayers_5___seed_1_1761468207
5402624,2-Training-Stats/learning_rate,0.0001150143361883238,Pong1PQFM_XObs_entangled_trainable_rzz_QLayers_5___seed_1_1761468207
5406720,2-Training-Stats/learning_rate,0.00011491191980894655,Pong1PQFM_XObs_entangled_trainable_rzz_QLayers_5___seed_1_1761468207
5410816,2-Training-Stats/learning_rate,0.0001148095034295693,Pong1PQFM_XObs_entangled_trainable_rzz_QLayers_5___seed_1_1761468207
5414912,2-Training-Stats/learning_rate,0.00011470708705019206,Pong1PQFM_XObs_entangled_trainable_rzz_QLayers_5___seed_1_1761468207
5419008,2-Training-Stats/learning_rate,0.00011460467067081481,Pong1PQFM_XObs_entangled_trainable_rzz_QLayers_5___seed_1_1761468207
5423104,2-Training-Stats/learning_rate,0.00011450225429143757,Pong1PQFM_XObs_entangled_trainable_rzz_QLayers_5___seed_1_1761468207
5427200,2-Training-Stats/learning_rate,0.00011439983791206032,Pong1PQFM_XObs_entangled_trainable_rzz_QLayers_5___seed_1_1761468207
5431296,2-Training-Stats/learning_rate,0.00011429742153268307,Pong1PQFM_XObs_entangled_trainable_rzz_QLayers_5___seed_1_1761468207
5435392,2-Training-Stats/learning_rate,0.00011419500515330583,Pong1PQFM_XObs_entangled_trainable_rzz_QLayers_5___seed_1_1761468207
5439488,2-Training-Stats/learning_rate,0.00011409258149797097,Pong1PQFM_XObs_entangled_trainable_rzz_QLayers_5___seed_1_1761468207
5443584,2-Training-Stats/learning_rate,0.00011399016511859372,Pong1PQFM_XObs_entangled_trainable_rzz_QLayers_5___seed_1_1761468207
5447680,2-Training-Stats/learning_rate,0.00011388774873921648,Pong1PQFM_XObs_entangled_trainable_rzz_QLayers_5___seed_1_1761468207
5451776,2-Training-Stats/learning_rate,0.00011378533235983923,Pong1PQFM_XObs_entangled_trainable_rzz_QLayers_5___seed_1_1761468207
5455872,2-Training-Stats/learning_rate,0.00011368291598046198,Pong1PQFM_XObs_entangled_trainable_rzz_QLayers_5___seed_1_1761468207
5459968,2-Training-Stats/learning_rate,0.00011358049960108474,Pong1PQFM_XObs_entangled_trainable_rzz_QLayers_5___seed_1_1761468207
5464064,2-Training-Stats/learning_rate,0.00011347808322170749,Pong1PQFM_XObs_entangled_trainable_rzz_QLayers_5___seed_1_1761468207
5468160,2-Training-Stats/learning_rate,0.00011337566684233025,Pong1PQFM_XObs_entangled_trainable_rzz_QLayers_5___seed_1_1761468207
5472256,2-Training-Stats/learning_rate,0.000113273250462953,Pong1PQFM_XObs_entangled_trainable_rzz_QLayers_5___seed_1_1761468207
5476352,2-Training-Stats/learning_rate,0.00011317083408357576,Pong1PQFM_XObs_entangled_trainable_rzz_QLayers_5___seed_1_1761468207
5480448,2-Training-Stats/learning_rate,0.00011306841770419851,Pong1PQFM_XObs_entangled_trainable_rzz_QLayers_5___seed_1_1761468207
5484544,2-Training-Stats/learning_rate,0.00011296599404886365,Pong1PQFM_XObs_entangled_trainable_rzz_QLayers_5___seed_1_1761468207
5488640,2-Training-Stats/learning_rate,0.0001128635776694864,Pong1PQFM_XObs_entangled_trainable_rzz_QLayers_5___seed_1_1761468207
5492736,2-Training-Stats/learning_rate,0.00011276116129010916,Pong1PQFM_XObs_entangled_trainable_rzz_QLayers_5___seed_1_1761468207
5496832,2-Training-Stats/learning_rate,0.00011265874491073191,Pong1PQFM_XObs_entangled_trainable_rzz_QLayers_5___seed_1_1761468207
5500928,2-Training-Stats/learning_rate,0.00011255632853135467,Pong1PQFM_XObs_entangled_trainable_rzz_QLayers_5___seed_1_1761468207
5505024,2-Training-Stats/learning_rate,0.00011245391215197742,Pong1PQFM_XObs_entangled_trainable_rzz_QLayers_5___seed_1_1761468207
5509120,2-Training-Stats/learning_rate,0.00011235149577260017,Pong1PQFM_XObs_entangled_trainable_rzz_QLayers_5___seed_1_1761468207
5513216,2-Training-Stats/learning_rate,0.00011224907939322293,Pong1PQFM_XObs_entangled_trainable_rzz_QLayers_5___seed_1_1761468207
5517312,2-Training-Stats/learning_rate,0.00011214666301384568,Pong1PQFM_XObs_entangled_trainable_rzz_QLayers_5___seed_1_1761468207
5521408,2-Training-Stats/learning_rate,0.00011204424663446844,Pong1PQFM_XObs_entangled_trainable_rzz_QLayers_5___seed_1_1761468207
5525504,2-Training-Stats/learning_rate,0.00011194183025509119,Pong1PQFM_XObs_entangled_trainable_rzz_QLayers_5___seed_1_1761468207
5529600,2-Training-Stats/learning_rate,0.00011183940659975633,Pong1PQFM_XObs_entangled_trainable_rzz_QLayers_5___seed_1_1761468207
5533696,2-Training-Stats/learning_rate,0.00011173699022037908,Pong1PQFM_XObs_entangled_trainable_rzz_QLayers_5___seed_1_1761468207
5537792,2-Training-Stats/learning_rate,0.00011163457384100184,Pong1PQFM_XObs_entangled_trainable_rzz_QLayers_5___seed_1_1761468207
5541888,2-Training-Stats/learning_rate,0.00011153215746162459,Pong1PQFM_XObs_entangled_trainable_rzz_QLayers_5___seed_1_1761468207
5545984,2-Training-Stats/learning_rate,0.00011142974108224735,Pong1PQFM_XObs_entangled_trainable_rzz_QLayers_5___seed_1_1761468207
5550080,2-Training-Stats/learning_rate,0.0001113273247028701,Pong1PQFM_XObs_entangled_trainable_rzz_QLayers_5___seed_1_1761468207
5554176,2-Training-Stats/learning_rate,0.00011122490832349285,Pong1PQFM_XObs_entangled_trainable_rzz_QLayers_5___seed_1_1761468207
5558272,2-Training-Stats/learning_rate,0.00011112249194411561,Pong1PQFM_XObs_entangled_trainable_rzz_QLayers_5___seed_1_1761468207
5562368,2-Training-Stats/learning_rate,0.00011102007556473836,Pong1PQFM_XObs_entangled_trainable_rzz_QLayers_5___seed_1_1761468207
5566464,2-Training-Stats/learning_rate,0.00011091765918536112,Pong1PQFM_XObs_entangled_trainable_rzz_QLayers_5___seed_1_1761468207
5570560,2-Training-Stats/learning_rate,0.00011081524280598387,Pong1PQFM_XObs_entangled_trainable_rzz_QLayers_5___seed_1_1761468207
5574656,2-Training-Stats/learning_rate,0.00011071281915064901,Pong1PQFM_XObs_entangled_trainable_rzz_QLayers_5___seed_1_1761468207
5578752,2-Training-Stats/learning_rate,0.00011061040277127177,Pong1PQFM_XObs_entangled_trainable_rzz_QLayers_5___seed_1_1761468207
5582848,2-Training-Stats/learning_rate,0.00011050798639189452,Pong1PQFM_XObs_entangled_trainable_rzz_QLayers_5___seed_1_1761468207
5586944,2-Training-Stats/learning_rate,0.00011040557001251727,Pong1PQFM_XObs_entangled_trainable_rzz_QLayers_5___seed_1_1761468207
5591040,2-Training-Stats/learning_rate,0.00011030315363314003,Pong1PQFM_XObs_entangled_trainable_rzz_QLayers_5___seed_1_1761468207
5595136,2-Training-Stats/learning_rate,0.00011020073725376278,Pong1PQFM_XObs_entangled_trainable_rzz_QLayers_5___seed_1_1761468207
5599232,2-Training-Stats/learning_rate,0.00011009832087438554,Pong1PQFM_XObs_entangled_trainable_rzz_QLayers_5___seed_1_1761468207
5603328,2-Training-Stats/learning_rate,0.00010999590449500829,Pong1PQFM_XObs_entangled_trainable_rzz_QLayers_5___seed_1_1761468207
5607424,2-Training-Stats/learning_rate,0.00010989348811563104,Pong1PQFM_XObs_entangled_trainable_rzz_QLayers_5___seed_1_1761468207
5611520,2-Training-Stats/learning_rate,0.0001097910717362538,Pong1PQFM_XObs_entangled_trainable_rzz_QLayers_5___seed_1_1761468207
5615616,2-Training-Stats/learning_rate,0.00010968865535687655,Pong1PQFM_XObs_entangled_trainable_rzz_QLayers_5___seed_1_1761468207
5619712,2-Training-Stats/learning_rate,0.00010958623170154169,Pong1PQFM_XObs_entangled_trainable_rzz_QLayers_5___seed_1_1761468207
5623808,2-Training-Stats/learning_rate,0.00010948381532216445,Pong1PQFM_XObs_entangled_trainable_rzz_QLayers_5___seed_1_1761468207
5627904,2-Training-Stats/learning_rate,0.0001093813989427872,Pong1PQFM_XObs_entangled_trainable_rzz_QLayers_5___seed_1_1761468207
5632000,2-Training-Stats/learning_rate,0.00010927898256340995,Pong1PQFM_XObs_entangled_trainable_rzz_QLayers_5___seed_1_1761468207
5636096,2-Training-Stats/learning_rate,0.00010917656618403271,Pong1PQFM_XObs_entangled_trainable_rzz_QLayers_5___seed_1_1761468207
5640192,2-Training-Stats/learning_rate,0.00010907414980465546,Pong1PQFM_XObs_entangled_trainable_rzz_QLayers_5___seed_1_1761468207
5644288,2-Training-Stats/learning_rate,0.00010897173342527822,Pong1PQFM_XObs_entangled_trainable_rzz_QLayers_5___seed_1_1761468207
5648384,2-Training-Stats/learning_rate,0.00010886931704590097,Pong1PQFM_XObs_entangled_trainable_rzz_QLayers_5___seed_1_1761468207
5652480,2-Training-Stats/learning_rate,0.00010876690066652372,Pong1PQFM_XObs_entangled_trainable_rzz_QLayers_5___seed_1_1761468207
5656576,2-Training-Stats/learning_rate,0.00010866448428714648,Pong1PQFM_XObs_entangled_trainable_rzz_QLayers_5___seed_1_1761468207
5660672,2-Training-Stats/learning_rate,0.00010856206790776923,Pong1PQFM_XObs_entangled_trainable_rzz_QLayers_5___seed_1_1761468207
5664768,2-Training-Stats/learning_rate,0.00010845964425243437,Pong1PQFM_XObs_entangled_trainable_rzz_QLayers_5___seed_1_1761468207
5668864,2-Training-Stats/learning_rate,0.00010835722787305713,Pong1PQFM_XObs_entangled_trainable_rzz_QLayers_5___seed_1_1761468207
5672960,2-Training-Stats/learning_rate,0.00010825481149367988,Pong1PQFM_XObs_entangled_trainable_rzz_QLayers_5___seed_1_1761468207
5677056,2-Training-Stats/learning_rate,0.00010815239511430264,Pong1PQFM_XObs_entangled_trainable_rzz_QLayers_5___seed_1_1761468207
5681152,2-Training-Stats/learning_rate,0.00010804997873492539,Pong1PQFM_XObs_entangled_trainable_rzz_QLayers_5___seed_1_1761468207
5685248,2-Training-Stats/learning_rate,0.00010794756235554814,Pong1PQFM_XObs_entangled_trainable_rzz_QLayers_5___seed_1_1761468207
5689344,2-Training-Stats/learning_rate,0.0001078451459761709,Pong1PQFM_XObs_entangled_trainable_rzz_QLayers_5___seed_1_1761468207
5693440,2-Training-Stats/learning_rate,0.00010774272959679365,Pong1PQFM_XObs_entangled_trainable_rzz_QLayers_5___seed_1_1761468207
5697536,2-Training-Stats/learning_rate,0.0001076403132174164,Pong1PQFM_XObs_entangled_trainable_rzz_QLayers_5___seed_1_1761468207
5701632,2-Training-Stats/learning_rate,0.00010753789683803916,Pong1PQFM_XObs_entangled_trainable_rzz_QLayers_5___seed_1_1761468207
5705728,2-Training-Stats/learning_rate,0.00010743548045866191,Pong1PQFM_XObs_entangled_trainable_rzz_QLayers_5___seed_1_1761468207
5709824,2-Training-Stats/learning_rate,0.00010733305680332705,Pong1PQFM_XObs_entangled_trainable_rzz_QLayers_5___seed_1_1761468207
5713920,2-Training-Stats/learning_rate,0.00010723064042394981,Pong1PQFM_XObs_entangled_trainable_rzz_QLayers_5___seed_1_1761468207
5718016,2-Training-Stats/learning_rate,0.00010712822404457256,Pong1PQFM_XObs_entangled_trainable_rzz_QLayers_5___seed_1_1761468207
5722112,2-Training-Stats/learning_rate,0.00010702580766519532,Pong1PQFM_XObs_entangled_trainable_rzz_QLayers_5___seed_1_1761468207
5726208,2-Training-Stats/learning_rate,0.00010692339128581807,Pong1PQFM_XObs_entangled_trainable_rzz_QLayers_5___seed_1_1761468207
5730304,2-Training-Stats/learning_rate,0.00010682097490644082,Pong1PQFM_XObs_entangled_trainable_rzz_QLayers_5___seed_1_1761468207
5734400,2-Training-Stats/learning_rate,0.00010671855852706358,Pong1PQFM_XObs_entangled_trainable_rzz_QLayers_5___seed_1_1761468207
5738496,2-Training-Stats/learning_rate,0.00010661614214768633,Pong1PQFM_XObs_entangled_trainable_rzz_QLayers_5___seed_1_1761468207
5742592,2-Training-Stats/learning_rate,0.00010651372576830909,Pong1PQFM_XObs_entangled_trainable_rzz_QLayers_5___seed_1_1761468207
5746688,2-Training-Stats/learning_rate,0.00010641130938893184,Pong1PQFM_XObs_entangled_trainable_rzz_QLayers_5___seed_1_1761468207
5750784,2-Training-Stats/learning_rate,0.0001063088930095546,Pong1PQFM_XObs_entangled_trainable_rzz_QLayers_5___seed_1_1761468207
5754880,2-Training-Stats/learning_rate,0.00010620646935421973,Pong1PQFM_XObs_entangled_trainable_rzz_QLayers_5___seed_1_1761468207
5758976,2-Training-Stats/learning_rate,0.00010610405297484249,Pong1PQFM_XObs_entangled_trainable_rzz_QLayers_5___seed_1_1761468207
5763072,2-Training-Stats/learning_rate,0.00010600163659546524,Pong1PQFM_XObs_entangled_trainable_rzz_QLayers_5___seed_1_1761468207
5767168,2-Training-Stats/learning_rate,0.000105899220216088,Pong1PQFM_XObs_entangled_trainable_rzz_QLayers_5___seed_1_1761468207
5771264,2-Training-Stats/learning_rate,0.00010579680383671075,Pong1PQFM_XObs_entangled_trainable_rzz_QLayers_5___seed_1_1761468207
5775360,2-Training-Stats/learning_rate,0.0001056943874573335,Pong1PQFM_XObs_entangled_trainable_rzz_QLayers_5___seed_1_1761468207
5779456,2-Training-Stats/learning_rate,0.00010559197107795626,Pong1PQFM_XObs_entangled_trainable_rzz_QLayers_5___seed_1_1761468207
5783552,2-Training-Stats/learning_rate,0.00010548955469857901,Pong1PQFM_XObs_entangled_trainable_rzz_QLayers_5___seed_1_1761468207
5787648,2-Training-Stats/learning_rate,0.00010538713831920177,Pong1PQFM_XObs_entangled_trainable_rzz_QLayers_5___seed_1_1761468207
5791744,2-Training-Stats/learning_rate,0.00010528472193982452,Pong1PQFM_XObs_entangled_trainable_rzz_QLayers_5___seed_1_1761468207
5795840,2-Training-Stats/learning_rate,0.00010518230556044728,Pong1PQFM_XObs_entangled_trainable_rzz_QLayers_5___seed_1_1761468207
5799936,2-Training-Stats/learning_rate,0.00010507988190511242,Pong1PQFM_XObs_entangled_trainable_rzz_QLayers_5___seed_1_1761468207
5804032,2-Training-Stats/learning_rate,0.00010497746552573517,Pong1PQFM_XObs_entangled_trainable_rzz_QLayers_5___seed_1_1761468207
5808128,2-Training-Stats/learning_rate,0.00010487504914635792,Pong1PQFM_XObs_entangled_trainable_rzz_QLayers_5___seed_1_1761468207
5812224,2-Training-Stats/learning_rate,0.00010477263276698068,Pong1PQFM_XObs_entangled_trainable_rzz_QLayers_5___seed_1_1761468207
5816320,2-Training-Stats/learning_rate,0.00010467021638760343,Pong1PQFM_XObs_entangled_trainable_rzz_QLayers_5___seed_1_1761468207
5820416,2-Training-Stats/learning_rate,0.00010456780000822619,Pong1PQFM_XObs_entangled_trainable_rzz_QLayers_5___seed_1_1761468207
5824512,2-Training-Stats/learning_rate,0.00010446538362884894,Pong1PQFM_XObs_entangled_trainable_rzz_QLayers_5___seed_1_1761468207
5828608,2-Training-Stats/learning_rate,0.0001043629672494717,Pong1PQFM_XObs_entangled_trainable_rzz_QLayers_5___seed_1_1761468207
5832704,2-Training-Stats/learning_rate,0.00010426055087009445,Pong1PQFM_XObs_entangled_trainable_rzz_QLayers_5___seed_1_1761468207
5836800,2-Training-Stats/learning_rate,0.0001041581344907172,Pong1PQFM_XObs_entangled_trainable_rzz_QLayers_5___seed_1_1761468207
5840896,2-Training-Stats/learning_rate,0.00010405571811133996,Pong1PQFM_XObs_entangled_trainable_rzz_QLayers_5___seed_1_1761468207
5844992,2-Training-Stats/learning_rate,0.0001039532944560051,Pong1PQFM_XObs_entangled_trainable_rzz_QLayers_5___seed_1_1761468207
5849088,2-Training-Stats/learning_rate,0.00010385087807662785,Pong1PQFM_XObs_entangled_trainable_rzz_QLayers_5___seed_1_1761468207
5853184,2-Training-Stats/learning_rate,0.0001037484616972506,Pong1PQFM_XObs_entangled_trainable_rzz_QLayers_5___seed_1_1761468207
5857280,2-Training-Stats/learning_rate,0.00010364604531787336,Pong1PQFM_XObs_entangled_trainable_rzz_QLayers_5___seed_1_1761468207
5861376,2-Training-Stats/learning_rate,0.00010354362893849611,Pong1PQFM_XObs_entangled_trainable_rzz_QLayers_5___seed_1_1761468207
5865472,2-Training-Stats/learning_rate,0.00010344121255911887,Pong1PQFM_XObs_entangled_trainable_rzz_QLayers_5___seed_1_1761468207
5869568,2-Training-Stats/learning_rate,0.00010333879617974162,Pong1PQFM_XObs_entangled_trainable_rzz_QLayers_5___seed_1_1761468207
5873664,2-Training-Stats/learning_rate,0.00010323637980036438,Pong1PQFM_XObs_entangled_trainable_rzz_QLayers_5___seed_1_1761468207
5877760,2-Training-Stats/learning_rate,0.00010313396342098713,Pong1PQFM_XObs_entangled_trainable_rzz_QLayers_5___seed_1_1761468207
5881856,2-Training-Stats/learning_rate,0.00010303154704160988,Pong1PQFM_XObs_entangled_trainable_rzz_QLayers_5___seed_1_1761468207
5885952,2-Training-Stats/learning_rate,0.00010292913066223264,Pong1PQFM_XObs_entangled_trainable_rzz_QLayers_5___seed_1_1761468207
5890048,2-Training-Stats/learning_rate,0.00010282670700689778,Pong1PQFM_XObs_entangled_trainable_rzz_QLayers_5___seed_1_1761468207
5894144,2-Training-Stats/learning_rate,0.00010272429062752053,Pong1PQFM_XObs_entangled_trainable_rzz_QLayers_5___seed_1_1761468207
5898240,2-Training-Stats/learning_rate,0.00010262187424814329,Pong1PQFM_XObs_entangled_trainable_rzz_QLayers_5___seed_1_1761468207
5902336,2-Training-Stats/learning_rate,0.00010251945786876604,Pong1PQFM_XObs_entangled_trainable_rzz_QLayers_5___seed_1_1761468207
5906432,2-Training-Stats/learning_rate,0.0001024170414893888,Pong1PQFM_XObs_entangled_trainable_rzz_QLayers_5___seed_1_1761468207
5910528,2-Training-Stats/learning_rate,0.00010231462511001155,Pong1PQFM_XObs_entangled_trainable_rzz_QLayers_5___seed_1_1761468207
5914624,2-Training-Stats/learning_rate,0.0001022122087306343,Pong1PQFM_XObs_entangled_trainable_rzz_QLayers_5___seed_1_1761468207
5918720,2-Training-Stats/learning_rate,0.00010210979235125706,Pong1PQFM_XObs_entangled_trainable_rzz_QLayers_5___seed_1_1761468207
5922816,2-Training-Stats/learning_rate,0.00010200737597187981,Pong1PQFM_XObs_entangled_trainable_rzz_QLayers_5___seed_1_1761468207
5926912,2-Training-Stats/learning_rate,0.00010190495959250256,Pong1PQFM_XObs_entangled_trainable_rzz_QLayers_5___seed_1_1761468207
5931008,2-Training-Stats/learning_rate,0.00010180254321312532,Pong1PQFM_XObs_entangled_trainable_rzz_QLayers_5___seed_1_1761468207
5935104,2-Training-Stats/learning_rate,0.00010170011955779046,Pong1PQFM_XObs_entangled_trainable_rzz_QLayers_5___seed_1_1761468207
5939200,2-Training-Stats/learning_rate,0.00010159770317841321,Pong1PQFM_XObs_entangled_trainable_rzz_QLayers_5___seed_1_1761468207
5943296,2-Training-Stats/learning_rate,0.00010149528679903597,Pong1PQFM_XObs_entangled_trainable_rzz_QLayers_5___seed_1_1761468207
5947392,2-Training-Stats/learning_rate,0.00010139287041965872,Pong1PQFM_XObs_entangled_trainable_rzz_QLayers_5___seed_1_1761468207
5951488,2-Training-Stats/learning_rate,0.00010129045404028147,Pong1PQFM_XObs_entangled_trainable_rzz_QLayers_5___seed_1_1761468207
5955584,2-Training-Stats/learning_rate,0.00010118803766090423,Pong1PQFM_XObs_entangled_trainable_rzz_QLayers_5___seed_1_1761468207
5959680,2-Training-Stats/learning_rate,0.00010108562128152698,Pong1PQFM_XObs_entangled_trainable_rzz_QLayers_5___seed_1_1761468207
5963776,2-Training-Stats/learning_rate,0.00010098320490214974,Pong1PQFM_XObs_entangled_trainable_rzz_QLayers_5___seed_1_1761468207
5967872,2-Training-Stats/learning_rate,0.00010088078852277249,Pong1PQFM_XObs_entangled_trainable_rzz_QLayers_5___seed_1_1761468207
5971968,2-Training-Stats/learning_rate,0.00010077837214339525,Pong1PQFM_XObs_entangled_trainable_rzz_QLayers_5___seed_1_1761468207
5976064,2-Training-Stats/learning_rate,0.000100675955764018,Pong1PQFM_XObs_entangled_trainable_rzz_QLayers_5___seed_1_1761468207
5980160,2-Training-Stats/learning_rate,0.00010057353210868314,Pong1PQFM_XObs_entangled_trainable_rzz_QLayers_5___seed_1_1761468207
5984256,2-Training-Stats/learning_rate,0.00010047111572930589,Pong1PQFM_XObs_entangled_trainable_rzz_QLayers_5___seed_1_1761468207
5988352,2-Training-Stats/learning_rate,0.00010036869934992865,Pong1PQFM_XObs_entangled_trainable_rzz_QLayers_5___seed_1_1761468207
5992448,2-Training-Stats/learning_rate,0.0001002662829705514,Pong1PQFM_XObs_entangled_trainable_rzz_QLayers_5___seed_1_1761468207
5996544,2-Training-Stats/learning_rate,0.00010016386659117416,Pong1PQFM_XObs_entangled_trainable_rzz_QLayers_5___seed_1_1761468207
6000640,2-Training-Stats/learning_rate,0.00010006145021179691,Pong1PQFM_XObs_entangled_trainable_rzz_QLayers_5___seed_1_1761468207
6004736,2-Training-Stats/learning_rate,9.995903383241966e-05,Pong1PQFM_XObs_entangled_trainable_rzz_QLayers_5___seed_1_1761468207
6008832,2-Training-Stats/learning_rate,9.985661745304242e-05,Pong1PQFM_XObs_entangled_trainable_rzz_QLayers_5___seed_1_1761468207
6012928,2-Training-Stats/learning_rate,9.975420107366517e-05,Pong1PQFM_XObs_entangled_trainable_rzz_QLayers_5___seed_1_1761468207
6017024,2-Training-Stats/learning_rate,9.965178469428793e-05,Pong1PQFM_XObs_entangled_trainable_rzz_QLayers_5___seed_1_1761468207
6021120,2-Training-Stats/learning_rate,9.954936831491068e-05,Pong1PQFM_XObs_entangled_trainable_rzz_QLayers_5___seed_1_1761468207
6025216,2-Training-Stats/learning_rate,9.944694465957582e-05,Pong1PQFM_XObs_entangled_trainable_rzz_QLayers_5___seed_1_1761468207
6029312,2-Training-Stats/learning_rate,9.934452828019857e-05,Pong1PQFM_XObs_entangled_trainable_rzz_QLayers_5___seed_1_1761468207
6033408,2-Training-Stats/learning_rate,9.924211190082133e-05,Pong1PQFM_XObs_entangled_trainable_rzz_QLayers_5___seed_1_1761468207
6037504,2-Training-Stats/learning_rate,9.913969552144408e-05,Pong1PQFM_XObs_entangled_trainable_rzz_QLayers_5___seed_1_1761468207
6041600,2-Training-Stats/learning_rate,9.903727914206684e-05,Pong1PQFM_XObs_entangled_trainable_rzz_QLayers_5___seed_1_1761468207
6045696,2-Training-Stats/learning_rate,9.893486276268959e-05,Pong1PQFM_XObs_entangled_trainable_rzz_QLayers_5___seed_1_1761468207
6049792,2-Training-Stats/learning_rate,9.883244638331234e-05,Pong1PQFM_XObs_entangled_trainable_rzz_QLayers_5___seed_1_1761468207
6053888,2-Training-Stats/learning_rate,9.87300300039351e-05,Pong1PQFM_XObs_entangled_trainable_rzz_QLayers_5___seed_1_1761468207
6057984,2-Training-Stats/learning_rate,9.862761362455785e-05,Pong1PQFM_XObs_entangled_trainable_rzz_QLayers_5___seed_1_1761468207
6062080,2-Training-Stats/learning_rate,9.852519724518061e-05,Pong1PQFM_XObs_entangled_trainable_rzz_QLayers_5___seed_1_1761468207
6066176,2-Training-Stats/learning_rate,9.842278086580336e-05,Pong1PQFM_XObs_entangled_trainable_rzz_QLayers_5___seed_1_1761468207
6070272,2-Training-Stats/learning_rate,9.83203572104685e-05,Pong1PQFM_XObs_entangled_trainable_rzz_QLayers_5___seed_1_1761468207
6074368,2-Training-Stats/learning_rate,9.821794083109125e-05,Pong1PQFM_XObs_entangled_trainable_rzz_QLayers_5___seed_1_1761468207
6078464,2-Training-Stats/learning_rate,9.811552445171401e-05,Pong1PQFM_XObs_entangled_trainable_rzz_QLayers_5___seed_1_1761468207
6082560,2-Training-Stats/learning_rate,9.801310807233676e-05,Pong1PQFM_XObs_entangled_trainable_rzz_QLayers_5___seed_1_1761468207
6086656,2-Training-Stats/learning_rate,9.791069169295952e-05,Pong1PQFM_XObs_entangled_trainable_rzz_QLayers_5___seed_1_1761468207
6090752,2-Training-Stats/learning_rate,9.780827531358227e-05,Pong1PQFM_XObs_entangled_trainable_rzz_QLayers_5___seed_1_1761468207
6094848,2-Training-Stats/learning_rate,9.770585893420503e-05,Pong1PQFM_XObs_entangled_trainable_rzz_QLayers_5___seed_1_1761468207
6098944,2-Training-Stats/learning_rate,9.760344255482778e-05,Pong1PQFM_XObs_entangled_trainable_rzz_QLayers_5___seed_1_1761468207
6103040,2-Training-Stats/learning_rate,9.750102617545053e-05,Pong1PQFM_XObs_entangled_trainable_rzz_QLayers_5___seed_1_1761468207
6107136,2-Training-Stats/learning_rate,9.739860979607329e-05,Pong1PQFM_XObs_entangled_trainable_rzz_QLayers_5___seed_1_1761468207
6111232,2-Training-Stats/learning_rate,9.729619341669604e-05,Pong1PQFM_XObs_entangled_trainable_rzz_QLayers_5___seed_1_1761468207
6115328,2-Training-Stats/learning_rate,9.719376976136118e-05,Pong1PQFM_XObs_entangled_trainable_rzz_QLayers_5___seed_1_1761468207
6119424,2-Training-Stats/learning_rate,9.709135338198394e-05,Pong1PQFM_XObs_entangled_trainable_rzz_QLayers_5___seed_1_1761468207
6123520,2-Training-Stats/learning_rate,9.698893700260669e-05,Pong1PQFM_XObs_entangled_trainable_rzz_QLayers_5___seed_1_1761468207
6127616,2-Training-Stats/learning_rate,9.688652062322944e-05,Pong1PQFM_XObs_entangled_trainable_rzz_QLayers_5___seed_1_1761468207
6131712,2-Training-Stats/learning_rate,9.67841042438522e-05,Pong1PQFM_XObs_entangled_trainable_rzz_QLayers_5___seed_1_1761468207
6135808,2-Training-Stats/learning_rate,9.668168786447495e-05,Pong1PQFM_XObs_entangled_trainable_rzz_QLayers_5___seed_1_1761468207
6139904,2-Training-Stats/learning_rate,9.65792714850977e-05,Pong1PQFM_XObs_entangled_trainable_rzz_QLayers_5___seed_1_1761468207
6144000,2-Training-Stats/learning_rate,9.647685510572046e-05,Pong1PQFM_XObs_entangled_trainable_rzz_QLayers_5___seed_1_1761468207
6148096,2-Training-Stats/learning_rate,9.637443872634321e-05,Pong1PQFM_XObs_entangled_trainable_rzz_QLayers_5___seed_1_1761468207
6152192,2-Training-Stats/learning_rate,9.627202234696597e-05,Pong1PQFM_XObs_entangled_trainable_rzz_QLayers_5___seed_1_1761468207
6156288,2-Training-Stats/learning_rate,9.616960596758872e-05,Pong1PQFM_XObs_entangled_trainable_rzz_QLayers_5___seed_1_1761468207
6160384,2-Training-Stats/learning_rate,9.606718231225386e-05,Pong1PQFM_XObs_entangled_trainable_rzz_QLayers_5___seed_1_1761468207
6164480,2-Training-Stats/learning_rate,9.596476593287662e-05,Pong1PQFM_XObs_entangled_trainable_rzz_QLayers_5___seed_1_1761468207
6168576,2-Training-Stats/learning_rate,9.586234955349937e-05,Pong1PQFM_XObs_entangled_trainable_rzz_QLayers_5___seed_1_1761468207
6172672,2-Training-Stats/learning_rate,9.575993317412212e-05,Pong1PQFM_XObs_entangled_trainable_rzz_QLayers_5___seed_1_1761468207
6176768,2-Training-Stats/learning_rate,9.565751679474488e-05,Pong1PQFM_XObs_entangled_trainable_rzz_QLayers_5___seed_1_1761468207
6180864,2-Training-Stats/learning_rate,9.555510041536763e-05,Pong1PQFM_XObs_entangled_trainable_rzz_QLayers_5___seed_1_1761468207
6184960,2-Training-Stats/learning_rate,9.545268403599039e-05,Pong1PQFM_XObs_entangled_trainable_rzz_QLayers_5___seed_1_1761468207
6189056,2-Training-Stats/learning_rate,9.535026765661314e-05,Pong1PQFM_XObs_entangled_trainable_rzz_QLayers_5___seed_1_1761468207
6193152,2-Training-Stats/learning_rate,9.52478512772359e-05,Pong1PQFM_XObs_entangled_trainable_rzz_QLayers_5___seed_1_1761468207
6197248,2-Training-Stats/learning_rate,9.514543489785865e-05,Pong1PQFM_XObs_entangled_trainable_rzz_QLayers_5___seed_1_1761468207
6201344,2-Training-Stats/learning_rate,9.50430185184814e-05,Pong1PQFM_XObs_entangled_trainable_rzz_QLayers_5___seed_1_1761468207
6205440,2-Training-Stats/learning_rate,9.494059486314654e-05,Pong1PQFM_XObs_entangled_trainable_rzz_QLayers_5___seed_1_1761468207
6209536,2-Training-Stats/learning_rate,9.48381784837693e-05,Pong1PQFM_XObs_entangled_trainable_rzz_QLayers_5___seed_1_1761468207
6213632,2-Training-Stats/learning_rate,9.473576210439205e-05,Pong1PQFM_XObs_entangled_trainable_rzz_QLayers_5___seed_1_1761468207
6217728,2-Training-Stats/learning_rate,9.46333457250148e-05,Pong1PQFM_XObs_entangled_trainable_rzz_QLayers_5___seed_1_1761468207
6221824,2-Training-Stats/learning_rate,9.453092934563756e-05,Pong1PQFM_XObs_entangled_trainable_rzz_QLayers_5___seed_1_1761468207
6225920,2-Training-Stats/learning_rate,9.442851296626031e-05,Pong1PQFM_XObs_entangled_trainable_rzz_QLayers_5___seed_1_1761468207
6230016,2-Training-Stats/learning_rate,9.432609658688307e-05,Pong1PQFM_XObs_entangled_trainable_rzz_QLayers_5___seed_1_1761468207
6234112,2-Training-Stats/learning_rate,9.422368020750582e-05,Pong1PQFM_XObs_entangled_trainable_rzz_QLayers_5___seed_1_1761468207
6238208,2-Training-Stats/learning_rate,9.412126382812858e-05,Pong1PQFM_XObs_entangled_trainable_rzz_QLayers_5___seed_1_1761468207
6242304,2-Training-Stats/learning_rate,9.401884744875133e-05,Pong1PQFM_XObs_entangled_trainable_rzz_QLayers_5___seed_1_1761468207
6246400,2-Training-Stats/learning_rate,9.391643106937408e-05,Pong1PQFM_XObs_entangled_trainable_rzz_QLayers_5___seed_1_1761468207
6250496,2-Training-Stats/learning_rate,9.381400741403922e-05,Pong1PQFM_XObs_entangled_trainable_rzz_QLayers_5___seed_1_1761468207
6254592,2-Training-Stats/learning_rate,9.371159103466198e-05,Pong1PQFM_XObs_entangled_trainable_rzz_QLayers_5___seed_1_1761468207
6258688,2-Training-Stats/learning_rate,9.360917465528473e-05,Pong1PQFM_XObs_entangled_trainable_rzz_QLayers_5___seed_1_1761468207
6262784,2-Training-Stats/learning_rate,9.350675827590749e-05,Pong1PQFM_XObs_entangled_trainable_rzz_QLayers_5___seed_1_1761468207
6266880,2-Training-Stats/learning_rate,9.340434189653024e-05,Pong1PQFM_XObs_entangled_trainable_rzz_QLayers_5___seed_1_1761468207
6270976,2-Training-Stats/learning_rate,9.3301925517153e-05,Pong1PQFM_XObs_entangled_trainable_rzz_QLayers_5___seed_1_1761468207
6275072,2-Training-Stats/learning_rate,9.319950913777575e-05,Pong1PQFM_XObs_entangled_trainable_rzz_QLayers_5___seed_1_1761468207
6279168,2-Training-Stats/learning_rate,9.30970927583985e-05,Pong1PQFM_XObs_entangled_trainable_rzz_QLayers_5___seed_1_1761468207
6283264,2-Training-Stats/learning_rate,9.299467637902126e-05,Pong1PQFM_XObs_entangled_trainable_rzz_QLayers_5___seed_1_1761468207
6287360,2-Training-Stats/learning_rate,9.289225999964401e-05,Pong1PQFM_XObs_entangled_trainable_rzz_QLayers_5___seed_1_1761468207
6291456,2-Training-Stats/learning_rate,9.278984362026677e-05,Pong1PQFM_XObs_entangled_trainable_rzz_QLayers_5___seed_1_1761468207
6295552,2-Training-Stats/learning_rate,9.26874199649319e-05,Pong1PQFM_XObs_entangled_trainable_rzz_QLayers_5___seed_1_1761468207
6299648,2-Training-Stats/learning_rate,9.258500358555466e-05,Pong1PQFM_XObs_entangled_trainable_rzz_QLayers_5___seed_1_1761468207
6303744,2-Training-Stats/learning_rate,9.248258720617741e-05,Pong1PQFM_XObs_entangled_trainable_rzz_QLayers_5___seed_1_1761468207
6307840,2-Training-Stats/learning_rate,9.238017082680017e-05,Pong1PQFM_XObs_entangled_trainable_rzz_QLayers_5___seed_1_1761468207
6311936,2-Training-Stats/learning_rate,9.227775444742292e-05,Pong1PQFM_XObs_entangled_trainable_rzz_QLayers_5___seed_1_1761468207
6316032,2-Training-Stats/learning_rate,9.217533806804568e-05,Pong1PQFM_XObs_entangled_trainable_rzz_QLayers_5___seed_1_1761468207
6320128,2-Training-Stats/learning_rate,9.207292168866843e-05,Pong1PQFM_XObs_entangled_trainable_rzz_QLayers_5___seed_1_1761468207
6324224,2-Training-Stats/learning_rate,9.197050530929118e-05,Pong1PQFM_XObs_entangled_trainable_rzz_QLayers_5___seed_1_1761468207
6328320,2-Training-Stats/learning_rate,9.186808892991394e-05,Pong1PQFM_XObs_entangled_trainable_rzz_QLayers_5___seed_1_1761468207
6332416,2-Training-Stats/learning_rate,9.176567255053669e-05,Pong1PQFM_XObs_entangled_trainable_rzz_QLayers_5___seed_1_1761468207
6336512,2-Training-Stats/learning_rate,9.166325617115945e-05,Pong1PQFM_XObs_entangled_trainable_rzz_QLayers_5___seed_1_1761468207
6340608,2-Training-Stats/learning_rate,9.156083251582459e-05,Pong1PQFM_XObs_entangled_trainable_rzz_QLayers_5___seed_1_1761468207
6344704,2-Training-Stats/learning_rate,9.145841613644734e-05,Pong1PQFM_XObs_entangled_trainable_rzz_QLayers_5___seed_1_1761468207
6348800,2-Training-Stats/learning_rate,9.13559997570701e-05,Pong1PQFM_XObs_entangled_trainable_rzz_QLayers_5___seed_1_1761468207
6352896,2-Training-Stats/learning_rate,9.125358337769285e-05,Pong1PQFM_XObs_entangled_trainable_rzz_QLayers_5___seed_1_1761468207
6356992,2-Training-Stats/learning_rate,9.11511669983156e-05,Pong1PQFM_XObs_entangled_trainable_rzz_QLayers_5___seed_1_1761468207
6361088,2-Training-Stats/learning_rate,9.104875061893836e-05,Pong1PQFM_XObs_entangled_trainable_rzz_QLayers_5___seed_1_1761468207
6365184,2-Training-Stats/learning_rate,9.094633423956111e-05,Pong1PQFM_XObs_entangled_trainable_rzz_QLayers_5___seed_1_1761468207
6369280,2-Training-Stats/learning_rate,9.084391786018386e-05,Pong1PQFM_XObs_entangled_trainable_rzz_QLayers_5___seed_1_1761468207
6373376,2-Training-Stats/learning_rate,9.074150148080662e-05,Pong1PQFM_XObs_entangled_trainable_rzz_QLayers_5___seed_1_1761468207
6377472,2-Training-Stats/learning_rate,9.063908510142937e-05,Pong1PQFM_XObs_entangled_trainable_rzz_QLayers_5___seed_1_1761468207
6381568,2-Training-Stats/learning_rate,9.053666872205213e-05,Pong1PQFM_XObs_entangled_trainable_rzz_QLayers_5___seed_1_1761468207
6385664,2-Training-Stats/learning_rate,9.043424506671727e-05,Pong1PQFM_XObs_entangled_trainable_rzz_QLayers_5___seed_1_1761468207
6389760,2-Training-Stats/learning_rate,9.033182868734002e-05,Pong1PQFM_XObs_entangled_trainable_rzz_QLayers_5___seed_1_1761468207
6393856,2-Training-Stats/learning_rate,9.022941230796278e-05,Pong1PQFM_XObs_entangled_trainable_rzz_QLayers_5___seed_1_1761468207
6397952,2-Training-Stats/learning_rate,9.012699592858553e-05,Pong1PQFM_XObs_entangled_trainable_rzz_QLayers_5___seed_1_1761468207
6402048,2-Training-Stats/learning_rate,9.002457954920828e-05,Pong1PQFM_XObs_entangled_trainable_rzz_QLayers_5___seed_1_1761468207
6406144,2-Training-Stats/learning_rate,8.992216316983104e-05,Pong1PQFM_XObs_entangled_trainable_rzz_QLayers_5___seed_1_1761468207
6410240,2-Training-Stats/learning_rate,8.981974679045379e-05,Pong1PQFM_XObs_entangled_trainable_rzz_QLayers_5___seed_1_1761468207
6414336,2-Training-Stats/learning_rate,8.971733041107655e-05,Pong1PQFM_XObs_entangled_trainable_rzz_QLayers_5___seed_1_1761468207
6418432,2-Training-Stats/learning_rate,8.96149140316993e-05,Pong1PQFM_XObs_entangled_trainable_rzz_QLayers_5___seed_1_1761468207
6422528,2-Training-Stats/learning_rate,8.951249765232205e-05,Pong1PQFM_XObs_entangled_trainable_rzz_QLayers_5___seed_1_1761468207
6426624,2-Training-Stats/learning_rate,8.941008127294481e-05,Pong1PQFM_XObs_entangled_trainable_rzz_QLayers_5___seed_1_1761468207
6430720,2-Training-Stats/learning_rate,8.930765761760995e-05,Pong1PQFM_XObs_entangled_trainable_rzz_QLayers_5___seed_1_1761468207
6434816,2-Training-Stats/learning_rate,8.92052412382327e-05,Pong1PQFM_XObs_entangled_trainable_rzz_QLayers_5___seed_1_1761468207
6438912,2-Training-Stats/learning_rate,8.910282485885546e-05,Pong1PQFM_XObs_entangled_trainable_rzz_QLayers_5___seed_1_1761468207
6443008,2-Training-Stats/learning_rate,8.900040847947821e-05,Pong1PQFM_XObs_entangled_trainable_rzz_QLayers_5___seed_1_1761468207
6447104,2-Training-Stats/learning_rate,8.889799210010096e-05,Pong1PQFM_XObs_entangled_trainable_rzz_QLayers_5___seed_1_1761468207
6451200,2-Training-Stats/learning_rate,8.879557572072372e-05,Pong1PQFM_XObs_entangled_trainable_rzz_QLayers_5___seed_1_1761468207
6455296,2-Training-Stats/learning_rate,8.869315934134647e-05,Pong1PQFM_XObs_entangled_trainable_rzz_QLayers_5___seed_1_1761468207
6459392,2-Training-Stats/learning_rate,8.859074296196923e-05,Pong1PQFM_XObs_entangled_trainable_rzz_QLayers_5___seed_1_1761468207
6463488,2-Training-Stats/learning_rate,8.848832658259198e-05,Pong1PQFM_XObs_entangled_trainable_rzz_QLayers_5___seed_1_1761468207
6467584,2-Training-Stats/learning_rate,8.838591020321473e-05,Pong1PQFM_XObs_entangled_trainable_rzz_QLayers_5___seed_1_1761468207
6471680,2-Training-Stats/learning_rate,8.828349382383749e-05,Pong1PQFM_XObs_entangled_trainable_rzz_QLayers_5___seed_1_1761468207
6475776,2-Training-Stats/learning_rate,8.818107016850263e-05,Pong1PQFM_XObs_entangled_trainable_rzz_QLayers_5___seed_1_1761468207
6479872,2-Training-Stats/learning_rate,8.807865378912538e-05,Pong1PQFM_XObs_entangled_trainable_rzz_QLayers_5___seed_1_1761468207
6483968,2-Training-Stats/learning_rate,8.797623740974814e-05,Pong1PQFM_XObs_entangled_trainable_rzz_QLayers_5___seed_1_1761468207
6488064,2-Training-Stats/learning_rate,8.787382103037089e-05,Pong1PQFM_XObs_entangled_trainable_rzz_QLayers_5___seed_1_1761468207
6492160,2-Training-Stats/learning_rate,8.777140465099365e-05,Pong1PQFM_XObs_entangled_trainable_rzz_QLayers_5___seed_1_1761468207
6496256,2-Training-Stats/learning_rate,8.76689882716164e-05,Pong1PQFM_XObs_entangled_trainable_rzz_QLayers_5___seed_1_1761468207
6500352,2-Training-Stats/learning_rate,8.756657189223915e-05,Pong1PQFM_XObs_entangled_trainable_rzz_QLayers_5___seed_1_1761468207
6504448,2-Training-Stats/learning_rate,8.746415551286191e-05,Pong1PQFM_XObs_entangled_trainable_rzz_QLayers_5___seed_1_1761468207
6508544,2-Training-Stats/learning_rate,8.736173913348466e-05,Pong1PQFM_XObs_entangled_trainable_rzz_QLayers_5___seed_1_1761468207
6512640,2-Training-Stats/learning_rate,8.725932275410742e-05,Pong1PQFM_XObs_entangled_trainable_rzz_QLayers_5___seed_1_1761468207
6516736,2-Training-Stats/learning_rate,8.715690637473017e-05,Pong1PQFM_XObs_entangled_trainable_rzz_QLayers_5___seed_1_1761468207
6520832,2-Training-Stats/learning_rate,8.705448271939531e-05,Pong1PQFM_XObs_entangled_trainable_rzz_QLayers_5___seed_1_1761468207
6524928,2-Training-Stats/learning_rate,8.695206634001806e-05,Pong1PQFM_XObs_entangled_trainable_rzz_QLayers_5___seed_1_1761468207
6529024,2-Training-Stats/learning_rate,8.684964996064082e-05,Pong1PQFM_XObs_entangled_trainable_rzz_QLayers_5___seed_1_1761468207
6533120,2-Training-Stats/learning_rate,8.674723358126357e-05,Pong1PQFM_XObs_entangled_trainable_rzz_QLayers_5___seed_1_1761468207
6537216,2-Training-Stats/learning_rate,8.664481720188633e-05,Pong1PQFM_XObs_entangled_trainable_rzz_QLayers_5___seed_1_1761468207
6541312,2-Training-Stats/learning_rate,8.654240082250908e-05,Pong1PQFM_XObs_entangled_trainable_rzz_QLayers_5___seed_1_1761468207
6545408,2-Training-Stats/learning_rate,8.643998444313183e-05,Pong1PQFM_XObs_entangled_trainable_rzz_QLayers_5___seed_1_1761468207
6549504,2-Training-Stats/learning_rate,8.633756806375459e-05,Pong1PQFM_XObs_entangled_trainable_rzz_QLayers_5___seed_1_1761468207
6553600,2-Training-Stats/learning_rate,8.623515168437734e-05,Pong1PQFM_XObs_entangled_trainable_rzz_QLayers_5___seed_1_1761468207
6557696,2-Training-Stats/learning_rate,8.61327353050001e-05,Pong1PQFM_XObs_entangled_trainable_rzz_QLayers_5___seed_1_1761468207
6561792,2-Training-Stats/learning_rate,8.603031892562285e-05,Pong1PQFM_XObs_entangled_trainable_rzz_QLayers_5___seed_1_1761468207
6565888,2-Training-Stats/learning_rate,8.592789527028799e-05,Pong1PQFM_XObs_entangled_trainable_rzz_QLayers_5___seed_1_1761468207
6569984,2-Training-Stats/learning_rate,8.582547889091074e-05,Pong1PQFM_XObs_entangled_trainable_rzz_QLayers_5___seed_1_1761468207
6574080,2-Training-Stats/learning_rate,8.57230625115335e-05,Pong1PQFM_XObs_entangled_trainable_rzz_QLayers_5___seed_1_1761468207
6578176,2-Training-Stats/learning_rate,8.562064613215625e-05,Pong1PQFM_XObs_entangled_trainable_rzz_QLayers_5___seed_1_1761468207
6582272,2-Training-Stats/learning_rate,8.551822975277901e-05,Pong1PQFM_XObs_entangled_trainable_rzz_QLayers_5___seed_1_1761468207
6586368,2-Training-Stats/learning_rate,8.541581337340176e-05,Pong1PQFM_XObs_entangled_trainable_rzz_QLayers_5___seed_1_1761468207
6590464,2-Training-Stats/learning_rate,8.531339699402452e-05,Pong1PQFM_XObs_entangled_trainable_rzz_QLayers_5___seed_1_1761468207
6594560,2-Training-Stats/learning_rate,8.521098061464727e-05,Pong1PQFM_XObs_entangled_trainable_rzz_QLayers_5___seed_1_1761468207
6598656,2-Training-Stats/learning_rate,8.510856423527002e-05,Pong1PQFM_XObs_entangled_trainable_rzz_QLayers_5___seed_1_1761468207
6602752,2-Training-Stats/learning_rate,8.500614785589278e-05,Pong1PQFM_XObs_entangled_trainable_rzz_QLayers_5___seed_1_1761468207
6606848,2-Training-Stats/learning_rate,8.490373147651553e-05,Pong1PQFM_XObs_entangled_trainable_rzz_QLayers_5___seed_1_1761468207
6610944,2-Training-Stats/learning_rate,8.480130782118067e-05,Pong1PQFM_XObs_entangled_trainable_rzz_QLayers_5___seed_1_1761468207
6615040,2-Training-Stats/learning_rate,8.469889144180343e-05,Pong1PQFM_XObs_entangled_trainable_rzz_QLayers_5___seed_1_1761468207
6619136,2-Training-Stats/learning_rate,8.459647506242618e-05,Pong1PQFM_XObs_entangled_trainable_rzz_QLayers_5___seed_1_1761468207
6623232,2-Training-Stats/learning_rate,8.449405868304893e-05,Pong1PQFM_XObs_entangled_trainable_rzz_QLayers_5___seed_1_1761468207
6627328,2-Training-Stats/learning_rate,8.439164230367169e-05,Pong1PQFM_XObs_entangled_trainable_rzz_QLayers_5___seed_1_1761468207
6631424,2-Training-Stats/learning_rate,8.428922592429444e-05,Pong1PQFM_XObs_entangled_trainable_rzz_QLayers_5___seed_1_1761468207
6635520,2-Training-Stats/learning_rate,8.41868095449172e-05,Pong1PQFM_XObs_entangled_trainable_rzz_QLayers_5___seed_1_1761468207
6639616,2-Training-Stats/learning_rate,8.408439316553995e-05,Pong1PQFM_XObs_entangled_trainable_rzz_QLayers_5___seed_1_1761468207
6643712,2-Training-Stats/learning_rate,8.39819767861627e-05,Pong1PQFM_XObs_entangled_trainable_rzz_QLayers_5___seed_1_1761468207
6647808,2-Training-Stats/learning_rate,8.387956040678546e-05,Pong1PQFM_XObs_entangled_trainable_rzz_QLayers_5___seed_1_1761468207
6651904,2-Training-Stats/learning_rate,8.377714402740821e-05,Pong1PQFM_XObs_entangled_trainable_rzz_QLayers_5___seed_1_1761468207
6656000,2-Training-Stats/learning_rate,8.367472037207335e-05,Pong1PQFM_XObs_entangled_trainable_rzz_QLayers_5___seed_1_1761468207
6660096,2-Training-Stats/learning_rate,8.35723039926961e-05,Pong1PQFM_XObs_entangled_trainable_rzz_QLayers_5___seed_1_1761468207
6664192,2-Training-Stats/learning_rate,8.346988761331886e-05,Pong1PQFM_XObs_entangled_trainable_rzz_QLayers_5___seed_1_1761468207
6668288,2-Training-Stats/learning_rate,8.336747123394161e-05,Pong1PQFM_XObs_entangled_trainable_rzz_QLayers_5___seed_1_1761468207
6672384,2-Training-Stats/learning_rate,8.326505485456437e-05,Pong1PQFM_XObs_entangled_trainable_rzz_QLayers_5___seed_1_1761468207
6676480,2-Training-Stats/learning_rate,8.316263847518712e-05,Pong1PQFM_XObs_entangled_trainable_rzz_QLayers_5___seed_1_1761468207
6680576,2-Training-Stats/learning_rate,8.306022209580988e-05,Pong1PQFM_XObs_entangled_trainable_rzz_QLayers_5___seed_1_1761468207
6684672,2-Training-Stats/learning_rate,8.295780571643263e-05,Pong1PQFM_XObs_entangled_trainable_rzz_QLayers_5___seed_1_1761468207
6688768,2-Training-Stats/learning_rate,8.285538933705539e-05,Pong1PQFM_XObs_entangled_trainable_rzz_QLayers_5___seed_1_1761468207
6692864,2-Training-Stats/learning_rate,8.275297295767814e-05,Pong1PQFM_XObs_entangled_trainable_rzz_QLayers_5___seed_1_1761468207
6696960,2-Training-Stats/learning_rate,8.26505565783009e-05,Pong1PQFM_XObs_entangled_trainable_rzz_QLayers_5___seed_1_1761468207
6701056,2-Training-Stats/learning_rate,8.254813292296603e-05,Pong1PQFM_XObs_entangled_trainable_rzz_QLayers_5___seed_1_1761468207
6705152,2-Training-Stats/learning_rate,8.244571654358879e-05,Pong1PQFM_XObs_entangled_trainable_rzz_QLayers_5___seed_1_1761468207
6709248,2-Training-Stats/learning_rate,8.234330016421154e-05,Pong1PQFM_XObs_entangled_trainable_rzz_QLayers_5___seed_1_1761468207
6713344,2-Training-Stats/learning_rate,8.22408837848343e-05,Pong1PQFM_XObs_entangled_trainable_rzz_QLayers_5___seed_1_1761468207
6717440,2-Training-Stats/learning_rate,8.213846740545705e-05,Pong1PQFM_XObs_entangled_trainable_rzz_QLayers_5___seed_1_1761468207
6721536,2-Training-Stats/learning_rate,8.20360510260798e-05,Pong1PQFM_XObs_entangled_trainable_rzz_QLayers_5___seed_1_1761468207
6725632,2-Training-Stats/learning_rate,8.193363464670256e-05,Pong1PQFM_XObs_entangled_trainable_rzz_QLayers_5___seed_1_1761468207
6729728,2-Training-Stats/learning_rate,8.183121826732531e-05,Pong1PQFM_XObs_entangled_trainable_rzz_QLayers_5___seed_1_1761468207
6733824,2-Training-Stats/learning_rate,8.172880188794807e-05,Pong1PQFM_XObs_entangled_trainable_rzz_QLayers_5___seed_1_1761468207
6737920,2-Training-Stats/learning_rate,8.162638550857082e-05,Pong1PQFM_XObs_entangled_trainable_rzz_QLayers_5___seed_1_1761468207
6742016,2-Training-Stats/learning_rate,8.152396912919357e-05,Pong1PQFM_XObs_entangled_trainable_rzz_QLayers_5___seed_1_1761468207
6746112,2-Training-Stats/learning_rate,8.142154547385871e-05,Pong1PQFM_XObs_entangled_trainable_rzz_QLayers_5___seed_1_1761468207
6750208,2-Training-Stats/learning_rate,8.131912909448147e-05,Pong1PQFM_XObs_entangled_trainable_rzz_QLayers_5___seed_1_1761468207
6754304,2-Training-Stats/learning_rate,8.121671271510422e-05,Pong1PQFM_XObs_entangled_trainable_rzz_QLayers_5___seed_1_1761468207
6758400,2-Training-Stats/learning_rate,8.111429633572698e-05,Pong1PQFM_XObs_entangled_trainable_rzz_QLayers_5___seed_1_1761468207
6762496,2-Training-Stats/learning_rate,8.101187995634973e-05,Pong1PQFM_XObs_entangled_trainable_rzz_QLayers_5___seed_1_1761468207
6766592,2-Training-Stats/learning_rate,8.090946357697248e-05,Pong1PQFM_XObs_entangled_trainable_rzz_QLayers_5___seed_1_1761468207
6770688,2-Training-Stats/learning_rate,8.080704719759524e-05,Pong1PQFM_XObs_entangled_trainable_rzz_QLayers_5___seed_1_1761468207
6774784,2-Training-Stats/learning_rate,8.070463081821799e-05,Pong1PQFM_XObs_entangled_trainable_rzz_QLayers_5___seed_1_1761468207
6778880,2-Training-Stats/learning_rate,8.060221443884075e-05,Pong1PQFM_XObs_entangled_trainable_rzz_QLayers_5___seed_1_1761468207
6782976,2-Training-Stats/learning_rate,8.04997980594635e-05,Pong1PQFM_XObs_entangled_trainable_rzz_QLayers_5___seed_1_1761468207
6787072,2-Training-Stats/learning_rate,8.039738168008626e-05,Pong1PQFM_XObs_entangled_trainable_rzz_QLayers_5___seed_1_1761468207
6791168,2-Training-Stats/learning_rate,8.02949580247514e-05,Pong1PQFM_XObs_entangled_trainable_rzz_QLayers_5___seed_1_1761468207
6795264,2-Training-Stats/learning_rate,8.019254164537415e-05,Pong1PQFM_XObs_entangled_trainable_rzz_QLayers_5___seed_1_1761468207
6799360,2-Training-Stats/learning_rate,8.00901252659969e-05,Pong1PQFM_XObs_entangled_trainable_rzz_QLayers_5___seed_1_1761468207
6803456,2-Training-Stats/learning_rate,7.998770888661966e-05,Pong1PQFM_XObs_entangled_trainable_rzz_QLayers_5___seed_1_1761468207
6807552,2-Training-Stats/learning_rate,7.988529250724241e-05,Pong1PQFM_XObs_entangled_trainable_rzz_QLayers_5___seed_1_1761468207
6811648,2-Training-Stats/learning_rate,7.978287612786517e-05,Pong1PQFM_XObs_entangled_trainable_rzz_QLayers_5___seed_1_1761468207
6815744,2-Training-Stats/learning_rate,7.968045974848792e-05,Pong1PQFM_XObs_entangled_trainable_rzz_QLayers_5___seed_1_1761468207
6819840,2-Training-Stats/learning_rate,7.957804336911067e-05,Pong1PQFM_XObs_entangled_trainable_rzz_QLayers_5___seed_1_1761468207
6823936,2-Training-Stats/learning_rate,7.947562698973343e-05,Pong1PQFM_XObs_entangled_trainable_rzz_QLayers_5___seed_1_1761468207
6828032,2-Training-Stats/learning_rate,7.937321061035618e-05,Pong1PQFM_XObs_entangled_trainable_rzz_QLayers_5___seed_1_1761468207
6832128,2-Training-Stats/learning_rate,7.927079423097894e-05,Pong1PQFM_XObs_entangled_trainable_rzz_QLayers_5___seed_1_1761468207
6836224,2-Training-Stats/learning_rate,7.916837057564408e-05,Pong1PQFM_XObs_entangled_trainable_rzz_QLayers_5___seed_1_1761468207
6840320,2-Training-Stats/learning_rate,7.906595419626683e-05,Pong1PQFM_XObs_entangled_trainable_rzz_QLayers_5___seed_1_1761468207
6844416,2-Training-Stats/learning_rate,7.896353781688958e-05,Pong1PQFM_XObs_entangled_trainable_rzz_QLayers_5___seed_1_1761468207
6848512,2-Training-Stats/learning_rate,7.886112143751234e-05,Pong1PQFM_XObs_entangled_trainable_rzz_QLayers_5___seed_1_1761468207
6852608,2-Training-Stats/learning_rate,7.875870505813509e-05,Pong1PQFM_XObs_entangled_trainable_rzz_QLayers_5___seed_1_1761468207
6856704,2-Training-Stats/learning_rate,7.865628867875785e-05,Pong1PQFM_XObs_entangled_trainable_rzz_QLayers_5___seed_1_1761468207
6860800,2-Training-Stats/learning_rate,7.85538722993806e-05,Pong1PQFM_XObs_entangled_trainable_rzz_QLayers_5___seed_1_1761468207
6864896,2-Training-Stats/learning_rate,7.845145592000335e-05,Pong1PQFM_XObs_entangled_trainable_rzz_QLayers_5___seed_1_1761468207
6868992,2-Training-Stats/learning_rate,7.834903954062611e-05,Pong1PQFM_XObs_entangled_trainable_rzz_QLayers_5___seed_1_1761468207
6873088,2-Training-Stats/learning_rate,7.824662316124886e-05,Pong1PQFM_XObs_entangled_trainable_rzz_QLayers_5___seed_1_1761468207
6877184,2-Training-Stats/learning_rate,7.814420678187162e-05,Pong1PQFM_XObs_entangled_trainable_rzz_QLayers_5___seed_1_1761468207
6881280,2-Training-Stats/learning_rate,7.804178312653676e-05,Pong1PQFM_XObs_entangled_trainable_rzz_QLayers_5___seed_1_1761468207
6885376,2-Training-Stats/learning_rate,7.793936674715951e-05,Pong1PQFM_XObs_entangled_trainable_rzz_QLayers_5___seed_1_1761468207
6889472,2-Training-Stats/learning_rate,7.783695036778226e-05,Pong1PQFM_XObs_entangled_trainable_rzz_QLayers_5___seed_1_1761468207
6893568,2-Training-Stats/learning_rate,7.773453398840502e-05,Pong1PQFM_XObs_entangled_trainable_rzz_QLayers_5___seed_1_1761468207
6897664,2-Training-Stats/learning_rate,7.763211760902777e-05,Pong1PQFM_XObs_entangled_trainable_rzz_QLayers_5___seed_1_1761468207
6901760,2-Training-Stats/learning_rate,7.752970122965053e-05,Pong1PQFM_XObs_entangled_trainable_rzz_QLayers_5___seed_1_1761468207
6905856,2-Training-Stats/learning_rate,7.742728485027328e-05,Pong1PQFM_XObs_entangled_trainable_rzz_QLayers_5___seed_1_1761468207
6909952,2-Training-Stats/learning_rate,7.732486847089604e-05,Pong1PQFM_XObs_entangled_trainable_rzz_QLayers_5___seed_1_1761468207
6914048,2-Training-Stats/learning_rate,7.722245209151879e-05,Pong1PQFM_XObs_entangled_trainable_rzz_QLayers_5___seed_1_1761468207
6918144,2-Training-Stats/learning_rate,7.712003571214154e-05,Pong1PQFM_XObs_entangled_trainable_rzz_QLayers_5___seed_1_1761468207
6922240,2-Training-Stats/learning_rate,7.70176193327643e-05,Pong1PQFM_XObs_entangled_trainable_rzz_QLayers_5___seed_1_1761468207
6926336,2-Training-Stats/learning_rate,7.691519567742944e-05,Pong1PQFM_XObs_entangled_trainable_rzz_QLayers_5___seed_1_1761468207
6930432,2-Training-Stats/learning_rate,7.681277929805219e-05,Pong1PQFM_XObs_entangled_trainable_rzz_QLayers_5___seed_1_1761468207
6934528,2-Training-Stats/learning_rate,7.671036291867495e-05,Pong1PQFM_XObs_entangled_trainable_rzz_QLayers_5___seed_1_1761468207
6938624,2-Training-Stats/learning_rate,7.66079465392977e-05,Pong1PQFM_XObs_entangled_trainable_rzz_QLayers_5___seed_1_1761468207
6942720,2-Training-Stats/learning_rate,7.650553015992045e-05,Pong1PQFM_XObs_entangled_trainable_rzz_QLayers_5___seed_1_1761468207
6946816,2-Training-Stats/learning_rate,7.640311378054321e-05,Pong1PQFM_XObs_entangled_trainable_rzz_QLayers_5___seed_1_1761468207
6950912,2-Training-Stats/learning_rate,7.630069740116596e-05,Pong1PQFM_XObs_entangled_trainable_rzz_QLayers_5___seed_1_1761468207
6955008,2-Training-Stats/learning_rate,7.619828102178872e-05,Pong1PQFM_XObs_entangled_trainable_rzz_QLayers_5___seed_1_1761468207
6959104,2-Training-Stats/learning_rate,7.609586464241147e-05,Pong1PQFM_XObs_entangled_trainable_rzz_QLayers_5___seed_1_1761468207
6963200,2-Training-Stats/learning_rate,7.599344826303422e-05,Pong1PQFM_XObs_entangled_trainable_rzz_QLayers_5___seed_1_1761468207
6967296,2-Training-Stats/learning_rate,7.589103188365698e-05,Pong1PQFM_XObs_entangled_trainable_rzz_QLayers_5___seed_1_1761468207
6971392,2-Training-Stats/learning_rate,7.578860822832212e-05,Pong1PQFM_XObs_entangled_trainable_rzz_QLayers_5___seed_1_1761468207
6975488,2-Training-Stats/learning_rate,7.568619184894487e-05,Pong1PQFM_XObs_entangled_trainable_rzz_QLayers_5___seed_1_1761468207
6979584,2-Training-Stats/learning_rate,7.558377546956763e-05,Pong1PQFM_XObs_entangled_trainable_rzz_QLayers_5___seed_1_1761468207
6983680,2-Training-Stats/learning_rate,7.548135909019038e-05,Pong1PQFM_XObs_entangled_trainable_rzz_QLayers_5___seed_1_1761468207
6987776,2-Training-Stats/learning_rate,7.537894271081313e-05,Pong1PQFM_XObs_entangled_trainable_rzz_QLayers_5___seed_1_1761468207
6991872,2-Training-Stats/learning_rate,7.527652633143589e-05,Pong1PQFM_XObs_entangled_trainable_rzz_QLayers_5___seed_1_1761468207
6995968,2-Training-Stats/learning_rate,7.517410995205864e-05,Pong1PQFM_XObs_entangled_trainable_rzz_QLayers_5___seed_1_1761468207
7000064,2-Training-Stats/learning_rate,7.50716935726814e-05,Pong1PQFM_XObs_entangled_trainable_rzz_QLayers_5___seed_1_1761468207
7004160,2-Training-Stats/learning_rate,7.496927719330415e-05,Pong1PQFM_XObs_entangled_trainable_rzz_QLayers_5___seed_1_1761468207
7008256,2-Training-Stats/learning_rate,7.48668608139269e-05,Pong1PQFM_XObs_entangled_trainable_rzz_QLayers_5___seed_1_1761468207
7012352,2-Training-Stats/learning_rate,7.476444443454966e-05,Pong1PQFM_XObs_entangled_trainable_rzz_QLayers_5___seed_1_1761468207
7016448,2-Training-Stats/learning_rate,7.46620207792148e-05,Pong1PQFM_XObs_entangled_trainable_rzz_QLayers_5___seed_1_1761468207
7020544,2-Training-Stats/learning_rate,7.455960439983755e-05,Pong1PQFM_XObs_entangled_trainable_rzz_QLayers_5___seed_1_1761468207
7024640,2-Training-Stats/learning_rate,7.445718802046031e-05,Pong1PQFM_XObs_entangled_trainable_rzz_QLayers_5___seed_1_1761468207
7028736,2-Training-Stats/learning_rate,7.435477164108306e-05,Pong1PQFM_XObs_entangled_trainable_rzz_QLayers_5___seed_1_1761468207
7032832,2-Training-Stats/learning_rate,7.425235526170582e-05,Pong1PQFM_XObs_entangled_trainable_rzz_QLayers_5___seed_1_1761468207
7036928,2-Training-Stats/learning_rate,7.414993888232857e-05,Pong1PQFM_XObs_entangled_trainable_rzz_QLayers_5___seed_1_1761468207
7041024,2-Training-Stats/learning_rate,7.404752250295132e-05,Pong1PQFM_XObs_entangled_trainable_rzz_QLayers_5___seed_1_1761468207
7045120,2-Training-Stats/learning_rate,7.394510612357408e-05,Pong1PQFM_XObs_entangled_trainable_rzz_QLayers_5___seed_1_1761468207
7049216,2-Training-Stats/learning_rate,7.384268974419683e-05,Pong1PQFM_XObs_entangled_trainable_rzz_QLayers_5___seed_1_1761468207
7053312,2-Training-Stats/learning_rate,7.374027336481959e-05,Pong1PQFM_XObs_entangled_trainable_rzz_QLayers_5___seed_1_1761468207
7057408,2-Training-Stats/learning_rate,7.363784970948473e-05,Pong1PQFM_XObs_entangled_trainable_rzz_QLayers_5___seed_1_1761468207
7061504,2-Training-Stats/learning_rate,7.353543333010748e-05,Pong1PQFM_XObs_entangled_trainable_rzz_QLayers_5___seed_1_1761468207
7065600,2-Training-Stats/learning_rate,7.343301695073023e-05,Pong1PQFM_XObs_entangled_trainable_rzz_QLayers_5___seed_1_1761468207
7069696,2-Training-Stats/learning_rate,7.333060057135299e-05,Pong1PQFM_XObs_entangled_trainable_rzz_QLayers_5___seed_1_1761468207
7073792,2-Training-Stats/learning_rate,7.322818419197574e-05,Pong1PQFM_XObs_entangled_trainable_rzz_QLayers_5___seed_1_1761468207
7077888,2-Training-Stats/learning_rate,7.31257678125985e-05,Pong1PQFM_XObs_entangled_trainable_rzz_QLayers_5___seed_1_1761468207
7081984,2-Training-Stats/learning_rate,7.302335143322125e-05,Pong1PQFM_XObs_entangled_trainable_rzz_QLayers_5___seed_1_1761468207
7086080,2-Training-Stats/learning_rate,7.2920935053844e-05,Pong1PQFM_XObs_entangled_trainable_rzz_QLayers_5___seed_1_1761468207
7090176,2-Training-Stats/learning_rate,7.281851867446676e-05,Pong1PQFM_XObs_entangled_trainable_rzz_QLayers_5___seed_1_1761468207
7094272,2-Training-Stats/learning_rate,7.271610229508951e-05,Pong1PQFM_XObs_entangled_trainable_rzz_QLayers_5___seed_1_1761468207
7098368,2-Training-Stats/learning_rate,7.261368591571227e-05,Pong1PQFM_XObs_entangled_trainable_rzz_QLayers_5___seed_1_1761468207
7102464,2-Training-Stats/learning_rate,7.251126226037741e-05,Pong1PQFM_XObs_entangled_trainable_rzz_QLayers_5___seed_1_1761468207
7106560,2-Training-Stats/learning_rate,7.240884588100016e-05,Pong1PQFM_XObs_entangled_trainable_rzz_QLayers_5___seed_1_1761468207
7110656,2-Training-Stats/learning_rate,7.230642950162292e-05,Pong1PQFM_XObs_entangled_trainable_rzz_QLayers_5___seed_1_1761468207
7114752,2-Training-Stats/learning_rate,7.220401312224567e-05,Pong1PQFM_XObs_entangled_trainable_rzz_QLayers_5___seed_1_1761468207
7118848,2-Training-Stats/learning_rate,7.210159674286842e-05,Pong1PQFM_XObs_entangled_trainable_rzz_QLayers_5___seed_1_1761468207
7122944,2-Training-Stats/learning_rate,7.199918036349118e-05,Pong1PQFM_XObs_entangled_trainable_rzz_QLayers_5___seed_1_1761468207
7127040,2-Training-Stats/learning_rate,7.189676398411393e-05,Pong1PQFM_XObs_entangled_trainable_rzz_QLayers_5___seed_1_1761468207
7131136,2-Training-Stats/learning_rate,7.179434760473669e-05,Pong1PQFM_XObs_entangled_trainable_rzz_QLayers_5___seed_1_1761468207
7135232,2-Training-Stats/learning_rate,7.169193122535944e-05,Pong1PQFM_XObs_entangled_trainable_rzz_QLayers_5___seed_1_1761468207
7139328,2-Training-Stats/learning_rate,7.15895148459822e-05,Pong1PQFM_XObs_entangled_trainable_rzz_QLayers_5___seed_1_1761468207
7143424,2-Training-Stats/learning_rate,7.148709846660495e-05,Pong1PQFM_XObs_entangled_trainable_rzz_QLayers_5___seed_1_1761468207
7147520,2-Training-Stats/learning_rate,7.138467481127009e-05,Pong1PQFM_XObs_entangled_trainable_rzz_QLayers_5___seed_1_1761468207
7151616,2-Training-Stats/learning_rate,7.128225843189284e-05,Pong1PQFM_XObs_entangled_trainable_rzz_QLayers_5___seed_1_1761468207
7155712,2-Training-Stats/learning_rate,7.11798420525156e-05,Pong1PQFM_XObs_entangled_trainable_rzz_QLayers_5___seed_1_1761468207
7159808,2-Training-Stats/learning_rate,7.107742567313835e-05,Pong1PQFM_XObs_entangled_trainable_rzz_QLayers_5___seed_1_1761468207
7163904,2-Training-Stats/learning_rate,7.09750092937611e-05,Pong1PQFM_XObs_entangled_trainable_rzz_QLayers_5___seed_1_1761468207
7168000,2-Training-Stats/learning_rate,7.087259291438386e-05,Pong1PQFM_XObs_entangled_trainable_rzz_QLayers_5___seed_1_1761468207
7172096,2-Training-Stats/learning_rate,7.077017653500661e-05,Pong1PQFM_XObs_entangled_trainable_rzz_QLayers_5___seed_1_1761468207
7176192,2-Training-Stats/learning_rate,7.066776015562937e-05,Pong1PQFM_XObs_entangled_trainable_rzz_QLayers_5___seed_1_1761468207
7180288,2-Training-Stats/learning_rate,7.056534377625212e-05,Pong1PQFM_XObs_entangled_trainable_rzz_QLayers_5___seed_1_1761468207
7184384,2-Training-Stats/learning_rate,7.046292739687487e-05,Pong1PQFM_XObs_entangled_trainable_rzz_QLayers_5___seed_1_1761468207
7188480,2-Training-Stats/learning_rate,7.036051101749763e-05,Pong1PQFM_XObs_entangled_trainable_rzz_QLayers_5___seed_1_1761468207
7192576,2-Training-Stats/learning_rate,7.025808736216277e-05,Pong1PQFM_XObs_entangled_trainable_rzz_QLayers_5___seed_1_1761468207
7196672,2-Training-Stats/learning_rate,7.015567098278552e-05,Pong1PQFM_XObs_entangled_trainable_rzz_QLayers_5___seed_1_1761468207
7200768,2-Training-Stats/learning_rate,7.005325460340828e-05,Pong1PQFM_XObs_entangled_trainable_rzz_QLayers_5___seed_1_1761468207
7204864,2-Training-Stats/learning_rate,6.995083822403103e-05,Pong1PQFM_XObs_entangled_trainable_rzz_QLayers_5___seed_1_1761468207
7208960,2-Training-Stats/learning_rate,6.984842184465379e-05,Pong1PQFM_XObs_entangled_trainable_rzz_QLayers_5___seed_1_1761468207
7213056,2-Training-Stats/learning_rate,6.974600546527654e-05,Pong1PQFM_XObs_entangled_trainable_rzz_QLayers_5___seed_1_1761468207
7217152,2-Training-Stats/learning_rate,6.96435890858993e-05,Pong1PQFM_XObs_entangled_trainable_rzz_QLayers_5___seed_1_1761468207
7221248,2-Training-Stats/learning_rate,6.954117270652205e-05,Pong1PQFM_XObs_entangled_trainable_rzz_QLayers_5___seed_1_1761468207
7225344,2-Training-Stats/learning_rate,6.94387563271448e-05,Pong1PQFM_XObs_entangled_trainable_rzz_QLayers_5___seed_1_1761468207
7229440,2-Training-Stats/learning_rate,6.933633994776756e-05,Pong1PQFM_XObs_entangled_trainable_rzz_QLayers_5___seed_1_1761468207
7233536,2-Training-Stats/learning_rate,6.923392356839031e-05,Pong1PQFM_XObs_entangled_trainable_rzz_QLayers_5___seed_1_1761468207
7237632,2-Training-Stats/learning_rate,6.913149991305545e-05,Pong1PQFM_XObs_entangled_trainable_rzz_QLayers_5___seed_1_1761468207
7241728,2-Training-Stats/learning_rate,6.90290835336782e-05,Pong1PQFM_XObs_entangled_trainable_rzz_QLayers_5___seed_1_1761468207
7245824,2-Training-Stats/learning_rate,6.892666715430096e-05,Pong1PQFM_XObs_entangled_trainable_rzz_QLayers_5___seed_1_1761468207
7249920,2-Training-Stats/learning_rate,6.882425077492371e-05,Pong1PQFM_XObs_entangled_trainable_rzz_QLayers_5___seed_1_1761468207
7254016,2-Training-Stats/learning_rate,6.872183439554647e-05,Pong1PQFM_XObs_entangled_trainable_rzz_QLayers_5___seed_1_1761468207
7258112,2-Training-Stats/learning_rate,6.861941801616922e-05,Pong1PQFM_XObs_entangled_trainable_rzz_QLayers_5___seed_1_1761468207
7262208,2-Training-Stats/learning_rate,6.851700163679197e-05,Pong1PQFM_XObs_entangled_trainable_rzz_QLayers_5___seed_1_1761468207
7266304,2-Training-Stats/learning_rate,6.841458525741473e-05,Pong1PQFM_XObs_entangled_trainable_rzz_QLayers_5___seed_1_1761468207
7270400,2-Training-Stats/learning_rate,6.831216887803748e-05,Pong1PQFM_XObs_entangled_trainable_rzz_QLayers_5___seed_1_1761468207
7274496,2-Training-Stats/learning_rate,6.820975249866024e-05,Pong1PQFM_XObs_entangled_trainable_rzz_QLayers_5___seed_1_1761468207
7278592,2-Training-Stats/learning_rate,6.810733611928299e-05,Pong1PQFM_XObs_entangled_trainable_rzz_QLayers_5___seed_1_1761468207
7282688,2-Training-Stats/learning_rate,6.800491246394813e-05,Pong1PQFM_XObs_entangled_trainable_rzz_QLayers_5___seed_1_1761468207
7286784,2-Training-Stats/learning_rate,6.790249608457088e-05,Pong1PQFM_XObs_entangled_trainable_rzz_QLayers_5___seed_1_1761468207
7290880,2-Training-Stats/learning_rate,6.780007970519364e-05,Pong1PQFM_XObs_entangled_trainable_rzz_QLayers_5___seed_1_1761468207
7294976,2-Training-Stats/learning_rate,6.769766332581639e-05,Pong1PQFM_XObs_entangled_trainable_rzz_QLayers_5___seed_1_1761468207
7299072,2-Training-Stats/learning_rate,6.759524694643915e-05,Pong1PQFM_XObs_entangled_trainable_rzz_QLayers_5___seed_1_1761468207
7303168,2-Training-Stats/learning_rate,6.74928305670619e-05,Pong1PQFM_XObs_entangled_trainable_rzz_QLayers_5___seed_1_1761468207
7307264,2-Training-Stats/learning_rate,6.739041418768466e-05,Pong1PQFM_XObs_entangled_trainable_rzz_QLayers_5___seed_1_1761468207
7311360,2-Training-Stats/learning_rate,6.728799780830741e-05,Pong1PQFM_XObs_entangled_trainable_rzz_QLayers_5___seed_1_1761468207
7315456,2-Training-Stats/learning_rate,6.718558142893016e-05,Pong1PQFM_XObs_entangled_trainable_rzz_QLayers_5___seed_1_1761468207
7319552,2-Training-Stats/learning_rate,6.708316504955292e-05,Pong1PQFM_XObs_entangled_trainable_rzz_QLayers_5___seed_1_1761468207
7323648,2-Training-Stats/learning_rate,6.698074867017567e-05,Pong1PQFM_XObs_entangled_trainable_rzz_QLayers_5___seed_1_1761468207
7327744,2-Training-Stats/learning_rate,6.687832501484081e-05,Pong1PQFM_XObs_entangled_trainable_rzz_QLayers_5___seed_1_1761468207
7331840,2-Training-Stats/learning_rate,6.677590863546357e-05,Pong1PQFM_XObs_entangled_trainable_rzz_QLayers_5___seed_1_1761468207
7335936,2-Training-Stats/learning_rate,6.667349225608632e-05,Pong1PQFM_XObs_entangled_trainable_rzz_QLayers_5___seed_1_1761468207
7340032,2-Training-Stats/learning_rate,6.657107587670907e-05,Pong1PQFM_XObs_entangled_trainable_rzz_QLayers_5___seed_1_1761468207
7344128,2-Training-Stats/learning_rate,6.646865949733183e-05,Pong1PQFM_XObs_entangled_trainable_rzz_QLayers_5___seed_1_1761468207
7348224,2-Training-Stats/learning_rate,6.636624311795458e-05,Pong1PQFM_XObs_entangled_trainable_rzz_QLayers_5___seed_1_1761468207
7352320,2-Training-Stats/learning_rate,6.626382673857734e-05,Pong1PQFM_XObs_entangled_trainable_rzz_QLayers_5___seed_1_1761468207
7356416,2-Training-Stats/learning_rate,6.616141035920009e-05,Pong1PQFM_XObs_entangled_trainable_rzz_QLayers_5___seed_1_1761468207
7360512,2-Training-Stats/learning_rate,6.605899397982284e-05,Pong1PQFM_XObs_entangled_trainable_rzz_QLayers_5___seed_1_1761468207
7364608,2-Training-Stats/learning_rate,6.59565776004456e-05,Pong1PQFM_XObs_entangled_trainable_rzz_QLayers_5___seed_1_1761468207
7368704,2-Training-Stats/learning_rate,6.585416122106835e-05,Pong1PQFM_XObs_entangled_trainable_rzz_QLayers_5___seed_1_1761468207
7372800,2-Training-Stats/learning_rate,6.575173756573349e-05,Pong1PQFM_XObs_entangled_trainable_rzz_QLayers_5___seed_1_1761468207
7376896,2-Training-Stats/learning_rate,6.564932118635625e-05,Pong1PQFM_XObs_entangled_trainable_rzz_QLayers_5___seed_1_1761468207
7380992,2-Training-Stats/learning_rate,6.5546904806979e-05,Pong1PQFM_XObs_entangled_trainable_rzz_QLayers_5___seed_1_1761468207
7385088,2-Training-Stats/learning_rate,6.544448842760175e-05,Pong1PQFM_XObs_entangled_trainable_rzz_QLayers_5___seed_1_1761468207
7389184,2-Training-Stats/learning_rate,6.534207204822451e-05,Pong1PQFM_XObs_entangled_trainable_rzz_QLayers_5___seed_1_1761468207
7393280,2-Training-Stats/learning_rate,6.523965566884726e-05,Pong1PQFM_XObs_entangled_trainable_rzz_QLayers_5___seed_1_1761468207
7397376,2-Training-Stats/learning_rate,6.513723928947002e-05,Pong1PQFM_XObs_entangled_trainable_rzz_QLayers_5___seed_1_1761468207
7401472,2-Training-Stats/learning_rate,6.503482291009277e-05,Pong1PQFM_XObs_entangled_trainable_rzz_QLayers_5___seed_1_1761468207
7405568,2-Training-Stats/learning_rate,6.493240653071553e-05,Pong1PQFM_XObs_entangled_trainable_rzz_QLayers_5___seed_1_1761468207
7409664,2-Training-Stats/learning_rate,6.482999015133828e-05,Pong1PQFM_XObs_entangled_trainable_rzz_QLayers_5___seed_1_1761468207
7413760,2-Training-Stats/learning_rate,6.472757377196103e-05,Pong1PQFM_XObs_entangled_trainable_rzz_QLayers_5___seed_1_1761468207
7417856,2-Training-Stats/learning_rate,6.462515011662617e-05,Pong1PQFM_XObs_entangled_trainable_rzz_QLayers_5___seed_1_1761468207
7421952,2-Training-Stats/learning_rate,6.452273373724893e-05,Pong1PQFM_XObs_entangled_trainable_rzz_QLayers_5___seed_1_1761468207
7426048,2-Training-Stats/learning_rate,6.442031735787168e-05,Pong1PQFM_XObs_entangled_trainable_rzz_QLayers_5___seed_1_1761468207
7430144,2-Training-Stats/learning_rate,6.431790097849444e-05,Pong1PQFM_XObs_entangled_trainable_rzz_QLayers_5___seed_1_1761468207
7434240,2-Training-Stats/learning_rate,6.421548459911719e-05,Pong1PQFM_XObs_entangled_trainable_rzz_QLayers_5___seed_1_1761468207
7438336,2-Training-Stats/learning_rate,6.411306821973994e-05,Pong1PQFM_XObs_entangled_trainable_rzz_QLayers_5___seed_1_1761468207
7442432,2-Training-Stats/learning_rate,6.40106518403627e-05,Pong1PQFM_XObs_entangled_trainable_rzz_QLayers_5___seed_1_1761468207
7446528,2-Training-Stats/learning_rate,6.390823546098545e-05,Pong1PQFM_XObs_entangled_trainable_rzz_QLayers_5___seed_1_1761468207
7450624,2-Training-Stats/learning_rate,6.38058190816082e-05,Pong1PQFM_XObs_entangled_trainable_rzz_QLayers_5___seed_1_1761468207
7454720,2-Training-Stats/learning_rate,6.370340270223096e-05,Pong1PQFM_XObs_entangled_trainable_rzz_QLayers_5___seed_1_1761468207
7458816,2-Training-Stats/learning_rate,6.360098632285371e-05,Pong1PQFM_XObs_entangled_trainable_rzz_QLayers_5___seed_1_1761468207
7462912,2-Training-Stats/learning_rate,6.349856266751885e-05,Pong1PQFM_XObs_entangled_trainable_rzz_QLayers_5___seed_1_1761468207
7467008,2-Training-Stats/learning_rate,6.339614628814161e-05,Pong1PQFM_XObs_entangled_trainable_rzz_QLayers_5___seed_1_1761468207
7471104,2-Training-Stats/learning_rate,6.329372990876436e-05,Pong1PQFM_XObs_entangled_trainable_rzz_QLayers_5___seed_1_1761468207
7475200,2-Training-Stats/learning_rate,6.319131352938712e-05,Pong1PQFM_XObs_entangled_trainable_rzz_QLayers_5___seed_1_1761468207
7479296,2-Training-Stats/learning_rate,6.308889715000987e-05,Pong1PQFM_XObs_entangled_trainable_rzz_QLayers_5___seed_1_1761468207
7483392,2-Training-Stats/learning_rate,6.298648077063262e-05,Pong1PQFM_XObs_entangled_trainable_rzz_QLayers_5___seed_1_1761468207
7487488,2-Training-Stats/learning_rate,6.288406439125538e-05,Pong1PQFM_XObs_entangled_trainable_rzz_QLayers_5___seed_1_1761468207
7491584,2-Training-Stats/learning_rate,6.278164801187813e-05,Pong1PQFM_XObs_entangled_trainable_rzz_QLayers_5___seed_1_1761468207
7495680,2-Training-Stats/learning_rate,6.267923163250089e-05,Pong1PQFM_XObs_entangled_trainable_rzz_QLayers_5___seed_1_1761468207
7499776,2-Training-Stats/learning_rate,6.257681525312364e-05,Pong1PQFM_XObs_entangled_trainable_rzz_QLayers_5___seed_1_1761468207
7503872,2-Training-Stats/learning_rate,6.24743988737464e-05,Pong1PQFM_XObs_entangled_trainable_rzz_QLayers_5___seed_1_1761468207
7507968,2-Training-Stats/learning_rate,6.237197521841154e-05,Pong1PQFM_XObs_entangled_trainable_rzz_QLayers_5___seed_1_1761468207
7512064,2-Training-Stats/learning_rate,6.226955883903429e-05,Pong1PQFM_XObs_entangled_trainable_rzz_QLayers_5___seed_1_1761468207
7516160,2-Training-Stats/learning_rate,6.216714245965704e-05,Pong1PQFM_XObs_entangled_trainable_rzz_QLayers_5___seed_1_1761468207
7520256,2-Training-Stats/learning_rate,6.20647260802798e-05,Pong1PQFM_XObs_entangled_trainable_rzz_QLayers_5___seed_1_1761468207
7524352,2-Training-Stats/learning_rate,6.196230970090255e-05,Pong1PQFM_XObs_entangled_trainable_rzz_QLayers_5___seed_1_1761468207
7528448,2-Training-Stats/learning_rate,6.18598933215253e-05,Pong1PQFM_XObs_entangled_trainable_rzz_QLayers_5___seed_1_1761468207
7532544,2-Training-Stats/learning_rate,6.175747694214806e-05,Pong1PQFM_XObs_entangled_trainable_rzz_QLayers_5___seed_1_1761468207
7536640,2-Training-Stats/learning_rate,6.165506056277081e-05,Pong1PQFM_XObs_entangled_trainable_rzz_QLayers_5___seed_1_1761468207
7540736,2-Training-Stats/learning_rate,6.155264418339357e-05,Pong1PQFM_XObs_entangled_trainable_rzz_QLayers_5___seed_1_1761468207
7544832,2-Training-Stats/learning_rate,6.145022780401632e-05,Pong1PQFM_XObs_entangled_trainable_rzz_QLayers_5___seed_1_1761468207
7548928,2-Training-Stats/learning_rate,6.134781142463908e-05,Pong1PQFM_XObs_entangled_trainable_rzz_QLayers_5___seed_1_1761468207
7553024,2-Training-Stats/learning_rate,6.124538776930422e-05,Pong1PQFM_XObs_entangled_trainable_rzz_QLayers_5___seed_1_1761468207
7557120,2-Training-Stats/learning_rate,6.114297138992697e-05,Pong1PQFM_XObs_entangled_trainable_rzz_QLayers_5___seed_1_1761468207
7561216,2-Training-Stats/learning_rate,6.104055501054972e-05,Pong1PQFM_XObs_entangled_trainable_rzz_QLayers_5___seed_1_1761468207
7565312,2-Training-Stats/learning_rate,6.093813863117248e-05,Pong1PQFM_XObs_entangled_trainable_rzz_QLayers_5___seed_1_1761468207
7569408,2-Training-Stats/learning_rate,6.083572225179523e-05,Pong1PQFM_XObs_entangled_trainable_rzz_QLayers_5___seed_1_1761468207
7573504,2-Training-Stats/learning_rate,6.0733305872417986e-05,Pong1PQFM_XObs_entangled_trainable_rzz_QLayers_5___seed_1_1761468207
7577600,2-Training-Stats/learning_rate,6.063088949304074e-05,Pong1PQFM_XObs_entangled_trainable_rzz_QLayers_5___seed_1_1761468207
7581696,2-Training-Stats/learning_rate,6.0528473113663495e-05,Pong1PQFM_XObs_entangled_trainable_rzz_QLayers_5___seed_1_1761468207
7585792,2-Training-Stats/learning_rate,6.042605309630744e-05,Pong1PQFM_XObs_entangled_trainable_rzz_QLayers_5___seed_1_1761468207
7589888,2-Training-Stats/learning_rate,6.0323636716930196e-05,Pong1PQFM_XObs_entangled_trainable_rzz_QLayers_5___seed_1_1761468207
7593984,2-Training-Stats/learning_rate,6.022122033755295e-05,Pong1PQFM_XObs_entangled_trainable_rzz_QLayers_5___seed_1_1761468207
7598080,2-Training-Stats/learning_rate,6.0118803958175704e-05,Pong1PQFM_XObs_entangled_trainable_rzz_QLayers_5___seed_1_1761468207
7602176,2-Training-Stats/learning_rate,6.001638757879846e-05,Pong1PQFM_XObs_entangled_trainable_rzz_QLayers_5___seed_1_1761468207
7606272,2-Training-Stats/learning_rate,5.991397119942121e-05,Pong1PQFM_XObs_entangled_trainable_rzz_QLayers_5___seed_1_1761468207
7610368,2-Training-Stats/learning_rate,5.981155118206516e-05,Pong1PQFM_XObs_entangled_trainable_rzz_QLayers_5___seed_1_1761468207
7614464,2-Training-Stats/learning_rate,5.970913480268791e-05,Pong1PQFM_XObs_entangled_trainable_rzz_QLayers_5___seed_1_1761468207
7618560,2-Training-Stats/learning_rate,5.960671842331067e-05,Pong1PQFM_XObs_entangled_trainable_rzz_QLayers_5___seed_1_1761468207
7622656,2-Training-Stats/learning_rate,5.950430204393342e-05,Pong1PQFM_XObs_entangled_trainable_rzz_QLayers_5___seed_1_1761468207
7626752,2-Training-Stats/learning_rate,5.9401885664556175e-05,Pong1PQFM_XObs_entangled_trainable_rzz_QLayers_5___seed_1_1761468207
7630848,2-Training-Stats/learning_rate,5.929946564720012e-05,Pong1PQFM_XObs_entangled_trainable_rzz_QLayers_5___seed_1_1761468207
7634944,2-Training-Stats/learning_rate,5.9197049267822877e-05,Pong1PQFM_XObs_entangled_trainable_rzz_QLayers_5___seed_1_1761468207
7639040,2-Training-Stats/learning_rate,5.909463288844563e-05,Pong1PQFM_XObs_entangled_trainable_rzz_QLayers_5___seed_1_1761468207
7643136,2-Training-Stats/learning_rate,5.8992216509068385e-05,Pong1PQFM_XObs_entangled_trainable_rzz_QLayers_5___seed_1_1761468207
7647232,2-Training-Stats/learning_rate,5.888980012969114e-05,Pong1PQFM_XObs_entangled_trainable_rzz_QLayers_5___seed_1_1761468207
7651328,2-Training-Stats/learning_rate,5.878738375031389e-05,Pong1PQFM_XObs_entangled_trainable_rzz_QLayers_5___seed_1_1761468207
7655424,2-Training-Stats/learning_rate,5.868496373295784e-05,Pong1PQFM_XObs_entangled_trainable_rzz_QLayers_5___seed_1_1761468207
7659520,2-Training-Stats/learning_rate,5.8582547353580594e-05,Pong1PQFM_XObs_entangled_trainable_rzz_QLayers_5___seed_1_1761468207
7663616,2-Training-Stats/learning_rate,5.848013097420335e-05,Pong1PQFM_XObs_entangled_trainable_rzz_QLayers_5___seed_1_1761468207
7667712,2-Training-Stats/learning_rate,5.83777145948261e-05,Pong1PQFM_XObs_entangled_trainable_rzz_QLayers_5___seed_1_1761468207
7671808,2-Training-Stats/learning_rate,5.8275298215448856e-05,Pong1PQFM_XObs_entangled_trainable_rzz_QLayers_5___seed_1_1761468207
7675904,2-Training-Stats/learning_rate,5.81728781980928e-05,Pong1PQFM_XObs_entangled_trainable_rzz_QLayers_5___seed_1_1761468207
7680000,2-Training-Stats/learning_rate,5.807046181871556e-05,Pong1PQFM_XObs_entangled_trainable_rzz_QLayers_5___seed_1_1761468207
7684096,2-Training-Stats/learning_rate,5.796804543933831e-05,Pong1PQFM_XObs_entangled_trainable_rzz_QLayers_5___seed_1_1761468207
7688192,2-Training-Stats/learning_rate,5.7865629059961066e-05,Pong1PQFM_XObs_entangled_trainable_rzz_QLayers_5___seed_1_1761468207
7692288,2-Training-Stats/learning_rate,5.776321268058382e-05,Pong1PQFM_XObs_entangled_trainable_rzz_QLayers_5___seed_1_1761468207
7696384,2-Training-Stats/learning_rate,5.7660796301206574e-05,Pong1PQFM_XObs_entangled_trainable_rzz_QLayers_5___seed_1_1761468207
7700480,2-Training-Stats/learning_rate,5.755837628385052e-05,Pong1PQFM_XObs_entangled_trainable_rzz_QLayers_5___seed_1_1761468207
7704576,2-Training-Stats/learning_rate,5.7455959904473275e-05,Pong1PQFM_XObs_entangled_trainable_rzz_QLayers_5___seed_1_1761468207
7708672,2-Training-Stats/learning_rate,5.735354352509603e-05,Pong1PQFM_XObs_entangled_trainable_rzz_QLayers_5___seed_1_1761468207
7712768,2-Training-Stats/learning_rate,5.725112714571878e-05,Pong1PQFM_XObs_entangled_trainable_rzz_QLayers_5___seed_1_1761468207
7716864,2-Training-Stats/learning_rate,5.714871076634154e-05,Pong1PQFM_XObs_entangled_trainable_rzz_QLayers_5___seed_1_1761468207
7720960,2-Training-Stats/learning_rate,5.7046290748985484e-05,Pong1PQFM_XObs_entangled_trainable_rzz_QLayers_5___seed_1_1761468207
7725056,2-Training-Stats/learning_rate,5.694387436960824e-05,Pong1PQFM_XObs_entangled_trainable_rzz_QLayers_5___seed_1_1761468207
7729152,2-Training-Stats/learning_rate,5.684145799023099e-05,Pong1PQFM_XObs_entangled_trainable_rzz_QLayers_5___seed_1_1761468207
7733248,2-Training-Stats/learning_rate,5.6739041610853747e-05,Pong1PQFM_XObs_entangled_trainable_rzz_QLayers_5___seed_1_1761468207
7737344,2-Training-Stats/learning_rate,5.66366252314765e-05,Pong1PQFM_XObs_entangled_trainable_rzz_QLayers_5___seed_1_1761468207
7741440,2-Training-Stats/learning_rate,5.6534208852099255e-05,Pong1PQFM_XObs_entangled_trainable_rzz_QLayers_5___seed_1_1761468207
7745536,2-Training-Stats/learning_rate,5.64317888347432e-05,Pong1PQFM_XObs_entangled_trainable_rzz_QLayers_5___seed_1_1761468207
7749632,2-Training-Stats/learning_rate,5.6329372455365956e-05,Pong1PQFM_XObs_entangled_trainable_rzz_QLayers_5___seed_1_1761468207
7753728,2-Training-Stats/learning_rate,5.622695607598871e-05,Pong1PQFM_XObs_entangled_trainable_rzz_QLayers_5___seed_1_1761468207
7757824,2-Training-Stats/learning_rate,5.6124539696611464e-05,Pong1PQFM_XObs_entangled_trainable_rzz_QLayers_5___seed_1_1761468207
7761920,2-Training-Stats/learning_rate,5.602212331723422e-05,Pong1PQFM_XObs_entangled_trainable_rzz_QLayers_5___seed_1_1761468207
7766016,2-Training-Stats/learning_rate,5.5919703299878165e-05,Pong1PQFM_XObs_entangled_trainable_rzz_QLayers_5___seed_1_1761468207
7770112,2-Training-Stats/learning_rate,5.581728692050092e-05,Pong1PQFM_XObs_entangled_trainable_rzz_QLayers_5___seed_1_1761468207
7774208,2-Training-Stats/learning_rate,5.571487054112367e-05,Pong1PQFM_XObs_entangled_trainable_rzz_QLayers_5___seed_1_1761468207
7778304,2-Training-Stats/learning_rate,5.561245416174643e-05,Pong1PQFM_XObs_entangled_trainable_rzz_QLayers_5___seed_1_1761468207
7782400,2-Training-Stats/learning_rate,5.551003778236918e-05,Pong1PQFM_XObs_entangled_trainable_rzz_QLayers_5___seed_1_1761468207
7786496,2-Training-Stats/learning_rate,5.5407621402991936e-05,Pong1PQFM_XObs_entangled_trainable_rzz_QLayers_5___seed_1_1761468207
7790592,2-Training-Stats/learning_rate,5.530520138563588e-05,Pong1PQFM_XObs_entangled_trainable_rzz_QLayers_5___seed_1_1761468207
7794688,2-Training-Stats/learning_rate,5.520278500625864e-05,Pong1PQFM_XObs_entangled_trainable_rzz_QLayers_5___seed_1_1761468207
7798784,2-Training-Stats/learning_rate,5.510036862688139e-05,Pong1PQFM_XObs_entangled_trainable_rzz_QLayers_5___seed_1_1761468207
7802880,2-Training-Stats/learning_rate,5.4997952247504145e-05,Pong1PQFM_XObs_entangled_trainable_rzz_QLayers_5___seed_1_1761468207
7806976,2-Training-Stats/learning_rate,5.48955358681269e-05,Pong1PQFM_XObs_entangled_trainable_rzz_QLayers_5___seed_1_1761468207
7811072,2-Training-Stats/learning_rate,5.4793115850770846e-05,Pong1PQFM_XObs_entangled_trainable_rzz_QLayers_5___seed_1_1761468207
7815168,2-Training-Stats/learning_rate,5.46906994713936e-05,Pong1PQFM_XObs_entangled_trainable_rzz_QLayers_5___seed_1_1761468207
7819264,2-Training-Stats/learning_rate,5.4588283092016354e-05,Pong1PQFM_XObs_entangled_trainable_rzz_QLayers_5___seed_1_1761468207
7823360,2-Training-Stats/learning_rate,5.448586671263911e-05,Pong1PQFM_XObs_entangled_trainable_rzz_QLayers_5___seed_1_1761468207
7827456,2-Training-Stats/learning_rate,5.438345033326186e-05,Pong1PQFM_XObs_entangled_trainable_rzz_QLayers_5___seed_1_1761468207
7831552,2-Training-Stats/learning_rate,5.4281033953884616e-05,Pong1PQFM_XObs_entangled_trainable_rzz_QLayers_5___seed_1_1761468207
7835648,2-Training-Stats/learning_rate,5.4178613936528563e-05,Pong1PQFM_XObs_entangled_trainable_rzz_QLayers_5___seed_1_1761468207
7839744,2-Training-Stats/learning_rate,5.407619755715132e-05,Pong1PQFM_XObs_entangled_trainable_rzz_QLayers_5___seed_1_1761468207
7843840,2-Training-Stats/learning_rate,5.397378117777407e-05,Pong1PQFM_XObs_entangled_trainable_rzz_QLayers_5___seed_1_1761468207
7847936,2-Training-Stats/learning_rate,5.3871364798396826e-05,Pong1PQFM_XObs_entangled_trainable_rzz_QLayers_5___seed_1_1761468207
7852032,2-Training-Stats/learning_rate,5.376894841901958e-05,Pong1PQFM_XObs_entangled_trainable_rzz_QLayers_5___seed_1_1761468207
7856128,2-Training-Stats/learning_rate,5.366652840166353e-05,Pong1PQFM_XObs_entangled_trainable_rzz_QLayers_5___seed_1_1761468207
7860224,2-Training-Stats/learning_rate,5.356411202228628e-05,Pong1PQFM_XObs_entangled_trainable_rzz_QLayers_5___seed_1_1761468207
7864320,2-Training-Stats/learning_rate,5.3461695642909035e-05,Pong1PQFM_XObs_entangled_trainable_rzz_QLayers_5___seed_1_1761468207
7868416,2-Training-Stats/learning_rate,5.335927926353179e-05,Pong1PQFM_XObs_entangled_trainable_rzz_QLayers_5___seed_1_1761468207
7872512,2-Training-Stats/learning_rate,5.325686288415454e-05,Pong1PQFM_XObs_entangled_trainable_rzz_QLayers_5___seed_1_1761468207
7876608,2-Training-Stats/learning_rate,5.31544465047773e-05,Pong1PQFM_XObs_entangled_trainable_rzz_QLayers_5___seed_1_1761468207
7880704,2-Training-Stats/learning_rate,5.3052026487421244e-05,Pong1PQFM_XObs_entangled_trainable_rzz_QLayers_5___seed_1_1761468207
7884800,2-Training-Stats/learning_rate,5.2949610108044e-05,Pong1PQFM_XObs_entangled_trainable_rzz_QLayers_5___seed_1_1761468207
7888896,2-Training-Stats/learning_rate,5.284719372866675e-05,Pong1PQFM_XObs_entangled_trainable_rzz_QLayers_5___seed_1_1761468207
7892992,2-Training-Stats/learning_rate,5.274477734928951e-05,Pong1PQFM_XObs_entangled_trainable_rzz_QLayers_5___seed_1_1761468207
7897088,2-Training-Stats/learning_rate,5.264236096991226e-05,Pong1PQFM_XObs_entangled_trainable_rzz_QLayers_5___seed_1_1761468207
7901184,2-Training-Stats/learning_rate,5.253994095255621e-05,Pong1PQFM_XObs_entangled_trainable_rzz_QLayers_5___seed_1_1761468207
7905280,2-Training-Stats/learning_rate,5.243752457317896e-05,Pong1PQFM_XObs_entangled_trainable_rzz_QLayers_5___seed_1_1761468207
7909376,2-Training-Stats/learning_rate,5.2335108193801716e-05,Pong1PQFM_XObs_entangled_trainable_rzz_QLayers_5___seed_1_1761468207
7913472,2-Training-Stats/learning_rate,5.223269181442447e-05,Pong1PQFM_XObs_entangled_trainable_rzz_QLayers_5___seed_1_1761468207
7917568,2-Training-Stats/learning_rate,5.2130275435047224e-05,Pong1PQFM_XObs_entangled_trainable_rzz_QLayers_5___seed_1_1761468207
7921664,2-Training-Stats/learning_rate,5.202785905566998e-05,Pong1PQFM_XObs_entangled_trainable_rzz_QLayers_5___seed_1_1761468207
7925760,2-Training-Stats/learning_rate,5.1925439038313925e-05,Pong1PQFM_XObs_entangled_trainable_rzz_QLayers_5___seed_1_1761468207
7929856,2-Training-Stats/learning_rate,5.182302265893668e-05,Pong1PQFM_XObs_entangled_trainable_rzz_QLayers_5___seed_1_1761468207
7933952,2-Training-Stats/learning_rate,5.1720606279559433e-05,Pong1PQFM_XObs_entangled_trainable_rzz_QLayers_5___seed_1_1761468207
7938048,2-Training-Stats/learning_rate,5.161818990018219e-05,Pong1PQFM_XObs_entangled_trainable_rzz_QLayers_5___seed_1_1761468207
7942144,2-Training-Stats/learning_rate,5.151577352080494e-05,Pong1PQFM_XObs_entangled_trainable_rzz_QLayers_5___seed_1_1761468207
7946240,2-Training-Stats/learning_rate,5.141335350344889e-05,Pong1PQFM_XObs_entangled_trainable_rzz_QLayers_5___seed_1_1761468207
7950336,2-Training-Stats/learning_rate,5.131093712407164e-05,Pong1PQFM_XObs_entangled_trainable_rzz_QLayers_5___seed_1_1761468207
7954432,2-Training-Stats/learning_rate,5.12085207446944e-05,Pong1PQFM_XObs_entangled_trainable_rzz_QLayers_5___seed_1_1761468207
7958528,2-Training-Stats/learning_rate,5.110610436531715e-05,Pong1PQFM_XObs_entangled_trainable_rzz_QLayers_5___seed_1_1761468207
7962624,2-Training-Stats/learning_rate,5.1003687985939905e-05,Pong1PQFM_XObs_entangled_trainable_rzz_QLayers_5___seed_1_1761468207
7966720,2-Training-Stats/learning_rate,5.090127160656266e-05,Pong1PQFM_XObs_entangled_trainable_rzz_QLayers_5___seed_1_1761468207
7970816,2-Training-Stats/learning_rate,5.0798851589206606e-05,Pong1PQFM_XObs_entangled_trainable_rzz_QLayers_5___seed_1_1761468207
7974912,2-Training-Stats/learning_rate,5.069643520982936e-05,Pong1PQFM_XObs_entangled_trainable_rzz_QLayers_5___seed_1_1761468207
7979008,2-Training-Stats/learning_rate,5.0594018830452114e-05,Pong1PQFM_XObs_entangled_trainable_rzz_QLayers_5___seed_1_1761468207
7983104,2-Training-Stats/learning_rate,5.049160245107487e-05,Pong1PQFM_XObs_entangled_trainable_rzz_QLayers_5___seed_1_1761468207
7987200,2-Training-Stats/learning_rate,5.038918607169762e-05,Pong1PQFM_XObs_entangled_trainable_rzz_QLayers_5___seed_1_1761468207
7991296,2-Training-Stats/learning_rate,5.028676605434157e-05,Pong1PQFM_XObs_entangled_trainable_rzz_QLayers_5___seed_1_1761468207
7995392,2-Training-Stats/learning_rate,5.0184349674964324e-05,Pong1PQFM_XObs_entangled_trainable_rzz_QLayers_5___seed_1_1761468207
7999488,2-Training-Stats/learning_rate,5.008193329558708e-05,Pong1PQFM_XObs_entangled_trainable_rzz_QLayers_5___seed_1_1761468207
8003584,2-Training-Stats/learning_rate,4.997951691620983e-05,Pong1PQFM_XObs_entangled_trainable_rzz_QLayers_5___seed_1_1761468207
8007680,2-Training-Stats/learning_rate,4.9877100536832586e-05,Pong1PQFM_XObs_entangled_trainable_rzz_QLayers_5___seed_1_1761468207
8011776,2-Training-Stats/learning_rate,4.977468415745534e-05,Pong1PQFM_XObs_entangled_trainable_rzz_QLayers_5___seed_1_1761468207
8015872,2-Training-Stats/learning_rate,4.967226414009929e-05,Pong1PQFM_XObs_entangled_trainable_rzz_QLayers_5___seed_1_1761468207
8019968,2-Training-Stats/learning_rate,4.956984776072204e-05,Pong1PQFM_XObs_entangled_trainable_rzz_QLayers_5___seed_1_1761468207
8024064,2-Training-Stats/learning_rate,4.9467431381344795e-05,Pong1PQFM_XObs_entangled_trainable_rzz_QLayers_5___seed_1_1761468207
8028160,2-Training-Stats/learning_rate,4.936501500196755e-05,Pong1PQFM_XObs_entangled_trainable_rzz_QLayers_5___seed_1_1761468207
8032256,2-Training-Stats/learning_rate,4.9262598622590303e-05,Pong1PQFM_XObs_entangled_trainable_rzz_QLayers_5___seed_1_1761468207
8036352,2-Training-Stats/learning_rate,4.916017860523425e-05,Pong1PQFM_XObs_entangled_trainable_rzz_QLayers_5___seed_1_1761468207
8040448,2-Training-Stats/learning_rate,4.9057762225857005e-05,Pong1PQFM_XObs_entangled_trainable_rzz_QLayers_5___seed_1_1761468207
8044544,2-Training-Stats/learning_rate,4.895534584647976e-05,Pong1PQFM_XObs_entangled_trainable_rzz_QLayers_5___seed_1_1761468207
8048640,2-Training-Stats/learning_rate,4.885292946710251e-05,Pong1PQFM_XObs_entangled_trainable_rzz_QLayers_5___seed_1_1761468207
8052736,2-Training-Stats/learning_rate,4.875051308772527e-05,Pong1PQFM_XObs_entangled_trainable_rzz_QLayers_5___seed_1_1761468207
8056832,2-Training-Stats/learning_rate,4.864809670834802e-05,Pong1PQFM_XObs_entangled_trainable_rzz_QLayers_5___seed_1_1761468207
8060928,2-Training-Stats/learning_rate,4.854567669099197e-05,Pong1PQFM_XObs_entangled_trainable_rzz_QLayers_5___seed_1_1761468207
8065024,2-Training-Stats/learning_rate,4.844326031161472e-05,Pong1PQFM_XObs_entangled_trainable_rzz_QLayers_5___seed_1_1761468207
8069120,2-Training-Stats/learning_rate,4.8340843932237476e-05,Pong1PQFM_XObs_entangled_trainable_rzz_QLayers_5___seed_1_1761468207
8073216,2-Training-Stats/learning_rate,4.823842755286023e-05,Pong1PQFM_XObs_entangled_trainable_rzz_QLayers_5___seed_1_1761468207
8077312,2-Training-Stats/learning_rate,4.8136011173482984e-05,Pong1PQFM_XObs_entangled_trainable_rzz_QLayers_5___seed_1_1761468207
8081408,2-Training-Stats/learning_rate,4.803359115612693e-05,Pong1PQFM_XObs_entangled_trainable_rzz_QLayers_5___seed_1_1761468207
8085504,2-Training-Stats/learning_rate,4.7931174776749685e-05,Pong1PQFM_XObs_entangled_trainable_rzz_QLayers_5___seed_1_1761468207
8089600,2-Training-Stats/learning_rate,4.782875839737244e-05,Pong1PQFM_XObs_entangled_trainable_rzz_QLayers_5___seed_1_1761468207
8093696,2-Training-Stats/learning_rate,4.7726342017995194e-05,Pong1PQFM_XObs_entangled_trainable_rzz_QLayers_5___seed_1_1761468207
8097792,2-Training-Stats/learning_rate,4.762392563861795e-05,Pong1PQFM_XObs_entangled_trainable_rzz_QLayers_5___seed_1_1761468207
8101888,2-Training-Stats/learning_rate,4.75215092592407e-05,Pong1PQFM_XObs_entangled_trainable_rzz_QLayers_5___seed_1_1761468207
8105984,2-Training-Stats/learning_rate,4.741908924188465e-05,Pong1PQFM_XObs_entangled_trainable_rzz_QLayers_5___seed_1_1761468207
8110080,2-Training-Stats/learning_rate,4.73166728625074e-05,Pong1PQFM_XObs_entangled_trainable_rzz_QLayers_5___seed_1_1761468207
8114176,2-Training-Stats/learning_rate,4.721425648313016e-05,Pong1PQFM_XObs_entangled_trainable_rzz_QLayers_5___seed_1_1761468207
8118272,2-Training-Stats/learning_rate,4.711184010375291e-05,Pong1PQFM_XObs_entangled_trainable_rzz_QLayers_5___seed_1_1761468207
8122368,2-Training-Stats/learning_rate,4.7009423724375665e-05,Pong1PQFM_XObs_entangled_trainable_rzz_QLayers_5___seed_1_1761468207
8126464,2-Training-Stats/learning_rate,4.690700370701961e-05,Pong1PQFM_XObs_entangled_trainable_rzz_QLayers_5___seed_1_1761468207
8130560,2-Training-Stats/learning_rate,4.6804587327642366e-05,Pong1PQFM_XObs_entangled_trainable_rzz_QLayers_5___seed_1_1761468207
8134656,2-Training-Stats/learning_rate,4.670217094826512e-05,Pong1PQFM_XObs_entangled_trainable_rzz_QLayers_5___seed_1_1761468207
8138752,2-Training-Stats/learning_rate,4.6599754568887874e-05,Pong1PQFM_XObs_entangled_trainable_rzz_QLayers_5___seed_1_1761468207
8142848,2-Training-Stats/learning_rate,4.649733818951063e-05,Pong1PQFM_XObs_entangled_trainable_rzz_QLayers_5___seed_1_1761468207
8146944,2-Training-Stats/learning_rate,4.639492181013338e-05,Pong1PQFM_XObs_entangled_trainable_rzz_QLayers_5___seed_1_1761468207
8151040,2-Training-Stats/learning_rate,4.629250179277733e-05,Pong1PQFM_XObs_entangled_trainable_rzz_QLayers_5___seed_1_1761468207
8155136,2-Training-Stats/learning_rate,4.6190085413400084e-05,Pong1PQFM_XObs_entangled_trainable_rzz_QLayers_5___seed_1_1761468207
8159232,2-Training-Stats/learning_rate,4.608766903402284e-05,Pong1PQFM_XObs_entangled_trainable_rzz_QLayers_5___seed_1_1761468207
8163328,2-Training-Stats/learning_rate,4.598525265464559e-05,Pong1PQFM_XObs_entangled_trainable_rzz_QLayers_5___seed_1_1761468207
8167424,2-Training-Stats/learning_rate,4.5882836275268346e-05,Pong1PQFM_XObs_entangled_trainable_rzz_QLayers_5___seed_1_1761468207
8171520,2-Training-Stats/learning_rate,4.578041625791229e-05,Pong1PQFM_XObs_entangled_trainable_rzz_QLayers_5___seed_1_1761468207
8175616,2-Training-Stats/learning_rate,4.567799987853505e-05,Pong1PQFM_XObs_entangled_trainable_rzz_QLayers_5___seed_1_1761468207
8179712,2-Training-Stats/learning_rate,4.55755834991578e-05,Pong1PQFM_XObs_entangled_trainable_rzz_QLayers_5___seed_1_1761468207
8183808,2-Training-Stats/learning_rate,4.5473167119780555e-05,Pong1PQFM_XObs_entangled_trainable_rzz_QLayers_5___seed_1_1761468207
8187904,2-Training-Stats/learning_rate,4.537075074040331e-05,Pong1PQFM_XObs_entangled_trainable_rzz_QLayers_5___seed_1_1761468207
8192000,2-Training-Stats/learning_rate,4.5268334361026064e-05,Pong1PQFM_XObs_entangled_trainable_rzz_QLayers_5___seed_1_1761468207
8196096,2-Training-Stats/learning_rate,4.516591434367001e-05,Pong1PQFM_XObs_entangled_trainable_rzz_QLayers_5___seed_1_1761468207
8200192,2-Training-Stats/learning_rate,4.5063497964292765e-05,Pong1PQFM_XObs_entangled_trainable_rzz_QLayers_5___seed_1_1761468207
8204288,2-Training-Stats/learning_rate,4.496108158491552e-05,Pong1PQFM_XObs_entangled_trainable_rzz_QLayers_5___seed_1_1761468207
8208384,2-Training-Stats/learning_rate,4.485866520553827e-05,Pong1PQFM_XObs_entangled_trainable_rzz_QLayers_5___seed_1_1761468207
8212480,2-Training-Stats/learning_rate,4.475624882616103e-05,Pong1PQFM_XObs_entangled_trainable_rzz_QLayers_5___seed_1_1761468207
8216576,2-Training-Stats/learning_rate,4.4653828808804974e-05,Pong1PQFM_XObs_entangled_trainable_rzz_QLayers_5___seed_1_1761468207
8220672,2-Training-Stats/learning_rate,4.455141242942773e-05,Pong1PQFM_XObs_entangled_trainable_rzz_QLayers_5___seed_1_1761468207
8224768,2-Training-Stats/learning_rate,4.444899605005048e-05,Pong1PQFM_XObs_entangled_trainable_rzz_QLayers_5___seed_1_1761468207
8228864,2-Training-Stats/learning_rate,4.4346579670673236e-05,Pong1PQFM_XObs_entangled_trainable_rzz_QLayers_5___seed_1_1761468207
8232960,2-Training-Stats/learning_rate,4.424416329129599e-05,Pong1PQFM_XObs_entangled_trainable_rzz_QLayers_5___seed_1_1761468207
8237056,2-Training-Stats/learning_rate,4.4141746911918744e-05,Pong1PQFM_XObs_entangled_trainable_rzz_QLayers_5___seed_1_1761468207
8241152,2-Training-Stats/learning_rate,4.403932689456269e-05,Pong1PQFM_XObs_entangled_trainable_rzz_QLayers_5___seed_1_1761468207
8245248,2-Training-Stats/learning_rate,4.3936910515185446e-05,Pong1PQFM_XObs_entangled_trainable_rzz_QLayers_5___seed_1_1761468207
8249344,2-Training-Stats/learning_rate,4.38344941358082e-05,Pong1PQFM_XObs_entangled_trainable_rzz_QLayers_5___seed_1_1761468207
8253440,2-Training-Stats/learning_rate,4.3732077756430954e-05,Pong1PQFM_XObs_entangled_trainable_rzz_QLayers_5___seed_1_1761468207
8257536,2-Training-Stats/learning_rate,4.362966137705371e-05,Pong1PQFM_XObs_entangled_trainable_rzz_QLayers_5___seed_1_1761468207
8261632,2-Training-Stats/learning_rate,4.3527241359697655e-05,Pong1PQFM_XObs_entangled_trainable_rzz_QLayers_5___seed_1_1761468207
8265728,2-Training-Stats/learning_rate,4.342482498032041e-05,Pong1PQFM_XObs_entangled_trainable_rzz_QLayers_5___seed_1_1761468207
8269824,2-Training-Stats/learning_rate,4.332240860094316e-05,Pong1PQFM_XObs_entangled_trainable_rzz_QLayers_5___seed_1_1761468207
8273920,2-Training-Stats/learning_rate,4.321999222156592e-05,Pong1PQFM_XObs_entangled_trainable_rzz_QLayers_5___seed_1_1761468207
8278016,2-Training-Stats/learning_rate,4.311757584218867e-05,Pong1PQFM_XObs_entangled_trainable_rzz_QLayers_5___seed_1_1761468207
8282112,2-Training-Stats/learning_rate,4.3015159462811425e-05,Pong1PQFM_XObs_entangled_trainable_rzz_QLayers_5___seed_1_1761468207
8286208,2-Training-Stats/learning_rate,4.291273944545537e-05,Pong1PQFM_XObs_entangled_trainable_rzz_QLayers_5___seed_1_1761468207
8290304,2-Training-Stats/learning_rate,4.2810323066078126e-05,Pong1PQFM_XObs_entangled_trainable_rzz_QLayers_5___seed_1_1761468207
8294400,2-Training-Stats/learning_rate,4.270790668670088e-05,Pong1PQFM_XObs_entangled_trainable_rzz_QLayers_5___seed_1_1761468207
8298496,2-Training-Stats/learning_rate,4.2605490307323635e-05,Pong1PQFM_XObs_entangled_trainable_rzz_QLayers_5___seed_1_1761468207
8302592,2-Training-Stats/learning_rate,4.250307392794639e-05,Pong1PQFM_XObs_entangled_trainable_rzz_QLayers_5___seed_1_1761468207
8306688,2-Training-Stats/learning_rate,4.2400653910590336e-05,Pong1PQFM_XObs_entangled_trainable_rzz_QLayers_5___seed_1_1761468207
8310784,2-Training-Stats/learning_rate,4.229823753121309e-05,Pong1PQFM_XObs_entangled_trainable_rzz_QLayers_5___seed_1_1761468207
8314880,2-Training-Stats/learning_rate,4.2195821151835844e-05,Pong1PQFM_XObs_entangled_trainable_rzz_QLayers_5___seed_1_1761468207
8318976,2-Training-Stats/learning_rate,4.20934047724586e-05,Pong1PQFM_XObs_entangled_trainable_rzz_QLayers_5___seed_1_1761468207
8323072,2-Training-Stats/learning_rate,4.199098839308135e-05,Pong1PQFM_XObs_entangled_trainable_rzz_QLayers_5___seed_1_1761468207
8327168,2-Training-Stats/learning_rate,4.1888572013704106e-05,Pong1PQFM_XObs_entangled_trainable_rzz_QLayers_5___seed_1_1761468207
8331264,2-Training-Stats/learning_rate,4.178615199634805e-05,Pong1PQFM_XObs_entangled_trainable_rzz_QLayers_5___seed_1_1761468207
8335360,2-Training-Stats/learning_rate,4.168373561697081e-05,Pong1PQFM_XObs_entangled_trainable_rzz_QLayers_5___seed_1_1761468207
8339456,2-Training-Stats/learning_rate,4.158131923759356e-05,Pong1PQFM_XObs_entangled_trainable_rzz_QLayers_5___seed_1_1761468207
8343552,2-Training-Stats/learning_rate,4.1478902858216316e-05,Pong1PQFM_XObs_entangled_trainable_rzz_QLayers_5___seed_1_1761468207
8347648,2-Training-Stats/learning_rate,4.137648647883907e-05,Pong1PQFM_XObs_entangled_trainable_rzz_QLayers_5___seed_1_1761468207
8351744,2-Training-Stats/learning_rate,4.1274066461483017e-05,Pong1PQFM_XObs_entangled_trainable_rzz_QLayers_5___seed_1_1761468207
8355840,2-Training-Stats/learning_rate,4.117165008210577e-05,Pong1PQFM_XObs_entangled_trainable_rzz_QLayers_5___seed_1_1761468207
8359936,2-Training-Stats/learning_rate,4.1069233702728525e-05,Pong1PQFM_XObs_entangled_trainable_rzz_QLayers_5___seed_1_1761468207
8364032,2-Training-Stats/learning_rate,4.096681732335128e-05,Pong1PQFM_XObs_entangled_trainable_rzz_QLayers_5___seed_1_1761468207
8368128,2-Training-Stats/learning_rate,4.086440094397403e-05,Pong1PQFM_XObs_entangled_trainable_rzz_QLayers_5___seed_1_1761468207
8372224,2-Training-Stats/learning_rate,4.076198456459679e-05,Pong1PQFM_XObs_entangled_trainable_rzz_QLayers_5___seed_1_1761468207
8376320,2-Training-Stats/learning_rate,4.0659564547240734e-05,Pong1PQFM_XObs_entangled_trainable_rzz_QLayers_5___seed_1_1761468207
8380416,2-Training-Stats/learning_rate,4.055714816786349e-05,Pong1PQFM_XObs_entangled_trainable_rzz_QLayers_5___seed_1_1761468207
8384512,2-Training-Stats/learning_rate,4.045473178848624e-05,Pong1PQFM_XObs_entangled_trainable_rzz_QLayers_5___seed_1_1761468207
8388608,2-Training-Stats/learning_rate,4.0352315409108996e-05,Pong1PQFM_XObs_entangled_trainable_rzz_QLayers_5___seed_1_1761468207
8392704,2-Training-Stats/learning_rate,4.024989902973175e-05,Pong1PQFM_XObs_entangled_trainable_rzz_QLayers_5___seed_1_1761468207
8396800,2-Training-Stats/learning_rate,4.01474790123757e-05,Pong1PQFM_XObs_entangled_trainable_rzz_QLayers_5___seed_1_1761468207
8400896,2-Training-Stats/learning_rate,4.004506263299845e-05,Pong1PQFM_XObs_entangled_trainable_rzz_QLayers_5___seed_1_1761468207
8404992,2-Training-Stats/learning_rate,3.9942646253621206e-05,Pong1PQFM_XObs_entangled_trainable_rzz_QLayers_5___seed_1_1761468207
8409088,2-Training-Stats/learning_rate,3.984022987424396e-05,Pong1PQFM_XObs_entangled_trainable_rzz_QLayers_5___seed_1_1761468207
8413184,2-Training-Stats/learning_rate,3.9737813494866714e-05,Pong1PQFM_XObs_entangled_trainable_rzz_QLayers_5___seed_1_1761468207
8417280,2-Training-Stats/learning_rate,3.963539711548947e-05,Pong1PQFM_XObs_entangled_trainable_rzz_QLayers_5___seed_1_1761468207
8421376,2-Training-Stats/learning_rate,3.9532977098133415e-05,Pong1PQFM_XObs_entangled_trainable_rzz_QLayers_5___seed_1_1761468207
8425472,2-Training-Stats/learning_rate,3.943056071875617e-05,Pong1PQFM_XObs_entangled_trainable_rzz_QLayers_5___seed_1_1761468207
8429568,2-Training-Stats/learning_rate,3.932814433937892e-05,Pong1PQFM_XObs_entangled_trainable_rzz_QLayers_5___seed_1_1761468207
8433664,2-Training-Stats/learning_rate,3.922572796000168e-05,Pong1PQFM_XObs_entangled_trainable_rzz_QLayers_5___seed_1_1761468207
8437760,2-Training-Stats/learning_rate,3.912331158062443e-05,Pong1PQFM_XObs_entangled_trainable_rzz_QLayers_5___seed_1_1761468207
8441856,2-Training-Stats/learning_rate,3.902089156326838e-05,Pong1PQFM_XObs_entangled_trainable_rzz_QLayers_5___seed_1_1761468207
8445952,2-Training-Stats/learning_rate,3.891847518389113e-05,Pong1PQFM_XObs_entangled_trainable_rzz_QLayers_5___seed_1_1761468207
8450048,2-Training-Stats/learning_rate,3.8816058804513887e-05,Pong1PQFM_XObs_entangled_trainable_rzz_QLayers_5___seed_1_1761468207
8454144,2-Training-Stats/learning_rate,3.871364242513664e-05,Pong1PQFM_XObs_entangled_trainable_rzz_QLayers_5___seed_1_1761468207
8458240,2-Training-Stats/learning_rate,3.8611226045759395e-05,Pong1PQFM_XObs_entangled_trainable_rzz_QLayers_5___seed_1_1761468207
8462336,2-Training-Stats/learning_rate,3.850880966638215e-05,Pong1PQFM_XObs_entangled_trainable_rzz_QLayers_5___seed_1_1761468207
8466432,2-Training-Stats/learning_rate,3.8406389649026096e-05,Pong1PQFM_XObs_entangled_trainable_rzz_QLayers_5___seed_1_1761468207
8470528,2-Training-Stats/learning_rate,3.830397326964885e-05,Pong1PQFM_XObs_entangled_trainable_rzz_QLayers_5___seed_1_1761468207
8474624,2-Training-Stats/learning_rate,3.8201556890271604e-05,Pong1PQFM_XObs_entangled_trainable_rzz_QLayers_5___seed_1_1761468207
8478720,2-Training-Stats/learning_rate,3.809914051089436e-05,Pong1PQFM_XObs_entangled_trainable_rzz_QLayers_5___seed_1_1761468207
8482816,2-Training-Stats/learning_rate,3.799672413151711e-05,Pong1PQFM_XObs_entangled_trainable_rzz_QLayers_5___seed_1_1761468207
8486912,2-Training-Stats/learning_rate,3.789430411416106e-05,Pong1PQFM_XObs_entangled_trainable_rzz_QLayers_5___seed_1_1761468207
8491008,2-Training-Stats/learning_rate,3.779188773478381e-05,Pong1PQFM_XObs_entangled_trainable_rzz_QLayers_5___seed_1_1761468207
8495104,2-Training-Stats/learning_rate,3.768947135540657e-05,Pong1PQFM_XObs_entangled_trainable_rzz_QLayers_5___seed_1_1761468207
8499200,2-Training-Stats/learning_rate,3.758705497602932e-05,Pong1PQFM_XObs_entangled_trainable_rzz_QLayers_5___seed_1_1761468207
8503296,2-Training-Stats/learning_rate,3.7484638596652076e-05,Pong1PQFM_XObs_entangled_trainable_rzz_QLayers_5___seed_1_1761468207
8507392,2-Training-Stats/learning_rate,3.738222221727483e-05,Pong1PQFM_XObs_entangled_trainable_rzz_QLayers_5___seed_1_1761468207
8511488,2-Training-Stats/learning_rate,3.727980219991878e-05,Pong1PQFM_XObs_entangled_trainable_rzz_QLayers_5___seed_1_1761468207
8515584,2-Training-Stats/learning_rate,3.717738582054153e-05,Pong1PQFM_XObs_entangled_trainable_rzz_QLayers_5___seed_1_1761468207
8519680,2-Training-Stats/learning_rate,3.7074969441164285e-05,Pong1PQFM_XObs_entangled_trainable_rzz_QLayers_5___seed_1_1761468207
8523776,2-Training-Stats/learning_rate,3.697255306178704e-05,Pong1PQFM_XObs_entangled_trainable_rzz_QLayers_5___seed_1_1761468207
8527872,2-Training-Stats/learning_rate,3.687013668240979e-05,Pong1PQFM_XObs_entangled_trainable_rzz_QLayers_5___seed_1_1761468207
8531968,2-Training-Stats/learning_rate,3.676771666505374e-05,Pong1PQFM_XObs_entangled_trainable_rzz_QLayers_5___seed_1_1761468207
8536064,2-Training-Stats/learning_rate,3.6665300285676494e-05,Pong1PQFM_XObs_entangled_trainable_rzz_QLayers_5___seed_1_1761468207
8540160,2-Training-Stats/learning_rate,3.656288390629925e-05,Pong1PQFM_XObs_entangled_trainable_rzz_QLayers_5___seed_1_1761468207
8544256,2-Training-Stats/learning_rate,3.6460467526922e-05,Pong1PQFM_XObs_entangled_trainable_rzz_QLayers_5___seed_1_1761468207
8548352,2-Training-Stats/learning_rate,3.6358051147544757e-05,Pong1PQFM_XObs_entangled_trainable_rzz_QLayers_5___seed_1_1761468207
8552448,2-Training-Stats/learning_rate,3.6255631130188704e-05,Pong1PQFM_XObs_entangled_trainable_rzz_QLayers_5___seed_1_1761468207
8556544,2-Training-Stats/learning_rate,3.615321475081146e-05,Pong1PQFM_XObs_entangled_trainable_rzz_QLayers_5___seed_1_1761468207
8560640,2-Training-Stats/learning_rate,3.605079837143421e-05,Pong1PQFM_XObs_entangled_trainable_rzz_QLayers_5___seed_1_1761468207
8564736,2-Training-Stats/learning_rate,3.5948381992056966e-05,Pong1PQFM_XObs_entangled_trainable_rzz_QLayers_5___seed_1_1761468207
8568832,2-Training-Stats/learning_rate,3.584596561267972e-05,Pong1PQFM_XObs_entangled_trainable_rzz_QLayers_5___seed_1_1761468207
8572928,2-Training-Stats/learning_rate,3.5743549233302474e-05,Pong1PQFM_XObs_entangled_trainable_rzz_QLayers_5___seed_1_1761468207
8577024,2-Training-Stats/learning_rate,3.564112921594642e-05,Pong1PQFM_XObs_entangled_trainable_rzz_QLayers_5___seed_1_1761468207
8581120,2-Training-Stats/learning_rate,3.5538712836569175e-05,Pong1PQFM_XObs_entangled_trainable_rzz_QLayers_5___seed_1_1761468207
8585216,2-Training-Stats/learning_rate,3.543629645719193e-05,Pong1PQFM_XObs_entangled_trainable_rzz_QLayers_5___seed_1_1761468207
8589312,2-Training-Stats/learning_rate,3.533388007781468e-05,Pong1PQFM_XObs_entangled_trainable_rzz_QLayers_5___seed_1_1761468207
8593408,2-Training-Stats/learning_rate,3.523146369843744e-05,Pong1PQFM_XObs_entangled_trainable_rzz_QLayers_5___seed_1_1761468207
8597504,2-Training-Stats/learning_rate,3.5129043681081384e-05,Pong1PQFM_XObs_entangled_trainable_rzz_QLayers_5___seed_1_1761468207
8601600,2-Training-Stats/learning_rate,3.502662730170414e-05,Pong1PQFM_XObs_entangled_trainable_rzz_QLayers_5___seed_1_1761468207
8605696,2-Training-Stats/learning_rate,3.492421092232689e-05,Pong1PQFM_XObs_entangled_trainable_rzz_QLayers_5___seed_1_1761468207
8609792,2-Training-Stats/learning_rate,3.482179454294965e-05,Pong1PQFM_XObs_entangled_trainable_rzz_QLayers_5___seed_1_1761468207
8613888,2-Training-Stats/learning_rate,3.47193781635724e-05,Pong1PQFM_XObs_entangled_trainable_rzz_QLayers_5___seed_1_1761468207
8617984,2-Training-Stats/learning_rate,3.4616961784195155e-05,Pong1PQFM_XObs_entangled_trainable_rzz_QLayers_5___seed_1_1761468207
8622080,2-Training-Stats/learning_rate,3.45145417668391e-05,Pong1PQFM_XObs_entangled_trainable_rzz_QLayers_5___seed_1_1761468207
8626176,2-Training-Stats/learning_rate,3.4412125387461856e-05,Pong1PQFM_XObs_entangled_trainable_rzz_QLayers_5___seed_1_1761468207
8630272,2-Training-Stats/learning_rate,3.430970900808461e-05,Pong1PQFM_XObs_entangled_trainable_rzz_QLayers_5___seed_1_1761468207
8634368,2-Training-Stats/learning_rate,3.4207292628707364e-05,Pong1PQFM_XObs_entangled_trainable_rzz_QLayers_5___seed_1_1761468207
8638464,2-Training-Stats/learning_rate,3.410487624933012e-05,Pong1PQFM_XObs_entangled_trainable_rzz_QLayers_5___seed_1_1761468207
8642560,2-Training-Stats/learning_rate,3.4002456231974065e-05,Pong1PQFM_XObs_entangled_trainable_rzz_QLayers_5___seed_1_1761468207
8646656,2-Training-Stats/learning_rate,3.390003985259682e-05,Pong1PQFM_XObs_entangled_trainable_rzz_QLayers_5___seed_1_1761468207
8650752,2-Training-Stats/learning_rate,3.3797623473219573e-05,Pong1PQFM_XObs_entangled_trainable_rzz_QLayers_5___seed_1_1761468207
8654848,2-Training-Stats/learning_rate,3.369520709384233e-05,Pong1PQFM_XObs_entangled_trainable_rzz_QLayers_5___seed_1_1761468207
8658944,2-Training-Stats/learning_rate,3.359279071446508e-05,Pong1PQFM_XObs_entangled_trainable_rzz_QLayers_5___seed_1_1761468207
8663040,2-Training-Stats/learning_rate,3.3490374335087836e-05,Pong1PQFM_XObs_entangled_trainable_rzz_QLayers_5___seed_1_1761468207
8667136,2-Training-Stats/learning_rate,3.338795431773178e-05,Pong1PQFM_XObs_entangled_trainable_rzz_QLayers_5___seed_1_1761468207
8671232,2-Training-Stats/learning_rate,3.328553793835454e-05,Pong1PQFM_XObs_entangled_trainable_rzz_QLayers_5___seed_1_1761468207
8675328,2-Training-Stats/learning_rate,3.318312155897729e-05,Pong1PQFM_XObs_entangled_trainable_rzz_QLayers_5___seed_1_1761468207
8679424,2-Training-Stats/learning_rate,3.3080705179600045e-05,Pong1PQFM_XObs_entangled_trainable_rzz_QLayers_5___seed_1_1761468207
8683520,2-Training-Stats/learning_rate,3.29782888002228e-05,Pong1PQFM_XObs_entangled_trainable_rzz_QLayers_5___seed_1_1761468207
8687616,2-Training-Stats/learning_rate,3.2875868782866746e-05,Pong1PQFM_XObs_entangled_trainable_rzz_QLayers_5___seed_1_1761468207
8691712,2-Training-Stats/learning_rate,3.27734524034895e-05,Pong1PQFM_XObs_entangled_trainable_rzz_QLayers_5___seed_1_1761468207
8695808,2-Training-Stats/learning_rate,3.2671036024112254e-05,Pong1PQFM_XObs_entangled_trainable_rzz_QLayers_5___seed_1_1761468207
8699904,2-Training-Stats/learning_rate,3.256861964473501e-05,Pong1PQFM_XObs_entangled_trainable_rzz_QLayers_5___seed_1_1761468207
8704000,2-Training-Stats/learning_rate,3.246620326535776e-05,Pong1PQFM_XObs_entangled_trainable_rzz_QLayers_5___seed_1_1761468207
8708096,2-Training-Stats/learning_rate,3.236378688598052e-05,Pong1PQFM_XObs_entangled_trainable_rzz_QLayers_5___seed_1_1761468207
8712192,2-Training-Stats/learning_rate,3.2261366868624464e-05,Pong1PQFM_XObs_entangled_trainable_rzz_QLayers_5___seed_1_1761468207
8716288,2-Training-Stats/learning_rate,3.215895048924722e-05,Pong1PQFM_XObs_entangled_trainable_rzz_QLayers_5___seed_1_1761468207
8720384,2-Training-Stats/learning_rate,3.205653410986997e-05,Pong1PQFM_XObs_entangled_trainable_rzz_QLayers_5___seed_1_1761468207
8724480,2-Training-Stats/learning_rate,3.1954117730492726e-05,Pong1PQFM_XObs_entangled_trainable_rzz_QLayers_5___seed_1_1761468207
8728576,2-Training-Stats/learning_rate,3.185170135111548e-05,Pong1PQFM_XObs_entangled_trainable_rzz_QLayers_5___seed_1_1761468207
8732672,2-Training-Stats/learning_rate,3.174928133375943e-05,Pong1PQFM_XObs_entangled_trainable_rzz_QLayers_5___seed_1_1761468207
8736768,2-Training-Stats/learning_rate,3.164686495438218e-05,Pong1PQFM_XObs_entangled_trainable_rzz_QLayers_5___seed_1_1761468207
8740864,2-Training-Stats/learning_rate,3.1544448575004935e-05,Pong1PQFM_XObs_entangled_trainable_rzz_QLayers_5___seed_1_1761468207
8744960,2-Training-Stats/learning_rate,3.144203219562769e-05,Pong1PQFM_XObs_entangled_trainable_rzz_QLayers_5___seed_1_1761468207
8749056,2-Training-Stats/learning_rate,3.1339615816250443e-05,Pong1PQFM_XObs_entangled_trainable_rzz_QLayers_5___seed_1_1761468207
8753152,2-Training-Stats/learning_rate,3.12371994368732e-05,Pong1PQFM_XObs_entangled_trainable_rzz_QLayers_5___seed_1_1761468207
8757248,2-Training-Stats/learning_rate,3.1134779419517145e-05,Pong1PQFM_XObs_entangled_trainable_rzz_QLayers_5___seed_1_1761468207
8761344,2-Training-Stats/learning_rate,3.10323630401399e-05,Pong1PQFM_XObs_entangled_trainable_rzz_QLayers_5___seed_1_1761468207
8765440,2-Training-Stats/learning_rate,3.092994666076265e-05,Pong1PQFM_XObs_entangled_trainable_rzz_QLayers_5___seed_1_1761468207
8769536,2-Training-Stats/learning_rate,3.082753028138541e-05,Pong1PQFM_XObs_entangled_trainable_rzz_QLayers_5___seed_1_1761468207
8773632,2-Training-Stats/learning_rate,3.072511390200816e-05,Pong1PQFM_XObs_entangled_trainable_rzz_QLayers_5___seed_1_1761468207
8777728,2-Training-Stats/learning_rate,3.062269388465211e-05,Pong1PQFM_XObs_entangled_trainable_rzz_QLayers_5___seed_1_1761468207
8781824,2-Training-Stats/learning_rate,3.052027750527486e-05,Pong1PQFM_XObs_entangled_trainable_rzz_QLayers_5___seed_1_1761468207
8785920,2-Training-Stats/learning_rate,3.0417861125897616e-05,Pong1PQFM_XObs_entangled_trainable_rzz_QLayers_5___seed_1_1761468207
8790016,2-Training-Stats/learning_rate,3.031544474652037e-05,Pong1PQFM_XObs_entangled_trainable_rzz_QLayers_5___seed_1_1761468207
8794112,2-Training-Stats/learning_rate,3.021302654815372e-05,Pong1PQFM_XObs_entangled_trainable_rzz_QLayers_5___seed_1_1761468207
8798208,2-Training-Stats/learning_rate,3.0110610168776475e-05,Pong1PQFM_XObs_entangled_trainable_rzz_QLayers_5___seed_1_1761468207
8802304,2-Training-Stats/learning_rate,3.000819378939923e-05,Pong1PQFM_XObs_entangled_trainable_rzz_QLayers_5___seed_1_1761468207
8806400,2-Training-Stats/learning_rate,2.990577559103258e-05,Pong1PQFM_XObs_entangled_trainable_rzz_QLayers_5___seed_1_1761468207
8810496,2-Training-Stats/learning_rate,2.9803359211655334e-05,Pong1PQFM_XObs_entangled_trainable_rzz_QLayers_5___seed_1_1761468207
8814592,2-Training-Stats/learning_rate,2.9700942832278088e-05,Pong1PQFM_XObs_entangled_trainable_rzz_QLayers_5___seed_1_1761468207
8818688,2-Training-Stats/learning_rate,2.9598524633911438e-05,Pong1PQFM_XObs_entangled_trainable_rzz_QLayers_5___seed_1_1761468207
8822784,2-Training-Stats/learning_rate,2.9496108254534192e-05,Pong1PQFM_XObs_entangled_trainable_rzz_QLayers_5___seed_1_1761468207
8826880,2-Training-Stats/learning_rate,2.9393691875156946e-05,Pong1PQFM_XObs_entangled_trainable_rzz_QLayers_5___seed_1_1761468207
8830976,2-Training-Stats/learning_rate,2.9291273676790297e-05,Pong1PQFM_XObs_entangled_trainable_rzz_QLayers_5___seed_1_1761468207
8835072,2-Training-Stats/learning_rate,2.918885729741305e-05,Pong1PQFM_XObs_entangled_trainable_rzz_QLayers_5___seed_1_1761468207
8839168,2-Training-Stats/learning_rate,2.90864390990464e-05,Pong1PQFM_XObs_entangled_trainable_rzz_QLayers_5___seed_1_1761468207
8843264,2-Training-Stats/learning_rate,2.8984022719669156e-05,Pong1PQFM_XObs_entangled_trainable_rzz_QLayers_5___seed_1_1761468207
8847360,2-Training-Stats/learning_rate,2.888160634029191e-05,Pong1PQFM_XObs_entangled_trainable_rzz_QLayers_5___seed_1_1761468207
8851456,2-Training-Stats/learning_rate,2.877918814192526e-05,Pong1PQFM_XObs_entangled_trainable_rzz_QLayers_5___seed_1_1761468207
8855552,2-Training-Stats/learning_rate,2.8676771762548015e-05,Pong1PQFM_XObs_entangled_trainable_rzz_QLayers_5___seed_1_1761468207
8859648,2-Training-Stats/learning_rate,2.857435538317077e-05,Pong1PQFM_XObs_entangled_trainable_rzz_QLayers_5___seed_1_1761468207
8863744,2-Training-Stats/learning_rate,2.847193718480412e-05,Pong1PQFM_XObs_entangled_trainable_rzz_QLayers_5___seed_1_1761468207
8867840,2-Training-Stats/learning_rate,2.8369520805426873e-05,Pong1PQFM_XObs_entangled_trainable_rzz_QLayers_5___seed_1_1761468207
8871936,2-Training-Stats/learning_rate,2.8267104426049627e-05,Pong1PQFM_XObs_entangled_trainable_rzz_QLayers_5___seed_1_1761468207
8876032,2-Training-Stats/learning_rate,2.8164686227682978e-05,Pong1PQFM_XObs_entangled_trainable_rzz_QLayers_5___seed_1_1761468207
8880128,2-Training-Stats/learning_rate,2.8062269848305732e-05,Pong1PQFM_XObs_entangled_trainable_rzz_QLayers_5___seed_1_1761468207
8884224,2-Training-Stats/learning_rate,2.7959851649939083e-05,Pong1PQFM_XObs_entangled_trainable_rzz_QLayers_5___seed_1_1761468207
8888320,2-Training-Stats/learning_rate,2.7857435270561837e-05,Pong1PQFM_XObs_entangled_trainable_rzz_QLayers_5___seed_1_1761468207
8892416,2-Training-Stats/learning_rate,2.775501889118459e-05,Pong1PQFM_XObs_entangled_trainable_rzz_QLayers_5___seed_1_1761468207
8896512,2-Training-Stats/learning_rate,2.765260069281794e-05,Pong1PQFM_XObs_entangled_trainable_rzz_QLayers_5___seed_1_1761468207
8900608,2-Training-Stats/learning_rate,2.7550184313440695e-05,Pong1PQFM_XObs_entangled_trainable_rzz_QLayers_5___seed_1_1761468207
8904704,2-Training-Stats/learning_rate,2.744776793406345e-05,Pong1PQFM_XObs_entangled_trainable_rzz_QLayers_5___seed_1_1761468207
8908800,2-Training-Stats/learning_rate,2.73453497356968e-05,Pong1PQFM_XObs_entangled_trainable_rzz_QLayers_5___seed_1_1761468207
8912896,2-Training-Stats/learning_rate,2.7242933356319554e-05,Pong1PQFM_XObs_entangled_trainable_rzz_QLayers_5___seed_1_1761468207
8916992,2-Training-Stats/learning_rate,2.7140516976942308e-05,Pong1PQFM_XObs_entangled_trainable_rzz_QLayers_5___seed_1_1761468207
8921088,2-Training-Stats/learning_rate,2.703809877857566e-05,Pong1PQFM_XObs_entangled_trainable_rzz_QLayers_5___seed_1_1761468207
8925184,2-Training-Stats/learning_rate,2.6935682399198413e-05,Pong1PQFM_XObs_entangled_trainable_rzz_QLayers_5___seed_1_1761468207
8929280,2-Training-Stats/learning_rate,2.6833264200831763e-05,Pong1PQFM_XObs_entangled_trainable_rzz_QLayers_5___seed_1_1761468207
8933376,2-Training-Stats/learning_rate,2.6730847821454518e-05,Pong1PQFM_XObs_entangled_trainable_rzz_QLayers_5___seed_1_1761468207
8937472,2-Training-Stats/learning_rate,2.662843144207727e-05,Pong1PQFM_XObs_entangled_trainable_rzz_QLayers_5___seed_1_1761468207
8941568,2-Training-Stats/learning_rate,2.6526013243710622e-05,Pong1PQFM_XObs_entangled_trainable_rzz_QLayers_5___seed_1_1761468207
8945664,2-Training-Stats/learning_rate,2.6423596864333376e-05,Pong1PQFM_XObs_entangled_trainable_rzz_QLayers_5___seed_1_1761468207
8949760,2-Training-Stats/learning_rate,2.632118048495613e-05,Pong1PQFM_XObs_entangled_trainable_rzz_QLayers_5___seed_1_1761468207
8953856,2-Training-Stats/learning_rate,2.621876228658948e-05,Pong1PQFM_XObs_entangled_trainable_rzz_QLayers_5___seed_1_1761468207
8957952,2-Training-Stats/learning_rate,2.6116345907212235e-05,Pong1PQFM_XObs_entangled_trainable_rzz_QLayers_5___seed_1_1761468207
8962048,2-Training-Stats/learning_rate,2.601392952783499e-05,Pong1PQFM_XObs_entangled_trainable_rzz_QLayers_5___seed_1_1761468207
8966144,2-Training-Stats/learning_rate,2.591151132946834e-05,Pong1PQFM_XObs_entangled_trainable_rzz_QLayers_5___seed_1_1761468207
8970240,2-Training-Stats/learning_rate,2.5809094950091094e-05,Pong1PQFM_XObs_entangled_trainable_rzz_QLayers_5___seed_1_1761468207
8974336,2-Training-Stats/learning_rate,2.5706676751724444e-05,Pong1PQFM_XObs_entangled_trainable_rzz_QLayers_5___seed_1_1761468207
8978432,2-Training-Stats/learning_rate,2.56042603723472e-05,Pong1PQFM_XObs_entangled_trainable_rzz_QLayers_5___seed_1_1761468207
8982528,2-Training-Stats/learning_rate,2.5501843992969953e-05,Pong1PQFM_XObs_entangled_trainable_rzz_QLayers_5___seed_1_1761468207
8986624,2-Training-Stats/learning_rate,2.5399425794603303e-05,Pong1PQFM_XObs_entangled_trainable_rzz_QLayers_5___seed_1_1761468207
8990720,2-Training-Stats/learning_rate,2.5297009415226057e-05,Pong1PQFM_XObs_entangled_trainable_rzz_QLayers_5___seed_1_1761468207
8994816,2-Training-Stats/learning_rate,2.519459303584881e-05,Pong1PQFM_XObs_entangled_trainable_rzz_QLayers_5___seed_1_1761468207
8998912,2-Training-Stats/learning_rate,2.5092174837482162e-05,Pong1PQFM_XObs_entangled_trainable_rzz_QLayers_5___seed_1_1761468207
9003008,2-Training-Stats/learning_rate,2.4989758458104916e-05,Pong1PQFM_XObs_entangled_trainable_rzz_QLayers_5___seed_1_1761468207
9007104,2-Training-Stats/learning_rate,2.488734207872767e-05,Pong1PQFM_XObs_entangled_trainable_rzz_QLayers_5___seed_1_1761468207
9011200,2-Training-Stats/learning_rate,2.478492388036102e-05,Pong1PQFM_XObs_entangled_trainable_rzz_QLayers_5___seed_1_1761468207
9015296,2-Training-Stats/learning_rate,2.4682507500983775e-05,Pong1PQFM_XObs_entangled_trainable_rzz_QLayers_5___seed_1_1761468207
9019392,2-Training-Stats/learning_rate,2.4580089302617125e-05,Pong1PQFM_XObs_entangled_trainable_rzz_QLayers_5___seed_1_1761468207
9023488,2-Training-Stats/learning_rate,2.447767292323988e-05,Pong1PQFM_XObs_entangled_trainable_rzz_QLayers_5___seed_1_1761468207
9027584,2-Training-Stats/learning_rate,2.4375256543862633e-05,Pong1PQFM_XObs_entangled_trainable_rzz_QLayers_5___seed_1_1761468207
9031680,2-Training-Stats/learning_rate,2.4272838345495984e-05,Pong1PQFM_XObs_entangled_trainable_rzz_QLayers_5___seed_1_1761468207
9035776,2-Training-Stats/learning_rate,2.4170421966118738e-05,Pong1PQFM_XObs_entangled_trainable_rzz_QLayers_5___seed_1_1761468207
9039872,2-Training-Stats/learning_rate,2.4068005586741492e-05,Pong1PQFM_XObs_entangled_trainable_rzz_QLayers_5___seed_1_1761468207
9043968,2-Training-Stats/learning_rate,2.3965587388374843e-05,Pong1PQFM_XObs_entangled_trainable_rzz_QLayers_5___seed_1_1761468207
9048064,2-Training-Stats/learning_rate,2.3863171008997597e-05,Pong1PQFM_XObs_entangled_trainable_rzz_QLayers_5___seed_1_1761468207
9052160,2-Training-Stats/learning_rate,2.376075462962035e-05,Pong1PQFM_XObs_entangled_trainable_rzz_QLayers_5___seed_1_1761468207
9056256,2-Training-Stats/learning_rate,2.36583364312537e-05,Pong1PQFM_XObs_entangled_trainable_rzz_QLayers_5___seed_1_1761468207
9060352,2-Training-Stats/learning_rate,2.3555920051876456e-05,Pong1PQFM_XObs_entangled_trainable_rzz_QLayers_5___seed_1_1761468207
9064448,2-Training-Stats/learning_rate,2.3453501853509806e-05,Pong1PQFM_XObs_entangled_trainable_rzz_QLayers_5___seed_1_1761468207
9068544,2-Training-Stats/learning_rate,2.335108547413256e-05,Pong1PQFM_XObs_entangled_trainable_rzz_QLayers_5___seed_1_1761468207
9072640,2-Training-Stats/learning_rate,2.3248669094755314e-05,Pong1PQFM_XObs_entangled_trainable_rzz_QLayers_5___seed_1_1761468207
9076736,2-Training-Stats/learning_rate,2.3146250896388665e-05,Pong1PQFM_XObs_entangled_trainable_rzz_QLayers_5___seed_1_1761468207
9080832,2-Training-Stats/learning_rate,2.304383451701142e-05,Pong1PQFM_XObs_entangled_trainable_rzz_QLayers_5___seed_1_1761468207
9084928,2-Training-Stats/learning_rate,2.2941418137634173e-05,Pong1PQFM_XObs_entangled_trainable_rzz_QLayers_5___seed_1_1761468207
9089024,2-Training-Stats/learning_rate,2.2838999939267524e-05,Pong1PQFM_XObs_entangled_trainable_rzz_QLayers_5___seed_1_1761468207
9093120,2-Training-Stats/learning_rate,2.2736583559890278e-05,Pong1PQFM_XObs_entangled_trainable_rzz_QLayers_5___seed_1_1761468207
9097216,2-Training-Stats/learning_rate,2.2634167180513032e-05,Pong1PQFM_XObs_entangled_trainable_rzz_QLayers_5___seed_1_1761468207
9101312,2-Training-Stats/learning_rate,2.2531748982146382e-05,Pong1PQFM_XObs_entangled_trainable_rzz_QLayers_5___seed_1_1761468207
9105408,2-Training-Stats/learning_rate,2.2429332602769136e-05,Pong1PQFM_XObs_entangled_trainable_rzz_QLayers_5___seed_1_1761468207
9109504,2-Training-Stats/learning_rate,2.2326914404402487e-05,Pong1PQFM_XObs_entangled_trainable_rzz_QLayers_5___seed_1_1761468207
9113600,2-Training-Stats/learning_rate,2.222449802502524e-05,Pong1PQFM_XObs_entangled_trainable_rzz_QLayers_5___seed_1_1761468207
9117696,2-Training-Stats/learning_rate,2.2122081645647995e-05,Pong1PQFM_XObs_entangled_trainable_rzz_QLayers_5___seed_1_1761468207
9121792,2-Training-Stats/learning_rate,2.2019663447281346e-05,Pong1PQFM_XObs_entangled_trainable_rzz_QLayers_5___seed_1_1761468207
9125888,2-Training-Stats/learning_rate,2.19172470679041e-05,Pong1PQFM_XObs_entangled_trainable_rzz_QLayers_5___seed_1_1761468207
9129984,2-Training-Stats/learning_rate,2.1814830688526854e-05,Pong1PQFM_XObs_entangled_trainable_rzz_QLayers_5___seed_1_1761468207
9134080,2-Training-Stats/learning_rate,2.1712412490160204e-05,Pong1PQFM_XObs_entangled_trainable_rzz_QLayers_5___seed_1_1761468207
9138176,2-Training-Stats/learning_rate,2.160999611078296e-05,Pong1PQFM_XObs_entangled_trainable_rzz_QLayers_5___seed_1_1761468207
9142272,2-Training-Stats/learning_rate,2.1507579731405713e-05,Pong1PQFM_XObs_entangled_trainable_rzz_QLayers_5___seed_1_1761468207
9146368,2-Training-Stats/learning_rate,2.1405161533039063e-05,Pong1PQFM_XObs_entangled_trainable_rzz_QLayers_5___seed_1_1761468207
9150464,2-Training-Stats/learning_rate,2.1302745153661817e-05,Pong1PQFM_XObs_entangled_trainable_rzz_QLayers_5___seed_1_1761468207
9154560,2-Training-Stats/learning_rate,2.1200326955295168e-05,Pong1PQFM_XObs_entangled_trainable_rzz_QLayers_5___seed_1_1761468207
9158656,2-Training-Stats/learning_rate,2.1097910575917922e-05,Pong1PQFM_XObs_entangled_trainable_rzz_QLayers_5___seed_1_1761468207
9162752,2-Training-Stats/learning_rate,2.0995494196540676e-05,Pong1PQFM_XObs_entangled_trainable_rzz_QLayers_5___seed_1_1761468207
9166848,2-Training-Stats/learning_rate,2.0893075998174027e-05,Pong1PQFM_XObs_entangled_trainable_rzz_QLayers_5___seed_1_1761468207
9170944,2-Training-Stats/learning_rate,2.079065961879678e-05,Pong1PQFM_XObs_entangled_trainable_rzz_QLayers_5___seed_1_1761468207
9175040,2-Training-Stats/learning_rate,2.0688243239419535e-05,Pong1PQFM_XObs_entangled_trainable_rzz_QLayers_5___seed_1_1761468207
9179136,2-Training-Stats/learning_rate,2.0585825041052885e-05,Pong1PQFM_XObs_entangled_trainable_rzz_QLayers_5___seed_1_1761468207
9183232,2-Training-Stats/learning_rate,2.048340866167564e-05,Pong1PQFM_XObs_entangled_trainable_rzz_QLayers_5___seed_1_1761468207
9187328,2-Training-Stats/learning_rate,2.0380992282298394e-05,Pong1PQFM_XObs_entangled_trainable_rzz_QLayers_5___seed_1_1761468207
9191424,2-Training-Stats/learning_rate,2.0278574083931744e-05,Pong1PQFM_XObs_entangled_trainable_rzz_QLayers_5___seed_1_1761468207
9195520,2-Training-Stats/learning_rate,2.0176157704554498e-05,Pong1PQFM_XObs_entangled_trainable_rzz_QLayers_5___seed_1_1761468207
9199616,2-Training-Stats/learning_rate,2.007373950618785e-05,Pong1PQFM_XObs_entangled_trainable_rzz_QLayers_5___seed_1_1761468207
9203712,2-Training-Stats/learning_rate,1.9971323126810603e-05,Pong1PQFM_XObs_entangled_trainable_rzz_QLayers_5___seed_1_1761468207
9207808,2-Training-Stats/learning_rate,1.9868906747433357e-05,Pong1PQFM_XObs_entangled_trainable_rzz_QLayers_5___seed_1_1761468207
9211904,2-Training-Stats/learning_rate,1.9766488549066707e-05,Pong1PQFM_XObs_entangled_trainable_rzz_QLayers_5___seed_1_1761468207
9216000,2-Training-Stats/learning_rate,1.966407216968946e-05,Pong1PQFM_XObs_entangled_trainable_rzz_QLayers_5___seed_1_1761468207
9220096,2-Training-Stats/learning_rate,1.9561655790312216e-05,Pong1PQFM_XObs_entangled_trainable_rzz_QLayers_5___seed_1_1761468207
9224192,2-Training-Stats/learning_rate,1.9459237591945566e-05,Pong1PQFM_XObs_entangled_trainable_rzz_QLayers_5___seed_1_1761468207
9228288,2-Training-Stats/learning_rate,1.935682121256832e-05,Pong1PQFM_XObs_entangled_trainable_rzz_QLayers_5___seed_1_1761468207
9232384,2-Training-Stats/learning_rate,1.9254404833191074e-05,Pong1PQFM_XObs_entangled_trainable_rzz_QLayers_5___seed_1_1761468207
9236480,2-Training-Stats/learning_rate,1.9151986634824425e-05,Pong1PQFM_XObs_entangled_trainable_rzz_QLayers_5___seed_1_1761468207
9240576,2-Training-Stats/learning_rate,1.904957025544718e-05,Pong1PQFM_XObs_entangled_trainable_rzz_QLayers_5___seed_1_1761468207
9244672,2-Training-Stats/learning_rate,1.894715205708053e-05,Pong1PQFM_XObs_entangled_trainable_rzz_QLayers_5___seed_1_1761468207
9248768,2-Training-Stats/learning_rate,1.8844735677703284e-05,Pong1PQFM_XObs_entangled_trainable_rzz_QLayers_5___seed_1_1761468207
9252864,2-Training-Stats/learning_rate,1.8742319298326038e-05,Pong1PQFM_XObs_entangled_trainable_rzz_QLayers_5___seed_1_1761468207
9256960,2-Training-Stats/learning_rate,1.863990109995939e-05,Pong1PQFM_XObs_entangled_trainable_rzz_QLayers_5___seed_1_1761468207
9261056,2-Training-Stats/learning_rate,1.8537484720582142e-05,Pong1PQFM_XObs_entangled_trainable_rzz_QLayers_5___seed_1_1761468207
9265152,2-Training-Stats/learning_rate,1.8435068341204897e-05,Pong1PQFM_XObs_entangled_trainable_rzz_QLayers_5___seed_1_1761468207
9269248,2-Training-Stats/learning_rate,1.8332650142838247e-05,Pong1PQFM_XObs_entangled_trainable_rzz_QLayers_5___seed_1_1761468207
9273344,2-Training-Stats/learning_rate,1.8230233763461e-05,Pong1PQFM_XObs_entangled_trainable_rzz_QLayers_5___seed_1_1761468207
9277440,2-Training-Stats/learning_rate,1.8127815565094352e-05,Pong1PQFM_XObs_entangled_trainable_rzz_QLayers_5___seed_1_1761468207
9281536,2-Training-Stats/learning_rate,1.8025399185717106e-05,Pong1PQFM_XObs_entangled_trainable_rzz_QLayers_5___seed_1_1761468207
9285632,2-Training-Stats/learning_rate,1.792298280633986e-05,Pong1PQFM_XObs_entangled_trainable_rzz_QLayers_5___seed_1_1761468207
9289728,2-Training-Stats/learning_rate,1.782056460797321e-05,Pong1PQFM_XObs_entangled_trainable_rzz_QLayers_5___seed_1_1761468207
9293824,2-Training-Stats/learning_rate,1.7718148228595965e-05,Pong1PQFM_XObs_entangled_trainable_rzz_QLayers_5___seed_1_1761468207
9297920,2-Training-Stats/learning_rate,1.761573184921872e-05,Pong1PQFM_XObs_entangled_trainable_rzz_QLayers_5___seed_1_1761468207
9302016,2-Training-Stats/learning_rate,1.751331365085207e-05,Pong1PQFM_XObs_entangled_trainable_rzz_QLayers_5___seed_1_1761468207
9306112,2-Training-Stats/learning_rate,1.7410897271474823e-05,Pong1PQFM_XObs_entangled_trainable_rzz_QLayers_5___seed_1_1761468207
9310208,2-Training-Stats/learning_rate,1.7308480892097577e-05,Pong1PQFM_XObs_entangled_trainable_rzz_QLayers_5___seed_1_1761468207
9314304,2-Training-Stats/learning_rate,1.7206062693730928e-05,Pong1PQFM_XObs_entangled_trainable_rzz_QLayers_5___seed_1_1761468207
9318400,2-Training-Stats/learning_rate,1.7103646314353682e-05,Pong1PQFM_XObs_entangled_trainable_rzz_QLayers_5___seed_1_1761468207
9322496,2-Training-Stats/learning_rate,1.7001228115987033e-05,Pong1PQFM_XObs_entangled_trainable_rzz_QLayers_5___seed_1_1761468207
9326592,2-Training-Stats/learning_rate,1.6898811736609787e-05,Pong1PQFM_XObs_entangled_trainable_rzz_QLayers_5___seed_1_1761468207
9330688,2-Training-Stats/learning_rate,1.679639535723254e-05,Pong1PQFM_XObs_entangled_trainable_rzz_QLayers_5___seed_1_1761468207
9334784,2-Training-Stats/learning_rate,1.669397715886589e-05,Pong1PQFM_XObs_entangled_trainable_rzz_QLayers_5___seed_1_1761468207
9338880,2-Training-Stats/learning_rate,1.6591560779488645e-05,Pong1PQFM_XObs_entangled_trainable_rzz_QLayers_5___seed_1_1761468207
9342976,2-Training-Stats/learning_rate,1.64891444001114e-05,Pong1PQFM_XObs_entangled_trainable_rzz_QLayers_5___seed_1_1761468207
9347072,2-Training-Stats/learning_rate,1.638672620174475e-05,Pong1PQFM_XObs_entangled_trainable_rzz_QLayers_5___seed_1_1761468207
9351168,2-Training-Stats/learning_rate,1.6284309822367504e-05,Pong1PQFM_XObs_entangled_trainable_rzz_QLayers_5___seed_1_1761468207
9355264,2-Training-Stats/learning_rate,1.618189344299026e-05,Pong1PQFM_XObs_entangled_trainable_rzz_QLayers_5___seed_1_1761468207
9359360,2-Training-Stats/learning_rate,1.607947524462361e-05,Pong1PQFM_XObs_entangled_trainable_rzz_QLayers_5___seed_1_1761468207
9363456,2-Training-Stats/learning_rate,1.5977058865246363e-05,Pong1PQFM_XObs_entangled_trainable_rzz_QLayers_5___seed_1_1761468207
9367552,2-Training-Stats/learning_rate,1.5874640666879714e-05,Pong1PQFM_XObs_entangled_trainable_rzz_QLayers_5___seed_1_1761468207
9371648,2-Training-Stats/learning_rate,1.5772224287502468e-05,Pong1PQFM_XObs_entangled_trainable_rzz_QLayers_5___seed_1_1761468207
9375744,2-Training-Stats/learning_rate,1.5669807908125222e-05,Pong1PQFM_XObs_entangled_trainable_rzz_QLayers_5___seed_1_1761468207
9379840,2-Training-Stats/learning_rate,1.5567389709758572e-05,Pong1PQFM_XObs_entangled_trainable_rzz_QLayers_5___seed_1_1761468207
9383936,2-Training-Stats/learning_rate,1.5464973330381326e-05,Pong1PQFM_XObs_entangled_trainable_rzz_QLayers_5___seed_1_1761468207
9388032,2-Training-Stats/learning_rate,1.536255695100408e-05,Pong1PQFM_XObs_entangled_trainable_rzz_QLayers_5___seed_1_1761468207
9392128,2-Training-Stats/learning_rate,1.526013875263743e-05,Pong1PQFM_XObs_entangled_trainable_rzz_QLayers_5___seed_1_1761468207
9396224,2-Training-Stats/learning_rate,1.5157722373260185e-05,Pong1PQFM_XObs_entangled_trainable_rzz_QLayers_5___seed_1_1761468207
9400320,2-Training-Stats/learning_rate,1.5055305084388237e-05,Pong1PQFM_XObs_entangled_trainable_rzz_QLayers_5___seed_1_1761468207
9404416,2-Training-Stats/learning_rate,1.495288779551629e-05,Pong1PQFM_XObs_entangled_trainable_rzz_QLayers_5___seed_1_1761468207
9408512,2-Training-Stats/learning_rate,1.4850471416139044e-05,Pong1PQFM_XObs_entangled_trainable_rzz_QLayers_5___seed_1_1761468207
9412608,2-Training-Stats/learning_rate,1.4748054127267096e-05,Pong1PQFM_XObs_entangled_trainable_rzz_QLayers_5___seed_1_1761468207
9416704,2-Training-Stats/learning_rate,1.4645636838395149e-05,Pong1PQFM_XObs_entangled_trainable_rzz_QLayers_5___seed_1_1761468207
9420800,2-Training-Stats/learning_rate,1.45432195495232e-05,Pong1PQFM_XObs_entangled_trainable_rzz_QLayers_5___seed_1_1761468207
9424896,2-Training-Stats/learning_rate,1.4440803170145955e-05,Pong1PQFM_XObs_entangled_trainable_rzz_QLayers_5___seed_1_1761468207
9428992,2-Training-Stats/learning_rate,1.4338385881274007e-05,Pong1PQFM_XObs_entangled_trainable_rzz_QLayers_5___seed_1_1761468207
9433088,2-Training-Stats/learning_rate,1.423596859240206e-05,Pong1PQFM_XObs_entangled_trainable_rzz_QLayers_5___seed_1_1761468207
9437184,2-Training-Stats/learning_rate,1.4133552213024814e-05,Pong1PQFM_XObs_entangled_trainable_rzz_QLayers_5___seed_1_1761468207
9441280,2-Training-Stats/learning_rate,1.4031134924152866e-05,Pong1PQFM_XObs_entangled_trainable_rzz_QLayers_5___seed_1_1761468207
9445376,2-Training-Stats/learning_rate,1.3928717635280918e-05,Pong1PQFM_XObs_entangled_trainable_rzz_QLayers_5___seed_1_1761468207
9449472,2-Training-Stats/learning_rate,1.382630034640897e-05,Pong1PQFM_XObs_entangled_trainable_rzz_QLayers_5___seed_1_1761468207
9453568,2-Training-Stats/learning_rate,1.3723883967031725e-05,Pong1PQFM_XObs_entangled_trainable_rzz_QLayers_5___seed_1_1761468207
9457664,2-Training-Stats/learning_rate,1.3621466678159777e-05,Pong1PQFM_XObs_entangled_trainable_rzz_QLayers_5___seed_1_1761468207
9461760,2-Training-Stats/learning_rate,1.351904938928783e-05,Pong1PQFM_XObs_entangled_trainable_rzz_QLayers_5___seed_1_1761468207
9465856,2-Training-Stats/learning_rate,1.3416632100415882e-05,Pong1PQFM_XObs_entangled_trainable_rzz_QLayers_5___seed_1_1761468207
9469952,2-Training-Stats/learning_rate,1.3314215721038636e-05,Pong1PQFM_XObs_entangled_trainable_rzz_QLayers_5___seed_1_1761468207
9474048,2-Training-Stats/learning_rate,1.3211798432166688e-05,Pong1PQFM_XObs_entangled_trainable_rzz_QLayers_5___seed_1_1761468207
9478144,2-Training-Stats/learning_rate,1.310938114329474e-05,Pong1PQFM_XObs_entangled_trainable_rzz_QLayers_5___seed_1_1761468207
9482240,2-Training-Stats/learning_rate,1.3006964763917495e-05,Pong1PQFM_XObs_entangled_trainable_rzz_QLayers_5___seed_1_1761468207
9486336,2-Training-Stats/learning_rate,1.2904547475045547e-05,Pong1PQFM_XObs_entangled_trainable_rzz_QLayers_5___seed_1_1761468207
9490432,2-Training-Stats/learning_rate,1.28021301861736e-05,Pong1PQFM_XObs_entangled_trainable_rzz_QLayers_5___seed_1_1761468207
9494528,2-Training-Stats/learning_rate,1.2699712897301652e-05,Pong1PQFM_XObs_entangled_trainable_rzz_QLayers_5___seed_1_1761468207
9498624,2-Training-Stats/learning_rate,1.2597296517924406e-05,Pong1PQFM_XObs_entangled_trainable_rzz_QLayers_5___seed_1_1761468207
9502720,2-Training-Stats/learning_rate,1.2494879229052458e-05,Pong1PQFM_XObs_entangled_trainable_rzz_QLayers_5___seed_1_1761468207
9506816,2-Training-Stats/learning_rate,1.239246194018051e-05,Pong1PQFM_XObs_entangled_trainable_rzz_QLayers_5___seed_1_1761468207
9510912,2-Training-Stats/learning_rate,1.2290044651308563e-05,Pong1PQFM_XObs_entangled_trainable_rzz_QLayers_5___seed_1_1761468207
9515008,2-Training-Stats/learning_rate,1.2187628271931317e-05,Pong1PQFM_XObs_entangled_trainable_rzz_QLayers_5___seed_1_1761468207
9519104,2-Training-Stats/learning_rate,1.2085210983059369e-05,Pong1PQFM_XObs_entangled_trainable_rzz_QLayers_5___seed_1_1761468207
9523200,2-Training-Stats/learning_rate,1.1982793694187421e-05,Pong1PQFM_XObs_entangled_trainable_rzz_QLayers_5___seed_1_1761468207
9527296,2-Training-Stats/learning_rate,1.1880377314810175e-05,Pong1PQFM_XObs_entangled_trainable_rzz_QLayers_5___seed_1_1761468207
9531392,2-Training-Stats/learning_rate,1.1777960025938228e-05,Pong1PQFM_XObs_entangled_trainable_rzz_QLayers_5___seed_1_1761468207
9535488,2-Training-Stats/learning_rate,1.167554273706628e-05,Pong1PQFM_XObs_entangled_trainable_rzz_QLayers_5___seed_1_1761468207
9539584,2-Training-Stats/learning_rate,1.1573125448194332e-05,Pong1PQFM_XObs_entangled_trainable_rzz_QLayers_5___seed_1_1761468207
9543680,2-Training-Stats/learning_rate,1.1470709068817087e-05,Pong1PQFM_XObs_entangled_trainable_rzz_QLayers_5___seed_1_1761468207
9547776,2-Training-Stats/learning_rate,1.1368291779945139e-05,Pong1PQFM_XObs_entangled_trainable_rzz_QLayers_5___seed_1_1761468207
9551872,2-Training-Stats/learning_rate,1.1265874491073191e-05,Pong1PQFM_XObs_entangled_trainable_rzz_QLayers_5___seed_1_1761468207
9555968,2-Training-Stats/learning_rate,1.1163457202201243e-05,Pong1PQFM_XObs_entangled_trainable_rzz_QLayers_5___seed_1_1761468207
9560064,2-Training-Stats/learning_rate,1.1061040822823998e-05,Pong1PQFM_XObs_entangled_trainable_rzz_QLayers_5___seed_1_1761468207
9564160,2-Training-Stats/learning_rate,1.095862353395205e-05,Pong1PQFM_XObs_entangled_trainable_rzz_QLayers_5___seed_1_1761468207
9568256,2-Training-Stats/learning_rate,1.0856206245080102e-05,Pong1PQFM_XObs_entangled_trainable_rzz_QLayers_5___seed_1_1761468207
9572352,2-Training-Stats/learning_rate,1.0753789865702856e-05,Pong1PQFM_XObs_entangled_trainable_rzz_QLayers_5___seed_1_1761468207
9576448,2-Training-Stats/learning_rate,1.0651372576830909e-05,Pong1PQFM_XObs_entangled_trainable_rzz_QLayers_5___seed_1_1761468207
9580544,2-Training-Stats/learning_rate,1.0548955287958961e-05,Pong1PQFM_XObs_entangled_trainable_rzz_QLayers_5___seed_1_1761468207
9584640,2-Training-Stats/learning_rate,1.0446537999087013e-05,Pong1PQFM_XObs_entangled_trainable_rzz_QLayers_5___seed_1_1761468207
9588736,2-Training-Stats/learning_rate,1.0344121619709767e-05,Pong1PQFM_XObs_entangled_trainable_rzz_QLayers_5___seed_1_1761468207
9592832,2-Training-Stats/learning_rate,1.024170433083782e-05,Pong1PQFM_XObs_entangled_trainable_rzz_QLayers_5___seed_1_1761468207
9596928,2-Training-Stats/learning_rate,1.0139287041965872e-05,Pong1PQFM_XObs_entangled_trainable_rzz_QLayers_5___seed_1_1761468207
9601024,2-Training-Stats/learning_rate,1.0036869753093924e-05,Pong1PQFM_XObs_entangled_trainable_rzz_QLayers_5___seed_1_1761468207
9605120,2-Training-Stats/learning_rate,9.934453373716678e-06,Pong1PQFM_XObs_entangled_trainable_rzz_QLayers_5___seed_1_1761468207
9609216,2-Training-Stats/learning_rate,9.83203608484473e-06,Pong1PQFM_XObs_entangled_trainable_rzz_QLayers_5___seed_1_1761468207
9613312,2-Training-Stats/learning_rate,9.729618795972783e-06,Pong1PQFM_XObs_entangled_trainable_rzz_QLayers_5___seed_1_1761468207
9617408,2-Training-Stats/learning_rate,9.627202416595537e-06,Pong1PQFM_XObs_entangled_trainable_rzz_QLayers_5___seed_1_1761468207
9621504,2-Training-Stats/learning_rate,9.52478512772359e-06,Pong1PQFM_XObs_entangled_trainable_rzz_QLayers_5___seed_1_1761468207
9625600,2-Training-Stats/learning_rate,9.422367838851642e-06,Pong1PQFM_XObs_entangled_trainable_rzz_QLayers_5___seed_1_1761468207
9629696,2-Training-Stats/learning_rate,9.319950549979694e-06,Pong1PQFM_XObs_entangled_trainable_rzz_QLayers_5___seed_1_1761468207
9633792,2-Training-Stats/learning_rate,9.217534170602448e-06,Pong1PQFM_XObs_entangled_trainable_rzz_QLayers_5___seed_1_1761468207
9637888,2-Training-Stats/learning_rate,9.1151168817305e-06,Pong1PQFM_XObs_entangled_trainable_rzz_QLayers_5___seed_1_1761468207
9641984,2-Training-Stats/learning_rate,9.012699592858553e-06,Pong1PQFM_XObs_entangled_trainable_rzz_QLayers_5___seed_1_1761468207
9646080,2-Training-Stats/learning_rate,8.910282303986605e-06,Pong1PQFM_XObs_entangled_trainable_rzz_QLayers_5___seed_1_1761468207
9650176,2-Training-Stats/learning_rate,8.80786592460936e-06,Pong1PQFM_XObs_entangled_trainable_rzz_QLayers_5___seed_1_1761468207
9654272,2-Training-Stats/learning_rate,8.705448635737412e-06,Pong1PQFM_XObs_entangled_trainable_rzz_QLayers_5___seed_1_1761468207
9658368,2-Training-Stats/learning_rate,8.603031346865464e-06,Pong1PQFM_XObs_entangled_trainable_rzz_QLayers_5___seed_1_1761468207
9662464,2-Training-Stats/learning_rate,8.500614057993516e-06,Pong1PQFM_XObs_entangled_trainable_rzz_QLayers_5___seed_1_1761468207
9666560,2-Training-Stats/learning_rate,8.39819767861627e-06,Pong1PQFM_XObs_entangled_trainable_rzz_QLayers_5___seed_1_1761468207
9670656,2-Training-Stats/learning_rate,8.295780389744323e-06,Pong1PQFM_XObs_entangled_trainable_rzz_QLayers_5___seed_1_1761468207
9674752,2-Training-Stats/learning_rate,8.193363100872375e-06,Pong1PQFM_XObs_entangled_trainable_rzz_QLayers_5___seed_1_1761468207
9678848,2-Training-Stats/learning_rate,8.09094672149513e-06,Pong1PQFM_XObs_entangled_trainable_rzz_QLayers_5___seed_1_1761468207
9682944,2-Training-Stats/learning_rate,7.988529432623181e-06,Pong1PQFM_XObs_entangled_trainable_rzz_QLayers_5___seed_1_1761468207
9687040,2-Training-Stats/learning_rate,7.886112143751234e-06,Pong1PQFM_XObs_entangled_trainable_rzz_QLayers_5___seed_1_1761468207
9691136,2-Training-Stats/learning_rate,7.783694854879286e-06,Pong1PQFM_XObs_entangled_trainable_rzz_QLayers_5___seed_1_1761468207
9695232,2-Training-Stats/learning_rate,7.68127847550204e-06,Pong1PQFM_XObs_entangled_trainable_rzz_QLayers_5___seed_1_1761468207
9699328,2-Training-Stats/learning_rate,7.5788611866300926e-06,Pong1PQFM_XObs_entangled_trainable_rzz_QLayers_5___seed_1_1761468207
9703424,2-Training-Stats/learning_rate,7.476443897758145e-06,Pong1PQFM_XObs_entangled_trainable_rzz_QLayers_5___seed_1_1761468207
9707520,2-Training-Stats/learning_rate,7.374027063633548e-06,Pong1PQFM_XObs_entangled_trainable_rzz_QLayers_5___seed_1_1761468207
9711616,2-Training-Stats/learning_rate,7.2716097747616e-06,Pong1PQFM_XObs_entangled_trainable_rzz_QLayers_5___seed_1_1761468207
9715712,2-Training-Stats/learning_rate,7.169192940637004e-06,Pong1PQFM_XObs_entangled_trainable_rzz_QLayers_5___seed_1_1761468207
9719808,2-Training-Stats/learning_rate,7.066776106512407e-06,Pong1PQFM_XObs_entangled_trainable_rzz_QLayers_5___seed_1_1761468207
9723904,2-Training-Stats/learning_rate,6.964358817640459e-06,Pong1PQFM_XObs_entangled_trainable_rzz_QLayers_5___seed_1_1761468207
9728000,2-Training-Stats/learning_rate,6.861941983515862e-06,Pong1PQFM_XObs_entangled_trainable_rzz_QLayers_5___seed_1_1761468207
9732096,2-Training-Stats/learning_rate,6.759524694643915e-06,Pong1PQFM_XObs_entangled_trainable_rzz_QLayers_5___seed_1_1761468207
9736192,2-Training-Stats/learning_rate,6.657107860519318e-06,Pong1PQFM_XObs_entangled_trainable_rzz_QLayers_5___seed_1_1761468207
9740288,2-Training-Stats/learning_rate,6.55469057164737e-06,Pong1PQFM_XObs_entangled_trainable_rzz_QLayers_5___seed_1_1761468207
9744384,2-Training-Stats/learning_rate,6.4522737375227734e-06,Pong1PQFM_XObs_entangled_trainable_rzz_QLayers_5___seed_1_1761468207
9748480,2-Training-Stats/learning_rate,6.349856448650826e-06,Pong1PQFM_XObs_entangled_trainable_rzz_QLayers_5___seed_1_1761468207
9752576,2-Training-Stats/learning_rate,6.247439614526229e-06,Pong1PQFM_XObs_entangled_trainable_rzz_QLayers_5___seed_1_1761468207
9756672,2-Training-Stats/learning_rate,6.145022325654281e-06,Pong1PQFM_XObs_entangled_trainable_rzz_QLayers_5___seed_1_1761468207
9760768,2-Training-Stats/learning_rate,6.0426054915296845e-06,Pong1PQFM_XObs_entangled_trainable_rzz_QLayers_5___seed_1_1761468207
9764864,2-Training-Stats/learning_rate,5.940188657405088e-06,Pong1PQFM_XObs_entangled_trainable_rzz_QLayers_5___seed_1_1761468207
9768960,2-Training-Stats/learning_rate,5.83777136853314e-06,Pong1PQFM_XObs_entangled_trainable_rzz_QLayers_5___seed_1_1761468207
9773056,2-Training-Stats/learning_rate,5.735354534408543e-06,Pong1PQFM_XObs_entangled_trainable_rzz_QLayers_5___seed_1_1761468207
9777152,2-Training-Stats/learning_rate,5.632937245536596e-06,Pong1PQFM_XObs_entangled_trainable_rzz_QLayers_5___seed_1_1761468207
9781248,2-Training-Stats/learning_rate,5.530520411411999e-06,Pong1PQFM_XObs_entangled_trainable_rzz_QLayers_5___seed_1_1761468207
9785344,2-Training-Stats/learning_rate,5.428103122540051e-06,Pong1PQFM_XObs_entangled_trainable_rzz_QLayers_5___seed_1_1761468207
9789440,2-Training-Stats/learning_rate,5.325686288415454e-06,Pong1PQFM_XObs_entangled_trainable_rzz_QLayers_5___seed_1_1761468207
9793536,2-Training-Stats/learning_rate,5.223268999543507e-06,Pong1PQFM_XObs_entangled_trainable_rzz_QLayers_5___seed_1_1761468207
9797632,2-Training-Stats/learning_rate,5.12085216541891e-06,Pong1PQFM_XObs_entangled_trainable_rzz_QLayers_5___seed_1_1761468207
9801728,2-Training-Stats/learning_rate,5.018434876546962e-06,Pong1PQFM_XObs_entangled_trainable_rzz_QLayers_5___seed_1_1761468207
9805824,2-Training-Stats/learning_rate,4.916018042422365e-06,Pong1PQFM_XObs_entangled_trainable_rzz_QLayers_5___seed_1_1761468207
9809920,2-Training-Stats/learning_rate,4.813601208297769e-06,Pong1PQFM_XObs_entangled_trainable_rzz_QLayers_5___seed_1_1761468207
9814016,2-Training-Stats/learning_rate,4.711183919425821e-06,Pong1PQFM_XObs_entangled_trainable_rzz_QLayers_5___seed_1_1761468207
9818112,2-Training-Stats/learning_rate,4.608767085301224e-06,Pong1PQFM_XObs_entangled_trainable_rzz_QLayers_5___seed_1_1761468207
9822208,2-Training-Stats/learning_rate,4.5063497964292765e-06,Pong1PQFM_XObs_entangled_trainable_rzz_QLayers_5___seed_1_1761468207
9826304,2-Training-Stats/learning_rate,4.40393296230468e-06,Pong1PQFM_XObs_entangled_trainable_rzz_QLayers_5___seed_1_1761468207
9830400,2-Training-Stats/learning_rate,4.301515673432732e-06,Pong1PQFM_XObs_entangled_trainable_rzz_QLayers_5___seed_1_1761468207
9834496,2-Training-Stats/learning_rate,4.199098839308135e-06,Pong1PQFM_XObs_entangled_trainable_rzz_QLayers_5___seed_1_1761468207
9838592,2-Training-Stats/learning_rate,4.0966815504361875e-06,Pong1PQFM_XObs_entangled_trainable_rzz_QLayers_5___seed_1_1761468207
9842688,2-Training-Stats/learning_rate,3.994264716311591e-06,Pong1PQFM_XObs_entangled_trainable_rzz_QLayers_5___seed_1_1761468207
9846784,2-Training-Stats/learning_rate,3.891847427439643e-06,Pong1PQFM_XObs_entangled_trainable_rzz_QLayers_5___seed_1_1761468207
9850880,2-Training-Stats/learning_rate,3.7894305933150463e-06,Pong1PQFM_XObs_entangled_trainable_rzz_QLayers_5___seed_1_1761468207
9854976,2-Training-Stats/learning_rate,3.687013531816774e-06,Pong1PQFM_XObs_entangled_trainable_rzz_QLayers_5___seed_1_1761468207
9859072,2-Training-Stats/learning_rate,3.584596470318502e-06,Pong1PQFM_XObs_entangled_trainable_rzz_QLayers_5___seed_1_1761468207
9863168,2-Training-Stats/learning_rate,3.4821794088202296e-06,Pong1PQFM_XObs_entangled_trainable_rzz_QLayers_5___seed_1_1761468207
9867264,2-Training-Stats/learning_rate,3.3797623473219573e-06,Pong1PQFM_XObs_entangled_trainable_rzz_QLayers_5___seed_1_1761468207
9871360,2-Training-Stats/learning_rate,3.277345285823685e-06,Pong1PQFM_XObs_entangled_trainable_rzz_QLayers_5___seed_1_1761468207
9875456,2-Training-Stats/learning_rate,3.174928224325413e-06,Pong1PQFM_XObs_entangled_trainable_rzz_QLayers_5___seed_1_1761468207
9879552,2-Training-Stats/learning_rate,3.0725111628271407e-06,Pong1PQFM_XObs_entangled_trainable_rzz_QLayers_5___seed_1_1761468207
9883648,2-Training-Stats/learning_rate,2.970094328702544e-06,Pong1PQFM_XObs_entangled_trainable_rzz_QLayers_5___seed_1_1761468207
9887744,2-Training-Stats/learning_rate,2.8676772672042716e-06,Pong1PQFM_XObs_entangled_trainable_rzz_QLayers_5___seed_1_1761468207
9891840,2-Training-Stats/learning_rate,2.7652602057059994e-06,Pong1PQFM_XObs_entangled_trainable_rzz_QLayers_5___seed_1_1761468207
9895936,2-Training-Stats/learning_rate,2.662843144207727e-06,Pong1PQFM_XObs_entangled_trainable_rzz_QLayers_5___seed_1_1761468207
9900032,2-Training-Stats/learning_rate,2.560426082709455e-06,Pong1PQFM_XObs_entangled_trainable_rzz_QLayers_5___seed_1_1761468207
9904128,2-Training-Stats/learning_rate,2.4580090212111827e-06,Pong1PQFM_XObs_entangled_trainable_rzz_QLayers_5___seed_1_1761468207
9908224,2-Training-Stats/learning_rate,2.3555919597129105e-06,Pong1PQFM_XObs_entangled_trainable_rzz_QLayers_5___seed_1_1761468207
9912320,2-Training-Stats/learning_rate,2.2531748982146382e-06,Pong1PQFM_XObs_entangled_trainable_rzz_QLayers_5___seed_1_1761468207
9916416,2-Training-Stats/learning_rate,2.150757836716366e-06,Pong1PQFM_XObs_entangled_trainable_rzz_QLayers_5___seed_1_1761468207
9920512,2-Training-Stats/learning_rate,2.0483407752180938e-06,Pong1PQFM_XObs_entangled_trainable_rzz_QLayers_5___seed_1_1761468207
9924608,2-Training-Stats/learning_rate,1.9459237137198215e-06,Pong1PQFM_XObs_entangled_trainable_rzz_QLayers_5___seed_1_1761468207
9928704,2-Training-Stats/learning_rate,1.843506765908387e-06,Pong1PQFM_XObs_entangled_trainable_rzz_QLayers_5___seed_1_1761468207
9932800,2-Training-Stats/learning_rate,1.7410897044101148e-06,Pong1PQFM_XObs_entangled_trainable_rzz_QLayers_5___seed_1_1761468207
9936896,2-Training-Stats/learning_rate,1.6386726429118426e-06,Pong1PQFM_XObs_entangled_trainable_rzz_QLayers_5___seed_1_1761468207
9940992,2-Training-Stats/learning_rate,1.5362555814135703e-06,Pong1PQFM_XObs_entangled_trainable_rzz_QLayers_5___seed_1_1761468207
9945088,2-Training-Stats/learning_rate,1.4338386336021358e-06,Pong1PQFM_XObs_entangled_trainable_rzz_QLayers_5___seed_1_1761468207
9949184,2-Training-Stats/learning_rate,1.3314215721038636e-06,Pong1PQFM_XObs_entangled_trainable_rzz_QLayers_5___seed_1_1761468207
9953280,2-Training-Stats/learning_rate,1.2290045106055913e-06,Pong1PQFM_XObs_entangled_trainable_rzz_QLayers_5___seed_1_1761468207
9957376,2-Training-Stats/learning_rate,1.1265874491073191e-06,Pong1PQFM_XObs_entangled_trainable_rzz_QLayers_5___seed_1_1761468207
9961472,2-Training-Stats/learning_rate,1.0241703876090469e-06,Pong1PQFM_XObs_entangled_trainable_rzz_QLayers_5___seed_1_1761468207
9965568,2-Training-Stats/learning_rate,9.217533829541935e-07,Pong1PQFM_XObs_entangled_trainable_rzz_QLayers_5___seed_1_1761468207
9969664,2-Training-Stats/learning_rate,8.193363214559213e-07,Pong1PQFM_XObs_entangled_trainable_rzz_QLayers_5___seed_1_1761468207
9973760,2-Training-Stats/learning_rate,7.169193168010679e-07,Pong1PQFM_XObs_entangled_trainable_rzz_QLayers_5___seed_1_1761468207
9977856,2-Training-Stats/learning_rate,6.145022553027957e-07,Pong1PQFM_XObs_entangled_trainable_rzz_QLayers_5___seed_1_1761468207
9981952,2-Training-Stats/learning_rate,5.120851938045234e-07,Pong1PQFM_XObs_entangled_trainable_rzz_QLayers_5___seed_1_1761468207
9986048,2-Training-Stats/learning_rate,4.0966816072796064e-07,Pong1PQFM_XObs_entangled_trainable_rzz_QLayers_5___seed_1_1761468207
9990144,2-Training-Stats/learning_rate,3.0725112765139784e-07,Pong1PQFM_XObs_entangled_trainable_rzz_QLayers_5___seed_1_1761468207
9994240,2-Training-Stats/learning_rate,2.0483408036398032e-07,Pong1PQFM_XObs_entangled_trainable_rzz_QLayers_5___seed_1_1761468207
9998336,2-Training-Stats/learning_rate,1.0241704018199016e-07,Pong1PQFM_XObs_entangled_trainable_rzz_QLayers_5___seed_1_1761468207
